"","Partition_ID","Treatment_ID","Replicate","Cumulative_time","Species_time","Species_order","Genotype","g","A","E","G","M","Resistance"
"1","1250","Ec_N",1,1,1,"Ec",1,0,0,0,0,0,0
"2","1250","Ec_N",1,2,2,"Ec",1,0,0,0,0,0,0
"3","1250","Ec_N",1,3,3,"Ec",17,0,0,0,0,1,0.14692246949649
"4","1250","Ec_N",1,4,4,"Ec",17,0,0,0,0,1,0.14692246949649
"5","1250","Ec_N",1,5,5,"Ec",17,0,0,0,0,1,0.14692246949649
"6","1250","Ec_N",1,6,6,"Ec",18,1,0,0,0,1,0.417540278780587
"7","1250","Ec_N",1,7,7,"Ec",18,1,0,0,0,1,0.417540278780587
"8","1250","Ec_N",1,8,8,"Ec",18,1,0,0,0,1,0.417540278780587
"9","1250","Ec_N",1,9,9,"Ec",18,1,0,0,0,1,0.417540278780587
"10","1250","Ec_N",1,10,10,"Ec",18,1,0,0,0,1,0.417540278780587
"11","1250","Ec_N",1,11,11,"Ec",18,1,0,0,0,1,0.417540278780587
"12","1250","Ec_N",1,12,12,"Ec",18,1,0,0,0,1,0.417540278780587
"13","1250","Ec_N",1,13,13,"Ec",18,1,0,0,0,1,0.417540278780587
"14","1250","Ec_N",1,14,14,"Ec",20,1,1,0,0,1,0.500190858195701
"15","1250","Ec_N",1,15,15,"Ec",20,1,1,0,0,1,0.500190858195701
"16","1250","Ec_N",1,16,16,"Ec",20,1,1,0,0,1,0.500190858195701
"17","1250","Ec_N",1,17,17,"Ec",20,1,1,0,0,1,0.500190858195701
"18","1250","Ec_N",1,18,18,"Ec",20,1,1,0,0,1,0.500190858195701
"19","1250","Ec_N",1,19,19,"Ec",20,1,1,0,0,1,0.500190858195701
"20","1250","Ec_N",1,20,20,"Ec",20,1,1,0,0,1,0.500190858195701
"21","1250","Ec_N",1,21,21,"Ec",20,1,1,0,0,1,0.500190858195701
"22","1250","Ec_N",1,22,22,"Ec",20,1,1,0,0,1,0.500190858195701
"23","1250","Ec_N",1,23,23,"Ec",20,1,1,0,0,1,0.500190858195701
"24","1250","Ec_N",1,24,24,"Ec",20,1,1,0,0,1,0.500190858195701
"25","1250","Ec_N",1,25,25,"Ec",20,1,1,0,0,1,0.500190858195701
"26","1250","Ec_N",1,26,26,"Ec",20,1,1,0,0,1,0.500190858195701
"27","1250","Ec_N",1,27,27,"Ec",20,1,1,0,0,1,0.500190858195701
"28","1250","Ec_N",1,28,28,"Ec",20,1,1,0,0,1,0.500190858195701
"29","1250","Ec_N",1,29,29,"Ec",20,1,1,0,0,1,0.500190858195701
"30","1250","Ec_N",1,30,30,"Ec",20,1,1,0,0,1,0.500190858195701
"31","1250","Ec_N",1,31,31,"Ec",20,1,1,0,0,1,0.500190858195701
"32","1250","Ec_N",1,32,32,"Ec",20,1,1,0,0,1,0.500190858195701
"33","1250","Ec_N",1,33,33,"Ec",20,1,1,0,0,1,0.500190858195701
"34","1250","Ec_N",1,34,34,"Ec",20,1,1,0,0,1,0.500190858195701
"35","1250","Ec_N",1,35,35,"Ec",20,1,1,0,0,1,0.500190858195701
"36","1250","Ec_N",1,36,36,"Ec",20,1,1,0,0,1,0.500190858195701
"37","1250","Ec_N",1,37,37,"Ec",20,1,1,0,0,1,0.500190858195701
"38","1250","Ec_N",1,38,38,"Ec",20,1,1,0,0,1,0.500190858195701
"39","1250","Ec_N",1,39,39,"Ec",20,1,1,0,0,1,0.500190858195701
"40","1250","Ec_N",1,40,40,"Ec",20,1,1,0,0,1,0.500190858195701
"41","1250","Ec_N",1,41,41,"Ec",20,1,1,0,0,1,0.500190858195701
"42","1250","Ec_N",1,42,42,"Ec",20,1,1,0,0,1,0.500190858195701
"43","1250","Ec_N",1,43,43,"Ec",20,1,1,0,0,1,0.500190858195701
"44","1250","Ec_N",1,44,44,"Ec",20,1,1,0,0,1,0.500190858195701
"45","1250","Ec_N",1,45,45,"Ec",20,1,1,0,0,1,0.500190858195701
"46","1250","Ec_N",1,46,46,"Ec",20,1,1,0,0,1,0.500190858195701
"47","1250","Ec_N",1,47,47,"Ec",20,1,1,0,0,1,0.500190858195701
"48","1250","Ec_N",1,48,48,"Ec",20,1,1,0,0,1,0.500190858195701
"49","1250","Ec_N",1,49,49,"Ec",20,1,1,0,0,1,0.500190858195701
"50","1250","Ec_N",1,50,50,"Ec",20,1,1,0,0,1,0.500190858195701
"51","1250","Ec_N",1,51,51,"Ec",20,1,1,0,0,1,0.500190858195701
"52","1250","Ec_N",1,52,52,"Ec",20,1,1,0,0,1,0.500190858195701
"53","1250","Ec_N",1,53,53,"Ec",20,1,1,0,0,1,0.500190858195701
"54","1250","Ec_N",1,54,54,"Ec",20,1,1,0,0,1,0.500190858195701
"55","1250","Ec_N",1,55,55,"Ec",20,1,1,0,0,1,0.500190858195701
"56","1250","Ec_N",1,56,56,"Ec",20,1,1,0,0,1,0.500190858195701
"57","1250","Ec_N",1,57,57,"Ec",20,1,1,0,0,1,0.500190858195701
"58","1250","Ec_N",1,58,58,"Ec",20,1,1,0,0,1,0.500190858195701
"59","1250","Ec_N",1,59,59,"Ec",20,1,1,0,0,1,0.500190858195701
"60","1250","Ec_N",1,60,60,"Ec",20,1,1,0,0,1,0.500190858195701
"61","1250","Ec_N",2,1,1,"Ec",1,0,0,0,0,0,0
"62","1250","Ec_N",2,2,2,"Ec",1,0,0,0,0,0,0
"63","1250","Ec_N",2,3,3,"Ec",1,0,0,0,0,0,0
"64","1250","Ec_N",2,4,4,"Ec",17,0,0,0,0,1,0.14692246949649
"65","1250","Ec_N",2,5,5,"Ec",17,0,0,0,0,1,0.14692246949649
"66","1250","Ec_N",2,6,6,"Ec",17,0,0,0,0,1,0.14692246949649
"67","1250","Ec_N",2,7,7,"Ec",17,0,0,0,0,1,0.14692246949649
"68","1250","Ec_N",2,8,8,"Ec",17,0,0,0,0,1,0.14692246949649
"69","1250","Ec_N",2,9,9,"Ec",25,0,0,0,1,1,0.464273274362394
"70","1250","Ec_N",2,10,10,"Ec",25,0,0,0,1,1,0.464273274362394
"71","1250","Ec_N",2,11,11,"Ec",25,0,0,0,1,1,0.464273274362394
"72","1250","Ec_N",2,12,12,"Ec",25,0,0,0,1,1,0.464273274362394
"73","1250","Ec_N",2,13,13,"Ec",25,0,0,0,1,1,0.464273274362394
"74","1250","Ec_N",2,14,14,"Ec",25,0,0,0,1,1,0.464273274362394
"75","1250","Ec_N",2,15,15,"Ec",27,0,1,0,1,1,0.50104458373578
"76","1250","Ec_N",2,16,16,"Ec",27,0,1,0,1,1,0.50104458373578
"77","1250","Ec_N",2,17,17,"Ec",27,0,1,0,1,1,0.50104458373578
"78","1250","Ec_N",2,18,18,"Ec",27,0,1,0,1,1,0.50104458373578
"79","1250","Ec_N",2,19,19,"Ec",27,0,1,0,1,1,0.50104458373578
"80","1250","Ec_N",2,20,20,"Ec",27,0,1,0,1,1,0.50104458373578
"81","1250","Ec_N",2,21,21,"Ec",27,0,1,0,1,1,0.50104458373578
"82","1250","Ec_N",2,22,22,"Ec",27,0,1,0,1,1,0.50104458373578
"83","1250","Ec_N",2,23,23,"Ec",27,0,1,0,1,1,0.50104458373578
"84","1250","Ec_N",2,24,24,"Ec",31,0,1,1,1,1,0.778987345540232
"85","1250","Ec_N",2,25,25,"Ec",31,0,1,1,1,1,0.778987345540232
"86","1250","Ec_N",2,26,26,"Ec",31,0,1,1,1,1,0.778987345540232
"87","1250","Ec_N",2,27,27,"Ec",31,0,1,1,1,1,0.778987345540232
"88","1250","Ec_N",2,28,28,"Ec",31,0,1,1,1,1,0.778987345540232
"89","1250","Ec_N",2,29,29,"Ec",31,0,1,1,1,1,0.778987345540232
"90","1250","Ec_N",2,30,30,"Ec",31,0,1,1,1,1,0.778987345540232
"91","1250","Ec_N",2,31,31,"Ec",31,0,1,1,1,1,0.778987345540232
"92","1250","Ec_N",2,32,32,"Ec",31,0,1,1,1,1,0.778987345540232
"93","1250","Ec_N",2,33,33,"Ec",31,0,1,1,1,1,0.778987345540232
"94","1250","Ec_N",2,34,34,"Ec",31,0,1,1,1,1,0.778987345540232
"95","1250","Ec_N",2,35,35,"Ec",31,0,1,1,1,1,0.778987345540232
"96","1250","Ec_N",2,36,36,"Ec",31,0,1,1,1,1,0.778987345540232
"97","1250","Ec_N",2,37,37,"Ec",32,1,1,1,1,1,1
"98","1250","Ec_N",2,38,38,"Ec",32,1,1,1,1,1,1
"99","1250","Ec_N",2,39,39,"Ec",32,1,1,1,1,1,1
"100","1250","Ec_N",2,40,40,"Ec",32,1,1,1,1,1,1
"101","1250","Ec_N",2,41,41,"Ec",32,1,1,1,1,1,1
"102","1250","Ec_N",2,42,42,"Ec",32,1,1,1,1,1,1
"103","1250","Ec_N",2,43,43,"Ec",32,1,1,1,1,1,1
"104","1250","Ec_N",2,44,44,"Ec",32,1,1,1,1,1,1
"105","1250","Ec_N",2,45,45,"Ec",32,1,1,1,1,1,1
"106","1250","Ec_N",2,46,46,"Ec",32,1,1,1,1,1,1
"107","1250","Ec_N",2,47,47,"Ec",32,1,1,1,1,1,1
"108","1250","Ec_N",2,48,48,"Ec",32,1,1,1,1,1,1
"109","1250","Ec_N",2,49,49,"Ec",32,1,1,1,1,1,1
"110","1250","Ec_N",2,50,50,"Ec",32,1,1,1,1,1,1
"111","1250","Ec_N",2,51,51,"Ec",32,1,1,1,1,1,1
"112","1250","Ec_N",2,52,52,"Ec",32,1,1,1,1,1,1
"113","1250","Ec_N",2,53,53,"Ec",32,1,1,1,1,1,1
"114","1250","Ec_N",2,54,54,"Ec",32,1,1,1,1,1,1
"115","1250","Ec_N",2,55,55,"Ec",32,1,1,1,1,1,1
"116","1250","Ec_N",2,56,56,"Ec",32,1,1,1,1,1,1
"117","1250","Ec_N",2,57,57,"Ec",32,1,1,1,1,1,1
"118","1250","Ec_N",2,58,58,"Ec",32,1,1,1,1,1,1
"119","1250","Ec_N",2,59,59,"Ec",32,1,1,1,1,1,1
"120","1250","Ec_N",2,60,60,"Ec",32,1,1,1,1,1,1
"121","1250","Ec_N",3,1,1,"Ec",1,0,0,0,0,0,0
"122","1250","Ec_N",3,2,2,"Ec",1,0,0,0,0,0,0
"123","1250","Ec_N",3,3,3,"Ec",1,0,0,0,0,0,0
"124","1250","Ec_N",3,4,4,"Ec",1,0,0,0,0,0,0
"125","1250","Ec_N",3,5,5,"Ec",1,0,0,0,0,0,0
"126","1250","Ec_N",3,6,6,"Ec",1,0,0,0,0,0,0
"127","1250","Ec_N",3,7,7,"Ec",1,0,0,0,0,0,0
"128","1250","Ec_N",3,8,8,"Ec",1,0,0,0,0,0,0
"129","1250","Ec_N",3,9,9,"Ec",1,0,0,0,0,0,0
"130","1250","Ec_N",3,10,10,"Ec",1,0,0,0,0,0,0
"131","1250","Ec_N",3,11,11,"Ec",3,0,1,0,0,0,0.082650579415114
"132","1250","Ec_N",3,12,12,"Ec",3,0,1,0,0,0,0.082650579415114
"133","1250","Ec_N",3,13,13,"Ec",3,0,1,0,0,0,0.082650579415114
"134","1250","Ec_N",3,14,14,"Ec",3,0,1,0,0,0,0.082650579415114
"135","1250","Ec_N",3,15,15,"Ec",3,0,1,0,0,0,0.082650579415114
"136","1250","Ec_N",3,16,16,"Ec",4,1,1,0,0,0,0.303663233874882
"137","1250","Ec_N",3,17,17,"Ec",12,1,1,0,1,0,0.552627762799163
"138","1250","Ec_N",3,18,18,"Ec",12,1,1,0,1,0,0.552627762799163
"139","1250","Ec_N",3,19,19,"Ec",12,1,1,0,1,0,0.552627762799163
"140","1250","Ec_N",3,20,20,"Ec",12,1,1,0,1,0,0.552627762799163
"141","1250","Ec_N",3,21,21,"Ec",12,1,1,0,1,0,0.552627762799163
"142","1250","Ec_N",3,22,22,"Ec",12,1,1,0,1,0,0.552627762799163
"143","1250","Ec_N",3,23,23,"Ec",12,1,1,0,1,0,0.552627762799163
"144","1250","Ec_N",3,24,24,"Ec",12,1,1,0,1,0,0.552627762799163
"145","1250","Ec_N",3,25,25,"Ec",12,1,1,0,1,0,0.552627762799163
"146","1250","Ec_N",3,26,26,"Ec",12,1,1,0,1,0,0.552627762799163
"147","1250","Ec_N",3,27,27,"Ec",12,1,1,0,1,0,0.552627762799163
"148","1250","Ec_N",3,28,28,"Ec",12,1,1,0,1,0,0.552627762799163
"149","1250","Ec_N",3,29,29,"Ec",12,1,1,0,1,0,0.552627762799163
"150","1250","Ec_N",3,30,30,"Ec",12,1,1,0,1,0,0.552627762799163
"151","1250","Ec_N",3,31,31,"Ec",12,1,1,0,1,0,0.552627762799163
"152","1250","Ec_N",3,32,32,"Ec",12,1,1,0,1,0,0.552627762799163
"153","1250","Ec_N",3,33,33,"Ec",12,1,1,0,1,0,0.552627762799163
"154","1250","Ec_N",3,34,34,"Ec",12,1,1,0,1,0,0.552627762799163
"155","1250","Ec_N",3,35,35,"Ec",12,1,1,0,1,0,0.552627762799163
"156","1250","Ec_N",3,36,36,"Ec",28,1,1,0,1,1,0.770762719311211
"157","1250","Ec_N",3,37,37,"Ec",28,1,1,0,1,1,0.770762719311211
"158","1250","Ec_N",3,38,38,"Ec",28,1,1,0,1,1,0.770762719311211
"159","1250","Ec_N",3,39,39,"Ec",28,1,1,0,1,1,0.770762719311211
"160","1250","Ec_N",3,40,40,"Ec",28,1,1,0,1,1,0.770762719311211
"161","1250","Ec_N",3,41,41,"Ec",28,1,1,0,1,1,0.770762719311211
"162","1250","Ec_N",3,42,42,"Ec",28,1,1,0,1,1,0.770762719311211
"163","1250","Ec_N",3,43,43,"Ec",28,1,1,0,1,1,0.770762719311211
"164","1250","Ec_N",3,44,44,"Ec",28,1,1,0,1,1,0.770762719311211
"165","1250","Ec_N",3,45,45,"Ec",28,1,1,0,1,1,0.770762719311211
"166","1250","Ec_N",3,46,46,"Ec",28,1,1,0,1,1,0.770762719311211
"167","1250","Ec_N",3,47,47,"Ec",28,1,1,0,1,1,0.770762719311211
"168","1250","Ec_N",3,48,48,"Ec",28,1,1,0,1,1,0.770762719311211
"169","1250","Ec_N",3,49,49,"Ec",28,1,1,0,1,1,0.770762719311211
"170","1250","Ec_N",3,50,50,"Ec",28,1,1,0,1,1,0.770762719311211
"171","1250","Ec_N",3,51,51,"Ec",28,1,1,0,1,1,0.770762719311211
"172","1250","Ec_N",3,52,52,"Ec",28,1,1,0,1,1,0.770762719311211
"173","1250","Ec_N",3,53,53,"Ec",28,1,1,0,1,1,0.770762719311211
"174","1250","Ec_N",3,54,54,"Ec",28,1,1,0,1,1,0.770762719311211
"175","1250","Ec_N",3,55,55,"Ec",28,1,1,0,1,1,0.770762719311211
"176","1250","Ec_N",3,56,56,"Ec",28,1,1,0,1,1,0.770762719311211
"177","1250","Ec_N",3,57,57,"Ec",28,1,1,0,1,1,0.770762719311211
"178","1250","Ec_N",3,58,58,"Ec",28,1,1,0,1,1,0.770762719311211
"179","1250","Ec_N",3,59,59,"Ec",28,1,1,0,1,1,0.770762719311211
"180","1250","Ec_N",3,60,60,"Ec",32,1,1,1,1,1,1
"181","1250","Ec_N",4,1,1,"Ec",1,0,0,0,0,0,0
"182","1250","Ec_N",4,2,2,"Ec",1,0,0,0,0,0,0
"183","1250","Ec_N",4,3,3,"Ec",2,1,0,0,0,0,0.221012654459768
"184","1250","Ec_N",4,4,4,"Ec",6,1,0,1,0,0,0.453076146222492
"185","1250","Ec_N",4,5,5,"Ec",6,1,0,1,0,0,0.453076146222492
"186","1250","Ec_N",4,6,6,"Ec",6,1,0,1,0,0,0.453076146222492
"187","1250","Ec_N",4,7,7,"Ec",6,1,0,1,0,0,0.453076146222492
"188","1250","Ec_N",4,8,8,"Ec",6,1,0,1,0,0,0.453076146222492
"189","1250","Ec_N",4,9,9,"Ec",6,1,0,1,0,0,0.453076146222492
"190","1250","Ec_N",4,10,10,"Ec",6,1,0,1,0,0,0.453076146222492
"191","1250","Ec_N",4,11,11,"Ec",6,1,0,1,0,0,0.453076146222492
"192","1250","Ec_N",4,12,12,"Ec",6,1,0,1,0,0,0.453076146222492
"193","1250","Ec_N",4,13,13,"Ec",6,1,0,1,0,0,0.453076146222492
"194","1250","Ec_N",4,14,14,"Ec",6,1,0,1,0,0,0.453076146222492
"195","1250","Ec_N",4,15,15,"Ec",6,1,0,1,0,0,0.453076146222492
"196","1250","Ec_N",4,16,16,"Ec",6,1,0,1,0,0,0.453076146222492
"197","1250","Ec_N",4,17,17,"Ec",6,1,0,1,0,0,0.453076146222492
"198","1250","Ec_N",4,18,18,"Ec",6,1,0,1,0,0,0.453076146222492
"199","1250","Ec_N",4,19,19,"Ec",14,1,0,1,1,0,0.720821796264067
"200","1250","Ec_N",4,20,20,"Ec",14,1,0,1,1,0,0.720821796264067
"201","1250","Ec_N",4,21,21,"Ec",14,1,0,1,1,0,0.720821796264067
"202","1250","Ec_N",4,22,22,"Ec",16,1,1,1,1,0,0.879284144928883
"203","1250","Ec_N",4,23,23,"Ec",16,1,1,1,1,0,0.879284144928883
"204","1250","Ec_N",4,24,24,"Ec",16,1,1,1,1,0,0.879284144928883
"205","1250","Ec_N",4,25,25,"Ec",16,1,1,1,1,0,0.879284144928883
"206","1250","Ec_N",4,26,26,"Ec",16,1,1,1,1,0,0.879284144928883
"207","1250","Ec_N",4,27,27,"Ec",16,1,1,1,1,0,0.879284144928883
"208","1250","Ec_N",4,28,28,"Ec",16,1,1,1,1,0,0.879284144928883
"209","1250","Ec_N",4,29,29,"Ec",16,1,1,1,1,0,0.879284144928883
"210","1250","Ec_N",4,30,30,"Ec",16,1,1,1,1,0,0.879284144928883
"211","1250","Ec_N",4,31,31,"Ec",16,1,1,1,1,0,0.879284144928883
"212","1250","Ec_N",4,32,32,"Ec",16,1,1,1,1,0,0.879284144928883
"213","1250","Ec_N",4,33,33,"Ec",16,1,1,1,1,0,0.879284144928883
"214","1250","Ec_N",4,34,34,"Ec",16,1,1,1,1,0,0.879284144928883
"215","1250","Ec_N",4,35,35,"Ec",32,1,1,1,1,1,1
"216","1250","Ec_N",4,36,36,"Ec",32,1,1,1,1,1,1
"217","1250","Ec_N",4,37,37,"Ec",32,1,1,1,1,1,1
"218","1250","Ec_N",4,38,38,"Ec",32,1,1,1,1,1,1
"219","1250","Ec_N",4,39,39,"Ec",32,1,1,1,1,1,1
"220","1250","Ec_N",4,40,40,"Ec",32,1,1,1,1,1,1
"221","1250","Ec_N",4,41,41,"Ec",32,1,1,1,1,1,1
"222","1250","Ec_N",4,42,42,"Ec",32,1,1,1,1,1,1
"223","1250","Ec_N",4,43,43,"Ec",32,1,1,1,1,1,1
"224","1250","Ec_N",4,44,44,"Ec",32,1,1,1,1,1,1
"225","1250","Ec_N",4,45,45,"Ec",32,1,1,1,1,1,1
"226","1250","Ec_N",4,46,46,"Ec",32,1,1,1,1,1,1
"227","1250","Ec_N",4,47,47,"Ec",32,1,1,1,1,1,1
"228","1250","Ec_N",4,48,48,"Ec",32,1,1,1,1,1,1
"229","1250","Ec_N",4,49,49,"Ec",32,1,1,1,1,1,1
"230","1250","Ec_N",4,50,50,"Ec",32,1,1,1,1,1,1
"231","1250","Ec_N",4,51,51,"Ec",32,1,1,1,1,1,1
"232","1250","Ec_N",4,52,52,"Ec",32,1,1,1,1,1,1
"233","1250","Ec_N",4,53,53,"Ec",32,1,1,1,1,1,1
"234","1250","Ec_N",4,54,54,"Ec",32,1,1,1,1,1,1
"235","1250","Ec_N",4,55,55,"Ec",32,1,1,1,1,1,1
"236","1250","Ec_N",4,56,56,"Ec",32,1,1,1,1,1,1
"237","1250","Ec_N",4,57,57,"Ec",32,1,1,1,1,1,1
"238","1250","Ec_N",4,58,58,"Ec",32,1,1,1,1,1,1
"239","1250","Ec_N",4,59,59,"Ec",32,1,1,1,1,1,1
"240","1250","Ec_N",4,60,60,"Ec",32,1,1,1,1,1,1
"241","1250","Ec_N",5,1,1,"Ec",1,0,0,0,0,0,0
"242","1250","Ec_N",5,2,2,"Ec",2,1,0,0,0,0,0.221012654459768
"243","1250","Ec_N",5,3,3,"Ec",2,1,0,0,0,0,0.221012654459768
"244","1250","Ec_N",5,4,4,"Ec",2,1,0,0,0,0,0.221012654459768
"245","1250","Ec_N",5,5,5,"Ec",2,1,0,0,0,0,0.221012654459768
"246","1250","Ec_N",5,6,6,"Ec",2,1,0,0,0,0,0.221012654459768
"247","1250","Ec_N",5,7,7,"Ec",2,1,0,0,0,0,0.221012654459768
"248","1250","Ec_N",5,8,8,"Ec",2,1,0,0,0,0,0.221012654459768
"249","1250","Ec_N",5,9,9,"Ec",2,1,0,0,0,0,0.221012654459768
"250","1250","Ec_N",5,10,10,"Ec",2,1,0,0,0,0,0.221012654459768
"251","1250","Ec_N",5,11,11,"Ec",18,1,0,0,0,1,0.417540278780587
"252","1250","Ec_N",5,12,12,"Ec",18,1,0,0,0,1,0.417540278780587
"253","1250","Ec_N",5,13,13,"Ec",18,1,0,0,0,1,0.417540278780587
"254","1250","Ec_N",5,14,14,"Ec",26,1,0,0,1,1,0.685285928822162
"255","1250","Ec_N",5,15,15,"Ec",26,1,0,0,1,1,0.685285928822162
"256","1250","Ec_N",5,16,16,"Ec",26,1,0,0,1,1,0.685285928822162
"257","1250","Ec_N",5,17,17,"Ec",26,1,0,0,1,1,0.685285928822162
"258","1250","Ec_N",5,18,18,"Ec",26,1,0,0,1,1,0.685285928822162
"259","1250","Ec_N",5,19,19,"Ec",26,1,0,0,1,1,0.685285928822162
"260","1250","Ec_N",5,20,20,"Ec",26,1,0,0,1,1,0.685285928822162
"261","1250","Ec_N",5,21,21,"Ec",26,1,0,0,1,1,0.685285928822162
"262","1250","Ec_N",5,22,22,"Ec",26,1,0,0,1,1,0.685285928822162
"263","1250","Ec_N",5,23,23,"Ec",26,1,0,0,1,1,0.685285928822162
"264","1250","Ec_N",5,24,24,"Ec",26,1,0,0,1,1,0.685285928822162
"265","1250","Ec_N",5,25,25,"Ec",28,1,1,0,1,1,0.770762719311211
"266","1250","Ec_N",5,26,26,"Ec",28,1,1,0,1,1,0.770762719311211
"267","1250","Ec_N",5,27,27,"Ec",28,1,1,0,1,1,0.770762719311211
"268","1250","Ec_N",5,28,28,"Ec",28,1,1,0,1,1,0.770762719311211
"269","1250","Ec_N",5,29,29,"Ec",28,1,1,0,1,1,0.770762719311211
"270","1250","Ec_N",5,30,30,"Ec",28,1,1,0,1,1,0.770762719311211
"271","1250","Ec_N",5,31,31,"Ec",28,1,1,0,1,1,0.770762719311211
"272","1250","Ec_N",5,32,32,"Ec",28,1,1,0,1,1,0.770762719311211
"273","1250","Ec_N",5,33,33,"Ec",28,1,1,0,1,1,0.770762719311211
"274","1250","Ec_N",5,34,34,"Ec",28,1,1,0,1,1,0.770762719311211
"275","1250","Ec_N",5,35,35,"Ec",28,1,1,0,1,1,0.770762719311211
"276","1250","Ec_N",5,36,36,"Ec",28,1,1,0,1,1,0.770762719311211
"277","1250","Ec_N",5,37,37,"Ec",28,1,1,0,1,1,0.770762719311211
"278","1250","Ec_N",5,38,38,"Ec",28,1,1,0,1,1,0.770762719311211
"279","1250","Ec_N",5,39,39,"Ec",28,1,1,0,1,1,0.770762719311211
"280","1250","Ec_N",5,40,40,"Ec",28,1,1,0,1,1,0.770762719311211
"281","1250","Ec_N",5,41,41,"Ec",28,1,1,0,1,1,0.770762719311211
"282","1250","Ec_N",5,42,42,"Ec",28,1,1,0,1,1,0.770762719311211
"283","1250","Ec_N",5,43,43,"Ec",28,1,1,0,1,1,0.770762719311211
"284","1250","Ec_N",5,44,44,"Ec",28,1,1,0,1,1,0.770762719311211
"285","1250","Ec_N",5,45,45,"Ec",28,1,1,0,1,1,0.770762719311211
"286","1250","Ec_N",5,46,46,"Ec",28,1,1,0,1,1,0.770762719311211
"287","1250","Ec_N",5,47,47,"Ec",28,1,1,0,1,1,0.770762719311211
"288","1250","Ec_N",5,48,48,"Ec",28,1,1,0,1,1,0.770762719311211
"289","1250","Ec_N",5,49,49,"Ec",28,1,1,0,1,1,0.770762719311211
"290","1250","Ec_N",5,50,50,"Ec",28,1,1,0,1,1,0.770762719311211
"291","1250","Ec_N",5,51,51,"Ec",28,1,1,0,1,1,0.770762719311211
"292","1250","Ec_N",5,52,52,"Ec",28,1,1,0,1,1,0.770762719311211
"293","1250","Ec_N",5,53,53,"Ec",28,1,1,0,1,1,0.770762719311211
"294","1250","Ec_N",5,54,54,"Ec",28,1,1,0,1,1,0.770762719311211
"295","1250","Ec_N",5,55,55,"Ec",28,1,1,0,1,1,0.770762719311211
"296","1250","Ec_N",5,56,56,"Ec",28,1,1,0,1,1,0.770762719311211
"297","1250","Ec_N",5,57,57,"Ec",28,1,1,0,1,1,0.770762719311211
"298","1250","Ec_N",5,58,58,"Ec",28,1,1,0,1,1,0.770762719311211
"299","1250","Ec_N",5,59,59,"Ec",28,1,1,0,1,1,0.770762719311211
"300","1250","Ec_N",5,60,60,"Ec",32,1,1,1,1,1,1
"301","1250","Ec_N",6,1,1,"Ec",1,0,0,0,0,0,0
"302","1250","Ec_N",6,2,2,"Ec",1,0,0,0,0,0,0
"303","1250","Ec_N",6,3,3,"Ec",1,0,0,0,0,0,0
"304","1250","Ec_N",6,4,4,"Ec",9,0,0,0,1,0,0.267745650041575
"305","1250","Ec_N",6,5,5,"Ec",9,0,0,0,1,0,0.267745650041575
"306","1250","Ec_N",6,6,6,"Ec",9,0,0,0,1,0,0.267745650041575
"307","1250","Ec_N",6,7,7,"Ec",25,0,0,0,1,1,0.464273274362394
"308","1250","Ec_N",6,8,8,"Ec",29,0,0,1,1,1,0.696336766125118
"309","1250","Ec_N",6,9,9,"Ec",29,0,0,1,1,1,0.696336766125118
"310","1250","Ec_N",6,10,10,"Ec",29,0,0,1,1,1,0.696336766125118
"311","1250","Ec_N",6,11,11,"Ec",29,0,0,1,1,1,0.696336766125118
"312","1250","Ec_N",6,12,12,"Ec",29,0,0,1,1,1,0.696336766125118
"313","1250","Ec_N",6,13,13,"Ec",29,0,0,1,1,1,0.696336766125118
"314","1250","Ec_N",6,14,14,"Ec",29,0,0,1,1,1,0.696336766125118
"315","1250","Ec_N",6,15,15,"Ec",29,0,0,1,1,1,0.696336766125118
"316","1250","Ec_N",6,16,16,"Ec",29,0,0,1,1,1,0.696336766125118
"317","1250","Ec_N",6,17,17,"Ec",29,0,0,1,1,1,0.696336766125118
"318","1250","Ec_N",6,18,18,"Ec",29,0,0,1,1,1,0.696336766125118
"319","1250","Ec_N",6,19,19,"Ec",29,0,0,1,1,1,0.696336766125118
"320","1250","Ec_N",6,20,20,"Ec",29,0,0,1,1,1,0.696336766125118
"321","1250","Ec_N",6,21,21,"Ec",29,0,0,1,1,1,0.696336766125118
"322","1250","Ec_N",6,22,22,"Ec",29,0,0,1,1,1,0.696336766125118
"323","1250","Ec_N",6,23,23,"Ec",29,0,0,1,1,1,0.696336766125118
"324","1250","Ec_N",6,24,24,"Ec",29,0,0,1,1,1,0.696336766125118
"325","1250","Ec_N",6,25,25,"Ec",29,0,0,1,1,1,0.696336766125118
"326","1250","Ec_N",6,26,26,"Ec",29,0,0,1,1,1,0.696336766125118
"327","1250","Ec_N",6,27,27,"Ec",29,0,0,1,1,1,0.696336766125118
"328","1250","Ec_N",6,28,28,"Ec",29,0,0,1,1,1,0.696336766125118
"329","1250","Ec_N",6,29,29,"Ec",29,0,0,1,1,1,0.696336766125118
"330","1250","Ec_N",6,30,30,"Ec",29,0,0,1,1,1,0.696336766125118
"331","1250","Ec_N",6,31,31,"Ec",29,0,0,1,1,1,0.696336766125118
"332","1250","Ec_N",6,32,32,"Ec",29,0,0,1,1,1,0.696336766125118
"333","1250","Ec_N",6,33,33,"Ec",31,0,1,1,1,1,0.778987345540232
"334","1250","Ec_N",6,34,34,"Ec",31,0,1,1,1,1,0.778987345540232
"335","1250","Ec_N",6,35,35,"Ec",31,0,1,1,1,1,0.778987345540232
"336","1250","Ec_N",6,36,36,"Ec",31,0,1,1,1,1,0.778987345540232
"337","1250","Ec_N",6,37,37,"Ec",31,0,1,1,1,1,0.778987345540232
"338","1250","Ec_N",6,38,38,"Ec",31,0,1,1,1,1,0.778987345540232
"339","1250","Ec_N",6,39,39,"Ec",32,1,1,1,1,1,1
"340","1250","Ec_N",6,40,40,"Ec",32,1,1,1,1,1,1
"341","1250","Ec_N",6,41,41,"Ec",32,1,1,1,1,1,1
"342","1250","Ec_N",6,42,42,"Ec",32,1,1,1,1,1,1
"343","1250","Ec_N",6,43,43,"Ec",32,1,1,1,1,1,1
"344","1250","Ec_N",6,44,44,"Ec",32,1,1,1,1,1,1
"345","1250","Ec_N",6,45,45,"Ec",32,1,1,1,1,1,1
"346","1250","Ec_N",6,46,46,"Ec",32,1,1,1,1,1,1
"347","1250","Ec_N",6,47,47,"Ec",32,1,1,1,1,1,1
"348","1250","Ec_N",6,48,48,"Ec",32,1,1,1,1,1,1
"349","1250","Ec_N",6,49,49,"Ec",32,1,1,1,1,1,1
"350","1250","Ec_N",6,50,50,"Ec",32,1,1,1,1,1,1
"351","1250","Ec_N",6,51,51,"Ec",32,1,1,1,1,1,1
"352","1250","Ec_N",6,52,52,"Ec",32,1,1,1,1,1,1
"353","1250","Ec_N",6,53,53,"Ec",32,1,1,1,1,1,1
"354","1250","Ec_N",6,54,54,"Ec",32,1,1,1,1,1,1
"355","1250","Ec_N",6,55,55,"Ec",32,1,1,1,1,1,1
"356","1250","Ec_N",6,56,56,"Ec",32,1,1,1,1,1,1
"357","1250","Ec_N",6,57,57,"Ec",32,1,1,1,1,1,1
"358","1250","Ec_N",6,58,58,"Ec",32,1,1,1,1,1,1
"359","1250","Ec_N",6,59,59,"Ec",32,1,1,1,1,1,1
"360","1250","Ec_N",6,60,60,"Ec",32,1,1,1,1,1,1
"361","1250","Ec_N",7,1,1,"Ec",1,0,0,0,0,0,0
"362","1250","Ec_N",7,2,2,"Ec",2,1,0,0,0,0,0.221012654459768
"363","1250","Ec_N",7,3,3,"Ec",2,1,0,0,0,0,0.221012654459768
"364","1250","Ec_N",7,4,4,"Ec",2,1,0,0,0,0,0.221012654459768
"365","1250","Ec_N",7,5,5,"Ec",2,1,0,0,0,0,0.221012654459768
"366","1250","Ec_N",7,6,6,"Ec",2,1,0,0,0,0,0.221012654459768
"367","1250","Ec_N",7,7,7,"Ec",2,1,0,0,0,0,0.221012654459768
"368","1250","Ec_N",7,8,8,"Ec",2,1,0,0,0,0,0.221012654459768
"369","1250","Ec_N",7,9,9,"Ec",2,1,0,0,0,0,0.221012654459768
"370","1250","Ec_N",7,10,10,"Ec",2,1,0,0,0,0,0.221012654459768
"371","1250","Ec_N",7,11,11,"Ec",10,1,0,0,1,0,0.488758304501343
"372","1250","Ec_N",7,12,12,"Ec",10,1,0,0,1,0,0.488758304501343
"373","1250","Ec_N",7,13,13,"Ec",10,1,0,0,1,0,0.488758304501343
"374","1250","Ec_N",7,14,14,"Ec",10,1,0,0,1,0,0.488758304501343
"375","1250","Ec_N",7,15,15,"Ec",14,1,0,1,1,0,0.720821796264067
"376","1250","Ec_N",7,16,16,"Ec",14,1,0,1,1,0,0.720821796264067
"377","1250","Ec_N",7,17,17,"Ec",14,1,0,1,1,0,0.720821796264067
"378","1250","Ec_N",7,18,18,"Ec",14,1,0,1,1,0,0.720821796264067
"379","1250","Ec_N",7,19,19,"Ec",14,1,0,1,1,0,0.720821796264067
"380","1250","Ec_N",7,20,20,"Ec",14,1,0,1,1,0,0.720821796264067
"381","1250","Ec_N",7,21,21,"Ec",30,1,0,1,1,1,0.981696467924213
"382","1250","Ec_N",7,22,22,"Ec",30,1,0,1,1,1,0.981696467924213
"383","1250","Ec_N",7,23,23,"Ec",30,1,0,1,1,1,0.981696467924213
"384","1250","Ec_N",7,24,24,"Ec",30,1,0,1,1,1,0.981696467924213
"385","1250","Ec_N",7,25,25,"Ec",30,1,0,1,1,1,0.981696467924213
"386","1250","Ec_N",7,26,26,"Ec",30,1,0,1,1,1,0.981696467924213
"387","1250","Ec_N",7,27,27,"Ec",30,1,0,1,1,1,0.981696467924213
"388","1250","Ec_N",7,28,28,"Ec",30,1,0,1,1,1,0.981696467924213
"389","1250","Ec_N",7,29,29,"Ec",30,1,0,1,1,1,0.981696467924213
"390","1250","Ec_N",7,30,30,"Ec",30,1,0,1,1,1,0.981696467924213
"391","1250","Ec_N",7,31,31,"Ec",30,1,0,1,1,1,0.981696467924213
"392","1250","Ec_N",7,32,32,"Ec",30,1,0,1,1,1,0.981696467924213
"393","1250","Ec_N",7,33,33,"Ec",30,1,0,1,1,1,0.981696467924213
"394","1250","Ec_N",7,34,34,"Ec",30,1,0,1,1,1,0.981696467924213
"395","1250","Ec_N",7,35,35,"Ec",30,1,0,1,1,1,0.981696467924213
"396","1250","Ec_N",7,36,36,"Ec",30,1,0,1,1,1,0.981696467924213
"397","1250","Ec_N",7,37,37,"Ec",30,1,0,1,1,1,0.981696467924213
"398","1250","Ec_N",7,38,38,"Ec",32,1,1,1,1,1,1
"399","1250","Ec_N",7,39,39,"Ec",32,1,1,1,1,1,1
"400","1250","Ec_N",7,40,40,"Ec",32,1,1,1,1,1,1
"401","1250","Ec_N",7,41,41,"Ec",32,1,1,1,1,1,1
"402","1250","Ec_N",7,42,42,"Ec",32,1,1,1,1,1,1
"403","1250","Ec_N",7,43,43,"Ec",32,1,1,1,1,1,1
"404","1250","Ec_N",7,44,44,"Ec",32,1,1,1,1,1,1
"405","1250","Ec_N",7,45,45,"Ec",32,1,1,1,1,1,1
"406","1250","Ec_N",7,46,46,"Ec",32,1,1,1,1,1,1
"407","1250","Ec_N",7,47,47,"Ec",32,1,1,1,1,1,1
"408","1250","Ec_N",7,48,48,"Ec",32,1,1,1,1,1,1
"409","1250","Ec_N",7,49,49,"Ec",32,1,1,1,1,1,1
"410","1250","Ec_N",7,50,50,"Ec",32,1,1,1,1,1,1
"411","1250","Ec_N",7,51,51,"Ec",32,1,1,1,1,1,1
"412","1250","Ec_N",7,52,52,"Ec",32,1,1,1,1,1,1
"413","1250","Ec_N",7,53,53,"Ec",32,1,1,1,1,1,1
"414","1250","Ec_N",7,54,54,"Ec",32,1,1,1,1,1,1
"415","1250","Ec_N",7,55,55,"Ec",32,1,1,1,1,1,1
"416","1250","Ec_N",7,56,56,"Ec",32,1,1,1,1,1,1
"417","1250","Ec_N",7,57,57,"Ec",32,1,1,1,1,1,1
"418","1250","Ec_N",7,58,58,"Ec",32,1,1,1,1,1,1
"419","1250","Ec_N",7,59,59,"Ec",32,1,1,1,1,1,1
"420","1250","Ec_N",7,60,60,"Ec",32,1,1,1,1,1,1
"421","1250","Ec_N",8,1,1,"Ec",1,0,0,0,0,0,0
"422","1250","Ec_N",8,2,2,"Ec",1,0,0,0,0,0,0
"423","1250","Ec_N",8,3,3,"Ec",1,0,0,0,0,0,0
"424","1250","Ec_N",8,4,4,"Ec",5,0,0,1,0,0,0.232063491762724
"425","1250","Ec_N",8,5,5,"Ec",7,0,1,1,0,0,0.314714071177838
"426","1250","Ec_N",8,6,6,"Ec",7,0,1,1,0,0,0.314714071177838
"427","1250","Ec_N",8,7,7,"Ec",7,0,1,1,0,0,0.314714071177838
"428","1250","Ec_N",8,8,8,"Ec",7,0,1,1,0,0,0.314714071177838
"429","1250","Ec_N",8,9,9,"Ec",7,0,1,1,0,0,0.314714071177838
"430","1250","Ec_N",8,10,10,"Ec",7,0,1,1,0,0,0.314714071177838
"431","1250","Ec_N",8,11,11,"Ec",7,0,1,1,0,0,0.314714071177838
"432","1250","Ec_N",8,12,12,"Ec",7,0,1,1,0,0,0.314714071177838
"433","1250","Ec_N",8,13,13,"Ec",7,0,1,1,0,0,0.314714071177838
"434","1250","Ec_N",8,14,14,"Ec",7,0,1,1,0,0,0.314714071177838
"435","1250","Ec_N",8,15,15,"Ec",7,0,1,1,0,0,0.314714071177838
"436","1250","Ec_N",8,16,16,"Ec",7,0,1,1,0,0,0.314714071177838
"437","1250","Ec_N",8,17,17,"Ec",7,0,1,1,0,0,0.314714071177838
"438","1250","Ec_N",8,18,18,"Ec",7,0,1,1,0,0,0.314714071177838
"439","1250","Ec_N",8,19,19,"Ec",15,0,1,1,1,0,0.582459721219413
"440","1250","Ec_N",8,20,20,"Ec",15,0,1,1,1,0,0.582459721219413
"441","1250","Ec_N",8,21,21,"Ec",15,0,1,1,1,0,0.582459721219413
"442","1250","Ec_N",8,22,22,"Ec",15,0,1,1,1,0,0.582459721219413
"443","1250","Ec_N",8,23,23,"Ec",15,0,1,1,1,0,0.582459721219413
"444","1250","Ec_N",8,24,24,"Ec",15,0,1,1,1,0,0.582459721219413
"445","1250","Ec_N",8,25,25,"Ec",15,0,1,1,1,0,0.582459721219413
"446","1250","Ec_N",8,26,26,"Ec",15,0,1,1,1,0,0.582459721219413
"447","1250","Ec_N",8,27,27,"Ec",15,0,1,1,1,0,0.582459721219413
"448","1250","Ec_N",8,28,28,"Ec",15,0,1,1,1,0,0.582459721219413
"449","1250","Ec_N",8,29,29,"Ec",15,0,1,1,1,0,0.582459721219413
"450","1250","Ec_N",8,30,30,"Ec",15,0,1,1,1,0,0.582459721219413
"451","1250","Ec_N",8,31,31,"Ec",15,0,1,1,1,0,0.582459721219413
"452","1250","Ec_N",8,32,32,"Ec",15,0,1,1,1,0,0.582459721219413
"453","1250","Ec_N",8,33,33,"Ec",15,0,1,1,1,0,0.582459721219413
"454","1250","Ec_N",8,34,34,"Ec",15,0,1,1,1,0,0.582459721219413
"455","1250","Ec_N",8,35,35,"Ec",15,0,1,1,1,0,0.582459721219413
"456","1250","Ec_N",8,36,36,"Ec",15,0,1,1,1,0,0.582459721219413
"457","1250","Ec_N",8,37,37,"Ec",16,1,1,1,1,0,0.879284144928883
"458","1250","Ec_N",8,38,38,"Ec",16,1,1,1,1,0,0.879284144928883
"459","1250","Ec_N",8,39,39,"Ec",16,1,1,1,1,0,0.879284144928883
"460","1250","Ec_N",8,40,40,"Ec",16,1,1,1,1,0,0.879284144928883
"461","1250","Ec_N",8,41,41,"Ec",16,1,1,1,1,0,0.879284144928883
"462","1250","Ec_N",8,42,42,"Ec",16,1,1,1,1,0,0.879284144928883
"463","1250","Ec_N",8,43,43,"Ec",16,1,1,1,1,0,0.879284144928883
"464","1250","Ec_N",8,44,44,"Ec",16,1,1,1,1,0,0.879284144928883
"465","1250","Ec_N",8,45,45,"Ec",16,1,1,1,1,0,0.879284144928883
"466","1250","Ec_N",8,46,46,"Ec",16,1,1,1,1,0,0.879284144928883
"467","1250","Ec_N",8,47,47,"Ec",32,1,1,1,1,1,1
"468","1250","Ec_N",8,48,48,"Ec",32,1,1,1,1,1,1
"469","1250","Ec_N",8,49,49,"Ec",32,1,1,1,1,1,1
"470","1250","Ec_N",8,50,50,"Ec",32,1,1,1,1,1,1
"471","1250","Ec_N",8,51,51,"Ec",32,1,1,1,1,1,1
"472","1250","Ec_N",8,52,52,"Ec",32,1,1,1,1,1,1
"473","1250","Ec_N",8,53,53,"Ec",32,1,1,1,1,1,1
"474","1250","Ec_N",8,54,54,"Ec",32,1,1,1,1,1,1
"475","1250","Ec_N",8,55,55,"Ec",32,1,1,1,1,1,1
"476","1250","Ec_N",8,56,56,"Ec",32,1,1,1,1,1,1
"477","1250","Ec_N",8,57,57,"Ec",32,1,1,1,1,1,1
"478","1250","Ec_N",8,58,58,"Ec",32,1,1,1,1,1,1
"479","1250","Ec_N",8,59,59,"Ec",32,1,1,1,1,1,1
"480","1250","Ec_N",8,60,60,"Ec",32,1,1,1,1,1,1
"481","1250","Ec_N",9,1,1,"Ec",1,0,0,0,0,0,0
"482","1250","Ec_N",9,2,2,"Ec",1,0,0,0,0,0,0
"483","1250","Ec_N",9,3,3,"Ec",17,0,0,0,0,1,0.14692246949649
"484","1250","Ec_N",9,4,4,"Ec",17,0,0,0,0,1,0.14692246949649
"485","1250","Ec_N",9,5,5,"Ec",17,0,0,0,0,1,0.14692246949649
"486","1250","Ec_N",9,6,6,"Ec",17,0,0,0,0,1,0.14692246949649
"487","1250","Ec_N",9,7,7,"Ec",17,0,0,0,0,1,0.14692246949649
"488","1250","Ec_N",9,8,8,"Ec",17,0,0,0,0,1,0.14692246949649
"489","1250","Ec_N",9,9,9,"Ec",25,0,0,0,1,1,0.464273274362394
"490","1250","Ec_N",9,10,10,"Ec",25,0,0,0,1,1,0.464273274362394
"491","1250","Ec_N",9,11,11,"Ec",25,0,0,0,1,1,0.464273274362394
"492","1250","Ec_N",9,12,12,"Ec",25,0,0,0,1,1,0.464273274362394
"493","1250","Ec_N",9,13,13,"Ec",25,0,0,0,1,1,0.464273274362394
"494","1250","Ec_N",9,14,14,"Ec",25,0,0,0,1,1,0.464273274362394
"495","1250","Ec_N",9,15,15,"Ec",25,0,0,0,1,1,0.464273274362394
"496","1250","Ec_N",9,16,16,"Ec",25,0,0,0,1,1,0.464273274362394
"497","1250","Ec_N",9,17,17,"Ec",25,0,0,0,1,1,0.464273274362394
"498","1250","Ec_N",9,18,18,"Ec",25,0,0,0,1,1,0.464273274362394
"499","1250","Ec_N",9,19,19,"Ec",25,0,0,0,1,1,0.464273274362394
"500","1250","Ec_N",9,20,20,"Ec",25,0,0,0,1,1,0.464273274362394
"501","1250","Ec_N",9,21,21,"Ec",25,0,0,0,1,1,0.464273274362394
"502","1250","Ec_N",9,22,22,"Ec",25,0,0,0,1,1,0.464273274362394
"503","1250","Ec_N",9,23,23,"Ec",25,0,0,0,1,1,0.464273274362394
"504","1250","Ec_N",9,24,24,"Ec",25,0,0,0,1,1,0.464273274362394
"505","1250","Ec_N",9,25,25,"Ec",25,0,0,0,1,1,0.464273274362394
"506","1250","Ec_N",9,26,26,"Ec",25,0,0,0,1,1,0.464273274362394
"507","1250","Ec_N",9,27,27,"Ec",25,0,0,0,1,1,0.464273274362394
"508","1250","Ec_N",9,28,28,"Ec",25,0,0,0,1,1,0.464273274362394
"509","1250","Ec_N",9,29,29,"Ec",27,0,1,0,1,1,0.50104458373578
"510","1250","Ec_N",9,30,30,"Ec",27,0,1,0,1,1,0.50104458373578
"511","1250","Ec_N",9,31,31,"Ec",27,0,1,0,1,1,0.50104458373578
"512","1250","Ec_N",9,32,32,"Ec",27,0,1,0,1,1,0.50104458373578
"513","1250","Ec_N",9,33,33,"Ec",27,0,1,0,1,1,0.50104458373578
"514","1250","Ec_N",9,34,34,"Ec",27,0,1,0,1,1,0.50104458373578
"515","1250","Ec_N",9,35,35,"Ec",27,0,1,0,1,1,0.50104458373578
"516","1250","Ec_N",9,36,36,"Ec",27,0,1,0,1,1,0.50104458373578
"517","1250","Ec_N",9,37,37,"Ec",28,1,1,0,1,1,0.770762719311211
"518","1250","Ec_N",9,38,38,"Ec",28,1,1,0,1,1,0.770762719311211
"519","1250","Ec_N",9,39,39,"Ec",28,1,1,0,1,1,0.770762719311211
"520","1250","Ec_N",9,40,40,"Ec",28,1,1,0,1,1,0.770762719311211
"521","1250","Ec_N",9,41,41,"Ec",28,1,1,0,1,1,0.770762719311211
"522","1250","Ec_N",9,42,42,"Ec",28,1,1,0,1,1,0.770762719311211
"523","1250","Ec_N",9,43,43,"Ec",28,1,1,0,1,1,0.770762719311211
"524","1250","Ec_N",9,44,44,"Ec",28,1,1,0,1,1,0.770762719311211
"525","1250","Ec_N",9,45,45,"Ec",28,1,1,0,1,1,0.770762719311211
"526","1250","Ec_N",9,46,46,"Ec",28,1,1,0,1,1,0.770762719311211
"527","1250","Ec_N",9,47,47,"Ec",28,1,1,0,1,1,0.770762719311211
"528","1250","Ec_N",9,48,48,"Ec",28,1,1,0,1,1,0.770762719311211
"529","1250","Ec_N",9,49,49,"Ec",28,1,1,0,1,1,0.770762719311211
"530","1250","Ec_N",9,50,50,"Ec",28,1,1,0,1,1,0.770762719311211
"531","1250","Ec_N",9,51,51,"Ec",28,1,1,0,1,1,0.770762719311211
"532","1250","Ec_N",9,52,52,"Ec",28,1,1,0,1,1,0.770762719311211
"533","1250","Ec_N",9,53,53,"Ec",28,1,1,0,1,1,0.770762719311211
"534","1250","Ec_N",9,54,54,"Ec",28,1,1,0,1,1,0.770762719311211
"535","1250","Ec_N",9,55,55,"Ec",28,1,1,0,1,1,0.770762719311211
"536","1250","Ec_N",9,56,56,"Ec",28,1,1,0,1,1,0.770762719311211
"537","1250","Ec_N",9,57,57,"Ec",28,1,1,0,1,1,0.770762719311211
"538","1250","Ec_N",9,58,58,"Ec",28,1,1,0,1,1,0.770762719311211
"539","1250","Ec_N",9,59,59,"Ec",28,1,1,0,1,1,0.770762719311211
"540","1250","Ec_N",9,60,60,"Ec",28,1,1,0,1,1,0.770762719311211
"541","1250","Ec_N",10,1,1,"Ec",1,0,0,0,0,0,0
"542","1250","Ec_N",10,2,2,"Ec",1,0,0,0,0,0,0
"543","1250","Ec_N",10,3,3,"Ec",1,0,0,0,0,0,0
"544","1250","Ec_N",10,4,4,"Ec",2,1,0,0,0,0,0.221012654459768
"545","1250","Ec_N",10,5,5,"Ec",2,1,0,0,0,0,0.221012654459768
"546","1250","Ec_N",10,6,6,"Ec",6,1,0,1,0,0,0.453076146222492
"547","1250","Ec_N",10,7,7,"Ec",6,1,0,1,0,0,0.453076146222492
"548","1250","Ec_N",10,8,8,"Ec",6,1,0,1,0,0,0.453076146222492
"549","1250","Ec_N",10,9,9,"Ec",6,1,0,1,0,0,0.453076146222492
"550","1250","Ec_N",10,10,10,"Ec",6,1,0,1,0,0,0.453076146222492
"551","1250","Ec_N",10,11,11,"Ec",6,1,0,1,0,0,0.453076146222492
"552","1250","Ec_N",10,12,12,"Ec",6,1,0,1,0,0,0.453076146222492
"553","1250","Ec_N",10,13,13,"Ec",6,1,0,1,0,0,0.453076146222492
"554","1250","Ec_N",10,14,14,"Ec",6,1,0,1,0,0,0.453076146222492
"555","1250","Ec_N",10,15,15,"Ec",6,1,0,1,0,0,0.453076146222492
"556","1250","Ec_N",10,16,16,"Ec",6,1,0,1,0,0,0.453076146222492
"557","1250","Ec_N",10,17,17,"Ec",6,1,0,1,0,0,0.453076146222492
"558","1250","Ec_N",10,18,18,"Ec",14,1,0,1,1,0,0.720821796264067
"559","1250","Ec_N",10,19,19,"Ec",14,1,0,1,1,0,0.720821796264067
"560","1250","Ec_N",10,20,20,"Ec",14,1,0,1,1,0,0.720821796264067
"561","1250","Ec_N",10,21,21,"Ec",14,1,0,1,1,0,0.720821796264067
"562","1250","Ec_N",10,22,22,"Ec",30,1,0,1,1,1,0.981696467924213
"563","1250","Ec_N",10,23,23,"Ec",30,1,0,1,1,1,0.981696467924213
"564","1250","Ec_N",10,24,24,"Ec",30,1,0,1,1,1,0.981696467924213
"565","1250","Ec_N",10,25,25,"Ec",32,1,1,1,1,1,1
"566","1250","Ec_N",10,26,26,"Ec",32,1,1,1,1,1,1
"567","1250","Ec_N",10,27,27,"Ec",32,1,1,1,1,1,1
"568","1250","Ec_N",10,28,28,"Ec",32,1,1,1,1,1,1
"569","1250","Ec_N",10,29,29,"Ec",32,1,1,1,1,1,1
"570","1250","Ec_N",10,30,30,"Ec",32,1,1,1,1,1,1
"571","1250","Ec_N",10,31,31,"Ec",32,1,1,1,1,1,1
"572","1250","Ec_N",10,32,32,"Ec",32,1,1,1,1,1,1
"573","1250","Ec_N",10,33,33,"Ec",32,1,1,1,1,1,1
"574","1250","Ec_N",10,34,34,"Ec",32,1,1,1,1,1,1
"575","1250","Ec_N",10,35,35,"Ec",32,1,1,1,1,1,1
"576","1250","Ec_N",10,36,36,"Ec",32,1,1,1,1,1,1
"577","1250","Ec_N",10,37,37,"Ec",32,1,1,1,1,1,1
"578","1250","Ec_N",10,38,38,"Ec",32,1,1,1,1,1,1
"579","1250","Ec_N",10,39,39,"Ec",32,1,1,1,1,1,1
"580","1250","Ec_N",10,40,40,"Ec",32,1,1,1,1,1,1
"581","1250","Ec_N",10,41,41,"Ec",32,1,1,1,1,1,1
"582","1250","Ec_N",10,42,42,"Ec",32,1,1,1,1,1,1
"583","1250","Ec_N",10,43,43,"Ec",32,1,1,1,1,1,1
"584","1250","Ec_N",10,44,44,"Ec",32,1,1,1,1,1,1
"585","1250","Ec_N",10,45,45,"Ec",32,1,1,1,1,1,1
"586","1250","Ec_N",10,46,46,"Ec",32,1,1,1,1,1,1
"587","1250","Ec_N",10,47,47,"Ec",32,1,1,1,1,1,1
"588","1250","Ec_N",10,48,48,"Ec",32,1,1,1,1,1,1
"589","1250","Ec_N",10,49,49,"Ec",32,1,1,1,1,1,1
"590","1250","Ec_N",10,50,50,"Ec",32,1,1,1,1,1,1
"591","1250","Ec_N",10,51,51,"Ec",32,1,1,1,1,1,1
"592","1250","Ec_N",10,52,52,"Ec",32,1,1,1,1,1,1
"593","1250","Ec_N",10,53,53,"Ec",32,1,1,1,1,1,1
"594","1250","Ec_N",10,54,54,"Ec",32,1,1,1,1,1,1
"595","1250","Ec_N",10,55,55,"Ec",32,1,1,1,1,1,1
"596","1250","Ec_N",10,56,56,"Ec",32,1,1,1,1,1,1
"597","1250","Ec_N",10,57,57,"Ec",32,1,1,1,1,1,1
"598","1250","Ec_N",10,58,58,"Ec",32,1,1,1,1,1,1
"599","1250","Ec_N",10,59,59,"Ec",32,1,1,1,1,1,1
"600","1250","Ec_N",10,60,60,"Ec",32,1,1,1,1,1,1
"601","1250","Ec_N",11,1,1,"Ec",1,0,0,0,0,0,0
"602","1250","Ec_N",11,2,2,"Ec",1,0,0,0,0,0,0
"603","1250","Ec_N",11,3,3,"Ec",17,0,0,0,0,1,0.14692246949649
"604","1250","Ec_N",11,4,4,"Ec",17,0,0,0,0,1,0.14692246949649
"605","1250","Ec_N",11,5,5,"Ec",17,0,0,0,0,1,0.14692246949649
"606","1250","Ec_N",11,6,6,"Ec",17,0,0,0,0,1,0.14692246949649
"607","1250","Ec_N",11,7,7,"Ec",17,0,0,0,0,1,0.14692246949649
"608","1250","Ec_N",11,8,8,"Ec",17,0,0,0,0,1,0.14692246949649
"609","1250","Ec_N",11,9,9,"Ec",17,0,0,0,0,1,0.14692246949649
"610","1250","Ec_N",11,10,10,"Ec",17,0,0,0,0,1,0.14692246949649
"611","1250","Ec_N",11,11,11,"Ec",21,0,0,1,0,1,0.428591116083543
"612","1250","Ec_N",11,12,12,"Ec",21,0,0,1,0,1,0.428591116083543
"613","1250","Ec_N",11,13,13,"Ec",21,0,0,1,0,1,0.428591116083543
"614","1250","Ec_N",11,14,14,"Ec",29,0,0,1,1,1,0.696336766125118
"615","1250","Ec_N",11,15,15,"Ec",29,0,0,1,1,1,0.696336766125118
"616","1250","Ec_N",11,16,16,"Ec",29,0,0,1,1,1,0.696336766125118
"617","1250","Ec_N",11,17,17,"Ec",29,0,0,1,1,1,0.696336766125118
"618","1250","Ec_N",11,18,18,"Ec",29,0,0,1,1,1,0.696336766125118
"619","1250","Ec_N",11,19,19,"Ec",29,0,0,1,1,1,0.696336766125118
"620","1250","Ec_N",11,20,20,"Ec",29,0,0,1,1,1,0.696336766125118
"621","1250","Ec_N",11,21,21,"Ec",29,0,0,1,1,1,0.696336766125118
"622","1250","Ec_N",11,22,22,"Ec",29,0,0,1,1,1,0.696336766125118
"623","1250","Ec_N",11,23,23,"Ec",29,0,0,1,1,1,0.696336766125118
"624","1250","Ec_N",11,24,24,"Ec",30,1,0,1,1,1,0.981696467924213
"625","1250","Ec_N",11,25,25,"Ec",30,1,0,1,1,1,0.981696467924213
"626","1250","Ec_N",11,26,26,"Ec",32,1,1,1,1,1,1
"627","1250","Ec_N",11,27,27,"Ec",32,1,1,1,1,1,1
"628","1250","Ec_N",11,28,28,"Ec",32,1,1,1,1,1,1
"629","1250","Ec_N",11,29,29,"Ec",32,1,1,1,1,1,1
"630","1250","Ec_N",11,30,30,"Ec",32,1,1,1,1,1,1
"631","1250","Ec_N",11,31,31,"Ec",32,1,1,1,1,1,1
"632","1250","Ec_N",11,32,32,"Ec",32,1,1,1,1,1,1
"633","1250","Ec_N",11,33,33,"Ec",32,1,1,1,1,1,1
"634","1250","Ec_N",11,34,34,"Ec",32,1,1,1,1,1,1
"635","1250","Ec_N",11,35,35,"Ec",32,1,1,1,1,1,1
"636","1250","Ec_N",11,36,36,"Ec",32,1,1,1,1,1,1
"637","1250","Ec_N",11,37,37,"Ec",32,1,1,1,1,1,1
"638","1250","Ec_N",11,38,38,"Ec",32,1,1,1,1,1,1
"639","1250","Ec_N",11,39,39,"Ec",32,1,1,1,1,1,1
"640","1250","Ec_N",11,40,40,"Ec",32,1,1,1,1,1,1
"641","1250","Ec_N",11,41,41,"Ec",32,1,1,1,1,1,1
"642","1250","Ec_N",11,42,42,"Ec",32,1,1,1,1,1,1
"643","1250","Ec_N",11,43,43,"Ec",32,1,1,1,1,1,1
"644","1250","Ec_N",11,44,44,"Ec",32,1,1,1,1,1,1
"645","1250","Ec_N",11,45,45,"Ec",32,1,1,1,1,1,1
"646","1250","Ec_N",11,46,46,"Ec",32,1,1,1,1,1,1
"647","1250","Ec_N",11,47,47,"Ec",32,1,1,1,1,1,1
"648","1250","Ec_N",11,48,48,"Ec",32,1,1,1,1,1,1
"649","1250","Ec_N",11,49,49,"Ec",32,1,1,1,1,1,1
"650","1250","Ec_N",11,50,50,"Ec",32,1,1,1,1,1,1
"651","1250","Ec_N",11,51,51,"Ec",32,1,1,1,1,1,1
"652","1250","Ec_N",11,52,52,"Ec",32,1,1,1,1,1,1
"653","1250","Ec_N",11,53,53,"Ec",32,1,1,1,1,1,1
"654","1250","Ec_N",11,54,54,"Ec",32,1,1,1,1,1,1
"655","1250","Ec_N",11,55,55,"Ec",32,1,1,1,1,1,1
"656","1250","Ec_N",11,56,56,"Ec",32,1,1,1,1,1,1
"657","1250","Ec_N",11,57,57,"Ec",32,1,1,1,1,1,1
"658","1250","Ec_N",11,58,58,"Ec",32,1,1,1,1,1,1
"659","1250","Ec_N",11,59,59,"Ec",32,1,1,1,1,1,1
"660","1250","Ec_N",11,60,60,"Ec",32,1,1,1,1,1,1
"661","1250","Ec_N",12,1,1,"Ec",1,0,0,0,0,0,0
"662","1250","Ec_N",12,2,2,"Ec",1,0,0,0,0,0,0
"663","1250","Ec_N",12,3,3,"Ec",1,0,0,0,0,0,0
"664","1250","Ec_N",12,4,4,"Ec",1,0,0,0,0,0,0
"665","1250","Ec_N",12,5,5,"Ec",1,0,0,0,0,0,0
"666","1250","Ec_N",12,6,6,"Ec",1,0,0,0,0,0,0
"667","1250","Ec_N",12,7,7,"Ec",1,0,0,0,0,0,0
"668","1250","Ec_N",12,8,8,"Ec",1,0,0,0,0,0,0
"669","1250","Ec_N",12,9,9,"Ec",1,0,0,0,0,0,0
"670","1250","Ec_N",12,10,10,"Ec",1,0,0,0,0,0,0
"671","1250","Ec_N",12,11,11,"Ec",1,0,0,0,0,0,0
"672","1250","Ec_N",12,12,12,"Ec",1,0,0,0,0,0,0
"673","1250","Ec_N",12,13,13,"Ec",1,0,0,0,0,0,0
"674","1250","Ec_N",12,14,14,"Ec",1,0,0,0,0,0,0
"675","1250","Ec_N",12,15,15,"Ec",1,0,0,0,0,0,0
"676","1250","Ec_N",12,16,16,"Ec",1,0,0,0,0,0,0
"677","1250","Ec_N",12,17,17,"Ec",1,0,0,0,0,0,0
"678","1250","Ec_N",12,18,18,"Ec",1,0,0,0,0,0,0
"679","1250","Ec_N",12,19,19,"Ec",5,0,0,1,0,0,0.232063491762724
"680","1250","Ec_N",12,20,20,"Ec",5,0,0,1,0,0,0.232063491762724
"681","1250","Ec_N",12,21,21,"Ec",5,0,0,1,0,0,0.232063491762724
"682","1250","Ec_N",12,22,22,"Ec",5,0,0,1,0,0,0.232063491762724
"683","1250","Ec_N",12,23,23,"Ec",6,1,0,1,0,0,0.453076146222492
"684","1250","Ec_N",12,24,24,"Ec",6,1,0,1,0,0,0.453076146222492
"685","1250","Ec_N",12,25,25,"Ec",6,1,0,1,0,0,0.453076146222492
"686","1250","Ec_N",12,26,26,"Ec",6,1,0,1,0,0,0.453076146222492
"687","1250","Ec_N",12,27,27,"Ec",6,1,0,1,0,0,0.453076146222492
"688","1250","Ec_N",12,28,28,"Ec",6,1,0,1,0,0,0.453076146222492
"689","1250","Ec_N",12,29,29,"Ec",14,1,0,1,1,0,0.720821796264067
"690","1250","Ec_N",12,30,30,"Ec",14,1,0,1,1,0,0.720821796264067
"691","1250","Ec_N",12,31,31,"Ec",14,1,0,1,1,0,0.720821796264067
"692","1250","Ec_N",12,32,32,"Ec",14,1,0,1,1,0,0.720821796264067
"693","1250","Ec_N",12,33,33,"Ec",30,1,0,1,1,1,0.981696467924213
"694","1250","Ec_N",12,34,34,"Ec",30,1,0,1,1,1,0.981696467924213
"695","1250","Ec_N",12,35,35,"Ec",32,1,1,1,1,1,1
"696","1250","Ec_N",12,36,36,"Ec",32,1,1,1,1,1,1
"697","1250","Ec_N",12,37,37,"Ec",32,1,1,1,1,1,1
"698","1250","Ec_N",12,38,38,"Ec",32,1,1,1,1,1,1
"699","1250","Ec_N",12,39,39,"Ec",32,1,1,1,1,1,1
"700","1250","Ec_N",12,40,40,"Ec",32,1,1,1,1,1,1
"701","1250","Ec_N",12,41,41,"Ec",32,1,1,1,1,1,1
"702","1250","Ec_N",12,42,42,"Ec",32,1,1,1,1,1,1
"703","1250","Ec_N",12,43,43,"Ec",32,1,1,1,1,1,1
"704","1250","Ec_N",12,44,44,"Ec",32,1,1,1,1,1,1
"705","1250","Ec_N",12,45,45,"Ec",32,1,1,1,1,1,1
"706","1250","Ec_N",12,46,46,"Ec",32,1,1,1,1,1,1
"707","1250","Ec_N",12,47,47,"Ec",32,1,1,1,1,1,1
"708","1250","Ec_N",12,48,48,"Ec",32,1,1,1,1,1,1
"709","1250","Ec_N",12,49,49,"Ec",32,1,1,1,1,1,1
"710","1250","Ec_N",12,50,50,"Ec",32,1,1,1,1,1,1
"711","1250","Ec_N",12,51,51,"Ec",32,1,1,1,1,1,1
"712","1250","Ec_N",12,52,52,"Ec",32,1,1,1,1,1,1
"713","1250","Ec_N",12,53,53,"Ec",32,1,1,1,1,1,1
"714","1250","Ec_N",12,54,54,"Ec",32,1,1,1,1,1,1
"715","1250","Ec_N",12,55,55,"Ec",32,1,1,1,1,1,1
"716","1250","Ec_N",12,56,56,"Ec",32,1,1,1,1,1,1
"717","1250","Ec_N",12,57,57,"Ec",32,1,1,1,1,1,1
"718","1250","Ec_N",12,58,58,"Ec",32,1,1,1,1,1,1
"719","1250","Ec_N",12,59,59,"Ec",32,1,1,1,1,1,1
"720","1250","Ec_N",12,60,60,"Ec",32,1,1,1,1,1,1
"721","1250","Ec_N",13,1,1,"Ec",1,0,0,0,0,0,0
"722","1250","Ec_N",13,2,2,"Ec",9,0,0,0,1,0,0.267745650041575
"723","1250","Ec_N",13,3,3,"Ec",25,0,0,0,1,1,0.464273274362394
"724","1250","Ec_N",13,4,4,"Ec",25,0,0,0,1,1,0.464273274362394
"725","1250","Ec_N",13,5,5,"Ec",25,0,0,0,1,1,0.464273274362394
"726","1250","Ec_N",13,6,6,"Ec",25,0,0,0,1,1,0.464273274362394
"727","1250","Ec_N",13,7,7,"Ec",25,0,0,0,1,1,0.464273274362394
"728","1250","Ec_N",13,8,8,"Ec",25,0,0,0,1,1,0.464273274362394
"729","1250","Ec_N",13,9,9,"Ec",25,0,0,0,1,1,0.464273274362394
"730","1250","Ec_N",13,10,10,"Ec",25,0,0,0,1,1,0.464273274362394
"731","1250","Ec_N",13,11,11,"Ec",25,0,0,0,1,1,0.464273274362394
"732","1250","Ec_N",13,12,12,"Ec",25,0,0,0,1,1,0.464273274362394
"733","1250","Ec_N",13,13,13,"Ec",25,0,0,0,1,1,0.464273274362394
"734","1250","Ec_N",13,14,14,"Ec",29,0,0,1,1,1,0.696336766125118
"735","1250","Ec_N",13,15,15,"Ec",29,0,0,1,1,1,0.696336766125118
"736","1250","Ec_N",13,16,16,"Ec",29,0,0,1,1,1,0.696336766125118
"737","1250","Ec_N",13,17,17,"Ec",29,0,0,1,1,1,0.696336766125118
"738","1250","Ec_N",13,18,18,"Ec",29,0,0,1,1,1,0.696336766125118
"739","1250","Ec_N",13,19,19,"Ec",29,0,0,1,1,1,0.696336766125118
"740","1250","Ec_N",13,20,20,"Ec",29,0,0,1,1,1,0.696336766125118
"741","1250","Ec_N",13,21,21,"Ec",29,0,0,1,1,1,0.696336766125118
"742","1250","Ec_N",13,22,22,"Ec",29,0,0,1,1,1,0.696336766125118
"743","1250","Ec_N",13,23,23,"Ec",29,0,0,1,1,1,0.696336766125118
"744","1250","Ec_N",13,24,24,"Ec",29,0,0,1,1,1,0.696336766125118
"745","1250","Ec_N",13,25,25,"Ec",29,0,0,1,1,1,0.696336766125118
"746","1250","Ec_N",13,26,26,"Ec",29,0,0,1,1,1,0.696336766125118
"747","1250","Ec_N",13,27,27,"Ec",30,1,0,1,1,1,0.981696467924213
"748","1250","Ec_N",13,28,28,"Ec",30,1,0,1,1,1,0.981696467924213
"749","1250","Ec_N",13,29,29,"Ec",30,1,0,1,1,1,0.981696467924213
"750","1250","Ec_N",13,30,30,"Ec",30,1,0,1,1,1,0.981696467924213
"751","1250","Ec_N",13,31,31,"Ec",30,1,0,1,1,1,0.981696467924213
"752","1250","Ec_N",13,32,32,"Ec",30,1,0,1,1,1,0.981696467924213
"753","1250","Ec_N",13,33,33,"Ec",30,1,0,1,1,1,0.981696467924213
"754","1250","Ec_N",13,34,34,"Ec",30,1,0,1,1,1,0.981696467924213
"755","1250","Ec_N",13,35,35,"Ec",30,1,0,1,1,1,0.981696467924213
"756","1250","Ec_N",13,36,36,"Ec",30,1,0,1,1,1,0.981696467924213
"757","1250","Ec_N",13,37,37,"Ec",30,1,0,1,1,1,0.981696467924213
"758","1250","Ec_N",13,38,38,"Ec",30,1,0,1,1,1,0.981696467924213
"759","1250","Ec_N",13,39,39,"Ec",30,1,0,1,1,1,0.981696467924213
"760","1250","Ec_N",13,40,40,"Ec",30,1,0,1,1,1,0.981696467924213
"761","1250","Ec_N",13,41,41,"Ec",30,1,0,1,1,1,0.981696467924213
"762","1250","Ec_N",13,42,42,"Ec",30,1,0,1,1,1,0.981696467924213
"763","1250","Ec_N",13,43,43,"Ec",30,1,0,1,1,1,0.981696467924213
"764","1250","Ec_N",13,44,44,"Ec",30,1,0,1,1,1,0.981696467924213
"765","1250","Ec_N",13,45,45,"Ec",30,1,0,1,1,1,0.981696467924213
"766","1250","Ec_N",13,46,46,"Ec",30,1,0,1,1,1,0.981696467924213
"767","1250","Ec_N",13,47,47,"Ec",30,1,0,1,1,1,0.981696467924213
"768","1250","Ec_N",13,48,48,"Ec",30,1,0,1,1,1,0.981696467924213
"769","1250","Ec_N",13,49,49,"Ec",32,1,1,1,1,1,1
"770","1250","Ec_N",13,50,50,"Ec",32,1,1,1,1,1,1
"771","1250","Ec_N",13,51,51,"Ec",32,1,1,1,1,1,1
"772","1250","Ec_N",13,52,52,"Ec",32,1,1,1,1,1,1
"773","1250","Ec_N",13,53,53,"Ec",32,1,1,1,1,1,1
"774","1250","Ec_N",13,54,54,"Ec",32,1,1,1,1,1,1
"775","1250","Ec_N",13,55,55,"Ec",32,1,1,1,1,1,1
"776","1250","Ec_N",13,56,56,"Ec",32,1,1,1,1,1,1
"777","1250","Ec_N",13,57,57,"Ec",32,1,1,1,1,1,1
"778","1250","Ec_N",13,58,58,"Ec",32,1,1,1,1,1,1
"779","1250","Ec_N",13,59,59,"Ec",32,1,1,1,1,1,1
"780","1250","Ec_N",13,60,60,"Ec",32,1,1,1,1,1,1
"781","1250","Ec_N",14,1,1,"Ec",1,0,0,0,0,0,0
"782","1250","Ec_N",14,2,2,"Ec",1,0,0,0,0,0,0
"783","1250","Ec_N",14,3,3,"Ec",1,0,0,0,0,0,0
"784","1250","Ec_N",14,4,4,"Ec",5,0,0,1,0,0,0.232063491762724
"785","1250","Ec_N",14,5,5,"Ec",5,0,0,1,0,0,0.232063491762724
"786","1250","Ec_N",14,6,6,"Ec",5,0,0,1,0,0,0.232063491762724
"787","1250","Ec_N",14,7,7,"Ec",5,0,0,1,0,0,0.232063491762724
"788","1250","Ec_N",14,8,8,"Ec",13,0,0,1,1,0,0.499809141804299
"789","1250","Ec_N",14,9,9,"Ec",13,0,0,1,1,0,0.499809141804299
"790","1250","Ec_N",14,10,10,"Ec",13,0,0,1,1,0,0.499809141804299
"791","1250","Ec_N",14,11,11,"Ec",13,0,0,1,1,0,0.499809141804299
"792","1250","Ec_N",14,12,12,"Ec",13,0,0,1,1,0,0.499809141804299
"793","1250","Ec_N",14,13,13,"Ec",13,0,0,1,1,0,0.499809141804299
"794","1250","Ec_N",14,14,14,"Ec",13,0,0,1,1,0,0.499809141804299
"795","1250","Ec_N",14,15,15,"Ec",13,0,0,1,1,0,0.499809141804299
"796","1250","Ec_N",14,16,16,"Ec",13,0,0,1,1,0,0.499809141804299
"797","1250","Ec_N",14,17,17,"Ec",13,0,0,1,1,0,0.499809141804299
"798","1250","Ec_N",14,18,18,"Ec",13,0,0,1,1,0,0.499809141804299
"799","1250","Ec_N",14,19,19,"Ec",13,0,0,1,1,0,0.499809141804299
"800","1250","Ec_N",14,20,20,"Ec",13,0,0,1,1,0,0.499809141804299
"801","1250","Ec_N",14,21,21,"Ec",13,0,0,1,1,0,0.499809141804299
"802","1250","Ec_N",14,22,22,"Ec",13,0,0,1,1,0,0.499809141804299
"803","1250","Ec_N",14,23,23,"Ec",13,0,0,1,1,0,0.499809141804299
"804","1250","Ec_N",14,24,24,"Ec",13,0,0,1,1,0,0.499809141804299
"805","1250","Ec_N",14,25,25,"Ec",13,0,0,1,1,0,0.499809141804299
"806","1250","Ec_N",14,26,26,"Ec",13,0,0,1,1,0,0.499809141804299
"807","1250","Ec_N",14,27,27,"Ec",13,0,0,1,1,0,0.499809141804299
"808","1250","Ec_N",14,28,28,"Ec",29,0,0,1,1,1,0.696336766125118
"809","1250","Ec_N",14,29,29,"Ec",29,0,0,1,1,1,0.696336766125118
"810","1250","Ec_N",14,30,30,"Ec",29,0,0,1,1,1,0.696336766125118
"811","1250","Ec_N",14,31,31,"Ec",29,0,0,1,1,1,0.696336766125118
"812","1250","Ec_N",14,32,32,"Ec",29,0,0,1,1,1,0.696336766125118
"813","1250","Ec_N",14,33,33,"Ec",29,0,0,1,1,1,0.696336766125118
"814","1250","Ec_N",14,34,34,"Ec",29,0,0,1,1,1,0.696336766125118
"815","1250","Ec_N",14,35,35,"Ec",30,1,0,1,1,1,0.981696467924213
"816","1250","Ec_N",14,36,36,"Ec",30,1,0,1,1,1,0.981696467924213
"817","1250","Ec_N",14,37,37,"Ec",30,1,0,1,1,1,0.981696467924213
"818","1250","Ec_N",14,38,38,"Ec",30,1,0,1,1,1,0.981696467924213
"819","1250","Ec_N",14,39,39,"Ec",30,1,0,1,1,1,0.981696467924213
"820","1250","Ec_N",14,40,40,"Ec",30,1,0,1,1,1,0.981696467924213
"821","1250","Ec_N",14,41,41,"Ec",30,1,0,1,1,1,0.981696467924213
"822","1250","Ec_N",14,42,42,"Ec",30,1,0,1,1,1,0.981696467924213
"823","1250","Ec_N",14,43,43,"Ec",30,1,0,1,1,1,0.981696467924213
"824","1250","Ec_N",14,44,44,"Ec",30,1,0,1,1,1,0.981696467924213
"825","1250","Ec_N",14,45,45,"Ec",30,1,0,1,1,1,0.981696467924213
"826","1250","Ec_N",14,46,46,"Ec",30,1,0,1,1,1,0.981696467924213
"827","1250","Ec_N",14,47,47,"Ec",30,1,0,1,1,1,0.981696467924213
"828","1250","Ec_N",14,48,48,"Ec",30,1,0,1,1,1,0.981696467924213
"829","1250","Ec_N",14,49,49,"Ec",30,1,0,1,1,1,0.981696467924213
"830","1250","Ec_N",14,50,50,"Ec",30,1,0,1,1,1,0.981696467924213
"831","1250","Ec_N",14,51,51,"Ec",32,1,1,1,1,1,1
"832","1250","Ec_N",14,52,52,"Ec",32,1,1,1,1,1,1
"833","1250","Ec_N",14,53,53,"Ec",32,1,1,1,1,1,1
"834","1250","Ec_N",14,54,54,"Ec",32,1,1,1,1,1,1
"835","1250","Ec_N",14,55,55,"Ec",32,1,1,1,1,1,1
"836","1250","Ec_N",14,56,56,"Ec",32,1,1,1,1,1,1
"837","1250","Ec_N",14,57,57,"Ec",32,1,1,1,1,1,1
"838","1250","Ec_N",14,58,58,"Ec",32,1,1,1,1,1,1
"839","1250","Ec_N",14,59,59,"Ec",32,1,1,1,1,1,1
"840","1250","Ec_N",14,60,60,"Ec",32,1,1,1,1,1,1
"841","1250","Ec_N",15,1,1,"Ec",1,0,0,0,0,0,0
"842","1250","Ec_N",15,2,2,"Ec",1,0,0,0,0,0,0
"843","1250","Ec_N",15,3,3,"Ec",1,0,0,0,0,0,0
"844","1250","Ec_N",15,4,4,"Ec",1,0,0,0,0,0,0
"845","1250","Ec_N",15,5,5,"Ec",1,0,0,0,0,0,0
"846","1250","Ec_N",15,6,6,"Ec",1,0,0,0,0,0,0
"847","1250","Ec_N",15,7,7,"Ec",1,0,0,0,0,0,0
"848","1250","Ec_N",15,8,8,"Ec",1,0,0,0,0,0,0
"849","1250","Ec_N",15,9,9,"Ec",1,0,0,0,0,0,0
"850","1250","Ec_N",15,10,10,"Ec",1,0,0,0,0,0,0
"851","1250","Ec_N",15,11,11,"Ec",1,0,0,0,0,0,0
"852","1250","Ec_N",15,12,12,"Ec",1,0,0,0,0,0,0
"853","1250","Ec_N",15,13,13,"Ec",5,0,0,1,0,0,0.232063491762724
"854","1250","Ec_N",15,14,14,"Ec",5,0,0,1,0,0,0.232063491762724
"855","1250","Ec_N",15,15,15,"Ec",13,0,0,1,1,0,0.499809141804299
"856","1250","Ec_N",15,16,16,"Ec",13,0,0,1,1,0,0.499809141804299
"857","1250","Ec_N",15,17,17,"Ec",15,0,1,1,1,0,0.582459721219413
"858","1250","Ec_N",15,18,18,"Ec",15,0,1,1,1,0,0.582459721219413
"859","1250","Ec_N",15,19,19,"Ec",15,0,1,1,1,0,0.582459721219413
"860","1250","Ec_N",15,20,20,"Ec",15,0,1,1,1,0,0.582459721219413
"861","1250","Ec_N",15,21,21,"Ec",15,0,1,1,1,0,0.582459721219413
"862","1250","Ec_N",15,22,22,"Ec",16,1,1,1,1,0,0.879284144928883
"863","1250","Ec_N",15,23,23,"Ec",16,1,1,1,1,0,0.879284144928883
"864","1250","Ec_N",15,24,24,"Ec",16,1,1,1,1,0,0.879284144928883
"865","1250","Ec_N",15,25,25,"Ec",16,1,1,1,1,0,0.879284144928883
"866","1250","Ec_N",15,26,26,"Ec",16,1,1,1,1,0,0.879284144928883
"867","1250","Ec_N",15,27,27,"Ec",16,1,1,1,1,0,0.879284144928883
"868","1250","Ec_N",15,28,28,"Ec",16,1,1,1,1,0,0.879284144928883
"869","1250","Ec_N",15,29,29,"Ec",16,1,1,1,1,0,0.879284144928883
"870","1250","Ec_N",15,30,30,"Ec",16,1,1,1,1,0,0.879284144928883
"871","1250","Ec_N",15,31,31,"Ec",16,1,1,1,1,0,0.879284144928883
"872","1250","Ec_N",15,32,32,"Ec",16,1,1,1,1,0,0.879284144928883
"873","1250","Ec_N",15,33,33,"Ec",16,1,1,1,1,0,0.879284144928883
"874","1250","Ec_N",15,34,34,"Ec",16,1,1,1,1,0,0.879284144928883
"875","1250","Ec_N",15,35,35,"Ec",16,1,1,1,1,0,0.879284144928883
"876","1250","Ec_N",15,36,36,"Ec",16,1,1,1,1,0,0.879284144928883
"877","1250","Ec_N",15,37,37,"Ec",16,1,1,1,1,0,0.879284144928883
"878","1250","Ec_N",15,38,38,"Ec",16,1,1,1,1,0,0.879284144928883
"879","1250","Ec_N",15,39,39,"Ec",16,1,1,1,1,0,0.879284144928883
"880","1250","Ec_N",15,40,40,"Ec",16,1,1,1,1,0,0.879284144928883
"881","1250","Ec_N",15,41,41,"Ec",16,1,1,1,1,0,0.879284144928883
"882","1250","Ec_N",15,42,42,"Ec",16,1,1,1,1,0,0.879284144928883
"883","1250","Ec_N",15,43,43,"Ec",16,1,1,1,1,0,0.879284144928883
"884","1250","Ec_N",15,44,44,"Ec",16,1,1,1,1,0,0.879284144928883
"885","1250","Ec_N",15,45,45,"Ec",16,1,1,1,1,0,0.879284144928883
"886","1250","Ec_N",15,46,46,"Ec",32,1,1,1,1,1,1
"887","1250","Ec_N",15,47,47,"Ec",32,1,1,1,1,1,1
"888","1250","Ec_N",15,48,48,"Ec",32,1,1,1,1,1,1
"889","1250","Ec_N",15,49,49,"Ec",32,1,1,1,1,1,1
"890","1250","Ec_N",15,50,50,"Ec",32,1,1,1,1,1,1
"891","1250","Ec_N",15,51,51,"Ec",32,1,1,1,1,1,1
"892","1250","Ec_N",15,52,52,"Ec",32,1,1,1,1,1,1
"893","1250","Ec_N",15,53,53,"Ec",32,1,1,1,1,1,1
"894","1250","Ec_N",15,54,54,"Ec",32,1,1,1,1,1,1
"895","1250","Ec_N",15,55,55,"Ec",32,1,1,1,1,1,1
"896","1250","Ec_N",15,56,56,"Ec",32,1,1,1,1,1,1
"897","1250","Ec_N",15,57,57,"Ec",32,1,1,1,1,1,1
"898","1250","Ec_N",15,58,58,"Ec",32,1,1,1,1,1,1
"899","1250","Ec_N",15,59,59,"Ec",32,1,1,1,1,1,1
"900","1250","Ec_N",15,60,60,"Ec",32,1,1,1,1,1,1
"901","1250","Ec_N",16,1,1,"Ec",1,0,0,0,0,0,0
"902","1250","Ec_N",16,2,2,"Ec",1,0,0,0,0,0,0
"903","1250","Ec_N",16,3,3,"Ec",1,0,0,0,0,0,0
"904","1250","Ec_N",16,4,4,"Ec",2,1,0,0,0,0,0.221012654459768
"905","1250","Ec_N",16,5,5,"Ec",2,1,0,0,0,0,0.221012654459768
"906","1250","Ec_N",16,6,6,"Ec",6,1,0,1,0,0,0.453076146222492
"907","1250","Ec_N",16,7,7,"Ec",6,1,0,1,0,0,0.453076146222492
"908","1250","Ec_N",16,8,8,"Ec",6,1,0,1,0,0,0.453076146222492
"909","1250","Ec_N",16,9,9,"Ec",6,1,0,1,0,0,0.453076146222492
"910","1250","Ec_N",16,10,10,"Ec",6,1,0,1,0,0,0.453076146222492
"911","1250","Ec_N",16,11,11,"Ec",6,1,0,1,0,0,0.453076146222492
"912","1250","Ec_N",16,12,12,"Ec",6,1,0,1,0,0,0.453076146222492
"913","1250","Ec_N",16,13,13,"Ec",6,1,0,1,0,0,0.453076146222492
"914","1250","Ec_N",16,14,14,"Ec",6,1,0,1,0,0,0.453076146222492
"915","1250","Ec_N",16,15,15,"Ec",14,1,0,1,1,0,0.720821796264067
"916","1250","Ec_N",16,16,16,"Ec",14,1,0,1,1,0,0.720821796264067
"917","1250","Ec_N",16,17,17,"Ec",14,1,0,1,1,0,0.720821796264067
"918","1250","Ec_N",16,18,18,"Ec",14,1,0,1,1,0,0.720821796264067
"919","1250","Ec_N",16,19,19,"Ec",14,1,0,1,1,0,0.720821796264067
"920","1250","Ec_N",16,20,20,"Ec",14,1,0,1,1,0,0.720821796264067
"921","1250","Ec_N",16,21,21,"Ec",14,1,0,1,1,0,0.720821796264067
"922","1250","Ec_N",16,22,22,"Ec",14,1,0,1,1,0,0.720821796264067
"923","1250","Ec_N",16,23,23,"Ec",14,1,0,1,1,0,0.720821796264067
"924","1250","Ec_N",16,24,24,"Ec",14,1,0,1,1,0,0.720821796264067
"925","1250","Ec_N",16,25,25,"Ec",16,1,1,1,1,0,0.879284144928883
"926","1250","Ec_N",16,26,26,"Ec",16,1,1,1,1,0,0.879284144928883
"927","1250","Ec_N",16,27,27,"Ec",16,1,1,1,1,0,0.879284144928883
"928","1250","Ec_N",16,28,28,"Ec",16,1,1,1,1,0,0.879284144928883
"929","1250","Ec_N",16,29,29,"Ec",16,1,1,1,1,0,0.879284144928883
"930","1250","Ec_N",16,30,30,"Ec",16,1,1,1,1,0,0.879284144928883
"931","1250","Ec_N",16,31,31,"Ec",16,1,1,1,1,0,0.879284144928883
"932","1250","Ec_N",16,32,32,"Ec",16,1,1,1,1,0,0.879284144928883
"933","1250","Ec_N",16,33,33,"Ec",16,1,1,1,1,0,0.879284144928883
"934","1250","Ec_N",16,34,34,"Ec",16,1,1,1,1,0,0.879284144928883
"935","1250","Ec_N",16,35,35,"Ec",16,1,1,1,1,0,0.879284144928883
"936","1250","Ec_N",16,36,36,"Ec",16,1,1,1,1,0,0.879284144928883
"937","1250","Ec_N",16,37,37,"Ec",16,1,1,1,1,0,0.879284144928883
"938","1250","Ec_N",16,38,38,"Ec",16,1,1,1,1,0,0.879284144928883
"939","1250","Ec_N",16,39,39,"Ec",16,1,1,1,1,0,0.879284144928883
"940","1250","Ec_N",16,40,40,"Ec",16,1,1,1,1,0,0.879284144928883
"941","1250","Ec_N",16,41,41,"Ec",16,1,1,1,1,0,0.879284144928883
"942","1250","Ec_N",16,42,42,"Ec",16,1,1,1,1,0,0.879284144928883
"943","1250","Ec_N",16,43,43,"Ec",16,1,1,1,1,0,0.879284144928883
"944","1250","Ec_N",16,44,44,"Ec",16,1,1,1,1,0,0.879284144928883
"945","1250","Ec_N",16,45,45,"Ec",16,1,1,1,1,0,0.879284144928883
"946","1250","Ec_N",16,46,46,"Ec",16,1,1,1,1,0,0.879284144928883
"947","1250","Ec_N",16,47,47,"Ec",16,1,1,1,1,0,0.879284144928883
"948","1250","Ec_N",16,48,48,"Ec",16,1,1,1,1,0,0.879284144928883
"949","1250","Ec_N",16,49,49,"Ec",16,1,1,1,1,0,0.879284144928883
"950","1250","Ec_N",16,50,50,"Ec",16,1,1,1,1,0,0.879284144928883
"951","1250","Ec_N",16,51,51,"Ec",16,1,1,1,1,0,0.879284144928883
"952","1250","Ec_N",16,52,52,"Ec",16,1,1,1,1,0,0.879284144928883
"953","1250","Ec_N",16,53,53,"Ec",16,1,1,1,1,0,0.879284144928883
"954","1250","Ec_N",16,54,54,"Ec",16,1,1,1,1,0,0.879284144928883
"955","1250","Ec_N",16,55,55,"Ec",16,1,1,1,1,0,0.879284144928883
"956","1250","Ec_N",16,56,56,"Ec",16,1,1,1,1,0,0.879284144928883
"957","1250","Ec_N",16,57,57,"Ec",16,1,1,1,1,0,0.879284144928883
"958","1250","Ec_N",16,58,58,"Ec",16,1,1,1,1,0,0.879284144928883
"959","1250","Ec_N",16,59,59,"Ec",16,1,1,1,1,0,0.879284144928883
"960","1250","Ec_N",16,60,60,"Ec",16,1,1,1,1,0,0.879284144928883
"961","1250","Ec_N",17,1,1,"Ec",1,0,0,0,0,0,0
"962","1250","Ec_N",17,2,2,"Ec",1,0,0,0,0,0,0
"963","1250","Ec_N",17,3,3,"Ec",1,0,0,0,0,0,0
"964","1250","Ec_N",17,4,4,"Ec",1,0,0,0,0,0,0
"965","1250","Ec_N",17,5,5,"Ec",1,0,0,0,0,0,0
"966","1250","Ec_N",17,6,6,"Ec",5,0,0,1,0,0,0.232063491762724
"967","1250","Ec_N",17,7,7,"Ec",5,0,0,1,0,0,0.232063491762724
"968","1250","Ec_N",17,8,8,"Ec",5,0,0,1,0,0,0.232063491762724
"969","1250","Ec_N",17,9,9,"Ec",5,0,0,1,0,0,0.232063491762724
"970","1250","Ec_N",17,10,10,"Ec",5,0,0,1,0,0,0.232063491762724
"971","1250","Ec_N",17,11,11,"Ec",21,0,0,1,0,1,0.428591116083543
"972","1250","Ec_N",17,12,12,"Ec",21,0,0,1,0,1,0.428591116083543
"973","1250","Ec_N",17,13,13,"Ec",21,0,0,1,0,1,0.428591116083543
"974","1250","Ec_N",17,14,14,"Ec",21,0,0,1,0,1,0.428591116083543
"975","1250","Ec_N",17,15,15,"Ec",21,0,0,1,0,1,0.428591116083543
"976","1250","Ec_N",17,16,16,"Ec",21,0,0,1,0,1,0.428591116083543
"977","1250","Ec_N",17,17,17,"Ec",21,0,0,1,0,1,0.428591116083543
"978","1250","Ec_N",17,18,18,"Ec",21,0,0,1,0,1,0.428591116083543
"979","1250","Ec_N",17,19,19,"Ec",21,0,0,1,0,1,0.428591116083543
"980","1250","Ec_N",17,20,20,"Ec",21,0,0,1,0,1,0.428591116083543
"981","1250","Ec_N",17,21,21,"Ec",22,1,0,1,0,1,0.649603770543311
"982","1250","Ec_N",17,22,22,"Ec",22,1,0,1,0,1,0.649603770543311
"983","1250","Ec_N",17,23,23,"Ec",22,1,0,1,0,1,0.649603770543311
"984","1250","Ec_N",17,24,24,"Ec",22,1,0,1,0,1,0.649603770543311
"985","1250","Ec_N",17,25,25,"Ec",22,1,0,1,0,1,0.649603770543311
"986","1250","Ec_N",17,26,26,"Ec",22,1,0,1,0,1,0.649603770543311
"987","1250","Ec_N",17,27,27,"Ec",22,1,0,1,0,1,0.649603770543311
"988","1250","Ec_N",17,28,28,"Ec",22,1,0,1,0,1,0.649603770543311
"989","1250","Ec_N",17,29,29,"Ec",22,1,0,1,0,1,0.649603770543311
"990","1250","Ec_N",17,30,30,"Ec",22,1,0,1,0,1,0.649603770543311
"991","1250","Ec_N",17,31,31,"Ec",22,1,0,1,0,1,0.649603770543311
"992","1250","Ec_N",17,32,32,"Ec",30,1,0,1,1,1,0.981696467924213
"993","1250","Ec_N",17,33,33,"Ec",30,1,0,1,1,1,0.981696467924213
"994","1250","Ec_N",17,34,34,"Ec",30,1,0,1,1,1,0.981696467924213
"995","1250","Ec_N",17,35,35,"Ec",30,1,0,1,1,1,0.981696467924213
"996","1250","Ec_N",17,36,36,"Ec",30,1,0,1,1,1,0.981696467924213
"997","1250","Ec_N",17,37,37,"Ec",30,1,0,1,1,1,0.981696467924213
"998","1250","Ec_N",17,38,38,"Ec",30,1,0,1,1,1,0.981696467924213
"999","1250","Ec_N",17,39,39,"Ec",30,1,0,1,1,1,0.981696467924213
"1000","1250","Ec_N",17,40,40,"Ec",30,1,0,1,1,1,0.981696467924213
"1001","1250","Ec_N",17,41,41,"Ec",32,1,1,1,1,1,1
"1002","1250","Ec_N",17,42,42,"Ec",32,1,1,1,1,1,1
"1003","1250","Ec_N",17,43,43,"Ec",32,1,1,1,1,1,1
"1004","1250","Ec_N",17,44,44,"Ec",32,1,1,1,1,1,1
"1005","1250","Ec_N",17,45,45,"Ec",32,1,1,1,1,1,1
"1006","1250","Ec_N",17,46,46,"Ec",32,1,1,1,1,1,1
"1007","1250","Ec_N",17,47,47,"Ec",32,1,1,1,1,1,1
"1008","1250","Ec_N",17,48,48,"Ec",32,1,1,1,1,1,1
"1009","1250","Ec_N",17,49,49,"Ec",32,1,1,1,1,1,1
"1010","1250","Ec_N",17,50,50,"Ec",32,1,1,1,1,1,1
"1011","1250","Ec_N",17,51,51,"Ec",32,1,1,1,1,1,1
"1012","1250","Ec_N",17,52,52,"Ec",32,1,1,1,1,1,1
"1013","1250","Ec_N",17,53,53,"Ec",32,1,1,1,1,1,1
"1014","1250","Ec_N",17,54,54,"Ec",32,1,1,1,1,1,1
"1015","1250","Ec_N",17,55,55,"Ec",32,1,1,1,1,1,1
"1016","1250","Ec_N",17,56,56,"Ec",32,1,1,1,1,1,1
"1017","1250","Ec_N",17,57,57,"Ec",32,1,1,1,1,1,1
"1018","1250","Ec_N",17,58,58,"Ec",32,1,1,1,1,1,1
"1019","1250","Ec_N",17,59,59,"Ec",32,1,1,1,1,1,1
"1020","1250","Ec_N",17,60,60,"Ec",32,1,1,1,1,1,1
"1021","1250","Ec_N",18,1,1,"Ec",1,0,0,0,0,0,0
"1022","1250","Ec_N",18,2,2,"Ec",1,0,0,0,0,0,0
"1023","1250","Ec_N",18,3,3,"Ec",1,0,0,0,0,0,0
"1024","1250","Ec_N",18,4,4,"Ec",1,0,0,0,0,0,0
"1025","1250","Ec_N",18,5,5,"Ec",9,0,0,0,1,0,0.267745650041575
"1026","1250","Ec_N",18,6,6,"Ec",25,0,0,0,1,1,0.464273274362394
"1027","1250","Ec_N",18,7,7,"Ec",25,0,0,0,1,1,0.464273274362394
"1028","1250","Ec_N",18,8,8,"Ec",25,0,0,0,1,1,0.464273274362394
"1029","1250","Ec_N",18,9,9,"Ec",25,0,0,0,1,1,0.464273274362394
"1030","1250","Ec_N",18,10,10,"Ec",25,0,0,0,1,1,0.464273274362394
"1031","1250","Ec_N",18,11,11,"Ec",25,0,0,0,1,1,0.464273274362394
"1032","1250","Ec_N",18,12,12,"Ec",25,0,0,0,1,1,0.464273274362394
"1033","1250","Ec_N",18,13,13,"Ec",25,0,0,0,1,1,0.464273274362394
"1034","1250","Ec_N",18,14,14,"Ec",25,0,0,0,1,1,0.464273274362394
"1035","1250","Ec_N",18,15,15,"Ec",25,0,0,0,1,1,0.464273274362394
"1036","1250","Ec_N",18,16,16,"Ec",26,1,0,0,1,1,0.685285928822162
"1037","1250","Ec_N",18,17,17,"Ec",26,1,0,0,1,1,0.685285928822162
"1038","1250","Ec_N",18,18,18,"Ec",26,1,0,0,1,1,0.685285928822162
"1039","1250","Ec_N",18,19,19,"Ec",26,1,0,0,1,1,0.685285928822162
"1040","1250","Ec_N",18,20,20,"Ec",26,1,0,0,1,1,0.685285928822162
"1041","1250","Ec_N",18,21,21,"Ec",26,1,0,0,1,1,0.685285928822162
"1042","1250","Ec_N",18,22,22,"Ec",30,1,0,1,1,1,0.981696467924213
"1043","1250","Ec_N",18,23,23,"Ec",30,1,0,1,1,1,0.981696467924213
"1044","1250","Ec_N",18,24,24,"Ec",32,1,1,1,1,1,1
"1045","1250","Ec_N",18,25,25,"Ec",32,1,1,1,1,1,1
"1046","1250","Ec_N",18,26,26,"Ec",32,1,1,1,1,1,1
"1047","1250","Ec_N",18,27,27,"Ec",32,1,1,1,1,1,1
"1048","1250","Ec_N",18,28,28,"Ec",32,1,1,1,1,1,1
"1049","1250","Ec_N",18,29,29,"Ec",32,1,1,1,1,1,1
"1050","1250","Ec_N",18,30,30,"Ec",32,1,1,1,1,1,1
"1051","1250","Ec_N",18,31,31,"Ec",32,1,1,1,1,1,1
"1052","1250","Ec_N",18,32,32,"Ec",32,1,1,1,1,1,1
"1053","1250","Ec_N",18,33,33,"Ec",32,1,1,1,1,1,1
"1054","1250","Ec_N",18,34,34,"Ec",32,1,1,1,1,1,1
"1055","1250","Ec_N",18,35,35,"Ec",32,1,1,1,1,1,1
"1056","1250","Ec_N",18,36,36,"Ec",32,1,1,1,1,1,1
"1057","1250","Ec_N",18,37,37,"Ec",32,1,1,1,1,1,1
"1058","1250","Ec_N",18,38,38,"Ec",32,1,1,1,1,1,1
"1059","1250","Ec_N",18,39,39,"Ec",32,1,1,1,1,1,1
"1060","1250","Ec_N",18,40,40,"Ec",32,1,1,1,1,1,1
"1061","1250","Ec_N",18,41,41,"Ec",32,1,1,1,1,1,1
"1062","1250","Ec_N",18,42,42,"Ec",32,1,1,1,1,1,1
"1063","1250","Ec_N",18,43,43,"Ec",32,1,1,1,1,1,1
"1064","1250","Ec_N",18,44,44,"Ec",32,1,1,1,1,1,1
"1065","1250","Ec_N",18,45,45,"Ec",32,1,1,1,1,1,1
"1066","1250","Ec_N",18,46,46,"Ec",32,1,1,1,1,1,1
"1067","1250","Ec_N",18,47,47,"Ec",32,1,1,1,1,1,1
"1068","1250","Ec_N",18,48,48,"Ec",32,1,1,1,1,1,1
"1069","1250","Ec_N",18,49,49,"Ec",32,1,1,1,1,1,1
"1070","1250","Ec_N",18,50,50,"Ec",32,1,1,1,1,1,1
"1071","1250","Ec_N",18,51,51,"Ec",32,1,1,1,1,1,1
"1072","1250","Ec_N",18,52,52,"Ec",32,1,1,1,1,1,1
"1073","1250","Ec_N",18,53,53,"Ec",32,1,1,1,1,1,1
"1074","1250","Ec_N",18,54,54,"Ec",32,1,1,1,1,1,1
"1075","1250","Ec_N",18,55,55,"Ec",32,1,1,1,1,1,1
"1076","1250","Ec_N",18,56,56,"Ec",32,1,1,1,1,1,1
"1077","1250","Ec_N",18,57,57,"Ec",32,1,1,1,1,1,1
"1078","1250","Ec_N",18,58,58,"Ec",32,1,1,1,1,1,1
"1079","1250","Ec_N",18,59,59,"Ec",32,1,1,1,1,1,1
"1080","1250","Ec_N",18,60,60,"Ec",32,1,1,1,1,1,1
"1081","1250","Ec_N",19,1,1,"Ec",1,0,0,0,0,0,0
"1082","1250","Ec_N",19,2,2,"Ec",1,0,0,0,0,0,0
"1083","1250","Ec_N",19,3,3,"Ec",1,0,0,0,0,0,0
"1084","1250","Ec_N",19,4,4,"Ec",1,0,0,0,0,0,0
"1085","1250","Ec_N",19,5,5,"Ec",1,0,0,0,0,0,0
"1086","1250","Ec_N",19,6,6,"Ec",2,1,0,0,0,0,0.221012654459768
"1087","1250","Ec_N",19,7,7,"Ec",18,1,0,0,0,1,0.417540278780587
"1088","1250","Ec_N",19,8,8,"Ec",18,1,0,0,0,1,0.417540278780587
"1089","1250","Ec_N",19,9,9,"Ec",18,1,0,0,0,1,0.417540278780587
"1090","1250","Ec_N",19,10,10,"Ec",18,1,0,0,0,1,0.417540278780587
"1091","1250","Ec_N",19,11,11,"Ec",18,1,0,0,0,1,0.417540278780587
"1092","1250","Ec_N",19,12,12,"Ec",18,1,0,0,0,1,0.417540278780587
"1093","1250","Ec_N",19,13,13,"Ec",22,1,0,1,0,1,0.649603770543311
"1094","1250","Ec_N",19,14,14,"Ec",22,1,0,1,0,1,0.649603770543311
"1095","1250","Ec_N",19,15,15,"Ec",22,1,0,1,0,1,0.649603770543311
"1096","1250","Ec_N",19,16,16,"Ec",22,1,0,1,0,1,0.649603770543311
"1097","1250","Ec_N",19,17,17,"Ec",22,1,0,1,0,1,0.649603770543311
"1098","1250","Ec_N",19,18,18,"Ec",22,1,0,1,0,1,0.649603770543311
"1099","1250","Ec_N",19,19,19,"Ec",22,1,0,1,0,1,0.649603770543311
"1100","1250","Ec_N",19,20,20,"Ec",22,1,0,1,0,1,0.649603770543311
"1101","1250","Ec_N",19,21,21,"Ec",22,1,0,1,0,1,0.649603770543311
"1102","1250","Ec_N",19,22,22,"Ec",22,1,0,1,0,1,0.649603770543311
"1103","1250","Ec_N",19,23,23,"Ec",22,1,0,1,0,1,0.649603770543311
"1104","1250","Ec_N",19,24,24,"Ec",22,1,0,1,0,1,0.649603770543311
"1105","1250","Ec_N",19,25,25,"Ec",22,1,0,1,0,1,0.649603770543311
"1106","1250","Ec_N",19,26,26,"Ec",22,1,0,1,0,1,0.649603770543311
"1107","1250","Ec_N",19,27,27,"Ec",22,1,0,1,0,1,0.649603770543311
"1108","1250","Ec_N",19,28,28,"Ec",22,1,0,1,0,1,0.649603770543311
"1109","1250","Ec_N",19,29,29,"Ec",22,1,0,1,0,1,0.649603770543311
"1110","1250","Ec_N",19,30,30,"Ec",22,1,0,1,0,1,0.649603770543311
"1111","1250","Ec_N",19,31,31,"Ec",22,1,0,1,0,1,0.649603770543311
"1112","1250","Ec_N",19,32,32,"Ec",22,1,0,1,0,1,0.649603770543311
"1113","1250","Ec_N",19,33,33,"Ec",22,1,0,1,0,1,0.649603770543311
"1114","1250","Ec_N",19,34,34,"Ec",22,1,0,1,0,1,0.649603770543311
"1115","1250","Ec_N",19,35,35,"Ec",22,1,0,1,0,1,0.649603770543311
"1116","1250","Ec_N",19,36,36,"Ec",30,1,0,1,1,1,0.981696467924213
"1117","1250","Ec_N",19,37,37,"Ec",30,1,0,1,1,1,0.981696467924213
"1118","1250","Ec_N",19,38,38,"Ec",30,1,0,1,1,1,0.981696467924213
"1119","1250","Ec_N",19,39,39,"Ec",30,1,0,1,1,1,0.981696467924213
"1120","1250","Ec_N",19,40,40,"Ec",30,1,0,1,1,1,0.981696467924213
"1121","1250","Ec_N",19,41,41,"Ec",30,1,0,1,1,1,0.981696467924213
"1122","1250","Ec_N",19,42,42,"Ec",30,1,0,1,1,1,0.981696467924213
"1123","1250","Ec_N",19,43,43,"Ec",30,1,0,1,1,1,0.981696467924213
"1124","1250","Ec_N",19,44,44,"Ec",32,1,1,1,1,1,1
"1125","1250","Ec_N",19,45,45,"Ec",32,1,1,1,1,1,1
"1126","1250","Ec_N",19,46,46,"Ec",32,1,1,1,1,1,1
"1127","1250","Ec_N",19,47,47,"Ec",32,1,1,1,1,1,1
"1128","1250","Ec_N",19,48,48,"Ec",32,1,1,1,1,1,1
"1129","1250","Ec_N",19,49,49,"Ec",32,1,1,1,1,1,1
"1130","1250","Ec_N",19,50,50,"Ec",32,1,1,1,1,1,1
"1131","1250","Ec_N",19,51,51,"Ec",32,1,1,1,1,1,1
"1132","1250","Ec_N",19,52,52,"Ec",32,1,1,1,1,1,1
"1133","1250","Ec_N",19,53,53,"Ec",32,1,1,1,1,1,1
"1134","1250","Ec_N",19,54,54,"Ec",32,1,1,1,1,1,1
"1135","1250","Ec_N",19,55,55,"Ec",32,1,1,1,1,1,1
"1136","1250","Ec_N",19,56,56,"Ec",32,1,1,1,1,1,1
"1137","1250","Ec_N",19,57,57,"Ec",32,1,1,1,1,1,1
"1138","1250","Ec_N",19,58,58,"Ec",32,1,1,1,1,1,1
"1139","1250","Ec_N",19,59,59,"Ec",32,1,1,1,1,1,1
"1140","1250","Ec_N",19,60,60,"Ec",32,1,1,1,1,1,1
"1141","1250","Ec_N",20,1,1,"Ec",1,0,0,0,0,0,0
"1142","1250","Ec_N",20,2,2,"Ec",1,0,0,0,0,0,0
"1143","1250","Ec_N",20,3,3,"Ec",2,1,0,0,0,0,0.221012654459768
"1144","1250","Ec_N",20,4,4,"Ec",2,1,0,0,0,0,0.221012654459768
"1145","1250","Ec_N",20,5,5,"Ec",2,1,0,0,0,0,0.221012654459768
"1146","1250","Ec_N",20,6,6,"Ec",2,1,0,0,0,0,0.221012654459768
"1147","1250","Ec_N",20,7,7,"Ec",4,1,1,0,0,0,0.303663233874882
"1148","1250","Ec_N",20,8,8,"Ec",4,1,1,0,0,0,0.303663233874882
"1149","1250","Ec_N",20,9,9,"Ec",4,1,1,0,0,0,0.303663233874882
"1150","1250","Ec_N",20,10,10,"Ec",4,1,1,0,0,0,0.303663233874882
"1151","1250","Ec_N",20,11,11,"Ec",4,1,1,0,0,0,0.303663233874882
"1152","1250","Ec_N",20,12,12,"Ec",12,1,1,0,1,0,0.552627762799163
"1153","1250","Ec_N",20,13,13,"Ec",12,1,1,0,1,0,0.552627762799163
"1154","1250","Ec_N",20,14,14,"Ec",12,1,1,0,1,0,0.552627762799163
"1155","1250","Ec_N",20,15,15,"Ec",28,1,1,0,1,1,0.770762719311211
"1156","1250","Ec_N",20,16,16,"Ec",28,1,1,0,1,1,0.770762719311211
"1157","1250","Ec_N",20,17,17,"Ec",28,1,1,0,1,1,0.770762719311211
"1158","1250","Ec_N",20,18,18,"Ec",28,1,1,0,1,1,0.770762719311211
"1159","1250","Ec_N",20,19,19,"Ec",28,1,1,0,1,1,0.770762719311211
"1160","1250","Ec_N",20,20,20,"Ec",28,1,1,0,1,1,0.770762719311211
"1161","1250","Ec_N",20,21,21,"Ec",28,1,1,0,1,1,0.770762719311211
"1162","1250","Ec_N",20,22,22,"Ec",28,1,1,0,1,1,0.770762719311211
"1163","1250","Ec_N",20,23,23,"Ec",28,1,1,0,1,1,0.770762719311211
"1164","1250","Ec_N",20,24,24,"Ec",28,1,1,0,1,1,0.770762719311211
"1165","1250","Ec_N",20,25,25,"Ec",28,1,1,0,1,1,0.770762719311211
"1166","1250","Ec_N",20,26,26,"Ec",28,1,1,0,1,1,0.770762719311211
"1167","1250","Ec_N",20,27,27,"Ec",28,1,1,0,1,1,0.770762719311211
"1168","1250","Ec_N",20,28,28,"Ec",28,1,1,0,1,1,0.770762719311211
"1169","1250","Ec_N",20,29,29,"Ec",28,1,1,0,1,1,0.770762719311211
"1170","1250","Ec_N",20,30,30,"Ec",28,1,1,0,1,1,0.770762719311211
"1171","1250","Ec_N",20,31,31,"Ec",28,1,1,0,1,1,0.770762719311211
"1172","1250","Ec_N",20,32,32,"Ec",28,1,1,0,1,1,0.770762719311211
"1173","1250","Ec_N",20,33,33,"Ec",28,1,1,0,1,1,0.770762719311211
"1174","1250","Ec_N",20,34,34,"Ec",28,1,1,0,1,1,0.770762719311211
"1175","1250","Ec_N",20,35,35,"Ec",28,1,1,0,1,1,0.770762719311211
"1176","1250","Ec_N",20,36,36,"Ec",28,1,1,0,1,1,0.770762719311211
"1177","1250","Ec_N",20,37,37,"Ec",28,1,1,0,1,1,0.770762719311211
"1178","1250","Ec_N",20,38,38,"Ec",28,1,1,0,1,1,0.770762719311211
"1179","1250","Ec_N",20,39,39,"Ec",28,1,1,0,1,1,0.770762719311211
"1180","1250","Ec_N",20,40,40,"Ec",28,1,1,0,1,1,0.770762719311211
"1181","1250","Ec_N",20,41,41,"Ec",28,1,1,0,1,1,0.770762719311211
"1182","1250","Ec_N",20,42,42,"Ec",28,1,1,0,1,1,0.770762719311211
"1183","1250","Ec_N",20,43,43,"Ec",28,1,1,0,1,1,0.770762719311211
"1184","1250","Ec_N",20,44,44,"Ec",28,1,1,0,1,1,0.770762719311211
"1185","1250","Ec_N",20,45,45,"Ec",28,1,1,0,1,1,0.770762719311211
"1186","1250","Ec_N",20,46,46,"Ec",28,1,1,0,1,1,0.770762719311211
"1187","1250","Ec_N",20,47,47,"Ec",28,1,1,0,1,1,0.770762719311211
"1188","1250","Ec_N",20,48,48,"Ec",28,1,1,0,1,1,0.770762719311211
"1189","1250","Ec_N",20,49,49,"Ec",28,1,1,0,1,1,0.770762719311211
"1190","1250","Ec_N",20,50,50,"Ec",28,1,1,0,1,1,0.770762719311211
"1191","1250","Ec_N",20,51,51,"Ec",28,1,1,0,1,1,0.770762719311211
"1192","1250","Ec_N",20,52,52,"Ec",28,1,1,0,1,1,0.770762719311211
"1193","1250","Ec_N",20,53,53,"Ec",28,1,1,0,1,1,0.770762719311211
"1194","1250","Ec_N",20,54,54,"Ec",28,1,1,0,1,1,0.770762719311211
"1195","1250","Ec_N",20,55,55,"Ec",28,1,1,0,1,1,0.770762719311211
"1196","1250","Ec_N",20,56,56,"Ec",28,1,1,0,1,1,0.770762719311211
"1197","1250","Ec_N",20,57,57,"Ec",28,1,1,0,1,1,0.770762719311211
"1198","1250","Ec_N",20,58,58,"Ec",28,1,1,0,1,1,0.770762719311211
"1199","1250","Ec_N",20,59,59,"Ec",28,1,1,0,1,1,0.770762719311211
"1200","1250","Ec_N",20,60,60,"Ec",28,1,1,0,1,1,0.770762719311211
"1201","1250","Ec_N",21,1,1,"Ec",1,0,0,0,0,0,0
"1202","1250","Ec_N",21,2,2,"Ec",1,0,0,0,0,0,0
"1203","1250","Ec_N",21,3,3,"Ec",1,0,0,0,0,0,0
"1204","1250","Ec_N",21,4,4,"Ec",1,0,0,0,0,0,0
"1205","1250","Ec_N",21,5,5,"Ec",1,0,0,0,0,0,0
"1206","1250","Ec_N",21,6,6,"Ec",1,0,0,0,0,0,0
"1207","1250","Ec_N",21,7,7,"Ec",5,0,0,1,0,0,0.232063491762724
"1208","1250","Ec_N",21,8,8,"Ec",6,1,0,1,0,0,0.453076146222492
"1209","1250","Ec_N",21,9,9,"Ec",6,1,0,1,0,0,0.453076146222492
"1210","1250","Ec_N",21,10,10,"Ec",6,1,0,1,0,0,0.453076146222492
"1211","1250","Ec_N",21,11,11,"Ec",6,1,0,1,0,0,0.453076146222492
"1212","1250","Ec_N",21,12,12,"Ec",6,1,0,1,0,0,0.453076146222492
"1213","1250","Ec_N",21,13,13,"Ec",6,1,0,1,0,0,0.453076146222492
"1214","1250","Ec_N",21,14,14,"Ec",6,1,0,1,0,0,0.453076146222492
"1215","1250","Ec_N",21,15,15,"Ec",22,1,0,1,0,1,0.649603770543311
"1216","1250","Ec_N",21,16,16,"Ec",22,1,0,1,0,1,0.649603770543311
"1217","1250","Ec_N",21,17,17,"Ec",22,1,0,1,0,1,0.649603770543311
"1218","1250","Ec_N",21,18,18,"Ec",22,1,0,1,0,1,0.649603770543311
"1219","1250","Ec_N",21,19,19,"Ec",22,1,0,1,0,1,0.649603770543311
"1220","1250","Ec_N",21,20,20,"Ec",22,1,0,1,0,1,0.649603770543311
"1221","1250","Ec_N",21,21,21,"Ec",22,1,0,1,0,1,0.649603770543311
"1222","1250","Ec_N",21,22,22,"Ec",22,1,0,1,0,1,0.649603770543311
"1223","1250","Ec_N",21,23,23,"Ec",30,1,0,1,1,1,0.981696467924213
"1224","1250","Ec_N",21,24,24,"Ec",30,1,0,1,1,1,0.981696467924213
"1225","1250","Ec_N",21,25,25,"Ec",30,1,0,1,1,1,0.981696467924213
"1226","1250","Ec_N",21,26,26,"Ec",30,1,0,1,1,1,0.981696467924213
"1227","1250","Ec_N",21,27,27,"Ec",30,1,0,1,1,1,0.981696467924213
"1228","1250","Ec_N",21,28,28,"Ec",30,1,0,1,1,1,0.981696467924213
"1229","1250","Ec_N",21,29,29,"Ec",32,1,1,1,1,1,1
"1230","1250","Ec_N",21,30,30,"Ec",32,1,1,1,1,1,1
"1231","1250","Ec_N",21,31,31,"Ec",32,1,1,1,1,1,1
"1232","1250","Ec_N",21,32,32,"Ec",32,1,1,1,1,1,1
"1233","1250","Ec_N",21,33,33,"Ec",32,1,1,1,1,1,1
"1234","1250","Ec_N",21,34,34,"Ec",32,1,1,1,1,1,1
"1235","1250","Ec_N",21,35,35,"Ec",32,1,1,1,1,1,1
"1236","1250","Ec_N",21,36,36,"Ec",32,1,1,1,1,1,1
"1237","1250","Ec_N",21,37,37,"Ec",32,1,1,1,1,1,1
"1238","1250","Ec_N",21,38,38,"Ec",32,1,1,1,1,1,1
"1239","1250","Ec_N",21,39,39,"Ec",32,1,1,1,1,1,1
"1240","1250","Ec_N",21,40,40,"Ec",32,1,1,1,1,1,1
"1241","1250","Ec_N",21,41,41,"Ec",32,1,1,1,1,1,1
"1242","1250","Ec_N",21,42,42,"Ec",32,1,1,1,1,1,1
"1243","1250","Ec_N",21,43,43,"Ec",32,1,1,1,1,1,1
"1244","1250","Ec_N",21,44,44,"Ec",32,1,1,1,1,1,1
"1245","1250","Ec_N",21,45,45,"Ec",32,1,1,1,1,1,1
"1246","1250","Ec_N",21,46,46,"Ec",32,1,1,1,1,1,1
"1247","1250","Ec_N",21,47,47,"Ec",32,1,1,1,1,1,1
"1248","1250","Ec_N",21,48,48,"Ec",32,1,1,1,1,1,1
"1249","1250","Ec_N",21,49,49,"Ec",32,1,1,1,1,1,1
"1250","1250","Ec_N",21,50,50,"Ec",32,1,1,1,1,1,1
"1251","1250","Ec_N",21,51,51,"Ec",32,1,1,1,1,1,1
"1252","1250","Ec_N",21,52,52,"Ec",32,1,1,1,1,1,1
"1253","1250","Ec_N",21,53,53,"Ec",32,1,1,1,1,1,1
"1254","1250","Ec_N",21,54,54,"Ec",32,1,1,1,1,1,1
"1255","1250","Ec_N",21,55,55,"Ec",32,1,1,1,1,1,1
"1256","1250","Ec_N",21,56,56,"Ec",32,1,1,1,1,1,1
"1257","1250","Ec_N",21,57,57,"Ec",32,1,1,1,1,1,1
"1258","1250","Ec_N",21,58,58,"Ec",32,1,1,1,1,1,1
"1259","1250","Ec_N",21,59,59,"Ec",32,1,1,1,1,1,1
"1260","1250","Ec_N",21,60,60,"Ec",32,1,1,1,1,1,1
"1261","1250","Ec_N",22,1,1,"Ec",1,0,0,0,0,0,0
"1262","1250","Ec_N",22,2,2,"Ec",1,0,0,0,0,0,0
"1263","1250","Ec_N",22,3,3,"Ec",1,0,0,0,0,0,0
"1264","1250","Ec_N",22,4,4,"Ec",17,0,0,0,0,1,0.14692246949649
"1265","1250","Ec_N",22,5,5,"Ec",18,1,0,0,0,1,0.417540278780587
"1266","1250","Ec_N",22,6,6,"Ec",18,1,0,0,0,1,0.417540278780587
"1267","1250","Ec_N",22,7,7,"Ec",26,1,0,0,1,1,0.685285928822162
"1268","1250","Ec_N",22,8,8,"Ec",26,1,0,0,1,1,0.685285928822162
"1269","1250","Ec_N",22,9,9,"Ec",26,1,0,0,1,1,0.685285928822162
"1270","1250","Ec_N",22,10,10,"Ec",26,1,0,0,1,1,0.685285928822162
"1271","1250","Ec_N",22,11,11,"Ec",26,1,0,0,1,1,0.685285928822162
"1272","1250","Ec_N",22,12,12,"Ec",26,1,0,0,1,1,0.685285928822162
"1273","1250","Ec_N",22,13,13,"Ec",26,1,0,0,1,1,0.685285928822162
"1274","1250","Ec_N",22,14,14,"Ec",26,1,0,0,1,1,0.685285928822162
"1275","1250","Ec_N",22,15,15,"Ec",26,1,0,0,1,1,0.685285928822162
"1276","1250","Ec_N",22,16,16,"Ec",26,1,0,0,1,1,0.685285928822162
"1277","1250","Ec_N",22,17,17,"Ec",26,1,0,0,1,1,0.685285928822162
"1278","1250","Ec_N",22,18,18,"Ec",26,1,0,0,1,1,0.685285928822162
"1279","1250","Ec_N",22,19,19,"Ec",26,1,0,0,1,1,0.685285928822162
"1280","1250","Ec_N",22,20,20,"Ec",26,1,0,0,1,1,0.685285928822162
"1281","1250","Ec_N",22,21,21,"Ec",26,1,0,0,1,1,0.685285928822162
"1282","1250","Ec_N",22,22,22,"Ec",26,1,0,0,1,1,0.685285928822162
"1283","1250","Ec_N",22,23,23,"Ec",26,1,0,0,1,1,0.685285928822162
"1284","1250","Ec_N",22,24,24,"Ec",26,1,0,0,1,1,0.685285928822162
"1285","1250","Ec_N",22,25,25,"Ec",26,1,0,0,1,1,0.685285928822162
"1286","1250","Ec_N",22,26,26,"Ec",26,1,0,0,1,1,0.685285928822162
"1287","1250","Ec_N",22,27,27,"Ec",26,1,0,0,1,1,0.685285928822162
"1288","1250","Ec_N",22,28,28,"Ec",26,1,0,0,1,1,0.685285928822162
"1289","1250","Ec_N",22,29,29,"Ec",26,1,0,0,1,1,0.685285928822162
"1290","1250","Ec_N",22,30,30,"Ec",26,1,0,0,1,1,0.685285928822162
"1291","1250","Ec_N",22,31,31,"Ec",26,1,0,0,1,1,0.685285928822162
"1292","1250","Ec_N",22,32,32,"Ec",26,1,0,0,1,1,0.685285928822162
"1293","1250","Ec_N",22,33,33,"Ec",26,1,0,0,1,1,0.685285928822162
"1294","1250","Ec_N",22,34,34,"Ec",28,1,1,0,1,1,0.770762719311211
"1295","1250","Ec_N",22,35,35,"Ec",28,1,1,0,1,1,0.770762719311211
"1296","1250","Ec_N",22,36,36,"Ec",28,1,1,0,1,1,0.770762719311211
"1297","1250","Ec_N",22,37,37,"Ec",28,1,1,0,1,1,0.770762719311211
"1298","1250","Ec_N",22,38,38,"Ec",28,1,1,0,1,1,0.770762719311211
"1299","1250","Ec_N",22,39,39,"Ec",28,1,1,0,1,1,0.770762719311211
"1300","1250","Ec_N",22,40,40,"Ec",28,1,1,0,1,1,0.770762719311211
"1301","1250","Ec_N",22,41,41,"Ec",28,1,1,0,1,1,0.770762719311211
"1302","1250","Ec_N",22,42,42,"Ec",28,1,1,0,1,1,0.770762719311211
"1303","1250","Ec_N",22,43,43,"Ec",28,1,1,0,1,1,0.770762719311211
"1304","1250","Ec_N",22,44,44,"Ec",28,1,1,0,1,1,0.770762719311211
"1305","1250","Ec_N",22,45,45,"Ec",28,1,1,0,1,1,0.770762719311211
"1306","1250","Ec_N",22,46,46,"Ec",28,1,1,0,1,1,0.770762719311211
"1307","1250","Ec_N",22,47,47,"Ec",28,1,1,0,1,1,0.770762719311211
"1308","1250","Ec_N",22,48,48,"Ec",28,1,1,0,1,1,0.770762719311211
"1309","1250","Ec_N",22,49,49,"Ec",28,1,1,0,1,1,0.770762719311211
"1310","1250","Ec_N",22,50,50,"Ec",32,1,1,1,1,1,1
"1311","1250","Ec_N",22,51,51,"Ec",32,1,1,1,1,1,1
"1312","1250","Ec_N",22,52,52,"Ec",32,1,1,1,1,1,1
"1313","1250","Ec_N",22,53,53,"Ec",32,1,1,1,1,1,1
"1314","1250","Ec_N",22,54,54,"Ec",32,1,1,1,1,1,1
"1315","1250","Ec_N",22,55,55,"Ec",32,1,1,1,1,1,1
"1316","1250","Ec_N",22,56,56,"Ec",32,1,1,1,1,1,1
"1317","1250","Ec_N",22,57,57,"Ec",32,1,1,1,1,1,1
"1318","1250","Ec_N",22,58,58,"Ec",32,1,1,1,1,1,1
"1319","1250","Ec_N",22,59,59,"Ec",32,1,1,1,1,1,1
"1320","1250","Ec_N",22,60,60,"Ec",32,1,1,1,1,1,1
"1321","1250","Ec_N",23,1,1,"Ec",1,0,0,0,0,0,0
"1322","1250","Ec_N",23,2,2,"Ec",1,0,0,0,0,0,0
"1323","1250","Ec_N",23,3,3,"Ec",1,0,0,0,0,0,0
"1324","1250","Ec_N",23,4,4,"Ec",1,0,0,0,0,0,0
"1325","1250","Ec_N",23,5,5,"Ec",17,0,0,0,0,1,0.14692246949649
"1326","1250","Ec_N",23,6,6,"Ec",17,0,0,0,0,1,0.14692246949649
"1327","1250","Ec_N",23,7,7,"Ec",17,0,0,0,0,1,0.14692246949649
"1328","1250","Ec_N",23,8,8,"Ec",17,0,0,0,0,1,0.14692246949649
"1329","1250","Ec_N",23,9,9,"Ec",17,0,0,0,0,1,0.14692246949649
"1330","1250","Ec_N",23,10,10,"Ec",17,0,0,0,0,1,0.14692246949649
"1331","1250","Ec_N",23,11,11,"Ec",17,0,0,0,0,1,0.14692246949649
"1332","1250","Ec_N",23,12,12,"Ec",17,0,0,0,0,1,0.14692246949649
"1333","1250","Ec_N",23,13,13,"Ec",17,0,0,0,0,1,0.14692246949649
"1334","1250","Ec_N",23,14,14,"Ec",17,0,0,0,0,1,0.14692246949649
"1335","1250","Ec_N",23,15,15,"Ec",17,0,0,0,0,1,0.14692246949649
"1336","1250","Ec_N",23,16,16,"Ec",17,0,0,0,0,1,0.14692246949649
"1337","1250","Ec_N",23,17,17,"Ec",17,0,0,0,0,1,0.14692246949649
"1338","1250","Ec_N",23,18,18,"Ec",19,0,1,0,0,1,0.179678659430889
"1339","1250","Ec_N",23,19,19,"Ec",19,0,1,0,0,1,0.179678659430889
"1340","1250","Ec_N",23,20,20,"Ec",19,0,1,0,0,1,0.179678659430889
"1341","1250","Ec_N",23,21,21,"Ec",19,0,1,0,0,1,0.179678659430889
"1342","1250","Ec_N",23,22,22,"Ec",19,0,1,0,0,1,0.179678659430889
"1343","1250","Ec_N",23,23,23,"Ec",19,0,1,0,0,1,0.179678659430889
"1344","1250","Ec_N",23,24,24,"Ec",27,0,1,0,1,1,0.50104458373578
"1345","1250","Ec_N",23,25,25,"Ec",27,0,1,0,1,1,0.50104458373578
"1346","1250","Ec_N",23,26,26,"Ec",27,0,1,0,1,1,0.50104458373578
"1347","1250","Ec_N",23,27,27,"Ec",27,0,1,0,1,1,0.50104458373578
"1348","1250","Ec_N",23,28,28,"Ec",27,0,1,0,1,1,0.50104458373578
"1349","1250","Ec_N",23,29,29,"Ec",31,0,1,1,1,1,0.778987345540232
"1350","1250","Ec_N",23,30,30,"Ec",31,0,1,1,1,1,0.778987345540232
"1351","1250","Ec_N",23,31,31,"Ec",31,0,1,1,1,1,0.778987345540232
"1352","1250","Ec_N",23,32,32,"Ec",31,0,1,1,1,1,0.778987345540232
"1353","1250","Ec_N",23,33,33,"Ec",31,0,1,1,1,1,0.778987345540232
"1354","1250","Ec_N",23,34,34,"Ec",31,0,1,1,1,1,0.778987345540232
"1355","1250","Ec_N",23,35,35,"Ec",31,0,1,1,1,1,0.778987345540232
"1356","1250","Ec_N",23,36,36,"Ec",31,0,1,1,1,1,0.778987345540232
"1357","1250","Ec_N",23,37,37,"Ec",31,0,1,1,1,1,0.778987345540232
"1358","1250","Ec_N",23,38,38,"Ec",31,0,1,1,1,1,0.778987345540232
"1359","1250","Ec_N",23,39,39,"Ec",31,0,1,1,1,1,0.778987345540232
"1360","1250","Ec_N",23,40,40,"Ec",31,0,1,1,1,1,0.778987345540232
"1361","1250","Ec_N",23,41,41,"Ec",31,0,1,1,1,1,0.778987345540232
"1362","1250","Ec_N",23,42,42,"Ec",31,0,1,1,1,1,0.778987345540232
"1363","1250","Ec_N",23,43,43,"Ec",31,0,1,1,1,1,0.778987345540232
"1364","1250","Ec_N",23,44,44,"Ec",32,1,1,1,1,1,1
"1365","1250","Ec_N",23,45,45,"Ec",32,1,1,1,1,1,1
"1366","1250","Ec_N",23,46,46,"Ec",32,1,1,1,1,1,1
"1367","1250","Ec_N",23,47,47,"Ec",32,1,1,1,1,1,1
"1368","1250","Ec_N",23,48,48,"Ec",32,1,1,1,1,1,1
"1369","1250","Ec_N",23,49,49,"Ec",32,1,1,1,1,1,1
"1370","1250","Ec_N",23,50,50,"Ec",32,1,1,1,1,1,1
"1371","1250","Ec_N",23,51,51,"Ec",32,1,1,1,1,1,1
"1372","1250","Ec_N",23,52,52,"Ec",32,1,1,1,1,1,1
"1373","1250","Ec_N",23,53,53,"Ec",32,1,1,1,1,1,1
"1374","1250","Ec_N",23,54,54,"Ec",32,1,1,1,1,1,1
"1375","1250","Ec_N",23,55,55,"Ec",32,1,1,1,1,1,1
"1376","1250","Ec_N",23,56,56,"Ec",32,1,1,1,1,1,1
"1377","1250","Ec_N",23,57,57,"Ec",32,1,1,1,1,1,1
"1378","1250","Ec_N",23,58,58,"Ec",32,1,1,1,1,1,1
"1379","1250","Ec_N",23,59,59,"Ec",32,1,1,1,1,1,1
"1380","1250","Ec_N",23,60,60,"Ec",32,1,1,1,1,1,1
"1381","1250","Ec_N",24,1,1,"Ec",1,0,0,0,0,0,0
"1382","1250","Ec_N",24,2,2,"Ec",17,0,0,0,0,1,0.14692246949649
"1383","1250","Ec_N",24,3,3,"Ec",17,0,0,0,0,1,0.14692246949649
"1384","1250","Ec_N",24,4,4,"Ec",17,0,0,0,0,1,0.14692246949649
"1385","1250","Ec_N",24,5,5,"Ec",17,0,0,0,0,1,0.14692246949649
"1386","1250","Ec_N",24,6,6,"Ec",17,0,0,0,0,1,0.14692246949649
"1387","1250","Ec_N",24,7,7,"Ec",17,0,0,0,0,1,0.14692246949649
"1388","1250","Ec_N",24,8,8,"Ec",17,0,0,0,0,1,0.14692246949649
"1389","1250","Ec_N",24,9,9,"Ec",17,0,0,0,0,1,0.14692246949649
"1390","1250","Ec_N",24,10,10,"Ec",17,0,0,0,0,1,0.14692246949649
"1391","1250","Ec_N",24,11,11,"Ec",17,0,0,0,0,1,0.14692246949649
"1392","1250","Ec_N",24,12,12,"Ec",17,0,0,0,0,1,0.14692246949649
"1393","1250","Ec_N",24,13,13,"Ec",17,0,0,0,0,1,0.14692246949649
"1394","1250","Ec_N",24,14,14,"Ec",17,0,0,0,0,1,0.14692246949649
"1395","1250","Ec_N",24,15,15,"Ec",17,0,0,0,0,1,0.14692246949649
"1396","1250","Ec_N",24,16,16,"Ec",17,0,0,0,0,1,0.14692246949649
"1397","1250","Ec_N",24,17,17,"Ec",19,0,1,0,0,1,0.179678659430889
"1398","1250","Ec_N",24,18,18,"Ec",19,0,1,0,0,1,0.179678659430889
"1399","1250","Ec_N",24,19,19,"Ec",19,0,1,0,0,1,0.179678659430889
"1400","1250","Ec_N",24,20,20,"Ec",19,0,1,0,0,1,0.179678659430889
"1401","1250","Ec_N",24,21,21,"Ec",19,0,1,0,0,1,0.179678659430889
"1402","1250","Ec_N",24,22,22,"Ec",23,0,1,1,0,1,0.511241695498657
"1403","1250","Ec_N",24,23,23,"Ec",23,0,1,1,0,1,0.511241695498657
"1404","1250","Ec_N",24,24,24,"Ec",23,0,1,1,0,1,0.511241695498657
"1405","1250","Ec_N",24,25,25,"Ec",23,0,1,1,0,1,0.511241695498657
"1406","1250","Ec_N",24,26,26,"Ec",31,0,1,1,1,1,0.778987345540232
"1407","1250","Ec_N",24,27,27,"Ec",31,0,1,1,1,1,0.778987345540232
"1408","1250","Ec_N",24,28,28,"Ec",31,0,1,1,1,1,0.778987345540232
"1409","1250","Ec_N",24,29,29,"Ec",31,0,1,1,1,1,0.778987345540232
"1410","1250","Ec_N",24,30,30,"Ec",31,0,1,1,1,1,0.778987345540232
"1411","1250","Ec_N",24,31,31,"Ec",31,0,1,1,1,1,0.778987345540232
"1412","1250","Ec_N",24,32,32,"Ec",31,0,1,1,1,1,0.778987345540232
"1413","1250","Ec_N",24,33,33,"Ec",31,0,1,1,1,1,0.778987345540232
"1414","1250","Ec_N",24,34,34,"Ec",31,0,1,1,1,1,0.778987345540232
"1415","1250","Ec_N",24,35,35,"Ec",31,0,1,1,1,1,0.778987345540232
"1416","1250","Ec_N",24,36,36,"Ec",31,0,1,1,1,1,0.778987345540232
"1417","1250","Ec_N",24,37,37,"Ec",31,0,1,1,1,1,0.778987345540232
"1418","1250","Ec_N",24,38,38,"Ec",31,0,1,1,1,1,0.778987345540232
"1419","1250","Ec_N",24,39,39,"Ec",31,0,1,1,1,1,0.778987345540232
"1420","1250","Ec_N",24,40,40,"Ec",31,0,1,1,1,1,0.778987345540232
"1421","1250","Ec_N",24,41,41,"Ec",31,0,1,1,1,1,0.778987345540232
"1422","1250","Ec_N",24,42,42,"Ec",31,0,1,1,1,1,0.778987345540232
"1423","1250","Ec_N",24,43,43,"Ec",31,0,1,1,1,1,0.778987345540232
"1424","1250","Ec_N",24,44,44,"Ec",31,0,1,1,1,1,0.778987345540232
"1425","1250","Ec_N",24,45,45,"Ec",31,0,1,1,1,1,0.778987345540232
"1426","1250","Ec_N",24,46,46,"Ec",31,0,1,1,1,1,0.778987345540232
"1427","1250","Ec_N",24,47,47,"Ec",31,0,1,1,1,1,0.778987345540232
"1428","1250","Ec_N",24,48,48,"Ec",31,0,1,1,1,1,0.778987345540232
"1429","1250","Ec_N",24,49,49,"Ec",31,0,1,1,1,1,0.778987345540232
"1430","1250","Ec_N",24,50,50,"Ec",31,0,1,1,1,1,0.778987345540232
"1431","1250","Ec_N",24,51,51,"Ec",31,0,1,1,1,1,0.778987345540232
"1432","1250","Ec_N",24,52,52,"Ec",31,0,1,1,1,1,0.778987345540232
"1433","1250","Ec_N",24,53,53,"Ec",31,0,1,1,1,1,0.778987345540232
"1434","1250","Ec_N",24,54,54,"Ec",31,0,1,1,1,1,0.778987345540232
"1435","1250","Ec_N",24,55,55,"Ec",31,0,1,1,1,1,0.778987345540232
"1436","1250","Ec_N",24,56,56,"Ec",31,0,1,1,1,1,0.778987345540232
"1437","1250","Ec_N",24,57,57,"Ec",31,0,1,1,1,1,0.778987345540232
"1438","1250","Ec_N",24,58,58,"Ec",31,0,1,1,1,1,0.778987345540232
"1439","1250","Ec_N",24,59,59,"Ec",31,0,1,1,1,1,0.778987345540232
"1440","1250","Ec_N",24,60,60,"Ec",31,0,1,1,1,1,0.778987345540232
"1441","1250","Ec_N",25,1,1,"Ec",1,0,0,0,0,0,0
"1442","1250","Ec_N",25,2,2,"Ec",1,0,0,0,0,0,0
"1443","1250","Ec_N",25,3,3,"Ec",1,0,0,0,0,0,0
"1444","1250","Ec_N",25,4,4,"Ec",3,0,1,0,0,0,0.082650579415114
"1445","1250","Ec_N",25,5,5,"Ec",7,0,1,1,0,0,0.314714071177838
"1446","1250","Ec_N",25,6,6,"Ec",7,0,1,1,0,0,0.314714071177838
"1447","1250","Ec_N",25,7,7,"Ec",7,0,1,1,0,0,0.314714071177838
"1448","1250","Ec_N",25,8,8,"Ec",7,0,1,1,0,0,0.314714071177838
"1449","1250","Ec_N",25,9,9,"Ec",7,0,1,1,0,0,0.314714071177838
"1450","1250","Ec_N",25,10,10,"Ec",7,0,1,1,0,0,0.314714071177838
"1451","1250","Ec_N",25,11,11,"Ec",7,0,1,1,0,0,0.314714071177838
"1452","1250","Ec_N",25,12,12,"Ec",7,0,1,1,0,0,0.314714071177838
"1453","1250","Ec_N",25,13,13,"Ec",7,0,1,1,0,0,0.314714071177838
"1454","1250","Ec_N",25,14,14,"Ec",7,0,1,1,0,0,0.314714071177838
"1455","1250","Ec_N",25,15,15,"Ec",7,0,1,1,0,0,0.314714071177838
"1456","1250","Ec_N",25,16,16,"Ec",8,1,1,1,0,0,0.440600849145421
"1457","1250","Ec_N",25,17,17,"Ec",8,1,1,1,0,0,0.440600849145421
"1458","1250","Ec_N",25,18,18,"Ec",8,1,1,1,0,0,0.440600849145421
"1459","1250","Ec_N",25,19,19,"Ec",8,1,1,1,0,0,0.440600849145421
"1460","1250","Ec_N",25,20,20,"Ec",8,1,1,1,0,0,0.440600849145421
"1461","1250","Ec_N",25,21,21,"Ec",8,1,1,1,0,0,0.440600849145421
"1462","1250","Ec_N",25,22,22,"Ec",6,1,0,1,0,0,0.453076146222492
"1463","1250","Ec_N",25,23,23,"Ec",22,1,0,1,0,1,0.649603770543311
"1464","1250","Ec_N",25,24,24,"Ec",22,1,0,1,0,1,0.649603770543311
"1465","1250","Ec_N",25,25,25,"Ec",22,1,0,1,0,1,0.649603770543311
"1466","1250","Ec_N",25,26,26,"Ec",22,1,0,1,0,1,0.649603770543311
"1467","1250","Ec_N",25,27,27,"Ec",22,1,0,1,0,1,0.649603770543311
"1468","1250","Ec_N",25,28,28,"Ec",22,1,0,1,0,1,0.649603770543311
"1469","1250","Ec_N",25,29,29,"Ec",22,1,0,1,0,1,0.649603770543311
"1470","1250","Ec_N",25,30,30,"Ec",22,1,0,1,0,1,0.649603770543311
"1471","1250","Ec_N",25,31,31,"Ec",22,1,0,1,0,1,0.649603770543311
"1472","1250","Ec_N",25,32,32,"Ec",22,1,0,1,0,1,0.649603770543311
"1473","1250","Ec_N",25,33,33,"Ec",22,1,0,1,0,1,0.649603770543311
"1474","1250","Ec_N",25,34,34,"Ec",22,1,0,1,0,1,0.649603770543311
"1475","1250","Ec_N",25,35,35,"Ec",22,1,0,1,0,1,0.649603770543311
"1476","1250","Ec_N",25,36,36,"Ec",22,1,0,1,0,1,0.649603770543311
"1477","1250","Ec_N",25,37,37,"Ec",22,1,0,1,0,1,0.649603770543311
"1478","1250","Ec_N",25,38,38,"Ec",30,1,0,1,1,1,0.981696467924213
"1479","1250","Ec_N",25,39,39,"Ec",30,1,0,1,1,1,0.981696467924213
"1480","1250","Ec_N",25,40,40,"Ec",30,1,0,1,1,1,0.981696467924213
"1481","1250","Ec_N",25,41,41,"Ec",30,1,0,1,1,1,0.981696467924213
"1482","1250","Ec_N",25,42,42,"Ec",30,1,0,1,1,1,0.981696467924213
"1483","1250","Ec_N",25,43,43,"Ec",30,1,0,1,1,1,0.981696467924213
"1484","1250","Ec_N",25,44,44,"Ec",30,1,0,1,1,1,0.981696467924213
"1485","1250","Ec_N",25,45,45,"Ec",30,1,0,1,1,1,0.981696467924213
"1486","1250","Ec_N",25,46,46,"Ec",30,1,0,1,1,1,0.981696467924213
"1487","1250","Ec_N",25,47,47,"Ec",32,1,1,1,1,1,1
"1488","1250","Ec_N",25,48,48,"Ec",32,1,1,1,1,1,1
"1489","1250","Ec_N",25,49,49,"Ec",32,1,1,1,1,1,1
"1490","1250","Ec_N",25,50,50,"Ec",32,1,1,1,1,1,1
"1491","1250","Ec_N",25,51,51,"Ec",32,1,1,1,1,1,1
"1492","1250","Ec_N",25,52,52,"Ec",32,1,1,1,1,1,1
"1493","1250","Ec_N",25,53,53,"Ec",32,1,1,1,1,1,1
"1494","1250","Ec_N",25,54,54,"Ec",32,1,1,1,1,1,1
"1495","1250","Ec_N",25,55,55,"Ec",32,1,1,1,1,1,1
"1496","1250","Ec_N",25,56,56,"Ec",32,1,1,1,1,1,1
"1497","1250","Ec_N",25,57,57,"Ec",32,1,1,1,1,1,1
"1498","1250","Ec_N",25,58,58,"Ec",32,1,1,1,1,1,1
"1499","1250","Ec_N",25,59,59,"Ec",32,1,1,1,1,1,1
"1500","1250","Ec_N",25,60,60,"Ec",32,1,1,1,1,1,1
"1501","1250","Ec_N",26,1,1,"Ec",1,0,0,0,0,0,0
"1502","1250","Ec_N",26,2,2,"Ec",1,0,0,0,0,0,0
"1503","1250","Ec_N",26,3,3,"Ec",9,0,0,0,1,0,0.267745650041575
"1504","1250","Ec_N",26,4,4,"Ec",9,0,0,0,1,0,0.267745650041575
"1505","1250","Ec_N",26,5,5,"Ec",9,0,0,0,1,0,0.267745650041575
"1506","1250","Ec_N",26,6,6,"Ec",9,0,0,0,1,0,0.267745650041575
"1507","1250","Ec_N",26,7,7,"Ec",9,0,0,0,1,0,0.267745650041575
"1508","1250","Ec_N",26,8,8,"Ec",9,0,0,0,1,0,0.267745650041575
"1509","1250","Ec_N",26,9,9,"Ec",9,0,0,0,1,0,0.267745650041575
"1510","1250","Ec_N",26,10,10,"Ec",9,0,0,0,1,0,0.267745650041575
"1511","1250","Ec_N",26,11,11,"Ec",9,0,0,0,1,0,0.267745650041575
"1512","1250","Ec_N",26,12,12,"Ec",10,1,0,0,1,0,0.488758304501343
"1513","1250","Ec_N",26,13,13,"Ec",10,1,0,0,1,0,0.488758304501343
"1514","1250","Ec_N",26,14,14,"Ec",10,1,0,0,1,0,0.488758304501343
"1515","1250","Ec_N",26,15,15,"Ec",10,1,0,0,1,0,0.488758304501343
"1516","1250","Ec_N",26,16,16,"Ec",26,1,0,0,1,1,0.685285928822162
"1517","1250","Ec_N",26,17,17,"Ec",26,1,0,0,1,1,0.685285928822162
"1518","1250","Ec_N",26,18,18,"Ec",26,1,0,0,1,1,0.685285928822162
"1519","1250","Ec_N",26,19,19,"Ec",26,1,0,0,1,1,0.685285928822162
"1520","1250","Ec_N",26,20,20,"Ec",26,1,0,0,1,1,0.685285928822162
"1521","1250","Ec_N",26,21,21,"Ec",26,1,0,0,1,1,0.685285928822162
"1522","1250","Ec_N",26,22,22,"Ec",26,1,0,0,1,1,0.685285928822162
"1523","1250","Ec_N",26,23,23,"Ec",28,1,1,0,1,1,0.770762719311211
"1524","1250","Ec_N",26,24,24,"Ec",28,1,1,0,1,1,0.770762719311211
"1525","1250","Ec_N",26,25,25,"Ec",28,1,1,0,1,1,0.770762719311211
"1526","1250","Ec_N",26,26,26,"Ec",28,1,1,0,1,1,0.770762719311211
"1527","1250","Ec_N",26,27,27,"Ec",28,1,1,0,1,1,0.770762719311211
"1528","1250","Ec_N",26,28,28,"Ec",32,1,1,1,1,1,1
"1529","1250","Ec_N",26,29,29,"Ec",32,1,1,1,1,1,1
"1530","1250","Ec_N",26,30,30,"Ec",32,1,1,1,1,1,1
"1531","1250","Ec_N",26,31,31,"Ec",32,1,1,1,1,1,1
"1532","1250","Ec_N",26,32,32,"Ec",32,1,1,1,1,1,1
"1533","1250","Ec_N",26,33,33,"Ec",32,1,1,1,1,1,1
"1534","1250","Ec_N",26,34,34,"Ec",32,1,1,1,1,1,1
"1535","1250","Ec_N",26,35,35,"Ec",32,1,1,1,1,1,1
"1536","1250","Ec_N",26,36,36,"Ec",32,1,1,1,1,1,1
"1537","1250","Ec_N",26,37,37,"Ec",32,1,1,1,1,1,1
"1538","1250","Ec_N",26,38,38,"Ec",32,1,1,1,1,1,1
"1539","1250","Ec_N",26,39,39,"Ec",32,1,1,1,1,1,1
"1540","1250","Ec_N",26,40,40,"Ec",32,1,1,1,1,1,1
"1541","1250","Ec_N",26,41,41,"Ec",32,1,1,1,1,1,1
"1542","1250","Ec_N",26,42,42,"Ec",32,1,1,1,1,1,1
"1543","1250","Ec_N",26,43,43,"Ec",32,1,1,1,1,1,1
"1544","1250","Ec_N",26,44,44,"Ec",32,1,1,1,1,1,1
"1545","1250","Ec_N",26,45,45,"Ec",32,1,1,1,1,1,1
"1546","1250","Ec_N",26,46,46,"Ec",32,1,1,1,1,1,1
"1547","1250","Ec_N",26,47,47,"Ec",32,1,1,1,1,1,1
"1548","1250","Ec_N",26,48,48,"Ec",32,1,1,1,1,1,1
"1549","1250","Ec_N",26,49,49,"Ec",32,1,1,1,1,1,1
"1550","1250","Ec_N",26,50,50,"Ec",32,1,1,1,1,1,1
"1551","1250","Ec_N",26,51,51,"Ec",32,1,1,1,1,1,1
"1552","1250","Ec_N",26,52,52,"Ec",32,1,1,1,1,1,1
"1553","1250","Ec_N",26,53,53,"Ec",32,1,1,1,1,1,1
"1554","1250","Ec_N",26,54,54,"Ec",32,1,1,1,1,1,1
"1555","1250","Ec_N",26,55,55,"Ec",32,1,1,1,1,1,1
"1556","1250","Ec_N",26,56,56,"Ec",32,1,1,1,1,1,1
"1557","1250","Ec_N",26,57,57,"Ec",32,1,1,1,1,1,1
"1558","1250","Ec_N",26,58,58,"Ec",32,1,1,1,1,1,1
"1559","1250","Ec_N",26,59,59,"Ec",32,1,1,1,1,1,1
"1560","1250","Ec_N",26,60,60,"Ec",32,1,1,1,1,1,1
"1561","1250","Ec_N",27,1,1,"Ec",1,0,0,0,0,0,0
"1562","1250","Ec_N",27,2,2,"Ec",1,0,0,0,0,0,0
"1563","1250","Ec_N",27,3,3,"Ec",1,0,0,0,0,0,0
"1564","1250","Ec_N",27,4,4,"Ec",1,0,0,0,0,0,0
"1565","1250","Ec_N",27,5,5,"Ec",1,0,0,0,0,0,0
"1566","1250","Ec_N",27,6,6,"Ec",1,0,0,0,0,0,0
"1567","1250","Ec_N",27,7,7,"Ec",1,0,0,0,0,0,0
"1568","1250","Ec_N",27,8,8,"Ec",1,0,0,0,0,0,0
"1569","1250","Ec_N",27,9,9,"Ec",1,0,0,0,0,0,0
"1570","1250","Ec_N",27,10,10,"Ec",1,0,0,0,0,0,0
"1571","1250","Ec_N",27,11,11,"Ec",1,0,0,0,0,0,0
"1572","1250","Ec_N",27,12,12,"Ec",1,0,0,0,0,0,0
"1573","1250","Ec_N",27,13,13,"Ec",1,0,0,0,0,0,0
"1574","1250","Ec_N",27,14,14,"Ec",5,0,0,1,0,0,0.232063491762724
"1575","1250","Ec_N",27,15,15,"Ec",5,0,0,1,0,0,0.232063491762724
"1576","1250","Ec_N",27,16,16,"Ec",7,0,1,1,0,0,0.314714071177838
"1577","1250","Ec_N",27,17,17,"Ec",7,0,1,1,0,0,0.314714071177838
"1578","1250","Ec_N",27,18,18,"Ec",7,0,1,1,0,0,0.314714071177838
"1579","1250","Ec_N",27,19,19,"Ec",7,0,1,1,0,0,0.314714071177838
"1580","1250","Ec_N",27,20,20,"Ec",7,0,1,1,0,0,0.314714071177838
"1581","1250","Ec_N",27,21,21,"Ec",7,0,1,1,0,0,0.314714071177838
"1582","1250","Ec_N",27,22,22,"Ec",7,0,1,1,0,0,0.314714071177838
"1583","1250","Ec_N",27,23,23,"Ec",7,0,1,1,0,0,0.314714071177838
"1584","1250","Ec_N",27,24,24,"Ec",7,0,1,1,0,0,0.314714071177838
"1585","1250","Ec_N",27,25,25,"Ec",7,0,1,1,0,0,0.314714071177838
"1586","1250","Ec_N",27,26,26,"Ec",7,0,1,1,0,0,0.314714071177838
"1587","1250","Ec_N",27,27,27,"Ec",7,0,1,1,0,0,0.314714071177838
"1588","1250","Ec_N",27,28,28,"Ec",7,0,1,1,0,0,0.314714071177838
"1589","1250","Ec_N",27,29,29,"Ec",7,0,1,1,0,0,0.314714071177838
"1590","1250","Ec_N",27,30,30,"Ec",7,0,1,1,0,0,0.314714071177838
"1591","1250","Ec_N",27,31,31,"Ec",7,0,1,1,0,0,0.314714071177838
"1592","1250","Ec_N",27,32,32,"Ec",7,0,1,1,0,0,0.314714071177838
"1593","1250","Ec_N",27,33,33,"Ec",7,0,1,1,0,0,0.314714071177838
"1594","1250","Ec_N",27,34,34,"Ec",7,0,1,1,0,0,0.314714071177838
"1595","1250","Ec_N",27,35,35,"Ec",7,0,1,1,0,0,0.314714071177838
"1596","1250","Ec_N",27,36,36,"Ec",7,0,1,1,0,0,0.314714071177838
"1597","1250","Ec_N",27,37,37,"Ec",8,1,1,1,0,0,0.440600849145421
"1598","1250","Ec_N",27,38,38,"Ec",8,1,1,1,0,0,0.440600849145421
"1599","1250","Ec_N",27,39,39,"Ec",8,1,1,1,0,0,0.440600849145421
"1600","1250","Ec_N",27,40,40,"Ec",6,1,0,1,0,0,0.453076146222492
"1601","1250","Ec_N",27,41,41,"Ec",6,1,0,1,0,0,0.453076146222492
"1602","1250","Ec_N",27,42,42,"Ec",6,1,0,1,0,0,0.453076146222492
"1603","1250","Ec_N",27,43,43,"Ec",6,1,0,1,0,0,0.453076146222492
"1604","1250","Ec_N",27,44,44,"Ec",6,1,0,1,0,0,0.453076146222492
"1605","1250","Ec_N",27,45,45,"Ec",6,1,0,1,0,0,0.453076146222492
"1606","1250","Ec_N",27,46,46,"Ec",6,1,0,1,0,0,0.453076146222492
"1607","1250","Ec_N",27,47,47,"Ec",6,1,0,1,0,0,0.453076146222492
"1608","1250","Ec_N",27,48,48,"Ec",6,1,0,1,0,0,0.453076146222492
"1609","1250","Ec_N",27,49,49,"Ec",22,1,0,1,0,1,0.649603770543311
"1610","1250","Ec_N",27,50,50,"Ec",22,1,0,1,0,1,0.649603770543311
"1611","1250","Ec_N",27,51,51,"Ec",22,1,0,1,0,1,0.649603770543311
"1612","1250","Ec_N",27,52,52,"Ec",22,1,0,1,0,1,0.649603770543311
"1613","1250","Ec_N",27,53,53,"Ec",22,1,0,1,0,1,0.649603770543311
"1614","1250","Ec_N",27,54,54,"Ec",22,1,0,1,0,1,0.649603770543311
"1615","1250","Ec_N",27,55,55,"Ec",22,1,0,1,0,1,0.649603770543311
"1616","1250","Ec_N",27,56,56,"Ec",22,1,0,1,0,1,0.649603770543311
"1617","1250","Ec_N",27,57,57,"Ec",22,1,0,1,0,1,0.649603770543311
"1618","1250","Ec_N",27,58,58,"Ec",22,1,0,1,0,1,0.649603770543311
"1619","1250","Ec_N",27,59,59,"Ec",22,1,0,1,0,1,0.649603770543311
"1620","1250","Ec_N",27,60,60,"Ec",22,1,0,1,0,1,0.649603770543311
"1621","1250","Ec_N",28,1,1,"Ec",1,0,0,0,0,0,0
"1622","1250","Ec_N",28,2,2,"Ec",1,0,0,0,0,0,0
"1623","1250","Ec_N",28,3,3,"Ec",1,0,0,0,0,0,0
"1624","1250","Ec_N",28,4,4,"Ec",1,0,0,0,0,0,0
"1625","1250","Ec_N",28,5,5,"Ec",1,0,0,0,0,0,0
"1626","1250","Ec_N",28,6,6,"Ec",1,0,0,0,0,0,0
"1627","1250","Ec_N",28,7,7,"Ec",1,0,0,0,0,0,0
"1628","1250","Ec_N",28,8,8,"Ec",1,0,0,0,0,0,0
"1629","1250","Ec_N",28,9,9,"Ec",1,0,0,0,0,0,0
"1630","1250","Ec_N",28,10,10,"Ec",9,0,0,0,1,0,0.267745650041575
"1631","1250","Ec_N",28,11,11,"Ec",9,0,0,0,1,0,0.267745650041575
"1632","1250","Ec_N",28,12,12,"Ec",9,0,0,0,1,0,0.267745650041575
"1633","1250","Ec_N",28,13,13,"Ec",9,0,0,0,1,0,0.267745650041575
"1634","1250","Ec_N",28,14,14,"Ec",9,0,0,0,1,0,0.267745650041575
"1635","1250","Ec_N",28,15,15,"Ec",9,0,0,0,1,0,0.267745650041575
"1636","1250","Ec_N",28,16,16,"Ec",9,0,0,0,1,0,0.267745650041575
"1637","1250","Ec_N",28,17,17,"Ec",9,0,0,0,1,0,0.267745650041575
"1638","1250","Ec_N",28,18,18,"Ec",9,0,0,0,1,0,0.267745650041575
"1639","1250","Ec_N",28,19,19,"Ec",9,0,0,0,1,0,0.267745650041575
"1640","1250","Ec_N",28,20,20,"Ec",9,0,0,0,1,0,0.267745650041575
"1641","1250","Ec_N",28,21,21,"Ec",9,0,0,0,1,0,0.267745650041575
"1642","1250","Ec_N",28,22,22,"Ec",9,0,0,0,1,0,0.267745650041575
"1643","1250","Ec_N",28,23,23,"Ec",9,0,0,0,1,0,0.267745650041575
"1644","1250","Ec_N",28,24,24,"Ec",9,0,0,0,1,0,0.267745650041575
"1645","1250","Ec_N",28,25,25,"Ec",13,0,0,1,1,0,0.499809141804299
"1646","1250","Ec_N",28,26,26,"Ec",13,0,0,1,1,0,0.499809141804299
"1647","1250","Ec_N",28,27,27,"Ec",13,0,0,1,1,0,0.499809141804299
"1648","1250","Ec_N",28,28,28,"Ec",13,0,0,1,1,0,0.499809141804299
"1649","1250","Ec_N",28,29,29,"Ec",13,0,0,1,1,0,0.499809141804299
"1650","1250","Ec_N",28,30,30,"Ec",13,0,0,1,1,0,0.499809141804299
"1651","1250","Ec_N",28,31,31,"Ec",13,0,0,1,1,0,0.499809141804299
"1652","1250","Ec_N",28,32,32,"Ec",13,0,0,1,1,0,0.499809141804299
"1653","1250","Ec_N",28,33,33,"Ec",13,0,0,1,1,0,0.499809141804299
"1654","1250","Ec_N",28,34,34,"Ec",13,0,0,1,1,0,0.499809141804299
"1655","1250","Ec_N",28,35,35,"Ec",13,0,0,1,1,0,0.499809141804299
"1656","1250","Ec_N",28,36,36,"Ec",14,1,0,1,1,0,0.720821796264067
"1657","1250","Ec_N",28,37,37,"Ec",14,1,0,1,1,0,0.720821796264067
"1658","1250","Ec_N",28,38,38,"Ec",14,1,0,1,1,0,0.720821796264067
"1659","1250","Ec_N",28,39,39,"Ec",14,1,0,1,1,0,0.720821796264067
"1660","1250","Ec_N",28,40,40,"Ec",14,1,0,1,1,0,0.720821796264067
"1661","1250","Ec_N",28,41,41,"Ec",30,1,0,1,1,1,0.981696467924213
"1662","1250","Ec_N",28,42,42,"Ec",30,1,0,1,1,1,0.981696467924213
"1663","1250","Ec_N",28,43,43,"Ec",30,1,0,1,1,1,0.981696467924213
"1664","1250","Ec_N",28,44,44,"Ec",30,1,0,1,1,1,0.981696467924213
"1665","1250","Ec_N",28,45,45,"Ec",30,1,0,1,1,1,0.981696467924213
"1666","1250","Ec_N",28,46,46,"Ec",30,1,0,1,1,1,0.981696467924213
"1667","1250","Ec_N",28,47,47,"Ec",30,1,0,1,1,1,0.981696467924213
"1668","1250","Ec_N",28,48,48,"Ec",30,1,0,1,1,1,0.981696467924213
"1669","1250","Ec_N",28,49,49,"Ec",30,1,0,1,1,1,0.981696467924213
"1670","1250","Ec_N",28,50,50,"Ec",30,1,0,1,1,1,0.981696467924213
"1671","1250","Ec_N",28,51,51,"Ec",30,1,0,1,1,1,0.981696467924213
"1672","1250","Ec_N",28,52,52,"Ec",30,1,0,1,1,1,0.981696467924213
"1673","1250","Ec_N",28,53,53,"Ec",32,1,1,1,1,1,1
"1674","1250","Ec_N",28,54,54,"Ec",32,1,1,1,1,1,1
"1675","1250","Ec_N",28,55,55,"Ec",32,1,1,1,1,1,1
"1676","1250","Ec_N",28,56,56,"Ec",32,1,1,1,1,1,1
"1677","1250","Ec_N",28,57,57,"Ec",32,1,1,1,1,1,1
"1678","1250","Ec_N",28,58,58,"Ec",32,1,1,1,1,1,1
"1679","1250","Ec_N",28,59,59,"Ec",32,1,1,1,1,1,1
"1680","1250","Ec_N",28,60,60,"Ec",32,1,1,1,1,1,1
"1681","1250","Ec_N",29,1,1,"Ec",1,0,0,0,0,0,0
"1682","1250","Ec_N",29,2,2,"Ec",1,0,0,0,0,0,0
"1683","1250","Ec_N",29,3,3,"Ec",1,0,0,0,0,0,0
"1684","1250","Ec_N",29,4,4,"Ec",1,0,0,0,0,0,0
"1685","1250","Ec_N",29,5,5,"Ec",1,0,0,0,0,0,0
"1686","1250","Ec_N",29,6,6,"Ec",1,0,0,0,0,0,0
"1687","1250","Ec_N",29,7,7,"Ec",1,0,0,0,0,0,0
"1688","1250","Ec_N",29,8,8,"Ec",1,0,0,0,0,0,0
"1689","1250","Ec_N",29,9,9,"Ec",1,0,0,0,0,0,0
"1690","1250","Ec_N",29,10,10,"Ec",1,0,0,0,0,0,0
"1691","1250","Ec_N",29,11,11,"Ec",2,1,0,0,0,0,0.221012654459768
"1692","1250","Ec_N",29,12,12,"Ec",2,1,0,0,0,0,0.221012654459768
"1693","1250","Ec_N",29,13,13,"Ec",2,1,0,0,0,0,0.221012654459768
"1694","1250","Ec_N",29,14,14,"Ec",2,1,0,0,0,0,0.221012654459768
"1695","1250","Ec_N",29,15,15,"Ec",2,1,0,0,0,0,0.221012654459768
"1696","1250","Ec_N",29,16,16,"Ec",2,1,0,0,0,0,0.221012654459768
"1697","1250","Ec_N",29,17,17,"Ec",2,1,0,0,0,0,0.221012654459768
"1698","1250","Ec_N",29,18,18,"Ec",2,1,0,0,0,0,0.221012654459768
"1699","1250","Ec_N",29,19,19,"Ec",2,1,0,0,0,0,0.221012654459768
"1700","1250","Ec_N",29,20,20,"Ec",2,1,0,0,0,0,0.221012654459768
"1701","1250","Ec_N",29,21,21,"Ec",2,1,0,0,0,0,0.221012654459768
"1702","1250","Ec_N",29,22,22,"Ec",10,1,0,0,1,0,0.488758304501343
"1703","1250","Ec_N",29,23,23,"Ec",10,1,0,0,1,0,0.488758304501343
"1704","1250","Ec_N",29,24,24,"Ec",14,1,0,1,1,0,0.720821796264067
"1705","1250","Ec_N",29,25,25,"Ec",14,1,0,1,1,0,0.720821796264067
"1706","1250","Ec_N",29,26,26,"Ec",14,1,0,1,1,0,0.720821796264067
"1707","1250","Ec_N",29,27,27,"Ec",14,1,0,1,1,0,0.720821796264067
"1708","1250","Ec_N",29,28,28,"Ec",14,1,0,1,1,0,0.720821796264067
"1709","1250","Ec_N",29,29,29,"Ec",14,1,0,1,1,0,0.720821796264067
"1710","1250","Ec_N",29,30,30,"Ec",14,1,0,1,1,0,0.720821796264067
"1711","1250","Ec_N",29,31,31,"Ec",14,1,0,1,1,0,0.720821796264067
"1712","1250","Ec_N",29,32,32,"Ec",16,1,1,1,1,0,0.879284144928883
"1713","1250","Ec_N",29,33,33,"Ec",16,1,1,1,1,0,0.879284144928883
"1714","1250","Ec_N",29,34,34,"Ec",16,1,1,1,1,0,0.879284144928883
"1715","1250","Ec_N",29,35,35,"Ec",16,1,1,1,1,0,0.879284144928883
"1716","1250","Ec_N",29,36,36,"Ec",16,1,1,1,1,0,0.879284144928883
"1717","1250","Ec_N",29,37,37,"Ec",16,1,1,1,1,0,0.879284144928883
"1718","1250","Ec_N",29,38,38,"Ec",16,1,1,1,1,0,0.879284144928883
"1719","1250","Ec_N",29,39,39,"Ec",16,1,1,1,1,0,0.879284144928883
"1720","1250","Ec_N",29,40,40,"Ec",16,1,1,1,1,0,0.879284144928883
"1721","1250","Ec_N",29,41,41,"Ec",16,1,1,1,1,0,0.879284144928883
"1722","1250","Ec_N",29,42,42,"Ec",16,1,1,1,1,0,0.879284144928883
"1723","1250","Ec_N",29,43,43,"Ec",16,1,1,1,1,0,0.879284144928883
"1724","1250","Ec_N",29,44,44,"Ec",16,1,1,1,1,0,0.879284144928883
"1725","1250","Ec_N",29,45,45,"Ec",16,1,1,1,1,0,0.879284144928883
"1726","1250","Ec_N",29,46,46,"Ec",16,1,1,1,1,0,0.879284144928883
"1727","1250","Ec_N",29,47,47,"Ec",16,1,1,1,1,0,0.879284144928883
"1728","1250","Ec_N",29,48,48,"Ec",16,1,1,1,1,0,0.879284144928883
"1729","1250","Ec_N",29,49,49,"Ec",16,1,1,1,1,0,0.879284144928883
"1730","1250","Ec_N",29,50,50,"Ec",16,1,1,1,1,0,0.879284144928883
"1731","1250","Ec_N",29,51,51,"Ec",16,1,1,1,1,0,0.879284144928883
"1732","1250","Ec_N",29,52,52,"Ec",16,1,1,1,1,0,0.879284144928883
"1733","1250","Ec_N",29,53,53,"Ec",16,1,1,1,1,0,0.879284144928883
"1734","1250","Ec_N",29,54,54,"Ec",16,1,1,1,1,0,0.879284144928883
"1735","1250","Ec_N",29,55,55,"Ec",16,1,1,1,1,0,0.879284144928883
"1736","1250","Ec_N",29,56,56,"Ec",16,1,1,1,1,0,0.879284144928883
"1737","1250","Ec_N",29,57,57,"Ec",16,1,1,1,1,0,0.879284144928883
"1738","1250","Ec_N",29,58,58,"Ec",16,1,1,1,1,0,0.879284144928883
"1739","1250","Ec_N",29,59,59,"Ec",16,1,1,1,1,0,0.879284144928883
"1740","1250","Ec_N",29,60,60,"Ec",16,1,1,1,1,0,0.879284144928883
"1741","1250","Ec_N",30,1,1,"Ec",1,0,0,0,0,0,0
"1742","1250","Ec_N",30,2,2,"Ec",1,0,0,0,0,0,0
"1743","1250","Ec_N",30,3,3,"Ec",1,0,0,0,0,0,0
"1744","1250","Ec_N",30,4,4,"Ec",17,0,0,0,0,1,0.14692246949649
"1745","1250","Ec_N",30,5,5,"Ec",17,0,0,0,0,1,0.14692246949649
"1746","1250","Ec_N",30,6,6,"Ec",17,0,0,0,0,1,0.14692246949649
"1747","1250","Ec_N",30,7,7,"Ec",17,0,0,0,0,1,0.14692246949649
"1748","1250","Ec_N",30,8,8,"Ec",17,0,0,0,0,1,0.14692246949649
"1749","1250","Ec_N",30,9,9,"Ec",17,0,0,0,0,1,0.14692246949649
"1750","1250","Ec_N",30,10,10,"Ec",17,0,0,0,0,1,0.14692246949649
"1751","1250","Ec_N",30,11,11,"Ec",17,0,0,0,0,1,0.14692246949649
"1752","1250","Ec_N",30,12,12,"Ec",17,0,0,0,0,1,0.14692246949649
"1753","1250","Ec_N",30,13,13,"Ec",17,0,0,0,0,1,0.14692246949649
"1754","1250","Ec_N",30,14,14,"Ec",18,1,0,0,0,1,0.417540278780587
"1755","1250","Ec_N",30,15,15,"Ec",18,1,0,0,0,1,0.417540278780587
"1756","1250","Ec_N",30,16,16,"Ec",18,1,0,0,0,1,0.417540278780587
"1757","1250","Ec_N",30,17,17,"Ec",18,1,0,0,0,1,0.417540278780587
"1758","1250","Ec_N",30,18,18,"Ec",18,1,0,0,0,1,0.417540278780587
"1759","1250","Ec_N",30,19,19,"Ec",18,1,0,0,0,1,0.417540278780587
"1760","1250","Ec_N",30,20,20,"Ec",18,1,0,0,0,1,0.417540278780587
"1761","1250","Ec_N",30,21,21,"Ec",18,1,0,0,0,1,0.417540278780587
"1762","1250","Ec_N",30,22,22,"Ec",18,1,0,0,0,1,0.417540278780587
"1763","1250","Ec_N",30,23,23,"Ec",18,1,0,0,0,1,0.417540278780587
"1764","1250","Ec_N",30,24,24,"Ec",26,1,0,0,1,1,0.685285928822162
"1765","1250","Ec_N",30,25,25,"Ec",26,1,0,0,1,1,0.685285928822162
"1766","1250","Ec_N",30,26,26,"Ec",26,1,0,0,1,1,0.685285928822162
"1767","1250","Ec_N",30,27,27,"Ec",26,1,0,0,1,1,0.685285928822162
"1768","1250","Ec_N",30,28,28,"Ec",26,1,0,0,1,1,0.685285928822162
"1769","1250","Ec_N",30,29,29,"Ec",26,1,0,0,1,1,0.685285928822162
"1770","1250","Ec_N",30,30,30,"Ec",26,1,0,0,1,1,0.685285928822162
"1771","1250","Ec_N",30,31,31,"Ec",26,1,0,0,1,1,0.685285928822162
"1772","1250","Ec_N",30,32,32,"Ec",26,1,0,0,1,1,0.685285928822162
"1773","1250","Ec_N",30,33,33,"Ec",26,1,0,0,1,1,0.685285928822162
"1774","1250","Ec_N",30,34,34,"Ec",30,1,0,1,1,1,0.981696467924213
"1775","1250","Ec_N",30,35,35,"Ec",30,1,0,1,1,1,0.981696467924213
"1776","1250","Ec_N",30,36,36,"Ec",30,1,0,1,1,1,0.981696467924213
"1777","1250","Ec_N",30,37,37,"Ec",30,1,0,1,1,1,0.981696467924213
"1778","1250","Ec_N",30,38,38,"Ec",30,1,0,1,1,1,0.981696467924213
"1779","1250","Ec_N",30,39,39,"Ec",30,1,0,1,1,1,0.981696467924213
"1780","1250","Ec_N",30,40,40,"Ec",30,1,0,1,1,1,0.981696467924213
"1781","1250","Ec_N",30,41,41,"Ec",30,1,0,1,1,1,0.981696467924213
"1782","1250","Ec_N",30,42,42,"Ec",30,1,0,1,1,1,0.981696467924213
"1783","1250","Ec_N",30,43,43,"Ec",30,1,0,1,1,1,0.981696467924213
"1784","1250","Ec_N",30,44,44,"Ec",30,1,0,1,1,1,0.981696467924213
"1785","1250","Ec_N",30,45,45,"Ec",30,1,0,1,1,1,0.981696467924213
"1786","1250","Ec_N",30,46,46,"Ec",30,1,0,1,1,1,0.981696467924213
"1787","1250","Ec_N",30,47,47,"Ec",30,1,0,1,1,1,0.981696467924213
"1788","1250","Ec_N",30,48,48,"Ec",30,1,0,1,1,1,0.981696467924213
"1789","1250","Ec_N",30,49,49,"Ec",30,1,0,1,1,1,0.981696467924213
"1790","1250","Ec_N",30,50,50,"Ec",30,1,0,1,1,1,0.981696467924213
"1791","1250","Ec_N",30,51,51,"Ec",30,1,0,1,1,1,0.981696467924213
"1792","1250","Ec_N",30,52,52,"Ec",30,1,0,1,1,1,0.981696467924213
"1793","1250","Ec_N",30,53,53,"Ec",30,1,0,1,1,1,0.981696467924213
"1794","1250","Ec_N",30,54,54,"Ec",30,1,0,1,1,1,0.981696467924213
"1795","1250","Ec_N",30,55,55,"Ec",30,1,0,1,1,1,0.981696467924213
"1796","1250","Ec_N",30,56,56,"Ec",30,1,0,1,1,1,0.981696467924213
"1797","1250","Ec_N",30,57,57,"Ec",32,1,1,1,1,1,1
"1798","1250","Ec_N",30,58,58,"Ec",32,1,1,1,1,1,1
"1799","1250","Ec_N",30,59,59,"Ec",32,1,1,1,1,1,1
"1800","1250","Ec_N",30,60,60,"Ec",32,1,1,1,1,1,1
"1801","1250","Ec_N",31,1,1,"Ec",1,0,0,0,0,0,0
"1802","1250","Ec_N",31,2,2,"Ec",1,0,0,0,0,0,0
"1803","1250","Ec_N",31,3,3,"Ec",9,0,0,0,1,0,0.267745650041575
"1804","1250","Ec_N",31,4,4,"Ec",9,0,0,0,1,0,0.267745650041575
"1805","1250","Ec_N",31,5,5,"Ec",13,0,0,1,1,0,0.499809141804299
"1806","1250","Ec_N",31,6,6,"Ec",13,0,0,1,1,0,0.499809141804299
"1807","1250","Ec_N",31,7,7,"Ec",13,0,0,1,1,0,0.499809141804299
"1808","1250","Ec_N",31,8,8,"Ec",14,1,0,1,1,0,0.720821796264067
"1809","1250","Ec_N",31,9,9,"Ec",14,1,0,1,1,0,0.720821796264067
"1810","1250","Ec_N",31,10,10,"Ec",14,1,0,1,1,0,0.720821796264067
"1811","1250","Ec_N",31,11,11,"Ec",14,1,0,1,1,0,0.720821796264067
"1812","1250","Ec_N",31,12,12,"Ec",14,1,0,1,1,0,0.720821796264067
"1813","1250","Ec_N",31,13,13,"Ec",14,1,0,1,1,0,0.720821796264067
"1814","1250","Ec_N",31,14,14,"Ec",14,1,0,1,1,0,0.720821796264067
"1815","1250","Ec_N",31,15,15,"Ec",14,1,0,1,1,0,0.720821796264067
"1816","1250","Ec_N",31,16,16,"Ec",14,1,0,1,1,0,0.720821796264067
"1817","1250","Ec_N",31,17,17,"Ec",14,1,0,1,1,0,0.720821796264067
"1818","1250","Ec_N",31,18,18,"Ec",14,1,0,1,1,0,0.720821796264067
"1819","1250","Ec_N",31,19,19,"Ec",14,1,0,1,1,0,0.720821796264067
"1820","1250","Ec_N",31,20,20,"Ec",14,1,0,1,1,0,0.720821796264067
"1821","1250","Ec_N",31,21,21,"Ec",14,1,0,1,1,0,0.720821796264067
"1822","1250","Ec_N",31,22,22,"Ec",14,1,0,1,1,0,0.720821796264067
"1823","1250","Ec_N",31,23,23,"Ec",14,1,0,1,1,0,0.720821796264067
"1824","1250","Ec_N",31,24,24,"Ec",14,1,0,1,1,0,0.720821796264067
"1825","1250","Ec_N",31,25,25,"Ec",14,1,0,1,1,0,0.720821796264067
"1826","1250","Ec_N",31,26,26,"Ec",14,1,0,1,1,0,0.720821796264067
"1827","1250","Ec_N",31,27,27,"Ec",14,1,0,1,1,0,0.720821796264067
"1828","1250","Ec_N",31,28,28,"Ec",14,1,0,1,1,0,0.720821796264067
"1829","1250","Ec_N",31,29,29,"Ec",14,1,0,1,1,0,0.720821796264067
"1830","1250","Ec_N",31,30,30,"Ec",14,1,0,1,1,0,0.720821796264067
"1831","1250","Ec_N",31,31,31,"Ec",30,1,0,1,1,1,0.981696467924213
"1832","1250","Ec_N",31,32,32,"Ec",30,1,0,1,1,1,0.981696467924213
"1833","1250","Ec_N",31,33,33,"Ec",30,1,0,1,1,1,0.981696467924213
"1834","1250","Ec_N",31,34,34,"Ec",30,1,0,1,1,1,0.981696467924213
"1835","1250","Ec_N",31,35,35,"Ec",30,1,0,1,1,1,0.981696467924213
"1836","1250","Ec_N",31,36,36,"Ec",30,1,0,1,1,1,0.981696467924213
"1837","1250","Ec_N",31,37,37,"Ec",30,1,0,1,1,1,0.981696467924213
"1838","1250","Ec_N",31,38,38,"Ec",30,1,0,1,1,1,0.981696467924213
"1839","1250","Ec_N",31,39,39,"Ec",30,1,0,1,1,1,0.981696467924213
"1840","1250","Ec_N",31,40,40,"Ec",30,1,0,1,1,1,0.981696467924213
"1841","1250","Ec_N",31,41,41,"Ec",30,1,0,1,1,1,0.981696467924213
"1842","1250","Ec_N",31,42,42,"Ec",30,1,0,1,1,1,0.981696467924213
"1843","1250","Ec_N",31,43,43,"Ec",30,1,0,1,1,1,0.981696467924213
"1844","1250","Ec_N",31,44,44,"Ec",30,1,0,1,1,1,0.981696467924213
"1845","1250","Ec_N",31,45,45,"Ec",30,1,0,1,1,1,0.981696467924213
"1846","1250","Ec_N",31,46,46,"Ec",30,1,0,1,1,1,0.981696467924213
"1847","1250","Ec_N",31,47,47,"Ec",30,1,0,1,1,1,0.981696467924213
"1848","1250","Ec_N",31,48,48,"Ec",30,1,0,1,1,1,0.981696467924213
"1849","1250","Ec_N",31,49,49,"Ec",30,1,0,1,1,1,0.981696467924213
"1850","1250","Ec_N",31,50,50,"Ec",30,1,0,1,1,1,0.981696467924213
"1851","1250","Ec_N",31,51,51,"Ec",30,1,0,1,1,1,0.981696467924213
"1852","1250","Ec_N",31,52,52,"Ec",30,1,0,1,1,1,0.981696467924213
"1853","1250","Ec_N",31,53,53,"Ec",30,1,0,1,1,1,0.981696467924213
"1854","1250","Ec_N",31,54,54,"Ec",30,1,0,1,1,1,0.981696467924213
"1855","1250","Ec_N",31,55,55,"Ec",30,1,0,1,1,1,0.981696467924213
"1856","1250","Ec_N",31,56,56,"Ec",30,1,0,1,1,1,0.981696467924213
"1857","1250","Ec_N",31,57,57,"Ec",30,1,0,1,1,1,0.981696467924213
"1858","1250","Ec_N",31,58,58,"Ec",30,1,0,1,1,1,0.981696467924213
"1859","1250","Ec_N",31,59,59,"Ec",30,1,0,1,1,1,0.981696467924213
"1860","1250","Ec_N",31,60,60,"Ec",30,1,0,1,1,1,0.981696467924213
"1861","1250","Ec_N",32,1,1,"Ec",1,0,0,0,0,0,0
"1862","1250","Ec_N",32,2,2,"Ec",1,0,0,0,0,0,0
"1863","1250","Ec_N",32,3,3,"Ec",3,0,1,0,0,0,0.082650579415114
"1864","1250","Ec_N",32,4,4,"Ec",3,0,1,0,0,0,0.082650579415114
"1865","1250","Ec_N",32,5,5,"Ec",3,0,1,0,0,0,0.082650579415114
"1866","1250","Ec_N",32,6,6,"Ec",3,0,1,0,0,0,0.082650579415114
"1867","1250","Ec_N",32,7,7,"Ec",3,0,1,0,0,0,0.082650579415114
"1868","1250","Ec_N",32,8,8,"Ec",3,0,1,0,0,0,0.082650579415114
"1869","1250","Ec_N",32,9,9,"Ec",3,0,1,0,0,0,0.082650579415114
"1870","1250","Ec_N",32,10,10,"Ec",3,0,1,0,0,0,0.082650579415114
"1871","1250","Ec_N",32,11,11,"Ec",3,0,1,0,0,0,0.082650579415114
"1872","1250","Ec_N",32,12,12,"Ec",3,0,1,0,0,0,0.082650579415114
"1873","1250","Ec_N",32,13,13,"Ec",3,0,1,0,0,0,0.082650579415114
"1874","1250","Ec_N",32,14,14,"Ec",3,0,1,0,0,0,0.082650579415114
"1875","1250","Ec_N",32,15,15,"Ec",3,0,1,0,0,0,0.082650579415114
"1876","1250","Ec_N",32,16,16,"Ec",3,0,1,0,0,0,0.082650579415114
"1877","1250","Ec_N",32,17,17,"Ec",3,0,1,0,0,0,0.082650579415114
"1878","1250","Ec_N",32,18,18,"Ec",3,0,1,0,0,0,0.082650579415114
"1879","1250","Ec_N",32,19,19,"Ec",3,0,1,0,0,0,0.082650579415114
"1880","1250","Ec_N",32,20,20,"Ec",3,0,1,0,0,0,0.082650579415114
"1881","1250","Ec_N",32,21,21,"Ec",3,0,1,0,0,0,0.082650579415114
"1882","1250","Ec_N",32,22,22,"Ec",3,0,1,0,0,0,0.082650579415114
"1883","1250","Ec_N",32,23,23,"Ec",3,0,1,0,0,0,0.082650579415114
"1884","1250","Ec_N",32,24,24,"Ec",3,0,1,0,0,0,0.082650579415114
"1885","1250","Ec_N",32,25,25,"Ec",3,0,1,0,0,0,0.082650579415114
"1886","1250","Ec_N",32,26,26,"Ec",3,0,1,0,0,0,0.082650579415114
"1887","1250","Ec_N",32,27,27,"Ec",3,0,1,0,0,0,0.082650579415114
"1888","1250","Ec_N",32,28,28,"Ec",4,1,1,0,0,0,0.303663233874882
"1889","1250","Ec_N",32,29,29,"Ec",4,1,1,0,0,0,0.303663233874882
"1890","1250","Ec_N",32,30,30,"Ec",4,1,1,0,0,0,0.303663233874882
"1891","1250","Ec_N",32,31,31,"Ec",4,1,1,0,0,0,0.303663233874882
"1892","1250","Ec_N",32,32,32,"Ec",8,1,1,1,0,0,0.440600849145421
"1893","1250","Ec_N",32,33,33,"Ec",8,1,1,1,0,0,0.440600849145421
"1894","1250","Ec_N",32,34,34,"Ec",8,1,1,1,0,0,0.440600849145421
"1895","1250","Ec_N",32,35,35,"Ec",8,1,1,1,0,0,0.440600849145421
"1896","1250","Ec_N",32,36,36,"Ec",8,1,1,1,0,0,0.440600849145421
"1897","1250","Ec_N",32,37,37,"Ec",8,1,1,1,0,0,0.440600849145421
"1898","1250","Ec_N",32,38,38,"Ec",16,1,1,1,1,0,0.879284144928883
"1899","1250","Ec_N",32,39,39,"Ec",16,1,1,1,1,0,0.879284144928883
"1900","1250","Ec_N",32,40,40,"Ec",16,1,1,1,1,0,0.879284144928883
"1901","1250","Ec_N",32,41,41,"Ec",16,1,1,1,1,0,0.879284144928883
"1902","1250","Ec_N",32,42,42,"Ec",16,1,1,1,1,0,0.879284144928883
"1903","1250","Ec_N",32,43,43,"Ec",16,1,1,1,1,0,0.879284144928883
"1904","1250","Ec_N",32,44,44,"Ec",16,1,1,1,1,0,0.879284144928883
"1905","1250","Ec_N",32,45,45,"Ec",16,1,1,1,1,0,0.879284144928883
"1906","1250","Ec_N",32,46,46,"Ec",16,1,1,1,1,0,0.879284144928883
"1907","1250","Ec_N",32,47,47,"Ec",16,1,1,1,1,0,0.879284144928883
"1908","1250","Ec_N",32,48,48,"Ec",16,1,1,1,1,0,0.879284144928883
"1909","1250","Ec_N",32,49,49,"Ec",16,1,1,1,1,0,0.879284144928883
"1910","1250","Ec_N",32,50,50,"Ec",16,1,1,1,1,0,0.879284144928883
"1911","1250","Ec_N",32,51,51,"Ec",32,1,1,1,1,1,1
"1912","1250","Ec_N",32,52,52,"Ec",32,1,1,1,1,1,1
"1913","1250","Ec_N",32,53,53,"Ec",32,1,1,1,1,1,1
"1914","1250","Ec_N",32,54,54,"Ec",32,1,1,1,1,1,1
"1915","1250","Ec_N",32,55,55,"Ec",32,1,1,1,1,1,1
"1916","1250","Ec_N",32,56,56,"Ec",32,1,1,1,1,1,1
"1917","1250","Ec_N",32,57,57,"Ec",32,1,1,1,1,1,1
"1918","1250","Ec_N",32,58,58,"Ec",32,1,1,1,1,1,1
"1919","1250","Ec_N",32,59,59,"Ec",32,1,1,1,1,1,1
"1920","1250","Ec_N",32,60,60,"Ec",32,1,1,1,1,1,1
"1921","1250","Ec_N",33,1,1,"Ec",1,0,0,0,0,0,0
"1922","1250","Ec_N",33,2,2,"Ec",1,0,0,0,0,0,0
"1923","1250","Ec_N",33,3,3,"Ec",1,0,0,0,0,0,0
"1924","1250","Ec_N",33,4,4,"Ec",1,0,0,0,0,0,0
"1925","1250","Ec_N",33,5,5,"Ec",1,0,0,0,0,0,0
"1926","1250","Ec_N",33,6,6,"Ec",1,0,0,0,0,0,0
"1927","1250","Ec_N",33,7,7,"Ec",1,0,0,0,0,0,0
"1928","1250","Ec_N",33,8,8,"Ec",2,1,0,0,0,0,0.221012654459768
"1929","1250","Ec_N",33,9,9,"Ec",2,1,0,0,0,0,0.221012654459768
"1930","1250","Ec_N",33,10,10,"Ec",2,1,0,0,0,0,0.221012654459768
"1931","1250","Ec_N",33,11,11,"Ec",2,1,0,0,0,0,0.221012654459768
"1932","1250","Ec_N",33,12,12,"Ec",2,1,0,0,0,0,0.221012654459768
"1933","1250","Ec_N",33,13,13,"Ec",2,1,0,0,0,0,0.221012654459768
"1934","1250","Ec_N",33,14,14,"Ec",2,1,0,0,0,0,0.221012654459768
"1935","1250","Ec_N",33,15,15,"Ec",18,1,0,0,0,1,0.417540278780587
"1936","1250","Ec_N",33,16,16,"Ec",18,1,0,0,0,1,0.417540278780587
"1937","1250","Ec_N",33,17,17,"Ec",18,1,0,0,0,1,0.417540278780587
"1938","1250","Ec_N",33,18,18,"Ec",18,1,0,0,0,1,0.417540278780587
"1939","1250","Ec_N",33,19,19,"Ec",20,1,1,0,0,1,0.500190858195701
"1940","1250","Ec_N",33,20,20,"Ec",20,1,1,0,0,1,0.500190858195701
"1941","1250","Ec_N",33,21,21,"Ec",20,1,1,0,0,1,0.500190858195701
"1942","1250","Ec_N",33,22,22,"Ec",20,1,1,0,0,1,0.500190858195701
"1943","1250","Ec_N",33,23,23,"Ec",20,1,1,0,0,1,0.500190858195701
"1944","1250","Ec_N",33,24,24,"Ec",20,1,1,0,0,1,0.500190858195701
"1945","1250","Ec_N",33,25,25,"Ec",20,1,1,0,0,1,0.500190858195701
"1946","1250","Ec_N",33,26,26,"Ec",20,1,1,0,0,1,0.500190858195701
"1947","1250","Ec_N",33,27,27,"Ec",20,1,1,0,0,1,0.500190858195701
"1948","1250","Ec_N",33,28,28,"Ec",20,1,1,0,0,1,0.500190858195701
"1949","1250","Ec_N",33,29,29,"Ec",20,1,1,0,0,1,0.500190858195701
"1950","1250","Ec_N",33,30,30,"Ec",20,1,1,0,0,1,0.500190858195701
"1951","1250","Ec_N",33,31,31,"Ec",20,1,1,0,0,1,0.500190858195701
"1952","1250","Ec_N",33,32,32,"Ec",20,1,1,0,0,1,0.500190858195701
"1953","1250","Ec_N",33,33,33,"Ec",20,1,1,0,0,1,0.500190858195701
"1954","1250","Ec_N",33,34,34,"Ec",20,1,1,0,0,1,0.500190858195701
"1955","1250","Ec_N",33,35,35,"Ec",20,1,1,0,0,1,0.500190858195701
"1956","1250","Ec_N",33,36,36,"Ec",20,1,1,0,0,1,0.500190858195701
"1957","1250","Ec_N",33,37,37,"Ec",20,1,1,0,0,1,0.500190858195701
"1958","1250","Ec_N",33,38,38,"Ec",20,1,1,0,0,1,0.500190858195701
"1959","1250","Ec_N",33,39,39,"Ec",20,1,1,0,0,1,0.500190858195701
"1960","1250","Ec_N",33,40,40,"Ec",24,1,1,1,0,1,0.732254349958425
"1961","1250","Ec_N",33,41,41,"Ec",24,1,1,1,0,1,0.732254349958425
"1962","1250","Ec_N",33,42,42,"Ec",24,1,1,1,0,1,0.732254349958425
"1963","1250","Ec_N",33,43,43,"Ec",24,1,1,1,0,1,0.732254349958425
"1964","1250","Ec_N",33,44,44,"Ec",24,1,1,1,0,1,0.732254349958425
"1965","1250","Ec_N",33,45,45,"Ec",24,1,1,1,0,1,0.732254349958425
"1966","1250","Ec_N",33,46,46,"Ec",24,1,1,1,0,1,0.732254349958425
"1967","1250","Ec_N",33,47,47,"Ec",24,1,1,1,0,1,0.732254349958425
"1968","1250","Ec_N",33,48,48,"Ec",24,1,1,1,0,1,0.732254349958425
"1969","1250","Ec_N",33,49,49,"Ec",24,1,1,1,0,1,0.732254349958425
"1970","1250","Ec_N",33,50,50,"Ec",24,1,1,1,0,1,0.732254349958425
"1971","1250","Ec_N",33,51,51,"Ec",24,1,1,1,0,1,0.732254349958425
"1972","1250","Ec_N",33,52,52,"Ec",24,1,1,1,0,1,0.732254349958425
"1973","1250","Ec_N",33,53,53,"Ec",24,1,1,1,0,1,0.732254349958425
"1974","1250","Ec_N",33,54,54,"Ec",24,1,1,1,0,1,0.732254349958425
"1975","1250","Ec_N",33,55,55,"Ec",24,1,1,1,0,1,0.732254349958425
"1976","1250","Ec_N",33,56,56,"Ec",24,1,1,1,0,1,0.732254349958425
"1977","1250","Ec_N",33,57,57,"Ec",24,1,1,1,0,1,0.732254349958425
"1978","1250","Ec_N",33,58,58,"Ec",24,1,1,1,0,1,0.732254349958425
"1979","1250","Ec_N",33,59,59,"Ec",32,1,1,1,1,1,1
"1980","1250","Ec_N",33,60,60,"Ec",32,1,1,1,1,1,1
"1981","1250","Ec_N",34,1,1,"Ec",1,0,0,0,0,0,0
"1982","1250","Ec_N",34,2,2,"Ec",2,1,0,0,0,0,0.221012654459768
"1983","1250","Ec_N",34,3,3,"Ec",2,1,0,0,0,0,0.221012654459768
"1984","1250","Ec_N",34,4,4,"Ec",2,1,0,0,0,0,0.221012654459768
"1985","1250","Ec_N",34,5,5,"Ec",2,1,0,0,0,0,0.221012654459768
"1986","1250","Ec_N",34,6,6,"Ec",2,1,0,0,0,0,0.221012654459768
"1987","1250","Ec_N",34,7,7,"Ec",2,1,0,0,0,0,0.221012654459768
"1988","1250","Ec_N",34,8,8,"Ec",2,1,0,0,0,0,0.221012654459768
"1989","1250","Ec_N",34,9,9,"Ec",2,1,0,0,0,0,0.221012654459768
"1990","1250","Ec_N",34,10,10,"Ec",2,1,0,0,0,0,0.221012654459768
"1991","1250","Ec_N",34,11,11,"Ec",2,1,0,0,0,0,0.221012654459768
"1992","1250","Ec_N",34,12,12,"Ec",2,1,0,0,0,0,0.221012654459768
"1993","1250","Ec_N",34,13,13,"Ec",2,1,0,0,0,0,0.221012654459768
"1994","1250","Ec_N",34,14,14,"Ec",2,1,0,0,0,0,0.221012654459768
"1995","1250","Ec_N",34,15,15,"Ec",2,1,0,0,0,0,0.221012654459768
"1996","1250","Ec_N",34,16,16,"Ec",6,1,0,1,0,0,0.453076146222492
"1997","1250","Ec_N",34,17,17,"Ec",6,1,0,1,0,0,0.453076146222492
"1998","1250","Ec_N",34,18,18,"Ec",6,1,0,1,0,0,0.453076146222492
"1999","1250","Ec_N",34,19,19,"Ec",6,1,0,1,0,0,0.453076146222492
"2000","1250","Ec_N",34,20,20,"Ec",6,1,0,1,0,0,0.453076146222492
"2001","1250","Ec_N",34,21,21,"Ec",22,1,0,1,0,1,0.649603770543311
"2002","1250","Ec_N",34,22,22,"Ec",22,1,0,1,0,1,0.649603770543311
"2003","1250","Ec_N",34,23,23,"Ec",22,1,0,1,0,1,0.649603770543311
"2004","1250","Ec_N",34,24,24,"Ec",22,1,0,1,0,1,0.649603770543311
"2005","1250","Ec_N",34,25,25,"Ec",22,1,0,1,0,1,0.649603770543311
"2006","1250","Ec_N",34,26,26,"Ec",22,1,0,1,0,1,0.649603770543311
"2007","1250","Ec_N",34,27,27,"Ec",22,1,0,1,0,1,0.649603770543311
"2008","1250","Ec_N",34,28,28,"Ec",22,1,0,1,0,1,0.649603770543311
"2009","1250","Ec_N",34,29,29,"Ec",22,1,0,1,0,1,0.649603770543311
"2010","1250","Ec_N",34,30,30,"Ec",22,1,0,1,0,1,0.649603770543311
"2011","1250","Ec_N",34,31,31,"Ec",30,1,0,1,1,1,0.981696467924213
"2012","1250","Ec_N",34,32,32,"Ec",30,1,0,1,1,1,0.981696467924213
"2013","1250","Ec_N",34,33,33,"Ec",30,1,0,1,1,1,0.981696467924213
"2014","1250","Ec_N",34,34,34,"Ec",30,1,0,1,1,1,0.981696467924213
"2015","1250","Ec_N",34,35,35,"Ec",30,1,0,1,1,1,0.981696467924213
"2016","1250","Ec_N",34,36,36,"Ec",30,1,0,1,1,1,0.981696467924213
"2017","1250","Ec_N",34,37,37,"Ec",30,1,0,1,1,1,0.981696467924213
"2018","1250","Ec_N",34,38,38,"Ec",30,1,0,1,1,1,0.981696467924213
"2019","1250","Ec_N",34,39,39,"Ec",30,1,0,1,1,1,0.981696467924213
"2020","1250","Ec_N",34,40,40,"Ec",30,1,0,1,1,1,0.981696467924213
"2021","1250","Ec_N",34,41,41,"Ec",30,1,0,1,1,1,0.981696467924213
"2022","1250","Ec_N",34,42,42,"Ec",30,1,0,1,1,1,0.981696467924213
"2023","1250","Ec_N",34,43,43,"Ec",30,1,0,1,1,1,0.981696467924213
"2024","1250","Ec_N",34,44,44,"Ec",30,1,0,1,1,1,0.981696467924213
"2025","1250","Ec_N",34,45,45,"Ec",30,1,0,1,1,1,0.981696467924213
"2026","1250","Ec_N",34,46,46,"Ec",30,1,0,1,1,1,0.981696467924213
"2027","1250","Ec_N",34,47,47,"Ec",30,1,0,1,1,1,0.981696467924213
"2028","1250","Ec_N",34,48,48,"Ec",32,1,1,1,1,1,1
"2029","1250","Ec_N",34,49,49,"Ec",32,1,1,1,1,1,1
"2030","1250","Ec_N",34,50,50,"Ec",32,1,1,1,1,1,1
"2031","1250","Ec_N",34,51,51,"Ec",32,1,1,1,1,1,1
"2032","1250","Ec_N",34,52,52,"Ec",32,1,1,1,1,1,1
"2033","1250","Ec_N",34,53,53,"Ec",32,1,1,1,1,1,1
"2034","1250","Ec_N",34,54,54,"Ec",32,1,1,1,1,1,1
"2035","1250","Ec_N",34,55,55,"Ec",32,1,1,1,1,1,1
"2036","1250","Ec_N",34,56,56,"Ec",32,1,1,1,1,1,1
"2037","1250","Ec_N",34,57,57,"Ec",32,1,1,1,1,1,1
"2038","1250","Ec_N",34,58,58,"Ec",32,1,1,1,1,1,1
"2039","1250","Ec_N",34,59,59,"Ec",32,1,1,1,1,1,1
"2040","1250","Ec_N",34,60,60,"Ec",32,1,1,1,1,1,1
"2041","1250","Ec_N",35,1,1,"Ec",1,0,0,0,0,0,0
"2042","1250","Ec_N",35,2,2,"Ec",1,0,0,0,0,0,0
"2043","1250","Ec_N",35,3,3,"Ec",1,0,0,0,0,0,0
"2044","1250","Ec_N",35,4,4,"Ec",2,1,0,0,0,0,0.221012654459768
"2045","1250","Ec_N",35,5,5,"Ec",2,1,0,0,0,0,0.221012654459768
"2046","1250","Ec_N",35,6,6,"Ec",2,1,0,0,0,0,0.221012654459768
"2047","1250","Ec_N",35,7,7,"Ec",2,1,0,0,0,0,0.221012654459768
"2048","1250","Ec_N",35,8,8,"Ec",2,1,0,0,0,0,0.221012654459768
"2049","1250","Ec_N",35,9,9,"Ec",2,1,0,0,0,0,0.221012654459768
"2050","1250","Ec_N",35,10,10,"Ec",2,1,0,0,0,0,0.221012654459768
"2051","1250","Ec_N",35,11,11,"Ec",2,1,0,0,0,0,0.221012654459768
"2052","1250","Ec_N",35,12,12,"Ec",2,1,0,0,0,0,0.221012654459768
"2053","1250","Ec_N",35,13,13,"Ec",2,1,0,0,0,0,0.221012654459768
"2054","1250","Ec_N",35,14,14,"Ec",6,1,0,1,0,0,0.453076146222492
"2055","1250","Ec_N",35,15,15,"Ec",6,1,0,1,0,0,0.453076146222492
"2056","1250","Ec_N",35,16,16,"Ec",6,1,0,1,0,0,0.453076146222492
"2057","1250","Ec_N",35,17,17,"Ec",6,1,0,1,0,0,0.453076146222492
"2058","1250","Ec_N",35,18,18,"Ec",6,1,0,1,0,0,0.453076146222492
"2059","1250","Ec_N",35,19,19,"Ec",6,1,0,1,0,0,0.453076146222492
"2060","1250","Ec_N",35,20,20,"Ec",6,1,0,1,0,0,0.453076146222492
"2061","1250","Ec_N",35,21,21,"Ec",6,1,0,1,0,0,0.453076146222492
"2062","1250","Ec_N",35,22,22,"Ec",6,1,0,1,0,0,0.453076146222492
"2063","1250","Ec_N",35,23,23,"Ec",6,1,0,1,0,0,0.453076146222492
"2064","1250","Ec_N",35,24,24,"Ec",6,1,0,1,0,0,0.453076146222492
"2065","1250","Ec_N",35,25,25,"Ec",6,1,0,1,0,0,0.453076146222492
"2066","1250","Ec_N",35,26,26,"Ec",6,1,0,1,0,0,0.453076146222492
"2067","1250","Ec_N",35,27,27,"Ec",6,1,0,1,0,0,0.453076146222492
"2068","1250","Ec_N",35,28,28,"Ec",6,1,0,1,0,0,0.453076146222492
"2069","1250","Ec_N",35,29,29,"Ec",6,1,0,1,0,0,0.453076146222492
"2070","1250","Ec_N",35,30,30,"Ec",6,1,0,1,0,0,0.453076146222492
"2071","1250","Ec_N",35,31,31,"Ec",22,1,0,1,0,1,0.649603770543311
"2072","1250","Ec_N",35,32,32,"Ec",22,1,0,1,0,1,0.649603770543311
"2073","1250","Ec_N",35,33,33,"Ec",22,1,0,1,0,1,0.649603770543311
"2074","1250","Ec_N",35,34,34,"Ec",22,1,0,1,0,1,0.649603770543311
"2075","1250","Ec_N",35,35,35,"Ec",22,1,0,1,0,1,0.649603770543311
"2076","1250","Ec_N",35,36,36,"Ec",22,1,0,1,0,1,0.649603770543311
"2077","1250","Ec_N",35,37,37,"Ec",22,1,0,1,0,1,0.649603770543311
"2078","1250","Ec_N",35,38,38,"Ec",22,1,0,1,0,1,0.649603770543311
"2079","1250","Ec_N",35,39,39,"Ec",22,1,0,1,0,1,0.649603770543311
"2080","1250","Ec_N",35,40,40,"Ec",22,1,0,1,0,1,0.649603770543311
"2081","1250","Ec_N",35,41,41,"Ec",30,1,0,1,1,1,0.981696467924213
"2082","1250","Ec_N",35,42,42,"Ec",30,1,0,1,1,1,0.981696467924213
"2083","1250","Ec_N",35,43,43,"Ec",30,1,0,1,1,1,0.981696467924213
"2084","1250","Ec_N",35,44,44,"Ec",30,1,0,1,1,1,0.981696467924213
"2085","1250","Ec_N",35,45,45,"Ec",30,1,0,1,1,1,0.981696467924213
"2086","1250","Ec_N",35,46,46,"Ec",30,1,0,1,1,1,0.981696467924213
"2087","1250","Ec_N",35,47,47,"Ec",30,1,0,1,1,1,0.981696467924213
"2088","1250","Ec_N",35,48,48,"Ec",30,1,0,1,1,1,0.981696467924213
"2089","1250","Ec_N",35,49,49,"Ec",30,1,0,1,1,1,0.981696467924213
"2090","1250","Ec_N",35,50,50,"Ec",30,1,0,1,1,1,0.981696467924213
"2091","1250","Ec_N",35,51,51,"Ec",30,1,0,1,1,1,0.981696467924213
"2092","1250","Ec_N",35,52,52,"Ec",30,1,0,1,1,1,0.981696467924213
"2093","1250","Ec_N",35,53,53,"Ec",30,1,0,1,1,1,0.981696467924213
"2094","1250","Ec_N",35,54,54,"Ec",30,1,0,1,1,1,0.981696467924213
"2095","1250","Ec_N",35,55,55,"Ec",30,1,0,1,1,1,0.981696467924213
"2096","1250","Ec_N",35,56,56,"Ec",30,1,0,1,1,1,0.981696467924213
"2097","1250","Ec_N",35,57,57,"Ec",30,1,0,1,1,1,0.981696467924213
"2098","1250","Ec_N",35,58,58,"Ec",30,1,0,1,1,1,0.981696467924213
"2099","1250","Ec_N",35,59,59,"Ec",30,1,0,1,1,1,0.981696467924213
"2100","1250","Ec_N",35,60,60,"Ec",30,1,0,1,1,1,0.981696467924213
"2101","1250","Ec_N",36,1,1,"Ec",1,0,0,0,0,0,0
"2102","1250","Ec_N",36,2,2,"Ec",1,0,0,0,0,0,0
"2103","1250","Ec_N",36,3,3,"Ec",1,0,0,0,0,0,0
"2104","1250","Ec_N",36,4,4,"Ec",1,0,0,0,0,0,0
"2105","1250","Ec_N",36,5,5,"Ec",1,0,0,0,0,0,0
"2106","1250","Ec_N",36,6,6,"Ec",9,0,0,0,1,0,0.267745650041575
"2107","1250","Ec_N",36,7,7,"Ec",9,0,0,0,1,0,0.267745650041575
"2108","1250","Ec_N",36,8,8,"Ec",9,0,0,0,1,0,0.267745650041575
"2109","1250","Ec_N",36,9,9,"Ec",9,0,0,0,1,0,0.267745650041575
"2110","1250","Ec_N",36,10,10,"Ec",9,0,0,0,1,0,0.267745650041575
"2111","1250","Ec_N",36,11,11,"Ec",25,0,0,0,1,1,0.464273274362394
"2112","1250","Ec_N",36,12,12,"Ec",25,0,0,0,1,1,0.464273274362394
"2113","1250","Ec_N",36,13,13,"Ec",25,0,0,0,1,1,0.464273274362394
"2114","1250","Ec_N",36,14,14,"Ec",25,0,0,0,1,1,0.464273274362394
"2115","1250","Ec_N",36,15,15,"Ec",25,0,0,0,1,1,0.464273274362394
"2116","1250","Ec_N",36,16,16,"Ec",25,0,0,0,1,1,0.464273274362394
"2117","1250","Ec_N",36,17,17,"Ec",25,0,0,0,1,1,0.464273274362394
"2118","1250","Ec_N",36,18,18,"Ec",25,0,0,0,1,1,0.464273274362394
"2119","1250","Ec_N",36,19,19,"Ec",25,0,0,0,1,1,0.464273274362394
"2120","1250","Ec_N",36,20,20,"Ec",25,0,0,0,1,1,0.464273274362394
"2121","1250","Ec_N",36,21,21,"Ec",25,0,0,0,1,1,0.464273274362394
"2122","1250","Ec_N",36,22,22,"Ec",29,0,0,1,1,1,0.696336766125118
"2123","1250","Ec_N",36,23,23,"Ec",29,0,0,1,1,1,0.696336766125118
"2124","1250","Ec_N",36,24,24,"Ec",29,0,0,1,1,1,0.696336766125118
"2125","1250","Ec_N",36,25,25,"Ec",29,0,0,1,1,1,0.696336766125118
"2126","1250","Ec_N",36,26,26,"Ec",29,0,0,1,1,1,0.696336766125118
"2127","1250","Ec_N",36,27,27,"Ec",29,0,0,1,1,1,0.696336766125118
"2128","1250","Ec_N",36,28,28,"Ec",29,0,0,1,1,1,0.696336766125118
"2129","1250","Ec_N",36,29,29,"Ec",29,0,0,1,1,1,0.696336766125118
"2130","1250","Ec_N",36,30,30,"Ec",29,0,0,1,1,1,0.696336766125118
"2131","1250","Ec_N",36,31,31,"Ec",29,0,0,1,1,1,0.696336766125118
"2132","1250","Ec_N",36,32,32,"Ec",29,0,0,1,1,1,0.696336766125118
"2133","1250","Ec_N",36,33,33,"Ec",29,0,0,1,1,1,0.696336766125118
"2134","1250","Ec_N",36,34,34,"Ec",29,0,0,1,1,1,0.696336766125118
"2135","1250","Ec_N",36,35,35,"Ec",29,0,0,1,1,1,0.696336766125118
"2136","1250","Ec_N",36,36,36,"Ec",29,0,0,1,1,1,0.696336766125118
"2137","1250","Ec_N",36,37,37,"Ec",29,0,0,1,1,1,0.696336766125118
"2138","1250","Ec_N",36,38,38,"Ec",29,0,0,1,1,1,0.696336766125118
"2139","1250","Ec_N",36,39,39,"Ec",29,0,0,1,1,1,0.696336766125118
"2140","1250","Ec_N",36,40,40,"Ec",29,0,0,1,1,1,0.696336766125118
"2141","1250","Ec_N",36,41,41,"Ec",29,0,0,1,1,1,0.696336766125118
"2142","1250","Ec_N",36,42,42,"Ec",29,0,0,1,1,1,0.696336766125118
"2143","1250","Ec_N",36,43,43,"Ec",31,0,1,1,1,1,0.778987345540232
"2144","1250","Ec_N",36,44,44,"Ec",31,0,1,1,1,1,0.778987345540232
"2145","1250","Ec_N",36,45,45,"Ec",31,0,1,1,1,1,0.778987345540232
"2146","1250","Ec_N",36,46,46,"Ec",31,0,1,1,1,1,0.778987345540232
"2147","1250","Ec_N",36,47,47,"Ec",31,0,1,1,1,1,0.778987345540232
"2148","1250","Ec_N",36,48,48,"Ec",32,1,1,1,1,1,1
"2149","1250","Ec_N",36,49,49,"Ec",32,1,1,1,1,1,1
"2150","1250","Ec_N",36,50,50,"Ec",32,1,1,1,1,1,1
"2151","1250","Ec_N",36,51,51,"Ec",32,1,1,1,1,1,1
"2152","1250","Ec_N",36,52,52,"Ec",32,1,1,1,1,1,1
"2153","1250","Ec_N",36,53,53,"Ec",32,1,1,1,1,1,1
"2154","1250","Ec_N",36,54,54,"Ec",32,1,1,1,1,1,1
"2155","1250","Ec_N",36,55,55,"Ec",32,1,1,1,1,1,1
"2156","1250","Ec_N",36,56,56,"Ec",32,1,1,1,1,1,1
"2157","1250","Ec_N",36,57,57,"Ec",32,1,1,1,1,1,1
"2158","1250","Ec_N",36,58,58,"Ec",32,1,1,1,1,1,1
"2159","1250","Ec_N",36,59,59,"Ec",32,1,1,1,1,1,1
"2160","1250","Ec_N",36,60,60,"Ec",32,1,1,1,1,1,1
"2161","1250","Ec_N",37,1,1,"Ec",1,0,0,0,0,0,0
"2162","1250","Ec_N",37,2,2,"Ec",1,0,0,0,0,0,0
"2163","1250","Ec_N",37,3,3,"Ec",1,0,0,0,0,0,0
"2164","1250","Ec_N",37,4,4,"Ec",9,0,0,0,1,0,0.267745650041575
"2165","1250","Ec_N",37,5,5,"Ec",9,0,0,0,1,0,0.267745650041575
"2166","1250","Ec_N",37,6,6,"Ec",9,0,0,0,1,0,0.267745650041575
"2167","1250","Ec_N",37,7,7,"Ec",9,0,0,0,1,0,0.267745650041575
"2168","1250","Ec_N",37,8,8,"Ec",9,0,0,0,1,0,0.267745650041575
"2169","1250","Ec_N",37,9,9,"Ec",9,0,0,0,1,0,0.267745650041575
"2170","1250","Ec_N",37,10,10,"Ec",9,0,0,0,1,0,0.267745650041575
"2171","1250","Ec_N",37,11,11,"Ec",9,0,0,0,1,0,0.267745650041575
"2172","1250","Ec_N",37,12,12,"Ec",13,0,0,1,1,0,0.499809141804299
"2173","1250","Ec_N",37,13,13,"Ec",13,0,0,1,1,0,0.499809141804299
"2174","1250","Ec_N",37,14,14,"Ec",13,0,0,1,1,0,0.499809141804299
"2175","1250","Ec_N",37,15,15,"Ec",15,0,1,1,1,0,0.582459721219413
"2176","1250","Ec_N",37,16,16,"Ec",15,0,1,1,1,0,0.582459721219413
"2177","1250","Ec_N",37,17,17,"Ec",16,1,1,1,1,0,0.879284144928883
"2178","1250","Ec_N",37,18,18,"Ec",16,1,1,1,1,0,0.879284144928883
"2179","1250","Ec_N",37,19,19,"Ec",16,1,1,1,1,0,0.879284144928883
"2180","1250","Ec_N",37,20,20,"Ec",16,1,1,1,1,0,0.879284144928883
"2181","1250","Ec_N",37,21,21,"Ec",16,1,1,1,1,0,0.879284144928883
"2182","1250","Ec_N",37,22,22,"Ec",16,1,1,1,1,0,0.879284144928883
"2183","1250","Ec_N",37,23,23,"Ec",32,1,1,1,1,1,1
"2184","1250","Ec_N",37,24,24,"Ec",32,1,1,1,1,1,1
"2185","1250","Ec_N",37,25,25,"Ec",32,1,1,1,1,1,1
"2186","1250","Ec_N",37,26,26,"Ec",32,1,1,1,1,1,1
"2187","1250","Ec_N",37,27,27,"Ec",32,1,1,1,1,1,1
"2188","1250","Ec_N",37,28,28,"Ec",32,1,1,1,1,1,1
"2189","1250","Ec_N",37,29,29,"Ec",32,1,1,1,1,1,1
"2190","1250","Ec_N",37,30,30,"Ec",32,1,1,1,1,1,1
"2191","1250","Ec_N",37,31,31,"Ec",32,1,1,1,1,1,1
"2192","1250","Ec_N",37,32,32,"Ec",32,1,1,1,1,1,1
"2193","1250","Ec_N",37,33,33,"Ec",32,1,1,1,1,1,1
"2194","1250","Ec_N",37,34,34,"Ec",32,1,1,1,1,1,1
"2195","1250","Ec_N",37,35,35,"Ec",32,1,1,1,1,1,1
"2196","1250","Ec_N",37,36,36,"Ec",32,1,1,1,1,1,1
"2197","1250","Ec_N",37,37,37,"Ec",32,1,1,1,1,1,1
"2198","1250","Ec_N",37,38,38,"Ec",32,1,1,1,1,1,1
"2199","1250","Ec_N",37,39,39,"Ec",32,1,1,1,1,1,1
"2200","1250","Ec_N",37,40,40,"Ec",32,1,1,1,1,1,1
"2201","1250","Ec_N",37,41,41,"Ec",32,1,1,1,1,1,1
"2202","1250","Ec_N",37,42,42,"Ec",32,1,1,1,1,1,1
"2203","1250","Ec_N",37,43,43,"Ec",32,1,1,1,1,1,1
"2204","1250","Ec_N",37,44,44,"Ec",32,1,1,1,1,1,1
"2205","1250","Ec_N",37,45,45,"Ec",32,1,1,1,1,1,1
"2206","1250","Ec_N",37,46,46,"Ec",32,1,1,1,1,1,1
"2207","1250","Ec_N",37,47,47,"Ec",32,1,1,1,1,1,1
"2208","1250","Ec_N",37,48,48,"Ec",32,1,1,1,1,1,1
"2209","1250","Ec_N",37,49,49,"Ec",32,1,1,1,1,1,1
"2210","1250","Ec_N",37,50,50,"Ec",32,1,1,1,1,1,1
"2211","1250","Ec_N",37,51,51,"Ec",32,1,1,1,1,1,1
"2212","1250","Ec_N",37,52,52,"Ec",32,1,1,1,1,1,1
"2213","1250","Ec_N",37,53,53,"Ec",32,1,1,1,1,1,1
"2214","1250","Ec_N",37,54,54,"Ec",32,1,1,1,1,1,1
"2215","1250","Ec_N",37,55,55,"Ec",32,1,1,1,1,1,1
"2216","1250","Ec_N",37,56,56,"Ec",32,1,1,1,1,1,1
"2217","1250","Ec_N",37,57,57,"Ec",32,1,1,1,1,1,1
"2218","1250","Ec_N",37,58,58,"Ec",32,1,1,1,1,1,1
"2219","1250","Ec_N",37,59,59,"Ec",32,1,1,1,1,1,1
"2220","1250","Ec_N",37,60,60,"Ec",32,1,1,1,1,1,1
"2221","1250","Ec_N",38,1,1,"Ec",1,0,0,0,0,0,0
"2222","1250","Ec_N",38,2,2,"Ec",1,0,0,0,0,0,0
"2223","1250","Ec_N",38,3,3,"Ec",1,0,0,0,0,0,0
"2224","1250","Ec_N",38,4,4,"Ec",1,0,0,0,0,0,0
"2225","1250","Ec_N",38,5,5,"Ec",1,0,0,0,0,0,0
"2226","1250","Ec_N",38,6,6,"Ec",1,0,0,0,0,0,0
"2227","1250","Ec_N",38,7,7,"Ec",1,0,0,0,0,0,0
"2228","1250","Ec_N",38,8,8,"Ec",1,0,0,0,0,0,0
"2229","1250","Ec_N",38,9,9,"Ec",1,0,0,0,0,0,0
"2230","1250","Ec_N",38,10,10,"Ec",1,0,0,0,0,0,0
"2231","1250","Ec_N",38,11,11,"Ec",2,1,0,0,0,0,0.221012654459768
"2232","1250","Ec_N",38,12,12,"Ec",10,1,0,0,1,0,0.488758304501343
"2233","1250","Ec_N",38,13,13,"Ec",10,1,0,0,1,0,0.488758304501343
"2234","1250","Ec_N",38,14,14,"Ec",10,1,0,0,1,0,0.488758304501343
"2235","1250","Ec_N",38,15,15,"Ec",10,1,0,0,1,0,0.488758304501343
"2236","1250","Ec_N",38,16,16,"Ec",10,1,0,0,1,0,0.488758304501343
"2237","1250","Ec_N",38,17,17,"Ec",10,1,0,0,1,0,0.488758304501343
"2238","1250","Ec_N",38,18,18,"Ec",10,1,0,0,1,0,0.488758304501343
"2239","1250","Ec_N",38,19,19,"Ec",10,1,0,0,1,0,0.488758304501343
"2240","1250","Ec_N",38,20,20,"Ec",10,1,0,0,1,0,0.488758304501343
"2241","1250","Ec_N",38,21,21,"Ec",10,1,0,0,1,0,0.488758304501343
"2242","1250","Ec_N",38,22,22,"Ec",10,1,0,0,1,0,0.488758304501343
"2243","1250","Ec_N",38,23,23,"Ec",10,1,0,0,1,0,0.488758304501343
"2244","1250","Ec_N",38,24,24,"Ec",14,1,0,1,1,0,0.720821796264067
"2245","1250","Ec_N",38,25,25,"Ec",14,1,0,1,1,0,0.720821796264067
"2246","1250","Ec_N",38,26,26,"Ec",14,1,0,1,1,0,0.720821796264067
"2247","1250","Ec_N",38,27,27,"Ec",14,1,0,1,1,0,0.720821796264067
"2248","1250","Ec_N",38,28,28,"Ec",14,1,0,1,1,0,0.720821796264067
"2249","1250","Ec_N",38,29,29,"Ec",14,1,0,1,1,0,0.720821796264067
"2250","1250","Ec_N",38,30,30,"Ec",14,1,0,1,1,0,0.720821796264067
"2251","1250","Ec_N",38,31,31,"Ec",14,1,0,1,1,0,0.720821796264067
"2252","1250","Ec_N",38,32,32,"Ec",14,1,0,1,1,0,0.720821796264067
"2253","1250","Ec_N",38,33,33,"Ec",14,1,0,1,1,0,0.720821796264067
"2254","1250","Ec_N",38,34,34,"Ec",14,1,0,1,1,0,0.720821796264067
"2255","1250","Ec_N",38,35,35,"Ec",14,1,0,1,1,0,0.720821796264067
"2256","1250","Ec_N",38,36,36,"Ec",14,1,0,1,1,0,0.720821796264067
"2257","1250","Ec_N",38,37,37,"Ec",14,1,0,1,1,0,0.720821796264067
"2258","1250","Ec_N",38,38,38,"Ec",14,1,0,1,1,0,0.720821796264067
"2259","1250","Ec_N",38,39,39,"Ec",14,1,0,1,1,0,0.720821796264067
"2260","1250","Ec_N",38,40,40,"Ec",14,1,0,1,1,0,0.720821796264067
"2261","1250","Ec_N",38,41,41,"Ec",14,1,0,1,1,0,0.720821796264067
"2262","1250","Ec_N",38,42,42,"Ec",16,1,1,1,1,0,0.879284144928883
"2263","1250","Ec_N",38,43,43,"Ec",16,1,1,1,1,0,0.879284144928883
"2264","1250","Ec_N",38,44,44,"Ec",16,1,1,1,1,0,0.879284144928883
"2265","1250","Ec_N",38,45,45,"Ec",16,1,1,1,1,0,0.879284144928883
"2266","1250","Ec_N",38,46,46,"Ec",16,1,1,1,1,0,0.879284144928883
"2267","1250","Ec_N",38,47,47,"Ec",16,1,1,1,1,0,0.879284144928883
"2268","1250","Ec_N",38,48,48,"Ec",16,1,1,1,1,0,0.879284144928883
"2269","1250","Ec_N",38,49,49,"Ec",16,1,1,1,1,0,0.879284144928883
"2270","1250","Ec_N",38,50,50,"Ec",16,1,1,1,1,0,0.879284144928883
"2271","1250","Ec_N",38,51,51,"Ec",16,1,1,1,1,0,0.879284144928883
"2272","1250","Ec_N",38,52,52,"Ec",16,1,1,1,1,0,0.879284144928883
"2273","1250","Ec_N",38,53,53,"Ec",16,1,1,1,1,0,0.879284144928883
"2274","1250","Ec_N",38,54,54,"Ec",16,1,1,1,1,0,0.879284144928883
"2275","1250","Ec_N",38,55,55,"Ec",16,1,1,1,1,0,0.879284144928883
"2276","1250","Ec_N",38,56,56,"Ec",16,1,1,1,1,0,0.879284144928883
"2277","1250","Ec_N",38,57,57,"Ec",16,1,1,1,1,0,0.879284144928883
"2278","1250","Ec_N",38,58,58,"Ec",16,1,1,1,1,0,0.879284144928883
"2279","1250","Ec_N",38,59,59,"Ec",16,1,1,1,1,0,0.879284144928883
"2280","1250","Ec_N",38,60,60,"Ec",16,1,1,1,1,0,0.879284144928883
"2281","1250","Ec_N",39,1,1,"Ec",1,0,0,0,0,0,0
"2282","1250","Ec_N",39,2,2,"Ec",1,0,0,0,0,0,0
"2283","1250","Ec_N",39,3,3,"Ec",1,0,0,0,0,0,0
"2284","1250","Ec_N",39,4,4,"Ec",5,0,0,1,0,0,0.232063491762724
"2285","1250","Ec_N",39,5,5,"Ec",5,0,0,1,0,0,0.232063491762724
"2286","1250","Ec_N",39,6,6,"Ec",5,0,0,1,0,0,0.232063491762724
"2287","1250","Ec_N",39,7,7,"Ec",5,0,0,1,0,0,0.232063491762724
"2288","1250","Ec_N",39,8,8,"Ec",5,0,0,1,0,0,0.232063491762724
"2289","1250","Ec_N",39,9,9,"Ec",7,0,1,1,0,0,0.314714071177838
"2290","1250","Ec_N",39,10,10,"Ec",7,0,1,1,0,0,0.314714071177838
"2291","1250","Ec_N",39,11,11,"Ec",7,0,1,1,0,0,0.314714071177838
"2292","1250","Ec_N",39,12,12,"Ec",7,0,1,1,0,0,0.314714071177838
"2293","1250","Ec_N",39,13,13,"Ec",7,0,1,1,0,0,0.314714071177838
"2294","1250","Ec_N",39,14,14,"Ec",7,0,1,1,0,0,0.314714071177838
"2295","1250","Ec_N",39,15,15,"Ec",7,0,1,1,0,0,0.314714071177838
"2296","1250","Ec_N",39,16,16,"Ec",7,0,1,1,0,0,0.314714071177838
"2297","1250","Ec_N",39,17,17,"Ec",8,1,1,1,0,0,0.440600849145421
"2298","1250","Ec_N",39,18,18,"Ec",8,1,1,1,0,0,0.440600849145421
"2299","1250","Ec_N",39,19,19,"Ec",8,1,1,1,0,0,0.440600849145421
"2300","1250","Ec_N",39,20,20,"Ec",8,1,1,1,0,0,0.440600849145421
"2301","1250","Ec_N",39,21,21,"Ec",8,1,1,1,0,0,0.440600849145421
"2302","1250","Ec_N",39,22,22,"Ec",8,1,1,1,0,0,0.440600849145421
"2303","1250","Ec_N",39,23,23,"Ec",8,1,1,1,0,0,0.440600849145421
"2304","1250","Ec_N",39,24,24,"Ec",8,1,1,1,0,0,0.440600849145421
"2305","1250","Ec_N",39,25,25,"Ec",8,1,1,1,0,0,0.440600849145421
"2306","1250","Ec_N",39,26,26,"Ec",8,1,1,1,0,0,0.440600849145421
"2307","1250","Ec_N",39,27,27,"Ec",8,1,1,1,0,0,0.440600849145421
"2308","1250","Ec_N",39,28,28,"Ec",16,1,1,1,1,0,0.879284144928883
"2309","1250","Ec_N",39,29,29,"Ec",16,1,1,1,1,0,0.879284144928883
"2310","1250","Ec_N",39,30,30,"Ec",16,1,1,1,1,0,0.879284144928883
"2311","1250","Ec_N",39,31,31,"Ec",16,1,1,1,1,0,0.879284144928883
"2312","1250","Ec_N",39,32,32,"Ec",16,1,1,1,1,0,0.879284144928883
"2313","1250","Ec_N",39,33,33,"Ec",16,1,1,1,1,0,0.879284144928883
"2314","1250","Ec_N",39,34,34,"Ec",16,1,1,1,1,0,0.879284144928883
"2315","1250","Ec_N",39,35,35,"Ec",16,1,1,1,1,0,0.879284144928883
"2316","1250","Ec_N",39,36,36,"Ec",16,1,1,1,1,0,0.879284144928883
"2317","1250","Ec_N",39,37,37,"Ec",16,1,1,1,1,0,0.879284144928883
"2318","1250","Ec_N",39,38,38,"Ec",16,1,1,1,1,0,0.879284144928883
"2319","1250","Ec_N",39,39,39,"Ec",16,1,1,1,1,0,0.879284144928883
"2320","1250","Ec_N",39,40,40,"Ec",16,1,1,1,1,0,0.879284144928883
"2321","1250","Ec_N",39,41,41,"Ec",16,1,1,1,1,0,0.879284144928883
"2322","1250","Ec_N",39,42,42,"Ec",16,1,1,1,1,0,0.879284144928883
"2323","1250","Ec_N",39,43,43,"Ec",16,1,1,1,1,0,0.879284144928883
"2324","1250","Ec_N",39,44,44,"Ec",16,1,1,1,1,0,0.879284144928883
"2325","1250","Ec_N",39,45,45,"Ec",16,1,1,1,1,0,0.879284144928883
"2326","1250","Ec_N",39,46,46,"Ec",16,1,1,1,1,0,0.879284144928883
"2327","1250","Ec_N",39,47,47,"Ec",16,1,1,1,1,0,0.879284144928883
"2328","1250","Ec_N",39,48,48,"Ec",16,1,1,1,1,0,0.879284144928883
"2329","1250","Ec_N",39,49,49,"Ec",16,1,1,1,1,0,0.879284144928883
"2330","1250","Ec_N",39,50,50,"Ec",16,1,1,1,1,0,0.879284144928883
"2331","1250","Ec_N",39,51,51,"Ec",16,1,1,1,1,0,0.879284144928883
"2332","1250","Ec_N",39,52,52,"Ec",16,1,1,1,1,0,0.879284144928883
"2333","1250","Ec_N",39,53,53,"Ec",32,1,1,1,1,1,1
"2334","1250","Ec_N",39,54,54,"Ec",32,1,1,1,1,1,1
"2335","1250","Ec_N",39,55,55,"Ec",32,1,1,1,1,1,1
"2336","1250","Ec_N",39,56,56,"Ec",32,1,1,1,1,1,1
"2337","1250","Ec_N",39,57,57,"Ec",32,1,1,1,1,1,1
"2338","1250","Ec_N",39,58,58,"Ec",32,1,1,1,1,1,1
"2339","1250","Ec_N",39,59,59,"Ec",32,1,1,1,1,1,1
"2340","1250","Ec_N",39,60,60,"Ec",32,1,1,1,1,1,1
"2341","1250","Ec_N",40,1,1,"Ec",1,0,0,0,0,0,0
"2342","1250","Ec_N",40,2,2,"Ec",1,0,0,0,0,0,0
"2343","1250","Ec_N",40,3,3,"Ec",1,0,0,0,0,0,0
"2344","1250","Ec_N",40,4,4,"Ec",5,0,0,1,0,0,0.232063491762724
"2345","1250","Ec_N",40,5,5,"Ec",5,0,0,1,0,0,0.232063491762724
"2346","1250","Ec_N",40,6,6,"Ec",5,0,0,1,0,0,0.232063491762724
"2347","1250","Ec_N",40,7,7,"Ec",5,0,0,1,0,0,0.232063491762724
"2348","1250","Ec_N",40,8,8,"Ec",5,0,0,1,0,0,0.232063491762724
"2349","1250","Ec_N",40,9,9,"Ec",5,0,0,1,0,0,0.232063491762724
"2350","1250","Ec_N",40,10,10,"Ec",5,0,0,1,0,0,0.232063491762724
"2351","1250","Ec_N",40,11,11,"Ec",5,0,0,1,0,0,0.232063491762724
"2352","1250","Ec_N",40,12,12,"Ec",5,0,0,1,0,0,0.232063491762724
"2353","1250","Ec_N",40,13,13,"Ec",5,0,0,1,0,0,0.232063491762724
"2354","1250","Ec_N",40,14,14,"Ec",5,0,0,1,0,0,0.232063491762724
"2355","1250","Ec_N",40,15,15,"Ec",5,0,0,1,0,0,0.232063491762724
"2356","1250","Ec_N",40,16,16,"Ec",21,0,0,1,0,1,0.428591116083543
"2357","1250","Ec_N",40,17,17,"Ec",21,0,0,1,0,1,0.428591116083543
"2358","1250","Ec_N",40,18,18,"Ec",21,0,0,1,0,1,0.428591116083543
"2359","1250","Ec_N",40,19,19,"Ec",21,0,0,1,0,1,0.428591116083543
"2360","1250","Ec_N",40,20,20,"Ec",21,0,0,1,0,1,0.428591116083543
"2361","1250","Ec_N",40,21,21,"Ec",21,0,0,1,0,1,0.428591116083543
"2362","1250","Ec_N",40,22,22,"Ec",21,0,0,1,0,1,0.428591116083543
"2363","1250","Ec_N",40,23,23,"Ec",21,0,0,1,0,1,0.428591116083543
"2364","1250","Ec_N",40,24,24,"Ec",21,0,0,1,0,1,0.428591116083543
"2365","1250","Ec_N",40,25,25,"Ec",21,0,0,1,0,1,0.428591116083543
"2366","1250","Ec_N",40,26,26,"Ec",21,0,0,1,0,1,0.428591116083543
"2367","1250","Ec_N",40,27,27,"Ec",21,0,0,1,0,1,0.428591116083543
"2368","1250","Ec_N",40,28,28,"Ec",21,0,0,1,0,1,0.428591116083543
"2369","1250","Ec_N",40,29,29,"Ec",23,0,1,1,0,1,0.511241695498657
"2370","1250","Ec_N",40,30,30,"Ec",23,0,1,1,0,1,0.511241695498657
"2371","1250","Ec_N",40,31,31,"Ec",23,0,1,1,0,1,0.511241695498657
"2372","1250","Ec_N",40,32,32,"Ec",23,0,1,1,0,1,0.511241695498657
"2373","1250","Ec_N",40,33,33,"Ec",23,0,1,1,0,1,0.511241695498657
"2374","1250","Ec_N",40,34,34,"Ec",23,0,1,1,0,1,0.511241695498657
"2375","1250","Ec_N",40,35,35,"Ec",23,0,1,1,0,1,0.511241695498657
"2376","1250","Ec_N",40,36,36,"Ec",23,0,1,1,0,1,0.511241695498657
"2377","1250","Ec_N",40,37,37,"Ec",23,0,1,1,0,1,0.511241695498657
"2378","1250","Ec_N",40,38,38,"Ec",23,0,1,1,0,1,0.511241695498657
"2379","1250","Ec_N",40,39,39,"Ec",23,0,1,1,0,1,0.511241695498657
"2380","1250","Ec_N",40,40,40,"Ec",23,0,1,1,0,1,0.511241695498657
"2381","1250","Ec_N",40,41,41,"Ec",31,0,1,1,1,1,0.778987345540232
"2382","1250","Ec_N",40,42,42,"Ec",31,0,1,1,1,1,0.778987345540232
"2383","1250","Ec_N",40,43,43,"Ec",31,0,1,1,1,1,0.778987345540232
"2384","1250","Ec_N",40,44,44,"Ec",31,0,1,1,1,1,0.778987345540232
"2385","1250","Ec_N",40,45,45,"Ec",31,0,1,1,1,1,0.778987345540232
"2386","1250","Ec_N",40,46,46,"Ec",31,0,1,1,1,1,0.778987345540232
"2387","1250","Ec_N",40,47,47,"Ec",31,0,1,1,1,1,0.778987345540232
"2388","1250","Ec_N",40,48,48,"Ec",31,0,1,1,1,1,0.778987345540232
"2389","1250","Ec_N",40,49,49,"Ec",31,0,1,1,1,1,0.778987345540232
"2390","1250","Ec_N",40,50,50,"Ec",31,0,1,1,1,1,0.778987345540232
"2391","1250","Ec_N",40,51,51,"Ec",31,0,1,1,1,1,0.778987345540232
"2392","1250","Ec_N",40,52,52,"Ec",31,0,1,1,1,1,0.778987345540232
"2393","1250","Ec_N",40,53,53,"Ec",31,0,1,1,1,1,0.778987345540232
"2394","1250","Ec_N",40,54,54,"Ec",31,0,1,1,1,1,0.778987345540232
"2395","1250","Ec_N",40,55,55,"Ec",31,0,1,1,1,1,0.778987345540232
"2396","1250","Ec_N",40,56,56,"Ec",31,0,1,1,1,1,0.778987345540232
"2397","1250","Ec_N",40,57,57,"Ec",31,0,1,1,1,1,0.778987345540232
"2398","1250","Ec_N",40,58,58,"Ec",31,0,1,1,1,1,0.778987345540232
"2399","1250","Ec_N",40,59,59,"Ec",31,0,1,1,1,1,0.778987345540232
"2400","1250","Ec_N",40,60,60,"Ec",31,0,1,1,1,1,0.778987345540232
"2401","1250","Ec_N",41,1,1,"Ec",1,0,0,0,0,0,0
"2402","1250","Ec_N",41,2,2,"Ec",5,0,0,1,0,0,0.232063491762724
"2403","1250","Ec_N",41,3,3,"Ec",5,0,0,1,0,0,0.232063491762724
"2404","1250","Ec_N",41,4,4,"Ec",7,0,1,1,0,0,0.314714071177838
"2405","1250","Ec_N",41,5,5,"Ec",7,0,1,1,0,0,0.314714071177838
"2406","1250","Ec_N",41,6,6,"Ec",7,0,1,1,0,0,0.314714071177838
"2407","1250","Ec_N",41,7,7,"Ec",7,0,1,1,0,0,0.314714071177838
"2408","1250","Ec_N",41,8,8,"Ec",7,0,1,1,0,0,0.314714071177838
"2409","1250","Ec_N",41,9,9,"Ec",7,0,1,1,0,0,0.314714071177838
"2410","1250","Ec_N",41,10,10,"Ec",7,0,1,1,0,0,0.314714071177838
"2411","1250","Ec_N",41,11,11,"Ec",7,0,1,1,0,0,0.314714071177838
"2412","1250","Ec_N",41,12,12,"Ec",23,0,1,1,0,1,0.511241695498657
"2413","1250","Ec_N",41,13,13,"Ec",23,0,1,1,0,1,0.511241695498657
"2414","1250","Ec_N",41,14,14,"Ec",23,0,1,1,0,1,0.511241695498657
"2415","1250","Ec_N",41,15,15,"Ec",23,0,1,1,0,1,0.511241695498657
"2416","1250","Ec_N",41,16,16,"Ec",23,0,1,1,0,1,0.511241695498657
"2417","1250","Ec_N",41,17,17,"Ec",23,0,1,1,0,1,0.511241695498657
"2418","1250","Ec_N",41,18,18,"Ec",23,0,1,1,0,1,0.511241695498657
"2419","1250","Ec_N",41,19,19,"Ec",23,0,1,1,0,1,0.511241695498657
"2420","1250","Ec_N",41,20,20,"Ec",23,0,1,1,0,1,0.511241695498657
"2421","1250","Ec_N",41,21,21,"Ec",23,0,1,1,0,1,0.511241695498657
"2422","1250","Ec_N",41,22,22,"Ec",23,0,1,1,0,1,0.511241695498657
"2423","1250","Ec_N",41,23,23,"Ec",31,0,1,1,1,1,0.778987345540232
"2424","1250","Ec_N",41,24,24,"Ec",31,0,1,1,1,1,0.778987345540232
"2425","1250","Ec_N",41,25,25,"Ec",31,0,1,1,1,1,0.778987345540232
"2426","1250","Ec_N",41,26,26,"Ec",31,0,1,1,1,1,0.778987345540232
"2427","1250","Ec_N",41,27,27,"Ec",31,0,1,1,1,1,0.778987345540232
"2428","1250","Ec_N",41,28,28,"Ec",31,0,1,1,1,1,0.778987345540232
"2429","1250","Ec_N",41,29,29,"Ec",31,0,1,1,1,1,0.778987345540232
"2430","1250","Ec_N",41,30,30,"Ec",31,0,1,1,1,1,0.778987345540232
"2431","1250","Ec_N",41,31,31,"Ec",32,1,1,1,1,1,1
"2432","1250","Ec_N",41,32,32,"Ec",32,1,1,1,1,1,1
"2433","1250","Ec_N",41,33,33,"Ec",32,1,1,1,1,1,1
"2434","1250","Ec_N",41,34,34,"Ec",32,1,1,1,1,1,1
"2435","1250","Ec_N",41,35,35,"Ec",32,1,1,1,1,1,1
"2436","1250","Ec_N",41,36,36,"Ec",32,1,1,1,1,1,1
"2437","1250","Ec_N",41,37,37,"Ec",32,1,1,1,1,1,1
"2438","1250","Ec_N",41,38,38,"Ec",32,1,1,1,1,1,1
"2439","1250","Ec_N",41,39,39,"Ec",32,1,1,1,1,1,1
"2440","1250","Ec_N",41,40,40,"Ec",32,1,1,1,1,1,1
"2441","1250","Ec_N",41,41,41,"Ec",32,1,1,1,1,1,1
"2442","1250","Ec_N",41,42,42,"Ec",32,1,1,1,1,1,1
"2443","1250","Ec_N",41,43,43,"Ec",32,1,1,1,1,1,1
"2444","1250","Ec_N",41,44,44,"Ec",32,1,1,1,1,1,1
"2445","1250","Ec_N",41,45,45,"Ec",32,1,1,1,1,1,1
"2446","1250","Ec_N",41,46,46,"Ec",32,1,1,1,1,1,1
"2447","1250","Ec_N",41,47,47,"Ec",32,1,1,1,1,1,1
"2448","1250","Ec_N",41,48,48,"Ec",32,1,1,1,1,1,1
"2449","1250","Ec_N",41,49,49,"Ec",32,1,1,1,1,1,1
"2450","1250","Ec_N",41,50,50,"Ec",32,1,1,1,1,1,1
"2451","1250","Ec_N",41,51,51,"Ec",32,1,1,1,1,1,1
"2452","1250","Ec_N",41,52,52,"Ec",32,1,1,1,1,1,1
"2453","1250","Ec_N",41,53,53,"Ec",32,1,1,1,1,1,1
"2454","1250","Ec_N",41,54,54,"Ec",32,1,1,1,1,1,1
"2455","1250","Ec_N",41,55,55,"Ec",32,1,1,1,1,1,1
"2456","1250","Ec_N",41,56,56,"Ec",32,1,1,1,1,1,1
"2457","1250","Ec_N",41,57,57,"Ec",32,1,1,1,1,1,1
"2458","1250","Ec_N",41,58,58,"Ec",32,1,1,1,1,1,1
"2459","1250","Ec_N",41,59,59,"Ec",32,1,1,1,1,1,1
"2460","1250","Ec_N",41,60,60,"Ec",32,1,1,1,1,1,1
"2461","1250","Ec_N",42,1,1,"Ec",1,0,0,0,0,0,0
"2462","1250","Ec_N",42,2,2,"Ec",1,0,0,0,0,0,0
"2463","1250","Ec_N",42,3,3,"Ec",1,0,0,0,0,0,0
"2464","1250","Ec_N",42,4,4,"Ec",1,0,0,0,0,0,0
"2465","1250","Ec_N",42,5,5,"Ec",1,0,0,0,0,0,0
"2466","1250","Ec_N",42,6,6,"Ec",1,0,0,0,0,0,0
"2467","1250","Ec_N",42,7,7,"Ec",1,0,0,0,0,0,0
"2468","1250","Ec_N",42,8,8,"Ec",1,0,0,0,0,0,0
"2469","1250","Ec_N",42,9,9,"Ec",2,1,0,0,0,0,0.221012654459768
"2470","1250","Ec_N",42,10,10,"Ec",2,1,0,0,0,0,0.221012654459768
"2471","1250","Ec_N",42,11,11,"Ec",2,1,0,0,0,0,0.221012654459768
"2472","1250","Ec_N",42,12,12,"Ec",2,1,0,0,0,0,0.221012654459768
"2473","1250","Ec_N",42,13,13,"Ec",2,1,0,0,0,0,0.221012654459768
"2474","1250","Ec_N",42,14,14,"Ec",2,1,0,0,0,0,0.221012654459768
"2475","1250","Ec_N",42,15,15,"Ec",2,1,0,0,0,0,0.221012654459768
"2476","1250","Ec_N",42,16,16,"Ec",10,1,0,0,1,0,0.488758304501343
"2477","1250","Ec_N",42,17,17,"Ec",10,1,0,0,1,0,0.488758304501343
"2478","1250","Ec_N",42,18,18,"Ec",10,1,0,0,1,0,0.488758304501343
"2479","1250","Ec_N",42,19,19,"Ec",10,1,0,0,1,0,0.488758304501343
"2480","1250","Ec_N",42,20,20,"Ec",10,1,0,0,1,0,0.488758304501343
"2481","1250","Ec_N",42,21,21,"Ec",10,1,0,0,1,0,0.488758304501343
"2482","1250","Ec_N",42,22,22,"Ec",10,1,0,0,1,0,0.488758304501343
"2483","1250","Ec_N",42,23,23,"Ec",10,1,0,0,1,0,0.488758304501343
"2484","1250","Ec_N",42,24,24,"Ec",10,1,0,0,1,0,0.488758304501343
"2485","1250","Ec_N",42,25,25,"Ec",10,1,0,0,1,0,0.488758304501343
"2486","1250","Ec_N",42,26,26,"Ec",26,1,0,0,1,1,0.685285928822162
"2487","1250","Ec_N",42,27,27,"Ec",26,1,0,0,1,1,0.685285928822162
"2488","1250","Ec_N",42,28,28,"Ec",26,1,0,0,1,1,0.685285928822162
"2489","1250","Ec_N",42,29,29,"Ec",26,1,0,0,1,1,0.685285928822162
"2490","1250","Ec_N",42,30,30,"Ec",26,1,0,0,1,1,0.685285928822162
"2491","1250","Ec_N",42,31,31,"Ec",26,1,0,0,1,1,0.685285928822162
"2492","1250","Ec_N",42,32,32,"Ec",26,1,0,0,1,1,0.685285928822162
"2493","1250","Ec_N",42,33,33,"Ec",26,1,0,0,1,1,0.685285928822162
"2494","1250","Ec_N",42,34,34,"Ec",26,1,0,0,1,1,0.685285928822162
"2495","1250","Ec_N",42,35,35,"Ec",26,1,0,0,1,1,0.685285928822162
"2496","1250","Ec_N",42,36,36,"Ec",26,1,0,0,1,1,0.685285928822162
"2497","1250","Ec_N",42,37,37,"Ec",26,1,0,0,1,1,0.685285928822162
"2498","1250","Ec_N",42,38,38,"Ec",26,1,0,0,1,1,0.685285928822162
"2499","1250","Ec_N",42,39,39,"Ec",26,1,0,0,1,1,0.685285928822162
"2500","1250","Ec_N",42,40,40,"Ec",26,1,0,0,1,1,0.685285928822162
"2501","1250","Ec_N",42,41,41,"Ec",26,1,0,0,1,1,0.685285928822162
"2502","1250","Ec_N",42,42,42,"Ec",26,1,0,0,1,1,0.685285928822162
"2503","1250","Ec_N",42,43,43,"Ec",26,1,0,0,1,1,0.685285928822162
"2504","1250","Ec_N",42,44,44,"Ec",30,1,0,1,1,1,0.981696467924213
"2505","1250","Ec_N",42,45,45,"Ec",32,1,1,1,1,1,1
"2506","1250","Ec_N",42,46,46,"Ec",32,1,1,1,1,1,1
"2507","1250","Ec_N",42,47,47,"Ec",32,1,1,1,1,1,1
"2508","1250","Ec_N",42,48,48,"Ec",32,1,1,1,1,1,1
"2509","1250","Ec_N",42,49,49,"Ec",32,1,1,1,1,1,1
"2510","1250","Ec_N",42,50,50,"Ec",32,1,1,1,1,1,1
"2511","1250","Ec_N",42,51,51,"Ec",32,1,1,1,1,1,1
"2512","1250","Ec_N",42,52,52,"Ec",32,1,1,1,1,1,1
"2513","1250","Ec_N",42,53,53,"Ec",32,1,1,1,1,1,1
"2514","1250","Ec_N",42,54,54,"Ec",32,1,1,1,1,1,1
"2515","1250","Ec_N",42,55,55,"Ec",32,1,1,1,1,1,1
"2516","1250","Ec_N",42,56,56,"Ec",32,1,1,1,1,1,1
"2517","1250","Ec_N",42,57,57,"Ec",32,1,1,1,1,1,1
"2518","1250","Ec_N",42,58,58,"Ec",32,1,1,1,1,1,1
"2519","1250","Ec_N",42,59,59,"Ec",32,1,1,1,1,1,1
"2520","1250","Ec_N",42,60,60,"Ec",32,1,1,1,1,1,1
"2521","1250","Ec_N",43,1,1,"Ec",1,0,0,0,0,0,0
"2522","1250","Ec_N",43,2,2,"Ec",17,0,0,0,0,1,0.14692246949649
"2523","1250","Ec_N",43,3,3,"Ec",17,0,0,0,0,1,0.14692246949649
"2524","1250","Ec_N",43,4,4,"Ec",17,0,0,0,0,1,0.14692246949649
"2525","1250","Ec_N",43,5,5,"Ec",21,0,0,1,0,1,0.428591116083543
"2526","1250","Ec_N",43,6,6,"Ec",21,0,0,1,0,1,0.428591116083543
"2527","1250","Ec_N",43,7,7,"Ec",29,0,0,1,1,1,0.696336766125118
"2528","1250","Ec_N",43,8,8,"Ec",29,0,0,1,1,1,0.696336766125118
"2529","1250","Ec_N",43,9,9,"Ec",29,0,0,1,1,1,0.696336766125118
"2530","1250","Ec_N",43,10,10,"Ec",29,0,0,1,1,1,0.696336766125118
"2531","1250","Ec_N",43,11,11,"Ec",29,0,0,1,1,1,0.696336766125118
"2532","1250","Ec_N",43,12,12,"Ec",29,0,0,1,1,1,0.696336766125118
"2533","1250","Ec_N",43,13,13,"Ec",29,0,0,1,1,1,0.696336766125118
"2534","1250","Ec_N",43,14,14,"Ec",29,0,0,1,1,1,0.696336766125118
"2535","1250","Ec_N",43,15,15,"Ec",29,0,0,1,1,1,0.696336766125118
"2536","1250","Ec_N",43,16,16,"Ec",29,0,0,1,1,1,0.696336766125118
"2537","1250","Ec_N",43,17,17,"Ec",29,0,0,1,1,1,0.696336766125118
"2538","1250","Ec_N",43,18,18,"Ec",29,0,0,1,1,1,0.696336766125118
"2539","1250","Ec_N",43,19,19,"Ec",29,0,0,1,1,1,0.696336766125118
"2540","1250","Ec_N",43,20,20,"Ec",29,0,0,1,1,1,0.696336766125118
"2541","1250","Ec_N",43,21,21,"Ec",29,0,0,1,1,1,0.696336766125118
"2542","1250","Ec_N",43,22,22,"Ec",29,0,0,1,1,1,0.696336766125118
"2543","1250","Ec_N",43,23,23,"Ec",29,0,0,1,1,1,0.696336766125118
"2544","1250","Ec_N",43,24,24,"Ec",29,0,0,1,1,1,0.696336766125118
"2545","1250","Ec_N",43,25,25,"Ec",29,0,0,1,1,1,0.696336766125118
"2546","1250","Ec_N",43,26,26,"Ec",29,0,0,1,1,1,0.696336766125118
"2547","1250","Ec_N",43,27,27,"Ec",29,0,0,1,1,1,0.696336766125118
"2548","1250","Ec_N",43,28,28,"Ec",29,0,0,1,1,1,0.696336766125118
"2549","1250","Ec_N",43,29,29,"Ec",29,0,0,1,1,1,0.696336766125118
"2550","1250","Ec_N",43,30,30,"Ec",29,0,0,1,1,1,0.696336766125118
"2551","1250","Ec_N",43,31,31,"Ec",29,0,0,1,1,1,0.696336766125118
"2552","1250","Ec_N",43,32,32,"Ec",29,0,0,1,1,1,0.696336766125118
"2553","1250","Ec_N",43,33,33,"Ec",29,0,0,1,1,1,0.696336766125118
"2554","1250","Ec_N",43,34,34,"Ec",29,0,0,1,1,1,0.696336766125118
"2555","1250","Ec_N",43,35,35,"Ec",31,0,1,1,1,1,0.778987345540232
"2556","1250","Ec_N",43,36,36,"Ec",31,0,1,1,1,1,0.778987345540232
"2557","1250","Ec_N",43,37,37,"Ec",31,0,1,1,1,1,0.778987345540232
"2558","1250","Ec_N",43,38,38,"Ec",31,0,1,1,1,1,0.778987345540232
"2559","1250","Ec_N",43,39,39,"Ec",31,0,1,1,1,1,0.778987345540232
"2560","1250","Ec_N",43,40,40,"Ec",31,0,1,1,1,1,0.778987345540232
"2561","1250","Ec_N",43,41,41,"Ec",31,0,1,1,1,1,0.778987345540232
"2562","1250","Ec_N",43,42,42,"Ec",31,0,1,1,1,1,0.778987345540232
"2563","1250","Ec_N",43,43,43,"Ec",31,0,1,1,1,1,0.778987345540232
"2564","1250","Ec_N",43,44,44,"Ec",31,0,1,1,1,1,0.778987345540232
"2565","1250","Ec_N",43,45,45,"Ec",31,0,1,1,1,1,0.778987345540232
"2566","1250","Ec_N",43,46,46,"Ec",31,0,1,1,1,1,0.778987345540232
"2567","1250","Ec_N",43,47,47,"Ec",31,0,1,1,1,1,0.778987345540232
"2568","1250","Ec_N",43,48,48,"Ec",31,0,1,1,1,1,0.778987345540232
"2569","1250","Ec_N",43,49,49,"Ec",31,0,1,1,1,1,0.778987345540232
"2570","1250","Ec_N",43,50,50,"Ec",31,0,1,1,1,1,0.778987345540232
"2571","1250","Ec_N",43,51,51,"Ec",31,0,1,1,1,1,0.778987345540232
"2572","1250","Ec_N",43,52,52,"Ec",31,0,1,1,1,1,0.778987345540232
"2573","1250","Ec_N",43,53,53,"Ec",31,0,1,1,1,1,0.778987345540232
"2574","1250","Ec_N",43,54,54,"Ec",31,0,1,1,1,1,0.778987345540232
"2575","1250","Ec_N",43,55,55,"Ec",31,0,1,1,1,1,0.778987345540232
"2576","1250","Ec_N",43,56,56,"Ec",31,0,1,1,1,1,0.778987345540232
"2577","1250","Ec_N",43,57,57,"Ec",31,0,1,1,1,1,0.778987345540232
"2578","1250","Ec_N",43,58,58,"Ec",31,0,1,1,1,1,0.778987345540232
"2579","1250","Ec_N",43,59,59,"Ec",31,0,1,1,1,1,0.778987345540232
"2580","1250","Ec_N",43,60,60,"Ec",31,0,1,1,1,1,0.778987345540232
"2581","1250","Ec_N",44,1,1,"Ec",1,0,0,0,0,0,0
"2582","1250","Ec_N",44,2,2,"Ec",1,0,0,0,0,0,0
"2583","1250","Ec_N",44,3,3,"Ec",1,0,0,0,0,0,0
"2584","1250","Ec_N",44,4,4,"Ec",1,0,0,0,0,0,0
"2585","1250","Ec_N",44,5,5,"Ec",1,0,0,0,0,0,0
"2586","1250","Ec_N",44,6,6,"Ec",1,0,0,0,0,0,0
"2587","1250","Ec_N",44,7,7,"Ec",1,0,0,0,0,0,0
"2588","1250","Ec_N",44,8,8,"Ec",1,0,0,0,0,0,0
"2589","1250","Ec_N",44,9,9,"Ec",1,0,0,0,0,0,0
"2590","1250","Ec_N",44,10,10,"Ec",1,0,0,0,0,0,0
"2591","1250","Ec_N",44,11,11,"Ec",1,0,0,0,0,0,0
"2592","1250","Ec_N",44,12,12,"Ec",1,0,0,0,0,0,0
"2593","1250","Ec_N",44,13,13,"Ec",1,0,0,0,0,0,0
"2594","1250","Ec_N",44,14,14,"Ec",1,0,0,0,0,0,0
"2595","1250","Ec_N",44,15,15,"Ec",17,0,0,0,0,1,0.14692246949649
"2596","1250","Ec_N",44,16,16,"Ec",17,0,0,0,0,1,0.14692246949649
"2597","1250","Ec_N",44,17,17,"Ec",17,0,0,0,0,1,0.14692246949649
"2598","1250","Ec_N",44,18,18,"Ec",19,0,1,0,0,1,0.179678659430889
"2599","1250","Ec_N",44,19,19,"Ec",19,0,1,0,0,1,0.179678659430889
"2600","1250","Ec_N",44,20,20,"Ec",19,0,1,0,0,1,0.179678659430889
"2601","1250","Ec_N",44,21,21,"Ec",19,0,1,0,0,1,0.179678659430889
"2602","1250","Ec_N",44,22,22,"Ec",20,1,1,0,0,1,0.500190858195701
"2603","1250","Ec_N",44,23,23,"Ec",20,1,1,0,0,1,0.500190858195701
"2604","1250","Ec_N",44,24,24,"Ec",28,1,1,0,1,1,0.770762719311211
"2605","1250","Ec_N",44,25,25,"Ec",28,1,1,0,1,1,0.770762719311211
"2606","1250","Ec_N",44,26,26,"Ec",28,1,1,0,1,1,0.770762719311211
"2607","1250","Ec_N",44,27,27,"Ec",28,1,1,0,1,1,0.770762719311211
"2608","1250","Ec_N",44,28,28,"Ec",28,1,1,0,1,1,0.770762719311211
"2609","1250","Ec_N",44,29,29,"Ec",28,1,1,0,1,1,0.770762719311211
"2610","1250","Ec_N",44,30,30,"Ec",28,1,1,0,1,1,0.770762719311211
"2611","1250","Ec_N",44,31,31,"Ec",28,1,1,0,1,1,0.770762719311211
"2612","1250","Ec_N",44,32,32,"Ec",28,1,1,0,1,1,0.770762719311211
"2613","1250","Ec_N",44,33,33,"Ec",28,1,1,0,1,1,0.770762719311211
"2614","1250","Ec_N",44,34,34,"Ec",28,1,1,0,1,1,0.770762719311211
"2615","1250","Ec_N",44,35,35,"Ec",28,1,1,0,1,1,0.770762719311211
"2616","1250","Ec_N",44,36,36,"Ec",28,1,1,0,1,1,0.770762719311211
"2617","1250","Ec_N",44,37,37,"Ec",28,1,1,0,1,1,0.770762719311211
"2618","1250","Ec_N",44,38,38,"Ec",28,1,1,0,1,1,0.770762719311211
"2619","1250","Ec_N",44,39,39,"Ec",28,1,1,0,1,1,0.770762719311211
"2620","1250","Ec_N",44,40,40,"Ec",28,1,1,0,1,1,0.770762719311211
"2621","1250","Ec_N",44,41,41,"Ec",28,1,1,0,1,1,0.770762719311211
"2622","1250","Ec_N",44,42,42,"Ec",28,1,1,0,1,1,0.770762719311211
"2623","1250","Ec_N",44,43,43,"Ec",28,1,1,0,1,1,0.770762719311211
"2624","1250","Ec_N",44,44,44,"Ec",28,1,1,0,1,1,0.770762719311211
"2625","1250","Ec_N",44,45,45,"Ec",28,1,1,0,1,1,0.770762719311211
"2626","1250","Ec_N",44,46,46,"Ec",28,1,1,0,1,1,0.770762719311211
"2627","1250","Ec_N",44,47,47,"Ec",28,1,1,0,1,1,0.770762719311211
"2628","1250","Ec_N",44,48,48,"Ec",28,1,1,0,1,1,0.770762719311211
"2629","1250","Ec_N",44,49,49,"Ec",28,1,1,0,1,1,0.770762719311211
"2630","1250","Ec_N",44,50,50,"Ec",28,1,1,0,1,1,0.770762719311211
"2631","1250","Ec_N",44,51,51,"Ec",28,1,1,0,1,1,0.770762719311211
"2632","1250","Ec_N",44,52,52,"Ec",28,1,1,0,1,1,0.770762719311211
"2633","1250","Ec_N",44,53,53,"Ec",28,1,1,0,1,1,0.770762719311211
"2634","1250","Ec_N",44,54,54,"Ec",28,1,1,0,1,1,0.770762719311211
"2635","1250","Ec_N",44,55,55,"Ec",28,1,1,0,1,1,0.770762719311211
"2636","1250","Ec_N",44,56,56,"Ec",28,1,1,0,1,1,0.770762719311211
"2637","1250","Ec_N",44,57,57,"Ec",28,1,1,0,1,1,0.770762719311211
"2638","1250","Ec_N",44,58,58,"Ec",28,1,1,0,1,1,0.770762719311211
"2639","1250","Ec_N",44,59,59,"Ec",28,1,1,0,1,1,0.770762719311211
"2640","1250","Ec_N",44,60,60,"Ec",28,1,1,0,1,1,0.770762719311211
"2641","1250","Ec_N",45,1,1,"Ec",1,0,0,0,0,0,0
"2642","1250","Ec_N",45,2,2,"Ec",1,0,0,0,0,0,0
"2643","1250","Ec_N",45,3,3,"Ec",2,1,0,0,0,0,0.221012654459768
"2644","1250","Ec_N",45,4,4,"Ec",2,1,0,0,0,0,0.221012654459768
"2645","1250","Ec_N",45,5,5,"Ec",18,1,0,0,0,1,0.417540278780587
"2646","1250","Ec_N",45,6,6,"Ec",20,1,1,0,0,1,0.500190858195701
"2647","1250","Ec_N",45,7,7,"Ec",20,1,1,0,0,1,0.500190858195701
"2648","1250","Ec_N",45,8,8,"Ec",20,1,1,0,0,1,0.500190858195701
"2649","1250","Ec_N",45,9,9,"Ec",20,1,1,0,0,1,0.500190858195701
"2650","1250","Ec_N",45,10,10,"Ec",20,1,1,0,0,1,0.500190858195701
"2651","1250","Ec_N",45,11,11,"Ec",20,1,1,0,0,1,0.500190858195701
"2652","1250","Ec_N",45,12,12,"Ec",20,1,1,0,0,1,0.500190858195701
"2653","1250","Ec_N",45,13,13,"Ec",20,1,1,0,0,1,0.500190858195701
"2654","1250","Ec_N",45,14,14,"Ec",20,1,1,0,0,1,0.500190858195701
"2655","1250","Ec_N",45,15,15,"Ec",20,1,1,0,0,1,0.500190858195701
"2656","1250","Ec_N",45,16,16,"Ec",20,1,1,0,0,1,0.500190858195701
"2657","1250","Ec_N",45,17,17,"Ec",20,1,1,0,0,1,0.500190858195701
"2658","1250","Ec_N",45,18,18,"Ec",20,1,1,0,0,1,0.500190858195701
"2659","1250","Ec_N",45,19,19,"Ec",20,1,1,0,0,1,0.500190858195701
"2660","1250","Ec_N",45,20,20,"Ec",20,1,1,0,0,1,0.500190858195701
"2661","1250","Ec_N",45,21,21,"Ec",20,1,1,0,0,1,0.500190858195701
"2662","1250","Ec_N",45,22,22,"Ec",20,1,1,0,0,1,0.500190858195701
"2663","1250","Ec_N",45,23,23,"Ec",24,1,1,1,0,1,0.732254349958425
"2664","1250","Ec_N",45,24,24,"Ec",24,1,1,1,0,1,0.732254349958425
"2665","1250","Ec_N",45,25,25,"Ec",24,1,1,1,0,1,0.732254349958425
"2666","1250","Ec_N",45,26,26,"Ec",24,1,1,1,0,1,0.732254349958425
"2667","1250","Ec_N",45,27,27,"Ec",24,1,1,1,0,1,0.732254349958425
"2668","1250","Ec_N",45,28,28,"Ec",24,1,1,1,0,1,0.732254349958425
"2669","1250","Ec_N",45,29,29,"Ec",24,1,1,1,0,1,0.732254349958425
"2670","1250","Ec_N",45,30,30,"Ec",24,1,1,1,0,1,0.732254349958425
"2671","1250","Ec_N",45,31,31,"Ec",24,1,1,1,0,1,0.732254349958425
"2672","1250","Ec_N",45,32,32,"Ec",32,1,1,1,1,1,1
"2673","1250","Ec_N",45,33,33,"Ec",32,1,1,1,1,1,1
"2674","1250","Ec_N",45,34,34,"Ec",32,1,1,1,1,1,1
"2675","1250","Ec_N",45,35,35,"Ec",32,1,1,1,1,1,1
"2676","1250","Ec_N",45,36,36,"Ec",32,1,1,1,1,1,1
"2677","1250","Ec_N",45,37,37,"Ec",32,1,1,1,1,1,1
"2678","1250","Ec_N",45,38,38,"Ec",32,1,1,1,1,1,1
"2679","1250","Ec_N",45,39,39,"Ec",32,1,1,1,1,1,1
"2680","1250","Ec_N",45,40,40,"Ec",32,1,1,1,1,1,1
"2681","1250","Ec_N",45,41,41,"Ec",32,1,1,1,1,1,1
"2682","1250","Ec_N",45,42,42,"Ec",32,1,1,1,1,1,1
"2683","1250","Ec_N",45,43,43,"Ec",32,1,1,1,1,1,1
"2684","1250","Ec_N",45,44,44,"Ec",32,1,1,1,1,1,1
"2685","1250","Ec_N",45,45,45,"Ec",32,1,1,1,1,1,1
"2686","1250","Ec_N",45,46,46,"Ec",32,1,1,1,1,1,1
"2687","1250","Ec_N",45,47,47,"Ec",32,1,1,1,1,1,1
"2688","1250","Ec_N",45,48,48,"Ec",32,1,1,1,1,1,1
"2689","1250","Ec_N",45,49,49,"Ec",32,1,1,1,1,1,1
"2690","1250","Ec_N",45,50,50,"Ec",32,1,1,1,1,1,1
"2691","1250","Ec_N",45,51,51,"Ec",32,1,1,1,1,1,1
"2692","1250","Ec_N",45,52,52,"Ec",32,1,1,1,1,1,1
"2693","1250","Ec_N",45,53,53,"Ec",32,1,1,1,1,1,1
"2694","1250","Ec_N",45,54,54,"Ec",32,1,1,1,1,1,1
"2695","1250","Ec_N",45,55,55,"Ec",32,1,1,1,1,1,1
"2696","1250","Ec_N",45,56,56,"Ec",32,1,1,1,1,1,1
"2697","1250","Ec_N",45,57,57,"Ec",32,1,1,1,1,1,1
"2698","1250","Ec_N",45,58,58,"Ec",32,1,1,1,1,1,1
"2699","1250","Ec_N",45,59,59,"Ec",32,1,1,1,1,1,1
"2700","1250","Ec_N",45,60,60,"Ec",32,1,1,1,1,1,1
"2701","1250","Ec_N",46,1,1,"Ec",1,0,0,0,0,0,0
"2702","1250","Ec_N",46,2,2,"Ec",1,0,0,0,0,0,0
"2703","1250","Ec_N",46,3,3,"Ec",1,0,0,0,0,0,0
"2704","1250","Ec_N",46,4,4,"Ec",1,0,0,0,0,0,0
"2705","1250","Ec_N",46,5,5,"Ec",1,0,0,0,0,0,0
"2706","1250","Ec_N",46,6,6,"Ec",1,0,0,0,0,0,0
"2707","1250","Ec_N",46,7,7,"Ec",1,0,0,0,0,0,0
"2708","1250","Ec_N",46,8,8,"Ec",1,0,0,0,0,0,0
"2709","1250","Ec_N",46,9,9,"Ec",1,0,0,0,0,0,0
"2710","1250","Ec_N",46,10,10,"Ec",1,0,0,0,0,0,0
"2711","1250","Ec_N",46,11,11,"Ec",5,0,0,1,0,0,0.232063491762724
"2712","1250","Ec_N",46,12,12,"Ec",21,0,0,1,0,1,0.428591116083543
"2713","1250","Ec_N",46,13,13,"Ec",21,0,0,1,0,1,0.428591116083543
"2714","1250","Ec_N",46,14,14,"Ec",21,0,0,1,0,1,0.428591116083543
"2715","1250","Ec_N",46,15,15,"Ec",21,0,0,1,0,1,0.428591116083543
"2716","1250","Ec_N",46,16,16,"Ec",21,0,0,1,0,1,0.428591116083543
"2717","1250","Ec_N",46,17,17,"Ec",21,0,0,1,0,1,0.428591116083543
"2718","1250","Ec_N",46,18,18,"Ec",21,0,0,1,0,1,0.428591116083543
"2719","1250","Ec_N",46,19,19,"Ec",21,0,0,1,0,1,0.428591116083543
"2720","1250","Ec_N",46,20,20,"Ec",21,0,0,1,0,1,0.428591116083543
"2721","1250","Ec_N",46,21,21,"Ec",21,0,0,1,0,1,0.428591116083543
"2722","1250","Ec_N",46,22,22,"Ec",21,0,0,1,0,1,0.428591116083543
"2723","1250","Ec_N",46,23,23,"Ec",21,0,0,1,0,1,0.428591116083543
"2724","1250","Ec_N",46,24,24,"Ec",21,0,0,1,0,1,0.428591116083543
"2725","1250","Ec_N",46,25,25,"Ec",22,1,0,1,0,1,0.649603770543311
"2726","1250","Ec_N",46,26,26,"Ec",22,1,0,1,0,1,0.649603770543311
"2727","1250","Ec_N",46,27,27,"Ec",22,1,0,1,0,1,0.649603770543311
"2728","1250","Ec_N",46,28,28,"Ec",22,1,0,1,0,1,0.649603770543311
"2729","1250","Ec_N",46,29,29,"Ec",22,1,0,1,0,1,0.649603770543311
"2730","1250","Ec_N",46,30,30,"Ec",22,1,0,1,0,1,0.649603770543311
"2731","1250","Ec_N",46,31,31,"Ec",22,1,0,1,0,1,0.649603770543311
"2732","1250","Ec_N",46,32,32,"Ec",22,1,0,1,0,1,0.649603770543311
"2733","1250","Ec_N",46,33,33,"Ec",22,1,0,1,0,1,0.649603770543311
"2734","1250","Ec_N",46,34,34,"Ec",24,1,1,1,0,1,0.732254349958425
"2735","1250","Ec_N",46,35,35,"Ec",24,1,1,1,0,1,0.732254349958425
"2736","1250","Ec_N",46,36,36,"Ec",24,1,1,1,0,1,0.732254349958425
"2737","1250","Ec_N",46,37,37,"Ec",24,1,1,1,0,1,0.732254349958425
"2738","1250","Ec_N",46,38,38,"Ec",24,1,1,1,0,1,0.732254349958425
"2739","1250","Ec_N",46,39,39,"Ec",24,1,1,1,0,1,0.732254349958425
"2740","1250","Ec_N",46,40,40,"Ec",24,1,1,1,0,1,0.732254349958425
"2741","1250","Ec_N",46,41,41,"Ec",24,1,1,1,0,1,0.732254349958425
"2742","1250","Ec_N",46,42,42,"Ec",24,1,1,1,0,1,0.732254349958425
"2743","1250","Ec_N",46,43,43,"Ec",24,1,1,1,0,1,0.732254349958425
"2744","1250","Ec_N",46,44,44,"Ec",24,1,1,1,0,1,0.732254349958425
"2745","1250","Ec_N",46,45,45,"Ec",24,1,1,1,0,1,0.732254349958425
"2746","1250","Ec_N",46,46,46,"Ec",24,1,1,1,0,1,0.732254349958425
"2747","1250","Ec_N",46,47,47,"Ec",24,1,1,1,0,1,0.732254349958425
"2748","1250","Ec_N",46,48,48,"Ec",24,1,1,1,0,1,0.732254349958425
"2749","1250","Ec_N",46,49,49,"Ec",24,1,1,1,0,1,0.732254349958425
"2750","1250","Ec_N",46,50,50,"Ec",24,1,1,1,0,1,0.732254349958425
"2751","1250","Ec_N",46,51,51,"Ec",24,1,1,1,0,1,0.732254349958425
"2752","1250","Ec_N",46,52,52,"Ec",24,1,1,1,0,1,0.732254349958425
"2753","1250","Ec_N",46,53,53,"Ec",24,1,1,1,0,1,0.732254349958425
"2754","1250","Ec_N",46,54,54,"Ec",24,1,1,1,0,1,0.732254349958425
"2755","1250","Ec_N",46,55,55,"Ec",24,1,1,1,0,1,0.732254349958425
"2756","1250","Ec_N",46,56,56,"Ec",24,1,1,1,0,1,0.732254349958425
"2757","1250","Ec_N",46,57,57,"Ec",24,1,1,1,0,1,0.732254349958425
"2758","1250","Ec_N",46,58,58,"Ec",24,1,1,1,0,1,0.732254349958425
"2759","1250","Ec_N",46,59,59,"Ec",32,1,1,1,1,1,1
"2760","1250","Ec_N",46,60,60,"Ec",32,1,1,1,1,1,1
"2761","1250","Ec_N",47,1,1,"Ec",1,0,0,0,0,0,0
"2762","1250","Ec_N",47,2,2,"Ec",17,0,0,0,0,1,0.14692246949649
"2763","1250","Ec_N",47,3,3,"Ec",21,0,0,1,0,1,0.428591116083543
"2764","1250","Ec_N",47,4,4,"Ec",23,0,1,1,0,1,0.511241695498657
"2765","1250","Ec_N",47,5,5,"Ec",23,0,1,1,0,1,0.511241695498657
"2766","1250","Ec_N",47,6,6,"Ec",23,0,1,1,0,1,0.511241695498657
"2767","1250","Ec_N",47,7,7,"Ec",23,0,1,1,0,1,0.511241695498657
"2768","1250","Ec_N",47,8,8,"Ec",31,0,1,1,1,1,0.778987345540232
"2769","1250","Ec_N",47,9,9,"Ec",31,0,1,1,1,1,0.778987345540232
"2770","1250","Ec_N",47,10,10,"Ec",32,1,1,1,1,1,1
"2771","1250","Ec_N",47,11,11,"Ec",32,1,1,1,1,1,1
"2772","1250","Ec_N",47,12,12,"Ec",32,1,1,1,1,1,1
"2773","1250","Ec_N",47,13,13,"Ec",32,1,1,1,1,1,1
"2774","1250","Ec_N",47,14,14,"Ec",32,1,1,1,1,1,1
"2775","1250","Ec_N",47,15,15,"Ec",32,1,1,1,1,1,1
"2776","1250","Ec_N",47,16,16,"Ec",32,1,1,1,1,1,1
"2777","1250","Ec_N",47,17,17,"Ec",32,1,1,1,1,1,1
"2778","1250","Ec_N",47,18,18,"Ec",32,1,1,1,1,1,1
"2779","1250","Ec_N",47,19,19,"Ec",32,1,1,1,1,1,1
"2780","1250","Ec_N",47,20,20,"Ec",32,1,1,1,1,1,1
"2781","1250","Ec_N",47,21,21,"Ec",32,1,1,1,1,1,1
"2782","1250","Ec_N",47,22,22,"Ec",32,1,1,1,1,1,1
"2783","1250","Ec_N",47,23,23,"Ec",32,1,1,1,1,1,1
"2784","1250","Ec_N",47,24,24,"Ec",32,1,1,1,1,1,1
"2785","1250","Ec_N",47,25,25,"Ec",32,1,1,1,1,1,1
"2786","1250","Ec_N",47,26,26,"Ec",32,1,1,1,1,1,1
"2787","1250","Ec_N",47,27,27,"Ec",32,1,1,1,1,1,1
"2788","1250","Ec_N",47,28,28,"Ec",32,1,1,1,1,1,1
"2789","1250","Ec_N",47,29,29,"Ec",32,1,1,1,1,1,1
"2790","1250","Ec_N",47,30,30,"Ec",32,1,1,1,1,1,1
"2791","1250","Ec_N",47,31,31,"Ec",32,1,1,1,1,1,1
"2792","1250","Ec_N",47,32,32,"Ec",32,1,1,1,1,1,1
"2793","1250","Ec_N",47,33,33,"Ec",32,1,1,1,1,1,1
"2794","1250","Ec_N",47,34,34,"Ec",32,1,1,1,1,1,1
"2795","1250","Ec_N",47,35,35,"Ec",32,1,1,1,1,1,1
"2796","1250","Ec_N",47,36,36,"Ec",32,1,1,1,1,1,1
"2797","1250","Ec_N",47,37,37,"Ec",32,1,1,1,1,1,1
"2798","1250","Ec_N",47,38,38,"Ec",32,1,1,1,1,1,1
"2799","1250","Ec_N",47,39,39,"Ec",32,1,1,1,1,1,1
"2800","1250","Ec_N",47,40,40,"Ec",32,1,1,1,1,1,1
"2801","1250","Ec_N",47,41,41,"Ec",32,1,1,1,1,1,1
"2802","1250","Ec_N",47,42,42,"Ec",32,1,1,1,1,1,1
"2803","1250","Ec_N",47,43,43,"Ec",32,1,1,1,1,1,1
"2804","1250","Ec_N",47,44,44,"Ec",32,1,1,1,1,1,1
"2805","1250","Ec_N",47,45,45,"Ec",32,1,1,1,1,1,1
"2806","1250","Ec_N",47,46,46,"Ec",32,1,1,1,1,1,1
"2807","1250","Ec_N",47,47,47,"Ec",32,1,1,1,1,1,1
"2808","1250","Ec_N",47,48,48,"Ec",32,1,1,1,1,1,1
"2809","1250","Ec_N",47,49,49,"Ec",32,1,1,1,1,1,1
"2810","1250","Ec_N",47,50,50,"Ec",32,1,1,1,1,1,1
"2811","1250","Ec_N",47,51,51,"Ec",32,1,1,1,1,1,1
"2812","1250","Ec_N",47,52,52,"Ec",32,1,1,1,1,1,1
"2813","1250","Ec_N",47,53,53,"Ec",32,1,1,1,1,1,1
"2814","1250","Ec_N",47,54,54,"Ec",32,1,1,1,1,1,1
"2815","1250","Ec_N",47,55,55,"Ec",32,1,1,1,1,1,1
"2816","1250","Ec_N",47,56,56,"Ec",32,1,1,1,1,1,1
"2817","1250","Ec_N",47,57,57,"Ec",32,1,1,1,1,1,1
"2818","1250","Ec_N",47,58,58,"Ec",32,1,1,1,1,1,1
"2819","1250","Ec_N",47,59,59,"Ec",32,1,1,1,1,1,1
"2820","1250","Ec_N",47,60,60,"Ec",32,1,1,1,1,1,1
"2821","1250","Ec_N",48,1,1,"Ec",1,0,0,0,0,0,0
"2822","1250","Ec_N",48,2,2,"Ec",1,0,0,0,0,0,0
"2823","1250","Ec_N",48,3,3,"Ec",17,0,0,0,0,1,0.14692246949649
"2824","1250","Ec_N",48,4,4,"Ec",17,0,0,0,0,1,0.14692246949649
"2825","1250","Ec_N",48,5,5,"Ec",17,0,0,0,0,1,0.14692246949649
"2826","1250","Ec_N",48,6,6,"Ec",17,0,0,0,0,1,0.14692246949649
"2827","1250","Ec_N",48,7,7,"Ec",21,0,0,1,0,1,0.428591116083543
"2828","1250","Ec_N",48,8,8,"Ec",21,0,0,1,0,1,0.428591116083543
"2829","1250","Ec_N",48,9,9,"Ec",21,0,0,1,0,1,0.428591116083543
"2830","1250","Ec_N",48,10,10,"Ec",21,0,0,1,0,1,0.428591116083543
"2831","1250","Ec_N",48,11,11,"Ec",21,0,0,1,0,1,0.428591116083543
"2832","1250","Ec_N",48,12,12,"Ec",21,0,0,1,0,1,0.428591116083543
"2833","1250","Ec_N",48,13,13,"Ec",21,0,0,1,0,1,0.428591116083543
"2834","1250","Ec_N",48,14,14,"Ec",21,0,0,1,0,1,0.428591116083543
"2835","1250","Ec_N",48,15,15,"Ec",21,0,0,1,0,1,0.428591116083543
"2836","1250","Ec_N",48,16,16,"Ec",21,0,0,1,0,1,0.428591116083543
"2837","1250","Ec_N",48,17,17,"Ec",21,0,0,1,0,1,0.428591116083543
"2838","1250","Ec_N",48,18,18,"Ec",21,0,0,1,0,1,0.428591116083543
"2839","1250","Ec_N",48,19,19,"Ec",21,0,0,1,0,1,0.428591116083543
"2840","1250","Ec_N",48,20,20,"Ec",21,0,0,1,0,1,0.428591116083543
"2841","1250","Ec_N",48,21,21,"Ec",21,0,0,1,0,1,0.428591116083543
"2842","1250","Ec_N",48,22,22,"Ec",21,0,0,1,0,1,0.428591116083543
"2843","1250","Ec_N",48,23,23,"Ec",21,0,0,1,0,1,0.428591116083543
"2844","1250","Ec_N",48,24,24,"Ec",21,0,0,1,0,1,0.428591116083543
"2845","1250","Ec_N",48,25,25,"Ec",21,0,0,1,0,1,0.428591116083543
"2846","1250","Ec_N",48,26,26,"Ec",21,0,0,1,0,1,0.428591116083543
"2847","1250","Ec_N",48,27,27,"Ec",21,0,0,1,0,1,0.428591116083543
"2848","1250","Ec_N",48,28,28,"Ec",21,0,0,1,0,1,0.428591116083543
"2849","1250","Ec_N",48,29,29,"Ec",21,0,0,1,0,1,0.428591116083543
"2850","1250","Ec_N",48,30,30,"Ec",21,0,0,1,0,1,0.428591116083543
"2851","1250","Ec_N",48,31,31,"Ec",21,0,0,1,0,1,0.428591116083543
"2852","1250","Ec_N",48,32,32,"Ec",21,0,0,1,0,1,0.428591116083543
"2853","1250","Ec_N",48,33,33,"Ec",21,0,0,1,0,1,0.428591116083543
"2854","1250","Ec_N",48,34,34,"Ec",21,0,0,1,0,1,0.428591116083543
"2855","1250","Ec_N",48,35,35,"Ec",21,0,0,1,0,1,0.428591116083543
"2856","1250","Ec_N",48,36,36,"Ec",21,0,0,1,0,1,0.428591116083543
"2857","1250","Ec_N",48,37,37,"Ec",21,0,0,1,0,1,0.428591116083543
"2858","1250","Ec_N",48,38,38,"Ec",21,0,0,1,0,1,0.428591116083543
"2859","1250","Ec_N",48,39,39,"Ec",21,0,0,1,0,1,0.428591116083543
"2860","1250","Ec_N",48,40,40,"Ec",22,1,0,1,0,1,0.649603770543311
"2861","1250","Ec_N",48,41,41,"Ec",30,1,0,1,1,1,0.981696467924213
"2862","1250","Ec_N",48,42,42,"Ec",30,1,0,1,1,1,0.981696467924213
"2863","1250","Ec_N",48,43,43,"Ec",30,1,0,1,1,1,0.981696467924213
"2864","1250","Ec_N",48,44,44,"Ec",30,1,0,1,1,1,0.981696467924213
"2865","1250","Ec_N",48,45,45,"Ec",30,1,0,1,1,1,0.981696467924213
"2866","1250","Ec_N",48,46,46,"Ec",30,1,0,1,1,1,0.981696467924213
"2867","1250","Ec_N",48,47,47,"Ec",30,1,0,1,1,1,0.981696467924213
"2868","1250","Ec_N",48,48,48,"Ec",30,1,0,1,1,1,0.981696467924213
"2869","1250","Ec_N",48,49,49,"Ec",30,1,0,1,1,1,0.981696467924213
"2870","1250","Ec_N",48,50,50,"Ec",30,1,0,1,1,1,0.981696467924213
"2871","1250","Ec_N",48,51,51,"Ec",30,1,0,1,1,1,0.981696467924213
"2872","1250","Ec_N",48,52,52,"Ec",30,1,0,1,1,1,0.981696467924213
"2873","1250","Ec_N",48,53,53,"Ec",30,1,0,1,1,1,0.981696467924213
"2874","1250","Ec_N",48,54,54,"Ec",30,1,0,1,1,1,0.981696467924213
"2875","1250","Ec_N",48,55,55,"Ec",30,1,0,1,1,1,0.981696467924213
"2876","1250","Ec_N",48,56,56,"Ec",30,1,0,1,1,1,0.981696467924213
"2877","1250","Ec_N",48,57,57,"Ec",30,1,0,1,1,1,0.981696467924213
"2878","1250","Ec_N",48,58,58,"Ec",30,1,0,1,1,1,0.981696467924213
"2879","1250","Ec_N",48,59,59,"Ec",30,1,0,1,1,1,0.981696467924213
"2880","1250","Ec_N",48,60,60,"Ec",30,1,0,1,1,1,0.981696467924213
"2881","1250","Ec_N",49,1,1,"Ec",1,0,0,0,0,0,0
"2882","1250","Ec_N",49,2,2,"Ec",1,0,0,0,0,0,0
"2883","1250","Ec_N",49,3,3,"Ec",1,0,0,0,0,0,0
"2884","1250","Ec_N",49,4,4,"Ec",1,0,0,0,0,0,0
"2885","1250","Ec_N",49,5,5,"Ec",1,0,0,0,0,0,0
"2886","1250","Ec_N",49,6,6,"Ec",9,0,0,0,1,0,0.267745650041575
"2887","1250","Ec_N",49,7,7,"Ec",9,0,0,0,1,0,0.267745650041575
"2888","1250","Ec_N",49,8,8,"Ec",9,0,0,0,1,0,0.267745650041575
"2889","1250","Ec_N",49,9,9,"Ec",9,0,0,0,1,0,0.267745650041575
"2890","1250","Ec_N",49,10,10,"Ec",9,0,0,0,1,0,0.267745650041575
"2891","1250","Ec_N",49,11,11,"Ec",13,0,0,1,1,0,0.499809141804299
"2892","1250","Ec_N",49,12,12,"Ec",13,0,0,1,1,0,0.499809141804299
"2893","1250","Ec_N",49,13,13,"Ec",13,0,0,1,1,0,0.499809141804299
"2894","1250","Ec_N",49,14,14,"Ec",13,0,0,1,1,0,0.499809141804299
"2895","1250","Ec_N",49,15,15,"Ec",13,0,0,1,1,0,0.499809141804299
"2896","1250","Ec_N",49,16,16,"Ec",13,0,0,1,1,0,0.499809141804299
"2897","1250","Ec_N",49,17,17,"Ec",13,0,0,1,1,0,0.499809141804299
"2898","1250","Ec_N",49,18,18,"Ec",13,0,0,1,1,0,0.499809141804299
"2899","1250","Ec_N",49,19,19,"Ec",13,0,0,1,1,0,0.499809141804299
"2900","1250","Ec_N",49,20,20,"Ec",13,0,0,1,1,0,0.499809141804299
"2901","1250","Ec_N",49,21,21,"Ec",13,0,0,1,1,0,0.499809141804299
"2902","1250","Ec_N",49,22,22,"Ec",29,0,0,1,1,1,0.696336766125118
"2903","1250","Ec_N",49,23,23,"Ec",29,0,0,1,1,1,0.696336766125118
"2904","1250","Ec_N",49,24,24,"Ec",29,0,0,1,1,1,0.696336766125118
"2905","1250","Ec_N",49,25,25,"Ec",29,0,0,1,1,1,0.696336766125118
"2906","1250","Ec_N",49,26,26,"Ec",29,0,0,1,1,1,0.696336766125118
"2907","1250","Ec_N",49,27,27,"Ec",29,0,0,1,1,1,0.696336766125118
"2908","1250","Ec_N",49,28,28,"Ec",29,0,0,1,1,1,0.696336766125118
"2909","1250","Ec_N",49,29,29,"Ec",29,0,0,1,1,1,0.696336766125118
"2910","1250","Ec_N",49,30,30,"Ec",29,0,0,1,1,1,0.696336766125118
"2911","1250","Ec_N",49,31,31,"Ec",29,0,0,1,1,1,0.696336766125118
"2912","1250","Ec_N",49,32,32,"Ec",29,0,0,1,1,1,0.696336766125118
"2913","1250","Ec_N",49,33,33,"Ec",29,0,0,1,1,1,0.696336766125118
"2914","1250","Ec_N",49,34,34,"Ec",29,0,0,1,1,1,0.696336766125118
"2915","1250","Ec_N",49,35,35,"Ec",29,0,0,1,1,1,0.696336766125118
"2916","1250","Ec_N",49,36,36,"Ec",29,0,0,1,1,1,0.696336766125118
"2917","1250","Ec_N",49,37,37,"Ec",29,0,0,1,1,1,0.696336766125118
"2918","1250","Ec_N",49,38,38,"Ec",29,0,0,1,1,1,0.696336766125118
"2919","1250","Ec_N",49,39,39,"Ec",29,0,0,1,1,1,0.696336766125118
"2920","1250","Ec_N",49,40,40,"Ec",29,0,0,1,1,1,0.696336766125118
"2921","1250","Ec_N",49,41,41,"Ec",29,0,0,1,1,1,0.696336766125118
"2922","1250","Ec_N",49,42,42,"Ec",31,0,1,1,1,1,0.778987345540232
"2923","1250","Ec_N",49,43,43,"Ec",31,0,1,1,1,1,0.778987345540232
"2924","1250","Ec_N",49,44,44,"Ec",31,0,1,1,1,1,0.778987345540232
"2925","1250","Ec_N",49,45,45,"Ec",31,0,1,1,1,1,0.778987345540232
"2926","1250","Ec_N",49,46,46,"Ec",31,0,1,1,1,1,0.778987345540232
"2927","1250","Ec_N",49,47,47,"Ec",31,0,1,1,1,1,0.778987345540232
"2928","1250","Ec_N",49,48,48,"Ec",31,0,1,1,1,1,0.778987345540232
"2929","1250","Ec_N",49,49,49,"Ec",31,0,1,1,1,1,0.778987345540232
"2930","1250","Ec_N",49,50,50,"Ec",31,0,1,1,1,1,0.778987345540232
"2931","1250","Ec_N",49,51,51,"Ec",31,0,1,1,1,1,0.778987345540232
"2932","1250","Ec_N",49,52,52,"Ec",31,0,1,1,1,1,0.778987345540232
"2933","1250","Ec_N",49,53,53,"Ec",31,0,1,1,1,1,0.778987345540232
"2934","1250","Ec_N",49,54,54,"Ec",31,0,1,1,1,1,0.778987345540232
"2935","1250","Ec_N",49,55,55,"Ec",31,0,1,1,1,1,0.778987345540232
"2936","1250","Ec_N",49,56,56,"Ec",31,0,1,1,1,1,0.778987345540232
"2937","1250","Ec_N",49,57,57,"Ec",31,0,1,1,1,1,0.778987345540232
"2938","1250","Ec_N",49,58,58,"Ec",31,0,1,1,1,1,0.778987345540232
"2939","1250","Ec_N",49,59,59,"Ec",31,0,1,1,1,1,0.778987345540232
"2940","1250","Ec_N",49,60,60,"Ec",31,0,1,1,1,1,0.778987345540232
"2941","1250","Ec_N",50,1,1,"Ec",1,0,0,0,0,0,0
"2942","1250","Ec_N",50,2,2,"Ec",1,0,0,0,0,0,0
"2943","1250","Ec_N",50,3,3,"Ec",1,0,0,0,0,0,0
"2944","1250","Ec_N",50,4,4,"Ec",1,0,0,0,0,0,0
"2945","1250","Ec_N",50,5,5,"Ec",1,0,0,0,0,0,0
"2946","1250","Ec_N",50,6,6,"Ec",1,0,0,0,0,0,0
"2947","1250","Ec_N",50,7,7,"Ec",17,0,0,0,0,1,0.14692246949649
"2948","1250","Ec_N",50,8,8,"Ec",17,0,0,0,0,1,0.14692246949649
"2949","1250","Ec_N",50,9,9,"Ec",21,0,0,1,0,1,0.428591116083543
"2950","1250","Ec_N",50,10,10,"Ec",21,0,0,1,0,1,0.428591116083543
"2951","1250","Ec_N",50,11,11,"Ec",21,0,0,1,0,1,0.428591116083543
"2952","1250","Ec_N",50,12,12,"Ec",21,0,0,1,0,1,0.428591116083543
"2953","1250","Ec_N",50,13,13,"Ec",21,0,0,1,0,1,0.428591116083543
"2954","1250","Ec_N",50,14,14,"Ec",22,1,0,1,0,1,0.649603770543311
"2955","1250","Ec_N",50,15,15,"Ec",22,1,0,1,0,1,0.649603770543311
"2956","1250","Ec_N",50,16,16,"Ec",22,1,0,1,0,1,0.649603770543311
"2957","1250","Ec_N",50,17,17,"Ec",22,1,0,1,0,1,0.649603770543311
"2958","1250","Ec_N",50,18,18,"Ec",22,1,0,1,0,1,0.649603770543311
"2959","1250","Ec_N",50,19,19,"Ec",22,1,0,1,0,1,0.649603770543311
"2960","1250","Ec_N",50,20,20,"Ec",22,1,0,1,0,1,0.649603770543311
"2961","1250","Ec_N",50,21,21,"Ec",22,1,0,1,0,1,0.649603770543311
"2962","1250","Ec_N",50,22,22,"Ec",30,1,0,1,1,1,0.981696467924213
"2963","1250","Ec_N",50,23,23,"Ec",30,1,0,1,1,1,0.981696467924213
"2964","1250","Ec_N",50,24,24,"Ec",30,1,0,1,1,1,0.981696467924213
"2965","1250","Ec_N",50,25,25,"Ec",30,1,0,1,1,1,0.981696467924213
"2966","1250","Ec_N",50,26,26,"Ec",30,1,0,1,1,1,0.981696467924213
"2967","1250","Ec_N",50,27,27,"Ec",30,1,0,1,1,1,0.981696467924213
"2968","1250","Ec_N",50,28,28,"Ec",30,1,0,1,1,1,0.981696467924213
"2969","1250","Ec_N",50,29,29,"Ec",30,1,0,1,1,1,0.981696467924213
"2970","1250","Ec_N",50,30,30,"Ec",30,1,0,1,1,1,0.981696467924213
"2971","1250","Ec_N",50,31,31,"Ec",30,1,0,1,1,1,0.981696467924213
"2972","1250","Ec_N",50,32,32,"Ec",30,1,0,1,1,1,0.981696467924213
"2973","1250","Ec_N",50,33,33,"Ec",32,1,1,1,1,1,1
"2974","1250","Ec_N",50,34,34,"Ec",32,1,1,1,1,1,1
"2975","1250","Ec_N",50,35,35,"Ec",32,1,1,1,1,1,1
"2976","1250","Ec_N",50,36,36,"Ec",32,1,1,1,1,1,1
"2977","1250","Ec_N",50,37,37,"Ec",32,1,1,1,1,1,1
"2978","1250","Ec_N",50,38,38,"Ec",32,1,1,1,1,1,1
"2979","1250","Ec_N",50,39,39,"Ec",32,1,1,1,1,1,1
"2980","1250","Ec_N",50,40,40,"Ec",32,1,1,1,1,1,1
"2981","1250","Ec_N",50,41,41,"Ec",32,1,1,1,1,1,1
"2982","1250","Ec_N",50,42,42,"Ec",32,1,1,1,1,1,1
"2983","1250","Ec_N",50,43,43,"Ec",32,1,1,1,1,1,1
"2984","1250","Ec_N",50,44,44,"Ec",32,1,1,1,1,1,1
"2985","1250","Ec_N",50,45,45,"Ec",32,1,1,1,1,1,1
"2986","1250","Ec_N",50,46,46,"Ec",32,1,1,1,1,1,1
"2987","1250","Ec_N",50,47,47,"Ec",32,1,1,1,1,1,1
"2988","1250","Ec_N",50,48,48,"Ec",32,1,1,1,1,1,1
"2989","1250","Ec_N",50,49,49,"Ec",32,1,1,1,1,1,1
"2990","1250","Ec_N",50,50,50,"Ec",32,1,1,1,1,1,1
"2991","1250","Ec_N",50,51,51,"Ec",32,1,1,1,1,1,1
"2992","1250","Ec_N",50,52,52,"Ec",32,1,1,1,1,1,1
"2993","1250","Ec_N",50,53,53,"Ec",32,1,1,1,1,1,1
"2994","1250","Ec_N",50,54,54,"Ec",32,1,1,1,1,1,1
"2995","1250","Ec_N",50,55,55,"Ec",32,1,1,1,1,1,1
"2996","1250","Ec_N",50,56,56,"Ec",32,1,1,1,1,1,1
"2997","1250","Ec_N",50,57,57,"Ec",32,1,1,1,1,1,1
"2998","1250","Ec_N",50,58,58,"Ec",32,1,1,1,1,1,1
"2999","1250","Ec_N",50,59,59,"Ec",32,1,1,1,1,1,1
"3000","1250","Ec_N",50,60,60,"Ec",32,1,1,1,1,1,1
"3001","1250","Ec_N",51,1,1,"Ec",1,0,0,0,0,0,0
"3002","1250","Ec_N",51,2,2,"Ec",1,0,0,0,0,0,0
"3003","1250","Ec_N",51,3,3,"Ec",2,1,0,0,0,0,0.221012654459768
"3004","1250","Ec_N",51,4,4,"Ec",2,1,0,0,0,0,0.221012654459768
"3005","1250","Ec_N",51,5,5,"Ec",18,1,0,0,0,1,0.417540278780587
"3006","1250","Ec_N",51,6,6,"Ec",18,1,0,0,0,1,0.417540278780587
"3007","1250","Ec_N",51,7,7,"Ec",18,1,0,0,0,1,0.417540278780587
"3008","1250","Ec_N",51,8,8,"Ec",26,1,0,0,1,1,0.685285928822162
"3009","1250","Ec_N",51,9,9,"Ec",26,1,0,0,1,1,0.685285928822162
"3010","1250","Ec_N",51,10,10,"Ec",28,1,1,0,1,1,0.770762719311211
"3011","1250","Ec_N",51,11,11,"Ec",28,1,1,0,1,1,0.770762719311211
"3012","1250","Ec_N",51,12,12,"Ec",28,1,1,0,1,1,0.770762719311211
"3013","1250","Ec_N",51,13,13,"Ec",28,1,1,0,1,1,0.770762719311211
"3014","1250","Ec_N",51,14,14,"Ec",28,1,1,0,1,1,0.770762719311211
"3015","1250","Ec_N",51,15,15,"Ec",28,1,1,0,1,1,0.770762719311211
"3016","1250","Ec_N",51,16,16,"Ec",28,1,1,0,1,1,0.770762719311211
"3017","1250","Ec_N",51,17,17,"Ec",28,1,1,0,1,1,0.770762719311211
"3018","1250","Ec_N",51,18,18,"Ec",28,1,1,0,1,1,0.770762719311211
"3019","1250","Ec_N",51,19,19,"Ec",32,1,1,1,1,1,1
"3020","1250","Ec_N",51,20,20,"Ec",32,1,1,1,1,1,1
"3021","1250","Ec_N",51,21,21,"Ec",32,1,1,1,1,1,1
"3022","1250","Ec_N",51,22,22,"Ec",32,1,1,1,1,1,1
"3023","1250","Ec_N",51,23,23,"Ec",32,1,1,1,1,1,1
"3024","1250","Ec_N",51,24,24,"Ec",32,1,1,1,1,1,1
"3025","1250","Ec_N",51,25,25,"Ec",32,1,1,1,1,1,1
"3026","1250","Ec_N",51,26,26,"Ec",32,1,1,1,1,1,1
"3027","1250","Ec_N",51,27,27,"Ec",32,1,1,1,1,1,1
"3028","1250","Ec_N",51,28,28,"Ec",32,1,1,1,1,1,1
"3029","1250","Ec_N",51,29,29,"Ec",32,1,1,1,1,1,1
"3030","1250","Ec_N",51,30,30,"Ec",32,1,1,1,1,1,1
"3031","1250","Ec_N",51,31,31,"Ec",32,1,1,1,1,1,1
"3032","1250","Ec_N",51,32,32,"Ec",32,1,1,1,1,1,1
"3033","1250","Ec_N",51,33,33,"Ec",32,1,1,1,1,1,1
"3034","1250","Ec_N",51,34,34,"Ec",32,1,1,1,1,1,1
"3035","1250","Ec_N",51,35,35,"Ec",32,1,1,1,1,1,1
"3036","1250","Ec_N",51,36,36,"Ec",32,1,1,1,1,1,1
"3037","1250","Ec_N",51,37,37,"Ec",32,1,1,1,1,1,1
"3038","1250","Ec_N",51,38,38,"Ec",32,1,1,1,1,1,1
"3039","1250","Ec_N",51,39,39,"Ec",32,1,1,1,1,1,1
"3040","1250","Ec_N",51,40,40,"Ec",32,1,1,1,1,1,1
"3041","1250","Ec_N",51,41,41,"Ec",32,1,1,1,1,1,1
"3042","1250","Ec_N",51,42,42,"Ec",32,1,1,1,1,1,1
"3043","1250","Ec_N",51,43,43,"Ec",32,1,1,1,1,1,1
"3044","1250","Ec_N",51,44,44,"Ec",32,1,1,1,1,1,1
"3045","1250","Ec_N",51,45,45,"Ec",32,1,1,1,1,1,1
"3046","1250","Ec_N",51,46,46,"Ec",32,1,1,1,1,1,1
"3047","1250","Ec_N",51,47,47,"Ec",32,1,1,1,1,1,1
"3048","1250","Ec_N",51,48,48,"Ec",32,1,1,1,1,1,1
"3049","1250","Ec_N",51,49,49,"Ec",32,1,1,1,1,1,1
"3050","1250","Ec_N",51,50,50,"Ec",32,1,1,1,1,1,1
"3051","1250","Ec_N",51,51,51,"Ec",32,1,1,1,1,1,1
"3052","1250","Ec_N",51,52,52,"Ec",32,1,1,1,1,1,1
"3053","1250","Ec_N",51,53,53,"Ec",32,1,1,1,1,1,1
"3054","1250","Ec_N",51,54,54,"Ec",32,1,1,1,1,1,1
"3055","1250","Ec_N",51,55,55,"Ec",32,1,1,1,1,1,1
"3056","1250","Ec_N",51,56,56,"Ec",32,1,1,1,1,1,1
"3057","1250","Ec_N",51,57,57,"Ec",32,1,1,1,1,1,1
"3058","1250","Ec_N",51,58,58,"Ec",32,1,1,1,1,1,1
"3059","1250","Ec_N",51,59,59,"Ec",32,1,1,1,1,1,1
"3060","1250","Ec_N",51,60,60,"Ec",32,1,1,1,1,1,1
"3061","1250","Ec_N",52,1,1,"Ec",1,0,0,0,0,0,0
"3062","1250","Ec_N",52,2,2,"Ec",1,0,0,0,0,0,0
"3063","1250","Ec_N",52,3,3,"Ec",1,0,0,0,0,0,0
"3064","1250","Ec_N",52,4,4,"Ec",1,0,0,0,0,0,0
"3065","1250","Ec_N",52,5,5,"Ec",1,0,0,0,0,0,0
"3066","1250","Ec_N",52,6,6,"Ec",1,0,0,0,0,0,0
"3067","1250","Ec_N",52,7,7,"Ec",1,0,0,0,0,0,0
"3068","1250","Ec_N",52,8,8,"Ec",1,0,0,0,0,0,0
"3069","1250","Ec_N",52,9,9,"Ec",5,0,0,1,0,0,0.232063491762724
"3070","1250","Ec_N",52,10,10,"Ec",21,0,0,1,0,1,0.428591116083543
"3071","1250","Ec_N",52,11,11,"Ec",23,0,1,1,0,1,0.511241695498657
"3072","1250","Ec_N",52,12,12,"Ec",24,1,1,1,0,1,0.732254349958425
"3073","1250","Ec_N",52,13,13,"Ec",24,1,1,1,0,1,0.732254349958425
"3074","1250","Ec_N",52,14,14,"Ec",32,1,1,1,1,1,1
"3075","1250","Ec_N",52,15,15,"Ec",32,1,1,1,1,1,1
"3076","1250","Ec_N",52,16,16,"Ec",32,1,1,1,1,1,1
"3077","1250","Ec_N",52,17,17,"Ec",32,1,1,1,1,1,1
"3078","1250","Ec_N",52,18,18,"Ec",32,1,1,1,1,1,1
"3079","1250","Ec_N",52,19,19,"Ec",32,1,1,1,1,1,1
"3080","1250","Ec_N",52,20,20,"Ec",32,1,1,1,1,1,1
"3081","1250","Ec_N",52,21,21,"Ec",32,1,1,1,1,1,1
"3082","1250","Ec_N",52,22,22,"Ec",32,1,1,1,1,1,1
"3083","1250","Ec_N",52,23,23,"Ec",32,1,1,1,1,1,1
"3084","1250","Ec_N",52,24,24,"Ec",32,1,1,1,1,1,1
"3085","1250","Ec_N",52,25,25,"Ec",32,1,1,1,1,1,1
"3086","1250","Ec_N",52,26,26,"Ec",32,1,1,1,1,1,1
"3087","1250","Ec_N",52,27,27,"Ec",32,1,1,1,1,1,1
"3088","1250","Ec_N",52,28,28,"Ec",32,1,1,1,1,1,1
"3089","1250","Ec_N",52,29,29,"Ec",32,1,1,1,1,1,1
"3090","1250","Ec_N",52,30,30,"Ec",32,1,1,1,1,1,1
"3091","1250","Ec_N",52,31,31,"Ec",32,1,1,1,1,1,1
"3092","1250","Ec_N",52,32,32,"Ec",32,1,1,1,1,1,1
"3093","1250","Ec_N",52,33,33,"Ec",32,1,1,1,1,1,1
"3094","1250","Ec_N",52,34,34,"Ec",32,1,1,1,1,1,1
"3095","1250","Ec_N",52,35,35,"Ec",32,1,1,1,1,1,1
"3096","1250","Ec_N",52,36,36,"Ec",32,1,1,1,1,1,1
"3097","1250","Ec_N",52,37,37,"Ec",32,1,1,1,1,1,1
"3098","1250","Ec_N",52,38,38,"Ec",32,1,1,1,1,1,1
"3099","1250","Ec_N",52,39,39,"Ec",32,1,1,1,1,1,1
"3100","1250","Ec_N",52,40,40,"Ec",32,1,1,1,1,1,1
"3101","1250","Ec_N",52,41,41,"Ec",32,1,1,1,1,1,1
"3102","1250","Ec_N",52,42,42,"Ec",32,1,1,1,1,1,1
"3103","1250","Ec_N",52,43,43,"Ec",32,1,1,1,1,1,1
"3104","1250","Ec_N",52,44,44,"Ec",32,1,1,1,1,1,1
"3105","1250","Ec_N",52,45,45,"Ec",32,1,1,1,1,1,1
"3106","1250","Ec_N",52,46,46,"Ec",32,1,1,1,1,1,1
"3107","1250","Ec_N",52,47,47,"Ec",32,1,1,1,1,1,1
"3108","1250","Ec_N",52,48,48,"Ec",32,1,1,1,1,1,1
"3109","1250","Ec_N",52,49,49,"Ec",32,1,1,1,1,1,1
"3110","1250","Ec_N",52,50,50,"Ec",32,1,1,1,1,1,1
"3111","1250","Ec_N",52,51,51,"Ec",32,1,1,1,1,1,1
"3112","1250","Ec_N",52,52,52,"Ec",32,1,1,1,1,1,1
"3113","1250","Ec_N",52,53,53,"Ec",32,1,1,1,1,1,1
"3114","1250","Ec_N",52,54,54,"Ec",32,1,1,1,1,1,1
"3115","1250","Ec_N",52,55,55,"Ec",32,1,1,1,1,1,1
"3116","1250","Ec_N",52,56,56,"Ec",32,1,1,1,1,1,1
"3117","1250","Ec_N",52,57,57,"Ec",32,1,1,1,1,1,1
"3118","1250","Ec_N",52,58,58,"Ec",32,1,1,1,1,1,1
"3119","1250","Ec_N",52,59,59,"Ec",32,1,1,1,1,1,1
"3120","1250","Ec_N",52,60,60,"Ec",32,1,1,1,1,1,1
"3121","1250","Ec_N",53,1,1,"Ec",1,0,0,0,0,0,0
"3122","1250","Ec_N",53,2,2,"Ec",1,0,0,0,0,0,0
"3123","1250","Ec_N",53,3,3,"Ec",1,0,0,0,0,0,0
"3124","1250","Ec_N",53,4,4,"Ec",1,0,0,0,0,0,0
"3125","1250","Ec_N",53,5,5,"Ec",1,0,0,0,0,0,0
"3126","1250","Ec_N",53,6,6,"Ec",17,0,0,0,0,1,0.14692246949649
"3127","1250","Ec_N",53,7,7,"Ec",17,0,0,0,0,1,0.14692246949649
"3128","1250","Ec_N",53,8,8,"Ec",17,0,0,0,0,1,0.14692246949649
"3129","1250","Ec_N",53,9,9,"Ec",17,0,0,0,0,1,0.14692246949649
"3130","1250","Ec_N",53,10,10,"Ec",17,0,0,0,0,1,0.14692246949649
"3131","1250","Ec_N",53,11,11,"Ec",17,0,0,0,0,1,0.14692246949649
"3132","1250","Ec_N",53,12,12,"Ec",17,0,0,0,0,1,0.14692246949649
"3133","1250","Ec_N",53,13,13,"Ec",17,0,0,0,0,1,0.14692246949649
"3134","1250","Ec_N",53,14,14,"Ec",17,0,0,0,0,1,0.14692246949649
"3135","1250","Ec_N",53,15,15,"Ec",17,0,0,0,0,1,0.14692246949649
"3136","1250","Ec_N",53,16,16,"Ec",17,0,0,0,0,1,0.14692246949649
"3137","1250","Ec_N",53,17,17,"Ec",17,0,0,0,0,1,0.14692246949649
"3138","1250","Ec_N",53,18,18,"Ec",17,0,0,0,0,1,0.14692246949649
"3139","1250","Ec_N",53,19,19,"Ec",17,0,0,0,0,1,0.14692246949649
"3140","1250","Ec_N",53,20,20,"Ec",25,0,0,0,1,1,0.464273274362394
"3141","1250","Ec_N",53,21,21,"Ec",25,0,0,0,1,1,0.464273274362394
"3142","1250","Ec_N",53,22,22,"Ec",25,0,0,0,1,1,0.464273274362394
"3143","1250","Ec_N",53,23,23,"Ec",25,0,0,0,1,1,0.464273274362394
"3144","1250","Ec_N",53,24,24,"Ec",25,0,0,0,1,1,0.464273274362394
"3145","1250","Ec_N",53,25,25,"Ec",25,0,0,0,1,1,0.464273274362394
"3146","1250","Ec_N",53,26,26,"Ec",25,0,0,0,1,1,0.464273274362394
"3147","1250","Ec_N",53,27,27,"Ec",25,0,0,0,1,1,0.464273274362394
"3148","1250","Ec_N",53,28,28,"Ec",26,1,0,0,1,1,0.685285928822162
"3149","1250","Ec_N",53,29,29,"Ec",26,1,0,0,1,1,0.685285928822162
"3150","1250","Ec_N",53,30,30,"Ec",26,1,0,0,1,1,0.685285928822162
"3151","1250","Ec_N",53,31,31,"Ec",26,1,0,0,1,1,0.685285928822162
"3152","1250","Ec_N",53,32,32,"Ec",26,1,0,0,1,1,0.685285928822162
"3153","1250","Ec_N",53,33,33,"Ec",26,1,0,0,1,1,0.685285928822162
"3154","1250","Ec_N",53,34,34,"Ec",26,1,0,0,1,1,0.685285928822162
"3155","1250","Ec_N",53,35,35,"Ec",26,1,0,0,1,1,0.685285928822162
"3156","1250","Ec_N",53,36,36,"Ec",26,1,0,0,1,1,0.685285928822162
"3157","1250","Ec_N",53,37,37,"Ec",26,1,0,0,1,1,0.685285928822162
"3158","1250","Ec_N",53,38,38,"Ec",26,1,0,0,1,1,0.685285928822162
"3159","1250","Ec_N",53,39,39,"Ec",26,1,0,0,1,1,0.685285928822162
"3160","1250","Ec_N",53,40,40,"Ec",26,1,0,0,1,1,0.685285928822162
"3161","1250","Ec_N",53,41,41,"Ec",26,1,0,0,1,1,0.685285928822162
"3162","1250","Ec_N",53,42,42,"Ec",26,1,0,0,1,1,0.685285928822162
"3163","1250","Ec_N",53,43,43,"Ec",26,1,0,0,1,1,0.685285928822162
"3164","1250","Ec_N",53,44,44,"Ec",26,1,0,0,1,1,0.685285928822162
"3165","1250","Ec_N",53,45,45,"Ec",26,1,0,0,1,1,0.685285928822162
"3166","1250","Ec_N",53,46,46,"Ec",26,1,0,0,1,1,0.685285928822162
"3167","1250","Ec_N",53,47,47,"Ec",26,1,0,0,1,1,0.685285928822162
"3168","1250","Ec_N",53,48,48,"Ec",26,1,0,0,1,1,0.685285928822162
"3169","1250","Ec_N",53,49,49,"Ec",26,1,0,0,1,1,0.685285928822162
"3170","1250","Ec_N",53,50,50,"Ec",26,1,0,0,1,1,0.685285928822162
"3171","1250","Ec_N",53,51,51,"Ec",26,1,0,0,1,1,0.685285928822162
"3172","1250","Ec_N",53,52,52,"Ec",26,1,0,0,1,1,0.685285928822162
"3173","1250","Ec_N",53,53,53,"Ec",26,1,0,0,1,1,0.685285928822162
"3174","1250","Ec_N",53,54,54,"Ec",28,1,1,0,1,1,0.770762719311211
"3175","1250","Ec_N",53,55,55,"Ec",28,1,1,0,1,1,0.770762719311211
"3176","1250","Ec_N",53,56,56,"Ec",32,1,1,1,1,1,1
"3177","1250","Ec_N",53,57,57,"Ec",32,1,1,1,1,1,1
"3178","1250","Ec_N",53,58,58,"Ec",32,1,1,1,1,1,1
"3179","1250","Ec_N",53,59,59,"Ec",32,1,1,1,1,1,1
"3180","1250","Ec_N",53,60,60,"Ec",32,1,1,1,1,1,1
"3181","1250","Ec_N",54,1,1,"Ec",1,0,0,0,0,0,0
"3182","1250","Ec_N",54,2,2,"Ec",1,0,0,0,0,0,0
"3183","1250","Ec_N",54,3,3,"Ec",5,0,0,1,0,0,0.232063491762724
"3184","1250","Ec_N",54,4,4,"Ec",5,0,0,1,0,0,0.232063491762724
"3185","1250","Ec_N",54,5,5,"Ec",21,0,0,1,0,1,0.428591116083543
"3186","1250","Ec_N",54,6,6,"Ec",21,0,0,1,0,1,0.428591116083543
"3187","1250","Ec_N",54,7,7,"Ec",21,0,0,1,0,1,0.428591116083543
"3188","1250","Ec_N",54,8,8,"Ec",21,0,0,1,0,1,0.428591116083543
"3189","1250","Ec_N",54,9,9,"Ec",21,0,0,1,0,1,0.428591116083543
"3190","1250","Ec_N",54,10,10,"Ec",23,0,1,1,0,1,0.511241695498657
"3191","1250","Ec_N",54,11,11,"Ec",23,0,1,1,0,1,0.511241695498657
"3192","1250","Ec_N",54,12,12,"Ec",23,0,1,1,0,1,0.511241695498657
"3193","1250","Ec_N",54,13,13,"Ec",24,1,1,1,0,1,0.732254349958425
"3194","1250","Ec_N",54,14,14,"Ec",24,1,1,1,0,1,0.732254349958425
"3195","1250","Ec_N",54,15,15,"Ec",24,1,1,1,0,1,0.732254349958425
"3196","1250","Ec_N",54,16,16,"Ec",24,1,1,1,0,1,0.732254349958425
"3197","1250","Ec_N",54,17,17,"Ec",24,1,1,1,0,1,0.732254349958425
"3198","1250","Ec_N",54,18,18,"Ec",24,1,1,1,0,1,0.732254349958425
"3199","1250","Ec_N",54,19,19,"Ec",24,1,1,1,0,1,0.732254349958425
"3200","1250","Ec_N",54,20,20,"Ec",24,1,1,1,0,1,0.732254349958425
"3201","1250","Ec_N",54,21,21,"Ec",24,1,1,1,0,1,0.732254349958425
"3202","1250","Ec_N",54,22,22,"Ec",24,1,1,1,0,1,0.732254349958425
"3203","1250","Ec_N",54,23,23,"Ec",24,1,1,1,0,1,0.732254349958425
"3204","1250","Ec_N",54,24,24,"Ec",24,1,1,1,0,1,0.732254349958425
"3205","1250","Ec_N",54,25,25,"Ec",24,1,1,1,0,1,0.732254349958425
"3206","1250","Ec_N",54,26,26,"Ec",24,1,1,1,0,1,0.732254349958425
"3207","1250","Ec_N",54,27,27,"Ec",24,1,1,1,0,1,0.732254349958425
"3208","1250","Ec_N",54,28,28,"Ec",24,1,1,1,0,1,0.732254349958425
"3209","1250","Ec_N",54,29,29,"Ec",24,1,1,1,0,1,0.732254349958425
"3210","1250","Ec_N",54,30,30,"Ec",24,1,1,1,0,1,0.732254349958425
"3211","1250","Ec_N",54,31,31,"Ec",24,1,1,1,0,1,0.732254349958425
"3212","1250","Ec_N",54,32,32,"Ec",24,1,1,1,0,1,0.732254349958425
"3213","1250","Ec_N",54,33,33,"Ec",24,1,1,1,0,1,0.732254349958425
"3214","1250","Ec_N",54,34,34,"Ec",24,1,1,1,0,1,0.732254349958425
"3215","1250","Ec_N",54,35,35,"Ec",24,1,1,1,0,1,0.732254349958425
"3216","1250","Ec_N",54,36,36,"Ec",24,1,1,1,0,1,0.732254349958425
"3217","1250","Ec_N",54,37,37,"Ec",24,1,1,1,0,1,0.732254349958425
"3218","1250","Ec_N",54,38,38,"Ec",24,1,1,1,0,1,0.732254349958425
"3219","1250","Ec_N",54,39,39,"Ec",24,1,1,1,0,1,0.732254349958425
"3220","1250","Ec_N",54,40,40,"Ec",24,1,1,1,0,1,0.732254349958425
"3221","1250","Ec_N",54,41,41,"Ec",24,1,1,1,0,1,0.732254349958425
"3222","1250","Ec_N",54,42,42,"Ec",24,1,1,1,0,1,0.732254349958425
"3223","1250","Ec_N",54,43,43,"Ec",24,1,1,1,0,1,0.732254349958425
"3224","1250","Ec_N",54,44,44,"Ec",24,1,1,1,0,1,0.732254349958425
"3225","1250","Ec_N",54,45,45,"Ec",24,1,1,1,0,1,0.732254349958425
"3226","1250","Ec_N",54,46,46,"Ec",24,1,1,1,0,1,0.732254349958425
"3227","1250","Ec_N",54,47,47,"Ec",24,1,1,1,0,1,0.732254349958425
"3228","1250","Ec_N",54,48,48,"Ec",32,1,1,1,1,1,1
"3229","1250","Ec_N",54,49,49,"Ec",32,1,1,1,1,1,1
"3230","1250","Ec_N",54,50,50,"Ec",32,1,1,1,1,1,1
"3231","1250","Ec_N",54,51,51,"Ec",32,1,1,1,1,1,1
"3232","1250","Ec_N",54,52,52,"Ec",32,1,1,1,1,1,1
"3233","1250","Ec_N",54,53,53,"Ec",32,1,1,1,1,1,1
"3234","1250","Ec_N",54,54,54,"Ec",32,1,1,1,1,1,1
"3235","1250","Ec_N",54,55,55,"Ec",32,1,1,1,1,1,1
"3236","1250","Ec_N",54,56,56,"Ec",32,1,1,1,1,1,1
"3237","1250","Ec_N",54,57,57,"Ec",32,1,1,1,1,1,1
"3238","1250","Ec_N",54,58,58,"Ec",32,1,1,1,1,1,1
"3239","1250","Ec_N",54,59,59,"Ec",32,1,1,1,1,1,1
"3240","1250","Ec_N",54,60,60,"Ec",32,1,1,1,1,1,1
"3241","1250","Ec_N",55,1,1,"Ec",1,0,0,0,0,0,0
"3242","1250","Ec_N",55,2,2,"Ec",1,0,0,0,0,0,0
"3243","1250","Ec_N",55,3,3,"Ec",1,0,0,0,0,0,0
"3244","1250","Ec_N",55,4,4,"Ec",1,0,0,0,0,0,0
"3245","1250","Ec_N",55,5,5,"Ec",1,0,0,0,0,0,0
"3246","1250","Ec_N",55,6,6,"Ec",1,0,0,0,0,0,0
"3247","1250","Ec_N",55,7,7,"Ec",5,0,0,1,0,0,0.232063491762724
"3248","1250","Ec_N",55,8,8,"Ec",5,0,0,1,0,0,0.232063491762724
"3249","1250","Ec_N",55,9,9,"Ec",5,0,0,1,0,0,0.232063491762724
"3250","1250","Ec_N",55,10,10,"Ec",5,0,0,1,0,0,0.232063491762724
"3251","1250","Ec_N",55,11,11,"Ec",5,0,0,1,0,0,0.232063491762724
"3252","1250","Ec_N",55,12,12,"Ec",5,0,0,1,0,0,0.232063491762724
"3253","1250","Ec_N",55,13,13,"Ec",5,0,0,1,0,0,0.232063491762724
"3254","1250","Ec_N",55,14,14,"Ec",5,0,0,1,0,0,0.232063491762724
"3255","1250","Ec_N",55,15,15,"Ec",21,0,0,1,0,1,0.428591116083543
"3256","1250","Ec_N",55,16,16,"Ec",22,1,0,1,0,1,0.649603770543311
"3257","1250","Ec_N",55,17,17,"Ec",22,1,0,1,0,1,0.649603770543311
"3258","1250","Ec_N",55,18,18,"Ec",22,1,0,1,0,1,0.649603770543311
"3259","1250","Ec_N",55,19,19,"Ec",22,1,0,1,0,1,0.649603770543311
"3260","1250","Ec_N",55,20,20,"Ec",24,1,1,1,0,1,0.732254349958425
"3261","1250","Ec_N",55,21,21,"Ec",24,1,1,1,0,1,0.732254349958425
"3262","1250","Ec_N",55,22,22,"Ec",24,1,1,1,0,1,0.732254349958425
"3263","1250","Ec_N",55,23,23,"Ec",24,1,1,1,0,1,0.732254349958425
"3264","1250","Ec_N",55,24,24,"Ec",32,1,1,1,1,1,1
"3265","1250","Ec_N",55,25,25,"Ec",32,1,1,1,1,1,1
"3266","1250","Ec_N",55,26,26,"Ec",32,1,1,1,1,1,1
"3267","1250","Ec_N",55,27,27,"Ec",32,1,1,1,1,1,1
"3268","1250","Ec_N",55,28,28,"Ec",32,1,1,1,1,1,1
"3269","1250","Ec_N",55,29,29,"Ec",32,1,1,1,1,1,1
"3270","1250","Ec_N",55,30,30,"Ec",32,1,1,1,1,1,1
"3271","1250","Ec_N",55,31,31,"Ec",32,1,1,1,1,1,1
"3272","1250","Ec_N",55,32,32,"Ec",32,1,1,1,1,1,1
"3273","1250","Ec_N",55,33,33,"Ec",32,1,1,1,1,1,1
"3274","1250","Ec_N",55,34,34,"Ec",32,1,1,1,1,1,1
"3275","1250","Ec_N",55,35,35,"Ec",32,1,1,1,1,1,1
"3276","1250","Ec_N",55,36,36,"Ec",32,1,1,1,1,1,1
"3277","1250","Ec_N",55,37,37,"Ec",32,1,1,1,1,1,1
"3278","1250","Ec_N",55,38,38,"Ec",32,1,1,1,1,1,1
"3279","1250","Ec_N",55,39,39,"Ec",32,1,1,1,1,1,1
"3280","1250","Ec_N",55,40,40,"Ec",32,1,1,1,1,1,1
"3281","1250","Ec_N",55,41,41,"Ec",32,1,1,1,1,1,1
"3282","1250","Ec_N",55,42,42,"Ec",32,1,1,1,1,1,1
"3283","1250","Ec_N",55,43,43,"Ec",32,1,1,1,1,1,1
"3284","1250","Ec_N",55,44,44,"Ec",32,1,1,1,1,1,1
"3285","1250","Ec_N",55,45,45,"Ec",32,1,1,1,1,1,1
"3286","1250","Ec_N",55,46,46,"Ec",32,1,1,1,1,1,1
"3287","1250","Ec_N",55,47,47,"Ec",32,1,1,1,1,1,1
"3288","1250","Ec_N",55,48,48,"Ec",32,1,1,1,1,1,1
"3289","1250","Ec_N",55,49,49,"Ec",32,1,1,1,1,1,1
"3290","1250","Ec_N",55,50,50,"Ec",32,1,1,1,1,1,1
"3291","1250","Ec_N",55,51,51,"Ec",32,1,1,1,1,1,1
"3292","1250","Ec_N",55,52,52,"Ec",32,1,1,1,1,1,1
"3293","1250","Ec_N",55,53,53,"Ec",32,1,1,1,1,1,1
"3294","1250","Ec_N",55,54,54,"Ec",32,1,1,1,1,1,1
"3295","1250","Ec_N",55,55,55,"Ec",32,1,1,1,1,1,1
"3296","1250","Ec_N",55,56,56,"Ec",32,1,1,1,1,1,1
"3297","1250","Ec_N",55,57,57,"Ec",32,1,1,1,1,1,1
"3298","1250","Ec_N",55,58,58,"Ec",32,1,1,1,1,1,1
"3299","1250","Ec_N",55,59,59,"Ec",32,1,1,1,1,1,1
"3300","1250","Ec_N",55,60,60,"Ec",32,1,1,1,1,1,1
"3301","1250","Ec_N",56,1,1,"Ec",1,0,0,0,0,0,0
"3302","1250","Ec_N",56,2,2,"Ec",1,0,0,0,0,0,0
"3303","1250","Ec_N",56,3,3,"Ec",1,0,0,0,0,0,0
"3304","1250","Ec_N",56,4,4,"Ec",5,0,0,1,0,0,0.232063491762724
"3305","1250","Ec_N",56,5,5,"Ec",5,0,0,1,0,0,0.232063491762724
"3306","1250","Ec_N",56,6,6,"Ec",6,1,0,1,0,0,0.453076146222492
"3307","1250","Ec_N",56,7,7,"Ec",6,1,0,1,0,0,0.453076146222492
"3308","1250","Ec_N",56,8,8,"Ec",6,1,0,1,0,0,0.453076146222492
"3309","1250","Ec_N",56,9,9,"Ec",6,1,0,1,0,0,0.453076146222492
"3310","1250","Ec_N",56,10,10,"Ec",6,1,0,1,0,0,0.453076146222492
"3311","1250","Ec_N",56,11,11,"Ec",6,1,0,1,0,0,0.453076146222492
"3312","1250","Ec_N",56,12,12,"Ec",6,1,0,1,0,0,0.453076146222492
"3313","1250","Ec_N",56,13,13,"Ec",6,1,0,1,0,0,0.453076146222492
"3314","1250","Ec_N",56,14,14,"Ec",6,1,0,1,0,0,0.453076146222492
"3315","1250","Ec_N",56,15,15,"Ec",6,1,0,1,0,0,0.453076146222492
"3316","1250","Ec_N",56,16,16,"Ec",14,1,0,1,1,0,0.720821796264067
"3317","1250","Ec_N",56,17,17,"Ec",14,1,0,1,1,0,0.720821796264067
"3318","1250","Ec_N",56,18,18,"Ec",16,1,1,1,1,0,0.879284144928883
"3319","1250","Ec_N",56,19,19,"Ec",32,1,1,1,1,1,1
"3320","1250","Ec_N",56,20,20,"Ec",32,1,1,1,1,1,1
"3321","1250","Ec_N",56,21,21,"Ec",32,1,1,1,1,1,1
"3322","1250","Ec_N",56,22,22,"Ec",32,1,1,1,1,1,1
"3323","1250","Ec_N",56,23,23,"Ec",32,1,1,1,1,1,1
"3324","1250","Ec_N",56,24,24,"Ec",32,1,1,1,1,1,1
"3325","1250","Ec_N",56,25,25,"Ec",32,1,1,1,1,1,1
"3326","1250","Ec_N",56,26,26,"Ec",32,1,1,1,1,1,1
"3327","1250","Ec_N",56,27,27,"Ec",32,1,1,1,1,1,1
"3328","1250","Ec_N",56,28,28,"Ec",32,1,1,1,1,1,1
"3329","1250","Ec_N",56,29,29,"Ec",32,1,1,1,1,1,1
"3330","1250","Ec_N",56,30,30,"Ec",32,1,1,1,1,1,1
"3331","1250","Ec_N",56,31,31,"Ec",32,1,1,1,1,1,1
"3332","1250","Ec_N",56,32,32,"Ec",32,1,1,1,1,1,1
"3333","1250","Ec_N",56,33,33,"Ec",32,1,1,1,1,1,1
"3334","1250","Ec_N",56,34,34,"Ec",32,1,1,1,1,1,1
"3335","1250","Ec_N",56,35,35,"Ec",32,1,1,1,1,1,1
"3336","1250","Ec_N",56,36,36,"Ec",32,1,1,1,1,1,1
"3337","1250","Ec_N",56,37,37,"Ec",32,1,1,1,1,1,1
"3338","1250","Ec_N",56,38,38,"Ec",32,1,1,1,1,1,1
"3339","1250","Ec_N",56,39,39,"Ec",32,1,1,1,1,1,1
"3340","1250","Ec_N",56,40,40,"Ec",32,1,1,1,1,1,1
"3341","1250","Ec_N",56,41,41,"Ec",32,1,1,1,1,1,1
"3342","1250","Ec_N",56,42,42,"Ec",32,1,1,1,1,1,1
"3343","1250","Ec_N",56,43,43,"Ec",32,1,1,1,1,1,1
"3344","1250","Ec_N",56,44,44,"Ec",32,1,1,1,1,1,1
"3345","1250","Ec_N",56,45,45,"Ec",32,1,1,1,1,1,1
"3346","1250","Ec_N",56,46,46,"Ec",32,1,1,1,1,1,1
"3347","1250","Ec_N",56,47,47,"Ec",32,1,1,1,1,1,1
"3348","1250","Ec_N",56,48,48,"Ec",32,1,1,1,1,1,1
"3349","1250","Ec_N",56,49,49,"Ec",32,1,1,1,1,1,1
"3350","1250","Ec_N",56,50,50,"Ec",32,1,1,1,1,1,1
"3351","1250","Ec_N",56,51,51,"Ec",32,1,1,1,1,1,1
"3352","1250","Ec_N",56,52,52,"Ec",32,1,1,1,1,1,1
"3353","1250","Ec_N",56,53,53,"Ec",32,1,1,1,1,1,1
"3354","1250","Ec_N",56,54,54,"Ec",32,1,1,1,1,1,1
"3355","1250","Ec_N",56,55,55,"Ec",32,1,1,1,1,1,1
"3356","1250","Ec_N",56,56,56,"Ec",32,1,1,1,1,1,1
"3357","1250","Ec_N",56,57,57,"Ec",32,1,1,1,1,1,1
"3358","1250","Ec_N",56,58,58,"Ec",32,1,1,1,1,1,1
"3359","1250","Ec_N",56,59,59,"Ec",32,1,1,1,1,1,1
"3360","1250","Ec_N",56,60,60,"Ec",32,1,1,1,1,1,1
"3361","1250","Ec_N",57,1,1,"Ec",1,0,0,0,0,0,0
"3362","1250","Ec_N",57,2,2,"Ec",2,1,0,0,0,0,0.221012654459768
"3363","1250","Ec_N",57,3,3,"Ec",2,1,0,0,0,0,0.221012654459768
"3364","1250","Ec_N",57,4,4,"Ec",2,1,0,0,0,0,0.221012654459768
"3365","1250","Ec_N",57,5,5,"Ec",10,1,0,0,1,0,0.488758304501343
"3366","1250","Ec_N",57,6,6,"Ec",10,1,0,0,1,0,0.488758304501343
"3367","1250","Ec_N",57,7,7,"Ec",10,1,0,0,1,0,0.488758304501343
"3368","1250","Ec_N",57,8,8,"Ec",10,1,0,0,1,0,0.488758304501343
"3369","1250","Ec_N",57,9,9,"Ec",26,1,0,0,1,1,0.685285928822162
"3370","1250","Ec_N",57,10,10,"Ec",26,1,0,0,1,1,0.685285928822162
"3371","1250","Ec_N",57,11,11,"Ec",26,1,0,0,1,1,0.685285928822162
"3372","1250","Ec_N",57,12,12,"Ec",26,1,0,0,1,1,0.685285928822162
"3373","1250","Ec_N",57,13,13,"Ec",26,1,0,0,1,1,0.685285928822162
"3374","1250","Ec_N",57,14,14,"Ec",26,1,0,0,1,1,0.685285928822162
"3375","1250","Ec_N",57,15,15,"Ec",26,1,0,0,1,1,0.685285928822162
"3376","1250","Ec_N",57,16,16,"Ec",26,1,0,0,1,1,0.685285928822162
"3377","1250","Ec_N",57,17,17,"Ec",26,1,0,0,1,1,0.685285928822162
"3378","1250","Ec_N",57,18,18,"Ec",26,1,0,0,1,1,0.685285928822162
"3379","1250","Ec_N",57,19,19,"Ec",28,1,1,0,1,1,0.770762719311211
"3380","1250","Ec_N",57,20,20,"Ec",28,1,1,0,1,1,0.770762719311211
"3381","1250","Ec_N",57,21,21,"Ec",28,1,1,0,1,1,0.770762719311211
"3382","1250","Ec_N",57,22,22,"Ec",28,1,1,0,1,1,0.770762719311211
"3383","1250","Ec_N",57,23,23,"Ec",28,1,1,0,1,1,0.770762719311211
"3384","1250","Ec_N",57,24,24,"Ec",28,1,1,0,1,1,0.770762719311211
"3385","1250","Ec_N",57,25,25,"Ec",28,1,1,0,1,1,0.770762719311211
"3386","1250","Ec_N",57,26,26,"Ec",28,1,1,0,1,1,0.770762719311211
"3387","1250","Ec_N",57,27,27,"Ec",28,1,1,0,1,1,0.770762719311211
"3388","1250","Ec_N",57,28,28,"Ec",28,1,1,0,1,1,0.770762719311211
"3389","1250","Ec_N",57,29,29,"Ec",28,1,1,0,1,1,0.770762719311211
"3390","1250","Ec_N",57,30,30,"Ec",28,1,1,0,1,1,0.770762719311211
"3391","1250","Ec_N",57,31,31,"Ec",28,1,1,0,1,1,0.770762719311211
"3392","1250","Ec_N",57,32,32,"Ec",28,1,1,0,1,1,0.770762719311211
"3393","1250","Ec_N",57,33,33,"Ec",28,1,1,0,1,1,0.770762719311211
"3394","1250","Ec_N",57,34,34,"Ec",28,1,1,0,1,1,0.770762719311211
"3395","1250","Ec_N",57,35,35,"Ec",28,1,1,0,1,1,0.770762719311211
"3396","1250","Ec_N",57,36,36,"Ec",28,1,1,0,1,1,0.770762719311211
"3397","1250","Ec_N",57,37,37,"Ec",28,1,1,0,1,1,0.770762719311211
"3398","1250","Ec_N",57,38,38,"Ec",28,1,1,0,1,1,0.770762719311211
"3399","1250","Ec_N",57,39,39,"Ec",28,1,1,0,1,1,0.770762719311211
"3400","1250","Ec_N",57,40,40,"Ec",28,1,1,0,1,1,0.770762719311211
"3401","1250","Ec_N",57,41,41,"Ec",28,1,1,0,1,1,0.770762719311211
"3402","1250","Ec_N",57,42,42,"Ec",28,1,1,0,1,1,0.770762719311211
"3403","1250","Ec_N",57,43,43,"Ec",28,1,1,0,1,1,0.770762719311211
"3404","1250","Ec_N",57,44,44,"Ec",28,1,1,0,1,1,0.770762719311211
"3405","1250","Ec_N",57,45,45,"Ec",28,1,1,0,1,1,0.770762719311211
"3406","1250","Ec_N",57,46,46,"Ec",28,1,1,0,1,1,0.770762719311211
"3407","1250","Ec_N",57,47,47,"Ec",28,1,1,0,1,1,0.770762719311211
"3408","1250","Ec_N",57,48,48,"Ec",28,1,1,0,1,1,0.770762719311211
"3409","1250","Ec_N",57,49,49,"Ec",28,1,1,0,1,1,0.770762719311211
"3410","1250","Ec_N",57,50,50,"Ec",28,1,1,0,1,1,0.770762719311211
"3411","1250","Ec_N",57,51,51,"Ec",28,1,1,0,1,1,0.770762719311211
"3412","1250","Ec_N",57,52,52,"Ec",28,1,1,0,1,1,0.770762719311211
"3413","1250","Ec_N",57,53,53,"Ec",28,1,1,0,1,1,0.770762719311211
"3414","1250","Ec_N",57,54,54,"Ec",28,1,1,0,1,1,0.770762719311211
"3415","1250","Ec_N",57,55,55,"Ec",32,1,1,1,1,1,1
"3416","1250","Ec_N",57,56,56,"Ec",32,1,1,1,1,1,1
"3417","1250","Ec_N",57,57,57,"Ec",32,1,1,1,1,1,1
"3418","1250","Ec_N",57,58,58,"Ec",32,1,1,1,1,1,1
"3419","1250","Ec_N",57,59,59,"Ec",32,1,1,1,1,1,1
"3420","1250","Ec_N",57,60,60,"Ec",32,1,1,1,1,1,1
"3421","1250","Ec_N",58,1,1,"Ec",1,0,0,0,0,0,0
"3422","1250","Ec_N",58,2,2,"Ec",2,1,0,0,0,0,0.221012654459768
"3423","1250","Ec_N",58,3,3,"Ec",4,1,1,0,0,0,0.303663233874882
"3424","1250","Ec_N",58,4,4,"Ec",4,1,1,0,0,0,0.303663233874882
"3425","1250","Ec_N",58,5,5,"Ec",4,1,1,0,0,0,0.303663233874882
"3426","1250","Ec_N",58,6,6,"Ec",4,1,1,0,0,0,0.303663233874882
"3427","1250","Ec_N",58,7,7,"Ec",4,1,1,0,0,0,0.303663233874882
"3428","1250","Ec_N",58,8,8,"Ec",4,1,1,0,0,0,0.303663233874882
"3429","1250","Ec_N",58,9,9,"Ec",20,1,1,0,0,1,0.500190858195701
"3430","1250","Ec_N",58,10,10,"Ec",20,1,1,0,0,1,0.500190858195701
"3431","1250","Ec_N",58,11,11,"Ec",20,1,1,0,0,1,0.500190858195701
"3432","1250","Ec_N",58,12,12,"Ec",20,1,1,0,0,1,0.500190858195701
"3433","1250","Ec_N",58,13,13,"Ec",20,1,1,0,0,1,0.500190858195701
"3434","1250","Ec_N",58,14,14,"Ec",20,1,1,0,0,1,0.500190858195701
"3435","1250","Ec_N",58,15,15,"Ec",20,1,1,0,0,1,0.500190858195701
"3436","1250","Ec_N",58,16,16,"Ec",20,1,1,0,0,1,0.500190858195701
"3437","1250","Ec_N",58,17,17,"Ec",20,1,1,0,0,1,0.500190858195701
"3438","1250","Ec_N",58,18,18,"Ec",20,1,1,0,0,1,0.500190858195701
"3439","1250","Ec_N",58,19,19,"Ec",20,1,1,0,0,1,0.500190858195701
"3440","1250","Ec_N",58,20,20,"Ec",20,1,1,0,0,1,0.500190858195701
"3441","1250","Ec_N",58,21,21,"Ec",20,1,1,0,0,1,0.500190858195701
"3442","1250","Ec_N",58,22,22,"Ec",20,1,1,0,0,1,0.500190858195701
"3443","1250","Ec_N",58,23,23,"Ec",20,1,1,0,0,1,0.500190858195701
"3444","1250","Ec_N",58,24,24,"Ec",20,1,1,0,0,1,0.500190858195701
"3445","1250","Ec_N",58,25,25,"Ec",20,1,1,0,0,1,0.500190858195701
"3446","1250","Ec_N",58,26,26,"Ec",28,1,1,0,1,1,0.770762719311211
"3447","1250","Ec_N",58,27,27,"Ec",28,1,1,0,1,1,0.770762719311211
"3448","1250","Ec_N",58,28,28,"Ec",28,1,1,0,1,1,0.770762719311211
"3449","1250","Ec_N",58,29,29,"Ec",28,1,1,0,1,1,0.770762719311211
"3450","1250","Ec_N",58,30,30,"Ec",28,1,1,0,1,1,0.770762719311211
"3451","1250","Ec_N",58,31,31,"Ec",28,1,1,0,1,1,0.770762719311211
"3452","1250","Ec_N",58,32,32,"Ec",28,1,1,0,1,1,0.770762719311211
"3453","1250","Ec_N",58,33,33,"Ec",28,1,1,0,1,1,0.770762719311211
"3454","1250","Ec_N",58,34,34,"Ec",28,1,1,0,1,1,0.770762719311211
"3455","1250","Ec_N",58,35,35,"Ec",28,1,1,0,1,1,0.770762719311211
"3456","1250","Ec_N",58,36,36,"Ec",28,1,1,0,1,1,0.770762719311211
"3457","1250","Ec_N",58,37,37,"Ec",28,1,1,0,1,1,0.770762719311211
"3458","1250","Ec_N",58,38,38,"Ec",28,1,1,0,1,1,0.770762719311211
"3459","1250","Ec_N",58,39,39,"Ec",28,1,1,0,1,1,0.770762719311211
"3460","1250","Ec_N",58,40,40,"Ec",28,1,1,0,1,1,0.770762719311211
"3461","1250","Ec_N",58,41,41,"Ec",28,1,1,0,1,1,0.770762719311211
"3462","1250","Ec_N",58,42,42,"Ec",28,1,1,0,1,1,0.770762719311211
"3463","1250","Ec_N",58,43,43,"Ec",28,1,1,0,1,1,0.770762719311211
"3464","1250","Ec_N",58,44,44,"Ec",28,1,1,0,1,1,0.770762719311211
"3465","1250","Ec_N",58,45,45,"Ec",28,1,1,0,1,1,0.770762719311211
"3466","1250","Ec_N",58,46,46,"Ec",28,1,1,0,1,1,0.770762719311211
"3467","1250","Ec_N",58,47,47,"Ec",28,1,1,0,1,1,0.770762719311211
"3468","1250","Ec_N",58,48,48,"Ec",28,1,1,0,1,1,0.770762719311211
"3469","1250","Ec_N",58,49,49,"Ec",28,1,1,0,1,1,0.770762719311211
"3470","1250","Ec_N",58,50,50,"Ec",28,1,1,0,1,1,0.770762719311211
"3471","1250","Ec_N",58,51,51,"Ec",28,1,1,0,1,1,0.770762719311211
"3472","1250","Ec_N",58,52,52,"Ec",28,1,1,0,1,1,0.770762719311211
"3473","1250","Ec_N",58,53,53,"Ec",32,1,1,1,1,1,1
"3474","1250","Ec_N",58,54,54,"Ec",32,1,1,1,1,1,1
"3475","1250","Ec_N",58,55,55,"Ec",32,1,1,1,1,1,1
"3476","1250","Ec_N",58,56,56,"Ec",32,1,1,1,1,1,1
"3477","1250","Ec_N",58,57,57,"Ec",32,1,1,1,1,1,1
"3478","1250","Ec_N",58,58,58,"Ec",32,1,1,1,1,1,1
"3479","1250","Ec_N",58,59,59,"Ec",32,1,1,1,1,1,1
"3480","1250","Ec_N",58,60,60,"Ec",32,1,1,1,1,1,1
"3481","1250","Ec_N",59,1,1,"Ec",1,0,0,0,0,0,0
"3482","1250","Ec_N",59,2,2,"Ec",1,0,0,0,0,0,0
"3483","1250","Ec_N",59,3,3,"Ec",1,0,0,0,0,0,0
"3484","1250","Ec_N",59,4,4,"Ec",1,0,0,0,0,0,0
"3485","1250","Ec_N",59,5,5,"Ec",1,0,0,0,0,0,0
"3486","1250","Ec_N",59,6,6,"Ec",1,0,0,0,0,0,0
"3487","1250","Ec_N",59,7,7,"Ec",1,0,0,0,0,0,0
"3488","1250","Ec_N",59,8,8,"Ec",1,0,0,0,0,0,0
"3489","1250","Ec_N",59,9,9,"Ec",1,0,0,0,0,0,0
"3490","1250","Ec_N",59,10,10,"Ec",2,1,0,0,0,0,0.221012654459768
"3491","1250","Ec_N",59,11,11,"Ec",2,1,0,0,0,0,0.221012654459768
"3492","1250","Ec_N",59,12,12,"Ec",2,1,0,0,0,0,0.221012654459768
"3493","1250","Ec_N",59,13,13,"Ec",2,1,0,0,0,0,0.221012654459768
"3494","1250","Ec_N",59,14,14,"Ec",4,1,1,0,0,0,0.303663233874882
"3495","1250","Ec_N",59,15,15,"Ec",4,1,1,0,0,0,0.303663233874882
"3496","1250","Ec_N",59,16,16,"Ec",4,1,1,0,0,0,0.303663233874882
"3497","1250","Ec_N",59,17,17,"Ec",4,1,1,0,0,0,0.303663233874882
"3498","1250","Ec_N",59,18,18,"Ec",4,1,1,0,0,0,0.303663233874882
"3499","1250","Ec_N",59,19,19,"Ec",12,1,1,0,1,0,0.552627762799163
"3500","1250","Ec_N",59,20,20,"Ec",12,1,1,0,1,0,0.552627762799163
"3501","1250","Ec_N",59,21,21,"Ec",16,1,1,1,1,0,0.879284144928883
"3502","1250","Ec_N",59,22,22,"Ec",16,1,1,1,1,0,0.879284144928883
"3503","1250","Ec_N",59,23,23,"Ec",16,1,1,1,1,0,0.879284144928883
"3504","1250","Ec_N",59,24,24,"Ec",16,1,1,1,1,0,0.879284144928883
"3505","1250","Ec_N",59,25,25,"Ec",16,1,1,1,1,0,0.879284144928883
"3506","1250","Ec_N",59,26,26,"Ec",16,1,1,1,1,0,0.879284144928883
"3507","1250","Ec_N",59,27,27,"Ec",16,1,1,1,1,0,0.879284144928883
"3508","1250","Ec_N",59,28,28,"Ec",16,1,1,1,1,0,0.879284144928883
"3509","1250","Ec_N",59,29,29,"Ec",16,1,1,1,1,0,0.879284144928883
"3510","1250","Ec_N",59,30,30,"Ec",32,1,1,1,1,1,1
"3511","1250","Ec_N",59,31,31,"Ec",32,1,1,1,1,1,1
"3512","1250","Ec_N",59,32,32,"Ec",32,1,1,1,1,1,1
"3513","1250","Ec_N",59,33,33,"Ec",32,1,1,1,1,1,1
"3514","1250","Ec_N",59,34,34,"Ec",32,1,1,1,1,1,1
"3515","1250","Ec_N",59,35,35,"Ec",32,1,1,1,1,1,1
"3516","1250","Ec_N",59,36,36,"Ec",32,1,1,1,1,1,1
"3517","1250","Ec_N",59,37,37,"Ec",32,1,1,1,1,1,1
"3518","1250","Ec_N",59,38,38,"Ec",32,1,1,1,1,1,1
"3519","1250","Ec_N",59,39,39,"Ec",32,1,1,1,1,1,1
"3520","1250","Ec_N",59,40,40,"Ec",32,1,1,1,1,1,1
"3521","1250","Ec_N",59,41,41,"Ec",32,1,1,1,1,1,1
"3522","1250","Ec_N",59,42,42,"Ec",32,1,1,1,1,1,1
"3523","1250","Ec_N",59,43,43,"Ec",32,1,1,1,1,1,1
"3524","1250","Ec_N",59,44,44,"Ec",32,1,1,1,1,1,1
"3525","1250","Ec_N",59,45,45,"Ec",32,1,1,1,1,1,1
"3526","1250","Ec_N",59,46,46,"Ec",32,1,1,1,1,1,1
"3527","1250","Ec_N",59,47,47,"Ec",32,1,1,1,1,1,1
"3528","1250","Ec_N",59,48,48,"Ec",32,1,1,1,1,1,1
"3529","1250","Ec_N",59,49,49,"Ec",32,1,1,1,1,1,1
"3530","1250","Ec_N",59,50,50,"Ec",32,1,1,1,1,1,1
"3531","1250","Ec_N",59,51,51,"Ec",32,1,1,1,1,1,1
"3532","1250","Ec_N",59,52,52,"Ec",32,1,1,1,1,1,1
"3533","1250","Ec_N",59,53,53,"Ec",32,1,1,1,1,1,1
"3534","1250","Ec_N",59,54,54,"Ec",32,1,1,1,1,1,1
"3535","1250","Ec_N",59,55,55,"Ec",32,1,1,1,1,1,1
"3536","1250","Ec_N",59,56,56,"Ec",32,1,1,1,1,1,1
"3537","1250","Ec_N",59,57,57,"Ec",32,1,1,1,1,1,1
"3538","1250","Ec_N",59,58,58,"Ec",32,1,1,1,1,1,1
"3539","1250","Ec_N",59,59,59,"Ec",32,1,1,1,1,1,1
"3540","1250","Ec_N",59,60,60,"Ec",32,1,1,1,1,1,1
"3541","1250","Ec_N",60,1,1,"Ec",1,0,0,0,0,0,0
"3542","1250","Ec_N",60,2,2,"Ec",3,0,1,0,0,0,0.082650579415114
"3543","1250","Ec_N",60,3,3,"Ec",19,0,1,0,0,1,0.179678659430889
"3544","1250","Ec_N",60,4,4,"Ec",19,0,1,0,0,1,0.179678659430889
"3545","1250","Ec_N",60,5,5,"Ec",19,0,1,0,0,1,0.179678659430889
"3546","1250","Ec_N",60,6,6,"Ec",19,0,1,0,0,1,0.179678659430889
"3547","1250","Ec_N",60,7,7,"Ec",19,0,1,0,0,1,0.179678659430889
"3548","1250","Ec_N",60,8,8,"Ec",19,0,1,0,0,1,0.179678659430889
"3549","1250","Ec_N",60,9,9,"Ec",27,0,1,0,1,1,0.50104458373578
"3550","1250","Ec_N",60,10,10,"Ec",27,0,1,0,1,1,0.50104458373578
"3551","1250","Ec_N",60,11,11,"Ec",27,0,1,0,1,1,0.50104458373578
"3552","1250","Ec_N",60,12,12,"Ec",27,0,1,0,1,1,0.50104458373578
"3553","1250","Ec_N",60,13,13,"Ec",27,0,1,0,1,1,0.50104458373578
"3554","1250","Ec_N",60,14,14,"Ec",27,0,1,0,1,1,0.50104458373578
"3555","1250","Ec_N",60,15,15,"Ec",27,0,1,0,1,1,0.50104458373578
"3556","1250","Ec_N",60,16,16,"Ec",27,0,1,0,1,1,0.50104458373578
"3557","1250","Ec_N",60,17,17,"Ec",27,0,1,0,1,1,0.50104458373578
"3558","1250","Ec_N",60,18,18,"Ec",27,0,1,0,1,1,0.50104458373578
"3559","1250","Ec_N",60,19,19,"Ec",27,0,1,0,1,1,0.50104458373578
"3560","1250","Ec_N",60,20,20,"Ec",27,0,1,0,1,1,0.50104458373578
"3561","1250","Ec_N",60,21,21,"Ec",27,0,1,0,1,1,0.50104458373578
"3562","1250","Ec_N",60,22,22,"Ec",27,0,1,0,1,1,0.50104458373578
"3563","1250","Ec_N",60,23,23,"Ec",27,0,1,0,1,1,0.50104458373578
"3564","1250","Ec_N",60,24,24,"Ec",27,0,1,0,1,1,0.50104458373578
"3565","1250","Ec_N",60,25,25,"Ec",27,0,1,0,1,1,0.50104458373578
"3566","1250","Ec_N",60,26,26,"Ec",27,0,1,0,1,1,0.50104458373578
"3567","1250","Ec_N",60,27,27,"Ec",27,0,1,0,1,1,0.50104458373578
"3568","1250","Ec_N",60,28,28,"Ec",27,0,1,0,1,1,0.50104458373578
"3569","1250","Ec_N",60,29,29,"Ec",27,0,1,0,1,1,0.50104458373578
"3570","1250","Ec_N",60,30,30,"Ec",27,0,1,0,1,1,0.50104458373578
"3571","1250","Ec_N",60,31,31,"Ec",27,0,1,0,1,1,0.50104458373578
"3572","1250","Ec_N",60,32,32,"Ec",27,0,1,0,1,1,0.50104458373578
"3573","1250","Ec_N",60,33,33,"Ec",27,0,1,0,1,1,0.50104458373578
"3574","1250","Ec_N",60,34,34,"Ec",27,0,1,0,1,1,0.50104458373578
"3575","1250","Ec_N",60,35,35,"Ec",27,0,1,0,1,1,0.50104458373578
"3576","1250","Ec_N",60,36,36,"Ec",27,0,1,0,1,1,0.50104458373578
"3577","1250","Ec_N",60,37,37,"Ec",27,0,1,0,1,1,0.50104458373578
"3578","1250","Ec_N",60,38,38,"Ec",27,0,1,0,1,1,0.50104458373578
"3579","1250","Ec_N",60,39,39,"Ec",27,0,1,0,1,1,0.50104458373578
"3580","1250","Ec_N",60,40,40,"Ec",27,0,1,0,1,1,0.50104458373578
"3581","1250","Ec_N",60,41,41,"Ec",31,0,1,1,1,1,0.778987345540232
"3582","1250","Ec_N",60,42,42,"Ec",31,0,1,1,1,1,0.778987345540232
"3583","1250","Ec_N",60,43,43,"Ec",31,0,1,1,1,1,0.778987345540232
"3584","1250","Ec_N",60,44,44,"Ec",31,0,1,1,1,1,0.778987345540232
"3585","1250","Ec_N",60,45,45,"Ec",31,0,1,1,1,1,0.778987345540232
"3586","1250","Ec_N",60,46,46,"Ec",31,0,1,1,1,1,0.778987345540232
"3587","1250","Ec_N",60,47,47,"Ec",31,0,1,1,1,1,0.778987345540232
"3588","1250","Ec_N",60,48,48,"Ec",31,0,1,1,1,1,0.778987345540232
"3589","1250","Ec_N",60,49,49,"Ec",31,0,1,1,1,1,0.778987345540232
"3590","1250","Ec_N",60,50,50,"Ec",31,0,1,1,1,1,0.778987345540232
"3591","1250","Ec_N",60,51,51,"Ec",31,0,1,1,1,1,0.778987345540232
"3592","1250","Ec_N",60,52,52,"Ec",31,0,1,1,1,1,0.778987345540232
"3593","1250","Ec_N",60,53,53,"Ec",31,0,1,1,1,1,0.778987345540232
"3594","1250","Ec_N",60,54,54,"Ec",31,0,1,1,1,1,0.778987345540232
"3595","1250","Ec_N",60,55,55,"Ec",31,0,1,1,1,1,0.778987345540232
"3596","1250","Ec_N",60,56,56,"Ec",31,0,1,1,1,1,0.778987345540232
"3597","1250","Ec_N",60,57,57,"Ec",31,0,1,1,1,1,0.778987345540232
"3598","1250","Ec_N",60,58,58,"Ec",31,0,1,1,1,1,0.778987345540232
"3599","1250","Ec_N",60,59,59,"Ec",31,0,1,1,1,1,0.778987345540232
"3600","1250","Ec_N",60,60,60,"Ec",31,0,1,1,1,1,0.778987345540232
"3601","1250","Ec_N",61,1,1,"Ec",1,0,0,0,0,0,0
"3602","1250","Ec_N",61,2,2,"Ec",2,1,0,0,0,0,0.221012654459768
"3603","1250","Ec_N",61,3,3,"Ec",4,1,1,0,0,0,0.303663233874882
"3604","1250","Ec_N",61,4,4,"Ec",20,1,1,0,0,1,0.500190858195701
"3605","1250","Ec_N",61,5,5,"Ec",28,1,1,0,1,1,0.770762719311211
"3606","1250","Ec_N",61,6,6,"Ec",32,1,1,1,1,1,1
"3607","1250","Ec_N",61,7,7,"Ec",32,1,1,1,1,1,1
"3608","1250","Ec_N",61,8,8,"Ec",32,1,1,1,1,1,1
"3609","1250","Ec_N",61,9,9,"Ec",32,1,1,1,1,1,1
"3610","1250","Ec_N",61,10,10,"Ec",32,1,1,1,1,1,1
"3611","1250","Ec_N",61,11,11,"Ec",32,1,1,1,1,1,1
"3612","1250","Ec_N",61,12,12,"Ec",32,1,1,1,1,1,1
"3613","1250","Ec_N",61,13,13,"Ec",32,1,1,1,1,1,1
"3614","1250","Ec_N",61,14,14,"Ec",32,1,1,1,1,1,1
"3615","1250","Ec_N",61,15,15,"Ec",32,1,1,1,1,1,1
"3616","1250","Ec_N",61,16,16,"Ec",32,1,1,1,1,1,1
"3617","1250","Ec_N",61,17,17,"Ec",32,1,1,1,1,1,1
"3618","1250","Ec_N",61,18,18,"Ec",32,1,1,1,1,1,1
"3619","1250","Ec_N",61,19,19,"Ec",32,1,1,1,1,1,1
"3620","1250","Ec_N",61,20,20,"Ec",32,1,1,1,1,1,1
"3621","1250","Ec_N",61,21,21,"Ec",32,1,1,1,1,1,1
"3622","1250","Ec_N",61,22,22,"Ec",32,1,1,1,1,1,1
"3623","1250","Ec_N",61,23,23,"Ec",32,1,1,1,1,1,1
"3624","1250","Ec_N",61,24,24,"Ec",32,1,1,1,1,1,1
"3625","1250","Ec_N",61,25,25,"Ec",32,1,1,1,1,1,1
"3626","1250","Ec_N",61,26,26,"Ec",32,1,1,1,1,1,1
"3627","1250","Ec_N",61,27,27,"Ec",32,1,1,1,1,1,1
"3628","1250","Ec_N",61,28,28,"Ec",32,1,1,1,1,1,1
"3629","1250","Ec_N",61,29,29,"Ec",32,1,1,1,1,1,1
"3630","1250","Ec_N",61,30,30,"Ec",32,1,1,1,1,1,1
"3631","1250","Ec_N",61,31,31,"Ec",32,1,1,1,1,1,1
"3632","1250","Ec_N",61,32,32,"Ec",32,1,1,1,1,1,1
"3633","1250","Ec_N",61,33,33,"Ec",32,1,1,1,1,1,1
"3634","1250","Ec_N",61,34,34,"Ec",32,1,1,1,1,1,1
"3635","1250","Ec_N",61,35,35,"Ec",32,1,1,1,1,1,1
"3636","1250","Ec_N",61,36,36,"Ec",32,1,1,1,1,1,1
"3637","1250","Ec_N",61,37,37,"Ec",32,1,1,1,1,1,1
"3638","1250","Ec_N",61,38,38,"Ec",32,1,1,1,1,1,1
"3639","1250","Ec_N",61,39,39,"Ec",32,1,1,1,1,1,1
"3640","1250","Ec_N",61,40,40,"Ec",32,1,1,1,1,1,1
"3641","1250","Ec_N",61,41,41,"Ec",32,1,1,1,1,1,1
"3642","1250","Ec_N",61,42,42,"Ec",32,1,1,1,1,1,1
"3643","1250","Ec_N",61,43,43,"Ec",32,1,1,1,1,1,1
"3644","1250","Ec_N",61,44,44,"Ec",32,1,1,1,1,1,1
"3645","1250","Ec_N",61,45,45,"Ec",32,1,1,1,1,1,1
"3646","1250","Ec_N",61,46,46,"Ec",32,1,1,1,1,1,1
"3647","1250","Ec_N",61,47,47,"Ec",32,1,1,1,1,1,1
"3648","1250","Ec_N",61,48,48,"Ec",32,1,1,1,1,1,1
"3649","1250","Ec_N",61,49,49,"Ec",32,1,1,1,1,1,1
"3650","1250","Ec_N",61,50,50,"Ec",32,1,1,1,1,1,1
"3651","1250","Ec_N",61,51,51,"Ec",32,1,1,1,1,1,1
"3652","1250","Ec_N",61,52,52,"Ec",32,1,1,1,1,1,1
"3653","1250","Ec_N",61,53,53,"Ec",32,1,1,1,1,1,1
"3654","1250","Ec_N",61,54,54,"Ec",32,1,1,1,1,1,1
"3655","1250","Ec_N",61,55,55,"Ec",32,1,1,1,1,1,1
"3656","1250","Ec_N",61,56,56,"Ec",32,1,1,1,1,1,1
"3657","1250","Ec_N",61,57,57,"Ec",32,1,1,1,1,1,1
"3658","1250","Ec_N",61,58,58,"Ec",32,1,1,1,1,1,1
"3659","1250","Ec_N",61,59,59,"Ec",32,1,1,1,1,1,1
"3660","1250","Ec_N",61,60,60,"Ec",32,1,1,1,1,1,1
"3661","1250","Ec_N",62,1,1,"Ec",1,0,0,0,0,0,0
"3662","1250","Ec_N",62,2,2,"Ec",1,0,0,0,0,0,0
"3663","1250","Ec_N",62,3,3,"Ec",1,0,0,0,0,0,0
"3664","1250","Ec_N",62,4,4,"Ec",1,0,0,0,0,0,0
"3665","1250","Ec_N",62,5,5,"Ec",17,0,0,0,0,1,0.14692246949649
"3666","1250","Ec_N",62,6,6,"Ec",17,0,0,0,0,1,0.14692246949649
"3667","1250","Ec_N",62,7,7,"Ec",17,0,0,0,0,1,0.14692246949649
"3668","1250","Ec_N",62,8,8,"Ec",17,0,0,0,0,1,0.14692246949649
"3669","1250","Ec_N",62,9,9,"Ec",25,0,0,0,1,1,0.464273274362394
"3670","1250","Ec_N",62,10,10,"Ec",25,0,0,0,1,1,0.464273274362394
"3671","1250","Ec_N",62,11,11,"Ec",25,0,0,0,1,1,0.464273274362394
"3672","1250","Ec_N",62,12,12,"Ec",25,0,0,0,1,1,0.464273274362394
"3673","1250","Ec_N",62,13,13,"Ec",25,0,0,0,1,1,0.464273274362394
"3674","1250","Ec_N",62,14,14,"Ec",26,1,0,0,1,1,0.685285928822162
"3675","1250","Ec_N",62,15,15,"Ec",30,1,0,1,1,1,0.981696467924213
"3676","1250","Ec_N",62,16,16,"Ec",30,1,0,1,1,1,0.981696467924213
"3677","1250","Ec_N",62,17,17,"Ec",32,1,1,1,1,1,1
"3678","1250","Ec_N",62,18,18,"Ec",32,1,1,1,1,1,1
"3679","1250","Ec_N",62,19,19,"Ec",32,1,1,1,1,1,1
"3680","1250","Ec_N",62,20,20,"Ec",32,1,1,1,1,1,1
"3681","1250","Ec_N",62,21,21,"Ec",32,1,1,1,1,1,1
"3682","1250","Ec_N",62,22,22,"Ec",32,1,1,1,1,1,1
"3683","1250","Ec_N",62,23,23,"Ec",32,1,1,1,1,1,1
"3684","1250","Ec_N",62,24,24,"Ec",32,1,1,1,1,1,1
"3685","1250","Ec_N",62,25,25,"Ec",32,1,1,1,1,1,1
"3686","1250","Ec_N",62,26,26,"Ec",32,1,1,1,1,1,1
"3687","1250","Ec_N",62,27,27,"Ec",32,1,1,1,1,1,1
"3688","1250","Ec_N",62,28,28,"Ec",32,1,1,1,1,1,1
"3689","1250","Ec_N",62,29,29,"Ec",32,1,1,1,1,1,1
"3690","1250","Ec_N",62,30,30,"Ec",32,1,1,1,1,1,1
"3691","1250","Ec_N",62,31,31,"Ec",32,1,1,1,1,1,1
"3692","1250","Ec_N",62,32,32,"Ec",32,1,1,1,1,1,1
"3693","1250","Ec_N",62,33,33,"Ec",32,1,1,1,1,1,1
"3694","1250","Ec_N",62,34,34,"Ec",32,1,1,1,1,1,1
"3695","1250","Ec_N",62,35,35,"Ec",32,1,1,1,1,1,1
"3696","1250","Ec_N",62,36,36,"Ec",32,1,1,1,1,1,1
"3697","1250","Ec_N",62,37,37,"Ec",32,1,1,1,1,1,1
"3698","1250","Ec_N",62,38,38,"Ec",32,1,1,1,1,1,1
"3699","1250","Ec_N",62,39,39,"Ec",32,1,1,1,1,1,1
"3700","1250","Ec_N",62,40,40,"Ec",32,1,1,1,1,1,1
"3701","1250","Ec_N",62,41,41,"Ec",32,1,1,1,1,1,1
"3702","1250","Ec_N",62,42,42,"Ec",32,1,1,1,1,1,1
"3703","1250","Ec_N",62,43,43,"Ec",32,1,1,1,1,1,1
"3704","1250","Ec_N",62,44,44,"Ec",32,1,1,1,1,1,1
"3705","1250","Ec_N",62,45,45,"Ec",32,1,1,1,1,1,1
"3706","1250","Ec_N",62,46,46,"Ec",32,1,1,1,1,1,1
"3707","1250","Ec_N",62,47,47,"Ec",32,1,1,1,1,1,1
"3708","1250","Ec_N",62,48,48,"Ec",32,1,1,1,1,1,1
"3709","1250","Ec_N",62,49,49,"Ec",32,1,1,1,1,1,1
"3710","1250","Ec_N",62,50,50,"Ec",32,1,1,1,1,1,1
"3711","1250","Ec_N",62,51,51,"Ec",32,1,1,1,1,1,1
"3712","1250","Ec_N",62,52,52,"Ec",32,1,1,1,1,1,1
"3713","1250","Ec_N",62,53,53,"Ec",32,1,1,1,1,1,1
"3714","1250","Ec_N",62,54,54,"Ec",32,1,1,1,1,1,1
"3715","1250","Ec_N",62,55,55,"Ec",32,1,1,1,1,1,1
"3716","1250","Ec_N",62,56,56,"Ec",32,1,1,1,1,1,1
"3717","1250","Ec_N",62,57,57,"Ec",32,1,1,1,1,1,1
"3718","1250","Ec_N",62,58,58,"Ec",32,1,1,1,1,1,1
"3719","1250","Ec_N",62,59,59,"Ec",32,1,1,1,1,1,1
"3720","1250","Ec_N",62,60,60,"Ec",32,1,1,1,1,1,1
"3721","1250","Ec_N",63,1,1,"Ec",1,0,0,0,0,0,0
"3722","1250","Ec_N",63,2,2,"Ec",1,0,0,0,0,0,0
"3723","1250","Ec_N",63,3,3,"Ec",9,0,0,0,1,0,0.267745650041575
"3724","1250","Ec_N",63,4,4,"Ec",9,0,0,0,1,0,0.267745650041575
"3725","1250","Ec_N",63,5,5,"Ec",25,0,0,0,1,1,0.464273274362394
"3726","1250","Ec_N",63,6,6,"Ec",25,0,0,0,1,1,0.464273274362394
"3727","1250","Ec_N",63,7,7,"Ec",27,0,1,0,1,1,0.50104458373578
"3728","1250","Ec_N",63,8,8,"Ec",27,0,1,0,1,1,0.50104458373578
"3729","1250","Ec_N",63,9,9,"Ec",27,0,1,0,1,1,0.50104458373578
"3730","1250","Ec_N",63,10,10,"Ec",27,0,1,0,1,1,0.50104458373578
"3731","1250","Ec_N",63,11,11,"Ec",27,0,1,0,1,1,0.50104458373578
"3732","1250","Ec_N",63,12,12,"Ec",27,0,1,0,1,1,0.50104458373578
"3733","1250","Ec_N",63,13,13,"Ec",27,0,1,0,1,1,0.50104458373578
"3734","1250","Ec_N",63,14,14,"Ec",27,0,1,0,1,1,0.50104458373578
"3735","1250","Ec_N",63,15,15,"Ec",27,0,1,0,1,1,0.50104458373578
"3736","1250","Ec_N",63,16,16,"Ec",27,0,1,0,1,1,0.50104458373578
"3737","1250","Ec_N",63,17,17,"Ec",27,0,1,0,1,1,0.50104458373578
"3738","1250","Ec_N",63,18,18,"Ec",27,0,1,0,1,1,0.50104458373578
"3739","1250","Ec_N",63,19,19,"Ec",27,0,1,0,1,1,0.50104458373578
"3740","1250","Ec_N",63,20,20,"Ec",27,0,1,0,1,1,0.50104458373578
"3741","1250","Ec_N",63,21,21,"Ec",27,0,1,0,1,1,0.50104458373578
"3742","1250","Ec_N",63,22,22,"Ec",27,0,1,0,1,1,0.50104458373578
"3743","1250","Ec_N",63,23,23,"Ec",27,0,1,0,1,1,0.50104458373578
"3744","1250","Ec_N",63,24,24,"Ec",27,0,1,0,1,1,0.50104458373578
"3745","1250","Ec_N",63,25,25,"Ec",27,0,1,0,1,1,0.50104458373578
"3746","1250","Ec_N",63,26,26,"Ec",27,0,1,0,1,1,0.50104458373578
"3747","1250","Ec_N",63,27,27,"Ec",27,0,1,0,1,1,0.50104458373578
"3748","1250","Ec_N",63,28,28,"Ec",27,0,1,0,1,1,0.50104458373578
"3749","1250","Ec_N",63,29,29,"Ec",27,0,1,0,1,1,0.50104458373578
"3750","1250","Ec_N",63,30,30,"Ec",27,0,1,0,1,1,0.50104458373578
"3751","1250","Ec_N",63,31,31,"Ec",27,0,1,0,1,1,0.50104458373578
"3752","1250","Ec_N",63,32,32,"Ec",27,0,1,0,1,1,0.50104458373578
"3753","1250","Ec_N",63,33,33,"Ec",27,0,1,0,1,1,0.50104458373578
"3754","1250","Ec_N",63,34,34,"Ec",27,0,1,0,1,1,0.50104458373578
"3755","1250","Ec_N",63,35,35,"Ec",27,0,1,0,1,1,0.50104458373578
"3756","1250","Ec_N",63,36,36,"Ec",27,0,1,0,1,1,0.50104458373578
"3757","1250","Ec_N",63,37,37,"Ec",28,1,1,0,1,1,0.770762719311211
"3758","1250","Ec_N",63,38,38,"Ec",28,1,1,0,1,1,0.770762719311211
"3759","1250","Ec_N",63,39,39,"Ec",28,1,1,0,1,1,0.770762719311211
"3760","1250","Ec_N",63,40,40,"Ec",28,1,1,0,1,1,0.770762719311211
"3761","1250","Ec_N",63,41,41,"Ec",28,1,1,0,1,1,0.770762719311211
"3762","1250","Ec_N",63,42,42,"Ec",28,1,1,0,1,1,0.770762719311211
"3763","1250","Ec_N",63,43,43,"Ec",28,1,1,0,1,1,0.770762719311211
"3764","1250","Ec_N",63,44,44,"Ec",28,1,1,0,1,1,0.770762719311211
"3765","1250","Ec_N",63,45,45,"Ec",28,1,1,0,1,1,0.770762719311211
"3766","1250","Ec_N",63,46,46,"Ec",28,1,1,0,1,1,0.770762719311211
"3767","1250","Ec_N",63,47,47,"Ec",28,1,1,0,1,1,0.770762719311211
"3768","1250","Ec_N",63,48,48,"Ec",28,1,1,0,1,1,0.770762719311211
"3769","1250","Ec_N",63,49,49,"Ec",28,1,1,0,1,1,0.770762719311211
"3770","1250","Ec_N",63,50,50,"Ec",28,1,1,0,1,1,0.770762719311211
"3771","1250","Ec_N",63,51,51,"Ec",28,1,1,0,1,1,0.770762719311211
"3772","1250","Ec_N",63,52,52,"Ec",28,1,1,0,1,1,0.770762719311211
"3773","1250","Ec_N",63,53,53,"Ec",28,1,1,0,1,1,0.770762719311211
"3774","1250","Ec_N",63,54,54,"Ec",28,1,1,0,1,1,0.770762719311211
"3775","1250","Ec_N",63,55,55,"Ec",28,1,1,0,1,1,0.770762719311211
"3776","1250","Ec_N",63,56,56,"Ec",28,1,1,0,1,1,0.770762719311211
"3777","1250","Ec_N",63,57,57,"Ec",28,1,1,0,1,1,0.770762719311211
"3778","1250","Ec_N",63,58,58,"Ec",28,1,1,0,1,1,0.770762719311211
"3779","1250","Ec_N",63,59,59,"Ec",28,1,1,0,1,1,0.770762719311211
"3780","1250","Ec_N",63,60,60,"Ec",28,1,1,0,1,1,0.770762719311211
"3781","1250","Ec_N",64,1,1,"Ec",1,0,0,0,0,0,0
"3782","1250","Ec_N",64,2,2,"Ec",2,1,0,0,0,0,0.221012654459768
"3783","1250","Ec_N",64,3,3,"Ec",2,1,0,0,0,0,0.221012654459768
"3784","1250","Ec_N",64,4,4,"Ec",10,1,0,0,1,0,0.488758304501343
"3785","1250","Ec_N",64,5,5,"Ec",26,1,0,0,1,1,0.685285928822162
"3786","1250","Ec_N",64,6,6,"Ec",26,1,0,0,1,1,0.685285928822162
"3787","1250","Ec_N",64,7,7,"Ec",26,1,0,0,1,1,0.685285928822162
"3788","1250","Ec_N",64,8,8,"Ec",26,1,0,0,1,1,0.685285928822162
"3789","1250","Ec_N",64,9,9,"Ec",26,1,0,0,1,1,0.685285928822162
"3790","1250","Ec_N",64,10,10,"Ec",26,1,0,0,1,1,0.685285928822162
"3791","1250","Ec_N",64,11,11,"Ec",26,1,0,0,1,1,0.685285928822162
"3792","1250","Ec_N",64,12,12,"Ec",26,1,0,0,1,1,0.685285928822162
"3793","1250","Ec_N",64,13,13,"Ec",26,1,0,0,1,1,0.685285928822162
"3794","1250","Ec_N",64,14,14,"Ec",26,1,0,0,1,1,0.685285928822162
"3795","1250","Ec_N",64,15,15,"Ec",28,1,1,0,1,1,0.770762719311211
"3796","1250","Ec_N",64,16,16,"Ec",28,1,1,0,1,1,0.770762719311211
"3797","1250","Ec_N",64,17,17,"Ec",28,1,1,0,1,1,0.770762719311211
"3798","1250","Ec_N",64,18,18,"Ec",28,1,1,0,1,1,0.770762719311211
"3799","1250","Ec_N",64,19,19,"Ec",28,1,1,0,1,1,0.770762719311211
"3800","1250","Ec_N",64,20,20,"Ec",28,1,1,0,1,1,0.770762719311211
"3801","1250","Ec_N",64,21,21,"Ec",28,1,1,0,1,1,0.770762719311211
"3802","1250","Ec_N",64,22,22,"Ec",28,1,1,0,1,1,0.770762719311211
"3803","1250","Ec_N",64,23,23,"Ec",28,1,1,0,1,1,0.770762719311211
"3804","1250","Ec_N",64,24,24,"Ec",28,1,1,0,1,1,0.770762719311211
"3805","1250","Ec_N",64,25,25,"Ec",28,1,1,0,1,1,0.770762719311211
"3806","1250","Ec_N",64,26,26,"Ec",28,1,1,0,1,1,0.770762719311211
"3807","1250","Ec_N",64,27,27,"Ec",28,1,1,0,1,1,0.770762719311211
"3808","1250","Ec_N",64,28,28,"Ec",28,1,1,0,1,1,0.770762719311211
"3809","1250","Ec_N",64,29,29,"Ec",28,1,1,0,1,1,0.770762719311211
"3810","1250","Ec_N",64,30,30,"Ec",28,1,1,0,1,1,0.770762719311211
"3811","1250","Ec_N",64,31,31,"Ec",28,1,1,0,1,1,0.770762719311211
"3812","1250","Ec_N",64,32,32,"Ec",28,1,1,0,1,1,0.770762719311211
"3813","1250","Ec_N",64,33,33,"Ec",28,1,1,0,1,1,0.770762719311211
"3814","1250","Ec_N",64,34,34,"Ec",28,1,1,0,1,1,0.770762719311211
"3815","1250","Ec_N",64,35,35,"Ec",28,1,1,0,1,1,0.770762719311211
"3816","1250","Ec_N",64,36,36,"Ec",28,1,1,0,1,1,0.770762719311211
"3817","1250","Ec_N",64,37,37,"Ec",28,1,1,0,1,1,0.770762719311211
"3818","1250","Ec_N",64,38,38,"Ec",28,1,1,0,1,1,0.770762719311211
"3819","1250","Ec_N",64,39,39,"Ec",28,1,1,0,1,1,0.770762719311211
"3820","1250","Ec_N",64,40,40,"Ec",28,1,1,0,1,1,0.770762719311211
"3821","1250","Ec_N",64,41,41,"Ec",28,1,1,0,1,1,0.770762719311211
"3822","1250","Ec_N",64,42,42,"Ec",28,1,1,0,1,1,0.770762719311211
"3823","1250","Ec_N",64,43,43,"Ec",28,1,1,0,1,1,0.770762719311211
"3824","1250","Ec_N",64,44,44,"Ec",28,1,1,0,1,1,0.770762719311211
"3825","1250","Ec_N",64,45,45,"Ec",28,1,1,0,1,1,0.770762719311211
"3826","1250","Ec_N",64,46,46,"Ec",28,1,1,0,1,1,0.770762719311211
"3827","1250","Ec_N",64,47,47,"Ec",32,1,1,1,1,1,1
"3828","1250","Ec_N",64,48,48,"Ec",32,1,1,1,1,1,1
"3829","1250","Ec_N",64,49,49,"Ec",32,1,1,1,1,1,1
"3830","1250","Ec_N",64,50,50,"Ec",32,1,1,1,1,1,1
"3831","1250","Ec_N",64,51,51,"Ec",32,1,1,1,1,1,1
"3832","1250","Ec_N",64,52,52,"Ec",32,1,1,1,1,1,1
"3833","1250","Ec_N",64,53,53,"Ec",32,1,1,1,1,1,1
"3834","1250","Ec_N",64,54,54,"Ec",32,1,1,1,1,1,1
"3835","1250","Ec_N",64,55,55,"Ec",32,1,1,1,1,1,1
"3836","1250","Ec_N",64,56,56,"Ec",32,1,1,1,1,1,1
"3837","1250","Ec_N",64,57,57,"Ec",32,1,1,1,1,1,1
"3838","1250","Ec_N",64,58,58,"Ec",32,1,1,1,1,1,1
"3839","1250","Ec_N",64,59,59,"Ec",32,1,1,1,1,1,1
"3840","1250","Ec_N",64,60,60,"Ec",32,1,1,1,1,1,1
"3841","1250","Ec_N",65,1,1,"Ec",1,0,0,0,0,0,0
"3842","1250","Ec_N",65,2,2,"Ec",9,0,0,0,1,0,0.267745650041575
"3843","1250","Ec_N",65,3,3,"Ec",9,0,0,0,1,0,0.267745650041575
"3844","1250","Ec_N",65,4,4,"Ec",13,0,0,1,1,0,0.499809141804299
"3845","1250","Ec_N",65,5,5,"Ec",13,0,0,1,1,0,0.499809141804299
"3846","1250","Ec_N",65,6,6,"Ec",13,0,0,1,1,0,0.499809141804299
"3847","1250","Ec_N",65,7,7,"Ec",13,0,0,1,1,0,0.499809141804299
"3848","1250","Ec_N",65,8,8,"Ec",13,0,0,1,1,0,0.499809141804299
"3849","1250","Ec_N",65,9,9,"Ec",13,0,0,1,1,0,0.499809141804299
"3850","1250","Ec_N",65,10,10,"Ec",13,0,0,1,1,0,0.499809141804299
"3851","1250","Ec_N",65,11,11,"Ec",13,0,0,1,1,0,0.499809141804299
"3852","1250","Ec_N",65,12,12,"Ec",13,0,0,1,1,0,0.499809141804299
"3853","1250","Ec_N",65,13,13,"Ec",13,0,0,1,1,0,0.499809141804299
"3854","1250","Ec_N",65,14,14,"Ec",13,0,0,1,1,0,0.499809141804299
"3855","1250","Ec_N",65,15,15,"Ec",13,0,0,1,1,0,0.499809141804299
"3856","1250","Ec_N",65,16,16,"Ec",13,0,0,1,1,0,0.499809141804299
"3857","1250","Ec_N",65,17,17,"Ec",13,0,0,1,1,0,0.499809141804299
"3858","1250","Ec_N",65,18,18,"Ec",13,0,0,1,1,0,0.499809141804299
"3859","1250","Ec_N",65,19,19,"Ec",13,0,0,1,1,0,0.499809141804299
"3860","1250","Ec_N",65,20,20,"Ec",13,0,0,1,1,0,0.499809141804299
"3861","1250","Ec_N",65,21,21,"Ec",13,0,0,1,1,0,0.499809141804299
"3862","1250","Ec_N",65,22,22,"Ec",13,0,0,1,1,0,0.499809141804299
"3863","1250","Ec_N",65,23,23,"Ec",13,0,0,1,1,0,0.499809141804299
"3864","1250","Ec_N",65,24,24,"Ec",13,0,0,1,1,0,0.499809141804299
"3865","1250","Ec_N",65,25,25,"Ec",13,0,0,1,1,0,0.499809141804299
"3866","1250","Ec_N",65,26,26,"Ec",13,0,0,1,1,0,0.499809141804299
"3867","1250","Ec_N",65,27,27,"Ec",13,0,0,1,1,0,0.499809141804299
"3868","1250","Ec_N",65,28,28,"Ec",13,0,0,1,1,0,0.499809141804299
"3869","1250","Ec_N",65,29,29,"Ec",13,0,0,1,1,0,0.499809141804299
"3870","1250","Ec_N",65,30,30,"Ec",14,1,0,1,1,0,0.720821796264067
"3871","1250","Ec_N",65,31,31,"Ec",30,1,0,1,1,1,0.981696467924213
"3872","1250","Ec_N",65,32,32,"Ec",30,1,0,1,1,1,0.981696467924213
"3873","1250","Ec_N",65,33,33,"Ec",30,1,0,1,1,1,0.981696467924213
"3874","1250","Ec_N",65,34,34,"Ec",30,1,0,1,1,1,0.981696467924213
"3875","1250","Ec_N",65,35,35,"Ec",30,1,0,1,1,1,0.981696467924213
"3876","1250","Ec_N",65,36,36,"Ec",30,1,0,1,1,1,0.981696467924213
"3877","1250","Ec_N",65,37,37,"Ec",30,1,0,1,1,1,0.981696467924213
"3878","1250","Ec_N",65,38,38,"Ec",30,1,0,1,1,1,0.981696467924213
"3879","1250","Ec_N",65,39,39,"Ec",30,1,0,1,1,1,0.981696467924213
"3880","1250","Ec_N",65,40,40,"Ec",30,1,0,1,1,1,0.981696467924213
"3881","1250","Ec_N",65,41,41,"Ec",30,1,0,1,1,1,0.981696467924213
"3882","1250","Ec_N",65,42,42,"Ec",30,1,0,1,1,1,0.981696467924213
"3883","1250","Ec_N",65,43,43,"Ec",30,1,0,1,1,1,0.981696467924213
"3884","1250","Ec_N",65,44,44,"Ec",30,1,0,1,1,1,0.981696467924213
"3885","1250","Ec_N",65,45,45,"Ec",30,1,0,1,1,1,0.981696467924213
"3886","1250","Ec_N",65,46,46,"Ec",30,1,0,1,1,1,0.981696467924213
"3887","1250","Ec_N",65,47,47,"Ec",30,1,0,1,1,1,0.981696467924213
"3888","1250","Ec_N",65,48,48,"Ec",30,1,0,1,1,1,0.981696467924213
"3889","1250","Ec_N",65,49,49,"Ec",30,1,0,1,1,1,0.981696467924213
"3890","1250","Ec_N",65,50,50,"Ec",30,1,0,1,1,1,0.981696467924213
"3891","1250","Ec_N",65,51,51,"Ec",32,1,1,1,1,1,1
"3892","1250","Ec_N",65,52,52,"Ec",32,1,1,1,1,1,1
"3893","1250","Ec_N",65,53,53,"Ec",32,1,1,1,1,1,1
"3894","1250","Ec_N",65,54,54,"Ec",32,1,1,1,1,1,1
"3895","1250","Ec_N",65,55,55,"Ec",32,1,1,1,1,1,1
"3896","1250","Ec_N",65,56,56,"Ec",32,1,1,1,1,1,1
"3897","1250","Ec_N",65,57,57,"Ec",32,1,1,1,1,1,1
"3898","1250","Ec_N",65,58,58,"Ec",32,1,1,1,1,1,1
"3899","1250","Ec_N",65,59,59,"Ec",32,1,1,1,1,1,1
"3900","1250","Ec_N",65,60,60,"Ec",32,1,1,1,1,1,1
"3901","1250","Ec_N",66,1,1,"Ec",1,0,0,0,0,0,0
"3902","1250","Ec_N",66,2,2,"Ec",17,0,0,0,0,1,0.14692246949649
"3903","1250","Ec_N",66,3,3,"Ec",17,0,0,0,0,1,0.14692246949649
"3904","1250","Ec_N",66,4,4,"Ec",17,0,0,0,0,1,0.14692246949649
"3905","1250","Ec_N",66,5,5,"Ec",17,0,0,0,0,1,0.14692246949649
"3906","1250","Ec_N",66,6,6,"Ec",17,0,0,0,0,1,0.14692246949649
"3907","1250","Ec_N",66,7,7,"Ec",17,0,0,0,0,1,0.14692246949649
"3908","1250","Ec_N",66,8,8,"Ec",17,0,0,0,0,1,0.14692246949649
"3909","1250","Ec_N",66,9,9,"Ec",19,0,1,0,0,1,0.179678659430889
"3910","1250","Ec_N",66,10,10,"Ec",19,0,1,0,0,1,0.179678659430889
"3911","1250","Ec_N",66,11,11,"Ec",19,0,1,0,0,1,0.179678659430889
"3912","1250","Ec_N",66,12,12,"Ec",19,0,1,0,0,1,0.179678659430889
"3913","1250","Ec_N",66,13,13,"Ec",19,0,1,0,0,1,0.179678659430889
"3914","1250","Ec_N",66,14,14,"Ec",19,0,1,0,0,1,0.179678659430889
"3915","1250","Ec_N",66,15,15,"Ec",19,0,1,0,0,1,0.179678659430889
"3916","1250","Ec_N",66,16,16,"Ec",19,0,1,0,0,1,0.179678659430889
"3917","1250","Ec_N",66,17,17,"Ec",19,0,1,0,0,1,0.179678659430889
"3918","1250","Ec_N",66,18,18,"Ec",19,0,1,0,0,1,0.179678659430889
"3919","1250","Ec_N",66,19,19,"Ec",19,0,1,0,0,1,0.179678659430889
"3920","1250","Ec_N",66,20,20,"Ec",19,0,1,0,0,1,0.179678659430889
"3921","1250","Ec_N",66,21,21,"Ec",19,0,1,0,0,1,0.179678659430889
"3922","1250","Ec_N",66,22,22,"Ec",19,0,1,0,0,1,0.179678659430889
"3923","1250","Ec_N",66,23,23,"Ec",19,0,1,0,0,1,0.179678659430889
"3924","1250","Ec_N",66,24,24,"Ec",19,0,1,0,0,1,0.179678659430889
"3925","1250","Ec_N",66,25,25,"Ec",19,0,1,0,0,1,0.179678659430889
"3926","1250","Ec_N",66,26,26,"Ec",27,0,1,0,1,1,0.50104458373578
"3927","1250","Ec_N",66,27,27,"Ec",27,0,1,0,1,1,0.50104458373578
"3928","1250","Ec_N",66,28,28,"Ec",27,0,1,0,1,1,0.50104458373578
"3929","1250","Ec_N",66,29,29,"Ec",27,0,1,0,1,1,0.50104458373578
"3930","1250","Ec_N",66,30,30,"Ec",27,0,1,0,1,1,0.50104458373578
"3931","1250","Ec_N",66,31,31,"Ec",27,0,1,0,1,1,0.50104458373578
"3932","1250","Ec_N",66,32,32,"Ec",27,0,1,0,1,1,0.50104458373578
"3933","1250","Ec_N",66,33,33,"Ec",27,0,1,0,1,1,0.50104458373578
"3934","1250","Ec_N",66,34,34,"Ec",27,0,1,0,1,1,0.50104458373578
"3935","1250","Ec_N",66,35,35,"Ec",27,0,1,0,1,1,0.50104458373578
"3936","1250","Ec_N",66,36,36,"Ec",27,0,1,0,1,1,0.50104458373578
"3937","1250","Ec_N",66,37,37,"Ec",27,0,1,0,1,1,0.50104458373578
"3938","1250","Ec_N",66,38,38,"Ec",28,1,1,0,1,1,0.770762719311211
"3939","1250","Ec_N",66,39,39,"Ec",28,1,1,0,1,1,0.770762719311211
"3940","1250","Ec_N",66,40,40,"Ec",28,1,1,0,1,1,0.770762719311211
"3941","1250","Ec_N",66,41,41,"Ec",28,1,1,0,1,1,0.770762719311211
"3942","1250","Ec_N",66,42,42,"Ec",28,1,1,0,1,1,0.770762719311211
"3943","1250","Ec_N",66,43,43,"Ec",28,1,1,0,1,1,0.770762719311211
"3944","1250","Ec_N",66,44,44,"Ec",28,1,1,0,1,1,0.770762719311211
"3945","1250","Ec_N",66,45,45,"Ec",28,1,1,0,1,1,0.770762719311211
"3946","1250","Ec_N",66,46,46,"Ec",28,1,1,0,1,1,0.770762719311211
"3947","1250","Ec_N",66,47,47,"Ec",28,1,1,0,1,1,0.770762719311211
"3948","1250","Ec_N",66,48,48,"Ec",28,1,1,0,1,1,0.770762719311211
"3949","1250","Ec_N",66,49,49,"Ec",28,1,1,0,1,1,0.770762719311211
"3950","1250","Ec_N",66,50,50,"Ec",28,1,1,0,1,1,0.770762719311211
"3951","1250","Ec_N",66,51,51,"Ec",28,1,1,0,1,1,0.770762719311211
"3952","1250","Ec_N",66,52,52,"Ec",28,1,1,0,1,1,0.770762719311211
"3953","1250","Ec_N",66,53,53,"Ec",32,1,1,1,1,1,1
"3954","1250","Ec_N",66,54,54,"Ec",32,1,1,1,1,1,1
"3955","1250","Ec_N",66,55,55,"Ec",32,1,1,1,1,1,1
"3956","1250","Ec_N",66,56,56,"Ec",32,1,1,1,1,1,1
"3957","1250","Ec_N",66,57,57,"Ec",32,1,1,1,1,1,1
"3958","1250","Ec_N",66,58,58,"Ec",32,1,1,1,1,1,1
"3959","1250","Ec_N",66,59,59,"Ec",32,1,1,1,1,1,1
"3960","1250","Ec_N",66,60,60,"Ec",32,1,1,1,1,1,1
"3961","1250","Ec_N",67,1,1,"Ec",1,0,0,0,0,0,0
"3962","1250","Ec_N",67,2,2,"Ec",5,0,0,1,0,0,0.232063491762724
"3963","1250","Ec_N",67,3,3,"Ec",6,1,0,1,0,0,0.453076146222492
"3964","1250","Ec_N",67,4,4,"Ec",6,1,0,1,0,0,0.453076146222492
"3965","1250","Ec_N",67,5,5,"Ec",22,1,0,1,0,1,0.649603770543311
"3966","1250","Ec_N",67,6,6,"Ec",22,1,0,1,0,1,0.649603770543311
"3967","1250","Ec_N",67,7,7,"Ec",22,1,0,1,0,1,0.649603770543311
"3968","1250","Ec_N",67,8,8,"Ec",22,1,0,1,0,1,0.649603770543311
"3969","1250","Ec_N",67,9,9,"Ec",22,1,0,1,0,1,0.649603770543311
"3970","1250","Ec_N",67,10,10,"Ec",22,1,0,1,0,1,0.649603770543311
"3971","1250","Ec_N",67,11,11,"Ec",22,1,0,1,0,1,0.649603770543311
"3972","1250","Ec_N",67,12,12,"Ec",22,1,0,1,0,1,0.649603770543311
"3973","1250","Ec_N",67,13,13,"Ec",22,1,0,1,0,1,0.649603770543311
"3974","1250","Ec_N",67,14,14,"Ec",22,1,0,1,0,1,0.649603770543311
"3975","1250","Ec_N",67,15,15,"Ec",22,1,0,1,0,1,0.649603770543311
"3976","1250","Ec_N",67,16,16,"Ec",22,1,0,1,0,1,0.649603770543311
"3977","1250","Ec_N",67,17,17,"Ec",22,1,0,1,0,1,0.649603770543311
"3978","1250","Ec_N",67,18,18,"Ec",22,1,0,1,0,1,0.649603770543311
"3979","1250","Ec_N",67,19,19,"Ec",22,1,0,1,0,1,0.649603770543311
"3980","1250","Ec_N",67,20,20,"Ec",22,1,0,1,0,1,0.649603770543311
"3981","1250","Ec_N",67,21,21,"Ec",22,1,0,1,0,1,0.649603770543311
"3982","1250","Ec_N",67,22,22,"Ec",30,1,0,1,1,1,0.981696467924213
"3983","1250","Ec_N",67,23,23,"Ec",30,1,0,1,1,1,0.981696467924213
"3984","1250","Ec_N",67,24,24,"Ec",30,1,0,1,1,1,0.981696467924213
"3985","1250","Ec_N",67,25,25,"Ec",30,1,0,1,1,1,0.981696467924213
"3986","1250","Ec_N",67,26,26,"Ec",30,1,0,1,1,1,0.981696467924213
"3987","1250","Ec_N",67,27,27,"Ec",30,1,0,1,1,1,0.981696467924213
"3988","1250","Ec_N",67,28,28,"Ec",30,1,0,1,1,1,0.981696467924213
"3989","1250","Ec_N",67,29,29,"Ec",30,1,0,1,1,1,0.981696467924213
"3990","1250","Ec_N",67,30,30,"Ec",30,1,0,1,1,1,0.981696467924213
"3991","1250","Ec_N",67,31,31,"Ec",32,1,1,1,1,1,1
"3992","1250","Ec_N",67,32,32,"Ec",32,1,1,1,1,1,1
"3993","1250","Ec_N",67,33,33,"Ec",32,1,1,1,1,1,1
"3994","1250","Ec_N",67,34,34,"Ec",32,1,1,1,1,1,1
"3995","1250","Ec_N",67,35,35,"Ec",32,1,1,1,1,1,1
"3996","1250","Ec_N",67,36,36,"Ec",32,1,1,1,1,1,1
"3997","1250","Ec_N",67,37,37,"Ec",32,1,1,1,1,1,1
"3998","1250","Ec_N",67,38,38,"Ec",32,1,1,1,1,1,1
"3999","1250","Ec_N",67,39,39,"Ec",32,1,1,1,1,1,1
"4000","1250","Ec_N",67,40,40,"Ec",32,1,1,1,1,1,1
"4001","1250","Ec_N",67,41,41,"Ec",32,1,1,1,1,1,1
"4002","1250","Ec_N",67,42,42,"Ec",32,1,1,1,1,1,1
"4003","1250","Ec_N",67,43,43,"Ec",32,1,1,1,1,1,1
"4004","1250","Ec_N",67,44,44,"Ec",32,1,1,1,1,1,1
"4005","1250","Ec_N",67,45,45,"Ec",32,1,1,1,1,1,1
"4006","1250","Ec_N",67,46,46,"Ec",32,1,1,1,1,1,1
"4007","1250","Ec_N",67,47,47,"Ec",32,1,1,1,1,1,1
"4008","1250","Ec_N",67,48,48,"Ec",32,1,1,1,1,1,1
"4009","1250","Ec_N",67,49,49,"Ec",32,1,1,1,1,1,1
"4010","1250","Ec_N",67,50,50,"Ec",32,1,1,1,1,1,1
"4011","1250","Ec_N",67,51,51,"Ec",32,1,1,1,1,1,1
"4012","1250","Ec_N",67,52,52,"Ec",32,1,1,1,1,1,1
"4013","1250","Ec_N",67,53,53,"Ec",32,1,1,1,1,1,1
"4014","1250","Ec_N",67,54,54,"Ec",32,1,1,1,1,1,1
"4015","1250","Ec_N",67,55,55,"Ec",32,1,1,1,1,1,1
"4016","1250","Ec_N",67,56,56,"Ec",32,1,1,1,1,1,1
"4017","1250","Ec_N",67,57,57,"Ec",32,1,1,1,1,1,1
"4018","1250","Ec_N",67,58,58,"Ec",32,1,1,1,1,1,1
"4019","1250","Ec_N",67,59,59,"Ec",32,1,1,1,1,1,1
"4020","1250","Ec_N",67,60,60,"Ec",32,1,1,1,1,1,1
"4021","1250","Ec_N",68,1,1,"Ec",1,0,0,0,0,0,0
"4022","1250","Ec_N",68,2,2,"Ec",1,0,0,0,0,0,0
"4023","1250","Ec_N",68,3,3,"Ec",1,0,0,0,0,0,0
"4024","1250","Ec_N",68,4,4,"Ec",1,0,0,0,0,0,0
"4025","1250","Ec_N",68,5,5,"Ec",5,0,0,1,0,0,0.232063491762724
"4026","1250","Ec_N",68,6,6,"Ec",5,0,0,1,0,0,0.232063491762724
"4027","1250","Ec_N",68,7,7,"Ec",5,0,0,1,0,0,0.232063491762724
"4028","1250","Ec_N",68,8,8,"Ec",5,0,0,1,0,0,0.232063491762724
"4029","1250","Ec_N",68,9,9,"Ec",5,0,0,1,0,0,0.232063491762724
"4030","1250","Ec_N",68,10,10,"Ec",13,0,0,1,1,0,0.499809141804299
"4031","1250","Ec_N",68,11,11,"Ec",13,0,0,1,1,0,0.499809141804299
"4032","1250","Ec_N",68,12,12,"Ec",13,0,0,1,1,0,0.499809141804299
"4033","1250","Ec_N",68,13,13,"Ec",13,0,0,1,1,0,0.499809141804299
"4034","1250","Ec_N",68,14,14,"Ec",13,0,0,1,1,0,0.499809141804299
"4035","1250","Ec_N",68,15,15,"Ec",13,0,0,1,1,0,0.499809141804299
"4036","1250","Ec_N",68,16,16,"Ec",13,0,0,1,1,0,0.499809141804299
"4037","1250","Ec_N",68,17,17,"Ec",29,0,0,1,1,1,0.696336766125118
"4038","1250","Ec_N",68,18,18,"Ec",29,0,0,1,1,1,0.696336766125118
"4039","1250","Ec_N",68,19,19,"Ec",29,0,0,1,1,1,0.696336766125118
"4040","1250","Ec_N",68,20,20,"Ec",29,0,0,1,1,1,0.696336766125118
"4041","1250","Ec_N",68,21,21,"Ec",29,0,0,1,1,1,0.696336766125118
"4042","1250","Ec_N",68,22,22,"Ec",29,0,0,1,1,1,0.696336766125118
"4043","1250","Ec_N",68,23,23,"Ec",29,0,0,1,1,1,0.696336766125118
"4044","1250","Ec_N",68,24,24,"Ec",29,0,0,1,1,1,0.696336766125118
"4045","1250","Ec_N",68,25,25,"Ec",29,0,0,1,1,1,0.696336766125118
"4046","1250","Ec_N",68,26,26,"Ec",29,0,0,1,1,1,0.696336766125118
"4047","1250","Ec_N",68,27,27,"Ec",29,0,0,1,1,1,0.696336766125118
"4048","1250","Ec_N",68,28,28,"Ec",29,0,0,1,1,1,0.696336766125118
"4049","1250","Ec_N",68,29,29,"Ec",29,0,0,1,1,1,0.696336766125118
"4050","1250","Ec_N",68,30,30,"Ec",29,0,0,1,1,1,0.696336766125118
"4051","1250","Ec_N",68,31,31,"Ec",29,0,0,1,1,1,0.696336766125118
"4052","1250","Ec_N",68,32,32,"Ec",29,0,0,1,1,1,0.696336766125118
"4053","1250","Ec_N",68,33,33,"Ec",29,0,0,1,1,1,0.696336766125118
"4054","1250","Ec_N",68,34,34,"Ec",29,0,0,1,1,1,0.696336766125118
"4055","1250","Ec_N",68,35,35,"Ec",29,0,0,1,1,1,0.696336766125118
"4056","1250","Ec_N",68,36,36,"Ec",29,0,0,1,1,1,0.696336766125118
"4057","1250","Ec_N",68,37,37,"Ec",29,0,0,1,1,1,0.696336766125118
"4058","1250","Ec_N",68,38,38,"Ec",31,0,1,1,1,1,0.778987345540232
"4059","1250","Ec_N",68,39,39,"Ec",31,0,1,1,1,1,0.778987345540232
"4060","1250","Ec_N",68,40,40,"Ec",31,0,1,1,1,1,0.778987345540232
"4061","1250","Ec_N",68,41,41,"Ec",31,0,1,1,1,1,0.778987345540232
"4062","1250","Ec_N",68,42,42,"Ec",31,0,1,1,1,1,0.778987345540232
"4063","1250","Ec_N",68,43,43,"Ec",31,0,1,1,1,1,0.778987345540232
"4064","1250","Ec_N",68,44,44,"Ec",31,0,1,1,1,1,0.778987345540232
"4065","1250","Ec_N",68,45,45,"Ec",31,0,1,1,1,1,0.778987345540232
"4066","1250","Ec_N",68,46,46,"Ec",31,0,1,1,1,1,0.778987345540232
"4067","1250","Ec_N",68,47,47,"Ec",31,0,1,1,1,1,0.778987345540232
"4068","1250","Ec_N",68,48,48,"Ec",31,0,1,1,1,1,0.778987345540232
"4069","1250","Ec_N",68,49,49,"Ec",31,0,1,1,1,1,0.778987345540232
"4070","1250","Ec_N",68,50,50,"Ec",31,0,1,1,1,1,0.778987345540232
"4071","1250","Ec_N",68,51,51,"Ec",31,0,1,1,1,1,0.778987345540232
"4072","1250","Ec_N",68,52,52,"Ec",31,0,1,1,1,1,0.778987345540232
"4073","1250","Ec_N",68,53,53,"Ec",31,0,1,1,1,1,0.778987345540232
"4074","1250","Ec_N",68,54,54,"Ec",31,0,1,1,1,1,0.778987345540232
"4075","1250","Ec_N",68,55,55,"Ec",31,0,1,1,1,1,0.778987345540232
"4076","1250","Ec_N",68,56,56,"Ec",31,0,1,1,1,1,0.778987345540232
"4077","1250","Ec_N",68,57,57,"Ec",31,0,1,1,1,1,0.778987345540232
"4078","1250","Ec_N",68,58,58,"Ec",31,0,1,1,1,1,0.778987345540232
"4079","1250","Ec_N",68,59,59,"Ec",31,0,1,1,1,1,0.778987345540232
"4080","1250","Ec_N",68,60,60,"Ec",31,0,1,1,1,1,0.778987345540232
"4081","1250","Ec_N",69,1,1,"Ec",1,0,0,0,0,0,0
"4082","1250","Ec_N",69,2,2,"Ec",1,0,0,0,0,0,0
"4083","1250","Ec_N",69,3,3,"Ec",1,0,0,0,0,0,0
"4084","1250","Ec_N",69,4,4,"Ec",3,0,1,0,0,0,0.082650579415114
"4085","1250","Ec_N",69,5,5,"Ec",3,0,1,0,0,0,0.082650579415114
"4086","1250","Ec_N",69,6,6,"Ec",3,0,1,0,0,0,0.082650579415114
"4087","1250","Ec_N",69,7,7,"Ec",3,0,1,0,0,0,0.082650579415114
"4088","1250","Ec_N",69,8,8,"Ec",3,0,1,0,0,0,0.082650579415114
"4089","1250","Ec_N",69,9,9,"Ec",3,0,1,0,0,0,0.082650579415114
"4090","1250","Ec_N",69,10,10,"Ec",3,0,1,0,0,0,0.082650579415114
"4091","1250","Ec_N",69,11,11,"Ec",3,0,1,0,0,0,0.082650579415114
"4092","1250","Ec_N",69,12,12,"Ec",3,0,1,0,0,0,0.082650579415114
"4093","1250","Ec_N",69,13,13,"Ec",3,0,1,0,0,0,0.082650579415114
"4094","1250","Ec_N",69,14,14,"Ec",3,0,1,0,0,0,0.082650579415114
"4095","1250","Ec_N",69,15,15,"Ec",3,0,1,0,0,0,0.082650579415114
"4096","1250","Ec_N",69,16,16,"Ec",3,0,1,0,0,0,0.082650579415114
"4097","1250","Ec_N",69,17,17,"Ec",19,0,1,0,0,1,0.179678659430889
"4098","1250","Ec_N",69,18,18,"Ec",19,0,1,0,0,1,0.179678659430889
"4099","1250","Ec_N",69,19,19,"Ec",19,0,1,0,0,1,0.179678659430889
"4100","1250","Ec_N",69,20,20,"Ec",19,0,1,0,0,1,0.179678659430889
"4101","1250","Ec_N",69,21,21,"Ec",19,0,1,0,0,1,0.179678659430889
"4102","1250","Ec_N",69,22,22,"Ec",20,1,1,0,0,1,0.500190858195701
"4103","1250","Ec_N",69,23,23,"Ec",20,1,1,0,0,1,0.500190858195701
"4104","1250","Ec_N",69,24,24,"Ec",20,1,1,0,0,1,0.500190858195701
"4105","1250","Ec_N",69,25,25,"Ec",20,1,1,0,0,1,0.500190858195701
"4106","1250","Ec_N",69,26,26,"Ec",20,1,1,0,0,1,0.500190858195701
"4107","1250","Ec_N",69,27,27,"Ec",20,1,1,0,0,1,0.500190858195701
"4108","1250","Ec_N",69,28,28,"Ec",20,1,1,0,0,1,0.500190858195701
"4109","1250","Ec_N",69,29,29,"Ec",20,1,1,0,0,1,0.500190858195701
"4110","1250","Ec_N",69,30,30,"Ec",20,1,1,0,0,1,0.500190858195701
"4111","1250","Ec_N",69,31,31,"Ec",20,1,1,0,0,1,0.500190858195701
"4112","1250","Ec_N",69,32,32,"Ec",20,1,1,0,0,1,0.500190858195701
"4113","1250","Ec_N",69,33,33,"Ec",20,1,1,0,0,1,0.500190858195701
"4114","1250","Ec_N",69,34,34,"Ec",20,1,1,0,0,1,0.500190858195701
"4115","1250","Ec_N",69,35,35,"Ec",20,1,1,0,0,1,0.500190858195701
"4116","1250","Ec_N",69,36,36,"Ec",20,1,1,0,0,1,0.500190858195701
"4117","1250","Ec_N",69,37,37,"Ec",20,1,1,0,0,1,0.500190858195701
"4118","1250","Ec_N",69,38,38,"Ec",20,1,1,0,0,1,0.500190858195701
"4119","1250","Ec_N",69,39,39,"Ec",20,1,1,0,0,1,0.500190858195701
"4120","1250","Ec_N",69,40,40,"Ec",20,1,1,0,0,1,0.500190858195701
"4121","1250","Ec_N",69,41,41,"Ec",20,1,1,0,0,1,0.500190858195701
"4122","1250","Ec_N",69,42,42,"Ec",20,1,1,0,0,1,0.500190858195701
"4123","1250","Ec_N",69,43,43,"Ec",20,1,1,0,0,1,0.500190858195701
"4124","1250","Ec_N",69,44,44,"Ec",20,1,1,0,0,1,0.500190858195701
"4125","1250","Ec_N",69,45,45,"Ec",20,1,1,0,0,1,0.500190858195701
"4126","1250","Ec_N",69,46,46,"Ec",20,1,1,0,0,1,0.500190858195701
"4127","1250","Ec_N",69,47,47,"Ec",20,1,1,0,0,1,0.500190858195701
"4128","1250","Ec_N",69,48,48,"Ec",20,1,1,0,0,1,0.500190858195701
"4129","1250","Ec_N",69,49,49,"Ec",20,1,1,0,0,1,0.500190858195701
"4130","1250","Ec_N",69,50,50,"Ec",20,1,1,0,0,1,0.500190858195701
"4131","1250","Ec_N",69,51,51,"Ec",24,1,1,1,0,1,0.732254349958425
"4132","1250","Ec_N",69,52,52,"Ec",24,1,1,1,0,1,0.732254349958425
"4133","1250","Ec_N",69,53,53,"Ec",32,1,1,1,1,1,1
"4134","1250","Ec_N",69,54,54,"Ec",32,1,1,1,1,1,1
"4135","1250","Ec_N",69,55,55,"Ec",32,1,1,1,1,1,1
"4136","1250","Ec_N",69,56,56,"Ec",32,1,1,1,1,1,1
"4137","1250","Ec_N",69,57,57,"Ec",32,1,1,1,1,1,1
"4138","1250","Ec_N",69,58,58,"Ec",32,1,1,1,1,1,1
"4139","1250","Ec_N",69,59,59,"Ec",32,1,1,1,1,1,1
"4140","1250","Ec_N",69,60,60,"Ec",32,1,1,1,1,1,1
"4141","1250","Ec_N",70,1,1,"Ec",1,0,0,0,0,0,0
"4142","1250","Ec_N",70,2,2,"Ec",2,1,0,0,0,0,0.221012654459768
"4143","1250","Ec_N",70,3,3,"Ec",2,1,0,0,0,0,0.221012654459768
"4144","1250","Ec_N",70,4,4,"Ec",2,1,0,0,0,0,0.221012654459768
"4145","1250","Ec_N",70,5,5,"Ec",18,1,0,0,0,1,0.417540278780587
"4146","1250","Ec_N",70,6,6,"Ec",18,1,0,0,0,1,0.417540278780587
"4147","1250","Ec_N",70,7,7,"Ec",18,1,0,0,0,1,0.417540278780587
"4148","1250","Ec_N",70,8,8,"Ec",22,1,0,1,0,1,0.649603770543311
"4149","1250","Ec_N",70,9,9,"Ec",22,1,0,1,0,1,0.649603770543311
"4150","1250","Ec_N",70,10,10,"Ec",30,1,0,1,1,1,0.981696467924213
"4151","1250","Ec_N",70,11,11,"Ec",30,1,0,1,1,1,0.981696467924213
"4152","1250","Ec_N",70,12,12,"Ec",30,1,0,1,1,1,0.981696467924213
"4153","1250","Ec_N",70,13,13,"Ec",30,1,0,1,1,1,0.981696467924213
"4154","1250","Ec_N",70,14,14,"Ec",30,1,0,1,1,1,0.981696467924213
"4155","1250","Ec_N",70,15,15,"Ec",30,1,0,1,1,1,0.981696467924213
"4156","1250","Ec_N",70,16,16,"Ec",30,1,0,1,1,1,0.981696467924213
"4157","1250","Ec_N",70,17,17,"Ec",30,1,0,1,1,1,0.981696467924213
"4158","1250","Ec_N",70,18,18,"Ec",30,1,0,1,1,1,0.981696467924213
"4159","1250","Ec_N",70,19,19,"Ec",30,1,0,1,1,1,0.981696467924213
"4160","1250","Ec_N",70,20,20,"Ec",30,1,0,1,1,1,0.981696467924213
"4161","1250","Ec_N",70,21,21,"Ec",30,1,0,1,1,1,0.981696467924213
"4162","1250","Ec_N",70,22,22,"Ec",30,1,0,1,1,1,0.981696467924213
"4163","1250","Ec_N",70,23,23,"Ec",30,1,0,1,1,1,0.981696467924213
"4164","1250","Ec_N",70,24,24,"Ec",30,1,0,1,1,1,0.981696467924213
"4165","1250","Ec_N",70,25,25,"Ec",30,1,0,1,1,1,0.981696467924213
"4166","1250","Ec_N",70,26,26,"Ec",30,1,0,1,1,1,0.981696467924213
"4167","1250","Ec_N",70,27,27,"Ec",30,1,0,1,1,1,0.981696467924213
"4168","1250","Ec_N",70,28,28,"Ec",30,1,0,1,1,1,0.981696467924213
"4169","1250","Ec_N",70,29,29,"Ec",30,1,0,1,1,1,0.981696467924213
"4170","1250","Ec_N",70,30,30,"Ec",30,1,0,1,1,1,0.981696467924213
"4171","1250","Ec_N",70,31,31,"Ec",30,1,0,1,1,1,0.981696467924213
"4172","1250","Ec_N",70,32,32,"Ec",30,1,0,1,1,1,0.981696467924213
"4173","1250","Ec_N",70,33,33,"Ec",30,1,0,1,1,1,0.981696467924213
"4174","1250","Ec_N",70,34,34,"Ec",30,1,0,1,1,1,0.981696467924213
"4175","1250","Ec_N",70,35,35,"Ec",30,1,0,1,1,1,0.981696467924213
"4176","1250","Ec_N",70,36,36,"Ec",30,1,0,1,1,1,0.981696467924213
"4177","1250","Ec_N",70,37,37,"Ec",30,1,0,1,1,1,0.981696467924213
"4178","1250","Ec_N",70,38,38,"Ec",30,1,0,1,1,1,0.981696467924213
"4179","1250","Ec_N",70,39,39,"Ec",30,1,0,1,1,1,0.981696467924213
"4180","1250","Ec_N",70,40,40,"Ec",30,1,0,1,1,1,0.981696467924213
"4181","1250","Ec_N",70,41,41,"Ec",30,1,0,1,1,1,0.981696467924213
"4182","1250","Ec_N",70,42,42,"Ec",30,1,0,1,1,1,0.981696467924213
"4183","1250","Ec_N",70,43,43,"Ec",30,1,0,1,1,1,0.981696467924213
"4184","1250","Ec_N",70,44,44,"Ec",30,1,0,1,1,1,0.981696467924213
"4185","1250","Ec_N",70,45,45,"Ec",30,1,0,1,1,1,0.981696467924213
"4186","1250","Ec_N",70,46,46,"Ec",30,1,0,1,1,1,0.981696467924213
"4187","1250","Ec_N",70,47,47,"Ec",30,1,0,1,1,1,0.981696467924213
"4188","1250","Ec_N",70,48,48,"Ec",30,1,0,1,1,1,0.981696467924213
"4189","1250","Ec_N",70,49,49,"Ec",30,1,0,1,1,1,0.981696467924213
"4190","1250","Ec_N",70,50,50,"Ec",30,1,0,1,1,1,0.981696467924213
"4191","1250","Ec_N",70,51,51,"Ec",30,1,0,1,1,1,0.981696467924213
"4192","1250","Ec_N",70,52,52,"Ec",30,1,0,1,1,1,0.981696467924213
"4193","1250","Ec_N",70,53,53,"Ec",30,1,0,1,1,1,0.981696467924213
"4194","1250","Ec_N",70,54,54,"Ec",30,1,0,1,1,1,0.981696467924213
"4195","1250","Ec_N",70,55,55,"Ec",30,1,0,1,1,1,0.981696467924213
"4196","1250","Ec_N",70,56,56,"Ec",30,1,0,1,1,1,0.981696467924213
"4197","1250","Ec_N",70,57,57,"Ec",30,1,0,1,1,1,0.981696467924213
"4198","1250","Ec_N",70,58,58,"Ec",30,1,0,1,1,1,0.981696467924213
"4199","1250","Ec_N",70,59,59,"Ec",30,1,0,1,1,1,0.981696467924213
"4200","1250","Ec_N",70,60,60,"Ec",30,1,0,1,1,1,0.981696467924213
"4201","1250","Ec_N",71,1,1,"Ec",1,0,0,0,0,0,0
"4202","1250","Ec_N",71,2,2,"Ec",1,0,0,0,0,0,0
"4203","1250","Ec_N",71,3,3,"Ec",1,0,0,0,0,0,0
"4204","1250","Ec_N",71,4,4,"Ec",1,0,0,0,0,0,0
"4205","1250","Ec_N",71,5,5,"Ec",5,0,0,1,0,0,0.232063491762724
"4206","1250","Ec_N",71,6,6,"Ec",5,0,0,1,0,0,0.232063491762724
"4207","1250","Ec_N",71,7,7,"Ec",5,0,0,1,0,0,0.232063491762724
"4208","1250","Ec_N",71,8,8,"Ec",5,0,0,1,0,0,0.232063491762724
"4209","1250","Ec_N",71,9,9,"Ec",5,0,0,1,0,0,0.232063491762724
"4210","1250","Ec_N",71,10,10,"Ec",5,0,0,1,0,0,0.232063491762724
"4211","1250","Ec_N",71,11,11,"Ec",13,0,0,1,1,0,0.499809141804299
"4212","1250","Ec_N",71,12,12,"Ec",13,0,0,1,1,0,0.499809141804299
"4213","1250","Ec_N",71,13,13,"Ec",14,1,0,1,1,0,0.720821796264067
"4214","1250","Ec_N",71,14,14,"Ec",14,1,0,1,1,0,0.720821796264067
"4215","1250","Ec_N",71,15,15,"Ec",14,1,0,1,1,0,0.720821796264067
"4216","1250","Ec_N",71,16,16,"Ec",14,1,0,1,1,0,0.720821796264067
"4217","1250","Ec_N",71,17,17,"Ec",14,1,0,1,1,0,0.720821796264067
"4218","1250","Ec_N",71,18,18,"Ec",14,1,0,1,1,0,0.720821796264067
"4219","1250","Ec_N",71,19,19,"Ec",14,1,0,1,1,0,0.720821796264067
"4220","1250","Ec_N",71,20,20,"Ec",14,1,0,1,1,0,0.720821796264067
"4221","1250","Ec_N",71,21,21,"Ec",30,1,0,1,1,1,0.981696467924213
"4222","1250","Ec_N",71,22,22,"Ec",30,1,0,1,1,1,0.981696467924213
"4223","1250","Ec_N",71,23,23,"Ec",30,1,0,1,1,1,0.981696467924213
"4224","1250","Ec_N",71,24,24,"Ec",30,1,0,1,1,1,0.981696467924213
"4225","1250","Ec_N",71,25,25,"Ec",30,1,0,1,1,1,0.981696467924213
"4226","1250","Ec_N",71,26,26,"Ec",30,1,0,1,1,1,0.981696467924213
"4227","1250","Ec_N",71,27,27,"Ec",30,1,0,1,1,1,0.981696467924213
"4228","1250","Ec_N",71,28,28,"Ec",32,1,1,1,1,1,1
"4229","1250","Ec_N",71,29,29,"Ec",32,1,1,1,1,1,1
"4230","1250","Ec_N",71,30,30,"Ec",32,1,1,1,1,1,1
"4231","1250","Ec_N",71,31,31,"Ec",32,1,1,1,1,1,1
"4232","1250","Ec_N",71,32,32,"Ec",32,1,1,1,1,1,1
"4233","1250","Ec_N",71,33,33,"Ec",32,1,1,1,1,1,1
"4234","1250","Ec_N",71,34,34,"Ec",32,1,1,1,1,1,1
"4235","1250","Ec_N",71,35,35,"Ec",32,1,1,1,1,1,1
"4236","1250","Ec_N",71,36,36,"Ec",32,1,1,1,1,1,1
"4237","1250","Ec_N",71,37,37,"Ec",32,1,1,1,1,1,1
"4238","1250","Ec_N",71,38,38,"Ec",32,1,1,1,1,1,1
"4239","1250","Ec_N",71,39,39,"Ec",32,1,1,1,1,1,1
"4240","1250","Ec_N",71,40,40,"Ec",32,1,1,1,1,1,1
"4241","1250","Ec_N",71,41,41,"Ec",32,1,1,1,1,1,1
"4242","1250","Ec_N",71,42,42,"Ec",32,1,1,1,1,1,1
"4243","1250","Ec_N",71,43,43,"Ec",32,1,1,1,1,1,1
"4244","1250","Ec_N",71,44,44,"Ec",32,1,1,1,1,1,1
"4245","1250","Ec_N",71,45,45,"Ec",32,1,1,1,1,1,1
"4246","1250","Ec_N",71,46,46,"Ec",32,1,1,1,1,1,1
"4247","1250","Ec_N",71,47,47,"Ec",32,1,1,1,1,1,1
"4248","1250","Ec_N",71,48,48,"Ec",32,1,1,1,1,1,1
"4249","1250","Ec_N",71,49,49,"Ec",32,1,1,1,1,1,1
"4250","1250","Ec_N",71,50,50,"Ec",32,1,1,1,1,1,1
"4251","1250","Ec_N",71,51,51,"Ec",32,1,1,1,1,1,1
"4252","1250","Ec_N",71,52,52,"Ec",32,1,1,1,1,1,1
"4253","1250","Ec_N",71,53,53,"Ec",32,1,1,1,1,1,1
"4254","1250","Ec_N",71,54,54,"Ec",32,1,1,1,1,1,1
"4255","1250","Ec_N",71,55,55,"Ec",32,1,1,1,1,1,1
"4256","1250","Ec_N",71,56,56,"Ec",32,1,1,1,1,1,1
"4257","1250","Ec_N",71,57,57,"Ec",32,1,1,1,1,1,1
"4258","1250","Ec_N",71,58,58,"Ec",32,1,1,1,1,1,1
"4259","1250","Ec_N",71,59,59,"Ec",32,1,1,1,1,1,1
"4260","1250","Ec_N",71,60,60,"Ec",32,1,1,1,1,1,1
"4261","1250","Ec_N",72,1,1,"Ec",1,0,0,0,0,0,0
"4262","1250","Ec_N",72,2,2,"Ec",1,0,0,0,0,0,0
"4263","1250","Ec_N",72,3,3,"Ec",1,0,0,0,0,0,0
"4264","1250","Ec_N",72,4,4,"Ec",1,0,0,0,0,0,0
"4265","1250","Ec_N",72,5,5,"Ec",1,0,0,0,0,0,0
"4266","1250","Ec_N",72,6,6,"Ec",1,0,0,0,0,0,0
"4267","1250","Ec_N",72,7,7,"Ec",1,0,0,0,0,0,0
"4268","1250","Ec_N",72,8,8,"Ec",1,0,0,0,0,0,0
"4269","1250","Ec_N",72,9,9,"Ec",1,0,0,0,0,0,0
"4270","1250","Ec_N",72,10,10,"Ec",1,0,0,0,0,0,0
"4271","1250","Ec_N",72,11,11,"Ec",3,0,1,0,0,0,0.082650579415114
"4272","1250","Ec_N",72,12,12,"Ec",4,1,1,0,0,0,0.303663233874882
"4273","1250","Ec_N",72,13,13,"Ec",4,1,1,0,0,0,0.303663233874882
"4274","1250","Ec_N",72,14,14,"Ec",4,1,1,0,0,0,0.303663233874882
"4275","1250","Ec_N",72,15,15,"Ec",4,1,1,0,0,0,0.303663233874882
"4276","1250","Ec_N",72,16,16,"Ec",4,1,1,0,0,0,0.303663233874882
"4277","1250","Ec_N",72,17,17,"Ec",4,1,1,0,0,0,0.303663233874882
"4278","1250","Ec_N",72,18,18,"Ec",4,1,1,0,0,0,0.303663233874882
"4279","1250","Ec_N",72,19,19,"Ec",4,1,1,0,0,0,0.303663233874882
"4280","1250","Ec_N",72,20,20,"Ec",4,1,1,0,0,0,0.303663233874882
"4281","1250","Ec_N",72,21,21,"Ec",4,1,1,0,0,0,0.303663233874882
"4282","1250","Ec_N",72,22,22,"Ec",4,1,1,0,0,0,0.303663233874882
"4283","1250","Ec_N",72,23,23,"Ec",4,1,1,0,0,0,0.303663233874882
"4284","1250","Ec_N",72,24,24,"Ec",4,1,1,0,0,0,0.303663233874882
"4285","1250","Ec_N",72,25,25,"Ec",4,1,1,0,0,0,0.303663233874882
"4286","1250","Ec_N",72,26,26,"Ec",4,1,1,0,0,0,0.303663233874882
"4287","1250","Ec_N",72,27,27,"Ec",4,1,1,0,0,0,0.303663233874882
"4288","1250","Ec_N",72,28,28,"Ec",4,1,1,0,0,0,0.303663233874882
"4289","1250","Ec_N",72,29,29,"Ec",4,1,1,0,0,0,0.303663233874882
"4290","1250","Ec_N",72,30,30,"Ec",4,1,1,0,0,0,0.303663233874882
"4291","1250","Ec_N",72,31,31,"Ec",4,1,1,0,0,0,0.303663233874882
"4292","1250","Ec_N",72,32,32,"Ec",4,1,1,0,0,0,0.303663233874882
"4293","1250","Ec_N",72,33,33,"Ec",4,1,1,0,0,0,0.303663233874882
"4294","1250","Ec_N",72,34,34,"Ec",12,1,1,0,1,0,0.552627762799163
"4295","1250","Ec_N",72,35,35,"Ec",12,1,1,0,1,0,0.552627762799163
"4296","1250","Ec_N",72,36,36,"Ec",12,1,1,0,1,0,0.552627762799163
"4297","1250","Ec_N",72,37,37,"Ec",12,1,1,0,1,0,0.552627762799163
"4298","1250","Ec_N",72,38,38,"Ec",28,1,1,0,1,1,0.770762719311211
"4299","1250","Ec_N",72,39,39,"Ec",28,1,1,0,1,1,0.770762719311211
"4300","1250","Ec_N",72,40,40,"Ec",28,1,1,0,1,1,0.770762719311211
"4301","1250","Ec_N",72,41,41,"Ec",28,1,1,0,1,1,0.770762719311211
"4302","1250","Ec_N",72,42,42,"Ec",28,1,1,0,1,1,0.770762719311211
"4303","1250","Ec_N",72,43,43,"Ec",28,1,1,0,1,1,0.770762719311211
"4304","1250","Ec_N",72,44,44,"Ec",28,1,1,0,1,1,0.770762719311211
"4305","1250","Ec_N",72,45,45,"Ec",28,1,1,0,1,1,0.770762719311211
"4306","1250","Ec_N",72,46,46,"Ec",28,1,1,0,1,1,0.770762719311211
"4307","1250","Ec_N",72,47,47,"Ec",28,1,1,0,1,1,0.770762719311211
"4308","1250","Ec_N",72,48,48,"Ec",28,1,1,0,1,1,0.770762719311211
"4309","1250","Ec_N",72,49,49,"Ec",28,1,1,0,1,1,0.770762719311211
"4310","1250","Ec_N",72,50,50,"Ec",28,1,1,0,1,1,0.770762719311211
"4311","1250","Ec_N",72,51,51,"Ec",28,1,1,0,1,1,0.770762719311211
"4312","1250","Ec_N",72,52,52,"Ec",28,1,1,0,1,1,0.770762719311211
"4313","1250","Ec_N",72,53,53,"Ec",28,1,1,0,1,1,0.770762719311211
"4314","1250","Ec_N",72,54,54,"Ec",28,1,1,0,1,1,0.770762719311211
"4315","1250","Ec_N",72,55,55,"Ec",28,1,1,0,1,1,0.770762719311211
"4316","1250","Ec_N",72,56,56,"Ec",28,1,1,0,1,1,0.770762719311211
"4317","1250","Ec_N",72,57,57,"Ec",28,1,1,0,1,1,0.770762719311211
"4318","1250","Ec_N",72,58,58,"Ec",28,1,1,0,1,1,0.770762719311211
"4319","1250","Ec_N",72,59,59,"Ec",32,1,1,1,1,1,1
"4320","1250","Ec_N",72,60,60,"Ec",32,1,1,1,1,1,1
"4321","1250","Ec_N",73,1,1,"Ec",1,0,0,0,0,0,0
"4322","1250","Ec_N",73,2,2,"Ec",1,0,0,0,0,0,0
"4323","1250","Ec_N",73,3,3,"Ec",17,0,0,0,0,1,0.14692246949649
"4324","1250","Ec_N",73,4,4,"Ec",17,0,0,0,0,1,0.14692246949649
"4325","1250","Ec_N",73,5,5,"Ec",25,0,0,0,1,1,0.464273274362394
"4326","1250","Ec_N",73,6,6,"Ec",25,0,0,0,1,1,0.464273274362394
"4327","1250","Ec_N",73,7,7,"Ec",25,0,0,0,1,1,0.464273274362394
"4328","1250","Ec_N",73,8,8,"Ec",25,0,0,0,1,1,0.464273274362394
"4329","1250","Ec_N",73,9,9,"Ec",25,0,0,0,1,1,0.464273274362394
"4330","1250","Ec_N",73,10,10,"Ec",25,0,0,0,1,1,0.464273274362394
"4331","1250","Ec_N",73,11,11,"Ec",25,0,0,0,1,1,0.464273274362394
"4332","1250","Ec_N",73,12,12,"Ec",27,0,1,0,1,1,0.50104458373578
"4333","1250","Ec_N",73,13,13,"Ec",27,0,1,0,1,1,0.50104458373578
"4334","1250","Ec_N",73,14,14,"Ec",27,0,1,0,1,1,0.50104458373578
"4335","1250","Ec_N",73,15,15,"Ec",27,0,1,0,1,1,0.50104458373578
"4336","1250","Ec_N",73,16,16,"Ec",27,0,1,0,1,1,0.50104458373578
"4337","1250","Ec_N",73,17,17,"Ec",27,0,1,0,1,1,0.50104458373578
"4338","1250","Ec_N",73,18,18,"Ec",27,0,1,0,1,1,0.50104458373578
"4339","1250","Ec_N",73,19,19,"Ec",27,0,1,0,1,1,0.50104458373578
"4340","1250","Ec_N",73,20,20,"Ec",27,0,1,0,1,1,0.50104458373578
"4341","1250","Ec_N",73,21,21,"Ec",27,0,1,0,1,1,0.50104458373578
"4342","1250","Ec_N",73,22,22,"Ec",27,0,1,0,1,1,0.50104458373578
"4343","1250","Ec_N",73,23,23,"Ec",27,0,1,0,1,1,0.50104458373578
"4344","1250","Ec_N",73,24,24,"Ec",27,0,1,0,1,1,0.50104458373578
"4345","1250","Ec_N",73,25,25,"Ec",27,0,1,0,1,1,0.50104458373578
"4346","1250","Ec_N",73,26,26,"Ec",27,0,1,0,1,1,0.50104458373578
"4347","1250","Ec_N",73,27,27,"Ec",27,0,1,0,1,1,0.50104458373578
"4348","1250","Ec_N",73,28,28,"Ec",27,0,1,0,1,1,0.50104458373578
"4349","1250","Ec_N",73,29,29,"Ec",27,0,1,0,1,1,0.50104458373578
"4350","1250","Ec_N",73,30,30,"Ec",27,0,1,0,1,1,0.50104458373578
"4351","1250","Ec_N",73,31,31,"Ec",27,0,1,0,1,1,0.50104458373578
"4352","1250","Ec_N",73,32,32,"Ec",27,0,1,0,1,1,0.50104458373578
"4353","1250","Ec_N",73,33,33,"Ec",27,0,1,0,1,1,0.50104458373578
"4354","1250","Ec_N",73,34,34,"Ec",27,0,1,0,1,1,0.50104458373578
"4355","1250","Ec_N",73,35,35,"Ec",27,0,1,0,1,1,0.50104458373578
"4356","1250","Ec_N",73,36,36,"Ec",27,0,1,0,1,1,0.50104458373578
"4357","1250","Ec_N",73,37,37,"Ec",27,0,1,0,1,1,0.50104458373578
"4358","1250","Ec_N",73,38,38,"Ec",27,0,1,0,1,1,0.50104458373578
"4359","1250","Ec_N",73,39,39,"Ec",27,0,1,0,1,1,0.50104458373578
"4360","1250","Ec_N",73,40,40,"Ec",27,0,1,0,1,1,0.50104458373578
"4361","1250","Ec_N",73,41,41,"Ec",27,0,1,0,1,1,0.50104458373578
"4362","1250","Ec_N",73,42,42,"Ec",27,0,1,0,1,1,0.50104458373578
"4363","1250","Ec_N",73,43,43,"Ec",27,0,1,0,1,1,0.50104458373578
"4364","1250","Ec_N",73,44,44,"Ec",27,0,1,0,1,1,0.50104458373578
"4365","1250","Ec_N",73,45,45,"Ec",28,1,1,0,1,1,0.770762719311211
"4366","1250","Ec_N",73,46,46,"Ec",28,1,1,0,1,1,0.770762719311211
"4367","1250","Ec_N",73,47,47,"Ec",28,1,1,0,1,1,0.770762719311211
"4368","1250","Ec_N",73,48,48,"Ec",28,1,1,0,1,1,0.770762719311211
"4369","1250","Ec_N",73,49,49,"Ec",28,1,1,0,1,1,0.770762719311211
"4370","1250","Ec_N",73,50,50,"Ec",28,1,1,0,1,1,0.770762719311211
"4371","1250","Ec_N",73,51,51,"Ec",28,1,1,0,1,1,0.770762719311211
"4372","1250","Ec_N",73,52,52,"Ec",28,1,1,0,1,1,0.770762719311211
"4373","1250","Ec_N",73,53,53,"Ec",28,1,1,0,1,1,0.770762719311211
"4374","1250","Ec_N",73,54,54,"Ec",28,1,1,0,1,1,0.770762719311211
"4375","1250","Ec_N",73,55,55,"Ec",28,1,1,0,1,1,0.770762719311211
"4376","1250","Ec_N",73,56,56,"Ec",28,1,1,0,1,1,0.770762719311211
"4377","1250","Ec_N",73,57,57,"Ec",28,1,1,0,1,1,0.770762719311211
"4378","1250","Ec_N",73,58,58,"Ec",28,1,1,0,1,1,0.770762719311211
"4379","1250","Ec_N",73,59,59,"Ec",28,1,1,0,1,1,0.770762719311211
"4380","1250","Ec_N",73,60,60,"Ec",28,1,1,0,1,1,0.770762719311211
"4381","1250","Ec_N",74,1,1,"Ec",1,0,0,0,0,0,0
"4382","1250","Ec_N",74,2,2,"Ec",1,0,0,0,0,0,0
"4383","1250","Ec_N",74,3,3,"Ec",9,0,0,0,1,0,0.267745650041575
"4384","1250","Ec_N",74,4,4,"Ec",9,0,0,0,1,0,0.267745650041575
"4385","1250","Ec_N",74,5,5,"Ec",9,0,0,0,1,0,0.267745650041575
"4386","1250","Ec_N",74,6,6,"Ec",9,0,0,0,1,0,0.267745650041575
"4387","1250","Ec_N",74,7,7,"Ec",9,0,0,0,1,0,0.267745650041575
"4388","1250","Ec_N",74,8,8,"Ec",10,1,0,0,1,0,0.488758304501343
"4389","1250","Ec_N",74,9,9,"Ec",10,1,0,0,1,0,0.488758304501343
"4390","1250","Ec_N",74,10,10,"Ec",10,1,0,0,1,0,0.488758304501343
"4391","1250","Ec_N",74,11,11,"Ec",10,1,0,0,1,0,0.488758304501343
"4392","1250","Ec_N",74,12,12,"Ec",10,1,0,0,1,0,0.488758304501343
"4393","1250","Ec_N",74,13,13,"Ec",12,1,1,0,1,0,0.552627762799163
"4394","1250","Ec_N",74,14,14,"Ec",12,1,1,0,1,0,0.552627762799163
"4395","1250","Ec_N",74,15,15,"Ec",12,1,1,0,1,0,0.552627762799163
"4396","1250","Ec_N",74,16,16,"Ec",12,1,1,0,1,0,0.552627762799163
"4397","1250","Ec_N",74,17,17,"Ec",12,1,1,0,1,0,0.552627762799163
"4398","1250","Ec_N",74,18,18,"Ec",12,1,1,0,1,0,0.552627762799163
"4399","1250","Ec_N",74,19,19,"Ec",12,1,1,0,1,0,0.552627762799163
"4400","1250","Ec_N",74,20,20,"Ec",12,1,1,0,1,0,0.552627762799163
"4401","1250","Ec_N",74,21,21,"Ec",28,1,1,0,1,1,0.770762719311211
"4402","1250","Ec_N",74,22,22,"Ec",32,1,1,1,1,1,1
"4403","1250","Ec_N",74,23,23,"Ec",32,1,1,1,1,1,1
"4404","1250","Ec_N",74,24,24,"Ec",32,1,1,1,1,1,1
"4405","1250","Ec_N",74,25,25,"Ec",32,1,1,1,1,1,1
"4406","1250","Ec_N",74,26,26,"Ec",32,1,1,1,1,1,1
"4407","1250","Ec_N",74,27,27,"Ec",32,1,1,1,1,1,1
"4408","1250","Ec_N",74,28,28,"Ec",32,1,1,1,1,1,1
"4409","1250","Ec_N",74,29,29,"Ec",32,1,1,1,1,1,1
"4410","1250","Ec_N",74,30,30,"Ec",32,1,1,1,1,1,1
"4411","1250","Ec_N",74,31,31,"Ec",32,1,1,1,1,1,1
"4412","1250","Ec_N",74,32,32,"Ec",32,1,1,1,1,1,1
"4413","1250","Ec_N",74,33,33,"Ec",32,1,1,1,1,1,1
"4414","1250","Ec_N",74,34,34,"Ec",32,1,1,1,1,1,1
"4415","1250","Ec_N",74,35,35,"Ec",32,1,1,1,1,1,1
"4416","1250","Ec_N",74,36,36,"Ec",32,1,1,1,1,1,1
"4417","1250","Ec_N",74,37,37,"Ec",32,1,1,1,1,1,1
"4418","1250","Ec_N",74,38,38,"Ec",32,1,1,1,1,1,1
"4419","1250","Ec_N",74,39,39,"Ec",32,1,1,1,1,1,1
"4420","1250","Ec_N",74,40,40,"Ec",32,1,1,1,1,1,1
"4421","1250","Ec_N",74,41,41,"Ec",32,1,1,1,1,1,1
"4422","1250","Ec_N",74,42,42,"Ec",32,1,1,1,1,1,1
"4423","1250","Ec_N",74,43,43,"Ec",32,1,1,1,1,1,1
"4424","1250","Ec_N",74,44,44,"Ec",32,1,1,1,1,1,1
"4425","1250","Ec_N",74,45,45,"Ec",32,1,1,1,1,1,1
"4426","1250","Ec_N",74,46,46,"Ec",32,1,1,1,1,1,1
"4427","1250","Ec_N",74,47,47,"Ec",32,1,1,1,1,1,1
"4428","1250","Ec_N",74,48,48,"Ec",32,1,1,1,1,1,1
"4429","1250","Ec_N",74,49,49,"Ec",32,1,1,1,1,1,1
"4430","1250","Ec_N",74,50,50,"Ec",32,1,1,1,1,1,1
"4431","1250","Ec_N",74,51,51,"Ec",32,1,1,1,1,1,1
"4432","1250","Ec_N",74,52,52,"Ec",32,1,1,1,1,1,1
"4433","1250","Ec_N",74,53,53,"Ec",32,1,1,1,1,1,1
"4434","1250","Ec_N",74,54,54,"Ec",32,1,1,1,1,1,1
"4435","1250","Ec_N",74,55,55,"Ec",32,1,1,1,1,1,1
"4436","1250","Ec_N",74,56,56,"Ec",32,1,1,1,1,1,1
"4437","1250","Ec_N",74,57,57,"Ec",32,1,1,1,1,1,1
"4438","1250","Ec_N",74,58,58,"Ec",32,1,1,1,1,1,1
"4439","1250","Ec_N",74,59,59,"Ec",32,1,1,1,1,1,1
"4440","1250","Ec_N",74,60,60,"Ec",32,1,1,1,1,1,1
"4441","1250","Ec_N",75,1,1,"Ec",1,0,0,0,0,0,0
"4442","1250","Ec_N",75,2,2,"Ec",1,0,0,0,0,0,0
"4443","1250","Ec_N",75,3,3,"Ec",1,0,0,0,0,0,0
"4444","1250","Ec_N",75,4,4,"Ec",1,0,0,0,0,0,0
"4445","1250","Ec_N",75,5,5,"Ec",3,0,1,0,0,0,0.082650579415114
"4446","1250","Ec_N",75,6,6,"Ec",3,0,1,0,0,0,0.082650579415114
"4447","1250","Ec_N",75,7,7,"Ec",3,0,1,0,0,0,0.082650579415114
"4448","1250","Ec_N",75,8,8,"Ec",3,0,1,0,0,0,0.082650579415114
"4449","1250","Ec_N",75,9,9,"Ec",3,0,1,0,0,0,0.082650579415114
"4450","1250","Ec_N",75,10,10,"Ec",3,0,1,0,0,0,0.082650579415114
"4451","1250","Ec_N",75,11,11,"Ec",19,0,1,0,0,1,0.179678659430889
"4452","1250","Ec_N",75,12,12,"Ec",19,0,1,0,0,1,0.179678659430889
"4453","1250","Ec_N",75,13,13,"Ec",19,0,1,0,0,1,0.179678659430889
"4454","1250","Ec_N",75,14,14,"Ec",19,0,1,0,0,1,0.179678659430889
"4455","1250","Ec_N",75,15,15,"Ec",20,1,1,0,0,1,0.500190858195701
"4456","1250","Ec_N",75,16,16,"Ec",20,1,1,0,0,1,0.500190858195701
"4457","1250","Ec_N",75,17,17,"Ec",20,1,1,0,0,1,0.500190858195701
"4458","1250","Ec_N",75,18,18,"Ec",20,1,1,0,0,1,0.500190858195701
"4459","1250","Ec_N",75,19,19,"Ec",24,1,1,1,0,1,0.732254349958425
"4460","1250","Ec_N",75,20,20,"Ec",24,1,1,1,0,1,0.732254349958425
"4461","1250","Ec_N",75,21,21,"Ec",24,1,1,1,0,1,0.732254349958425
"4462","1250","Ec_N",75,22,22,"Ec",24,1,1,1,0,1,0.732254349958425
"4463","1250","Ec_N",75,23,23,"Ec",32,1,1,1,1,1,1
"4464","1250","Ec_N",75,24,24,"Ec",32,1,1,1,1,1,1
"4465","1250","Ec_N",75,25,25,"Ec",32,1,1,1,1,1,1
"4466","1250","Ec_N",75,26,26,"Ec",32,1,1,1,1,1,1
"4467","1250","Ec_N",75,27,27,"Ec",32,1,1,1,1,1,1
"4468","1250","Ec_N",75,28,28,"Ec",32,1,1,1,1,1,1
"4469","1250","Ec_N",75,29,29,"Ec",32,1,1,1,1,1,1
"4470","1250","Ec_N",75,30,30,"Ec",32,1,1,1,1,1,1
"4471","1250","Ec_N",75,31,31,"Ec",32,1,1,1,1,1,1
"4472","1250","Ec_N",75,32,32,"Ec",32,1,1,1,1,1,1
"4473","1250","Ec_N",75,33,33,"Ec",32,1,1,1,1,1,1
"4474","1250","Ec_N",75,34,34,"Ec",32,1,1,1,1,1,1
"4475","1250","Ec_N",75,35,35,"Ec",32,1,1,1,1,1,1
"4476","1250","Ec_N",75,36,36,"Ec",32,1,1,1,1,1,1
"4477","1250","Ec_N",75,37,37,"Ec",32,1,1,1,1,1,1
"4478","1250","Ec_N",75,38,38,"Ec",32,1,1,1,1,1,1
"4479","1250","Ec_N",75,39,39,"Ec",32,1,1,1,1,1,1
"4480","1250","Ec_N",75,40,40,"Ec",32,1,1,1,1,1,1
"4481","1250","Ec_N",75,41,41,"Ec",32,1,1,1,1,1,1
"4482","1250","Ec_N",75,42,42,"Ec",32,1,1,1,1,1,1
"4483","1250","Ec_N",75,43,43,"Ec",32,1,1,1,1,1,1
"4484","1250","Ec_N",75,44,44,"Ec",32,1,1,1,1,1,1
"4485","1250","Ec_N",75,45,45,"Ec",32,1,1,1,1,1,1
"4486","1250","Ec_N",75,46,46,"Ec",32,1,1,1,1,1,1
"4487","1250","Ec_N",75,47,47,"Ec",32,1,1,1,1,1,1
"4488","1250","Ec_N",75,48,48,"Ec",32,1,1,1,1,1,1
"4489","1250","Ec_N",75,49,49,"Ec",32,1,1,1,1,1,1
"4490","1250","Ec_N",75,50,50,"Ec",32,1,1,1,1,1,1
"4491","1250","Ec_N",75,51,51,"Ec",32,1,1,1,1,1,1
"4492","1250","Ec_N",75,52,52,"Ec",32,1,1,1,1,1,1
"4493","1250","Ec_N",75,53,53,"Ec",32,1,1,1,1,1,1
"4494","1250","Ec_N",75,54,54,"Ec",32,1,1,1,1,1,1
"4495","1250","Ec_N",75,55,55,"Ec",32,1,1,1,1,1,1
"4496","1250","Ec_N",75,56,56,"Ec",32,1,1,1,1,1,1
"4497","1250","Ec_N",75,57,57,"Ec",32,1,1,1,1,1,1
"4498","1250","Ec_N",75,58,58,"Ec",32,1,1,1,1,1,1
"4499","1250","Ec_N",75,59,59,"Ec",32,1,1,1,1,1,1
"4500","1250","Ec_N",75,60,60,"Ec",32,1,1,1,1,1,1
"4501","1250","Ec_N",76,1,1,"Ec",1,0,0,0,0,0,0
"4502","1250","Ec_N",76,2,2,"Ec",3,0,1,0,0,0,0.082650579415114
"4503","1250","Ec_N",76,3,3,"Ec",11,0,1,0,1,0,0.168832555215222
"4504","1250","Ec_N",76,4,4,"Ec",11,0,1,0,1,0,0.168832555215222
"4505","1250","Ec_N",76,5,5,"Ec",11,0,1,0,1,0,0.168832555215222
"4506","1250","Ec_N",76,6,6,"Ec",11,0,1,0,1,0,0.168832555215222
"4507","1250","Ec_N",76,7,7,"Ec",9,0,0,0,1,0,0.267745650041575
"4508","1250","Ec_N",76,8,8,"Ec",10,1,0,0,1,0,0.488758304501343
"4509","1250","Ec_N",76,9,9,"Ec",10,1,0,0,1,0,0.488758304501343
"4510","1250","Ec_N",76,10,10,"Ec",26,1,0,0,1,1,0.685285928822162
"4511","1250","Ec_N",76,11,11,"Ec",26,1,0,0,1,1,0.685285928822162
"4512","1250","Ec_N",76,12,12,"Ec",26,1,0,0,1,1,0.685285928822162
"4513","1250","Ec_N",76,13,13,"Ec",26,1,0,0,1,1,0.685285928822162
"4514","1250","Ec_N",76,14,14,"Ec",26,1,0,0,1,1,0.685285928822162
"4515","1250","Ec_N",76,15,15,"Ec",26,1,0,0,1,1,0.685285928822162
"4516","1250","Ec_N",76,16,16,"Ec",26,1,0,0,1,1,0.685285928822162
"4517","1250","Ec_N",76,17,17,"Ec",26,1,0,0,1,1,0.685285928822162
"4518","1250","Ec_N",76,18,18,"Ec",28,1,1,0,1,1,0.770762719311211
"4519","1250","Ec_N",76,19,19,"Ec",28,1,1,0,1,1,0.770762719311211
"4520","1250","Ec_N",76,20,20,"Ec",28,1,1,0,1,1,0.770762719311211
"4521","1250","Ec_N",76,21,21,"Ec",28,1,1,0,1,1,0.770762719311211
"4522","1250","Ec_N",76,22,22,"Ec",32,1,1,1,1,1,1
"4523","1250","Ec_N",76,23,23,"Ec",32,1,1,1,1,1,1
"4524","1250","Ec_N",76,24,24,"Ec",32,1,1,1,1,1,1
"4525","1250","Ec_N",76,25,25,"Ec",32,1,1,1,1,1,1
"4526","1250","Ec_N",76,26,26,"Ec",32,1,1,1,1,1,1
"4527","1250","Ec_N",76,27,27,"Ec",32,1,1,1,1,1,1
"4528","1250","Ec_N",76,28,28,"Ec",32,1,1,1,1,1,1
"4529","1250","Ec_N",76,29,29,"Ec",32,1,1,1,1,1,1
"4530","1250","Ec_N",76,30,30,"Ec",32,1,1,1,1,1,1
"4531","1250","Ec_N",76,31,31,"Ec",32,1,1,1,1,1,1
"4532","1250","Ec_N",76,32,32,"Ec",32,1,1,1,1,1,1
"4533","1250","Ec_N",76,33,33,"Ec",32,1,1,1,1,1,1
"4534","1250","Ec_N",76,34,34,"Ec",32,1,1,1,1,1,1
"4535","1250","Ec_N",76,35,35,"Ec",32,1,1,1,1,1,1
"4536","1250","Ec_N",76,36,36,"Ec",32,1,1,1,1,1,1
"4537","1250","Ec_N",76,37,37,"Ec",32,1,1,1,1,1,1
"4538","1250","Ec_N",76,38,38,"Ec",32,1,1,1,1,1,1
"4539","1250","Ec_N",76,39,39,"Ec",32,1,1,1,1,1,1
"4540","1250","Ec_N",76,40,40,"Ec",32,1,1,1,1,1,1
"4541","1250","Ec_N",76,41,41,"Ec",32,1,1,1,1,1,1
"4542","1250","Ec_N",76,42,42,"Ec",32,1,1,1,1,1,1
"4543","1250","Ec_N",76,43,43,"Ec",32,1,1,1,1,1,1
"4544","1250","Ec_N",76,44,44,"Ec",32,1,1,1,1,1,1
"4545","1250","Ec_N",76,45,45,"Ec",32,1,1,1,1,1,1
"4546","1250","Ec_N",76,46,46,"Ec",32,1,1,1,1,1,1
"4547","1250","Ec_N",76,47,47,"Ec",32,1,1,1,1,1,1
"4548","1250","Ec_N",76,48,48,"Ec",32,1,1,1,1,1,1
"4549","1250","Ec_N",76,49,49,"Ec",32,1,1,1,1,1,1
"4550","1250","Ec_N",76,50,50,"Ec",32,1,1,1,1,1,1
"4551","1250","Ec_N",76,51,51,"Ec",32,1,1,1,1,1,1
"4552","1250","Ec_N",76,52,52,"Ec",32,1,1,1,1,1,1
"4553","1250","Ec_N",76,53,53,"Ec",32,1,1,1,1,1,1
"4554","1250","Ec_N",76,54,54,"Ec",32,1,1,1,1,1,1
"4555","1250","Ec_N",76,55,55,"Ec",32,1,1,1,1,1,1
"4556","1250","Ec_N",76,56,56,"Ec",32,1,1,1,1,1,1
"4557","1250","Ec_N",76,57,57,"Ec",32,1,1,1,1,1,1
"4558","1250","Ec_N",76,58,58,"Ec",32,1,1,1,1,1,1
"4559","1250","Ec_N",76,59,59,"Ec",32,1,1,1,1,1,1
"4560","1250","Ec_N",76,60,60,"Ec",32,1,1,1,1,1,1
"4561","1250","Ec_N",77,1,1,"Ec",1,0,0,0,0,0,0
"4562","1250","Ec_N",77,2,2,"Ec",5,0,0,1,0,0,0.232063491762724
"4563","1250","Ec_N",77,3,3,"Ec",7,0,1,1,0,0,0.314714071177838
"4564","1250","Ec_N",77,4,4,"Ec",7,0,1,1,0,0,0.314714071177838
"4565","1250","Ec_N",77,5,5,"Ec",7,0,1,1,0,0,0.314714071177838
"4566","1250","Ec_N",77,6,6,"Ec",7,0,1,1,0,0,0.314714071177838
"4567","1250","Ec_N",77,7,7,"Ec",7,0,1,1,0,0,0.314714071177838
"4568","1250","Ec_N",77,8,8,"Ec",7,0,1,1,0,0,0.314714071177838
"4569","1250","Ec_N",77,9,9,"Ec",8,1,1,1,0,0,0.440600849145421
"4570","1250","Ec_N",77,10,10,"Ec",24,1,1,1,0,1,0.732254349958425
"4571","1250","Ec_N",77,11,11,"Ec",24,1,1,1,0,1,0.732254349958425
"4572","1250","Ec_N",77,12,12,"Ec",24,1,1,1,0,1,0.732254349958425
"4573","1250","Ec_N",77,13,13,"Ec",24,1,1,1,0,1,0.732254349958425
"4574","1250","Ec_N",77,14,14,"Ec",24,1,1,1,0,1,0.732254349958425
"4575","1250","Ec_N",77,15,15,"Ec",24,1,1,1,0,1,0.732254349958425
"4576","1250","Ec_N",77,16,16,"Ec",24,1,1,1,0,1,0.732254349958425
"4577","1250","Ec_N",77,17,17,"Ec",24,1,1,1,0,1,0.732254349958425
"4578","1250","Ec_N",77,18,18,"Ec",24,1,1,1,0,1,0.732254349958425
"4579","1250","Ec_N",77,19,19,"Ec",24,1,1,1,0,1,0.732254349958425
"4580","1250","Ec_N",77,20,20,"Ec",24,1,1,1,0,1,0.732254349958425
"4581","1250","Ec_N",77,21,21,"Ec",24,1,1,1,0,1,0.732254349958425
"4582","1250","Ec_N",77,22,22,"Ec",24,1,1,1,0,1,0.732254349958425
"4583","1250","Ec_N",77,23,23,"Ec",24,1,1,1,0,1,0.732254349958425
"4584","1250","Ec_N",77,24,24,"Ec",24,1,1,1,0,1,0.732254349958425
"4585","1250","Ec_N",77,25,25,"Ec",32,1,1,1,1,1,1
"4586","1250","Ec_N",77,26,26,"Ec",32,1,1,1,1,1,1
"4587","1250","Ec_N",77,27,27,"Ec",32,1,1,1,1,1,1
"4588","1250","Ec_N",77,28,28,"Ec",32,1,1,1,1,1,1
"4589","1250","Ec_N",77,29,29,"Ec",32,1,1,1,1,1,1
"4590","1250","Ec_N",77,30,30,"Ec",32,1,1,1,1,1,1
"4591","1250","Ec_N",77,31,31,"Ec",32,1,1,1,1,1,1
"4592","1250","Ec_N",77,32,32,"Ec",32,1,1,1,1,1,1
"4593","1250","Ec_N",77,33,33,"Ec",32,1,1,1,1,1,1
"4594","1250","Ec_N",77,34,34,"Ec",32,1,1,1,1,1,1
"4595","1250","Ec_N",77,35,35,"Ec",32,1,1,1,1,1,1
"4596","1250","Ec_N",77,36,36,"Ec",32,1,1,1,1,1,1
"4597","1250","Ec_N",77,37,37,"Ec",32,1,1,1,1,1,1
"4598","1250","Ec_N",77,38,38,"Ec",32,1,1,1,1,1,1
"4599","1250","Ec_N",77,39,39,"Ec",32,1,1,1,1,1,1
"4600","1250","Ec_N",77,40,40,"Ec",32,1,1,1,1,1,1
"4601","1250","Ec_N",77,41,41,"Ec",32,1,1,1,1,1,1
"4602","1250","Ec_N",77,42,42,"Ec",32,1,1,1,1,1,1
"4603","1250","Ec_N",77,43,43,"Ec",32,1,1,1,1,1,1
"4604","1250","Ec_N",77,44,44,"Ec",32,1,1,1,1,1,1
"4605","1250","Ec_N",77,45,45,"Ec",32,1,1,1,1,1,1
"4606","1250","Ec_N",77,46,46,"Ec",32,1,1,1,1,1,1
"4607","1250","Ec_N",77,47,47,"Ec",32,1,1,1,1,1,1
"4608","1250","Ec_N",77,48,48,"Ec",32,1,1,1,1,1,1
"4609","1250","Ec_N",77,49,49,"Ec",32,1,1,1,1,1,1
"4610","1250","Ec_N",77,50,50,"Ec",32,1,1,1,1,1,1
"4611","1250","Ec_N",77,51,51,"Ec",32,1,1,1,1,1,1
"4612","1250","Ec_N",77,52,52,"Ec",32,1,1,1,1,1,1
"4613","1250","Ec_N",77,53,53,"Ec",32,1,1,1,1,1,1
"4614","1250","Ec_N",77,54,54,"Ec",32,1,1,1,1,1,1
"4615","1250","Ec_N",77,55,55,"Ec",32,1,1,1,1,1,1
"4616","1250","Ec_N",77,56,56,"Ec",32,1,1,1,1,1,1
"4617","1250","Ec_N",77,57,57,"Ec",32,1,1,1,1,1,1
"4618","1250","Ec_N",77,58,58,"Ec",32,1,1,1,1,1,1
"4619","1250","Ec_N",77,59,59,"Ec",32,1,1,1,1,1,1
"4620","1250","Ec_N",77,60,60,"Ec",32,1,1,1,1,1,1
"4621","1250","Ec_N",78,1,1,"Ec",1,0,0,0,0,0,0
"4622","1250","Ec_N",78,2,2,"Ec",1,0,0,0,0,0,0
"4623","1250","Ec_N",78,3,3,"Ec",9,0,0,0,1,0,0.267745650041575
"4624","1250","Ec_N",78,4,4,"Ec",9,0,0,0,1,0,0.267745650041575
"4625","1250","Ec_N",78,5,5,"Ec",9,0,0,0,1,0,0.267745650041575
"4626","1250","Ec_N",78,6,6,"Ec",9,0,0,0,1,0,0.267745650041575
"4627","1250","Ec_N",78,7,7,"Ec",9,0,0,0,1,0,0.267745650041575
"4628","1250","Ec_N",78,8,8,"Ec",9,0,0,0,1,0,0.267745650041575
"4629","1250","Ec_N",78,9,9,"Ec",13,0,0,1,1,0,0.499809141804299
"4630","1250","Ec_N",78,10,10,"Ec",13,0,0,1,1,0,0.499809141804299
"4631","1250","Ec_N",78,11,11,"Ec",13,0,0,1,1,0,0.499809141804299
"4632","1250","Ec_N",78,12,12,"Ec",13,0,0,1,1,0,0.499809141804299
"4633","1250","Ec_N",78,13,13,"Ec",13,0,0,1,1,0,0.499809141804299
"4634","1250","Ec_N",78,14,14,"Ec",13,0,0,1,1,0,0.499809141804299
"4635","1250","Ec_N",78,15,15,"Ec",13,0,0,1,1,0,0.499809141804299
"4636","1250","Ec_N",78,16,16,"Ec",13,0,0,1,1,0,0.499809141804299
"4637","1250","Ec_N",78,17,17,"Ec",13,0,0,1,1,0,0.499809141804299
"4638","1250","Ec_N",78,18,18,"Ec",13,0,0,1,1,0,0.499809141804299
"4639","1250","Ec_N",78,19,19,"Ec",13,0,0,1,1,0,0.499809141804299
"4640","1250","Ec_N",78,20,20,"Ec",14,1,0,1,1,0,0.720821796264067
"4641","1250","Ec_N",78,21,21,"Ec",14,1,0,1,1,0,0.720821796264067
"4642","1250","Ec_N",78,22,22,"Ec",14,1,0,1,1,0,0.720821796264067
"4643","1250","Ec_N",78,23,23,"Ec",14,1,0,1,1,0,0.720821796264067
"4644","1250","Ec_N",78,24,24,"Ec",14,1,0,1,1,0,0.720821796264067
"4645","1250","Ec_N",78,25,25,"Ec",14,1,0,1,1,0,0.720821796264067
"4646","1250","Ec_N",78,26,26,"Ec",16,1,1,1,1,0,0.879284144928883
"4647","1250","Ec_N",78,27,27,"Ec",16,1,1,1,1,0,0.879284144928883
"4648","1250","Ec_N",78,28,28,"Ec",16,1,1,1,1,0,0.879284144928883
"4649","1250","Ec_N",78,29,29,"Ec",16,1,1,1,1,0,0.879284144928883
"4650","1250","Ec_N",78,30,30,"Ec",16,1,1,1,1,0,0.879284144928883
"4651","1250","Ec_N",78,31,31,"Ec",16,1,1,1,1,0,0.879284144928883
"4652","1250","Ec_N",78,32,32,"Ec",16,1,1,1,1,0,0.879284144928883
"4653","1250","Ec_N",78,33,33,"Ec",16,1,1,1,1,0,0.879284144928883
"4654","1250","Ec_N",78,34,34,"Ec",16,1,1,1,1,0,0.879284144928883
"4655","1250","Ec_N",78,35,35,"Ec",16,1,1,1,1,0,0.879284144928883
"4656","1250","Ec_N",78,36,36,"Ec",16,1,1,1,1,0,0.879284144928883
"4657","1250","Ec_N",78,37,37,"Ec",16,1,1,1,1,0,0.879284144928883
"4658","1250","Ec_N",78,38,38,"Ec",16,1,1,1,1,0,0.879284144928883
"4659","1250","Ec_N",78,39,39,"Ec",16,1,1,1,1,0,0.879284144928883
"4660","1250","Ec_N",78,40,40,"Ec",16,1,1,1,1,0,0.879284144928883
"4661","1250","Ec_N",78,41,41,"Ec",16,1,1,1,1,0,0.879284144928883
"4662","1250","Ec_N",78,42,42,"Ec",16,1,1,1,1,0,0.879284144928883
"4663","1250","Ec_N",78,43,43,"Ec",32,1,1,1,1,1,1
"4664","1250","Ec_N",78,44,44,"Ec",32,1,1,1,1,1,1
"4665","1250","Ec_N",78,45,45,"Ec",32,1,1,1,1,1,1
"4666","1250","Ec_N",78,46,46,"Ec",32,1,1,1,1,1,1
"4667","1250","Ec_N",78,47,47,"Ec",32,1,1,1,1,1,1
"4668","1250","Ec_N",78,48,48,"Ec",32,1,1,1,1,1,1
"4669","1250","Ec_N",78,49,49,"Ec",32,1,1,1,1,1,1
"4670","1250","Ec_N",78,50,50,"Ec",32,1,1,1,1,1,1
"4671","1250","Ec_N",78,51,51,"Ec",32,1,1,1,1,1,1
"4672","1250","Ec_N",78,52,52,"Ec",32,1,1,1,1,1,1
"4673","1250","Ec_N",78,53,53,"Ec",32,1,1,1,1,1,1
"4674","1250","Ec_N",78,54,54,"Ec",32,1,1,1,1,1,1
"4675","1250","Ec_N",78,55,55,"Ec",32,1,1,1,1,1,1
"4676","1250","Ec_N",78,56,56,"Ec",32,1,1,1,1,1,1
"4677","1250","Ec_N",78,57,57,"Ec",32,1,1,1,1,1,1
"4678","1250","Ec_N",78,58,58,"Ec",32,1,1,1,1,1,1
"4679","1250","Ec_N",78,59,59,"Ec",32,1,1,1,1,1,1
"4680","1250","Ec_N",78,60,60,"Ec",32,1,1,1,1,1,1
"4681","1250","Ec_N",79,1,1,"Ec",1,0,0,0,0,0,0
"4682","1250","Ec_N",79,2,2,"Ec",1,0,0,0,0,0,0
"4683","1250","Ec_N",79,3,3,"Ec",1,0,0,0,0,0,0
"4684","1250","Ec_N",79,4,4,"Ec",1,0,0,0,0,0,0
"4685","1250","Ec_N",79,5,5,"Ec",1,0,0,0,0,0,0
"4686","1250","Ec_N",79,6,6,"Ec",1,0,0,0,0,0,0
"4687","1250","Ec_N",79,7,7,"Ec",1,0,0,0,0,0,0
"4688","1250","Ec_N",79,8,8,"Ec",1,0,0,0,0,0,0
"4689","1250","Ec_N",79,9,9,"Ec",1,0,0,0,0,0,0
"4690","1250","Ec_N",79,10,10,"Ec",1,0,0,0,0,0,0
"4691","1250","Ec_N",79,11,11,"Ec",9,0,0,0,1,0,0.267745650041575
"4692","1250","Ec_N",79,12,12,"Ec",9,0,0,0,1,0,0.267745650041575
"4693","1250","Ec_N",79,13,13,"Ec",13,0,0,1,1,0,0.499809141804299
"4694","1250","Ec_N",79,14,14,"Ec",13,0,0,1,1,0,0.499809141804299
"4695","1250","Ec_N",79,15,15,"Ec",13,0,0,1,1,0,0.499809141804299
"4696","1250","Ec_N",79,16,16,"Ec",13,0,0,1,1,0,0.499809141804299
"4697","1250","Ec_N",79,17,17,"Ec",13,0,0,1,1,0,0.499809141804299
"4698","1250","Ec_N",79,18,18,"Ec",13,0,0,1,1,0,0.499809141804299
"4699","1250","Ec_N",79,19,19,"Ec",13,0,0,1,1,0,0.499809141804299
"4700","1250","Ec_N",79,20,20,"Ec",13,0,0,1,1,0,0.499809141804299
"4701","1250","Ec_N",79,21,21,"Ec",13,0,0,1,1,0,0.499809141804299
"4702","1250","Ec_N",79,22,22,"Ec",13,0,0,1,1,0,0.499809141804299
"4703","1250","Ec_N",79,23,23,"Ec",13,0,0,1,1,0,0.499809141804299
"4704","1250","Ec_N",79,24,24,"Ec",13,0,0,1,1,0,0.499809141804299
"4705","1250","Ec_N",79,25,25,"Ec",13,0,0,1,1,0,0.499809141804299
"4706","1250","Ec_N",79,26,26,"Ec",13,0,0,1,1,0,0.499809141804299
"4707","1250","Ec_N",79,27,27,"Ec",13,0,0,1,1,0,0.499809141804299
"4708","1250","Ec_N",79,28,28,"Ec",15,0,1,1,1,0,0.582459721219413
"4709","1250","Ec_N",79,29,29,"Ec",15,0,1,1,1,0,0.582459721219413
"4710","1250","Ec_N",79,30,30,"Ec",15,0,1,1,1,0,0.582459721219413
"4711","1250","Ec_N",79,31,31,"Ec",15,0,1,1,1,0,0.582459721219413
"4712","1250","Ec_N",79,32,32,"Ec",15,0,1,1,1,0,0.582459721219413
"4713","1250","Ec_N",79,33,33,"Ec",15,0,1,1,1,0,0.582459721219413
"4714","1250","Ec_N",79,34,34,"Ec",15,0,1,1,1,0,0.582459721219413
"4715","1250","Ec_N",79,35,35,"Ec",15,0,1,1,1,0,0.582459721219413
"4716","1250","Ec_N",79,36,36,"Ec",15,0,1,1,1,0,0.582459721219413
"4717","1250","Ec_N",79,37,37,"Ec",31,0,1,1,1,1,0.778987345540232
"4718","1250","Ec_N",79,38,38,"Ec",31,0,1,1,1,1,0.778987345540232
"4719","1250","Ec_N",79,39,39,"Ec",31,0,1,1,1,1,0.778987345540232
"4720","1250","Ec_N",79,40,40,"Ec",31,0,1,1,1,1,0.778987345540232
"4721","1250","Ec_N",79,41,41,"Ec",31,0,1,1,1,1,0.778987345540232
"4722","1250","Ec_N",79,42,42,"Ec",31,0,1,1,1,1,0.778987345540232
"4723","1250","Ec_N",79,43,43,"Ec",31,0,1,1,1,1,0.778987345540232
"4724","1250","Ec_N",79,44,44,"Ec",32,1,1,1,1,1,1
"4725","1250","Ec_N",79,45,45,"Ec",32,1,1,1,1,1,1
"4726","1250","Ec_N",79,46,46,"Ec",32,1,1,1,1,1,1
"4727","1250","Ec_N",79,47,47,"Ec",32,1,1,1,1,1,1
"4728","1250","Ec_N",79,48,48,"Ec",32,1,1,1,1,1,1
"4729","1250","Ec_N",79,49,49,"Ec",32,1,1,1,1,1,1
"4730","1250","Ec_N",79,50,50,"Ec",32,1,1,1,1,1,1
"4731","1250","Ec_N",79,51,51,"Ec",32,1,1,1,1,1,1
"4732","1250","Ec_N",79,52,52,"Ec",32,1,1,1,1,1,1
"4733","1250","Ec_N",79,53,53,"Ec",32,1,1,1,1,1,1
"4734","1250","Ec_N",79,54,54,"Ec",32,1,1,1,1,1,1
"4735","1250","Ec_N",79,55,55,"Ec",32,1,1,1,1,1,1
"4736","1250","Ec_N",79,56,56,"Ec",32,1,1,1,1,1,1
"4737","1250","Ec_N",79,57,57,"Ec",32,1,1,1,1,1,1
"4738","1250","Ec_N",79,58,58,"Ec",32,1,1,1,1,1,1
"4739","1250","Ec_N",79,59,59,"Ec",32,1,1,1,1,1,1
"4740","1250","Ec_N",79,60,60,"Ec",32,1,1,1,1,1,1
"4741","1250","Ec_N",80,1,1,"Ec",1,0,0,0,0,0,0
"4742","1250","Ec_N",80,2,2,"Ec",1,0,0,0,0,0,0
"4743","1250","Ec_N",80,3,3,"Ec",1,0,0,0,0,0,0
"4744","1250","Ec_N",80,4,4,"Ec",1,0,0,0,0,0,0
"4745","1250","Ec_N",80,5,5,"Ec",1,0,0,0,0,0,0
"4746","1250","Ec_N",80,6,6,"Ec",1,0,0,0,0,0,0
"4747","1250","Ec_N",80,7,7,"Ec",1,0,0,0,0,0,0
"4748","1250","Ec_N",80,8,8,"Ec",3,0,1,0,0,0,0.082650579415114
"4749","1250","Ec_N",80,9,9,"Ec",3,0,1,0,0,0,0.082650579415114
"4750","1250","Ec_N",80,10,10,"Ec",4,1,1,0,0,0,0.303663233874882
"4751","1250","Ec_N",80,11,11,"Ec",4,1,1,0,0,0,0.303663233874882
"4752","1250","Ec_N",80,12,12,"Ec",4,1,1,0,0,0,0.303663233874882
"4753","1250","Ec_N",80,13,13,"Ec",4,1,1,0,0,0,0.303663233874882
"4754","1250","Ec_N",80,14,14,"Ec",4,1,1,0,0,0,0.303663233874882
"4755","1250","Ec_N",80,15,15,"Ec",4,1,1,0,0,0,0.303663233874882
"4756","1250","Ec_N",80,16,16,"Ec",4,1,1,0,0,0,0.303663233874882
"4757","1250","Ec_N",80,17,17,"Ec",4,1,1,0,0,0,0.303663233874882
"4758","1250","Ec_N",80,18,18,"Ec",4,1,1,0,0,0,0.303663233874882
"4759","1250","Ec_N",80,19,19,"Ec",4,1,1,0,0,0,0.303663233874882
"4760","1250","Ec_N",80,20,20,"Ec",4,1,1,0,0,0,0.303663233874882
"4761","1250","Ec_N",80,21,21,"Ec",8,1,1,1,0,0,0.440600849145421
"4762","1250","Ec_N",80,22,22,"Ec",8,1,1,1,0,0,0.440600849145421
"4763","1250","Ec_N",80,23,23,"Ec",8,1,1,1,0,0,0.440600849145421
"4764","1250","Ec_N",80,24,24,"Ec",8,1,1,1,0,0,0.440600849145421
"4765","1250","Ec_N",80,25,25,"Ec",8,1,1,1,0,0,0.440600849145421
"4766","1250","Ec_N",80,26,26,"Ec",8,1,1,1,0,0,0.440600849145421
"4767","1250","Ec_N",80,27,27,"Ec",8,1,1,1,0,0,0.440600849145421
"4768","1250","Ec_N",80,28,28,"Ec",8,1,1,1,0,0,0.440600849145421
"4769","1250","Ec_N",80,29,29,"Ec",8,1,1,1,0,0,0.440600849145421
"4770","1250","Ec_N",80,30,30,"Ec",6,1,0,1,0,0,0.453076146222492
"4771","1250","Ec_N",80,31,31,"Ec",6,1,0,1,0,0,0.453076146222492
"4772","1250","Ec_N",80,32,32,"Ec",6,1,0,1,0,0,0.453076146222492
"4773","1250","Ec_N",80,33,33,"Ec",6,1,0,1,0,0,0.453076146222492
"4774","1250","Ec_N",80,34,34,"Ec",6,1,0,1,0,0,0.453076146222492
"4775","1250","Ec_N",80,35,35,"Ec",6,1,0,1,0,0,0.453076146222492
"4776","1250","Ec_N",80,36,36,"Ec",6,1,0,1,0,0,0.453076146222492
"4777","1250","Ec_N",80,37,37,"Ec",6,1,0,1,0,0,0.453076146222492
"4778","1250","Ec_N",80,38,38,"Ec",6,1,0,1,0,0,0.453076146222492
"4779","1250","Ec_N",80,39,39,"Ec",6,1,0,1,0,0,0.453076146222492
"4780","1250","Ec_N",80,40,40,"Ec",6,1,0,1,0,0,0.453076146222492
"4781","1250","Ec_N",80,41,41,"Ec",6,1,0,1,0,0,0.453076146222492
"4782","1250","Ec_N",80,42,42,"Ec",6,1,0,1,0,0,0.453076146222492
"4783","1250","Ec_N",80,43,43,"Ec",6,1,0,1,0,0,0.453076146222492
"4784","1250","Ec_N",80,44,44,"Ec",6,1,0,1,0,0,0.453076146222492
"4785","1250","Ec_N",80,45,45,"Ec",6,1,0,1,0,0,0.453076146222492
"4786","1250","Ec_N",80,46,46,"Ec",22,1,0,1,0,1,0.649603770543311
"4787","1250","Ec_N",80,47,47,"Ec",22,1,0,1,0,1,0.649603770543311
"4788","1250","Ec_N",80,48,48,"Ec",24,1,1,1,0,1,0.732254349958425
"4789","1250","Ec_N",80,49,49,"Ec",24,1,1,1,0,1,0.732254349958425
"4790","1250","Ec_N",80,50,50,"Ec",24,1,1,1,0,1,0.732254349958425
"4791","1250","Ec_N",80,51,51,"Ec",24,1,1,1,0,1,0.732254349958425
"4792","1250","Ec_N",80,52,52,"Ec",24,1,1,1,0,1,0.732254349958425
"4793","1250","Ec_N",80,53,53,"Ec",24,1,1,1,0,1,0.732254349958425
"4794","1250","Ec_N",80,54,54,"Ec",24,1,1,1,0,1,0.732254349958425
"4795","1250","Ec_N",80,55,55,"Ec",24,1,1,1,0,1,0.732254349958425
"4796","1250","Ec_N",80,56,56,"Ec",24,1,1,1,0,1,0.732254349958425
"4797","1250","Ec_N",80,57,57,"Ec",24,1,1,1,0,1,0.732254349958425
"4798","1250","Ec_N",80,58,58,"Ec",24,1,1,1,0,1,0.732254349958425
"4799","1250","Ec_N",80,59,59,"Ec",24,1,1,1,0,1,0.732254349958425
"4800","1250","Ec_N",80,60,60,"Ec",24,1,1,1,0,1,0.732254349958425
"4801","1250","Ec_N",81,1,1,"Ec",1,0,0,0,0,0,0
"4802","1250","Ec_N",81,2,2,"Ec",1,0,0,0,0,0,0
"4803","1250","Ec_N",81,3,3,"Ec",1,0,0,0,0,0,0
"4804","1250","Ec_N",81,4,4,"Ec",1,0,0,0,0,0,0
"4805","1250","Ec_N",81,5,5,"Ec",1,0,0,0,0,0,0
"4806","1250","Ec_N",81,6,6,"Ec",17,0,0,0,0,1,0.14692246949649
"4807","1250","Ec_N",81,7,7,"Ec",17,0,0,0,0,1,0.14692246949649
"4808","1250","Ec_N",81,8,8,"Ec",17,0,0,0,0,1,0.14692246949649
"4809","1250","Ec_N",81,9,9,"Ec",25,0,0,0,1,1,0.464273274362394
"4810","1250","Ec_N",81,10,10,"Ec",25,0,0,0,1,1,0.464273274362394
"4811","1250","Ec_N",81,11,11,"Ec",26,1,0,0,1,1,0.685285928822162
"4812","1250","Ec_N",81,12,12,"Ec",30,1,0,1,1,1,0.981696467924213
"4813","1250","Ec_N",81,13,13,"Ec",30,1,0,1,1,1,0.981696467924213
"4814","1250","Ec_N",81,14,14,"Ec",30,1,0,1,1,1,0.981696467924213
"4815","1250","Ec_N",81,15,15,"Ec",30,1,0,1,1,1,0.981696467924213
"4816","1250","Ec_N",81,16,16,"Ec",30,1,0,1,1,1,0.981696467924213
"4817","1250","Ec_N",81,17,17,"Ec",30,1,0,1,1,1,0.981696467924213
"4818","1250","Ec_N",81,18,18,"Ec",30,1,0,1,1,1,0.981696467924213
"4819","1250","Ec_N",81,19,19,"Ec",30,1,0,1,1,1,0.981696467924213
"4820","1250","Ec_N",81,20,20,"Ec",30,1,0,1,1,1,0.981696467924213
"4821","1250","Ec_N",81,21,21,"Ec",30,1,0,1,1,1,0.981696467924213
"4822","1250","Ec_N",81,22,22,"Ec",30,1,0,1,1,1,0.981696467924213
"4823","1250","Ec_N",81,23,23,"Ec",30,1,0,1,1,1,0.981696467924213
"4824","1250","Ec_N",81,24,24,"Ec",30,1,0,1,1,1,0.981696467924213
"4825","1250","Ec_N",81,25,25,"Ec",30,1,0,1,1,1,0.981696467924213
"4826","1250","Ec_N",81,26,26,"Ec",30,1,0,1,1,1,0.981696467924213
"4827","1250","Ec_N",81,27,27,"Ec",30,1,0,1,1,1,0.981696467924213
"4828","1250","Ec_N",81,28,28,"Ec",30,1,0,1,1,1,0.981696467924213
"4829","1250","Ec_N",81,29,29,"Ec",30,1,0,1,1,1,0.981696467924213
"4830","1250","Ec_N",81,30,30,"Ec",30,1,0,1,1,1,0.981696467924213
"4831","1250","Ec_N",81,31,31,"Ec",30,1,0,1,1,1,0.981696467924213
"4832","1250","Ec_N",81,32,32,"Ec",30,1,0,1,1,1,0.981696467924213
"4833","1250","Ec_N",81,33,33,"Ec",30,1,0,1,1,1,0.981696467924213
"4834","1250","Ec_N",81,34,34,"Ec",30,1,0,1,1,1,0.981696467924213
"4835","1250","Ec_N",81,35,35,"Ec",30,1,0,1,1,1,0.981696467924213
"4836","1250","Ec_N",81,36,36,"Ec",30,1,0,1,1,1,0.981696467924213
"4837","1250","Ec_N",81,37,37,"Ec",30,1,0,1,1,1,0.981696467924213
"4838","1250","Ec_N",81,38,38,"Ec",30,1,0,1,1,1,0.981696467924213
"4839","1250","Ec_N",81,39,39,"Ec",30,1,0,1,1,1,0.981696467924213
"4840","1250","Ec_N",81,40,40,"Ec",30,1,0,1,1,1,0.981696467924213
"4841","1250","Ec_N",81,41,41,"Ec",30,1,0,1,1,1,0.981696467924213
"4842","1250","Ec_N",81,42,42,"Ec",30,1,0,1,1,1,0.981696467924213
"4843","1250","Ec_N",81,43,43,"Ec",30,1,0,1,1,1,0.981696467924213
"4844","1250","Ec_N",81,44,44,"Ec",30,1,0,1,1,1,0.981696467924213
"4845","1250","Ec_N",81,45,45,"Ec",30,1,0,1,1,1,0.981696467924213
"4846","1250","Ec_N",81,46,46,"Ec",30,1,0,1,1,1,0.981696467924213
"4847","1250","Ec_N",81,47,47,"Ec",30,1,0,1,1,1,0.981696467924213
"4848","1250","Ec_N",81,48,48,"Ec",30,1,0,1,1,1,0.981696467924213
"4849","1250","Ec_N",81,49,49,"Ec",30,1,0,1,1,1,0.981696467924213
"4850","1250","Ec_N",81,50,50,"Ec",30,1,0,1,1,1,0.981696467924213
"4851","1250","Ec_N",81,51,51,"Ec",30,1,0,1,1,1,0.981696467924213
"4852","1250","Ec_N",81,52,52,"Ec",30,1,0,1,1,1,0.981696467924213
"4853","1250","Ec_N",81,53,53,"Ec",30,1,0,1,1,1,0.981696467924213
"4854","1250","Ec_N",81,54,54,"Ec",30,1,0,1,1,1,0.981696467924213
"4855","1250","Ec_N",81,55,55,"Ec",30,1,0,1,1,1,0.981696467924213
"4856","1250","Ec_N",81,56,56,"Ec",30,1,0,1,1,1,0.981696467924213
"4857","1250","Ec_N",81,57,57,"Ec",30,1,0,1,1,1,0.981696467924213
"4858","1250","Ec_N",81,58,58,"Ec",30,1,0,1,1,1,0.981696467924213
"4859","1250","Ec_N",81,59,59,"Ec",30,1,0,1,1,1,0.981696467924213
"4860","1250","Ec_N",81,60,60,"Ec",30,1,0,1,1,1,0.981696467924213
"4861","1250","Ec_N",82,1,1,"Ec",1,0,0,0,0,0,0
"4862","1250","Ec_N",82,2,2,"Ec",5,0,0,1,0,0,0.232063491762724
"4863","1250","Ec_N",82,3,3,"Ec",21,0,0,1,0,1,0.428591116083543
"4864","1250","Ec_N",82,4,4,"Ec",21,0,0,1,0,1,0.428591116083543
"4865","1250","Ec_N",82,5,5,"Ec",21,0,0,1,0,1,0.428591116083543
"4866","1250","Ec_N",82,6,6,"Ec",21,0,0,1,0,1,0.428591116083543
"4867","1250","Ec_N",82,7,7,"Ec",21,0,0,1,0,1,0.428591116083543
"4868","1250","Ec_N",82,8,8,"Ec",23,0,1,1,0,1,0.511241695498657
"4869","1250","Ec_N",82,9,9,"Ec",23,0,1,1,0,1,0.511241695498657
"4870","1250","Ec_N",82,10,10,"Ec",23,0,1,1,0,1,0.511241695498657
"4871","1250","Ec_N",82,11,11,"Ec",31,0,1,1,1,1,0.778987345540232
"4872","1250","Ec_N",82,12,12,"Ec",31,0,1,1,1,1,0.778987345540232
"4873","1250","Ec_N",82,13,13,"Ec",31,0,1,1,1,1,0.778987345540232
"4874","1250","Ec_N",82,14,14,"Ec",31,0,1,1,1,1,0.778987345540232
"4875","1250","Ec_N",82,15,15,"Ec",31,0,1,1,1,1,0.778987345540232
"4876","1250","Ec_N",82,16,16,"Ec",31,0,1,1,1,1,0.778987345540232
"4877","1250","Ec_N",82,17,17,"Ec",31,0,1,1,1,1,0.778987345540232
"4878","1250","Ec_N",82,18,18,"Ec",31,0,1,1,1,1,0.778987345540232
"4879","1250","Ec_N",82,19,19,"Ec",31,0,1,1,1,1,0.778987345540232
"4880","1250","Ec_N",82,20,20,"Ec",31,0,1,1,1,1,0.778987345540232
"4881","1250","Ec_N",82,21,21,"Ec",31,0,1,1,1,1,0.778987345540232
"4882","1250","Ec_N",82,22,22,"Ec",31,0,1,1,1,1,0.778987345540232
"4883","1250","Ec_N",82,23,23,"Ec",31,0,1,1,1,1,0.778987345540232
"4884","1250","Ec_N",82,24,24,"Ec",31,0,1,1,1,1,0.778987345540232
"4885","1250","Ec_N",82,25,25,"Ec",31,0,1,1,1,1,0.778987345540232
"4886","1250","Ec_N",82,26,26,"Ec",31,0,1,1,1,1,0.778987345540232
"4887","1250","Ec_N",82,27,27,"Ec",31,0,1,1,1,1,0.778987345540232
"4888","1250","Ec_N",82,28,28,"Ec",31,0,1,1,1,1,0.778987345540232
"4889","1250","Ec_N",82,29,29,"Ec",31,0,1,1,1,1,0.778987345540232
"4890","1250","Ec_N",82,30,30,"Ec",31,0,1,1,1,1,0.778987345540232
"4891","1250","Ec_N",82,31,31,"Ec",31,0,1,1,1,1,0.778987345540232
"4892","1250","Ec_N",82,32,32,"Ec",32,1,1,1,1,1,1
"4893","1250","Ec_N",82,33,33,"Ec",32,1,1,1,1,1,1
"4894","1250","Ec_N",82,34,34,"Ec",32,1,1,1,1,1,1
"4895","1250","Ec_N",82,35,35,"Ec",32,1,1,1,1,1,1
"4896","1250","Ec_N",82,36,36,"Ec",32,1,1,1,1,1,1
"4897","1250","Ec_N",82,37,37,"Ec",32,1,1,1,1,1,1
"4898","1250","Ec_N",82,38,38,"Ec",32,1,1,1,1,1,1
"4899","1250","Ec_N",82,39,39,"Ec",32,1,1,1,1,1,1
"4900","1250","Ec_N",82,40,40,"Ec",32,1,1,1,1,1,1
"4901","1250","Ec_N",82,41,41,"Ec",32,1,1,1,1,1,1
"4902","1250","Ec_N",82,42,42,"Ec",32,1,1,1,1,1,1
"4903","1250","Ec_N",82,43,43,"Ec",32,1,1,1,1,1,1
"4904","1250","Ec_N",82,44,44,"Ec",32,1,1,1,1,1,1
"4905","1250","Ec_N",82,45,45,"Ec",32,1,1,1,1,1,1
"4906","1250","Ec_N",82,46,46,"Ec",32,1,1,1,1,1,1
"4907","1250","Ec_N",82,47,47,"Ec",32,1,1,1,1,1,1
"4908","1250","Ec_N",82,48,48,"Ec",32,1,1,1,1,1,1
"4909","1250","Ec_N",82,49,49,"Ec",32,1,1,1,1,1,1
"4910","1250","Ec_N",82,50,50,"Ec",32,1,1,1,1,1,1
"4911","1250","Ec_N",82,51,51,"Ec",32,1,1,1,1,1,1
"4912","1250","Ec_N",82,52,52,"Ec",32,1,1,1,1,1,1
"4913","1250","Ec_N",82,53,53,"Ec",32,1,1,1,1,1,1
"4914","1250","Ec_N",82,54,54,"Ec",32,1,1,1,1,1,1
"4915","1250","Ec_N",82,55,55,"Ec",32,1,1,1,1,1,1
"4916","1250","Ec_N",82,56,56,"Ec",32,1,1,1,1,1,1
"4917","1250","Ec_N",82,57,57,"Ec",32,1,1,1,1,1,1
"4918","1250","Ec_N",82,58,58,"Ec",32,1,1,1,1,1,1
"4919","1250","Ec_N",82,59,59,"Ec",32,1,1,1,1,1,1
"4920","1250","Ec_N",82,60,60,"Ec",32,1,1,1,1,1,1
"4921","1250","Ec_N",83,1,1,"Ec",1,0,0,0,0,0,0
"4922","1250","Ec_N",83,2,2,"Ec",2,1,0,0,0,0,0.221012654459768
"4923","1250","Ec_N",83,3,3,"Ec",2,1,0,0,0,0,0.221012654459768
"4924","1250","Ec_N",83,4,4,"Ec",2,1,0,0,0,0,0.221012654459768
"4925","1250","Ec_N",83,5,5,"Ec",2,1,0,0,0,0,0.221012654459768
"4926","1250","Ec_N",83,6,6,"Ec",2,1,0,0,0,0,0.221012654459768
"4927","1250","Ec_N",83,7,7,"Ec",2,1,0,0,0,0,0.221012654459768
"4928","1250","Ec_N",83,8,8,"Ec",10,1,0,0,1,0,0.488758304501343
"4929","1250","Ec_N",83,9,9,"Ec",10,1,0,0,1,0,0.488758304501343
"4930","1250","Ec_N",83,10,10,"Ec",10,1,0,0,1,0,0.488758304501343
"4931","1250","Ec_N",83,11,11,"Ec",10,1,0,0,1,0,0.488758304501343
"4932","1250","Ec_N",83,12,12,"Ec",10,1,0,0,1,0,0.488758304501343
"4933","1250","Ec_N",83,13,13,"Ec",10,1,0,0,1,0,0.488758304501343
"4934","1250","Ec_N",83,14,14,"Ec",10,1,0,0,1,0,0.488758304501343
"4935","1250","Ec_N",83,15,15,"Ec",10,1,0,0,1,0,0.488758304501343
"4936","1250","Ec_N",83,16,16,"Ec",10,1,0,0,1,0,0.488758304501343
"4937","1250","Ec_N",83,17,17,"Ec",10,1,0,0,1,0,0.488758304501343
"4938","1250","Ec_N",83,18,18,"Ec",10,1,0,0,1,0,0.488758304501343
"4939","1250","Ec_N",83,19,19,"Ec",10,1,0,0,1,0,0.488758304501343
"4940","1250","Ec_N",83,20,20,"Ec",10,1,0,0,1,0,0.488758304501343
"4941","1250","Ec_N",83,21,21,"Ec",10,1,0,0,1,0,0.488758304501343
"4942","1250","Ec_N",83,22,22,"Ec",10,1,0,0,1,0,0.488758304501343
"4943","1250","Ec_N",83,23,23,"Ec",10,1,0,0,1,0,0.488758304501343
"4944","1250","Ec_N",83,24,24,"Ec",10,1,0,0,1,0,0.488758304501343
"4945","1250","Ec_N",83,25,25,"Ec",12,1,1,0,1,0,0.552627762799163
"4946","1250","Ec_N",83,26,26,"Ec",16,1,1,1,1,0,0.879284144928883
"4947","1250","Ec_N",83,27,27,"Ec",16,1,1,1,1,0,0.879284144928883
"4948","1250","Ec_N",83,28,28,"Ec",16,1,1,1,1,0,0.879284144928883
"4949","1250","Ec_N",83,29,29,"Ec",16,1,1,1,1,0,0.879284144928883
"4950","1250","Ec_N",83,30,30,"Ec",16,1,1,1,1,0,0.879284144928883
"4951","1250","Ec_N",83,31,31,"Ec",16,1,1,1,1,0,0.879284144928883
"4952","1250","Ec_N",83,32,32,"Ec",16,1,1,1,1,0,0.879284144928883
"4953","1250","Ec_N",83,33,33,"Ec",16,1,1,1,1,0,0.879284144928883
"4954","1250","Ec_N",83,34,34,"Ec",32,1,1,1,1,1,1
"4955","1250","Ec_N",83,35,35,"Ec",32,1,1,1,1,1,1
"4956","1250","Ec_N",83,36,36,"Ec",32,1,1,1,1,1,1
"4957","1250","Ec_N",83,37,37,"Ec",32,1,1,1,1,1,1
"4958","1250","Ec_N",83,38,38,"Ec",32,1,1,1,1,1,1
"4959","1250","Ec_N",83,39,39,"Ec",32,1,1,1,1,1,1
"4960","1250","Ec_N",83,40,40,"Ec",32,1,1,1,1,1,1
"4961","1250","Ec_N",83,41,41,"Ec",32,1,1,1,1,1,1
"4962","1250","Ec_N",83,42,42,"Ec",32,1,1,1,1,1,1
"4963","1250","Ec_N",83,43,43,"Ec",32,1,1,1,1,1,1
"4964","1250","Ec_N",83,44,44,"Ec",32,1,1,1,1,1,1
"4965","1250","Ec_N",83,45,45,"Ec",32,1,1,1,1,1,1
"4966","1250","Ec_N",83,46,46,"Ec",32,1,1,1,1,1,1
"4967","1250","Ec_N",83,47,47,"Ec",32,1,1,1,1,1,1
"4968","1250","Ec_N",83,48,48,"Ec",32,1,1,1,1,1,1
"4969","1250","Ec_N",83,49,49,"Ec",32,1,1,1,1,1,1
"4970","1250","Ec_N",83,50,50,"Ec",32,1,1,1,1,1,1
"4971","1250","Ec_N",83,51,51,"Ec",32,1,1,1,1,1,1
"4972","1250","Ec_N",83,52,52,"Ec",32,1,1,1,1,1,1
"4973","1250","Ec_N",83,53,53,"Ec",32,1,1,1,1,1,1
"4974","1250","Ec_N",83,54,54,"Ec",32,1,1,1,1,1,1
"4975","1250","Ec_N",83,55,55,"Ec",32,1,1,1,1,1,1
"4976","1250","Ec_N",83,56,56,"Ec",32,1,1,1,1,1,1
"4977","1250","Ec_N",83,57,57,"Ec",32,1,1,1,1,1,1
"4978","1250","Ec_N",83,58,58,"Ec",32,1,1,1,1,1,1
"4979","1250","Ec_N",83,59,59,"Ec",32,1,1,1,1,1,1
"4980","1250","Ec_N",83,60,60,"Ec",32,1,1,1,1,1,1
"4981","1250","Ec_N",84,1,1,"Ec",1,0,0,0,0,0,0
"4982","1250","Ec_N",84,2,2,"Ec",1,0,0,0,0,0,0
"4983","1250","Ec_N",84,3,3,"Ec",1,0,0,0,0,0,0
"4984","1250","Ec_N",84,4,4,"Ec",1,0,0,0,0,0,0
"4985","1250","Ec_N",84,5,5,"Ec",1,0,0,0,0,0,0
"4986","1250","Ec_N",84,6,6,"Ec",1,0,0,0,0,0,0
"4987","1250","Ec_N",84,7,7,"Ec",1,0,0,0,0,0,0
"4988","1250","Ec_N",84,8,8,"Ec",1,0,0,0,0,0,0
"4989","1250","Ec_N",84,9,9,"Ec",1,0,0,0,0,0,0
"4990","1250","Ec_N",84,10,10,"Ec",17,0,0,0,0,1,0.14692246949649
"4991","1250","Ec_N",84,11,11,"Ec",25,0,0,0,1,1,0.464273274362394
"4992","1250","Ec_N",84,12,12,"Ec",25,0,0,0,1,1,0.464273274362394
"4993","1250","Ec_N",84,13,13,"Ec",25,0,0,0,1,1,0.464273274362394
"4994","1250","Ec_N",84,14,14,"Ec",25,0,0,0,1,1,0.464273274362394
"4995","1250","Ec_N",84,15,15,"Ec",25,0,0,0,1,1,0.464273274362394
"4996","1250","Ec_N",84,16,16,"Ec",26,1,0,0,1,1,0.685285928822162
"4997","1250","Ec_N",84,17,17,"Ec",26,1,0,0,1,1,0.685285928822162
"4998","1250","Ec_N",84,18,18,"Ec",26,1,0,0,1,1,0.685285928822162
"4999","1250","Ec_N",84,19,19,"Ec",26,1,0,0,1,1,0.685285928822162
"5000","1250","Ec_N",84,20,20,"Ec",26,1,0,0,1,1,0.685285928822162
"5001","1250","Ec_N",84,21,21,"Ec",26,1,0,0,1,1,0.685285928822162
"5002","1250","Ec_N",84,22,22,"Ec",26,1,0,0,1,1,0.685285928822162
"5003","1250","Ec_N",84,23,23,"Ec",26,1,0,0,1,1,0.685285928822162
"5004","1250","Ec_N",84,24,24,"Ec",26,1,0,0,1,1,0.685285928822162
"5005","1250","Ec_N",84,25,25,"Ec",26,1,0,0,1,1,0.685285928822162
"5006","1250","Ec_N",84,26,26,"Ec",26,1,0,0,1,1,0.685285928822162
"5007","1250","Ec_N",84,27,27,"Ec",26,1,0,0,1,1,0.685285928822162
"5008","1250","Ec_N",84,28,28,"Ec",26,1,0,0,1,1,0.685285928822162
"5009","1250","Ec_N",84,29,29,"Ec",26,1,0,0,1,1,0.685285928822162
"5010","1250","Ec_N",84,30,30,"Ec",26,1,0,0,1,1,0.685285928822162
"5011","1250","Ec_N",84,31,31,"Ec",26,1,0,0,1,1,0.685285928822162
"5012","1250","Ec_N",84,32,32,"Ec",26,1,0,0,1,1,0.685285928822162
"5013","1250","Ec_N",84,33,33,"Ec",26,1,0,0,1,1,0.685285928822162
"5014","1250","Ec_N",84,34,34,"Ec",26,1,0,0,1,1,0.685285928822162
"5015","1250","Ec_N",84,35,35,"Ec",26,1,0,0,1,1,0.685285928822162
"5016","1250","Ec_N",84,36,36,"Ec",26,1,0,0,1,1,0.685285928822162
"5017","1250","Ec_N",84,37,37,"Ec",26,1,0,0,1,1,0.685285928822162
"5018","1250","Ec_N",84,38,38,"Ec",26,1,0,0,1,1,0.685285928822162
"5019","1250","Ec_N",84,39,39,"Ec",26,1,0,0,1,1,0.685285928822162
"5020","1250","Ec_N",84,40,40,"Ec",26,1,0,0,1,1,0.685285928822162
"5021","1250","Ec_N",84,41,41,"Ec",26,1,0,0,1,1,0.685285928822162
"5022","1250","Ec_N",84,42,42,"Ec",26,1,0,0,1,1,0.685285928822162
"5023","1250","Ec_N",84,43,43,"Ec",26,1,0,0,1,1,0.685285928822162
"5024","1250","Ec_N",84,44,44,"Ec",26,1,0,0,1,1,0.685285928822162
"5025","1250","Ec_N",84,45,45,"Ec",26,1,0,0,1,1,0.685285928822162
"5026","1250","Ec_N",84,46,46,"Ec",26,1,0,0,1,1,0.685285928822162
"5027","1250","Ec_N",84,47,47,"Ec",26,1,0,0,1,1,0.685285928822162
"5028","1250","Ec_N",84,48,48,"Ec",26,1,0,0,1,1,0.685285928822162
"5029","1250","Ec_N",84,49,49,"Ec",26,1,0,0,1,1,0.685285928822162
"5030","1250","Ec_N",84,50,50,"Ec",26,1,0,0,1,1,0.685285928822162
"5031","1250","Ec_N",84,51,51,"Ec",26,1,0,0,1,1,0.685285928822162
"5032","1250","Ec_N",84,52,52,"Ec",26,1,0,0,1,1,0.685285928822162
"5033","1250","Ec_N",84,53,53,"Ec",26,1,0,0,1,1,0.685285928822162
"5034","1250","Ec_N",84,54,54,"Ec",30,1,0,1,1,1,0.981696467924213
"5035","1250","Ec_N",84,55,55,"Ec",30,1,0,1,1,1,0.981696467924213
"5036","1250","Ec_N",84,56,56,"Ec",30,1,0,1,1,1,0.981696467924213
"5037","1250","Ec_N",84,57,57,"Ec",30,1,0,1,1,1,0.981696467924213
"5038","1250","Ec_N",84,58,58,"Ec",30,1,0,1,1,1,0.981696467924213
"5039","1250","Ec_N",84,59,59,"Ec",30,1,0,1,1,1,0.981696467924213
"5040","1250","Ec_N",84,60,60,"Ec",30,1,0,1,1,1,0.981696467924213
"5041","1250","Ec_N",85,1,1,"Ec",1,0,0,0,0,0,0
"5042","1250","Ec_N",85,2,2,"Ec",1,0,0,0,0,0,0
"5043","1250","Ec_N",85,3,3,"Ec",1,0,0,0,0,0,0
"5044","1250","Ec_N",85,4,4,"Ec",1,0,0,0,0,0,0
"5045","1250","Ec_N",85,5,5,"Ec",1,0,0,0,0,0,0
"5046","1250","Ec_N",85,6,6,"Ec",1,0,0,0,0,0,0
"5047","1250","Ec_N",85,7,7,"Ec",1,0,0,0,0,0,0
"5048","1250","Ec_N",85,8,8,"Ec",2,1,0,0,0,0,0.221012654459768
"5049","1250","Ec_N",85,9,9,"Ec",2,1,0,0,0,0,0.221012654459768
"5050","1250","Ec_N",85,10,10,"Ec",2,1,0,0,0,0,0.221012654459768
"5051","1250","Ec_N",85,11,11,"Ec",2,1,0,0,0,0,0.221012654459768
"5052","1250","Ec_N",85,12,12,"Ec",2,1,0,0,0,0,0.221012654459768
"5053","1250","Ec_N",85,13,13,"Ec",2,1,0,0,0,0,0.221012654459768
"5054","1250","Ec_N",85,14,14,"Ec",2,1,0,0,0,0,0.221012654459768
"5055","1250","Ec_N",85,15,15,"Ec",2,1,0,0,0,0,0.221012654459768
"5056","1250","Ec_N",85,16,16,"Ec",2,1,0,0,0,0,0.221012654459768
"5057","1250","Ec_N",85,17,17,"Ec",2,1,0,0,0,0,0.221012654459768
"5058","1250","Ec_N",85,18,18,"Ec",2,1,0,0,0,0,0.221012654459768
"5059","1250","Ec_N",85,19,19,"Ec",2,1,0,0,0,0,0.221012654459768
"5060","1250","Ec_N",85,20,20,"Ec",2,1,0,0,0,0,0.221012654459768
"5061","1250","Ec_N",85,21,21,"Ec",2,1,0,0,0,0,0.221012654459768
"5062","1250","Ec_N",85,22,22,"Ec",2,1,0,0,0,0,0.221012654459768
"5063","1250","Ec_N",85,23,23,"Ec",2,1,0,0,0,0,0.221012654459768
"5064","1250","Ec_N",85,24,24,"Ec",6,1,0,1,0,0,0.453076146222492
"5065","1250","Ec_N",85,25,25,"Ec",6,1,0,1,0,0,0.453076146222492
"5066","1250","Ec_N",85,26,26,"Ec",22,1,0,1,0,1,0.649603770543311
"5067","1250","Ec_N",85,27,27,"Ec",22,1,0,1,0,1,0.649603770543311
"5068","1250","Ec_N",85,28,28,"Ec",22,1,0,1,0,1,0.649603770543311
"5069","1250","Ec_N",85,29,29,"Ec",22,1,0,1,0,1,0.649603770543311
"5070","1250","Ec_N",85,30,30,"Ec",22,1,0,1,0,1,0.649603770543311
"5071","1250","Ec_N",85,31,31,"Ec",22,1,0,1,0,1,0.649603770543311
"5072","1250","Ec_N",85,32,32,"Ec",24,1,1,1,0,1,0.732254349958425
"5073","1250","Ec_N",85,33,33,"Ec",24,1,1,1,0,1,0.732254349958425
"5074","1250","Ec_N",85,34,34,"Ec",24,1,1,1,0,1,0.732254349958425
"5075","1250","Ec_N",85,35,35,"Ec",24,1,1,1,0,1,0.732254349958425
"5076","1250","Ec_N",85,36,36,"Ec",24,1,1,1,0,1,0.732254349958425
"5077","1250","Ec_N",85,37,37,"Ec",32,1,1,1,1,1,1
"5078","1250","Ec_N",85,38,38,"Ec",32,1,1,1,1,1,1
"5079","1250","Ec_N",85,39,39,"Ec",32,1,1,1,1,1,1
"5080","1250","Ec_N",85,40,40,"Ec",32,1,1,1,1,1,1
"5081","1250","Ec_N",85,41,41,"Ec",32,1,1,1,1,1,1
"5082","1250","Ec_N",85,42,42,"Ec",32,1,1,1,1,1,1
"5083","1250","Ec_N",85,43,43,"Ec",32,1,1,1,1,1,1
"5084","1250","Ec_N",85,44,44,"Ec",32,1,1,1,1,1,1
"5085","1250","Ec_N",85,45,45,"Ec",32,1,1,1,1,1,1
"5086","1250","Ec_N",85,46,46,"Ec",32,1,1,1,1,1,1
"5087","1250","Ec_N",85,47,47,"Ec",32,1,1,1,1,1,1
"5088","1250","Ec_N",85,48,48,"Ec",32,1,1,1,1,1,1
"5089","1250","Ec_N",85,49,49,"Ec",32,1,1,1,1,1,1
"5090","1250","Ec_N",85,50,50,"Ec",32,1,1,1,1,1,1
"5091","1250","Ec_N",85,51,51,"Ec",32,1,1,1,1,1,1
"5092","1250","Ec_N",85,52,52,"Ec",32,1,1,1,1,1,1
"5093","1250","Ec_N",85,53,53,"Ec",32,1,1,1,1,1,1
"5094","1250","Ec_N",85,54,54,"Ec",32,1,1,1,1,1,1
"5095","1250","Ec_N",85,55,55,"Ec",32,1,1,1,1,1,1
"5096","1250","Ec_N",85,56,56,"Ec",32,1,1,1,1,1,1
"5097","1250","Ec_N",85,57,57,"Ec",32,1,1,1,1,1,1
"5098","1250","Ec_N",85,58,58,"Ec",32,1,1,1,1,1,1
"5099","1250","Ec_N",85,59,59,"Ec",32,1,1,1,1,1,1
"5100","1250","Ec_N",85,60,60,"Ec",32,1,1,1,1,1,1
"5101","1250","Ec_N",86,1,1,"Ec",1,0,0,0,0,0,0
"5102","1250","Ec_N",86,2,2,"Ec",1,0,0,0,0,0,0
"5103","1250","Ec_N",86,3,3,"Ec",1,0,0,0,0,0,0
"5104","1250","Ec_N",86,4,4,"Ec",1,0,0,0,0,0,0
"5105","1250","Ec_N",86,5,5,"Ec",1,0,0,0,0,0,0
"5106","1250","Ec_N",86,6,6,"Ec",9,0,0,0,1,0,0.267745650041575
"5107","1250","Ec_N",86,7,7,"Ec",9,0,0,0,1,0,0.267745650041575
"5108","1250","Ec_N",86,8,8,"Ec",9,0,0,0,1,0,0.267745650041575
"5109","1250","Ec_N",86,9,9,"Ec",9,0,0,0,1,0,0.267745650041575
"5110","1250","Ec_N",86,10,10,"Ec",9,0,0,0,1,0,0.267745650041575
"5111","1250","Ec_N",86,11,11,"Ec",9,0,0,0,1,0,0.267745650041575
"5112","1250","Ec_N",86,12,12,"Ec",9,0,0,0,1,0,0.267745650041575
"5113","1250","Ec_N",86,13,13,"Ec",9,0,0,0,1,0,0.267745650041575
"5114","1250","Ec_N",86,14,14,"Ec",9,0,0,0,1,0,0.267745650041575
"5115","1250","Ec_N",86,15,15,"Ec",13,0,0,1,1,0,0.499809141804299
"5116","1250","Ec_N",86,16,16,"Ec",13,0,0,1,1,0,0.499809141804299
"5117","1250","Ec_N",86,17,17,"Ec",13,0,0,1,1,0,0.499809141804299
"5118","1250","Ec_N",86,18,18,"Ec",29,0,0,1,1,1,0.696336766125118
"5119","1250","Ec_N",86,19,19,"Ec",29,0,0,1,1,1,0.696336766125118
"5120","1250","Ec_N",86,20,20,"Ec",29,0,0,1,1,1,0.696336766125118
"5121","1250","Ec_N",86,21,21,"Ec",29,0,0,1,1,1,0.696336766125118
"5122","1250","Ec_N",86,22,22,"Ec",29,0,0,1,1,1,0.696336766125118
"5123","1250","Ec_N",86,23,23,"Ec",29,0,0,1,1,1,0.696336766125118
"5124","1250","Ec_N",86,24,24,"Ec",29,0,0,1,1,1,0.696336766125118
"5125","1250","Ec_N",86,25,25,"Ec",29,0,0,1,1,1,0.696336766125118
"5126","1250","Ec_N",86,26,26,"Ec",29,0,0,1,1,1,0.696336766125118
"5127","1250","Ec_N",86,27,27,"Ec",29,0,0,1,1,1,0.696336766125118
"5128","1250","Ec_N",86,28,28,"Ec",29,0,0,1,1,1,0.696336766125118
"5129","1250","Ec_N",86,29,29,"Ec",29,0,0,1,1,1,0.696336766125118
"5130","1250","Ec_N",86,30,30,"Ec",29,0,0,1,1,1,0.696336766125118
"5131","1250","Ec_N",86,31,31,"Ec",29,0,0,1,1,1,0.696336766125118
"5132","1250","Ec_N",86,32,32,"Ec",29,0,0,1,1,1,0.696336766125118
"5133","1250","Ec_N",86,33,33,"Ec",29,0,0,1,1,1,0.696336766125118
"5134","1250","Ec_N",86,34,34,"Ec",29,0,0,1,1,1,0.696336766125118
"5135","1250","Ec_N",86,35,35,"Ec",29,0,0,1,1,1,0.696336766125118
"5136","1250","Ec_N",86,36,36,"Ec",29,0,0,1,1,1,0.696336766125118
"5137","1250","Ec_N",86,37,37,"Ec",31,0,1,1,1,1,0.778987345540232
"5138","1250","Ec_N",86,38,38,"Ec",31,0,1,1,1,1,0.778987345540232
"5139","1250","Ec_N",86,39,39,"Ec",31,0,1,1,1,1,0.778987345540232
"5140","1250","Ec_N",86,40,40,"Ec",31,0,1,1,1,1,0.778987345540232
"5141","1250","Ec_N",86,41,41,"Ec",31,0,1,1,1,1,0.778987345540232
"5142","1250","Ec_N",86,42,42,"Ec",31,0,1,1,1,1,0.778987345540232
"5143","1250","Ec_N",86,43,43,"Ec",31,0,1,1,1,1,0.778987345540232
"5144","1250","Ec_N",86,44,44,"Ec",31,0,1,1,1,1,0.778987345540232
"5145","1250","Ec_N",86,45,45,"Ec",31,0,1,1,1,1,0.778987345540232
"5146","1250","Ec_N",86,46,46,"Ec",31,0,1,1,1,1,0.778987345540232
"5147","1250","Ec_N",86,47,47,"Ec",31,0,1,1,1,1,0.778987345540232
"5148","1250","Ec_N",86,48,48,"Ec",31,0,1,1,1,1,0.778987345540232
"5149","1250","Ec_N",86,49,49,"Ec",31,0,1,1,1,1,0.778987345540232
"5150","1250","Ec_N",86,50,50,"Ec",31,0,1,1,1,1,0.778987345540232
"5151","1250","Ec_N",86,51,51,"Ec",31,0,1,1,1,1,0.778987345540232
"5152","1250","Ec_N",86,52,52,"Ec",31,0,1,1,1,1,0.778987345540232
"5153","1250","Ec_N",86,53,53,"Ec",31,0,1,1,1,1,0.778987345540232
"5154","1250","Ec_N",86,54,54,"Ec",32,1,1,1,1,1,1
"5155","1250","Ec_N",86,55,55,"Ec",32,1,1,1,1,1,1
"5156","1250","Ec_N",86,56,56,"Ec",32,1,1,1,1,1,1
"5157","1250","Ec_N",86,57,57,"Ec",32,1,1,1,1,1,1
"5158","1250","Ec_N",86,58,58,"Ec",32,1,1,1,1,1,1
"5159","1250","Ec_N",86,59,59,"Ec",32,1,1,1,1,1,1
"5160","1250","Ec_N",86,60,60,"Ec",32,1,1,1,1,1,1
"5161","1250","Ec_N",87,1,1,"Ec",1,0,0,0,0,0,0
"5162","1250","Ec_N",87,2,2,"Ec",1,0,0,0,0,0,0
"5163","1250","Ec_N",87,3,3,"Ec",1,0,0,0,0,0,0
"5164","1250","Ec_N",87,4,4,"Ec",1,0,0,0,0,0,0
"5165","1250","Ec_N",87,5,5,"Ec",1,0,0,0,0,0,0
"5166","1250","Ec_N",87,6,6,"Ec",3,0,1,0,0,0,0.082650579415114
"5167","1250","Ec_N",87,7,7,"Ec",3,0,1,0,0,0,0.082650579415114
"5168","1250","Ec_N",87,8,8,"Ec",3,0,1,0,0,0,0.082650579415114
"5169","1250","Ec_N",87,9,9,"Ec",3,0,1,0,0,0,0.082650579415114
"5170","1250","Ec_N",87,10,10,"Ec",3,0,1,0,0,0,0.082650579415114
"5171","1250","Ec_N",87,11,11,"Ec",3,0,1,0,0,0,0.082650579415114
"5172","1250","Ec_N",87,12,12,"Ec",3,0,1,0,0,0,0.082650579415114
"5173","1250","Ec_N",87,13,13,"Ec",3,0,1,0,0,0,0.082650579415114
"5174","1250","Ec_N",87,14,14,"Ec",3,0,1,0,0,0,0.082650579415114
"5175","1250","Ec_N",87,15,15,"Ec",3,0,1,0,0,0,0.082650579415114
"5176","1250","Ec_N",87,16,16,"Ec",3,0,1,0,0,0,0.082650579415114
"5177","1250","Ec_N",87,17,17,"Ec",3,0,1,0,0,0,0.082650579415114
"5178","1250","Ec_N",87,18,18,"Ec",3,0,1,0,0,0,0.082650579415114
"5179","1250","Ec_N",87,19,19,"Ec",7,0,1,1,0,0,0.314714071177838
"5180","1250","Ec_N",87,20,20,"Ec",7,0,1,1,0,0,0.314714071177838
"5181","1250","Ec_N",87,21,21,"Ec",15,0,1,1,1,0,0.582459721219413
"5182","1250","Ec_N",87,22,22,"Ec",15,0,1,1,1,0,0.582459721219413
"5183","1250","Ec_N",87,23,23,"Ec",16,1,1,1,1,0,0.879284144928883
"5184","1250","Ec_N",87,24,24,"Ec",16,1,1,1,1,0,0.879284144928883
"5185","1250","Ec_N",87,25,25,"Ec",16,1,1,1,1,0,0.879284144928883
"5186","1250","Ec_N",87,26,26,"Ec",16,1,1,1,1,0,0.879284144928883
"5187","1250","Ec_N",87,27,27,"Ec",16,1,1,1,1,0,0.879284144928883
"5188","1250","Ec_N",87,28,28,"Ec",16,1,1,1,1,0,0.879284144928883
"5189","1250","Ec_N",87,29,29,"Ec",16,1,1,1,1,0,0.879284144928883
"5190","1250","Ec_N",87,30,30,"Ec",16,1,1,1,1,0,0.879284144928883
"5191","1250","Ec_N",87,31,31,"Ec",16,1,1,1,1,0,0.879284144928883
"5192","1250","Ec_N",87,32,32,"Ec",16,1,1,1,1,0,0.879284144928883
"5193","1250","Ec_N",87,33,33,"Ec",16,1,1,1,1,0,0.879284144928883
"5194","1250","Ec_N",87,34,34,"Ec",16,1,1,1,1,0,0.879284144928883
"5195","1250","Ec_N",87,35,35,"Ec",16,1,1,1,1,0,0.879284144928883
"5196","1250","Ec_N",87,36,36,"Ec",16,1,1,1,1,0,0.879284144928883
"5197","1250","Ec_N",87,37,37,"Ec",16,1,1,1,1,0,0.879284144928883
"5198","1250","Ec_N",87,38,38,"Ec",16,1,1,1,1,0,0.879284144928883
"5199","1250","Ec_N",87,39,39,"Ec",16,1,1,1,1,0,0.879284144928883
"5200","1250","Ec_N",87,40,40,"Ec",16,1,1,1,1,0,0.879284144928883
"5201","1250","Ec_N",87,41,41,"Ec",16,1,1,1,1,0,0.879284144928883
"5202","1250","Ec_N",87,42,42,"Ec",16,1,1,1,1,0,0.879284144928883
"5203","1250","Ec_N",87,43,43,"Ec",16,1,1,1,1,0,0.879284144928883
"5204","1250","Ec_N",87,44,44,"Ec",16,1,1,1,1,0,0.879284144928883
"5205","1250","Ec_N",87,45,45,"Ec",16,1,1,1,1,0,0.879284144928883
"5206","1250","Ec_N",87,46,46,"Ec",16,1,1,1,1,0,0.879284144928883
"5207","1250","Ec_N",87,47,47,"Ec",16,1,1,1,1,0,0.879284144928883
"5208","1250","Ec_N",87,48,48,"Ec",16,1,1,1,1,0,0.879284144928883
"5209","1250","Ec_N",87,49,49,"Ec",16,1,1,1,1,0,0.879284144928883
"5210","1250","Ec_N",87,50,50,"Ec",16,1,1,1,1,0,0.879284144928883
"5211","1250","Ec_N",87,51,51,"Ec",16,1,1,1,1,0,0.879284144928883
"5212","1250","Ec_N",87,52,52,"Ec",16,1,1,1,1,0,0.879284144928883
"5213","1250","Ec_N",87,53,53,"Ec",16,1,1,1,1,0,0.879284144928883
"5214","1250","Ec_N",87,54,54,"Ec",16,1,1,1,1,0,0.879284144928883
"5215","1250","Ec_N",87,55,55,"Ec",16,1,1,1,1,0,0.879284144928883
"5216","1250","Ec_N",87,56,56,"Ec",16,1,1,1,1,0,0.879284144928883
"5217","1250","Ec_N",87,57,57,"Ec",16,1,1,1,1,0,0.879284144928883
"5218","1250","Ec_N",87,58,58,"Ec",16,1,1,1,1,0,0.879284144928883
"5219","1250","Ec_N",87,59,59,"Ec",16,1,1,1,1,0,0.879284144928883
"5220","1250","Ec_N",87,60,60,"Ec",16,1,1,1,1,0,0.879284144928883
"5221","1250","Ec_N",88,1,1,"Ec",1,0,0,0,0,0,0
"5222","1250","Ec_N",88,2,2,"Ec",1,0,0,0,0,0,0
"5223","1250","Ec_N",88,3,3,"Ec",1,0,0,0,0,0,0
"5224","1250","Ec_N",88,4,4,"Ec",1,0,0,0,0,0,0
"5225","1250","Ec_N",88,5,5,"Ec",1,0,0,0,0,0,0
"5226","1250","Ec_N",88,6,6,"Ec",1,0,0,0,0,0,0
"5227","1250","Ec_N",88,7,7,"Ec",1,0,0,0,0,0,0
"5228","1250","Ec_N",88,8,8,"Ec",5,0,0,1,0,0,0.232063491762724
"5229","1250","Ec_N",88,9,9,"Ec",5,0,0,1,0,0,0.232063491762724
"5230","1250","Ec_N",88,10,10,"Ec",5,0,0,1,0,0,0.232063491762724
"5231","1250","Ec_N",88,11,11,"Ec",5,0,0,1,0,0,0.232063491762724
"5232","1250","Ec_N",88,12,12,"Ec",5,0,0,1,0,0,0.232063491762724
"5233","1250","Ec_N",88,13,13,"Ec",21,0,0,1,0,1,0.428591116083543
"5234","1250","Ec_N",88,14,14,"Ec",21,0,0,1,0,1,0.428591116083543
"5235","1250","Ec_N",88,15,15,"Ec",21,0,0,1,0,1,0.428591116083543
"5236","1250","Ec_N",88,16,16,"Ec",21,0,0,1,0,1,0.428591116083543
"5237","1250","Ec_N",88,17,17,"Ec",21,0,0,1,0,1,0.428591116083543
"5238","1250","Ec_N",88,18,18,"Ec",21,0,0,1,0,1,0.428591116083543
"5239","1250","Ec_N",88,19,19,"Ec",21,0,0,1,0,1,0.428591116083543
"5240","1250","Ec_N",88,20,20,"Ec",21,0,0,1,0,1,0.428591116083543
"5241","1250","Ec_N",88,21,21,"Ec",21,0,0,1,0,1,0.428591116083543
"5242","1250","Ec_N",88,22,22,"Ec",23,0,1,1,0,1,0.511241695498657
"5243","1250","Ec_N",88,23,23,"Ec",23,0,1,1,0,1,0.511241695498657
"5244","1250","Ec_N",88,24,24,"Ec",23,0,1,1,0,1,0.511241695498657
"5245","1250","Ec_N",88,25,25,"Ec",23,0,1,1,0,1,0.511241695498657
"5246","1250","Ec_N",88,26,26,"Ec",23,0,1,1,0,1,0.511241695498657
"5247","1250","Ec_N",88,27,27,"Ec",23,0,1,1,0,1,0.511241695498657
"5248","1250","Ec_N",88,28,28,"Ec",23,0,1,1,0,1,0.511241695498657
"5249","1250","Ec_N",88,29,29,"Ec",23,0,1,1,0,1,0.511241695498657
"5250","1250","Ec_N",88,30,30,"Ec",23,0,1,1,0,1,0.511241695498657
"5251","1250","Ec_N",88,31,31,"Ec",23,0,1,1,0,1,0.511241695498657
"5252","1250","Ec_N",88,32,32,"Ec",23,0,1,1,0,1,0.511241695498657
"5253","1250","Ec_N",88,33,33,"Ec",23,0,1,1,0,1,0.511241695498657
"5254","1250","Ec_N",88,34,34,"Ec",23,0,1,1,0,1,0.511241695498657
"5255","1250","Ec_N",88,35,35,"Ec",23,0,1,1,0,1,0.511241695498657
"5256","1250","Ec_N",88,36,36,"Ec",23,0,1,1,0,1,0.511241695498657
"5257","1250","Ec_N",88,37,37,"Ec",23,0,1,1,0,1,0.511241695498657
"5258","1250","Ec_N",88,38,38,"Ec",23,0,1,1,0,1,0.511241695498657
"5259","1250","Ec_N",88,39,39,"Ec",23,0,1,1,0,1,0.511241695498657
"5260","1250","Ec_N",88,40,40,"Ec",31,0,1,1,1,1,0.778987345540232
"5261","1250","Ec_N",88,41,41,"Ec",31,0,1,1,1,1,0.778987345540232
"5262","1250","Ec_N",88,42,42,"Ec",31,0,1,1,1,1,0.778987345540232
"5263","1250","Ec_N",88,43,43,"Ec",31,0,1,1,1,1,0.778987345540232
"5264","1250","Ec_N",88,44,44,"Ec",31,0,1,1,1,1,0.778987345540232
"5265","1250","Ec_N",88,45,45,"Ec",31,0,1,1,1,1,0.778987345540232
"5266","1250","Ec_N",88,46,46,"Ec",31,0,1,1,1,1,0.778987345540232
"5267","1250","Ec_N",88,47,47,"Ec",31,0,1,1,1,1,0.778987345540232
"5268","1250","Ec_N",88,48,48,"Ec",31,0,1,1,1,1,0.778987345540232
"5269","1250","Ec_N",88,49,49,"Ec",31,0,1,1,1,1,0.778987345540232
"5270","1250","Ec_N",88,50,50,"Ec",32,1,1,1,1,1,1
"5271","1250","Ec_N",88,51,51,"Ec",32,1,1,1,1,1,1
"5272","1250","Ec_N",88,52,52,"Ec",32,1,1,1,1,1,1
"5273","1250","Ec_N",88,53,53,"Ec",32,1,1,1,1,1,1
"5274","1250","Ec_N",88,54,54,"Ec",32,1,1,1,1,1,1
"5275","1250","Ec_N",88,55,55,"Ec",32,1,1,1,1,1,1
"5276","1250","Ec_N",88,56,56,"Ec",32,1,1,1,1,1,1
"5277","1250","Ec_N",88,57,57,"Ec",32,1,1,1,1,1,1
"5278","1250","Ec_N",88,58,58,"Ec",32,1,1,1,1,1,1
"5279","1250","Ec_N",88,59,59,"Ec",32,1,1,1,1,1,1
"5280","1250","Ec_N",88,60,60,"Ec",32,1,1,1,1,1,1
"5281","1250","Ec_N",89,1,1,"Ec",1,0,0,0,0,0,0
"5282","1250","Ec_N",89,2,2,"Ec",1,0,0,0,0,0,0
"5283","1250","Ec_N",89,3,3,"Ec",1,0,0,0,0,0,0
"5284","1250","Ec_N",89,4,4,"Ec",1,0,0,0,0,0,0
"5285","1250","Ec_N",89,5,5,"Ec",1,0,0,0,0,0,0
"5286","1250","Ec_N",89,6,6,"Ec",1,0,0,0,0,0,0
"5287","1250","Ec_N",89,7,7,"Ec",1,0,0,0,0,0,0
"5288","1250","Ec_N",89,8,8,"Ec",1,0,0,0,0,0,0
"5289","1250","Ec_N",89,9,9,"Ec",1,0,0,0,0,0,0
"5290","1250","Ec_N",89,10,10,"Ec",1,0,0,0,0,0,0
"5291","1250","Ec_N",89,11,11,"Ec",1,0,0,0,0,0,0
"5292","1250","Ec_N",89,12,12,"Ec",1,0,0,0,0,0,0
"5293","1250","Ec_N",89,13,13,"Ec",1,0,0,0,0,0,0
"5294","1250","Ec_N",89,14,14,"Ec",1,0,0,0,0,0,0
"5295","1250","Ec_N",89,15,15,"Ec",1,0,0,0,0,0,0
"5296","1250","Ec_N",89,16,16,"Ec",9,0,0,0,1,0,0.267745650041575
"5297","1250","Ec_N",89,17,17,"Ec",9,0,0,0,1,0,0.267745650041575
"5298","1250","Ec_N",89,18,18,"Ec",9,0,0,0,1,0,0.267745650041575
"5299","1250","Ec_N",89,19,19,"Ec",9,0,0,0,1,0,0.267745650041575
"5300","1250","Ec_N",89,20,20,"Ec",9,0,0,0,1,0,0.267745650041575
"5301","1250","Ec_N",89,21,21,"Ec",9,0,0,0,1,0,0.267745650041575
"5302","1250","Ec_N",89,22,22,"Ec",9,0,0,0,1,0,0.267745650041575
"5303","1250","Ec_N",89,23,23,"Ec",9,0,0,0,1,0,0.267745650041575
"5304","1250","Ec_N",89,24,24,"Ec",9,0,0,0,1,0,0.267745650041575
"5305","1250","Ec_N",89,25,25,"Ec",9,0,0,0,1,0,0.267745650041575
"5306","1250","Ec_N",89,26,26,"Ec",9,0,0,0,1,0,0.267745650041575
"5307","1250","Ec_N",89,27,27,"Ec",9,0,0,0,1,0,0.267745650041575
"5308","1250","Ec_N",89,28,28,"Ec",13,0,0,1,1,0,0.499809141804299
"5309","1250","Ec_N",89,29,29,"Ec",13,0,0,1,1,0,0.499809141804299
"5310","1250","Ec_N",89,30,30,"Ec",15,0,1,1,1,0,0.582459721219413
"5311","1250","Ec_N",89,31,31,"Ec",15,0,1,1,1,0,0.582459721219413
"5312","1250","Ec_N",89,32,32,"Ec",15,0,1,1,1,0,0.582459721219413
"5313","1250","Ec_N",89,33,33,"Ec",15,0,1,1,1,0,0.582459721219413
"5314","1250","Ec_N",89,34,34,"Ec",15,0,1,1,1,0,0.582459721219413
"5315","1250","Ec_N",89,35,35,"Ec",15,0,1,1,1,0,0.582459721219413
"5316","1250","Ec_N",89,36,36,"Ec",15,0,1,1,1,0,0.582459721219413
"5317","1250","Ec_N",89,37,37,"Ec",31,0,1,1,1,1,0.778987345540232
"5318","1250","Ec_N",89,38,38,"Ec",31,0,1,1,1,1,0.778987345540232
"5319","1250","Ec_N",89,39,39,"Ec",31,0,1,1,1,1,0.778987345540232
"5320","1250","Ec_N",89,40,40,"Ec",31,0,1,1,1,1,0.778987345540232
"5321","1250","Ec_N",89,41,41,"Ec",31,0,1,1,1,1,0.778987345540232
"5322","1250","Ec_N",89,42,42,"Ec",31,0,1,1,1,1,0.778987345540232
"5323","1250","Ec_N",89,43,43,"Ec",31,0,1,1,1,1,0.778987345540232
"5324","1250","Ec_N",89,44,44,"Ec",31,0,1,1,1,1,0.778987345540232
"5325","1250","Ec_N",89,45,45,"Ec",31,0,1,1,1,1,0.778987345540232
"5326","1250","Ec_N",89,46,46,"Ec",31,0,1,1,1,1,0.778987345540232
"5327","1250","Ec_N",89,47,47,"Ec",31,0,1,1,1,1,0.778987345540232
"5328","1250","Ec_N",89,48,48,"Ec",31,0,1,1,1,1,0.778987345540232
"5329","1250","Ec_N",89,49,49,"Ec",31,0,1,1,1,1,0.778987345540232
"5330","1250","Ec_N",89,50,50,"Ec",31,0,1,1,1,1,0.778987345540232
"5331","1250","Ec_N",89,51,51,"Ec",31,0,1,1,1,1,0.778987345540232
"5332","1250","Ec_N",89,52,52,"Ec",31,0,1,1,1,1,0.778987345540232
"5333","1250","Ec_N",89,53,53,"Ec",31,0,1,1,1,1,0.778987345540232
"5334","1250","Ec_N",89,54,54,"Ec",31,0,1,1,1,1,0.778987345540232
"5335","1250","Ec_N",89,55,55,"Ec",31,0,1,1,1,1,0.778987345540232
"5336","1250","Ec_N",89,56,56,"Ec",31,0,1,1,1,1,0.778987345540232
"5337","1250","Ec_N",89,57,57,"Ec",31,0,1,1,1,1,0.778987345540232
"5338","1250","Ec_N",89,58,58,"Ec",32,1,1,1,1,1,1
"5339","1250","Ec_N",89,59,59,"Ec",32,1,1,1,1,1,1
"5340","1250","Ec_N",89,60,60,"Ec",32,1,1,1,1,1,1
"5341","1250","Ec_N",90,1,1,"Ec",1,0,0,0,0,0,0
"5342","1250","Ec_N",90,2,2,"Ec",1,0,0,0,0,0,0
"5343","1250","Ec_N",90,3,3,"Ec",1,0,0,0,0,0,0
"5344","1250","Ec_N",90,4,4,"Ec",1,0,0,0,0,0,0
"5345","1250","Ec_N",90,5,5,"Ec",1,0,0,0,0,0,0
"5346","1250","Ec_N",90,6,6,"Ec",9,0,0,0,1,0,0.267745650041575
"5347","1250","Ec_N",90,7,7,"Ec",9,0,0,0,1,0,0.267745650041575
"5348","1250","Ec_N",90,8,8,"Ec",9,0,0,0,1,0,0.267745650041575
"5349","1250","Ec_N",90,9,9,"Ec",9,0,0,0,1,0,0.267745650041575
"5350","1250","Ec_N",90,10,10,"Ec",9,0,0,0,1,0,0.267745650041575
"5351","1250","Ec_N",90,11,11,"Ec",9,0,0,0,1,0,0.267745650041575
"5352","1250","Ec_N",90,12,12,"Ec",9,0,0,0,1,0,0.267745650041575
"5353","1250","Ec_N",90,13,13,"Ec",9,0,0,0,1,0,0.267745650041575
"5354","1250","Ec_N",90,14,14,"Ec",9,0,0,0,1,0,0.267745650041575
"5355","1250","Ec_N",90,15,15,"Ec",9,0,0,0,1,0,0.267745650041575
"5356","1250","Ec_N",90,16,16,"Ec",9,0,0,0,1,0,0.267745650041575
"5357","1250","Ec_N",90,17,17,"Ec",9,0,0,0,1,0,0.267745650041575
"5358","1250","Ec_N",90,18,18,"Ec",9,0,0,0,1,0,0.267745650041575
"5359","1250","Ec_N",90,19,19,"Ec",9,0,0,0,1,0,0.267745650041575
"5360","1250","Ec_N",90,20,20,"Ec",9,0,0,0,1,0,0.267745650041575
"5361","1250","Ec_N",90,21,21,"Ec",9,0,0,0,1,0,0.267745650041575
"5362","1250","Ec_N",90,22,22,"Ec",9,0,0,0,1,0,0.267745650041575
"5363","1250","Ec_N",90,23,23,"Ec",9,0,0,0,1,0,0.267745650041575
"5364","1250","Ec_N",90,24,24,"Ec",9,0,0,0,1,0,0.267745650041575
"5365","1250","Ec_N",90,25,25,"Ec",9,0,0,0,1,0,0.267745650041575
"5366","1250","Ec_N",90,26,26,"Ec",9,0,0,0,1,0,0.267745650041575
"5367","1250","Ec_N",90,27,27,"Ec",9,0,0,0,1,0,0.267745650041575
"5368","1250","Ec_N",90,28,28,"Ec",9,0,0,0,1,0,0.267745650041575
"5369","1250","Ec_N",90,29,29,"Ec",9,0,0,0,1,0,0.267745650041575
"5370","1250","Ec_N",90,30,30,"Ec",9,0,0,0,1,0,0.267745650041575
"5371","1250","Ec_N",90,31,31,"Ec",10,1,0,0,1,0,0.488758304501343
"5372","1250","Ec_N",90,32,32,"Ec",10,1,0,0,1,0,0.488758304501343
"5373","1250","Ec_N",90,33,33,"Ec",10,1,0,0,1,0,0.488758304501343
"5374","1250","Ec_N",90,34,34,"Ec",10,1,0,0,1,0,0.488758304501343
"5375","1250","Ec_N",90,35,35,"Ec",12,1,1,0,1,0,0.552627762799163
"5376","1250","Ec_N",90,36,36,"Ec",12,1,1,0,1,0,0.552627762799163
"5377","1250","Ec_N",90,37,37,"Ec",12,1,1,0,1,0,0.552627762799163
"5378","1250","Ec_N",90,38,38,"Ec",12,1,1,0,1,0,0.552627762799163
"5379","1250","Ec_N",90,39,39,"Ec",12,1,1,0,1,0,0.552627762799163
"5380","1250","Ec_N",90,40,40,"Ec",16,1,1,1,1,0,0.879284144928883
"5381","1250","Ec_N",90,41,41,"Ec",16,1,1,1,1,0,0.879284144928883
"5382","1250","Ec_N",90,42,42,"Ec",16,1,1,1,1,0,0.879284144928883
"5383","1250","Ec_N",90,43,43,"Ec",16,1,1,1,1,0,0.879284144928883
"5384","1250","Ec_N",90,44,44,"Ec",16,1,1,1,1,0,0.879284144928883
"5385","1250","Ec_N",90,45,45,"Ec",16,1,1,1,1,0,0.879284144928883
"5386","1250","Ec_N",90,46,46,"Ec",16,1,1,1,1,0,0.879284144928883
"5387","1250","Ec_N",90,47,47,"Ec",16,1,1,1,1,0,0.879284144928883
"5388","1250","Ec_N",90,48,48,"Ec",16,1,1,1,1,0,0.879284144928883
"5389","1250","Ec_N",90,49,49,"Ec",16,1,1,1,1,0,0.879284144928883
"5390","1250","Ec_N",90,50,50,"Ec",16,1,1,1,1,0,0.879284144928883
"5391","1250","Ec_N",90,51,51,"Ec",16,1,1,1,1,0,0.879284144928883
"5392","1250","Ec_N",90,52,52,"Ec",16,1,1,1,1,0,0.879284144928883
"5393","1250","Ec_N",90,53,53,"Ec",16,1,1,1,1,0,0.879284144928883
"5394","1250","Ec_N",90,54,54,"Ec",16,1,1,1,1,0,0.879284144928883
"5395","1250","Ec_N",90,55,55,"Ec",16,1,1,1,1,0,0.879284144928883
"5396","1250","Ec_N",90,56,56,"Ec",16,1,1,1,1,0,0.879284144928883
"5397","1250","Ec_N",90,57,57,"Ec",16,1,1,1,1,0,0.879284144928883
"5398","1250","Ec_N",90,58,58,"Ec",16,1,1,1,1,0,0.879284144928883
"5399","1250","Ec_N",90,59,59,"Ec",16,1,1,1,1,0,0.879284144928883
"5400","1250","Ec_N",90,60,60,"Ec",16,1,1,1,1,0,0.879284144928883
"5401","1250","Ec_N",91,1,1,"Ec",1,0,0,0,0,0,0
"5402","1250","Ec_N",91,2,2,"Ec",1,0,0,0,0,0,0
"5403","1250","Ec_N",91,3,3,"Ec",1,0,0,0,0,0,0
"5404","1250","Ec_N",91,4,4,"Ec",1,0,0,0,0,0,0
"5405","1250","Ec_N",91,5,5,"Ec",1,0,0,0,0,0,0
"5406","1250","Ec_N",91,6,6,"Ec",1,0,0,0,0,0,0
"5407","1250","Ec_N",91,7,7,"Ec",3,0,1,0,0,0,0.082650579415114
"5408","1250","Ec_N",91,8,8,"Ec",4,1,1,0,0,0,0.303663233874882
"5409","1250","Ec_N",91,9,9,"Ec",4,1,1,0,0,0,0.303663233874882
"5410","1250","Ec_N",91,10,10,"Ec",12,1,1,0,1,0,0.552627762799163
"5411","1250","Ec_N",91,11,11,"Ec",12,1,1,0,1,0,0.552627762799163
"5412","1250","Ec_N",91,12,12,"Ec",12,1,1,0,1,0,0.552627762799163
"5413","1250","Ec_N",91,13,13,"Ec",12,1,1,0,1,0,0.552627762799163
"5414","1250","Ec_N",91,14,14,"Ec",12,1,1,0,1,0,0.552627762799163
"5415","1250","Ec_N",91,15,15,"Ec",12,1,1,0,1,0,0.552627762799163
"5416","1250","Ec_N",91,16,16,"Ec",12,1,1,0,1,0,0.552627762799163
"5417","1250","Ec_N",91,17,17,"Ec",12,1,1,0,1,0,0.552627762799163
"5418","1250","Ec_N",91,18,18,"Ec",28,1,1,0,1,1,0.770762719311211
"5419","1250","Ec_N",91,19,19,"Ec",28,1,1,0,1,1,0.770762719311211
"5420","1250","Ec_N",91,20,20,"Ec",28,1,1,0,1,1,0.770762719311211
"5421","1250","Ec_N",91,21,21,"Ec",28,1,1,0,1,1,0.770762719311211
"5422","1250","Ec_N",91,22,22,"Ec",28,1,1,0,1,1,0.770762719311211
"5423","1250","Ec_N",91,23,23,"Ec",32,1,1,1,1,1,1
"5424","1250","Ec_N",91,24,24,"Ec",32,1,1,1,1,1,1
"5425","1250","Ec_N",91,25,25,"Ec",32,1,1,1,1,1,1
"5426","1250","Ec_N",91,26,26,"Ec",32,1,1,1,1,1,1
"5427","1250","Ec_N",91,27,27,"Ec",32,1,1,1,1,1,1
"5428","1250","Ec_N",91,28,28,"Ec",32,1,1,1,1,1,1
"5429","1250","Ec_N",91,29,29,"Ec",32,1,1,1,1,1,1
"5430","1250","Ec_N",91,30,30,"Ec",32,1,1,1,1,1,1
"5431","1250","Ec_N",91,31,31,"Ec",32,1,1,1,1,1,1
"5432","1250","Ec_N",91,32,32,"Ec",32,1,1,1,1,1,1
"5433","1250","Ec_N",91,33,33,"Ec",32,1,1,1,1,1,1
"5434","1250","Ec_N",91,34,34,"Ec",32,1,1,1,1,1,1
"5435","1250","Ec_N",91,35,35,"Ec",32,1,1,1,1,1,1
"5436","1250","Ec_N",91,36,36,"Ec",32,1,1,1,1,1,1
"5437","1250","Ec_N",91,37,37,"Ec",32,1,1,1,1,1,1
"5438","1250","Ec_N",91,38,38,"Ec",32,1,1,1,1,1,1
"5439","1250","Ec_N",91,39,39,"Ec",32,1,1,1,1,1,1
"5440","1250","Ec_N",91,40,40,"Ec",32,1,1,1,1,1,1
"5441","1250","Ec_N",91,41,41,"Ec",32,1,1,1,1,1,1
"5442","1250","Ec_N",91,42,42,"Ec",32,1,1,1,1,1,1
"5443","1250","Ec_N",91,43,43,"Ec",32,1,1,1,1,1,1
"5444","1250","Ec_N",91,44,44,"Ec",32,1,1,1,1,1,1
"5445","1250","Ec_N",91,45,45,"Ec",32,1,1,1,1,1,1
"5446","1250","Ec_N",91,46,46,"Ec",32,1,1,1,1,1,1
"5447","1250","Ec_N",91,47,47,"Ec",32,1,1,1,1,1,1
"5448","1250","Ec_N",91,48,48,"Ec",32,1,1,1,1,1,1
"5449","1250","Ec_N",91,49,49,"Ec",32,1,1,1,1,1,1
"5450","1250","Ec_N",91,50,50,"Ec",32,1,1,1,1,1,1
"5451","1250","Ec_N",91,51,51,"Ec",32,1,1,1,1,1,1
"5452","1250","Ec_N",91,52,52,"Ec",32,1,1,1,1,1,1
"5453","1250","Ec_N",91,53,53,"Ec",32,1,1,1,1,1,1
"5454","1250","Ec_N",91,54,54,"Ec",32,1,1,1,1,1,1
"5455","1250","Ec_N",91,55,55,"Ec",32,1,1,1,1,1,1
"5456","1250","Ec_N",91,56,56,"Ec",32,1,1,1,1,1,1
"5457","1250","Ec_N",91,57,57,"Ec",32,1,1,1,1,1,1
"5458","1250","Ec_N",91,58,58,"Ec",32,1,1,1,1,1,1
"5459","1250","Ec_N",91,59,59,"Ec",32,1,1,1,1,1,1
"5460","1250","Ec_N",91,60,60,"Ec",32,1,1,1,1,1,1
"5461","1250","Ec_N",92,1,1,"Ec",1,0,0,0,0,0,0
"5462","1250","Ec_N",92,2,2,"Ec",17,0,0,0,0,1,0.14692246949649
"5463","1250","Ec_N",92,3,3,"Ec",17,0,0,0,0,1,0.14692246949649
"5464","1250","Ec_N",92,4,4,"Ec",17,0,0,0,0,1,0.14692246949649
"5465","1250","Ec_N",92,5,5,"Ec",17,0,0,0,0,1,0.14692246949649
"5466","1250","Ec_N",92,6,6,"Ec",17,0,0,0,0,1,0.14692246949649
"5467","1250","Ec_N",92,7,7,"Ec",17,0,0,0,0,1,0.14692246949649
"5468","1250","Ec_N",92,8,8,"Ec",17,0,0,0,0,1,0.14692246949649
"5469","1250","Ec_N",92,9,9,"Ec",17,0,0,0,0,1,0.14692246949649
"5470","1250","Ec_N",92,10,10,"Ec",18,1,0,0,0,1,0.417540278780587
"5471","1250","Ec_N",92,11,11,"Ec",18,1,0,0,0,1,0.417540278780587
"5472","1250","Ec_N",92,12,12,"Ec",18,1,0,0,0,1,0.417540278780587
"5473","1250","Ec_N",92,13,13,"Ec",22,1,0,1,0,1,0.649603770543311
"5474","1250","Ec_N",92,14,14,"Ec",22,1,0,1,0,1,0.649603770543311
"5475","1250","Ec_N",92,15,15,"Ec",22,1,0,1,0,1,0.649603770543311
"5476","1250","Ec_N",92,16,16,"Ec",24,1,1,1,0,1,0.732254349958425
"5477","1250","Ec_N",92,17,17,"Ec",24,1,1,1,0,1,0.732254349958425
"5478","1250","Ec_N",92,18,18,"Ec",24,1,1,1,0,1,0.732254349958425
"5479","1250","Ec_N",92,19,19,"Ec",24,1,1,1,0,1,0.732254349958425
"5480","1250","Ec_N",92,20,20,"Ec",24,1,1,1,0,1,0.732254349958425
"5481","1250","Ec_N",92,21,21,"Ec",24,1,1,1,0,1,0.732254349958425
"5482","1250","Ec_N",92,22,22,"Ec",24,1,1,1,0,1,0.732254349958425
"5483","1250","Ec_N",92,23,23,"Ec",24,1,1,1,0,1,0.732254349958425
"5484","1250","Ec_N",92,24,24,"Ec",24,1,1,1,0,1,0.732254349958425
"5485","1250","Ec_N",92,25,25,"Ec",24,1,1,1,0,1,0.732254349958425
"5486","1250","Ec_N",92,26,26,"Ec",24,1,1,1,0,1,0.732254349958425
"5487","1250","Ec_N",92,27,27,"Ec",24,1,1,1,0,1,0.732254349958425
"5488","1250","Ec_N",92,28,28,"Ec",24,1,1,1,0,1,0.732254349958425
"5489","1250","Ec_N",92,29,29,"Ec",24,1,1,1,0,1,0.732254349958425
"5490","1250","Ec_N",92,30,30,"Ec",24,1,1,1,0,1,0.732254349958425
"5491","1250","Ec_N",92,31,31,"Ec",24,1,1,1,0,1,0.732254349958425
"5492","1250","Ec_N",92,32,32,"Ec",24,1,1,1,0,1,0.732254349958425
"5493","1250","Ec_N",92,33,33,"Ec",24,1,1,1,0,1,0.732254349958425
"5494","1250","Ec_N",92,34,34,"Ec",24,1,1,1,0,1,0.732254349958425
"5495","1250","Ec_N",92,35,35,"Ec",24,1,1,1,0,1,0.732254349958425
"5496","1250","Ec_N",92,36,36,"Ec",24,1,1,1,0,1,0.732254349958425
"5497","1250","Ec_N",92,37,37,"Ec",24,1,1,1,0,1,0.732254349958425
"5498","1250","Ec_N",92,38,38,"Ec",24,1,1,1,0,1,0.732254349958425
"5499","1250","Ec_N",92,39,39,"Ec",24,1,1,1,0,1,0.732254349958425
"5500","1250","Ec_N",92,40,40,"Ec",24,1,1,1,0,1,0.732254349958425
"5501","1250","Ec_N",92,41,41,"Ec",24,1,1,1,0,1,0.732254349958425
"5502","1250","Ec_N",92,42,42,"Ec",24,1,1,1,0,1,0.732254349958425
"5503","1250","Ec_N",92,43,43,"Ec",24,1,1,1,0,1,0.732254349958425
"5504","1250","Ec_N",92,44,44,"Ec",24,1,1,1,0,1,0.732254349958425
"5505","1250","Ec_N",92,45,45,"Ec",24,1,1,1,0,1,0.732254349958425
"5506","1250","Ec_N",92,46,46,"Ec",24,1,1,1,0,1,0.732254349958425
"5507","1250","Ec_N",92,47,47,"Ec",24,1,1,1,0,1,0.732254349958425
"5508","1250","Ec_N",92,48,48,"Ec",24,1,1,1,0,1,0.732254349958425
"5509","1250","Ec_N",92,49,49,"Ec",24,1,1,1,0,1,0.732254349958425
"5510","1250","Ec_N",92,50,50,"Ec",24,1,1,1,0,1,0.732254349958425
"5511","1250","Ec_N",92,51,51,"Ec",24,1,1,1,0,1,0.732254349958425
"5512","1250","Ec_N",92,52,52,"Ec",24,1,1,1,0,1,0.732254349958425
"5513","1250","Ec_N",92,53,53,"Ec",24,1,1,1,0,1,0.732254349958425
"5514","1250","Ec_N",92,54,54,"Ec",24,1,1,1,0,1,0.732254349958425
"5515","1250","Ec_N",92,55,55,"Ec",24,1,1,1,0,1,0.732254349958425
"5516","1250","Ec_N",92,56,56,"Ec",24,1,1,1,0,1,0.732254349958425
"5517","1250","Ec_N",92,57,57,"Ec",24,1,1,1,0,1,0.732254349958425
"5518","1250","Ec_N",92,58,58,"Ec",24,1,1,1,0,1,0.732254349958425
"5519","1250","Ec_N",92,59,59,"Ec",24,1,1,1,0,1,0.732254349958425
"5520","1250","Ec_N",92,60,60,"Ec",24,1,1,1,0,1,0.732254349958425
"5521","1250","Ec_N",93,1,1,"Ec",1,0,0,0,0,0,0
"5522","1250","Ec_N",93,2,2,"Ec",1,0,0,0,0,0,0
"5523","1250","Ec_N",93,3,3,"Ec",2,1,0,0,0,0,0.221012654459768
"5524","1250","Ec_N",93,4,4,"Ec",2,1,0,0,0,0,0.221012654459768
"5525","1250","Ec_N",93,5,5,"Ec",2,1,0,0,0,0,0.221012654459768
"5526","1250","Ec_N",93,6,6,"Ec",2,1,0,0,0,0,0.221012654459768
"5527","1250","Ec_N",93,7,7,"Ec",2,1,0,0,0,0,0.221012654459768
"5528","1250","Ec_N",93,8,8,"Ec",2,1,0,0,0,0,0.221012654459768
"5529","1250","Ec_N",93,9,9,"Ec",2,1,0,0,0,0,0.221012654459768
"5530","1250","Ec_N",93,10,10,"Ec",6,1,0,1,0,0,0.453076146222492
"5531","1250","Ec_N",93,11,11,"Ec",6,1,0,1,0,0,0.453076146222492
"5532","1250","Ec_N",93,12,12,"Ec",6,1,0,1,0,0,0.453076146222492
"5533","1250","Ec_N",93,13,13,"Ec",6,1,0,1,0,0,0.453076146222492
"5534","1250","Ec_N",93,14,14,"Ec",6,1,0,1,0,0,0.453076146222492
"5535","1250","Ec_N",93,15,15,"Ec",6,1,0,1,0,0,0.453076146222492
"5536","1250","Ec_N",93,16,16,"Ec",6,1,0,1,0,0,0.453076146222492
"5537","1250","Ec_N",93,17,17,"Ec",6,1,0,1,0,0,0.453076146222492
"5538","1250","Ec_N",93,18,18,"Ec",6,1,0,1,0,0,0.453076146222492
"5539","1250","Ec_N",93,19,19,"Ec",6,1,0,1,0,0,0.453076146222492
"5540","1250","Ec_N",93,20,20,"Ec",6,1,0,1,0,0,0.453076146222492
"5541","1250","Ec_N",93,21,21,"Ec",6,1,0,1,0,0,0.453076146222492
"5542","1250","Ec_N",93,22,22,"Ec",6,1,0,1,0,0,0.453076146222492
"5543","1250","Ec_N",93,23,23,"Ec",6,1,0,1,0,0,0.453076146222492
"5544","1250","Ec_N",93,24,24,"Ec",6,1,0,1,0,0,0.453076146222492
"5545","1250","Ec_N",93,25,25,"Ec",6,1,0,1,0,0,0.453076146222492
"5546","1250","Ec_N",93,26,26,"Ec",6,1,0,1,0,0,0.453076146222492
"5547","1250","Ec_N",93,27,27,"Ec",6,1,0,1,0,0,0.453076146222492
"5548","1250","Ec_N",93,28,28,"Ec",6,1,0,1,0,0,0.453076146222492
"5549","1250","Ec_N",93,29,29,"Ec",6,1,0,1,0,0,0.453076146222492
"5550","1250","Ec_N",93,30,30,"Ec",6,1,0,1,0,0,0.453076146222492
"5551","1250","Ec_N",93,31,31,"Ec",6,1,0,1,0,0,0.453076146222492
"5552","1250","Ec_N",93,32,32,"Ec",6,1,0,1,0,0,0.453076146222492
"5553","1250","Ec_N",93,33,33,"Ec",6,1,0,1,0,0,0.453076146222492
"5554","1250","Ec_N",93,34,34,"Ec",6,1,0,1,0,0,0.453076146222492
"5555","1250","Ec_N",93,35,35,"Ec",6,1,0,1,0,0,0.453076146222492
"5556","1250","Ec_N",93,36,36,"Ec",6,1,0,1,0,0,0.453076146222492
"5557","1250","Ec_N",93,37,37,"Ec",6,1,0,1,0,0,0.453076146222492
"5558","1250","Ec_N",93,38,38,"Ec",6,1,0,1,0,0,0.453076146222492
"5559","1250","Ec_N",93,39,39,"Ec",22,1,0,1,0,1,0.649603770543311
"5560","1250","Ec_N",93,40,40,"Ec",22,1,0,1,0,1,0.649603770543311
"5561","1250","Ec_N",93,41,41,"Ec",22,1,0,1,0,1,0.649603770543311
"5562","1250","Ec_N",93,42,42,"Ec",22,1,0,1,0,1,0.649603770543311
"5563","1250","Ec_N",93,43,43,"Ec",22,1,0,1,0,1,0.649603770543311
"5564","1250","Ec_N",93,44,44,"Ec",22,1,0,1,0,1,0.649603770543311
"5565","1250","Ec_N",93,45,45,"Ec",22,1,0,1,0,1,0.649603770543311
"5566","1250","Ec_N",93,46,46,"Ec",22,1,0,1,0,1,0.649603770543311
"5567","1250","Ec_N",93,47,47,"Ec",22,1,0,1,0,1,0.649603770543311
"5568","1250","Ec_N",93,48,48,"Ec",30,1,0,1,1,1,0.981696467924213
"5569","1250","Ec_N",93,49,49,"Ec",30,1,0,1,1,1,0.981696467924213
"5570","1250","Ec_N",93,50,50,"Ec",30,1,0,1,1,1,0.981696467924213
"5571","1250","Ec_N",93,51,51,"Ec",32,1,1,1,1,1,1
"5572","1250","Ec_N",93,52,52,"Ec",32,1,1,1,1,1,1
"5573","1250","Ec_N",93,53,53,"Ec",32,1,1,1,1,1,1
"5574","1250","Ec_N",93,54,54,"Ec",32,1,1,1,1,1,1
"5575","1250","Ec_N",93,55,55,"Ec",32,1,1,1,1,1,1
"5576","1250","Ec_N",93,56,56,"Ec",32,1,1,1,1,1,1
"5577","1250","Ec_N",93,57,57,"Ec",32,1,1,1,1,1,1
"5578","1250","Ec_N",93,58,58,"Ec",32,1,1,1,1,1,1
"5579","1250","Ec_N",93,59,59,"Ec",32,1,1,1,1,1,1
"5580","1250","Ec_N",93,60,60,"Ec",32,1,1,1,1,1,1
"5581","1250","Ec_N",94,1,1,"Ec",1,0,0,0,0,0,0
"5582","1250","Ec_N",94,2,2,"Ec",1,0,0,0,0,0,0
"5583","1250","Ec_N",94,3,3,"Ec",9,0,0,0,1,0,0.267745650041575
"5584","1250","Ec_N",94,4,4,"Ec",9,0,0,0,1,0,0.267745650041575
"5585","1250","Ec_N",94,5,5,"Ec",9,0,0,0,1,0,0.267745650041575
"5586","1250","Ec_N",94,6,6,"Ec",9,0,0,0,1,0,0.267745650041575
"5587","1250","Ec_N",94,7,7,"Ec",9,0,0,0,1,0,0.267745650041575
"5588","1250","Ec_N",94,8,8,"Ec",9,0,0,0,1,0,0.267745650041575
"5589","1250","Ec_N",94,9,9,"Ec",9,0,0,0,1,0,0.267745650041575
"5590","1250","Ec_N",94,10,10,"Ec",13,0,0,1,1,0,0.499809141804299
"5591","1250","Ec_N",94,11,11,"Ec",13,0,0,1,1,0,0.499809141804299
"5592","1250","Ec_N",94,12,12,"Ec",29,0,0,1,1,1,0.696336766125118
"5593","1250","Ec_N",94,13,13,"Ec",29,0,0,1,1,1,0.696336766125118
"5594","1250","Ec_N",94,14,14,"Ec",29,0,0,1,1,1,0.696336766125118
"5595","1250","Ec_N",94,15,15,"Ec",29,0,0,1,1,1,0.696336766125118
"5596","1250","Ec_N",94,16,16,"Ec",29,0,0,1,1,1,0.696336766125118
"5597","1250","Ec_N",94,17,17,"Ec",30,1,0,1,1,1,0.981696467924213
"5598","1250","Ec_N",94,18,18,"Ec",30,1,0,1,1,1,0.981696467924213
"5599","1250","Ec_N",94,19,19,"Ec",30,1,0,1,1,1,0.981696467924213
"5600","1250","Ec_N",94,20,20,"Ec",30,1,0,1,1,1,0.981696467924213
"5601","1250","Ec_N",94,21,21,"Ec",30,1,0,1,1,1,0.981696467924213
"5602","1250","Ec_N",94,22,22,"Ec",30,1,0,1,1,1,0.981696467924213
"5603","1250","Ec_N",94,23,23,"Ec",30,1,0,1,1,1,0.981696467924213
"5604","1250","Ec_N",94,24,24,"Ec",30,1,0,1,1,1,0.981696467924213
"5605","1250","Ec_N",94,25,25,"Ec",30,1,0,1,1,1,0.981696467924213
"5606","1250","Ec_N",94,26,26,"Ec",30,1,0,1,1,1,0.981696467924213
"5607","1250","Ec_N",94,27,27,"Ec",30,1,0,1,1,1,0.981696467924213
"5608","1250","Ec_N",94,28,28,"Ec",32,1,1,1,1,1,1
"5609","1250","Ec_N",94,29,29,"Ec",32,1,1,1,1,1,1
"5610","1250","Ec_N",94,30,30,"Ec",32,1,1,1,1,1,1
"5611","1250","Ec_N",94,31,31,"Ec",32,1,1,1,1,1,1
"5612","1250","Ec_N",94,32,32,"Ec",32,1,1,1,1,1,1
"5613","1250","Ec_N",94,33,33,"Ec",32,1,1,1,1,1,1
"5614","1250","Ec_N",94,34,34,"Ec",32,1,1,1,1,1,1
"5615","1250","Ec_N",94,35,35,"Ec",32,1,1,1,1,1,1
"5616","1250","Ec_N",94,36,36,"Ec",32,1,1,1,1,1,1
"5617","1250","Ec_N",94,37,37,"Ec",32,1,1,1,1,1,1
"5618","1250","Ec_N",94,38,38,"Ec",32,1,1,1,1,1,1
"5619","1250","Ec_N",94,39,39,"Ec",32,1,1,1,1,1,1
"5620","1250","Ec_N",94,40,40,"Ec",32,1,1,1,1,1,1
"5621","1250","Ec_N",94,41,41,"Ec",32,1,1,1,1,1,1
"5622","1250","Ec_N",94,42,42,"Ec",32,1,1,1,1,1,1
"5623","1250","Ec_N",94,43,43,"Ec",32,1,1,1,1,1,1
"5624","1250","Ec_N",94,44,44,"Ec",32,1,1,1,1,1,1
"5625","1250","Ec_N",94,45,45,"Ec",32,1,1,1,1,1,1
"5626","1250","Ec_N",94,46,46,"Ec",32,1,1,1,1,1,1
"5627","1250","Ec_N",94,47,47,"Ec",32,1,1,1,1,1,1
"5628","1250","Ec_N",94,48,48,"Ec",32,1,1,1,1,1,1
"5629","1250","Ec_N",94,49,49,"Ec",32,1,1,1,1,1,1
"5630","1250","Ec_N",94,50,50,"Ec",32,1,1,1,1,1,1
"5631","1250","Ec_N",94,51,51,"Ec",32,1,1,1,1,1,1
"5632","1250","Ec_N",94,52,52,"Ec",32,1,1,1,1,1,1
"5633","1250","Ec_N",94,53,53,"Ec",32,1,1,1,1,1,1
"5634","1250","Ec_N",94,54,54,"Ec",32,1,1,1,1,1,1
"5635","1250","Ec_N",94,55,55,"Ec",32,1,1,1,1,1,1
"5636","1250","Ec_N",94,56,56,"Ec",32,1,1,1,1,1,1
"5637","1250","Ec_N",94,57,57,"Ec",32,1,1,1,1,1,1
"5638","1250","Ec_N",94,58,58,"Ec",32,1,1,1,1,1,1
"5639","1250","Ec_N",94,59,59,"Ec",32,1,1,1,1,1,1
"5640","1250","Ec_N",94,60,60,"Ec",32,1,1,1,1,1,1
"5641","1250","Ec_N",95,1,1,"Ec",1,0,0,0,0,0,0
"5642","1250","Ec_N",95,2,2,"Ec",1,0,0,0,0,0,0
"5643","1250","Ec_N",95,3,3,"Ec",1,0,0,0,0,0,0
"5644","1250","Ec_N",95,4,4,"Ec",1,0,0,0,0,0,0
"5645","1250","Ec_N",95,5,5,"Ec",1,0,0,0,0,0,0
"5646","1250","Ec_N",95,6,6,"Ec",1,0,0,0,0,0,0
"5647","1250","Ec_N",95,7,7,"Ec",5,0,0,1,0,0,0.232063491762724
"5648","1250","Ec_N",95,8,8,"Ec",5,0,0,1,0,0,0.232063491762724
"5649","1250","Ec_N",95,9,9,"Ec",5,0,0,1,0,0,0.232063491762724
"5650","1250","Ec_N",95,10,10,"Ec",5,0,0,1,0,0,0.232063491762724
"5651","1250","Ec_N",95,11,11,"Ec",6,1,0,1,0,0,0.453076146222492
"5652","1250","Ec_N",95,12,12,"Ec",6,1,0,1,0,0,0.453076146222492
"5653","1250","Ec_N",95,13,13,"Ec",6,1,0,1,0,0,0.453076146222492
"5654","1250","Ec_N",95,14,14,"Ec",6,1,0,1,0,0,0.453076146222492
"5655","1250","Ec_N",95,15,15,"Ec",6,1,0,1,0,0,0.453076146222492
"5656","1250","Ec_N",95,16,16,"Ec",6,1,0,1,0,0,0.453076146222492
"5657","1250","Ec_N",95,17,17,"Ec",6,1,0,1,0,0,0.453076146222492
"5658","1250","Ec_N",95,18,18,"Ec",6,1,0,1,0,0,0.453076146222492
"5659","1250","Ec_N",95,19,19,"Ec",6,1,0,1,0,0,0.453076146222492
"5660","1250","Ec_N",95,20,20,"Ec",6,1,0,1,0,0,0.453076146222492
"5661","1250","Ec_N",95,21,21,"Ec",6,1,0,1,0,0,0.453076146222492
"5662","1250","Ec_N",95,22,22,"Ec",6,1,0,1,0,0,0.453076146222492
"5663","1250","Ec_N",95,23,23,"Ec",6,1,0,1,0,0,0.453076146222492
"5664","1250","Ec_N",95,24,24,"Ec",6,1,0,1,0,0,0.453076146222492
"5665","1250","Ec_N",95,25,25,"Ec",22,1,0,1,0,1,0.649603770543311
"5666","1250","Ec_N",95,26,26,"Ec",22,1,0,1,0,1,0.649603770543311
"5667","1250","Ec_N",95,27,27,"Ec",22,1,0,1,0,1,0.649603770543311
"5668","1250","Ec_N",95,28,28,"Ec",22,1,0,1,0,1,0.649603770543311
"5669","1250","Ec_N",95,29,29,"Ec",22,1,0,1,0,1,0.649603770543311
"5670","1250","Ec_N",95,30,30,"Ec",22,1,0,1,0,1,0.649603770543311
"5671","1250","Ec_N",95,31,31,"Ec",22,1,0,1,0,1,0.649603770543311
"5672","1250","Ec_N",95,32,32,"Ec",22,1,0,1,0,1,0.649603770543311
"5673","1250","Ec_N",95,33,33,"Ec",22,1,0,1,0,1,0.649603770543311
"5674","1250","Ec_N",95,34,34,"Ec",22,1,0,1,0,1,0.649603770543311
"5675","1250","Ec_N",95,35,35,"Ec",22,1,0,1,0,1,0.649603770543311
"5676","1250","Ec_N",95,36,36,"Ec",30,1,0,1,1,1,0.981696467924213
"5677","1250","Ec_N",95,37,37,"Ec",30,1,0,1,1,1,0.981696467924213
"5678","1250","Ec_N",95,38,38,"Ec",30,1,0,1,1,1,0.981696467924213
"5679","1250","Ec_N",95,39,39,"Ec",30,1,0,1,1,1,0.981696467924213
"5680","1250","Ec_N",95,40,40,"Ec",32,1,1,1,1,1,1
"5681","1250","Ec_N",95,41,41,"Ec",32,1,1,1,1,1,1
"5682","1250","Ec_N",95,42,42,"Ec",32,1,1,1,1,1,1
"5683","1250","Ec_N",95,43,43,"Ec",32,1,1,1,1,1,1
"5684","1250","Ec_N",95,44,44,"Ec",32,1,1,1,1,1,1
"5685","1250","Ec_N",95,45,45,"Ec",32,1,1,1,1,1,1
"5686","1250","Ec_N",95,46,46,"Ec",32,1,1,1,1,1,1
"5687","1250","Ec_N",95,47,47,"Ec",32,1,1,1,1,1,1
"5688","1250","Ec_N",95,48,48,"Ec",32,1,1,1,1,1,1
"5689","1250","Ec_N",95,49,49,"Ec",32,1,1,1,1,1,1
"5690","1250","Ec_N",95,50,50,"Ec",32,1,1,1,1,1,1
"5691","1250","Ec_N",95,51,51,"Ec",32,1,1,1,1,1,1
"5692","1250","Ec_N",95,52,52,"Ec",32,1,1,1,1,1,1
"5693","1250","Ec_N",95,53,53,"Ec",32,1,1,1,1,1,1
"5694","1250","Ec_N",95,54,54,"Ec",32,1,1,1,1,1,1
"5695","1250","Ec_N",95,55,55,"Ec",32,1,1,1,1,1,1
"5696","1250","Ec_N",95,56,56,"Ec",32,1,1,1,1,1,1
"5697","1250","Ec_N",95,57,57,"Ec",32,1,1,1,1,1,1
"5698","1250","Ec_N",95,58,58,"Ec",32,1,1,1,1,1,1
"5699","1250","Ec_N",95,59,59,"Ec",32,1,1,1,1,1,1
"5700","1250","Ec_N",95,60,60,"Ec",32,1,1,1,1,1,1
"5701","1250","Ec_N",96,1,1,"Ec",1,0,0,0,0,0,0
"5702","1250","Ec_N",96,2,2,"Ec",5,0,0,1,0,0,0.232063491762724
"5703","1250","Ec_N",96,3,3,"Ec",5,0,0,1,0,0,0.232063491762724
"5704","1250","Ec_N",96,4,4,"Ec",6,1,0,1,0,0,0.453076146222492
"5705","1250","Ec_N",96,5,5,"Ec",6,1,0,1,0,0,0.453076146222492
"5706","1250","Ec_N",96,6,6,"Ec",6,1,0,1,0,0,0.453076146222492
"5707","1250","Ec_N",96,7,7,"Ec",6,1,0,1,0,0,0.453076146222492
"5708","1250","Ec_N",96,8,8,"Ec",6,1,0,1,0,0,0.453076146222492
"5709","1250","Ec_N",96,9,9,"Ec",6,1,0,1,0,0,0.453076146222492
"5710","1250","Ec_N",96,10,10,"Ec",6,1,0,1,0,0,0.453076146222492
"5711","1250","Ec_N",96,11,11,"Ec",6,1,0,1,0,0,0.453076146222492
"5712","1250","Ec_N",96,12,12,"Ec",22,1,0,1,0,1,0.649603770543311
"5713","1250","Ec_N",96,13,13,"Ec",22,1,0,1,0,1,0.649603770543311
"5714","1250","Ec_N",96,14,14,"Ec",22,1,0,1,0,1,0.649603770543311
"5715","1250","Ec_N",96,15,15,"Ec",22,1,0,1,0,1,0.649603770543311
"5716","1250","Ec_N",96,16,16,"Ec",24,1,1,1,0,1,0.732254349958425
"5717","1250","Ec_N",96,17,17,"Ec",24,1,1,1,0,1,0.732254349958425
"5718","1250","Ec_N",96,18,18,"Ec",24,1,1,1,0,1,0.732254349958425
"5719","1250","Ec_N",96,19,19,"Ec",24,1,1,1,0,1,0.732254349958425
"5720","1250","Ec_N",96,20,20,"Ec",24,1,1,1,0,1,0.732254349958425
"5721","1250","Ec_N",96,21,21,"Ec",24,1,1,1,0,1,0.732254349958425
"5722","1250","Ec_N",96,22,22,"Ec",24,1,1,1,0,1,0.732254349958425
"5723","1250","Ec_N",96,23,23,"Ec",24,1,1,1,0,1,0.732254349958425
"5724","1250","Ec_N",96,24,24,"Ec",24,1,1,1,0,1,0.732254349958425
"5725","1250","Ec_N",96,25,25,"Ec",24,1,1,1,0,1,0.732254349958425
"5726","1250","Ec_N",96,26,26,"Ec",24,1,1,1,0,1,0.732254349958425
"5727","1250","Ec_N",96,27,27,"Ec",24,1,1,1,0,1,0.732254349958425
"5728","1250","Ec_N",96,28,28,"Ec",24,1,1,1,0,1,0.732254349958425
"5729","1250","Ec_N",96,29,29,"Ec",24,1,1,1,0,1,0.732254349958425
"5730","1250","Ec_N",96,30,30,"Ec",24,1,1,1,0,1,0.732254349958425
"5731","1250","Ec_N",96,31,31,"Ec",24,1,1,1,0,1,0.732254349958425
"5732","1250","Ec_N",96,32,32,"Ec",24,1,1,1,0,1,0.732254349958425
"5733","1250","Ec_N",96,33,33,"Ec",24,1,1,1,0,1,0.732254349958425
"5734","1250","Ec_N",96,34,34,"Ec",24,1,1,1,0,1,0.732254349958425
"5735","1250","Ec_N",96,35,35,"Ec",24,1,1,1,0,1,0.732254349958425
"5736","1250","Ec_N",96,36,36,"Ec",24,1,1,1,0,1,0.732254349958425
"5737","1250","Ec_N",96,37,37,"Ec",24,1,1,1,0,1,0.732254349958425
"5738","1250","Ec_N",96,38,38,"Ec",24,1,1,1,0,1,0.732254349958425
"5739","1250","Ec_N",96,39,39,"Ec",24,1,1,1,0,1,0.732254349958425
"5740","1250","Ec_N",96,40,40,"Ec",24,1,1,1,0,1,0.732254349958425
"5741","1250","Ec_N",96,41,41,"Ec",24,1,1,1,0,1,0.732254349958425
"5742","1250","Ec_N",96,42,42,"Ec",24,1,1,1,0,1,0.732254349958425
"5743","1250","Ec_N",96,43,43,"Ec",24,1,1,1,0,1,0.732254349958425
"5744","1250","Ec_N",96,44,44,"Ec",24,1,1,1,0,1,0.732254349958425
"5745","1250","Ec_N",96,45,45,"Ec",24,1,1,1,0,1,0.732254349958425
"5746","1250","Ec_N",96,46,46,"Ec",24,1,1,1,0,1,0.732254349958425
"5747","1250","Ec_N",96,47,47,"Ec",24,1,1,1,0,1,0.732254349958425
"5748","1250","Ec_N",96,48,48,"Ec",24,1,1,1,0,1,0.732254349958425
"5749","1250","Ec_N",96,49,49,"Ec",24,1,1,1,0,1,0.732254349958425
"5750","1250","Ec_N",96,50,50,"Ec",24,1,1,1,0,1,0.732254349958425
"5751","1250","Ec_N",96,51,51,"Ec",32,1,1,1,1,1,1
"5752","1250","Ec_N",96,52,52,"Ec",32,1,1,1,1,1,1
"5753","1250","Ec_N",96,53,53,"Ec",32,1,1,1,1,1,1
"5754","1250","Ec_N",96,54,54,"Ec",32,1,1,1,1,1,1
"5755","1250","Ec_N",96,55,55,"Ec",32,1,1,1,1,1,1
"5756","1250","Ec_N",96,56,56,"Ec",32,1,1,1,1,1,1
"5757","1250","Ec_N",96,57,57,"Ec",32,1,1,1,1,1,1
"5758","1250","Ec_N",96,58,58,"Ec",32,1,1,1,1,1,1
"5759","1250","Ec_N",96,59,59,"Ec",32,1,1,1,1,1,1
"5760","1250","Ec_N",96,60,60,"Ec",32,1,1,1,1,1,1
"5761","1250","Ec_N",97,1,1,"Ec",1,0,0,0,0,0,0
"5762","1250","Ec_N",97,2,2,"Ec",1,0,0,0,0,0,0
"5763","1250","Ec_N",97,3,3,"Ec",1,0,0,0,0,0,0
"5764","1250","Ec_N",97,4,4,"Ec",1,0,0,0,0,0,0
"5765","1250","Ec_N",97,5,5,"Ec",1,0,0,0,0,0,0
"5766","1250","Ec_N",97,6,6,"Ec",1,0,0,0,0,0,0
"5767","1250","Ec_N",97,7,7,"Ec",1,0,0,0,0,0,0
"5768","1250","Ec_N",97,8,8,"Ec",1,0,0,0,0,0,0
"5769","1250","Ec_N",97,9,9,"Ec",1,0,0,0,0,0,0
"5770","1250","Ec_N",97,10,10,"Ec",2,1,0,0,0,0,0.221012654459768
"5771","1250","Ec_N",97,11,11,"Ec",2,1,0,0,0,0,0.221012654459768
"5772","1250","Ec_N",97,12,12,"Ec",2,1,0,0,0,0,0.221012654459768
"5773","1250","Ec_N",97,13,13,"Ec",2,1,0,0,0,0,0.221012654459768
"5774","1250","Ec_N",97,14,14,"Ec",2,1,0,0,0,0,0.221012654459768
"5775","1250","Ec_N",97,15,15,"Ec",2,1,0,0,0,0,0.221012654459768
"5776","1250","Ec_N",97,16,16,"Ec",6,1,0,1,0,0,0.453076146222492
"5777","1250","Ec_N",97,17,17,"Ec",6,1,0,1,0,0,0.453076146222492
"5778","1250","Ec_N",97,18,18,"Ec",6,1,0,1,0,0,0.453076146222492
"5779","1250","Ec_N",97,19,19,"Ec",6,1,0,1,0,0,0.453076146222492
"5780","1250","Ec_N",97,20,20,"Ec",6,1,0,1,0,0,0.453076146222492
"5781","1250","Ec_N",97,21,21,"Ec",14,1,0,1,1,0,0.720821796264067
"5782","1250","Ec_N",97,22,22,"Ec",14,1,0,1,1,0,0.720821796264067
"5783","1250","Ec_N",97,23,23,"Ec",14,1,0,1,1,0,0.720821796264067
"5784","1250","Ec_N",97,24,24,"Ec",14,1,0,1,1,0,0.720821796264067
"5785","1250","Ec_N",97,25,25,"Ec",30,1,0,1,1,1,0.981696467924213
"5786","1250","Ec_N",97,26,26,"Ec",30,1,0,1,1,1,0.981696467924213
"5787","1250","Ec_N",97,27,27,"Ec",30,1,0,1,1,1,0.981696467924213
"5788","1250","Ec_N",97,28,28,"Ec",30,1,0,1,1,1,0.981696467924213
"5789","1250","Ec_N",97,29,29,"Ec",30,1,0,1,1,1,0.981696467924213
"5790","1250","Ec_N",97,30,30,"Ec",30,1,0,1,1,1,0.981696467924213
"5791","1250","Ec_N",97,31,31,"Ec",30,1,0,1,1,1,0.981696467924213
"5792","1250","Ec_N",97,32,32,"Ec",30,1,0,1,1,1,0.981696467924213
"5793","1250","Ec_N",97,33,33,"Ec",30,1,0,1,1,1,0.981696467924213
"5794","1250","Ec_N",97,34,34,"Ec",30,1,0,1,1,1,0.981696467924213
"5795","1250","Ec_N",97,35,35,"Ec",30,1,0,1,1,1,0.981696467924213
"5796","1250","Ec_N",97,36,36,"Ec",30,1,0,1,1,1,0.981696467924213
"5797","1250","Ec_N",97,37,37,"Ec",30,1,0,1,1,1,0.981696467924213
"5798","1250","Ec_N",97,38,38,"Ec",30,1,0,1,1,1,0.981696467924213
"5799","1250","Ec_N",97,39,39,"Ec",30,1,0,1,1,1,0.981696467924213
"5800","1250","Ec_N",97,40,40,"Ec",30,1,0,1,1,1,0.981696467924213
"5801","1250","Ec_N",97,41,41,"Ec",30,1,0,1,1,1,0.981696467924213
"5802","1250","Ec_N",97,42,42,"Ec",30,1,0,1,1,1,0.981696467924213
"5803","1250","Ec_N",97,43,43,"Ec",30,1,0,1,1,1,0.981696467924213
"5804","1250","Ec_N",97,44,44,"Ec",30,1,0,1,1,1,0.981696467924213
"5805","1250","Ec_N",97,45,45,"Ec",30,1,0,1,1,1,0.981696467924213
"5806","1250","Ec_N",97,46,46,"Ec",30,1,0,1,1,1,0.981696467924213
"5807","1250","Ec_N",97,47,47,"Ec",30,1,0,1,1,1,0.981696467924213
"5808","1250","Ec_N",97,48,48,"Ec",30,1,0,1,1,1,0.981696467924213
"5809","1250","Ec_N",97,49,49,"Ec",32,1,1,1,1,1,1
"5810","1250","Ec_N",97,50,50,"Ec",32,1,1,1,1,1,1
"5811","1250","Ec_N",97,51,51,"Ec",32,1,1,1,1,1,1
"5812","1250","Ec_N",97,52,52,"Ec",32,1,1,1,1,1,1
"5813","1250","Ec_N",97,53,53,"Ec",32,1,1,1,1,1,1
"5814","1250","Ec_N",97,54,54,"Ec",32,1,1,1,1,1,1
"5815","1250","Ec_N",97,55,55,"Ec",32,1,1,1,1,1,1
"5816","1250","Ec_N",97,56,56,"Ec",32,1,1,1,1,1,1
"5817","1250","Ec_N",97,57,57,"Ec",32,1,1,1,1,1,1
"5818","1250","Ec_N",97,58,58,"Ec",32,1,1,1,1,1,1
"5819","1250","Ec_N",97,59,59,"Ec",32,1,1,1,1,1,1
"5820","1250","Ec_N",97,60,60,"Ec",32,1,1,1,1,1,1
"5821","1250","Ec_N",98,1,1,"Ec",1,0,0,0,0,0,0
"5822","1250","Ec_N",98,2,2,"Ec",1,0,0,0,0,0,0
"5823","1250","Ec_N",98,3,3,"Ec",1,0,0,0,0,0,0
"5824","1250","Ec_N",98,4,4,"Ec",1,0,0,0,0,0,0
"5825","1250","Ec_N",98,5,5,"Ec",1,0,0,0,0,0,0
"5826","1250","Ec_N",98,6,6,"Ec",1,0,0,0,0,0,0
"5827","1250","Ec_N",98,7,7,"Ec",1,0,0,0,0,0,0
"5828","1250","Ec_N",98,8,8,"Ec",9,0,0,0,1,0,0.267745650041575
"5829","1250","Ec_N",98,9,9,"Ec",9,0,0,0,1,0,0.267745650041575
"5830","1250","Ec_N",98,10,10,"Ec",9,0,0,0,1,0,0.267745650041575
"5831","1250","Ec_N",98,11,11,"Ec",9,0,0,0,1,0,0.267745650041575
"5832","1250","Ec_N",98,12,12,"Ec",9,0,0,0,1,0,0.267745650041575
"5833","1250","Ec_N",98,13,13,"Ec",9,0,0,0,1,0,0.267745650041575
"5834","1250","Ec_N",98,14,14,"Ec",25,0,0,0,1,1,0.464273274362394
"5835","1250","Ec_N",98,15,15,"Ec",25,0,0,0,1,1,0.464273274362394
"5836","1250","Ec_N",98,16,16,"Ec",25,0,0,0,1,1,0.464273274362394
"5837","1250","Ec_N",98,17,17,"Ec",25,0,0,0,1,1,0.464273274362394
"5838","1250","Ec_N",98,18,18,"Ec",25,0,0,0,1,1,0.464273274362394
"5839","1250","Ec_N",98,19,19,"Ec",25,0,0,0,1,1,0.464273274362394
"5840","1250","Ec_N",98,20,20,"Ec",27,0,1,0,1,1,0.50104458373578
"5841","1250","Ec_N",98,21,21,"Ec",31,0,1,1,1,1,0.778987345540232
"5842","1250","Ec_N",98,22,22,"Ec",31,0,1,1,1,1,0.778987345540232
"5843","1250","Ec_N",98,23,23,"Ec",31,0,1,1,1,1,0.778987345540232
"5844","1250","Ec_N",98,24,24,"Ec",31,0,1,1,1,1,0.778987345540232
"5845","1250","Ec_N",98,25,25,"Ec",31,0,1,1,1,1,0.778987345540232
"5846","1250","Ec_N",98,26,26,"Ec",31,0,1,1,1,1,0.778987345540232
"5847","1250","Ec_N",98,27,27,"Ec",31,0,1,1,1,1,0.778987345540232
"5848","1250","Ec_N",98,28,28,"Ec",31,0,1,1,1,1,0.778987345540232
"5849","1250","Ec_N",98,29,29,"Ec",31,0,1,1,1,1,0.778987345540232
"5850","1250","Ec_N",98,30,30,"Ec",31,0,1,1,1,1,0.778987345540232
"5851","1250","Ec_N",98,31,31,"Ec",31,0,1,1,1,1,0.778987345540232
"5852","1250","Ec_N",98,32,32,"Ec",31,0,1,1,1,1,0.778987345540232
"5853","1250","Ec_N",98,33,33,"Ec",31,0,1,1,1,1,0.778987345540232
"5854","1250","Ec_N",98,34,34,"Ec",31,0,1,1,1,1,0.778987345540232
"5855","1250","Ec_N",98,35,35,"Ec",31,0,1,1,1,1,0.778987345540232
"5856","1250","Ec_N",98,36,36,"Ec",31,0,1,1,1,1,0.778987345540232
"5857","1250","Ec_N",98,37,37,"Ec",31,0,1,1,1,1,0.778987345540232
"5858","1250","Ec_N",98,38,38,"Ec",31,0,1,1,1,1,0.778987345540232
"5859","1250","Ec_N",98,39,39,"Ec",31,0,1,1,1,1,0.778987345540232
"5860","1250","Ec_N",98,40,40,"Ec",31,0,1,1,1,1,0.778987345540232
"5861","1250","Ec_N",98,41,41,"Ec",31,0,1,1,1,1,0.778987345540232
"5862","1250","Ec_N",98,42,42,"Ec",31,0,1,1,1,1,0.778987345540232
"5863","1250","Ec_N",98,43,43,"Ec",32,1,1,1,1,1,1
"5864","1250","Ec_N",98,44,44,"Ec",32,1,1,1,1,1,1
"5865","1250","Ec_N",98,45,45,"Ec",32,1,1,1,1,1,1
"5866","1250","Ec_N",98,46,46,"Ec",32,1,1,1,1,1,1
"5867","1250","Ec_N",98,47,47,"Ec",32,1,1,1,1,1,1
"5868","1250","Ec_N",98,48,48,"Ec",32,1,1,1,1,1,1
"5869","1250","Ec_N",98,49,49,"Ec",32,1,1,1,1,1,1
"5870","1250","Ec_N",98,50,50,"Ec",32,1,1,1,1,1,1
"5871","1250","Ec_N",98,51,51,"Ec",32,1,1,1,1,1,1
"5872","1250","Ec_N",98,52,52,"Ec",32,1,1,1,1,1,1
"5873","1250","Ec_N",98,53,53,"Ec",32,1,1,1,1,1,1
"5874","1250","Ec_N",98,54,54,"Ec",32,1,1,1,1,1,1
"5875","1250","Ec_N",98,55,55,"Ec",32,1,1,1,1,1,1
"5876","1250","Ec_N",98,56,56,"Ec",32,1,1,1,1,1,1
"5877","1250","Ec_N",98,57,57,"Ec",32,1,1,1,1,1,1
"5878","1250","Ec_N",98,58,58,"Ec",32,1,1,1,1,1,1
"5879","1250","Ec_N",98,59,59,"Ec",32,1,1,1,1,1,1
"5880","1250","Ec_N",98,60,60,"Ec",32,1,1,1,1,1,1
"5881","1250","Ec_N",99,1,1,"Ec",1,0,0,0,0,0,0
"5882","1250","Ec_N",99,2,2,"Ec",1,0,0,0,0,0,0
"5883","1250","Ec_N",99,3,3,"Ec",1,0,0,0,0,0,0
"5884","1250","Ec_N",99,4,4,"Ec",1,0,0,0,0,0,0
"5885","1250","Ec_N",99,5,5,"Ec",1,0,0,0,0,0,0
"5886","1250","Ec_N",99,6,6,"Ec",1,0,0,0,0,0,0
"5887","1250","Ec_N",99,7,7,"Ec",1,0,0,0,0,0,0
"5888","1250","Ec_N",99,8,8,"Ec",1,0,0,0,0,0,0
"5889","1250","Ec_N",99,9,9,"Ec",1,0,0,0,0,0,0
"5890","1250","Ec_N",99,10,10,"Ec",1,0,0,0,0,0,0
"5891","1250","Ec_N",99,11,11,"Ec",1,0,0,0,0,0,0
"5892","1250","Ec_N",99,12,12,"Ec",1,0,0,0,0,0,0
"5893","1250","Ec_N",99,13,13,"Ec",1,0,0,0,0,0,0
"5894","1250","Ec_N",99,14,14,"Ec",1,0,0,0,0,0,0
"5895","1250","Ec_N",99,15,15,"Ec",1,0,0,0,0,0,0
"5896","1250","Ec_N",99,16,16,"Ec",1,0,0,0,0,0,0
"5897","1250","Ec_N",99,17,17,"Ec",1,0,0,0,0,0,0
"5898","1250","Ec_N",99,18,18,"Ec",1,0,0,0,0,0,0
"5899","1250","Ec_N",99,19,19,"Ec",1,0,0,0,0,0,0
"5900","1250","Ec_N",99,20,20,"Ec",1,0,0,0,0,0,0
"5901","1250","Ec_N",99,21,21,"Ec",5,0,0,1,0,0,0.232063491762724
"5902","1250","Ec_N",99,22,22,"Ec",5,0,0,1,0,0,0.232063491762724
"5903","1250","Ec_N",99,23,23,"Ec",5,0,0,1,0,0,0.232063491762724
"5904","1250","Ec_N",99,24,24,"Ec",5,0,0,1,0,0,0.232063491762724
"5905","1250","Ec_N",99,25,25,"Ec",5,0,0,1,0,0,0.232063491762724
"5906","1250","Ec_N",99,26,26,"Ec",5,0,0,1,0,0,0.232063491762724
"5907","1250","Ec_N",99,27,27,"Ec",13,0,0,1,1,0,0.499809141804299
"5908","1250","Ec_N",99,28,28,"Ec",13,0,0,1,1,0,0.499809141804299
"5909","1250","Ec_N",99,29,29,"Ec",13,0,0,1,1,0,0.499809141804299
"5910","1250","Ec_N",99,30,30,"Ec",13,0,0,1,1,0,0.499809141804299
"5911","1250","Ec_N",99,31,31,"Ec",13,0,0,1,1,0,0.499809141804299
"5912","1250","Ec_N",99,32,32,"Ec",13,0,0,1,1,0,0.499809141804299
"5913","1250","Ec_N",99,33,33,"Ec",13,0,0,1,1,0,0.499809141804299
"5914","1250","Ec_N",99,34,34,"Ec",13,0,0,1,1,0,0.499809141804299
"5915","1250","Ec_N",99,35,35,"Ec",13,0,0,1,1,0,0.499809141804299
"5916","1250","Ec_N",99,36,36,"Ec",13,0,0,1,1,0,0.499809141804299
"5917","1250","Ec_N",99,37,37,"Ec",13,0,0,1,1,0,0.499809141804299
"5918","1250","Ec_N",99,38,38,"Ec",13,0,0,1,1,0,0.499809141804299
"5919","1250","Ec_N",99,39,39,"Ec",13,0,0,1,1,0,0.499809141804299
"5920","1250","Ec_N",99,40,40,"Ec",13,0,0,1,1,0,0.499809141804299
"5921","1250","Ec_N",99,41,41,"Ec",13,0,0,1,1,0,0.499809141804299
"5922","1250","Ec_N",99,42,42,"Ec",13,0,0,1,1,0,0.499809141804299
"5923","1250","Ec_N",99,43,43,"Ec",14,1,0,1,1,0,0.720821796264067
"5924","1250","Ec_N",99,44,44,"Ec",30,1,0,1,1,1,0.981696467924213
"5925","1250","Ec_N",99,45,45,"Ec",30,1,0,1,1,1,0.981696467924213
"5926","1250","Ec_N",99,46,46,"Ec",30,1,0,1,1,1,0.981696467924213
"5927","1250","Ec_N",99,47,47,"Ec",30,1,0,1,1,1,0.981696467924213
"5928","1250","Ec_N",99,48,48,"Ec",30,1,0,1,1,1,0.981696467924213
"5929","1250","Ec_N",99,49,49,"Ec",30,1,0,1,1,1,0.981696467924213
"5930","1250","Ec_N",99,50,50,"Ec",30,1,0,1,1,1,0.981696467924213
"5931","1250","Ec_N",99,51,51,"Ec",30,1,0,1,1,1,0.981696467924213
"5932","1250","Ec_N",99,52,52,"Ec",30,1,0,1,1,1,0.981696467924213
"5933","1250","Ec_N",99,53,53,"Ec",30,1,0,1,1,1,0.981696467924213
"5934","1250","Ec_N",99,54,54,"Ec",30,1,0,1,1,1,0.981696467924213
"5935","1250","Ec_N",99,55,55,"Ec",30,1,0,1,1,1,0.981696467924213
"5936","1250","Ec_N",99,56,56,"Ec",30,1,0,1,1,1,0.981696467924213
"5937","1250","Ec_N",99,57,57,"Ec",30,1,0,1,1,1,0.981696467924213
"5938","1250","Ec_N",99,58,58,"Ec",30,1,0,1,1,1,0.981696467924213
"5939","1250","Ec_N",99,59,59,"Ec",30,1,0,1,1,1,0.981696467924213
"5940","1250","Ec_N",99,60,60,"Ec",30,1,0,1,1,1,0.981696467924213
"5941","1250","Ec_N",100,1,1,"Ec",1,0,0,0,0,0,0
"5942","1250","Ec_N",100,2,2,"Ec",1,0,0,0,0,0,0
"5943","1250","Ec_N",100,3,3,"Ec",2,1,0,0,0,0,0.221012654459768
"5944","1250","Ec_N",100,4,4,"Ec",10,1,0,0,1,0,0.488758304501343
"5945","1250","Ec_N",100,5,5,"Ec",10,1,0,0,1,0,0.488758304501343
"5946","1250","Ec_N",100,6,6,"Ec",10,1,0,0,1,0,0.488758304501343
"5947","1250","Ec_N",100,7,7,"Ec",10,1,0,0,1,0,0.488758304501343
"5948","1250","Ec_N",100,8,8,"Ec",10,1,0,0,1,0,0.488758304501343
"5949","1250","Ec_N",100,9,9,"Ec",10,1,0,0,1,0,0.488758304501343
"5950","1250","Ec_N",100,10,10,"Ec",10,1,0,0,1,0,0.488758304501343
"5951","1250","Ec_N",100,11,11,"Ec",10,1,0,0,1,0,0.488758304501343
"5952","1250","Ec_N",100,12,12,"Ec",10,1,0,0,1,0,0.488758304501343
"5953","1250","Ec_N",100,13,13,"Ec",10,1,0,0,1,0,0.488758304501343
"5954","1250","Ec_N",100,14,14,"Ec",10,1,0,0,1,0,0.488758304501343
"5955","1250","Ec_N",100,15,15,"Ec",10,1,0,0,1,0,0.488758304501343
"5956","1250","Ec_N",100,16,16,"Ec",10,1,0,0,1,0,0.488758304501343
"5957","1250","Ec_N",100,17,17,"Ec",10,1,0,0,1,0,0.488758304501343
"5958","1250","Ec_N",100,18,18,"Ec",10,1,0,0,1,0,0.488758304501343
"5959","1250","Ec_N",100,19,19,"Ec",10,1,0,0,1,0,0.488758304501343
"5960","1250","Ec_N",100,20,20,"Ec",10,1,0,0,1,0,0.488758304501343
"5961","1250","Ec_N",100,21,21,"Ec",10,1,0,0,1,0,0.488758304501343
"5962","1250","Ec_N",100,22,22,"Ec",10,1,0,0,1,0,0.488758304501343
"5963","1250","Ec_N",100,23,23,"Ec",10,1,0,0,1,0,0.488758304501343
"5964","1250","Ec_N",100,24,24,"Ec",10,1,0,0,1,0,0.488758304501343
"5965","1250","Ec_N",100,25,25,"Ec",10,1,0,0,1,0,0.488758304501343
"5966","1250","Ec_N",100,26,26,"Ec",10,1,0,0,1,0,0.488758304501343
"5967","1250","Ec_N",100,27,27,"Ec",10,1,0,0,1,0,0.488758304501343
"5968","1250","Ec_N",100,28,28,"Ec",10,1,0,0,1,0,0.488758304501343
"5969","1250","Ec_N",100,29,29,"Ec",10,1,0,0,1,0,0.488758304501343
"5970","1250","Ec_N",100,30,30,"Ec",10,1,0,0,1,0,0.488758304501343
"5971","1250","Ec_N",100,31,31,"Ec",10,1,0,0,1,0,0.488758304501343
"5972","1250","Ec_N",100,32,32,"Ec",10,1,0,0,1,0,0.488758304501343
"5973","1250","Ec_N",100,33,33,"Ec",26,1,0,0,1,1,0.685285928822162
"5974","1250","Ec_N",100,34,34,"Ec",26,1,0,0,1,1,0.685285928822162
"5975","1250","Ec_N",100,35,35,"Ec",26,1,0,0,1,1,0.685285928822162
"5976","1250","Ec_N",100,36,36,"Ec",26,1,0,0,1,1,0.685285928822162
"5977","1250","Ec_N",100,37,37,"Ec",26,1,0,0,1,1,0.685285928822162
"5978","1250","Ec_N",100,38,38,"Ec",26,1,0,0,1,1,0.685285928822162
"5979","1250","Ec_N",100,39,39,"Ec",26,1,0,0,1,1,0.685285928822162
"5980","1250","Ec_N",100,40,40,"Ec",26,1,0,0,1,1,0.685285928822162
"5981","1250","Ec_N",100,41,41,"Ec",26,1,0,0,1,1,0.685285928822162
"5982","1250","Ec_N",100,42,42,"Ec",26,1,0,0,1,1,0.685285928822162
"5983","1250","Ec_N",100,43,43,"Ec",28,1,1,0,1,1,0.770762719311211
"5984","1250","Ec_N",100,44,44,"Ec",28,1,1,0,1,1,0.770762719311211
"5985","1250","Ec_N",100,45,45,"Ec",28,1,1,0,1,1,0.770762719311211
"5986","1250","Ec_N",100,46,46,"Ec",28,1,1,0,1,1,0.770762719311211
"5987","1250","Ec_N",100,47,47,"Ec",32,1,1,1,1,1,1
"5988","1250","Ec_N",100,48,48,"Ec",32,1,1,1,1,1,1
"5989","1250","Ec_N",100,49,49,"Ec",32,1,1,1,1,1,1
"5990","1250","Ec_N",100,50,50,"Ec",32,1,1,1,1,1,1
"5991","1250","Ec_N",100,51,51,"Ec",32,1,1,1,1,1,1
"5992","1250","Ec_N",100,52,52,"Ec",32,1,1,1,1,1,1
"5993","1250","Ec_N",100,53,53,"Ec",32,1,1,1,1,1,1
"5994","1250","Ec_N",100,54,54,"Ec",32,1,1,1,1,1,1
"5995","1250","Ec_N",100,55,55,"Ec",32,1,1,1,1,1,1
"5996","1250","Ec_N",100,56,56,"Ec",32,1,1,1,1,1,1
"5997","1250","Ec_N",100,57,57,"Ec",32,1,1,1,1,1,1
"5998","1250","Ec_N",100,58,58,"Ec",32,1,1,1,1,1,1
"5999","1250","Ec_N",100,59,59,"Ec",32,1,1,1,1,1,1
"6000","1250","Ec_N",100,60,60,"Ec",32,1,1,1,1,1,1
"6001","1250","Ec_N",101,1,1,"Ec",1,0,0,0,0,0,0
"6002","1250","Ec_N",101,2,2,"Ec",1,0,0,0,0,0,0
"6003","1250","Ec_N",101,3,3,"Ec",1,0,0,0,0,0,0
"6004","1250","Ec_N",101,4,4,"Ec",1,0,0,0,0,0,0
"6005","1250","Ec_N",101,5,5,"Ec",1,0,0,0,0,0,0
"6006","1250","Ec_N",101,6,6,"Ec",1,0,0,0,0,0,0
"6007","1250","Ec_N",101,7,7,"Ec",9,0,0,0,1,0,0.267745650041575
"6008","1250","Ec_N",101,8,8,"Ec",9,0,0,0,1,0,0.267745650041575
"6009","1250","Ec_N",101,9,9,"Ec",9,0,0,0,1,0,0.267745650041575
"6010","1250","Ec_N",101,10,10,"Ec",9,0,0,0,1,0,0.267745650041575
"6011","1250","Ec_N",101,11,11,"Ec",9,0,0,0,1,0,0.267745650041575
"6012","1250","Ec_N",101,12,12,"Ec",13,0,0,1,1,0,0.499809141804299
"6013","1250","Ec_N",101,13,13,"Ec",13,0,0,1,1,0,0.499809141804299
"6014","1250","Ec_N",101,14,14,"Ec",13,0,0,1,1,0,0.499809141804299
"6015","1250","Ec_N",101,15,15,"Ec",29,0,0,1,1,1,0.696336766125118
"6016","1250","Ec_N",101,16,16,"Ec",29,0,0,1,1,1,0.696336766125118
"6017","1250","Ec_N",101,17,17,"Ec",29,0,0,1,1,1,0.696336766125118
"6018","1250","Ec_N",101,18,18,"Ec",29,0,0,1,1,1,0.696336766125118
"6019","1250","Ec_N",101,19,19,"Ec",29,0,0,1,1,1,0.696336766125118
"6020","1250","Ec_N",101,20,20,"Ec",30,1,0,1,1,1,0.981696467924213
"6021","1250","Ec_N",101,21,21,"Ec",30,1,0,1,1,1,0.981696467924213
"6022","1250","Ec_N",101,22,22,"Ec",30,1,0,1,1,1,0.981696467924213
"6023","1250","Ec_N",101,23,23,"Ec",30,1,0,1,1,1,0.981696467924213
"6024","1250","Ec_N",101,24,24,"Ec",30,1,0,1,1,1,0.981696467924213
"6025","1250","Ec_N",101,25,25,"Ec",30,1,0,1,1,1,0.981696467924213
"6026","1250","Ec_N",101,26,26,"Ec",30,1,0,1,1,1,0.981696467924213
"6027","1250","Ec_N",101,27,27,"Ec",30,1,0,1,1,1,0.981696467924213
"6028","1250","Ec_N",101,28,28,"Ec",30,1,0,1,1,1,0.981696467924213
"6029","1250","Ec_N",101,29,29,"Ec",30,1,0,1,1,1,0.981696467924213
"6030","1250","Ec_N",101,30,30,"Ec",32,1,1,1,1,1,1
"6031","1250","Ec_N",101,31,31,"Ec",32,1,1,1,1,1,1
"6032","1250","Ec_N",101,32,32,"Ec",32,1,1,1,1,1,1
"6033","1250","Ec_N",101,33,33,"Ec",32,1,1,1,1,1,1
"6034","1250","Ec_N",101,34,34,"Ec",32,1,1,1,1,1,1
"6035","1250","Ec_N",101,35,35,"Ec",32,1,1,1,1,1,1
"6036","1250","Ec_N",101,36,36,"Ec",32,1,1,1,1,1,1
"6037","1250","Ec_N",101,37,37,"Ec",32,1,1,1,1,1,1
"6038","1250","Ec_N",101,38,38,"Ec",32,1,1,1,1,1,1
"6039","1250","Ec_N",101,39,39,"Ec",32,1,1,1,1,1,1
"6040","1250","Ec_N",101,40,40,"Ec",32,1,1,1,1,1,1
"6041","1250","Ec_N",101,41,41,"Ec",32,1,1,1,1,1,1
"6042","1250","Ec_N",101,42,42,"Ec",32,1,1,1,1,1,1
"6043","1250","Ec_N",101,43,43,"Ec",32,1,1,1,1,1,1
"6044","1250","Ec_N",101,44,44,"Ec",32,1,1,1,1,1,1
"6045","1250","Ec_N",101,45,45,"Ec",32,1,1,1,1,1,1
"6046","1250","Ec_N",101,46,46,"Ec",32,1,1,1,1,1,1
"6047","1250","Ec_N",101,47,47,"Ec",32,1,1,1,1,1,1
"6048","1250","Ec_N",101,48,48,"Ec",32,1,1,1,1,1,1
"6049","1250","Ec_N",101,49,49,"Ec",32,1,1,1,1,1,1
"6050","1250","Ec_N",101,50,50,"Ec",32,1,1,1,1,1,1
"6051","1250","Ec_N",101,51,51,"Ec",32,1,1,1,1,1,1
"6052","1250","Ec_N",101,52,52,"Ec",32,1,1,1,1,1,1
"6053","1250","Ec_N",101,53,53,"Ec",32,1,1,1,1,1,1
"6054","1250","Ec_N",101,54,54,"Ec",32,1,1,1,1,1,1
"6055","1250","Ec_N",101,55,55,"Ec",32,1,1,1,1,1,1
"6056","1250","Ec_N",101,56,56,"Ec",32,1,1,1,1,1,1
"6057","1250","Ec_N",101,57,57,"Ec",32,1,1,1,1,1,1
"6058","1250","Ec_N",101,58,58,"Ec",32,1,1,1,1,1,1
"6059","1250","Ec_N",101,59,59,"Ec",32,1,1,1,1,1,1
"6060","1250","Ec_N",101,60,60,"Ec",32,1,1,1,1,1,1
"6061","1250","Ec_N",102,1,1,"Ec",1,0,0,0,0,0,0
"6062","1250","Ec_N",102,2,2,"Ec",1,0,0,0,0,0,0
"6063","1250","Ec_N",102,3,3,"Ec",2,1,0,0,0,0,0.221012654459768
"6064","1250","Ec_N",102,4,4,"Ec",2,1,0,0,0,0,0.221012654459768
"6065","1250","Ec_N",102,5,5,"Ec",2,1,0,0,0,0,0.221012654459768
"6066","1250","Ec_N",102,6,6,"Ec",18,1,0,0,0,1,0.417540278780587
"6067","1250","Ec_N",102,7,7,"Ec",18,1,0,0,0,1,0.417540278780587
"6068","1250","Ec_N",102,8,8,"Ec",18,1,0,0,0,1,0.417540278780587
"6069","1250","Ec_N",102,9,9,"Ec",18,1,0,0,0,1,0.417540278780587
"6070","1250","Ec_N",102,10,10,"Ec",18,1,0,0,0,1,0.417540278780587
"6071","1250","Ec_N",102,11,11,"Ec",18,1,0,0,0,1,0.417540278780587
"6072","1250","Ec_N",102,12,12,"Ec",18,1,0,0,0,1,0.417540278780587
"6073","1250","Ec_N",102,13,13,"Ec",18,1,0,0,0,1,0.417540278780587
"6074","1250","Ec_N",102,14,14,"Ec",18,1,0,0,0,1,0.417540278780587
"6075","1250","Ec_N",102,15,15,"Ec",18,1,0,0,0,1,0.417540278780587
"6076","1250","Ec_N",102,16,16,"Ec",18,1,0,0,0,1,0.417540278780587
"6077","1250","Ec_N",102,17,17,"Ec",18,1,0,0,0,1,0.417540278780587
"6078","1250","Ec_N",102,18,18,"Ec",18,1,0,0,0,1,0.417540278780587
"6079","1250","Ec_N",102,19,19,"Ec",18,1,0,0,0,1,0.417540278780587
"6080","1250","Ec_N",102,20,20,"Ec",18,1,0,0,0,1,0.417540278780587
"6081","1250","Ec_N",102,21,21,"Ec",18,1,0,0,0,1,0.417540278780587
"6082","1250","Ec_N",102,22,22,"Ec",18,1,0,0,0,1,0.417540278780587
"6083","1250","Ec_N",102,23,23,"Ec",18,1,0,0,0,1,0.417540278780587
"6084","1250","Ec_N",102,24,24,"Ec",18,1,0,0,0,1,0.417540278780587
"6085","1250","Ec_N",102,25,25,"Ec",18,1,0,0,0,1,0.417540278780587
"6086","1250","Ec_N",102,26,26,"Ec",26,1,0,0,1,1,0.685285928822162
"6087","1250","Ec_N",102,27,27,"Ec",26,1,0,0,1,1,0.685285928822162
"6088","1250","Ec_N",102,28,28,"Ec",26,1,0,0,1,1,0.685285928822162
"6089","1250","Ec_N",102,29,29,"Ec",26,1,0,0,1,1,0.685285928822162
"6090","1250","Ec_N",102,30,30,"Ec",30,1,0,1,1,1,0.981696467924213
"6091","1250","Ec_N",102,31,31,"Ec",30,1,0,1,1,1,0.981696467924213
"6092","1250","Ec_N",102,32,32,"Ec",30,1,0,1,1,1,0.981696467924213
"6093","1250","Ec_N",102,33,33,"Ec",30,1,0,1,1,1,0.981696467924213
"6094","1250","Ec_N",102,34,34,"Ec",30,1,0,1,1,1,0.981696467924213
"6095","1250","Ec_N",102,35,35,"Ec",30,1,0,1,1,1,0.981696467924213
"6096","1250","Ec_N",102,36,36,"Ec",30,1,0,1,1,1,0.981696467924213
"6097","1250","Ec_N",102,37,37,"Ec",30,1,0,1,1,1,0.981696467924213
"6098","1250","Ec_N",102,38,38,"Ec",30,1,0,1,1,1,0.981696467924213
"6099","1250","Ec_N",102,39,39,"Ec",30,1,0,1,1,1,0.981696467924213
"6100","1250","Ec_N",102,40,40,"Ec",30,1,0,1,1,1,0.981696467924213
"6101","1250","Ec_N",102,41,41,"Ec",30,1,0,1,1,1,0.981696467924213
"6102","1250","Ec_N",102,42,42,"Ec",30,1,0,1,1,1,0.981696467924213
"6103","1250","Ec_N",102,43,43,"Ec",32,1,1,1,1,1,1
"6104","1250","Ec_N",102,44,44,"Ec",32,1,1,1,1,1,1
"6105","1250","Ec_N",102,45,45,"Ec",32,1,1,1,1,1,1
"6106","1250","Ec_N",102,46,46,"Ec",32,1,1,1,1,1,1
"6107","1250","Ec_N",102,47,47,"Ec",32,1,1,1,1,1,1
"6108","1250","Ec_N",102,48,48,"Ec",32,1,1,1,1,1,1
"6109","1250","Ec_N",102,49,49,"Ec",32,1,1,1,1,1,1
"6110","1250","Ec_N",102,50,50,"Ec",32,1,1,1,1,1,1
"6111","1250","Ec_N",102,51,51,"Ec",32,1,1,1,1,1,1
"6112","1250","Ec_N",102,52,52,"Ec",32,1,1,1,1,1,1
"6113","1250","Ec_N",102,53,53,"Ec",32,1,1,1,1,1,1
"6114","1250","Ec_N",102,54,54,"Ec",32,1,1,1,1,1,1
"6115","1250","Ec_N",102,55,55,"Ec",32,1,1,1,1,1,1
"6116","1250","Ec_N",102,56,56,"Ec",32,1,1,1,1,1,1
"6117","1250","Ec_N",102,57,57,"Ec",32,1,1,1,1,1,1
"6118","1250","Ec_N",102,58,58,"Ec",32,1,1,1,1,1,1
"6119","1250","Ec_N",102,59,59,"Ec",32,1,1,1,1,1,1
"6120","1250","Ec_N",102,60,60,"Ec",32,1,1,1,1,1,1
"6121","1250","Ec_N",103,1,1,"Ec",1,0,0,0,0,0,0
"6122","1250","Ec_N",103,2,2,"Ec",3,0,1,0,0,0,0.082650579415114
"6123","1250","Ec_N",103,3,3,"Ec",3,0,1,0,0,0,0.082650579415114
"6124","1250","Ec_N",103,4,4,"Ec",3,0,1,0,0,0,0.082650579415114
"6125","1250","Ec_N",103,5,5,"Ec",3,0,1,0,0,0,0.082650579415114
"6126","1250","Ec_N",103,6,6,"Ec",3,0,1,0,0,0,0.082650579415114
"6127","1250","Ec_N",103,7,7,"Ec",19,0,1,0,0,1,0.179678659430889
"6128","1250","Ec_N",103,8,8,"Ec",19,0,1,0,0,1,0.179678659430889
"6129","1250","Ec_N",103,9,9,"Ec",19,0,1,0,0,1,0.179678659430889
"6130","1250","Ec_N",103,10,10,"Ec",19,0,1,0,0,1,0.179678659430889
"6131","1250","Ec_N",103,11,11,"Ec",19,0,1,0,0,1,0.179678659430889
"6132","1250","Ec_N",103,12,12,"Ec",19,0,1,0,0,1,0.179678659430889
"6133","1250","Ec_N",103,13,13,"Ec",19,0,1,0,0,1,0.179678659430889
"6134","1250","Ec_N",103,14,14,"Ec",19,0,1,0,0,1,0.179678659430889
"6135","1250","Ec_N",103,15,15,"Ec",27,0,1,0,1,1,0.50104458373578
"6136","1250","Ec_N",103,16,16,"Ec",27,0,1,0,1,1,0.50104458373578
"6137","1250","Ec_N",103,17,17,"Ec",27,0,1,0,1,1,0.50104458373578
"6138","1250","Ec_N",103,18,18,"Ec",27,0,1,0,1,1,0.50104458373578
"6139","1250","Ec_N",103,19,19,"Ec",27,0,1,0,1,1,0.50104458373578
"6140","1250","Ec_N",103,20,20,"Ec",27,0,1,0,1,1,0.50104458373578
"6141","1250","Ec_N",103,21,21,"Ec",27,0,1,0,1,1,0.50104458373578
"6142","1250","Ec_N",103,22,22,"Ec",27,0,1,0,1,1,0.50104458373578
"6143","1250","Ec_N",103,23,23,"Ec",27,0,1,0,1,1,0.50104458373578
"6144","1250","Ec_N",103,24,24,"Ec",27,0,1,0,1,1,0.50104458373578
"6145","1250","Ec_N",103,25,25,"Ec",27,0,1,0,1,1,0.50104458373578
"6146","1250","Ec_N",103,26,26,"Ec",31,0,1,1,1,1,0.778987345540232
"6147","1250","Ec_N",103,27,27,"Ec",31,0,1,1,1,1,0.778987345540232
"6148","1250","Ec_N",103,28,28,"Ec",31,0,1,1,1,1,0.778987345540232
"6149","1250","Ec_N",103,29,29,"Ec",31,0,1,1,1,1,0.778987345540232
"6150","1250","Ec_N",103,30,30,"Ec",31,0,1,1,1,1,0.778987345540232
"6151","1250","Ec_N",103,31,31,"Ec",31,0,1,1,1,1,0.778987345540232
"6152","1250","Ec_N",103,32,32,"Ec",32,1,1,1,1,1,1
"6153","1250","Ec_N",103,33,33,"Ec",32,1,1,1,1,1,1
"6154","1250","Ec_N",103,34,34,"Ec",32,1,1,1,1,1,1
"6155","1250","Ec_N",103,35,35,"Ec",32,1,1,1,1,1,1
"6156","1250","Ec_N",103,36,36,"Ec",32,1,1,1,1,1,1
"6157","1250","Ec_N",103,37,37,"Ec",32,1,1,1,1,1,1
"6158","1250","Ec_N",103,38,38,"Ec",32,1,1,1,1,1,1
"6159","1250","Ec_N",103,39,39,"Ec",32,1,1,1,1,1,1
"6160","1250","Ec_N",103,40,40,"Ec",32,1,1,1,1,1,1
"6161","1250","Ec_N",103,41,41,"Ec",32,1,1,1,1,1,1
"6162","1250","Ec_N",103,42,42,"Ec",32,1,1,1,1,1,1
"6163","1250","Ec_N",103,43,43,"Ec",32,1,1,1,1,1,1
"6164","1250","Ec_N",103,44,44,"Ec",32,1,1,1,1,1,1
"6165","1250","Ec_N",103,45,45,"Ec",32,1,1,1,1,1,1
"6166","1250","Ec_N",103,46,46,"Ec",32,1,1,1,1,1,1
"6167","1250","Ec_N",103,47,47,"Ec",32,1,1,1,1,1,1
"6168","1250","Ec_N",103,48,48,"Ec",32,1,1,1,1,1,1
"6169","1250","Ec_N",103,49,49,"Ec",32,1,1,1,1,1,1
"6170","1250","Ec_N",103,50,50,"Ec",32,1,1,1,1,1,1
"6171","1250","Ec_N",103,51,51,"Ec",32,1,1,1,1,1,1
"6172","1250","Ec_N",103,52,52,"Ec",32,1,1,1,1,1,1
"6173","1250","Ec_N",103,53,53,"Ec",32,1,1,1,1,1,1
"6174","1250","Ec_N",103,54,54,"Ec",32,1,1,1,1,1,1
"6175","1250","Ec_N",103,55,55,"Ec",32,1,1,1,1,1,1
"6176","1250","Ec_N",103,56,56,"Ec",32,1,1,1,1,1,1
"6177","1250","Ec_N",103,57,57,"Ec",32,1,1,1,1,1,1
"6178","1250","Ec_N",103,58,58,"Ec",32,1,1,1,1,1,1
"6179","1250","Ec_N",103,59,59,"Ec",32,1,1,1,1,1,1
"6180","1250","Ec_N",103,60,60,"Ec",32,1,1,1,1,1,1
"6181","1250","Ec_N",104,1,1,"Ec",1,0,0,0,0,0,0
"6182","1250","Ec_N",104,2,2,"Ec",1,0,0,0,0,0,0
"6183","1250","Ec_N",104,3,3,"Ec",1,0,0,0,0,0,0
"6184","1250","Ec_N",104,4,4,"Ec",1,0,0,0,0,0,0
"6185","1250","Ec_N",104,5,5,"Ec",1,0,0,0,0,0,0
"6186","1250","Ec_N",104,6,6,"Ec",1,0,0,0,0,0,0
"6187","1250","Ec_N",104,7,7,"Ec",2,1,0,0,0,0,0.221012654459768
"6188","1250","Ec_N",104,8,8,"Ec",2,1,0,0,0,0,0.221012654459768
"6189","1250","Ec_N",104,9,9,"Ec",2,1,0,0,0,0,0.221012654459768
"6190","1250","Ec_N",104,10,10,"Ec",2,1,0,0,0,0,0.221012654459768
"6191","1250","Ec_N",104,11,11,"Ec",2,1,0,0,0,0,0.221012654459768
"6192","1250","Ec_N",104,12,12,"Ec",2,1,0,0,0,0,0.221012654459768
"6193","1250","Ec_N",104,13,13,"Ec",2,1,0,0,0,0,0.221012654459768
"6194","1250","Ec_N",104,14,14,"Ec",6,1,0,1,0,0,0.453076146222492
"6195","1250","Ec_N",104,15,15,"Ec",6,1,0,1,0,0,0.453076146222492
"6196","1250","Ec_N",104,16,16,"Ec",6,1,0,1,0,0,0.453076146222492
"6197","1250","Ec_N",104,17,17,"Ec",6,1,0,1,0,0,0.453076146222492
"6198","1250","Ec_N",104,18,18,"Ec",6,1,0,1,0,0,0.453076146222492
"6199","1250","Ec_N",104,19,19,"Ec",6,1,0,1,0,0,0.453076146222492
"6200","1250","Ec_N",104,20,20,"Ec",6,1,0,1,0,0,0.453076146222492
"6201","1250","Ec_N",104,21,21,"Ec",6,1,0,1,0,0,0.453076146222492
"6202","1250","Ec_N",104,22,22,"Ec",14,1,0,1,1,0,0.720821796264067
"6203","1250","Ec_N",104,23,23,"Ec",14,1,0,1,1,0,0.720821796264067
"6204","1250","Ec_N",104,24,24,"Ec",14,1,0,1,1,0,0.720821796264067
"6205","1250","Ec_N",104,25,25,"Ec",14,1,0,1,1,0,0.720821796264067
"6206","1250","Ec_N",104,26,26,"Ec",14,1,0,1,1,0,0.720821796264067
"6207","1250","Ec_N",104,27,27,"Ec",14,1,0,1,1,0,0.720821796264067
"6208","1250","Ec_N",104,28,28,"Ec",14,1,0,1,1,0,0.720821796264067
"6209","1250","Ec_N",104,29,29,"Ec",30,1,0,1,1,1,0.981696467924213
"6210","1250","Ec_N",104,30,30,"Ec",30,1,0,1,1,1,0.981696467924213
"6211","1250","Ec_N",104,31,31,"Ec",30,1,0,1,1,1,0.981696467924213
"6212","1250","Ec_N",104,32,32,"Ec",30,1,0,1,1,1,0.981696467924213
"6213","1250","Ec_N",104,33,33,"Ec",32,1,1,1,1,1,1
"6214","1250","Ec_N",104,34,34,"Ec",32,1,1,1,1,1,1
"6215","1250","Ec_N",104,35,35,"Ec",32,1,1,1,1,1,1
"6216","1250","Ec_N",104,36,36,"Ec",32,1,1,1,1,1,1
"6217","1250","Ec_N",104,37,37,"Ec",32,1,1,1,1,1,1
"6218","1250","Ec_N",104,38,38,"Ec",32,1,1,1,1,1,1
"6219","1250","Ec_N",104,39,39,"Ec",32,1,1,1,1,1,1
"6220","1250","Ec_N",104,40,40,"Ec",32,1,1,1,1,1,1
"6221","1250","Ec_N",104,41,41,"Ec",32,1,1,1,1,1,1
"6222","1250","Ec_N",104,42,42,"Ec",32,1,1,1,1,1,1
"6223","1250","Ec_N",104,43,43,"Ec",32,1,1,1,1,1,1
"6224","1250","Ec_N",104,44,44,"Ec",32,1,1,1,1,1,1
"6225","1250","Ec_N",104,45,45,"Ec",32,1,1,1,1,1,1
"6226","1250","Ec_N",104,46,46,"Ec",32,1,1,1,1,1,1
"6227","1250","Ec_N",104,47,47,"Ec",32,1,1,1,1,1,1
"6228","1250","Ec_N",104,48,48,"Ec",32,1,1,1,1,1,1
"6229","1250","Ec_N",104,49,49,"Ec",32,1,1,1,1,1,1
"6230","1250","Ec_N",104,50,50,"Ec",32,1,1,1,1,1,1
"6231","1250","Ec_N",104,51,51,"Ec",32,1,1,1,1,1,1
"6232","1250","Ec_N",104,52,52,"Ec",32,1,1,1,1,1,1
"6233","1250","Ec_N",104,53,53,"Ec",32,1,1,1,1,1,1
"6234","1250","Ec_N",104,54,54,"Ec",32,1,1,1,1,1,1
"6235","1250","Ec_N",104,55,55,"Ec",32,1,1,1,1,1,1
"6236","1250","Ec_N",104,56,56,"Ec",32,1,1,1,1,1,1
"6237","1250","Ec_N",104,57,57,"Ec",32,1,1,1,1,1,1
"6238","1250","Ec_N",104,58,58,"Ec",32,1,1,1,1,1,1
"6239","1250","Ec_N",104,59,59,"Ec",32,1,1,1,1,1,1
"6240","1250","Ec_N",104,60,60,"Ec",32,1,1,1,1,1,1
"6241","1250","Ec_N",105,1,1,"Ec",1,0,0,0,0,0,0
"6242","1250","Ec_N",105,2,2,"Ec",1,0,0,0,0,0,0
"6243","1250","Ec_N",105,3,3,"Ec",1,0,0,0,0,0,0
"6244","1250","Ec_N",105,4,4,"Ec",3,0,1,0,0,0,0.082650579415114
"6245","1250","Ec_N",105,5,5,"Ec",3,0,1,0,0,0,0.082650579415114
"6246","1250","Ec_N",105,6,6,"Ec",3,0,1,0,0,0,0.082650579415114
"6247","1250","Ec_N",105,7,7,"Ec",3,0,1,0,0,0,0.082650579415114
"6248","1250","Ec_N",105,8,8,"Ec",3,0,1,0,0,0,0.082650579415114
"6249","1250","Ec_N",105,9,9,"Ec",3,0,1,0,0,0,0.082650579415114
"6250","1250","Ec_N",105,10,10,"Ec",3,0,1,0,0,0,0.082650579415114
"6251","1250","Ec_N",105,11,11,"Ec",3,0,1,0,0,0,0.082650579415114
"6252","1250","Ec_N",105,12,12,"Ec",3,0,1,0,0,0,0.082650579415114
"6253","1250","Ec_N",105,13,13,"Ec",7,0,1,1,0,0,0.314714071177838
"6254","1250","Ec_N",105,14,14,"Ec",7,0,1,1,0,0,0.314714071177838
"6255","1250","Ec_N",105,15,15,"Ec",7,0,1,1,0,0,0.314714071177838
"6256","1250","Ec_N",105,16,16,"Ec",7,0,1,1,0,0,0.314714071177838
"6257","1250","Ec_N",105,17,17,"Ec",15,0,1,1,1,0,0.582459721219413
"6258","1250","Ec_N",105,18,18,"Ec",15,0,1,1,1,0,0.582459721219413
"6259","1250","Ec_N",105,19,19,"Ec",15,0,1,1,1,0,0.582459721219413
"6260","1250","Ec_N",105,20,20,"Ec",15,0,1,1,1,0,0.582459721219413
"6261","1250","Ec_N",105,21,21,"Ec",15,0,1,1,1,0,0.582459721219413
"6262","1250","Ec_N",105,22,22,"Ec",15,0,1,1,1,0,0.582459721219413
"6263","1250","Ec_N",105,23,23,"Ec",15,0,1,1,1,0,0.582459721219413
"6264","1250","Ec_N",105,24,24,"Ec",15,0,1,1,1,0,0.582459721219413
"6265","1250","Ec_N",105,25,25,"Ec",15,0,1,1,1,0,0.582459721219413
"6266","1250","Ec_N",105,26,26,"Ec",15,0,1,1,1,0,0.582459721219413
"6267","1250","Ec_N",105,27,27,"Ec",15,0,1,1,1,0,0.582459721219413
"6268","1250","Ec_N",105,28,28,"Ec",15,0,1,1,1,0,0.582459721219413
"6269","1250","Ec_N",105,29,29,"Ec",15,0,1,1,1,0,0.582459721219413
"6270","1250","Ec_N",105,30,30,"Ec",15,0,1,1,1,0,0.582459721219413
"6271","1250","Ec_N",105,31,31,"Ec",15,0,1,1,1,0,0.582459721219413
"6272","1250","Ec_N",105,32,32,"Ec",15,0,1,1,1,0,0.582459721219413
"6273","1250","Ec_N",105,33,33,"Ec",15,0,1,1,1,0,0.582459721219413
"6274","1250","Ec_N",105,34,34,"Ec",15,0,1,1,1,0,0.582459721219413
"6275","1250","Ec_N",105,35,35,"Ec",15,0,1,1,1,0,0.582459721219413
"6276","1250","Ec_N",105,36,36,"Ec",15,0,1,1,1,0,0.582459721219413
"6277","1250","Ec_N",105,37,37,"Ec",15,0,1,1,1,0,0.582459721219413
"6278","1250","Ec_N",105,38,38,"Ec",15,0,1,1,1,0,0.582459721219413
"6279","1250","Ec_N",105,39,39,"Ec",15,0,1,1,1,0,0.582459721219413
"6280","1250","Ec_N",105,40,40,"Ec",15,0,1,1,1,0,0.582459721219413
"6281","1250","Ec_N",105,41,41,"Ec",15,0,1,1,1,0,0.582459721219413
"6282","1250","Ec_N",105,42,42,"Ec",15,0,1,1,1,0,0.582459721219413
"6283","1250","Ec_N",105,43,43,"Ec",15,0,1,1,1,0,0.582459721219413
"6284","1250","Ec_N",105,44,44,"Ec",16,1,1,1,1,0,0.879284144928883
"6285","1250","Ec_N",105,45,45,"Ec",16,1,1,1,1,0,0.879284144928883
"6286","1250","Ec_N",105,46,46,"Ec",32,1,1,1,1,1,1
"6287","1250","Ec_N",105,47,47,"Ec",32,1,1,1,1,1,1
"6288","1250","Ec_N",105,48,48,"Ec",32,1,1,1,1,1,1
"6289","1250","Ec_N",105,49,49,"Ec",32,1,1,1,1,1,1
"6290","1250","Ec_N",105,50,50,"Ec",32,1,1,1,1,1,1
"6291","1250","Ec_N",105,51,51,"Ec",32,1,1,1,1,1,1
"6292","1250","Ec_N",105,52,52,"Ec",32,1,1,1,1,1,1
"6293","1250","Ec_N",105,53,53,"Ec",32,1,1,1,1,1,1
"6294","1250","Ec_N",105,54,54,"Ec",32,1,1,1,1,1,1
"6295","1250","Ec_N",105,55,55,"Ec",32,1,1,1,1,1,1
"6296","1250","Ec_N",105,56,56,"Ec",32,1,1,1,1,1,1
"6297","1250","Ec_N",105,57,57,"Ec",32,1,1,1,1,1,1
"6298","1250","Ec_N",105,58,58,"Ec",32,1,1,1,1,1,1
"6299","1250","Ec_N",105,59,59,"Ec",32,1,1,1,1,1,1
"6300","1250","Ec_N",105,60,60,"Ec",32,1,1,1,1,1,1
"6301","1250","Ec_N",106,1,1,"Ec",1,0,0,0,0,0,0
"6302","1250","Ec_N",106,2,2,"Ec",1,0,0,0,0,0,0
"6303","1250","Ec_N",106,3,3,"Ec",1,0,0,0,0,0,0
"6304","1250","Ec_N",106,4,4,"Ec",2,1,0,0,0,0,0.221012654459768
"6305","1250","Ec_N",106,5,5,"Ec",2,1,0,0,0,0,0.221012654459768
"6306","1250","Ec_N",106,6,6,"Ec",2,1,0,0,0,0,0.221012654459768
"6307","1250","Ec_N",106,7,7,"Ec",2,1,0,0,0,0,0.221012654459768
"6308","1250","Ec_N",106,8,8,"Ec",2,1,0,0,0,0,0.221012654459768
"6309","1250","Ec_N",106,9,9,"Ec",2,1,0,0,0,0,0.221012654459768
"6310","1250","Ec_N",106,10,10,"Ec",2,1,0,0,0,0,0.221012654459768
"6311","1250","Ec_N",106,11,11,"Ec",10,1,0,0,1,0,0.488758304501343
"6312","1250","Ec_N",106,12,12,"Ec",10,1,0,0,1,0,0.488758304501343
"6313","1250","Ec_N",106,13,13,"Ec",10,1,0,0,1,0,0.488758304501343
"6314","1250","Ec_N",106,14,14,"Ec",10,1,0,0,1,0,0.488758304501343
"6315","1250","Ec_N",106,15,15,"Ec",10,1,0,0,1,0,0.488758304501343
"6316","1250","Ec_N",106,16,16,"Ec",10,1,0,0,1,0,0.488758304501343
"6317","1250","Ec_N",106,17,17,"Ec",10,1,0,0,1,0,0.488758304501343
"6318","1250","Ec_N",106,18,18,"Ec",10,1,0,0,1,0,0.488758304501343
"6319","1250","Ec_N",106,19,19,"Ec",10,1,0,0,1,0,0.488758304501343
"6320","1250","Ec_N",106,20,20,"Ec",10,1,0,0,1,0,0.488758304501343
"6321","1250","Ec_N",106,21,21,"Ec",10,1,0,0,1,0,0.488758304501343
"6322","1250","Ec_N",106,22,22,"Ec",10,1,0,0,1,0,0.488758304501343
"6323","1250","Ec_N",106,23,23,"Ec",10,1,0,0,1,0,0.488758304501343
"6324","1250","Ec_N",106,24,24,"Ec",10,1,0,0,1,0,0.488758304501343
"6325","1250","Ec_N",106,25,25,"Ec",10,1,0,0,1,0,0.488758304501343
"6326","1250","Ec_N",106,26,26,"Ec",10,1,0,0,1,0,0.488758304501343
"6327","1250","Ec_N",106,27,27,"Ec",10,1,0,0,1,0,0.488758304501343
"6328","1250","Ec_N",106,28,28,"Ec",10,1,0,0,1,0,0.488758304501343
"6329","1250","Ec_N",106,29,29,"Ec",10,1,0,0,1,0,0.488758304501343
"6330","1250","Ec_N",106,30,30,"Ec",10,1,0,0,1,0,0.488758304501343
"6331","1250","Ec_N",106,31,31,"Ec",10,1,0,0,1,0,0.488758304501343
"6332","1250","Ec_N",106,32,32,"Ec",10,1,0,0,1,0,0.488758304501343
"6333","1250","Ec_N",106,33,33,"Ec",10,1,0,0,1,0,0.488758304501343
"6334","1250","Ec_N",106,34,34,"Ec",10,1,0,0,1,0,0.488758304501343
"6335","1250","Ec_N",106,35,35,"Ec",26,1,0,0,1,1,0.685285928822162
"6336","1250","Ec_N",106,36,36,"Ec",26,1,0,0,1,1,0.685285928822162
"6337","1250","Ec_N",106,37,37,"Ec",26,1,0,0,1,1,0.685285928822162
"6338","1250","Ec_N",106,38,38,"Ec",26,1,0,0,1,1,0.685285928822162
"6339","1250","Ec_N",106,39,39,"Ec",26,1,0,0,1,1,0.685285928822162
"6340","1250","Ec_N",106,40,40,"Ec",26,1,0,0,1,1,0.685285928822162
"6341","1250","Ec_N",106,41,41,"Ec",26,1,0,0,1,1,0.685285928822162
"6342","1250","Ec_N",106,42,42,"Ec",26,1,0,0,1,1,0.685285928822162
"6343","1250","Ec_N",106,43,43,"Ec",26,1,0,0,1,1,0.685285928822162
"6344","1250","Ec_N",106,44,44,"Ec",26,1,0,0,1,1,0.685285928822162
"6345","1250","Ec_N",106,45,45,"Ec",26,1,0,0,1,1,0.685285928822162
"6346","1250","Ec_N",106,46,46,"Ec",26,1,0,0,1,1,0.685285928822162
"6347","1250","Ec_N",106,47,47,"Ec",26,1,0,0,1,1,0.685285928822162
"6348","1250","Ec_N",106,48,48,"Ec",26,1,0,0,1,1,0.685285928822162
"6349","1250","Ec_N",106,49,49,"Ec",26,1,0,0,1,1,0.685285928822162
"6350","1250","Ec_N",106,50,50,"Ec",26,1,0,0,1,1,0.685285928822162
"6351","1250","Ec_N",106,51,51,"Ec",26,1,0,0,1,1,0.685285928822162
"6352","1250","Ec_N",106,52,52,"Ec",26,1,0,0,1,1,0.685285928822162
"6353","1250","Ec_N",106,53,53,"Ec",26,1,0,0,1,1,0.685285928822162
"6354","1250","Ec_N",106,54,54,"Ec",26,1,0,0,1,1,0.685285928822162
"6355","1250","Ec_N",106,55,55,"Ec",26,1,0,0,1,1,0.685285928822162
"6356","1250","Ec_N",106,56,56,"Ec",26,1,0,0,1,1,0.685285928822162
"6357","1250","Ec_N",106,57,57,"Ec",28,1,1,0,1,1,0.770762719311211
"6358","1250","Ec_N",106,58,58,"Ec",28,1,1,0,1,1,0.770762719311211
"6359","1250","Ec_N",106,59,59,"Ec",28,1,1,0,1,1,0.770762719311211
"6360","1250","Ec_N",106,60,60,"Ec",28,1,1,0,1,1,0.770762719311211
"6361","1250","Ec_N",107,1,1,"Ec",1,0,0,0,0,0,0
"6362","1250","Ec_N",107,2,2,"Ec",1,0,0,0,0,0,0
"6363","1250","Ec_N",107,3,3,"Ec",1,0,0,0,0,0,0
"6364","1250","Ec_N",107,4,4,"Ec",3,0,1,0,0,0,0.082650579415114
"6365","1250","Ec_N",107,5,5,"Ec",3,0,1,0,0,0,0.082650579415114
"6366","1250","Ec_N",107,6,6,"Ec",3,0,1,0,0,0,0.082650579415114
"6367","1250","Ec_N",107,7,7,"Ec",3,0,1,0,0,0,0.082650579415114
"6368","1250","Ec_N",107,8,8,"Ec",3,0,1,0,0,0,0.082650579415114
"6369","1250","Ec_N",107,9,9,"Ec",3,0,1,0,0,0,0.082650579415114
"6370","1250","Ec_N",107,10,10,"Ec",3,0,1,0,0,0,0.082650579415114
"6371","1250","Ec_N",107,11,11,"Ec",3,0,1,0,0,0,0.082650579415114
"6372","1250","Ec_N",107,12,12,"Ec",3,0,1,0,0,0,0.082650579415114
"6373","1250","Ec_N",107,13,13,"Ec",3,0,1,0,0,0,0.082650579415114
"6374","1250","Ec_N",107,14,14,"Ec",3,0,1,0,0,0,0.082650579415114
"6375","1250","Ec_N",107,15,15,"Ec",3,0,1,0,0,0,0.082650579415114
"6376","1250","Ec_N",107,16,16,"Ec",3,0,1,0,0,0,0.082650579415114
"6377","1250","Ec_N",107,17,17,"Ec",4,1,1,0,0,0,0.303663233874882
"6378","1250","Ec_N",107,18,18,"Ec",4,1,1,0,0,0,0.303663233874882
"6379","1250","Ec_N",107,19,19,"Ec",4,1,1,0,0,0,0.303663233874882
"6380","1250","Ec_N",107,20,20,"Ec",4,1,1,0,0,0,0.303663233874882
"6381","1250","Ec_N",107,21,21,"Ec",4,1,1,0,0,0,0.303663233874882
"6382","1250","Ec_N",107,22,22,"Ec",4,1,1,0,0,0,0.303663233874882
"6383","1250","Ec_N",107,23,23,"Ec",4,1,1,0,0,0,0.303663233874882
"6384","1250","Ec_N",107,24,24,"Ec",4,1,1,0,0,0,0.303663233874882
"6385","1250","Ec_N",107,25,25,"Ec",4,1,1,0,0,0,0.303663233874882
"6386","1250","Ec_N",107,26,26,"Ec",8,1,1,1,0,0,0.440600849145421
"6387","1250","Ec_N",107,27,27,"Ec",8,1,1,1,0,0,0.440600849145421
"6388","1250","Ec_N",107,28,28,"Ec",8,1,1,1,0,0,0.440600849145421
"6389","1250","Ec_N",107,29,29,"Ec",24,1,1,1,0,1,0.732254349958425
"6390","1250","Ec_N",107,30,30,"Ec",24,1,1,1,0,1,0.732254349958425
"6391","1250","Ec_N",107,31,31,"Ec",24,1,1,1,0,1,0.732254349958425
"6392","1250","Ec_N",107,32,32,"Ec",24,1,1,1,0,1,0.732254349958425
"6393","1250","Ec_N",107,33,33,"Ec",24,1,1,1,0,1,0.732254349958425
"6394","1250","Ec_N",107,34,34,"Ec",24,1,1,1,0,1,0.732254349958425
"6395","1250","Ec_N",107,35,35,"Ec",24,1,1,1,0,1,0.732254349958425
"6396","1250","Ec_N",107,36,36,"Ec",24,1,1,1,0,1,0.732254349958425
"6397","1250","Ec_N",107,37,37,"Ec",32,1,1,1,1,1,1
"6398","1250","Ec_N",107,38,38,"Ec",32,1,1,1,1,1,1
"6399","1250","Ec_N",107,39,39,"Ec",32,1,1,1,1,1,1
"6400","1250","Ec_N",107,40,40,"Ec",32,1,1,1,1,1,1
"6401","1250","Ec_N",107,41,41,"Ec",32,1,1,1,1,1,1
"6402","1250","Ec_N",107,42,42,"Ec",32,1,1,1,1,1,1
"6403","1250","Ec_N",107,43,43,"Ec",32,1,1,1,1,1,1
"6404","1250","Ec_N",107,44,44,"Ec",32,1,1,1,1,1,1
"6405","1250","Ec_N",107,45,45,"Ec",32,1,1,1,1,1,1
"6406","1250","Ec_N",107,46,46,"Ec",32,1,1,1,1,1,1
"6407","1250","Ec_N",107,47,47,"Ec",32,1,1,1,1,1,1
"6408","1250","Ec_N",107,48,48,"Ec",32,1,1,1,1,1,1
"6409","1250","Ec_N",107,49,49,"Ec",32,1,1,1,1,1,1
"6410","1250","Ec_N",107,50,50,"Ec",32,1,1,1,1,1,1
"6411","1250","Ec_N",107,51,51,"Ec",32,1,1,1,1,1,1
"6412","1250","Ec_N",107,52,52,"Ec",32,1,1,1,1,1,1
"6413","1250","Ec_N",107,53,53,"Ec",32,1,1,1,1,1,1
"6414","1250","Ec_N",107,54,54,"Ec",32,1,1,1,1,1,1
"6415","1250","Ec_N",107,55,55,"Ec",32,1,1,1,1,1,1
"6416","1250","Ec_N",107,56,56,"Ec",32,1,1,1,1,1,1
"6417","1250","Ec_N",107,57,57,"Ec",32,1,1,1,1,1,1
"6418","1250","Ec_N",107,58,58,"Ec",32,1,1,1,1,1,1
"6419","1250","Ec_N",107,59,59,"Ec",32,1,1,1,1,1,1
"6420","1250","Ec_N",107,60,60,"Ec",32,1,1,1,1,1,1
"6421","1250","Ec_N",108,1,1,"Ec",1,0,0,0,0,0,0
"6422","1250","Ec_N",108,2,2,"Ec",1,0,0,0,0,0,0
"6423","1250","Ec_N",108,3,3,"Ec",9,0,0,0,1,0,0.267745650041575
"6424","1250","Ec_N",108,4,4,"Ec",9,0,0,0,1,0,0.267745650041575
"6425","1250","Ec_N",108,5,5,"Ec",9,0,0,0,1,0,0.267745650041575
"6426","1250","Ec_N",108,6,6,"Ec",9,0,0,0,1,0,0.267745650041575
"6427","1250","Ec_N",108,7,7,"Ec",9,0,0,0,1,0,0.267745650041575
"6428","1250","Ec_N",108,8,8,"Ec",13,0,0,1,1,0,0.499809141804299
"6429","1250","Ec_N",108,9,9,"Ec",13,0,0,1,1,0,0.499809141804299
"6430","1250","Ec_N",108,10,10,"Ec",13,0,0,1,1,0,0.499809141804299
"6431","1250","Ec_N",108,11,11,"Ec",29,0,0,1,1,1,0.696336766125118
"6432","1250","Ec_N",108,12,12,"Ec",29,0,0,1,1,1,0.696336766125118
"6433","1250","Ec_N",108,13,13,"Ec",30,1,0,1,1,1,0.981696467924213
"6434","1250","Ec_N",108,14,14,"Ec",30,1,0,1,1,1,0.981696467924213
"6435","1250","Ec_N",108,15,15,"Ec",30,1,0,1,1,1,0.981696467924213
"6436","1250","Ec_N",108,16,16,"Ec",30,1,0,1,1,1,0.981696467924213
"6437","1250","Ec_N",108,17,17,"Ec",30,1,0,1,1,1,0.981696467924213
"6438","1250","Ec_N",108,18,18,"Ec",30,1,0,1,1,1,0.981696467924213
"6439","1250","Ec_N",108,19,19,"Ec",30,1,0,1,1,1,0.981696467924213
"6440","1250","Ec_N",108,20,20,"Ec",30,1,0,1,1,1,0.981696467924213
"6441","1250","Ec_N",108,21,21,"Ec",30,1,0,1,1,1,0.981696467924213
"6442","1250","Ec_N",108,22,22,"Ec",30,1,0,1,1,1,0.981696467924213
"6443","1250","Ec_N",108,23,23,"Ec",30,1,0,1,1,1,0.981696467924213
"6444","1250","Ec_N",108,24,24,"Ec",30,1,0,1,1,1,0.981696467924213
"6445","1250","Ec_N",108,25,25,"Ec",30,1,0,1,1,1,0.981696467924213
"6446","1250","Ec_N",108,26,26,"Ec",32,1,1,1,1,1,1
"6447","1250","Ec_N",108,27,27,"Ec",32,1,1,1,1,1,1
"6448","1250","Ec_N",108,28,28,"Ec",32,1,1,1,1,1,1
"6449","1250","Ec_N",108,29,29,"Ec",32,1,1,1,1,1,1
"6450","1250","Ec_N",108,30,30,"Ec",32,1,1,1,1,1,1
"6451","1250","Ec_N",108,31,31,"Ec",32,1,1,1,1,1,1
"6452","1250","Ec_N",108,32,32,"Ec",32,1,1,1,1,1,1
"6453","1250","Ec_N",108,33,33,"Ec",32,1,1,1,1,1,1
"6454","1250","Ec_N",108,34,34,"Ec",32,1,1,1,1,1,1
"6455","1250","Ec_N",108,35,35,"Ec",32,1,1,1,1,1,1
"6456","1250","Ec_N",108,36,36,"Ec",32,1,1,1,1,1,1
"6457","1250","Ec_N",108,37,37,"Ec",32,1,1,1,1,1,1
"6458","1250","Ec_N",108,38,38,"Ec",32,1,1,1,1,1,1
"6459","1250","Ec_N",108,39,39,"Ec",32,1,1,1,1,1,1
"6460","1250","Ec_N",108,40,40,"Ec",32,1,1,1,1,1,1
"6461","1250","Ec_N",108,41,41,"Ec",32,1,1,1,1,1,1
"6462","1250","Ec_N",108,42,42,"Ec",32,1,1,1,1,1,1
"6463","1250","Ec_N",108,43,43,"Ec",32,1,1,1,1,1,1
"6464","1250","Ec_N",108,44,44,"Ec",32,1,1,1,1,1,1
"6465","1250","Ec_N",108,45,45,"Ec",32,1,1,1,1,1,1
"6466","1250","Ec_N",108,46,46,"Ec",32,1,1,1,1,1,1
"6467","1250","Ec_N",108,47,47,"Ec",32,1,1,1,1,1,1
"6468","1250","Ec_N",108,48,48,"Ec",32,1,1,1,1,1,1
"6469","1250","Ec_N",108,49,49,"Ec",32,1,1,1,1,1,1
"6470","1250","Ec_N",108,50,50,"Ec",32,1,1,1,1,1,1
"6471","1250","Ec_N",108,51,51,"Ec",32,1,1,1,1,1,1
"6472","1250","Ec_N",108,52,52,"Ec",32,1,1,1,1,1,1
"6473","1250","Ec_N",108,53,53,"Ec",32,1,1,1,1,1,1
"6474","1250","Ec_N",108,54,54,"Ec",32,1,1,1,1,1,1
"6475","1250","Ec_N",108,55,55,"Ec",32,1,1,1,1,1,1
"6476","1250","Ec_N",108,56,56,"Ec",32,1,1,1,1,1,1
"6477","1250","Ec_N",108,57,57,"Ec",32,1,1,1,1,1,1
"6478","1250","Ec_N",108,58,58,"Ec",32,1,1,1,1,1,1
"6479","1250","Ec_N",108,59,59,"Ec",32,1,1,1,1,1,1
"6480","1250","Ec_N",108,60,60,"Ec",32,1,1,1,1,1,1
"6481","1250","Ec_N",109,1,1,"Ec",1,0,0,0,0,0,0
"6482","1250","Ec_N",109,2,2,"Ec",1,0,0,0,0,0,0
"6483","1250","Ec_N",109,3,3,"Ec",1,0,0,0,0,0,0
"6484","1250","Ec_N",109,4,4,"Ec",1,0,0,0,0,0,0
"6485","1250","Ec_N",109,5,5,"Ec",5,0,0,1,0,0,0.232063491762724
"6486","1250","Ec_N",109,6,6,"Ec",5,0,0,1,0,0,0.232063491762724
"6487","1250","Ec_N",109,7,7,"Ec",5,0,0,1,0,0,0.232063491762724
"6488","1250","Ec_N",109,8,8,"Ec",5,0,0,1,0,0,0.232063491762724
"6489","1250","Ec_N",109,9,9,"Ec",21,0,0,1,0,1,0.428591116083543
"6490","1250","Ec_N",109,10,10,"Ec",21,0,0,1,0,1,0.428591116083543
"6491","1250","Ec_N",109,11,11,"Ec",21,0,0,1,0,1,0.428591116083543
"6492","1250","Ec_N",109,12,12,"Ec",21,0,0,1,0,1,0.428591116083543
"6493","1250","Ec_N",109,13,13,"Ec",21,0,0,1,0,1,0.428591116083543
"6494","1250","Ec_N",109,14,14,"Ec",21,0,0,1,0,1,0.428591116083543
"6495","1250","Ec_N",109,15,15,"Ec",21,0,0,1,0,1,0.428591116083543
"6496","1250","Ec_N",109,16,16,"Ec",21,0,0,1,0,1,0.428591116083543
"6497","1250","Ec_N",109,17,17,"Ec",21,0,0,1,0,1,0.428591116083543
"6498","1250","Ec_N",109,18,18,"Ec",21,0,0,1,0,1,0.428591116083543
"6499","1250","Ec_N",109,19,19,"Ec",22,1,0,1,0,1,0.649603770543311
"6500","1250","Ec_N",109,20,20,"Ec",22,1,0,1,0,1,0.649603770543311
"6501","1250","Ec_N",109,21,21,"Ec",22,1,0,1,0,1,0.649603770543311
"6502","1250","Ec_N",109,22,22,"Ec",22,1,0,1,0,1,0.649603770543311
"6503","1250","Ec_N",109,23,23,"Ec",30,1,0,1,1,1,0.981696467924213
"6504","1250","Ec_N",109,24,24,"Ec",30,1,0,1,1,1,0.981696467924213
"6505","1250","Ec_N",109,25,25,"Ec",32,1,1,1,1,1,1
"6506","1250","Ec_N",109,26,26,"Ec",32,1,1,1,1,1,1
"6507","1250","Ec_N",109,27,27,"Ec",32,1,1,1,1,1,1
"6508","1250","Ec_N",109,28,28,"Ec",32,1,1,1,1,1,1
"6509","1250","Ec_N",109,29,29,"Ec",32,1,1,1,1,1,1
"6510","1250","Ec_N",109,30,30,"Ec",32,1,1,1,1,1,1
"6511","1250","Ec_N",109,31,31,"Ec",32,1,1,1,1,1,1
"6512","1250","Ec_N",109,32,32,"Ec",32,1,1,1,1,1,1
"6513","1250","Ec_N",109,33,33,"Ec",32,1,1,1,1,1,1
"6514","1250","Ec_N",109,34,34,"Ec",32,1,1,1,1,1,1
"6515","1250","Ec_N",109,35,35,"Ec",32,1,1,1,1,1,1
"6516","1250","Ec_N",109,36,36,"Ec",32,1,1,1,1,1,1
"6517","1250","Ec_N",109,37,37,"Ec",32,1,1,1,1,1,1
"6518","1250","Ec_N",109,38,38,"Ec",32,1,1,1,1,1,1
"6519","1250","Ec_N",109,39,39,"Ec",32,1,1,1,1,1,1
"6520","1250","Ec_N",109,40,40,"Ec",32,1,1,1,1,1,1
"6521","1250","Ec_N",109,41,41,"Ec",32,1,1,1,1,1,1
"6522","1250","Ec_N",109,42,42,"Ec",32,1,1,1,1,1,1
"6523","1250","Ec_N",109,43,43,"Ec",32,1,1,1,1,1,1
"6524","1250","Ec_N",109,44,44,"Ec",32,1,1,1,1,1,1
"6525","1250","Ec_N",109,45,45,"Ec",32,1,1,1,1,1,1
"6526","1250","Ec_N",109,46,46,"Ec",32,1,1,1,1,1,1
"6527","1250","Ec_N",109,47,47,"Ec",32,1,1,1,1,1,1
"6528","1250","Ec_N",109,48,48,"Ec",32,1,1,1,1,1,1
"6529","1250","Ec_N",109,49,49,"Ec",32,1,1,1,1,1,1
"6530","1250","Ec_N",109,50,50,"Ec",32,1,1,1,1,1,1
"6531","1250","Ec_N",109,51,51,"Ec",32,1,1,1,1,1,1
"6532","1250","Ec_N",109,52,52,"Ec",32,1,1,1,1,1,1
"6533","1250","Ec_N",109,53,53,"Ec",32,1,1,1,1,1,1
"6534","1250","Ec_N",109,54,54,"Ec",32,1,1,1,1,1,1
"6535","1250","Ec_N",109,55,55,"Ec",32,1,1,1,1,1,1
"6536","1250","Ec_N",109,56,56,"Ec",32,1,1,1,1,1,1
"6537","1250","Ec_N",109,57,57,"Ec",32,1,1,1,1,1,1
"6538","1250","Ec_N",109,58,58,"Ec",32,1,1,1,1,1,1
"6539","1250","Ec_N",109,59,59,"Ec",32,1,1,1,1,1,1
"6540","1250","Ec_N",109,60,60,"Ec",32,1,1,1,1,1,1
"6541","1250","Ec_N",110,1,1,"Ec",1,0,0,0,0,0,0
"6542","1250","Ec_N",110,2,2,"Ec",1,0,0,0,0,0,0
"6543","1250","Ec_N",110,3,3,"Ec",1,0,0,0,0,0,0
"6544","1250","Ec_N",110,4,4,"Ec",1,0,0,0,0,0,0
"6545","1250","Ec_N",110,5,5,"Ec",1,0,0,0,0,0,0
"6546","1250","Ec_N",110,6,6,"Ec",1,0,0,0,0,0,0
"6547","1250","Ec_N",110,7,7,"Ec",1,0,0,0,0,0,0
"6548","1250","Ec_N",110,8,8,"Ec",1,0,0,0,0,0,0
"6549","1250","Ec_N",110,9,9,"Ec",1,0,0,0,0,0,0
"6550","1250","Ec_N",110,10,10,"Ec",9,0,0,0,1,0,0.267745650041575
"6551","1250","Ec_N",110,11,11,"Ec",10,1,0,0,1,0,0.488758304501343
"6552","1250","Ec_N",110,12,12,"Ec",10,1,0,0,1,0,0.488758304501343
"6553","1250","Ec_N",110,13,13,"Ec",10,1,0,0,1,0,0.488758304501343
"6554","1250","Ec_N",110,14,14,"Ec",14,1,0,1,1,0,0.720821796264067
"6555","1250","Ec_N",110,15,15,"Ec",14,1,0,1,1,0,0.720821796264067
"6556","1250","Ec_N",110,16,16,"Ec",30,1,0,1,1,1,0.981696467924213
"6557","1250","Ec_N",110,17,17,"Ec",30,1,0,1,1,1,0.981696467924213
"6558","1250","Ec_N",110,18,18,"Ec",30,1,0,1,1,1,0.981696467924213
"6559","1250","Ec_N",110,19,19,"Ec",30,1,0,1,1,1,0.981696467924213
"6560","1250","Ec_N",110,20,20,"Ec",30,1,0,1,1,1,0.981696467924213
"6561","1250","Ec_N",110,21,21,"Ec",30,1,0,1,1,1,0.981696467924213
"6562","1250","Ec_N",110,22,22,"Ec",30,1,0,1,1,1,0.981696467924213
"6563","1250","Ec_N",110,23,23,"Ec",30,1,0,1,1,1,0.981696467924213
"6564","1250","Ec_N",110,24,24,"Ec",30,1,0,1,1,1,0.981696467924213
"6565","1250","Ec_N",110,25,25,"Ec",30,1,0,1,1,1,0.981696467924213
"6566","1250","Ec_N",110,26,26,"Ec",30,1,0,1,1,1,0.981696467924213
"6567","1250","Ec_N",110,27,27,"Ec",30,1,0,1,1,1,0.981696467924213
"6568","1250","Ec_N",110,28,28,"Ec",30,1,0,1,1,1,0.981696467924213
"6569","1250","Ec_N",110,29,29,"Ec",30,1,0,1,1,1,0.981696467924213
"6570","1250","Ec_N",110,30,30,"Ec",30,1,0,1,1,1,0.981696467924213
"6571","1250","Ec_N",110,31,31,"Ec",30,1,0,1,1,1,0.981696467924213
"6572","1250","Ec_N",110,32,32,"Ec",30,1,0,1,1,1,0.981696467924213
"6573","1250","Ec_N",110,33,33,"Ec",30,1,0,1,1,1,0.981696467924213
"6574","1250","Ec_N",110,34,34,"Ec",30,1,0,1,1,1,0.981696467924213
"6575","1250","Ec_N",110,35,35,"Ec",30,1,0,1,1,1,0.981696467924213
"6576","1250","Ec_N",110,36,36,"Ec",30,1,0,1,1,1,0.981696467924213
"6577","1250","Ec_N",110,37,37,"Ec",32,1,1,1,1,1,1
"6578","1250","Ec_N",110,38,38,"Ec",32,1,1,1,1,1,1
"6579","1250","Ec_N",110,39,39,"Ec",32,1,1,1,1,1,1
"6580","1250","Ec_N",110,40,40,"Ec",32,1,1,1,1,1,1
"6581","1250","Ec_N",110,41,41,"Ec",32,1,1,1,1,1,1
"6582","1250","Ec_N",110,42,42,"Ec",32,1,1,1,1,1,1
"6583","1250","Ec_N",110,43,43,"Ec",32,1,1,1,1,1,1
"6584","1250","Ec_N",110,44,44,"Ec",32,1,1,1,1,1,1
"6585","1250","Ec_N",110,45,45,"Ec",32,1,1,1,1,1,1
"6586","1250","Ec_N",110,46,46,"Ec",32,1,1,1,1,1,1
"6587","1250","Ec_N",110,47,47,"Ec",32,1,1,1,1,1,1
"6588","1250","Ec_N",110,48,48,"Ec",32,1,1,1,1,1,1
"6589","1250","Ec_N",110,49,49,"Ec",32,1,1,1,1,1,1
"6590","1250","Ec_N",110,50,50,"Ec",32,1,1,1,1,1,1
"6591","1250","Ec_N",110,51,51,"Ec",32,1,1,1,1,1,1
"6592","1250","Ec_N",110,52,52,"Ec",32,1,1,1,1,1,1
"6593","1250","Ec_N",110,53,53,"Ec",32,1,1,1,1,1,1
"6594","1250","Ec_N",110,54,54,"Ec",32,1,1,1,1,1,1
"6595","1250","Ec_N",110,55,55,"Ec",32,1,1,1,1,1,1
"6596","1250","Ec_N",110,56,56,"Ec",32,1,1,1,1,1,1
"6597","1250","Ec_N",110,57,57,"Ec",32,1,1,1,1,1,1
"6598","1250","Ec_N",110,58,58,"Ec",32,1,1,1,1,1,1
"6599","1250","Ec_N",110,59,59,"Ec",32,1,1,1,1,1,1
"6600","1250","Ec_N",110,60,60,"Ec",32,1,1,1,1,1,1
"6601","1250","Ec_N",111,1,1,"Ec",1,0,0,0,0,0,0
"6602","1250","Ec_N",111,2,2,"Ec",1,0,0,0,0,0,0
"6603","1250","Ec_N",111,3,3,"Ec",1,0,0,0,0,0,0
"6604","1250","Ec_N",111,4,4,"Ec",5,0,0,1,0,0,0.232063491762724
"6605","1250","Ec_N",111,5,5,"Ec",5,0,0,1,0,0,0.232063491762724
"6606","1250","Ec_N",111,6,6,"Ec",13,0,0,1,1,0,0.499809141804299
"6607","1250","Ec_N",111,7,7,"Ec",13,0,0,1,1,0,0.499809141804299
"6608","1250","Ec_N",111,8,8,"Ec",13,0,0,1,1,0,0.499809141804299
"6609","1250","Ec_N",111,9,9,"Ec",13,0,0,1,1,0,0.499809141804299
"6610","1250","Ec_N",111,10,10,"Ec",13,0,0,1,1,0,0.499809141804299
"6611","1250","Ec_N",111,11,11,"Ec",13,0,0,1,1,0,0.499809141804299
"6612","1250","Ec_N",111,12,12,"Ec",13,0,0,1,1,0,0.499809141804299
"6613","1250","Ec_N",111,13,13,"Ec",29,0,0,1,1,1,0.696336766125118
"6614","1250","Ec_N",111,14,14,"Ec",29,0,0,1,1,1,0.696336766125118
"6615","1250","Ec_N",111,15,15,"Ec",29,0,0,1,1,1,0.696336766125118
"6616","1250","Ec_N",111,16,16,"Ec",29,0,0,1,1,1,0.696336766125118
"6617","1250","Ec_N",111,17,17,"Ec",29,0,0,1,1,1,0.696336766125118
"6618","1250","Ec_N",111,18,18,"Ec",29,0,0,1,1,1,0.696336766125118
"6619","1250","Ec_N",111,19,19,"Ec",29,0,0,1,1,1,0.696336766125118
"6620","1250","Ec_N",111,20,20,"Ec",29,0,0,1,1,1,0.696336766125118
"6621","1250","Ec_N",111,21,21,"Ec",29,0,0,1,1,1,0.696336766125118
"6622","1250","Ec_N",111,22,22,"Ec",29,0,0,1,1,1,0.696336766125118
"6623","1250","Ec_N",111,23,23,"Ec",29,0,0,1,1,1,0.696336766125118
"6624","1250","Ec_N",111,24,24,"Ec",29,0,0,1,1,1,0.696336766125118
"6625","1250","Ec_N",111,25,25,"Ec",29,0,0,1,1,1,0.696336766125118
"6626","1250","Ec_N",111,26,26,"Ec",29,0,0,1,1,1,0.696336766125118
"6627","1250","Ec_N",111,27,27,"Ec",29,0,0,1,1,1,0.696336766125118
"6628","1250","Ec_N",111,28,28,"Ec",29,0,0,1,1,1,0.696336766125118
"6629","1250","Ec_N",111,29,29,"Ec",29,0,0,1,1,1,0.696336766125118
"6630","1250","Ec_N",111,30,30,"Ec",29,0,0,1,1,1,0.696336766125118
"6631","1250","Ec_N",111,31,31,"Ec",29,0,0,1,1,1,0.696336766125118
"6632","1250","Ec_N",111,32,32,"Ec",29,0,0,1,1,1,0.696336766125118
"6633","1250","Ec_N",111,33,33,"Ec",30,1,0,1,1,1,0.981696467924213
"6634","1250","Ec_N",111,34,34,"Ec",30,1,0,1,1,1,0.981696467924213
"6635","1250","Ec_N",111,35,35,"Ec",30,1,0,1,1,1,0.981696467924213
"6636","1250","Ec_N",111,36,36,"Ec",32,1,1,1,1,1,1
"6637","1250","Ec_N",111,37,37,"Ec",32,1,1,1,1,1,1
"6638","1250","Ec_N",111,38,38,"Ec",32,1,1,1,1,1,1
"6639","1250","Ec_N",111,39,39,"Ec",32,1,1,1,1,1,1
"6640","1250","Ec_N",111,40,40,"Ec",32,1,1,1,1,1,1
"6641","1250","Ec_N",111,41,41,"Ec",32,1,1,1,1,1,1
"6642","1250","Ec_N",111,42,42,"Ec",32,1,1,1,1,1,1
"6643","1250","Ec_N",111,43,43,"Ec",32,1,1,1,1,1,1
"6644","1250","Ec_N",111,44,44,"Ec",32,1,1,1,1,1,1
"6645","1250","Ec_N",111,45,45,"Ec",32,1,1,1,1,1,1
"6646","1250","Ec_N",111,46,46,"Ec",32,1,1,1,1,1,1
"6647","1250","Ec_N",111,47,47,"Ec",32,1,1,1,1,1,1
"6648","1250","Ec_N",111,48,48,"Ec",32,1,1,1,1,1,1
"6649","1250","Ec_N",111,49,49,"Ec",32,1,1,1,1,1,1
"6650","1250","Ec_N",111,50,50,"Ec",32,1,1,1,1,1,1
"6651","1250","Ec_N",111,51,51,"Ec",32,1,1,1,1,1,1
"6652","1250","Ec_N",111,52,52,"Ec",32,1,1,1,1,1,1
"6653","1250","Ec_N",111,53,53,"Ec",32,1,1,1,1,1,1
"6654","1250","Ec_N",111,54,54,"Ec",32,1,1,1,1,1,1
"6655","1250","Ec_N",111,55,55,"Ec",32,1,1,1,1,1,1
"6656","1250","Ec_N",111,56,56,"Ec",32,1,1,1,1,1,1
"6657","1250","Ec_N",111,57,57,"Ec",32,1,1,1,1,1,1
"6658","1250","Ec_N",111,58,58,"Ec",32,1,1,1,1,1,1
"6659","1250","Ec_N",111,59,59,"Ec",32,1,1,1,1,1,1
"6660","1250","Ec_N",111,60,60,"Ec",32,1,1,1,1,1,1
"6661","1250","Ec_N",112,1,1,"Ec",1,0,0,0,0,0,0
"6662","1250","Ec_N",112,2,2,"Ec",1,0,0,0,0,0,0
"6663","1250","Ec_N",112,3,3,"Ec",17,0,0,0,0,1,0.14692246949649
"6664","1250","Ec_N",112,4,4,"Ec",17,0,0,0,0,1,0.14692246949649
"6665","1250","Ec_N",112,5,5,"Ec",17,0,0,0,0,1,0.14692246949649
"6666","1250","Ec_N",112,6,6,"Ec",17,0,0,0,0,1,0.14692246949649
"6667","1250","Ec_N",112,7,7,"Ec",17,0,0,0,0,1,0.14692246949649
"6668","1250","Ec_N",112,8,8,"Ec",17,0,0,0,0,1,0.14692246949649
"6669","1250","Ec_N",112,9,9,"Ec",17,0,0,0,0,1,0.14692246949649
"6670","1250","Ec_N",112,10,10,"Ec",25,0,0,0,1,1,0.464273274362394
"6671","1250","Ec_N",112,11,11,"Ec",25,0,0,0,1,1,0.464273274362394
"6672","1250","Ec_N",112,12,12,"Ec",25,0,0,0,1,1,0.464273274362394
"6673","1250","Ec_N",112,13,13,"Ec",25,0,0,0,1,1,0.464273274362394
"6674","1250","Ec_N",112,14,14,"Ec",25,0,0,0,1,1,0.464273274362394
"6675","1250","Ec_N",112,15,15,"Ec",25,0,0,0,1,1,0.464273274362394
"6676","1250","Ec_N",112,16,16,"Ec",25,0,0,0,1,1,0.464273274362394
"6677","1250","Ec_N",112,17,17,"Ec",25,0,0,0,1,1,0.464273274362394
"6678","1250","Ec_N",112,18,18,"Ec",25,0,0,0,1,1,0.464273274362394
"6679","1250","Ec_N",112,19,19,"Ec",25,0,0,0,1,1,0.464273274362394
"6680","1250","Ec_N",112,20,20,"Ec",25,0,0,0,1,1,0.464273274362394
"6681","1250","Ec_N",112,21,21,"Ec",25,0,0,0,1,1,0.464273274362394
"6682","1250","Ec_N",112,22,22,"Ec",25,0,0,0,1,1,0.464273274362394
"6683","1250","Ec_N",112,23,23,"Ec",25,0,0,0,1,1,0.464273274362394
"6684","1250","Ec_N",112,24,24,"Ec",25,0,0,0,1,1,0.464273274362394
"6685","1250","Ec_N",112,25,25,"Ec",25,0,0,0,1,1,0.464273274362394
"6686","1250","Ec_N",112,26,26,"Ec",25,0,0,0,1,1,0.464273274362394
"6687","1250","Ec_N",112,27,27,"Ec",25,0,0,0,1,1,0.464273274362394
"6688","1250","Ec_N",112,28,28,"Ec",25,0,0,0,1,1,0.464273274362394
"6689","1250","Ec_N",112,29,29,"Ec",25,0,0,0,1,1,0.464273274362394
"6690","1250","Ec_N",112,30,30,"Ec",25,0,0,0,1,1,0.464273274362394
"6691","1250","Ec_N",112,31,31,"Ec",25,0,0,0,1,1,0.464273274362394
"6692","1250","Ec_N",112,32,32,"Ec",25,0,0,0,1,1,0.464273274362394
"6693","1250","Ec_N",112,33,33,"Ec",25,0,0,0,1,1,0.464273274362394
"6694","1250","Ec_N",112,34,34,"Ec",27,0,1,0,1,1,0.50104458373578
"6695","1250","Ec_N",112,35,35,"Ec",31,0,1,1,1,1,0.778987345540232
"6696","1250","Ec_N",112,36,36,"Ec",31,0,1,1,1,1,0.778987345540232
"6697","1250","Ec_N",112,37,37,"Ec",31,0,1,1,1,1,0.778987345540232
"6698","1250","Ec_N",112,38,38,"Ec",31,0,1,1,1,1,0.778987345540232
"6699","1250","Ec_N",112,39,39,"Ec",31,0,1,1,1,1,0.778987345540232
"6700","1250","Ec_N",112,40,40,"Ec",31,0,1,1,1,1,0.778987345540232
"6701","1250","Ec_N",112,41,41,"Ec",31,0,1,1,1,1,0.778987345540232
"6702","1250","Ec_N",112,42,42,"Ec",31,0,1,1,1,1,0.778987345540232
"6703","1250","Ec_N",112,43,43,"Ec",31,0,1,1,1,1,0.778987345540232
"6704","1250","Ec_N",112,44,44,"Ec",31,0,1,1,1,1,0.778987345540232
"6705","1250","Ec_N",112,45,45,"Ec",31,0,1,1,1,1,0.778987345540232
"6706","1250","Ec_N",112,46,46,"Ec",31,0,1,1,1,1,0.778987345540232
"6707","1250","Ec_N",112,47,47,"Ec",31,0,1,1,1,1,0.778987345540232
"6708","1250","Ec_N",112,48,48,"Ec",31,0,1,1,1,1,0.778987345540232
"6709","1250","Ec_N",112,49,49,"Ec",31,0,1,1,1,1,0.778987345540232
"6710","1250","Ec_N",112,50,50,"Ec",31,0,1,1,1,1,0.778987345540232
"6711","1250","Ec_N",112,51,51,"Ec",31,0,1,1,1,1,0.778987345540232
"6712","1250","Ec_N",112,52,52,"Ec",31,0,1,1,1,1,0.778987345540232
"6713","1250","Ec_N",112,53,53,"Ec",31,0,1,1,1,1,0.778987345540232
"6714","1250","Ec_N",112,54,54,"Ec",31,0,1,1,1,1,0.778987345540232
"6715","1250","Ec_N",112,55,55,"Ec",31,0,1,1,1,1,0.778987345540232
"6716","1250","Ec_N",112,56,56,"Ec",31,0,1,1,1,1,0.778987345540232
"6717","1250","Ec_N",112,57,57,"Ec",31,0,1,1,1,1,0.778987345540232
"6718","1250","Ec_N",112,58,58,"Ec",31,0,1,1,1,1,0.778987345540232
"6719","1250","Ec_N",112,59,59,"Ec",31,0,1,1,1,1,0.778987345540232
"6720","1250","Ec_N",112,60,60,"Ec",31,0,1,1,1,1,0.778987345540232
"6721","1250","Ec_N",113,1,1,"Ec",1,0,0,0,0,0,0
"6722","1250","Ec_N",113,2,2,"Ec",1,0,0,0,0,0,0
"6723","1250","Ec_N",113,3,3,"Ec",1,0,0,0,0,0,0
"6724","1250","Ec_N",113,4,4,"Ec",9,0,0,0,1,0,0.267745650041575
"6725","1250","Ec_N",113,5,5,"Ec",9,0,0,0,1,0,0.267745650041575
"6726","1250","Ec_N",113,6,6,"Ec",9,0,0,0,1,0,0.267745650041575
"6727","1250","Ec_N",113,7,7,"Ec",25,0,0,0,1,1,0.464273274362394
"6728","1250","Ec_N",113,8,8,"Ec",25,0,0,0,1,1,0.464273274362394
"6729","1250","Ec_N",113,9,9,"Ec",25,0,0,0,1,1,0.464273274362394
"6730","1250","Ec_N",113,10,10,"Ec",25,0,0,0,1,1,0.464273274362394
"6731","1250","Ec_N",113,11,11,"Ec",25,0,0,0,1,1,0.464273274362394
"6732","1250","Ec_N",113,12,12,"Ec",25,0,0,0,1,1,0.464273274362394
"6733","1250","Ec_N",113,13,13,"Ec",25,0,0,0,1,1,0.464273274362394
"6734","1250","Ec_N",113,14,14,"Ec",27,0,1,0,1,1,0.50104458373578
"6735","1250","Ec_N",113,15,15,"Ec",27,0,1,0,1,1,0.50104458373578
"6736","1250","Ec_N",113,16,16,"Ec",27,0,1,0,1,1,0.50104458373578
"6737","1250","Ec_N",113,17,17,"Ec",27,0,1,0,1,1,0.50104458373578
"6738","1250","Ec_N",113,18,18,"Ec",27,0,1,0,1,1,0.50104458373578
"6739","1250","Ec_N",113,19,19,"Ec",27,0,1,0,1,1,0.50104458373578
"6740","1250","Ec_N",113,20,20,"Ec",27,0,1,0,1,1,0.50104458373578
"6741","1250","Ec_N",113,21,21,"Ec",27,0,1,0,1,1,0.50104458373578
"6742","1250","Ec_N",113,22,22,"Ec",31,0,1,1,1,1,0.778987345540232
"6743","1250","Ec_N",113,23,23,"Ec",31,0,1,1,1,1,0.778987345540232
"6744","1250","Ec_N",113,24,24,"Ec",32,1,1,1,1,1,1
"6745","1250","Ec_N",113,25,25,"Ec",32,1,1,1,1,1,1
"6746","1250","Ec_N",113,26,26,"Ec",32,1,1,1,1,1,1
"6747","1250","Ec_N",113,27,27,"Ec",32,1,1,1,1,1,1
"6748","1250","Ec_N",113,28,28,"Ec",32,1,1,1,1,1,1
"6749","1250","Ec_N",113,29,29,"Ec",32,1,1,1,1,1,1
"6750","1250","Ec_N",113,30,30,"Ec",32,1,1,1,1,1,1
"6751","1250","Ec_N",113,31,31,"Ec",32,1,1,1,1,1,1
"6752","1250","Ec_N",113,32,32,"Ec",32,1,1,1,1,1,1
"6753","1250","Ec_N",113,33,33,"Ec",32,1,1,1,1,1,1
"6754","1250","Ec_N",113,34,34,"Ec",32,1,1,1,1,1,1
"6755","1250","Ec_N",113,35,35,"Ec",32,1,1,1,1,1,1
"6756","1250","Ec_N",113,36,36,"Ec",32,1,1,1,1,1,1
"6757","1250","Ec_N",113,37,37,"Ec",32,1,1,1,1,1,1
"6758","1250","Ec_N",113,38,38,"Ec",32,1,1,1,1,1,1
"6759","1250","Ec_N",113,39,39,"Ec",32,1,1,1,1,1,1
"6760","1250","Ec_N",113,40,40,"Ec",32,1,1,1,1,1,1
"6761","1250","Ec_N",113,41,41,"Ec",32,1,1,1,1,1,1
"6762","1250","Ec_N",113,42,42,"Ec",32,1,1,1,1,1,1
"6763","1250","Ec_N",113,43,43,"Ec",32,1,1,1,1,1,1
"6764","1250","Ec_N",113,44,44,"Ec",32,1,1,1,1,1,1
"6765","1250","Ec_N",113,45,45,"Ec",32,1,1,1,1,1,1
"6766","1250","Ec_N",113,46,46,"Ec",32,1,1,1,1,1,1
"6767","1250","Ec_N",113,47,47,"Ec",32,1,1,1,1,1,1
"6768","1250","Ec_N",113,48,48,"Ec",32,1,1,1,1,1,1
"6769","1250","Ec_N",113,49,49,"Ec",32,1,1,1,1,1,1
"6770","1250","Ec_N",113,50,50,"Ec",32,1,1,1,1,1,1
"6771","1250","Ec_N",113,51,51,"Ec",32,1,1,1,1,1,1
"6772","1250","Ec_N",113,52,52,"Ec",32,1,1,1,1,1,1
"6773","1250","Ec_N",113,53,53,"Ec",32,1,1,1,1,1,1
"6774","1250","Ec_N",113,54,54,"Ec",32,1,1,1,1,1,1
"6775","1250","Ec_N",113,55,55,"Ec",32,1,1,1,1,1,1
"6776","1250","Ec_N",113,56,56,"Ec",32,1,1,1,1,1,1
"6777","1250","Ec_N",113,57,57,"Ec",32,1,1,1,1,1,1
"6778","1250","Ec_N",113,58,58,"Ec",32,1,1,1,1,1,1
"6779","1250","Ec_N",113,59,59,"Ec",32,1,1,1,1,1,1
"6780","1250","Ec_N",113,60,60,"Ec",32,1,1,1,1,1,1
"6781","1250","Ec_N",114,1,1,"Ec",1,0,0,0,0,0,0
"6782","1250","Ec_N",114,2,2,"Ec",1,0,0,0,0,0,0
"6783","1250","Ec_N",114,3,3,"Ec",1,0,0,0,0,0,0
"6784","1250","Ec_N",114,4,4,"Ec",17,0,0,0,0,1,0.14692246949649
"6785","1250","Ec_N",114,5,5,"Ec",25,0,0,0,1,1,0.464273274362394
"6786","1250","Ec_N",114,6,6,"Ec",27,0,1,0,1,1,0.50104458373578
"6787","1250","Ec_N",114,7,7,"Ec",28,1,1,0,1,1,0.770762719311211
"6788","1250","Ec_N",114,8,8,"Ec",28,1,1,0,1,1,0.770762719311211
"6789","1250","Ec_N",114,9,9,"Ec",28,1,1,0,1,1,0.770762719311211
"6790","1250","Ec_N",114,10,10,"Ec",28,1,1,0,1,1,0.770762719311211
"6791","1250","Ec_N",114,11,11,"Ec",28,1,1,0,1,1,0.770762719311211
"6792","1250","Ec_N",114,12,12,"Ec",28,1,1,0,1,1,0.770762719311211
"6793","1250","Ec_N",114,13,13,"Ec",28,1,1,0,1,1,0.770762719311211
"6794","1250","Ec_N",114,14,14,"Ec",28,1,1,0,1,1,0.770762719311211
"6795","1250","Ec_N",114,15,15,"Ec",28,1,1,0,1,1,0.770762719311211
"6796","1250","Ec_N",114,16,16,"Ec",28,1,1,0,1,1,0.770762719311211
"6797","1250","Ec_N",114,17,17,"Ec",28,1,1,0,1,1,0.770762719311211
"6798","1250","Ec_N",114,18,18,"Ec",28,1,1,0,1,1,0.770762719311211
"6799","1250","Ec_N",114,19,19,"Ec",28,1,1,0,1,1,0.770762719311211
"6800","1250","Ec_N",114,20,20,"Ec",28,1,1,0,1,1,0.770762719311211
"6801","1250","Ec_N",114,21,21,"Ec",28,1,1,0,1,1,0.770762719311211
"6802","1250","Ec_N",114,22,22,"Ec",28,1,1,0,1,1,0.770762719311211
"6803","1250","Ec_N",114,23,23,"Ec",28,1,1,0,1,1,0.770762719311211
"6804","1250","Ec_N",114,24,24,"Ec",28,1,1,0,1,1,0.770762719311211
"6805","1250","Ec_N",114,25,25,"Ec",28,1,1,0,1,1,0.770762719311211
"6806","1250","Ec_N",114,26,26,"Ec",28,1,1,0,1,1,0.770762719311211
"6807","1250","Ec_N",114,27,27,"Ec",28,1,1,0,1,1,0.770762719311211
"6808","1250","Ec_N",114,28,28,"Ec",28,1,1,0,1,1,0.770762719311211
"6809","1250","Ec_N",114,29,29,"Ec",28,1,1,0,1,1,0.770762719311211
"6810","1250","Ec_N",114,30,30,"Ec",28,1,1,0,1,1,0.770762719311211
"6811","1250","Ec_N",114,31,31,"Ec",28,1,1,0,1,1,0.770762719311211
"6812","1250","Ec_N",114,32,32,"Ec",28,1,1,0,1,1,0.770762719311211
"6813","1250","Ec_N",114,33,33,"Ec",32,1,1,1,1,1,1
"6814","1250","Ec_N",114,34,34,"Ec",32,1,1,1,1,1,1
"6815","1250","Ec_N",114,35,35,"Ec",32,1,1,1,1,1,1
"6816","1250","Ec_N",114,36,36,"Ec",32,1,1,1,1,1,1
"6817","1250","Ec_N",114,37,37,"Ec",32,1,1,1,1,1,1
"6818","1250","Ec_N",114,38,38,"Ec",32,1,1,1,1,1,1
"6819","1250","Ec_N",114,39,39,"Ec",32,1,1,1,1,1,1
"6820","1250","Ec_N",114,40,40,"Ec",32,1,1,1,1,1,1
"6821","1250","Ec_N",114,41,41,"Ec",32,1,1,1,1,1,1
"6822","1250","Ec_N",114,42,42,"Ec",32,1,1,1,1,1,1
"6823","1250","Ec_N",114,43,43,"Ec",32,1,1,1,1,1,1
"6824","1250","Ec_N",114,44,44,"Ec",32,1,1,1,1,1,1
"6825","1250","Ec_N",114,45,45,"Ec",32,1,1,1,1,1,1
"6826","1250","Ec_N",114,46,46,"Ec",32,1,1,1,1,1,1
"6827","1250","Ec_N",114,47,47,"Ec",32,1,1,1,1,1,1
"6828","1250","Ec_N",114,48,48,"Ec",32,1,1,1,1,1,1
"6829","1250","Ec_N",114,49,49,"Ec",32,1,1,1,1,1,1
"6830","1250","Ec_N",114,50,50,"Ec",32,1,1,1,1,1,1
"6831","1250","Ec_N",114,51,51,"Ec",32,1,1,1,1,1,1
"6832","1250","Ec_N",114,52,52,"Ec",32,1,1,1,1,1,1
"6833","1250","Ec_N",114,53,53,"Ec",32,1,1,1,1,1,1
"6834","1250","Ec_N",114,54,54,"Ec",32,1,1,1,1,1,1
"6835","1250","Ec_N",114,55,55,"Ec",32,1,1,1,1,1,1
"6836","1250","Ec_N",114,56,56,"Ec",32,1,1,1,1,1,1
"6837","1250","Ec_N",114,57,57,"Ec",32,1,1,1,1,1,1
"6838","1250","Ec_N",114,58,58,"Ec",32,1,1,1,1,1,1
"6839","1250","Ec_N",114,59,59,"Ec",32,1,1,1,1,1,1
"6840","1250","Ec_N",114,60,60,"Ec",32,1,1,1,1,1,1
"6841","1250","Ec_N",115,1,1,"Ec",1,0,0,0,0,0,0
"6842","1250","Ec_N",115,2,2,"Ec",9,0,0,0,1,0,0.267745650041575
"6843","1250","Ec_N",115,3,3,"Ec",9,0,0,0,1,0,0.267745650041575
"6844","1250","Ec_N",115,4,4,"Ec",9,0,0,0,1,0,0.267745650041575
"6845","1250","Ec_N",115,5,5,"Ec",9,0,0,0,1,0,0.267745650041575
"6846","1250","Ec_N",115,6,6,"Ec",9,0,0,0,1,0,0.267745650041575
"6847","1250","Ec_N",115,7,7,"Ec",9,0,0,0,1,0,0.267745650041575
"6848","1250","Ec_N",115,8,8,"Ec",10,1,0,0,1,0,0.488758304501343
"6849","1250","Ec_N",115,9,9,"Ec",10,1,0,0,1,0,0.488758304501343
"6850","1250","Ec_N",115,10,10,"Ec",10,1,0,0,1,0,0.488758304501343
"6851","1250","Ec_N",115,11,11,"Ec",10,1,0,0,1,0,0.488758304501343
"6852","1250","Ec_N",115,12,12,"Ec",10,1,0,0,1,0,0.488758304501343
"6853","1250","Ec_N",115,13,13,"Ec",10,1,0,0,1,0,0.488758304501343
"6854","1250","Ec_N",115,14,14,"Ec",10,1,0,0,1,0,0.488758304501343
"6855","1250","Ec_N",115,15,15,"Ec",10,1,0,0,1,0,0.488758304501343
"6856","1250","Ec_N",115,16,16,"Ec",26,1,0,0,1,1,0.685285928822162
"6857","1250","Ec_N",115,17,17,"Ec",26,1,0,0,1,1,0.685285928822162
"6858","1250","Ec_N",115,18,18,"Ec",26,1,0,0,1,1,0.685285928822162
"6859","1250","Ec_N",115,19,19,"Ec",26,1,0,0,1,1,0.685285928822162
"6860","1250","Ec_N",115,20,20,"Ec",26,1,0,0,1,1,0.685285928822162
"6861","1250","Ec_N",115,21,21,"Ec",30,1,0,1,1,1,0.981696467924213
"6862","1250","Ec_N",115,22,22,"Ec",30,1,0,1,1,1,0.981696467924213
"6863","1250","Ec_N",115,23,23,"Ec",30,1,0,1,1,1,0.981696467924213
"6864","1250","Ec_N",115,24,24,"Ec",32,1,1,1,1,1,1
"6865","1250","Ec_N",115,25,25,"Ec",32,1,1,1,1,1,1
"6866","1250","Ec_N",115,26,26,"Ec",32,1,1,1,1,1,1
"6867","1250","Ec_N",115,27,27,"Ec",32,1,1,1,1,1,1
"6868","1250","Ec_N",115,28,28,"Ec",32,1,1,1,1,1,1
"6869","1250","Ec_N",115,29,29,"Ec",32,1,1,1,1,1,1
"6870","1250","Ec_N",115,30,30,"Ec",32,1,1,1,1,1,1
"6871","1250","Ec_N",115,31,31,"Ec",32,1,1,1,1,1,1
"6872","1250","Ec_N",115,32,32,"Ec",32,1,1,1,1,1,1
"6873","1250","Ec_N",115,33,33,"Ec",32,1,1,1,1,1,1
"6874","1250","Ec_N",115,34,34,"Ec",32,1,1,1,1,1,1
"6875","1250","Ec_N",115,35,35,"Ec",32,1,1,1,1,1,1
"6876","1250","Ec_N",115,36,36,"Ec",32,1,1,1,1,1,1
"6877","1250","Ec_N",115,37,37,"Ec",32,1,1,1,1,1,1
"6878","1250","Ec_N",115,38,38,"Ec",32,1,1,1,1,1,1
"6879","1250","Ec_N",115,39,39,"Ec",32,1,1,1,1,1,1
"6880","1250","Ec_N",115,40,40,"Ec",32,1,1,1,1,1,1
"6881","1250","Ec_N",115,41,41,"Ec",32,1,1,1,1,1,1
"6882","1250","Ec_N",115,42,42,"Ec",32,1,1,1,1,1,1
"6883","1250","Ec_N",115,43,43,"Ec",32,1,1,1,1,1,1
"6884","1250","Ec_N",115,44,44,"Ec",32,1,1,1,1,1,1
"6885","1250","Ec_N",115,45,45,"Ec",32,1,1,1,1,1,1
"6886","1250","Ec_N",115,46,46,"Ec",32,1,1,1,1,1,1
"6887","1250","Ec_N",115,47,47,"Ec",32,1,1,1,1,1,1
"6888","1250","Ec_N",115,48,48,"Ec",32,1,1,1,1,1,1
"6889","1250","Ec_N",115,49,49,"Ec",32,1,1,1,1,1,1
"6890","1250","Ec_N",115,50,50,"Ec",32,1,1,1,1,1,1
"6891","1250","Ec_N",115,51,51,"Ec",32,1,1,1,1,1,1
"6892","1250","Ec_N",115,52,52,"Ec",32,1,1,1,1,1,1
"6893","1250","Ec_N",115,53,53,"Ec",32,1,1,1,1,1,1
"6894","1250","Ec_N",115,54,54,"Ec",32,1,1,1,1,1,1
"6895","1250","Ec_N",115,55,55,"Ec",32,1,1,1,1,1,1
"6896","1250","Ec_N",115,56,56,"Ec",32,1,1,1,1,1,1
"6897","1250","Ec_N",115,57,57,"Ec",32,1,1,1,1,1,1
"6898","1250","Ec_N",115,58,58,"Ec",32,1,1,1,1,1,1
"6899","1250","Ec_N",115,59,59,"Ec",32,1,1,1,1,1,1
"6900","1250","Ec_N",115,60,60,"Ec",32,1,1,1,1,1,1
"6901","1250","Ec_N",116,1,1,"Ec",1,0,0,0,0,0,0
"6902","1250","Ec_N",116,2,2,"Ec",1,0,0,0,0,0,0
"6903","1250","Ec_N",116,3,3,"Ec",1,0,0,0,0,0,0
"6904","1250","Ec_N",116,4,4,"Ec",1,0,0,0,0,0,0
"6905","1250","Ec_N",116,5,5,"Ec",5,0,0,1,0,0,0.232063491762724
"6906","1250","Ec_N",116,6,6,"Ec",5,0,0,1,0,0,0.232063491762724
"6907","1250","Ec_N",116,7,7,"Ec",21,0,0,1,0,1,0.428591116083543
"6908","1250","Ec_N",116,8,8,"Ec",21,0,0,1,0,1,0.428591116083543
"6909","1250","Ec_N",116,9,9,"Ec",21,0,0,1,0,1,0.428591116083543
"6910","1250","Ec_N",116,10,10,"Ec",21,0,0,1,0,1,0.428591116083543
"6911","1250","Ec_N",116,11,11,"Ec",21,0,0,1,0,1,0.428591116083543
"6912","1250","Ec_N",116,12,12,"Ec",23,0,1,1,0,1,0.511241695498657
"6913","1250","Ec_N",116,13,13,"Ec",23,0,1,1,0,1,0.511241695498657
"6914","1250","Ec_N",116,14,14,"Ec",23,0,1,1,0,1,0.511241695498657
"6915","1250","Ec_N",116,15,15,"Ec",23,0,1,1,0,1,0.511241695498657
"6916","1250","Ec_N",116,16,16,"Ec",23,0,1,1,0,1,0.511241695498657
"6917","1250","Ec_N",116,17,17,"Ec",23,0,1,1,0,1,0.511241695498657
"6918","1250","Ec_N",116,18,18,"Ec",23,0,1,1,0,1,0.511241695498657
"6919","1250","Ec_N",116,19,19,"Ec",23,0,1,1,0,1,0.511241695498657
"6920","1250","Ec_N",116,20,20,"Ec",23,0,1,1,0,1,0.511241695498657
"6921","1250","Ec_N",116,21,21,"Ec",23,0,1,1,0,1,0.511241695498657
"6922","1250","Ec_N",116,22,22,"Ec",23,0,1,1,0,1,0.511241695498657
"6923","1250","Ec_N",116,23,23,"Ec",23,0,1,1,0,1,0.511241695498657
"6924","1250","Ec_N",116,24,24,"Ec",23,0,1,1,0,1,0.511241695498657
"6925","1250","Ec_N",116,25,25,"Ec",23,0,1,1,0,1,0.511241695498657
"6926","1250","Ec_N",116,26,26,"Ec",23,0,1,1,0,1,0.511241695498657
"6927","1250","Ec_N",116,27,27,"Ec",23,0,1,1,0,1,0.511241695498657
"6928","1250","Ec_N",116,28,28,"Ec",31,0,1,1,1,1,0.778987345540232
"6929","1250","Ec_N",116,29,29,"Ec",31,0,1,1,1,1,0.778987345540232
"6930","1250","Ec_N",116,30,30,"Ec",31,0,1,1,1,1,0.778987345540232
"6931","1250","Ec_N",116,31,31,"Ec",31,0,1,1,1,1,0.778987345540232
"6932","1250","Ec_N",116,32,32,"Ec",31,0,1,1,1,1,0.778987345540232
"6933","1250","Ec_N",116,33,33,"Ec",31,0,1,1,1,1,0.778987345540232
"6934","1250","Ec_N",116,34,34,"Ec",31,0,1,1,1,1,0.778987345540232
"6935","1250","Ec_N",116,35,35,"Ec",31,0,1,1,1,1,0.778987345540232
"6936","1250","Ec_N",116,36,36,"Ec",31,0,1,1,1,1,0.778987345540232
"6937","1250","Ec_N",116,37,37,"Ec",31,0,1,1,1,1,0.778987345540232
"6938","1250","Ec_N",116,38,38,"Ec",31,0,1,1,1,1,0.778987345540232
"6939","1250","Ec_N",116,39,39,"Ec",31,0,1,1,1,1,0.778987345540232
"6940","1250","Ec_N",116,40,40,"Ec",31,0,1,1,1,1,0.778987345540232
"6941","1250","Ec_N",116,41,41,"Ec",31,0,1,1,1,1,0.778987345540232
"6942","1250","Ec_N",116,42,42,"Ec",31,0,1,1,1,1,0.778987345540232
"6943","1250","Ec_N",116,43,43,"Ec",31,0,1,1,1,1,0.778987345540232
"6944","1250","Ec_N",116,44,44,"Ec",31,0,1,1,1,1,0.778987345540232
"6945","1250","Ec_N",116,45,45,"Ec",31,0,1,1,1,1,0.778987345540232
"6946","1250","Ec_N",116,46,46,"Ec",31,0,1,1,1,1,0.778987345540232
"6947","1250","Ec_N",116,47,47,"Ec",31,0,1,1,1,1,0.778987345540232
"6948","1250","Ec_N",116,48,48,"Ec",31,0,1,1,1,1,0.778987345540232
"6949","1250","Ec_N",116,49,49,"Ec",31,0,1,1,1,1,0.778987345540232
"6950","1250","Ec_N",116,50,50,"Ec",31,0,1,1,1,1,0.778987345540232
"6951","1250","Ec_N",116,51,51,"Ec",31,0,1,1,1,1,0.778987345540232
"6952","1250","Ec_N",116,52,52,"Ec",31,0,1,1,1,1,0.778987345540232
"6953","1250","Ec_N",116,53,53,"Ec",31,0,1,1,1,1,0.778987345540232
"6954","1250","Ec_N",116,54,54,"Ec",31,0,1,1,1,1,0.778987345540232
"6955","1250","Ec_N",116,55,55,"Ec",31,0,1,1,1,1,0.778987345540232
"6956","1250","Ec_N",116,56,56,"Ec",31,0,1,1,1,1,0.778987345540232
"6957","1250","Ec_N",116,57,57,"Ec",31,0,1,1,1,1,0.778987345540232
"6958","1250","Ec_N",116,58,58,"Ec",31,0,1,1,1,1,0.778987345540232
"6959","1250","Ec_N",116,59,59,"Ec",31,0,1,1,1,1,0.778987345540232
"6960","1250","Ec_N",116,60,60,"Ec",31,0,1,1,1,1,0.778987345540232
"6961","1250","Ec_N",117,1,1,"Ec",1,0,0,0,0,0,0
"6962","1250","Ec_N",117,2,2,"Ec",1,0,0,0,0,0,0
"6963","1250","Ec_N",117,3,3,"Ec",1,0,0,0,0,0,0
"6964","1250","Ec_N",117,4,4,"Ec",1,0,0,0,0,0,0
"6965","1250","Ec_N",117,5,5,"Ec",1,0,0,0,0,0,0
"6966","1250","Ec_N",117,6,6,"Ec",2,1,0,0,0,0,0.221012654459768
"6967","1250","Ec_N",117,7,7,"Ec",10,1,0,0,1,0,0.488758304501343
"6968","1250","Ec_N",117,8,8,"Ec",10,1,0,0,1,0,0.488758304501343
"6969","1250","Ec_N",117,9,9,"Ec",10,1,0,0,1,0,0.488758304501343
"6970","1250","Ec_N",117,10,10,"Ec",10,1,0,0,1,0,0.488758304501343
"6971","1250","Ec_N",117,11,11,"Ec",10,1,0,0,1,0,0.488758304501343
"6972","1250","Ec_N",117,12,12,"Ec",10,1,0,0,1,0,0.488758304501343
"6973","1250","Ec_N",117,13,13,"Ec",10,1,0,0,1,0,0.488758304501343
"6974","1250","Ec_N",117,14,14,"Ec",10,1,0,0,1,0,0.488758304501343
"6975","1250","Ec_N",117,15,15,"Ec",10,1,0,0,1,0,0.488758304501343
"6976","1250","Ec_N",117,16,16,"Ec",26,1,0,0,1,1,0.685285928822162
"6977","1250","Ec_N",117,17,17,"Ec",26,1,0,0,1,1,0.685285928822162
"6978","1250","Ec_N",117,18,18,"Ec",26,1,0,0,1,1,0.685285928822162
"6979","1250","Ec_N",117,19,19,"Ec",26,1,0,0,1,1,0.685285928822162
"6980","1250","Ec_N",117,20,20,"Ec",26,1,0,0,1,1,0.685285928822162
"6981","1250","Ec_N",117,21,21,"Ec",26,1,0,0,1,1,0.685285928822162
"6982","1250","Ec_N",117,22,22,"Ec",26,1,0,0,1,1,0.685285928822162
"6983","1250","Ec_N",117,23,23,"Ec",26,1,0,0,1,1,0.685285928822162
"6984","1250","Ec_N",117,24,24,"Ec",26,1,0,0,1,1,0.685285928822162
"6985","1250","Ec_N",117,25,25,"Ec",26,1,0,0,1,1,0.685285928822162
"6986","1250","Ec_N",117,26,26,"Ec",30,1,0,1,1,1,0.981696467924213
"6987","1250","Ec_N",117,27,27,"Ec",30,1,0,1,1,1,0.981696467924213
"6988","1250","Ec_N",117,28,28,"Ec",30,1,0,1,1,1,0.981696467924213
"6989","1250","Ec_N",117,29,29,"Ec",30,1,0,1,1,1,0.981696467924213
"6990","1250","Ec_N",117,30,30,"Ec",30,1,0,1,1,1,0.981696467924213
"6991","1250","Ec_N",117,31,31,"Ec",30,1,0,1,1,1,0.981696467924213
"6992","1250","Ec_N",117,32,32,"Ec",30,1,0,1,1,1,0.981696467924213
"6993","1250","Ec_N",117,33,33,"Ec",30,1,0,1,1,1,0.981696467924213
"6994","1250","Ec_N",117,34,34,"Ec",30,1,0,1,1,1,0.981696467924213
"6995","1250","Ec_N",117,35,35,"Ec",30,1,0,1,1,1,0.981696467924213
"6996","1250","Ec_N",117,36,36,"Ec",30,1,0,1,1,1,0.981696467924213
"6997","1250","Ec_N",117,37,37,"Ec",32,1,1,1,1,1,1
"6998","1250","Ec_N",117,38,38,"Ec",32,1,1,1,1,1,1
"6999","1250","Ec_N",117,39,39,"Ec",32,1,1,1,1,1,1
"7000","1250","Ec_N",117,40,40,"Ec",32,1,1,1,1,1,1
"7001","1250","Ec_N",117,41,41,"Ec",32,1,1,1,1,1,1
"7002","1250","Ec_N",117,42,42,"Ec",32,1,1,1,1,1,1
"7003","1250","Ec_N",117,43,43,"Ec",32,1,1,1,1,1,1
"7004","1250","Ec_N",117,44,44,"Ec",32,1,1,1,1,1,1
"7005","1250","Ec_N",117,45,45,"Ec",32,1,1,1,1,1,1
"7006","1250","Ec_N",117,46,46,"Ec",32,1,1,1,1,1,1
"7007","1250","Ec_N",117,47,47,"Ec",32,1,1,1,1,1,1
"7008","1250","Ec_N",117,48,48,"Ec",32,1,1,1,1,1,1
"7009","1250","Ec_N",117,49,49,"Ec",32,1,1,1,1,1,1
"7010","1250","Ec_N",117,50,50,"Ec",32,1,1,1,1,1,1
"7011","1250","Ec_N",117,51,51,"Ec",32,1,1,1,1,1,1
"7012","1250","Ec_N",117,52,52,"Ec",32,1,1,1,1,1,1
"7013","1250","Ec_N",117,53,53,"Ec",32,1,1,1,1,1,1
"7014","1250","Ec_N",117,54,54,"Ec",32,1,1,1,1,1,1
"7015","1250","Ec_N",117,55,55,"Ec",32,1,1,1,1,1,1
"7016","1250","Ec_N",117,56,56,"Ec",32,1,1,1,1,1,1
"7017","1250","Ec_N",117,57,57,"Ec",32,1,1,1,1,1,1
"7018","1250","Ec_N",117,58,58,"Ec",32,1,1,1,1,1,1
"7019","1250","Ec_N",117,59,59,"Ec",32,1,1,1,1,1,1
"7020","1250","Ec_N",117,60,60,"Ec",32,1,1,1,1,1,1
"7021","1250","Ec_N",118,1,1,"Ec",1,0,0,0,0,0,0
"7022","1250","Ec_N",118,2,2,"Ec",9,0,0,0,1,0,0.267745650041575
"7023","1250","Ec_N",118,3,3,"Ec",9,0,0,0,1,0,0.267745650041575
"7024","1250","Ec_N",118,4,4,"Ec",9,0,0,0,1,0,0.267745650041575
"7025","1250","Ec_N",118,5,5,"Ec",9,0,0,0,1,0,0.267745650041575
"7026","1250","Ec_N",118,6,6,"Ec",9,0,0,0,1,0,0.267745650041575
"7027","1250","Ec_N",118,7,7,"Ec",10,1,0,0,1,0,0.488758304501343
"7028","1250","Ec_N",118,8,8,"Ec",10,1,0,0,1,0,0.488758304501343
"7029","1250","Ec_N",118,9,9,"Ec",10,1,0,0,1,0,0.488758304501343
"7030","1250","Ec_N",118,10,10,"Ec",14,1,0,1,1,0,0.720821796264067
"7031","1250","Ec_N",118,11,11,"Ec",16,1,1,1,1,0,0.879284144928883
"7032","1250","Ec_N",118,12,12,"Ec",16,1,1,1,1,0,0.879284144928883
"7033","1250","Ec_N",118,13,13,"Ec",16,1,1,1,1,0,0.879284144928883
"7034","1250","Ec_N",118,14,14,"Ec",16,1,1,1,1,0,0.879284144928883
"7035","1250","Ec_N",118,15,15,"Ec",16,1,1,1,1,0,0.879284144928883
"7036","1250","Ec_N",118,16,16,"Ec",16,1,1,1,1,0,0.879284144928883
"7037","1250","Ec_N",118,17,17,"Ec",16,1,1,1,1,0,0.879284144928883
"7038","1250","Ec_N",118,18,18,"Ec",16,1,1,1,1,0,0.879284144928883
"7039","1250","Ec_N",118,19,19,"Ec",16,1,1,1,1,0,0.879284144928883
"7040","1250","Ec_N",118,20,20,"Ec",16,1,1,1,1,0,0.879284144928883
"7041","1250","Ec_N",118,21,21,"Ec",16,1,1,1,1,0,0.879284144928883
"7042","1250","Ec_N",118,22,22,"Ec",16,1,1,1,1,0,0.879284144928883
"7043","1250","Ec_N",118,23,23,"Ec",16,1,1,1,1,0,0.879284144928883
"7044","1250","Ec_N",118,24,24,"Ec",32,1,1,1,1,1,1
"7045","1250","Ec_N",118,25,25,"Ec",32,1,1,1,1,1,1
"7046","1250","Ec_N",118,26,26,"Ec",32,1,1,1,1,1,1
"7047","1250","Ec_N",118,27,27,"Ec",32,1,1,1,1,1,1
"7048","1250","Ec_N",118,28,28,"Ec",32,1,1,1,1,1,1
"7049","1250","Ec_N",118,29,29,"Ec",32,1,1,1,1,1,1
"7050","1250","Ec_N",118,30,30,"Ec",32,1,1,1,1,1,1
"7051","1250","Ec_N",118,31,31,"Ec",32,1,1,1,1,1,1
"7052","1250","Ec_N",118,32,32,"Ec",32,1,1,1,1,1,1
"7053","1250","Ec_N",118,33,33,"Ec",32,1,1,1,1,1,1
"7054","1250","Ec_N",118,34,34,"Ec",32,1,1,1,1,1,1
"7055","1250","Ec_N",118,35,35,"Ec",32,1,1,1,1,1,1
"7056","1250","Ec_N",118,36,36,"Ec",32,1,1,1,1,1,1
"7057","1250","Ec_N",118,37,37,"Ec",32,1,1,1,1,1,1
"7058","1250","Ec_N",118,38,38,"Ec",32,1,1,1,1,1,1
"7059","1250","Ec_N",118,39,39,"Ec",32,1,1,1,1,1,1
"7060","1250","Ec_N",118,40,40,"Ec",32,1,1,1,1,1,1
"7061","1250","Ec_N",118,41,41,"Ec",32,1,1,1,1,1,1
"7062","1250","Ec_N",118,42,42,"Ec",32,1,1,1,1,1,1
"7063","1250","Ec_N",118,43,43,"Ec",32,1,1,1,1,1,1
"7064","1250","Ec_N",118,44,44,"Ec",32,1,1,1,1,1,1
"7065","1250","Ec_N",118,45,45,"Ec",32,1,1,1,1,1,1
"7066","1250","Ec_N",118,46,46,"Ec",32,1,1,1,1,1,1
"7067","1250","Ec_N",118,47,47,"Ec",32,1,1,1,1,1,1
"7068","1250","Ec_N",118,48,48,"Ec",32,1,1,1,1,1,1
"7069","1250","Ec_N",118,49,49,"Ec",32,1,1,1,1,1,1
"7070","1250","Ec_N",118,50,50,"Ec",32,1,1,1,1,1,1
"7071","1250","Ec_N",118,51,51,"Ec",32,1,1,1,1,1,1
"7072","1250","Ec_N",118,52,52,"Ec",32,1,1,1,1,1,1
"7073","1250","Ec_N",118,53,53,"Ec",32,1,1,1,1,1,1
"7074","1250","Ec_N",118,54,54,"Ec",32,1,1,1,1,1,1
"7075","1250","Ec_N",118,55,55,"Ec",32,1,1,1,1,1,1
"7076","1250","Ec_N",118,56,56,"Ec",32,1,1,1,1,1,1
"7077","1250","Ec_N",118,57,57,"Ec",32,1,1,1,1,1,1
"7078","1250","Ec_N",118,58,58,"Ec",32,1,1,1,1,1,1
"7079","1250","Ec_N",118,59,59,"Ec",32,1,1,1,1,1,1
"7080","1250","Ec_N",118,60,60,"Ec",32,1,1,1,1,1,1
"7081","1250","Ec_N",119,1,1,"Ec",1,0,0,0,0,0,0
"7082","1250","Ec_N",119,2,2,"Ec",1,0,0,0,0,0,0
"7083","1250","Ec_N",119,3,3,"Ec",5,0,0,1,0,0,0.232063491762724
"7084","1250","Ec_N",119,4,4,"Ec",7,0,1,1,0,0,0.314714071177838
"7085","1250","Ec_N",119,5,5,"Ec",7,0,1,1,0,0,0.314714071177838
"7086","1250","Ec_N",119,6,6,"Ec",23,0,1,1,0,1,0.511241695498657
"7087","1250","Ec_N",119,7,7,"Ec",23,0,1,1,0,1,0.511241695498657
"7088","1250","Ec_N",119,8,8,"Ec",23,0,1,1,0,1,0.511241695498657
"7089","1250","Ec_N",119,9,9,"Ec",23,0,1,1,0,1,0.511241695498657
"7090","1250","Ec_N",119,10,10,"Ec",23,0,1,1,0,1,0.511241695498657
"7091","1250","Ec_N",119,11,11,"Ec",23,0,1,1,0,1,0.511241695498657
"7092","1250","Ec_N",119,12,12,"Ec",23,0,1,1,0,1,0.511241695498657
"7093","1250","Ec_N",119,13,13,"Ec",23,0,1,1,0,1,0.511241695498657
"7094","1250","Ec_N",119,14,14,"Ec",23,0,1,1,0,1,0.511241695498657
"7095","1250","Ec_N",119,15,15,"Ec",23,0,1,1,0,1,0.511241695498657
"7096","1250","Ec_N",119,16,16,"Ec",23,0,1,1,0,1,0.511241695498657
"7097","1250","Ec_N",119,17,17,"Ec",23,0,1,1,0,1,0.511241695498657
"7098","1250","Ec_N",119,18,18,"Ec",23,0,1,1,0,1,0.511241695498657
"7099","1250","Ec_N",119,19,19,"Ec",23,0,1,1,0,1,0.511241695498657
"7100","1250","Ec_N",119,20,20,"Ec",23,0,1,1,0,1,0.511241695498657
"7101","1250","Ec_N",119,21,21,"Ec",23,0,1,1,0,1,0.511241695498657
"7102","1250","Ec_N",119,22,22,"Ec",31,0,1,1,1,1,0.778987345540232
"7103","1250","Ec_N",119,23,23,"Ec",31,0,1,1,1,1,0.778987345540232
"7104","1250","Ec_N",119,24,24,"Ec",31,0,1,1,1,1,0.778987345540232
"7105","1250","Ec_N",119,25,25,"Ec",31,0,1,1,1,1,0.778987345540232
"7106","1250","Ec_N",119,26,26,"Ec",31,0,1,1,1,1,0.778987345540232
"7107","1250","Ec_N",119,27,27,"Ec",31,0,1,1,1,1,0.778987345540232
"7108","1250","Ec_N",119,28,28,"Ec",31,0,1,1,1,1,0.778987345540232
"7109","1250","Ec_N",119,29,29,"Ec",31,0,1,1,1,1,0.778987345540232
"7110","1250","Ec_N",119,30,30,"Ec",31,0,1,1,1,1,0.778987345540232
"7111","1250","Ec_N",119,31,31,"Ec",31,0,1,1,1,1,0.778987345540232
"7112","1250","Ec_N",119,32,32,"Ec",31,0,1,1,1,1,0.778987345540232
"7113","1250","Ec_N",119,33,33,"Ec",31,0,1,1,1,1,0.778987345540232
"7114","1250","Ec_N",119,34,34,"Ec",32,1,1,1,1,1,1
"7115","1250","Ec_N",119,35,35,"Ec",32,1,1,1,1,1,1
"7116","1250","Ec_N",119,36,36,"Ec",32,1,1,1,1,1,1
"7117","1250","Ec_N",119,37,37,"Ec",32,1,1,1,1,1,1
"7118","1250","Ec_N",119,38,38,"Ec",32,1,1,1,1,1,1
"7119","1250","Ec_N",119,39,39,"Ec",32,1,1,1,1,1,1
"7120","1250","Ec_N",119,40,40,"Ec",32,1,1,1,1,1,1
"7121","1250","Ec_N",119,41,41,"Ec",32,1,1,1,1,1,1
"7122","1250","Ec_N",119,42,42,"Ec",32,1,1,1,1,1,1
"7123","1250","Ec_N",119,43,43,"Ec",32,1,1,1,1,1,1
"7124","1250","Ec_N",119,44,44,"Ec",32,1,1,1,1,1,1
"7125","1250","Ec_N",119,45,45,"Ec",32,1,1,1,1,1,1
"7126","1250","Ec_N",119,46,46,"Ec",32,1,1,1,1,1,1
"7127","1250","Ec_N",119,47,47,"Ec",32,1,1,1,1,1,1
"7128","1250","Ec_N",119,48,48,"Ec",32,1,1,1,1,1,1
"7129","1250","Ec_N",119,49,49,"Ec",32,1,1,1,1,1,1
"7130","1250","Ec_N",119,50,50,"Ec",32,1,1,1,1,1,1
"7131","1250","Ec_N",119,51,51,"Ec",32,1,1,1,1,1,1
"7132","1250","Ec_N",119,52,52,"Ec",32,1,1,1,1,1,1
"7133","1250","Ec_N",119,53,53,"Ec",32,1,1,1,1,1,1
"7134","1250","Ec_N",119,54,54,"Ec",32,1,1,1,1,1,1
"7135","1250","Ec_N",119,55,55,"Ec",32,1,1,1,1,1,1
"7136","1250","Ec_N",119,56,56,"Ec",32,1,1,1,1,1,1
"7137","1250","Ec_N",119,57,57,"Ec",32,1,1,1,1,1,1
"7138","1250","Ec_N",119,58,58,"Ec",32,1,1,1,1,1,1
"7139","1250","Ec_N",119,59,59,"Ec",32,1,1,1,1,1,1
"7140","1250","Ec_N",119,60,60,"Ec",32,1,1,1,1,1,1
"7141","1250","Ec_N",120,1,1,"Ec",1,0,0,0,0,0,0
"7142","1250","Ec_N",120,2,2,"Ec",1,0,0,0,0,0,0
"7143","1250","Ec_N",120,3,3,"Ec",1,0,0,0,0,0,0
"7144","1250","Ec_N",120,4,4,"Ec",1,0,0,0,0,0,0
"7145","1250","Ec_N",120,5,5,"Ec",3,0,1,0,0,0,0.082650579415114
"7146","1250","Ec_N",120,6,6,"Ec",3,0,1,0,0,0,0.082650579415114
"7147","1250","Ec_N",120,7,7,"Ec",3,0,1,0,0,0,0.082650579415114
"7148","1250","Ec_N",120,8,8,"Ec",3,0,1,0,0,0,0.082650579415114
"7149","1250","Ec_N",120,9,9,"Ec",4,1,1,0,0,0,0.303663233874882
"7150","1250","Ec_N",120,10,10,"Ec",4,1,1,0,0,0,0.303663233874882
"7151","1250","Ec_N",120,11,11,"Ec",12,1,1,0,1,0,0.552627762799163
"7152","1250","Ec_N",120,12,12,"Ec",12,1,1,0,1,0,0.552627762799163
"7153","1250","Ec_N",120,13,13,"Ec",12,1,1,0,1,0,0.552627762799163
"7154","1250","Ec_N",120,14,14,"Ec",12,1,1,0,1,0,0.552627762799163
"7155","1250","Ec_N",120,15,15,"Ec",16,1,1,1,1,0,0.879284144928883
"7156","1250","Ec_N",120,16,16,"Ec",32,1,1,1,1,1,1
"7157","1250","Ec_N",120,17,17,"Ec",32,1,1,1,1,1,1
"7158","1250","Ec_N",120,18,18,"Ec",32,1,1,1,1,1,1
"7159","1250","Ec_N",120,19,19,"Ec",32,1,1,1,1,1,1
"7160","1250","Ec_N",120,20,20,"Ec",32,1,1,1,1,1,1
"7161","1250","Ec_N",120,21,21,"Ec",32,1,1,1,1,1,1
"7162","1250","Ec_N",120,22,22,"Ec",32,1,1,1,1,1,1
"7163","1250","Ec_N",120,23,23,"Ec",32,1,1,1,1,1,1
"7164","1250","Ec_N",120,24,24,"Ec",32,1,1,1,1,1,1
"7165","1250","Ec_N",120,25,25,"Ec",32,1,1,1,1,1,1
"7166","1250","Ec_N",120,26,26,"Ec",32,1,1,1,1,1,1
"7167","1250","Ec_N",120,27,27,"Ec",32,1,1,1,1,1,1
"7168","1250","Ec_N",120,28,28,"Ec",32,1,1,1,1,1,1
"7169","1250","Ec_N",120,29,29,"Ec",32,1,1,1,1,1,1
"7170","1250","Ec_N",120,30,30,"Ec",32,1,1,1,1,1,1
"7171","1250","Ec_N",120,31,31,"Ec",32,1,1,1,1,1,1
"7172","1250","Ec_N",120,32,32,"Ec",32,1,1,1,1,1,1
"7173","1250","Ec_N",120,33,33,"Ec",32,1,1,1,1,1,1
"7174","1250","Ec_N",120,34,34,"Ec",32,1,1,1,1,1,1
"7175","1250","Ec_N",120,35,35,"Ec",32,1,1,1,1,1,1
"7176","1250","Ec_N",120,36,36,"Ec",32,1,1,1,1,1,1
"7177","1250","Ec_N",120,37,37,"Ec",32,1,1,1,1,1,1
"7178","1250","Ec_N",120,38,38,"Ec",32,1,1,1,1,1,1
"7179","1250","Ec_N",120,39,39,"Ec",32,1,1,1,1,1,1
"7180","1250","Ec_N",120,40,40,"Ec",32,1,1,1,1,1,1
"7181","1250","Ec_N",120,41,41,"Ec",32,1,1,1,1,1,1
"7182","1250","Ec_N",120,42,42,"Ec",32,1,1,1,1,1,1
"7183","1250","Ec_N",120,43,43,"Ec",32,1,1,1,1,1,1
"7184","1250","Ec_N",120,44,44,"Ec",32,1,1,1,1,1,1
"7185","1250","Ec_N",120,45,45,"Ec",32,1,1,1,1,1,1
"7186","1250","Ec_N",120,46,46,"Ec",32,1,1,1,1,1,1
"7187","1250","Ec_N",120,47,47,"Ec",32,1,1,1,1,1,1
"7188","1250","Ec_N",120,48,48,"Ec",32,1,1,1,1,1,1
"7189","1250","Ec_N",120,49,49,"Ec",32,1,1,1,1,1,1
"7190","1250","Ec_N",120,50,50,"Ec",32,1,1,1,1,1,1
"7191","1250","Ec_N",120,51,51,"Ec",32,1,1,1,1,1,1
"7192","1250","Ec_N",120,52,52,"Ec",32,1,1,1,1,1,1
"7193","1250","Ec_N",120,53,53,"Ec",32,1,1,1,1,1,1
"7194","1250","Ec_N",120,54,54,"Ec",32,1,1,1,1,1,1
"7195","1250","Ec_N",120,55,55,"Ec",32,1,1,1,1,1,1
"7196","1250","Ec_N",120,56,56,"Ec",32,1,1,1,1,1,1
"7197","1250","Ec_N",120,57,57,"Ec",32,1,1,1,1,1,1
"7198","1250","Ec_N",120,58,58,"Ec",32,1,1,1,1,1,1
"7199","1250","Ec_N",120,59,59,"Ec",32,1,1,1,1,1,1
"7200","1250","Ec_N",120,60,60,"Ec",32,1,1,1,1,1,1
"7201","1250","Ec_N",121,1,1,"Ec",1,0,0,0,0,0,0
"7202","1250","Ec_N",121,2,2,"Ec",9,0,0,0,1,0,0.267745650041575
"7203","1250","Ec_N",121,3,3,"Ec",9,0,0,0,1,0,0.267745650041575
"7204","1250","Ec_N",121,4,4,"Ec",9,0,0,0,1,0,0.267745650041575
"7205","1250","Ec_N",121,5,5,"Ec",9,0,0,0,1,0,0.267745650041575
"7206","1250","Ec_N",121,6,6,"Ec",9,0,0,0,1,0,0.267745650041575
"7207","1250","Ec_N",121,7,7,"Ec",13,0,0,1,1,0,0.499809141804299
"7208","1250","Ec_N",121,8,8,"Ec",13,0,0,1,1,0,0.499809141804299
"7209","1250","Ec_N",121,9,9,"Ec",13,0,0,1,1,0,0.499809141804299
"7210","1250","Ec_N",121,10,10,"Ec",13,0,0,1,1,0,0.499809141804299
"7211","1250","Ec_N",121,11,11,"Ec",13,0,0,1,1,0,0.499809141804299
"7212","1250","Ec_N",121,12,12,"Ec",13,0,0,1,1,0,0.499809141804299
"7213","1250","Ec_N",121,13,13,"Ec",13,0,0,1,1,0,0.499809141804299
"7214","1250","Ec_N",121,14,14,"Ec",13,0,0,1,1,0,0.499809141804299
"7215","1250","Ec_N",121,15,15,"Ec",13,0,0,1,1,0,0.499809141804299
"7216","1250","Ec_N",121,16,16,"Ec",13,0,0,1,1,0,0.499809141804299
"7217","1250","Ec_N",121,17,17,"Ec",13,0,0,1,1,0,0.499809141804299
"7218","1250","Ec_N",121,18,18,"Ec",15,0,1,1,1,0,0.582459721219413
"7219","1250","Ec_N",121,19,19,"Ec",15,0,1,1,1,0,0.582459721219413
"7220","1250","Ec_N",121,20,20,"Ec",15,0,1,1,1,0,0.582459721219413
"7221","1250","Ec_N",121,21,21,"Ec",15,0,1,1,1,0,0.582459721219413
"7222","1250","Ec_N",121,22,22,"Ec",31,0,1,1,1,1,0.778987345540232
"7223","1250","Ec_N",121,23,23,"Ec",31,0,1,1,1,1,0.778987345540232
"7224","1250","Ec_N",121,24,24,"Ec",31,0,1,1,1,1,0.778987345540232
"7225","1250","Ec_N",121,25,25,"Ec",31,0,1,1,1,1,0.778987345540232
"7226","1250","Ec_N",121,26,26,"Ec",31,0,1,1,1,1,0.778987345540232
"7227","1250","Ec_N",121,27,27,"Ec",31,0,1,1,1,1,0.778987345540232
"7228","1250","Ec_N",121,28,28,"Ec",31,0,1,1,1,1,0.778987345540232
"7229","1250","Ec_N",121,29,29,"Ec",31,0,1,1,1,1,0.778987345540232
"7230","1250","Ec_N",121,30,30,"Ec",31,0,1,1,1,1,0.778987345540232
"7231","1250","Ec_N",121,31,31,"Ec",31,0,1,1,1,1,0.778987345540232
"7232","1250","Ec_N",121,32,32,"Ec",31,0,1,1,1,1,0.778987345540232
"7233","1250","Ec_N",121,33,33,"Ec",31,0,1,1,1,1,0.778987345540232
"7234","1250","Ec_N",121,34,34,"Ec",31,0,1,1,1,1,0.778987345540232
"7235","1250","Ec_N",121,35,35,"Ec",31,0,1,1,1,1,0.778987345540232
"7236","1250","Ec_N",121,36,36,"Ec",31,0,1,1,1,1,0.778987345540232
"7237","1250","Ec_N",121,37,37,"Ec",31,0,1,1,1,1,0.778987345540232
"7238","1250","Ec_N",121,38,38,"Ec",31,0,1,1,1,1,0.778987345540232
"7239","1250","Ec_N",121,39,39,"Ec",31,0,1,1,1,1,0.778987345540232
"7240","1250","Ec_N",121,40,40,"Ec",31,0,1,1,1,1,0.778987345540232
"7241","1250","Ec_N",121,41,41,"Ec",31,0,1,1,1,1,0.778987345540232
"7242","1250","Ec_N",121,42,42,"Ec",31,0,1,1,1,1,0.778987345540232
"7243","1250","Ec_N",121,43,43,"Ec",31,0,1,1,1,1,0.778987345540232
"7244","1250","Ec_N",121,44,44,"Ec",31,0,1,1,1,1,0.778987345540232
"7245","1250","Ec_N",121,45,45,"Ec",31,0,1,1,1,1,0.778987345540232
"7246","1250","Ec_N",121,46,46,"Ec",31,0,1,1,1,1,0.778987345540232
"7247","1250","Ec_N",121,47,47,"Ec",31,0,1,1,1,1,0.778987345540232
"7248","1250","Ec_N",121,48,48,"Ec",31,0,1,1,1,1,0.778987345540232
"7249","1250","Ec_N",121,49,49,"Ec",32,1,1,1,1,1,1
"7250","1250","Ec_N",121,50,50,"Ec",32,1,1,1,1,1,1
"7251","1250","Ec_N",121,51,51,"Ec",32,1,1,1,1,1,1
"7252","1250","Ec_N",121,52,52,"Ec",32,1,1,1,1,1,1
"7253","1250","Ec_N",121,53,53,"Ec",32,1,1,1,1,1,1
"7254","1250","Ec_N",121,54,54,"Ec",32,1,1,1,1,1,1
"7255","1250","Ec_N",121,55,55,"Ec",32,1,1,1,1,1,1
"7256","1250","Ec_N",121,56,56,"Ec",32,1,1,1,1,1,1
"7257","1250","Ec_N",121,57,57,"Ec",32,1,1,1,1,1,1
"7258","1250","Ec_N",121,58,58,"Ec",32,1,1,1,1,1,1
"7259","1250","Ec_N",121,59,59,"Ec",32,1,1,1,1,1,1
"7260","1250","Ec_N",121,60,60,"Ec",32,1,1,1,1,1,1
"7261","1250","Ec_N",122,1,1,"Ec",1,0,0,0,0,0,0
"7262","1250","Ec_N",122,2,2,"Ec",1,0,0,0,0,0,0
"7263","1250","Ec_N",122,3,3,"Ec",1,0,0,0,0,0,0
"7264","1250","Ec_N",122,4,4,"Ec",1,0,0,0,0,0,0
"7265","1250","Ec_N",122,5,5,"Ec",2,1,0,0,0,0,0.221012654459768
"7266","1250","Ec_N",122,6,6,"Ec",2,1,0,0,0,0,0.221012654459768
"7267","1250","Ec_N",122,7,7,"Ec",2,1,0,0,0,0,0.221012654459768
"7268","1250","Ec_N",122,8,8,"Ec",2,1,0,0,0,0,0.221012654459768
"7269","1250","Ec_N",122,9,9,"Ec",2,1,0,0,0,0,0.221012654459768
"7270","1250","Ec_N",122,10,10,"Ec",10,1,0,0,1,0,0.488758304501343
"7271","1250","Ec_N",122,11,11,"Ec",10,1,0,0,1,0,0.488758304501343
"7272","1250","Ec_N",122,12,12,"Ec",10,1,0,0,1,0,0.488758304501343
"7273","1250","Ec_N",122,13,13,"Ec",10,1,0,0,1,0,0.488758304501343
"7274","1250","Ec_N",122,14,14,"Ec",10,1,0,0,1,0,0.488758304501343
"7275","1250","Ec_N",122,15,15,"Ec",10,1,0,0,1,0,0.488758304501343
"7276","1250","Ec_N",122,16,16,"Ec",10,1,0,0,1,0,0.488758304501343
"7277","1250","Ec_N",122,17,17,"Ec",10,1,0,0,1,0,0.488758304501343
"7278","1250","Ec_N",122,18,18,"Ec",10,1,0,0,1,0,0.488758304501343
"7279","1250","Ec_N",122,19,19,"Ec",10,1,0,0,1,0,0.488758304501343
"7280","1250","Ec_N",122,20,20,"Ec",10,1,0,0,1,0,0.488758304501343
"7281","1250","Ec_N",122,21,21,"Ec",10,1,0,0,1,0,0.488758304501343
"7282","1250","Ec_N",122,22,22,"Ec",10,1,0,0,1,0,0.488758304501343
"7283","1250","Ec_N",122,23,23,"Ec",10,1,0,0,1,0,0.488758304501343
"7284","1250","Ec_N",122,24,24,"Ec",10,1,0,0,1,0,0.488758304501343
"7285","1250","Ec_N",122,25,25,"Ec",10,1,0,0,1,0,0.488758304501343
"7286","1250","Ec_N",122,26,26,"Ec",10,1,0,0,1,0,0.488758304501343
"7287","1250","Ec_N",122,27,27,"Ec",10,1,0,0,1,0,0.488758304501343
"7288","1250","Ec_N",122,28,28,"Ec",10,1,0,0,1,0,0.488758304501343
"7289","1250","Ec_N",122,29,29,"Ec",10,1,0,0,1,0,0.488758304501343
"7290","1250","Ec_N",122,30,30,"Ec",10,1,0,0,1,0,0.488758304501343
"7291","1250","Ec_N",122,31,31,"Ec",10,1,0,0,1,0,0.488758304501343
"7292","1250","Ec_N",122,32,32,"Ec",10,1,0,0,1,0,0.488758304501343
"7293","1250","Ec_N",122,33,33,"Ec",10,1,0,0,1,0,0.488758304501343
"7294","1250","Ec_N",122,34,34,"Ec",26,1,0,0,1,1,0.685285928822162
"7295","1250","Ec_N",122,35,35,"Ec",26,1,0,0,1,1,0.685285928822162
"7296","1250","Ec_N",122,36,36,"Ec",26,1,0,0,1,1,0.685285928822162
"7297","1250","Ec_N",122,37,37,"Ec",26,1,0,0,1,1,0.685285928822162
"7298","1250","Ec_N",122,38,38,"Ec",26,1,0,0,1,1,0.685285928822162
"7299","1250","Ec_N",122,39,39,"Ec",26,1,0,0,1,1,0.685285928822162
"7300","1250","Ec_N",122,40,40,"Ec",26,1,0,0,1,1,0.685285928822162
"7301","1250","Ec_N",122,41,41,"Ec",26,1,0,0,1,1,0.685285928822162
"7302","1250","Ec_N",122,42,42,"Ec",26,1,0,0,1,1,0.685285928822162
"7303","1250","Ec_N",122,43,43,"Ec",26,1,0,0,1,1,0.685285928822162
"7304","1250","Ec_N",122,44,44,"Ec",28,1,1,0,1,1,0.770762719311211
"7305","1250","Ec_N",122,45,45,"Ec",28,1,1,0,1,1,0.770762719311211
"7306","1250","Ec_N",122,46,46,"Ec",28,1,1,0,1,1,0.770762719311211
"7307","1250","Ec_N",122,47,47,"Ec",28,1,1,0,1,1,0.770762719311211
"7308","1250","Ec_N",122,48,48,"Ec",28,1,1,0,1,1,0.770762719311211
"7309","1250","Ec_N",122,49,49,"Ec",28,1,1,0,1,1,0.770762719311211
"7310","1250","Ec_N",122,50,50,"Ec",28,1,1,0,1,1,0.770762719311211
"7311","1250","Ec_N",122,51,51,"Ec",28,1,1,0,1,1,0.770762719311211
"7312","1250","Ec_N",122,52,52,"Ec",28,1,1,0,1,1,0.770762719311211
"7313","1250","Ec_N",122,53,53,"Ec",28,1,1,0,1,1,0.770762719311211
"7314","1250","Ec_N",122,54,54,"Ec",28,1,1,0,1,1,0.770762719311211
"7315","1250","Ec_N",122,55,55,"Ec",28,1,1,0,1,1,0.770762719311211
"7316","1250","Ec_N",122,56,56,"Ec",28,1,1,0,1,1,0.770762719311211
"7317","1250","Ec_N",122,57,57,"Ec",28,1,1,0,1,1,0.770762719311211
"7318","1250","Ec_N",122,58,58,"Ec",28,1,1,0,1,1,0.770762719311211
"7319","1250","Ec_N",122,59,59,"Ec",28,1,1,0,1,1,0.770762719311211
"7320","1250","Ec_N",122,60,60,"Ec",28,1,1,0,1,1,0.770762719311211
"7321","1250","Ec_N",123,1,1,"Ec",1,0,0,0,0,0,0
"7322","1250","Ec_N",123,2,2,"Ec",1,0,0,0,0,0,0
"7323","1250","Ec_N",123,3,3,"Ec",1,0,0,0,0,0,0
"7324","1250","Ec_N",123,4,4,"Ec",17,0,0,0,0,1,0.14692246949649
"7325","1250","Ec_N",123,5,5,"Ec",17,0,0,0,0,1,0.14692246949649
"7326","1250","Ec_N",123,6,6,"Ec",17,0,0,0,0,1,0.14692246949649
"7327","1250","Ec_N",123,7,7,"Ec",17,0,0,0,0,1,0.14692246949649
"7328","1250","Ec_N",123,8,8,"Ec",19,0,1,0,0,1,0.179678659430889
"7329","1250","Ec_N",123,9,9,"Ec",19,0,1,0,0,1,0.179678659430889
"7330","1250","Ec_N",123,10,10,"Ec",19,0,1,0,0,1,0.179678659430889
"7331","1250","Ec_N",123,11,11,"Ec",19,0,1,0,0,1,0.179678659430889
"7332","1250","Ec_N",123,12,12,"Ec",27,0,1,0,1,1,0.50104458373578
"7333","1250","Ec_N",123,13,13,"Ec",27,0,1,0,1,1,0.50104458373578
"7334","1250","Ec_N",123,14,14,"Ec",31,0,1,1,1,1,0.778987345540232
"7335","1250","Ec_N",123,15,15,"Ec",31,0,1,1,1,1,0.778987345540232
"7336","1250","Ec_N",123,16,16,"Ec",31,0,1,1,1,1,0.778987345540232
"7337","1250","Ec_N",123,17,17,"Ec",32,1,1,1,1,1,1
"7338","1250","Ec_N",123,18,18,"Ec",32,1,1,1,1,1,1
"7339","1250","Ec_N",123,19,19,"Ec",32,1,1,1,1,1,1
"7340","1250","Ec_N",123,20,20,"Ec",32,1,1,1,1,1,1
"7341","1250","Ec_N",123,21,21,"Ec",32,1,1,1,1,1,1
"7342","1250","Ec_N",123,22,22,"Ec",32,1,1,1,1,1,1
"7343","1250","Ec_N",123,23,23,"Ec",32,1,1,1,1,1,1
"7344","1250","Ec_N",123,24,24,"Ec",32,1,1,1,1,1,1
"7345","1250","Ec_N",123,25,25,"Ec",32,1,1,1,1,1,1
"7346","1250","Ec_N",123,26,26,"Ec",32,1,1,1,1,1,1
"7347","1250","Ec_N",123,27,27,"Ec",32,1,1,1,1,1,1
"7348","1250","Ec_N",123,28,28,"Ec",32,1,1,1,1,1,1
"7349","1250","Ec_N",123,29,29,"Ec",32,1,1,1,1,1,1
"7350","1250","Ec_N",123,30,30,"Ec",32,1,1,1,1,1,1
"7351","1250","Ec_N",123,31,31,"Ec",32,1,1,1,1,1,1
"7352","1250","Ec_N",123,32,32,"Ec",32,1,1,1,1,1,1
"7353","1250","Ec_N",123,33,33,"Ec",32,1,1,1,1,1,1
"7354","1250","Ec_N",123,34,34,"Ec",32,1,1,1,1,1,1
"7355","1250","Ec_N",123,35,35,"Ec",32,1,1,1,1,1,1
"7356","1250","Ec_N",123,36,36,"Ec",32,1,1,1,1,1,1
"7357","1250","Ec_N",123,37,37,"Ec",32,1,1,1,1,1,1
"7358","1250","Ec_N",123,38,38,"Ec",32,1,1,1,1,1,1
"7359","1250","Ec_N",123,39,39,"Ec",32,1,1,1,1,1,1
"7360","1250","Ec_N",123,40,40,"Ec",32,1,1,1,1,1,1
"7361","1250","Ec_N",123,41,41,"Ec",32,1,1,1,1,1,1
"7362","1250","Ec_N",123,42,42,"Ec",32,1,1,1,1,1,1
"7363","1250","Ec_N",123,43,43,"Ec",32,1,1,1,1,1,1
"7364","1250","Ec_N",123,44,44,"Ec",32,1,1,1,1,1,1
"7365","1250","Ec_N",123,45,45,"Ec",32,1,1,1,1,1,1
"7366","1250","Ec_N",123,46,46,"Ec",32,1,1,1,1,1,1
"7367","1250","Ec_N",123,47,47,"Ec",32,1,1,1,1,1,1
"7368","1250","Ec_N",123,48,48,"Ec",32,1,1,1,1,1,1
"7369","1250","Ec_N",123,49,49,"Ec",32,1,1,1,1,1,1
"7370","1250","Ec_N",123,50,50,"Ec",32,1,1,1,1,1,1
"7371","1250","Ec_N",123,51,51,"Ec",32,1,1,1,1,1,1
"7372","1250","Ec_N",123,52,52,"Ec",32,1,1,1,1,1,1
"7373","1250","Ec_N",123,53,53,"Ec",32,1,1,1,1,1,1
"7374","1250","Ec_N",123,54,54,"Ec",32,1,1,1,1,1,1
"7375","1250","Ec_N",123,55,55,"Ec",32,1,1,1,1,1,1
"7376","1250","Ec_N",123,56,56,"Ec",32,1,1,1,1,1,1
"7377","1250","Ec_N",123,57,57,"Ec",32,1,1,1,1,1,1
"7378","1250","Ec_N",123,58,58,"Ec",32,1,1,1,1,1,1
"7379","1250","Ec_N",123,59,59,"Ec",32,1,1,1,1,1,1
"7380","1250","Ec_N",123,60,60,"Ec",32,1,1,1,1,1,1
"7381","1250","Ec_N",124,1,1,"Ec",1,0,0,0,0,0,0
"7382","1250","Ec_N",124,2,2,"Ec",2,1,0,0,0,0,0.221012654459768
"7383","1250","Ec_N",124,3,3,"Ec",2,1,0,0,0,0,0.221012654459768
"7384","1250","Ec_N",124,4,4,"Ec",2,1,0,0,0,0,0.221012654459768
"7385","1250","Ec_N",124,5,5,"Ec",2,1,0,0,0,0,0.221012654459768
"7386","1250","Ec_N",124,6,6,"Ec",2,1,0,0,0,0,0.221012654459768
"7387","1250","Ec_N",124,7,7,"Ec",2,1,0,0,0,0,0.221012654459768
"7388","1250","Ec_N",124,8,8,"Ec",2,1,0,0,0,0,0.221012654459768
"7389","1250","Ec_N",124,9,9,"Ec",2,1,0,0,0,0,0.221012654459768
"7390","1250","Ec_N",124,10,10,"Ec",2,1,0,0,0,0,0.221012654459768
"7391","1250","Ec_N",124,11,11,"Ec",4,1,1,0,0,0,0.303663233874882
"7392","1250","Ec_N",124,12,12,"Ec",4,1,1,0,0,0,0.303663233874882
"7393","1250","Ec_N",124,13,13,"Ec",4,1,1,0,0,0,0.303663233874882
"7394","1250","Ec_N",124,14,14,"Ec",4,1,1,0,0,0,0.303663233874882
"7395","1250","Ec_N",124,15,15,"Ec",4,1,1,0,0,0,0.303663233874882
"7396","1250","Ec_N",124,16,16,"Ec",4,1,1,0,0,0,0.303663233874882
"7397","1250","Ec_N",124,17,17,"Ec",4,1,1,0,0,0,0.303663233874882
"7398","1250","Ec_N",124,18,18,"Ec",4,1,1,0,0,0,0.303663233874882
"7399","1250","Ec_N",124,19,19,"Ec",4,1,1,0,0,0,0.303663233874882
"7400","1250","Ec_N",124,20,20,"Ec",4,1,1,0,0,0,0.303663233874882
"7401","1250","Ec_N",124,21,21,"Ec",4,1,1,0,0,0,0.303663233874882
"7402","1250","Ec_N",124,22,22,"Ec",4,1,1,0,0,0,0.303663233874882
"7403","1250","Ec_N",124,23,23,"Ec",4,1,1,0,0,0,0.303663233874882
"7404","1250","Ec_N",124,24,24,"Ec",4,1,1,0,0,0,0.303663233874882
"7405","1250","Ec_N",124,25,25,"Ec",4,1,1,0,0,0,0.303663233874882
"7406","1250","Ec_N",124,26,26,"Ec",8,1,1,1,0,0,0.440600849145421
"7407","1250","Ec_N",124,27,27,"Ec",8,1,1,1,0,0,0.440600849145421
"7408","1250","Ec_N",124,28,28,"Ec",8,1,1,1,0,0,0.440600849145421
"7409","1250","Ec_N",124,29,29,"Ec",8,1,1,1,0,0,0.440600849145421
"7410","1250","Ec_N",124,30,30,"Ec",8,1,1,1,0,0,0.440600849145421
"7411","1250","Ec_N",124,31,31,"Ec",8,1,1,1,0,0,0.440600849145421
"7412","1250","Ec_N",124,32,32,"Ec",8,1,1,1,0,0,0.440600849145421
"7413","1250","Ec_N",124,33,33,"Ec",8,1,1,1,0,0,0.440600849145421
"7414","1250","Ec_N",124,34,34,"Ec",8,1,1,1,0,0,0.440600849145421
"7415","1250","Ec_N",124,35,35,"Ec",8,1,1,1,0,0,0.440600849145421
"7416","1250","Ec_N",124,36,36,"Ec",8,1,1,1,0,0,0.440600849145421
"7417","1250","Ec_N",124,37,37,"Ec",8,1,1,1,0,0,0.440600849145421
"7418","1250","Ec_N",124,38,38,"Ec",8,1,1,1,0,0,0.440600849145421
"7419","1250","Ec_N",124,39,39,"Ec",8,1,1,1,0,0,0.440600849145421
"7420","1250","Ec_N",124,40,40,"Ec",8,1,1,1,0,0,0.440600849145421
"7421","1250","Ec_N",124,41,41,"Ec",8,1,1,1,0,0,0.440600849145421
"7422","1250","Ec_N",124,42,42,"Ec",6,1,0,1,0,0,0.453076146222492
"7423","1250","Ec_N",124,43,43,"Ec",6,1,0,1,0,0,0.453076146222492
"7424","1250","Ec_N",124,44,44,"Ec",6,1,0,1,0,0,0.453076146222492
"7425","1250","Ec_N",124,45,45,"Ec",6,1,0,1,0,0,0.453076146222492
"7426","1250","Ec_N",124,46,46,"Ec",6,1,0,1,0,0,0.453076146222492
"7427","1250","Ec_N",124,47,47,"Ec",14,1,0,1,1,0,0.720821796264067
"7428","1250","Ec_N",124,48,48,"Ec",14,1,0,1,1,0,0.720821796264067
"7429","1250","Ec_N",124,49,49,"Ec",14,1,0,1,1,0,0.720821796264067
"7430","1250","Ec_N",124,50,50,"Ec",14,1,0,1,1,0,0.720821796264067
"7431","1250","Ec_N",124,51,51,"Ec",14,1,0,1,1,0,0.720821796264067
"7432","1250","Ec_N",124,52,52,"Ec",14,1,0,1,1,0,0.720821796264067
"7433","1250","Ec_N",124,53,53,"Ec",14,1,0,1,1,0,0.720821796264067
"7434","1250","Ec_N",124,54,54,"Ec",14,1,0,1,1,0,0.720821796264067
"7435","1250","Ec_N",124,55,55,"Ec",14,1,0,1,1,0,0.720821796264067
"7436","1250","Ec_N",124,56,56,"Ec",14,1,0,1,1,0,0.720821796264067
"7437","1250","Ec_N",124,57,57,"Ec",14,1,0,1,1,0,0.720821796264067
"7438","1250","Ec_N",124,58,58,"Ec",14,1,0,1,1,0,0.720821796264067
"7439","1250","Ec_N",124,59,59,"Ec",14,1,0,1,1,0,0.720821796264067
"7440","1250","Ec_N",124,60,60,"Ec",14,1,0,1,1,0,0.720821796264067
"7441","1250","Ec_N",125,1,1,"Ec",1,0,0,0,0,0,0
"7442","1250","Ec_N",125,2,2,"Ec",1,0,0,0,0,0,0
"7443","1250","Ec_N",125,3,3,"Ec",9,0,0,0,1,0,0.267745650041575
"7444","1250","Ec_N",125,4,4,"Ec",9,0,0,0,1,0,0.267745650041575
"7445","1250","Ec_N",125,5,5,"Ec",9,0,0,0,1,0,0.267745650041575
"7446","1250","Ec_N",125,6,6,"Ec",13,0,0,1,1,0,0.499809141804299
"7447","1250","Ec_N",125,7,7,"Ec",13,0,0,1,1,0,0.499809141804299
"7448","1250","Ec_N",125,8,8,"Ec",13,0,0,1,1,0,0.499809141804299
"7449","1250","Ec_N",125,9,9,"Ec",13,0,0,1,1,0,0.499809141804299
"7450","1250","Ec_N",125,10,10,"Ec",13,0,0,1,1,0,0.499809141804299
"7451","1250","Ec_N",125,11,11,"Ec",15,0,1,1,1,0,0.582459721219413
"7452","1250","Ec_N",125,12,12,"Ec",15,0,1,1,1,0,0.582459721219413
"7453","1250","Ec_N",125,13,13,"Ec",15,0,1,1,1,0,0.582459721219413
"7454","1250","Ec_N",125,14,14,"Ec",15,0,1,1,1,0,0.582459721219413
"7455","1250","Ec_N",125,15,15,"Ec",15,0,1,1,1,0,0.582459721219413
"7456","1250","Ec_N",125,16,16,"Ec",15,0,1,1,1,0,0.582459721219413
"7457","1250","Ec_N",125,17,17,"Ec",15,0,1,1,1,0,0.582459721219413
"7458","1250","Ec_N",125,18,18,"Ec",15,0,1,1,1,0,0.582459721219413
"7459","1250","Ec_N",125,19,19,"Ec",15,0,1,1,1,0,0.582459721219413
"7460","1250","Ec_N",125,20,20,"Ec",15,0,1,1,1,0,0.582459721219413
"7461","1250","Ec_N",125,21,21,"Ec",15,0,1,1,1,0,0.582459721219413
"7462","1250","Ec_N",125,22,22,"Ec",15,0,1,1,1,0,0.582459721219413
"7463","1250","Ec_N",125,23,23,"Ec",16,1,1,1,1,0,0.879284144928883
"7464","1250","Ec_N",125,24,24,"Ec",16,1,1,1,1,0,0.879284144928883
"7465","1250","Ec_N",125,25,25,"Ec",16,1,1,1,1,0,0.879284144928883
"7466","1250","Ec_N",125,26,26,"Ec",16,1,1,1,1,0,0.879284144928883
"7467","1250","Ec_N",125,27,27,"Ec",16,1,1,1,1,0,0.879284144928883
"7468","1250","Ec_N",125,28,28,"Ec",16,1,1,1,1,0,0.879284144928883
"7469","1250","Ec_N",125,29,29,"Ec",16,1,1,1,1,0,0.879284144928883
"7470","1250","Ec_N",125,30,30,"Ec",16,1,1,1,1,0,0.879284144928883
"7471","1250","Ec_N",125,31,31,"Ec",16,1,1,1,1,0,0.879284144928883
"7472","1250","Ec_N",125,32,32,"Ec",16,1,1,1,1,0,0.879284144928883
"7473","1250","Ec_N",125,33,33,"Ec",16,1,1,1,1,0,0.879284144928883
"7474","1250","Ec_N",125,34,34,"Ec",16,1,1,1,1,0,0.879284144928883
"7475","1250","Ec_N",125,35,35,"Ec",16,1,1,1,1,0,0.879284144928883
"7476","1250","Ec_N",125,36,36,"Ec",16,1,1,1,1,0,0.879284144928883
"7477","1250","Ec_N",125,37,37,"Ec",16,1,1,1,1,0,0.879284144928883
"7478","1250","Ec_N",125,38,38,"Ec",16,1,1,1,1,0,0.879284144928883
"7479","1250","Ec_N",125,39,39,"Ec",16,1,1,1,1,0,0.879284144928883
"7480","1250","Ec_N",125,40,40,"Ec",16,1,1,1,1,0,0.879284144928883
"7481","1250","Ec_N",125,41,41,"Ec",16,1,1,1,1,0,0.879284144928883
"7482","1250","Ec_N",125,42,42,"Ec",16,1,1,1,1,0,0.879284144928883
"7483","1250","Ec_N",125,43,43,"Ec",16,1,1,1,1,0,0.879284144928883
"7484","1250","Ec_N",125,44,44,"Ec",16,1,1,1,1,0,0.879284144928883
"7485","1250","Ec_N",125,45,45,"Ec",32,1,1,1,1,1,1
"7486","1250","Ec_N",125,46,46,"Ec",32,1,1,1,1,1,1
"7487","1250","Ec_N",125,47,47,"Ec",32,1,1,1,1,1,1
"7488","1250","Ec_N",125,48,48,"Ec",32,1,1,1,1,1,1
"7489","1250","Ec_N",125,49,49,"Ec",32,1,1,1,1,1,1
"7490","1250","Ec_N",125,50,50,"Ec",32,1,1,1,1,1,1
"7491","1250","Ec_N",125,51,51,"Ec",32,1,1,1,1,1,1
"7492","1250","Ec_N",125,52,52,"Ec",32,1,1,1,1,1,1
"7493","1250","Ec_N",125,53,53,"Ec",32,1,1,1,1,1,1
"7494","1250","Ec_N",125,54,54,"Ec",32,1,1,1,1,1,1
"7495","1250","Ec_N",125,55,55,"Ec",32,1,1,1,1,1,1
"7496","1250","Ec_N",125,56,56,"Ec",32,1,1,1,1,1,1
"7497","1250","Ec_N",125,57,57,"Ec",32,1,1,1,1,1,1
"7498","1250","Ec_N",125,58,58,"Ec",32,1,1,1,1,1,1
"7499","1250","Ec_N",125,59,59,"Ec",32,1,1,1,1,1,1
"7500","1250","Ec_N",125,60,60,"Ec",32,1,1,1,1,1,1
"7501","1250","Ec_N",126,1,1,"Ec",1,0,0,0,0,0,0
"7502","1250","Ec_N",126,2,2,"Ec",1,0,0,0,0,0,0
"7503","1250","Ec_N",126,3,3,"Ec",1,0,0,0,0,0,0
"7504","1250","Ec_N",126,4,4,"Ec",1,0,0,0,0,0,0
"7505","1250","Ec_N",126,5,5,"Ec",1,0,0,0,0,0,0
"7506","1250","Ec_N",126,6,6,"Ec",1,0,0,0,0,0,0
"7507","1250","Ec_N",126,7,7,"Ec",1,0,0,0,0,0,0
"7508","1250","Ec_N",126,8,8,"Ec",1,0,0,0,0,0,0
"7509","1250","Ec_N",126,9,9,"Ec",1,0,0,0,0,0,0
"7510","1250","Ec_N",126,10,10,"Ec",1,0,0,0,0,0,0
"7511","1250","Ec_N",126,11,11,"Ec",1,0,0,0,0,0,0
"7512","1250","Ec_N",126,12,12,"Ec",1,0,0,0,0,0,0
"7513","1250","Ec_N",126,13,13,"Ec",1,0,0,0,0,0,0
"7514","1250","Ec_N",126,14,14,"Ec",2,1,0,0,0,0,0.221012654459768
"7515","1250","Ec_N",126,15,15,"Ec",2,1,0,0,0,0,0.221012654459768
"7516","1250","Ec_N",126,16,16,"Ec",2,1,0,0,0,0,0.221012654459768
"7517","1250","Ec_N",126,17,17,"Ec",2,1,0,0,0,0,0.221012654459768
"7518","1250","Ec_N",126,18,18,"Ec",2,1,0,0,0,0,0.221012654459768
"7519","1250","Ec_N",126,19,19,"Ec",10,1,0,0,1,0,0.488758304501343
"7520","1250","Ec_N",126,20,20,"Ec",10,1,0,0,1,0,0.488758304501343
"7521","1250","Ec_N",126,21,21,"Ec",10,1,0,0,1,0,0.488758304501343
"7522","1250","Ec_N",126,22,22,"Ec",12,1,1,0,1,0,0.552627762799163
"7523","1250","Ec_N",126,23,23,"Ec",16,1,1,1,1,0,0.879284144928883
"7524","1250","Ec_N",126,24,24,"Ec",16,1,1,1,1,0,0.879284144928883
"7525","1250","Ec_N",126,25,25,"Ec",16,1,1,1,1,0,0.879284144928883
"7526","1250","Ec_N",126,26,26,"Ec",16,1,1,1,1,0,0.879284144928883
"7527","1250","Ec_N",126,27,27,"Ec",16,1,1,1,1,0,0.879284144928883
"7528","1250","Ec_N",126,28,28,"Ec",16,1,1,1,1,0,0.879284144928883
"7529","1250","Ec_N",126,29,29,"Ec",16,1,1,1,1,0,0.879284144928883
"7530","1250","Ec_N",126,30,30,"Ec",32,1,1,1,1,1,1
"7531","1250","Ec_N",126,31,31,"Ec",32,1,1,1,1,1,1
"7532","1250","Ec_N",126,32,32,"Ec",32,1,1,1,1,1,1
"7533","1250","Ec_N",126,33,33,"Ec",32,1,1,1,1,1,1
"7534","1250","Ec_N",126,34,34,"Ec",32,1,1,1,1,1,1
"7535","1250","Ec_N",126,35,35,"Ec",32,1,1,1,1,1,1
"7536","1250","Ec_N",126,36,36,"Ec",32,1,1,1,1,1,1
"7537","1250","Ec_N",126,37,37,"Ec",32,1,1,1,1,1,1
"7538","1250","Ec_N",126,38,38,"Ec",32,1,1,1,1,1,1
"7539","1250","Ec_N",126,39,39,"Ec",32,1,1,1,1,1,1
"7540","1250","Ec_N",126,40,40,"Ec",32,1,1,1,1,1,1
"7541","1250","Ec_N",126,41,41,"Ec",32,1,1,1,1,1,1
"7542","1250","Ec_N",126,42,42,"Ec",32,1,1,1,1,1,1
"7543","1250","Ec_N",126,43,43,"Ec",32,1,1,1,1,1,1
"7544","1250","Ec_N",126,44,44,"Ec",32,1,1,1,1,1,1
"7545","1250","Ec_N",126,45,45,"Ec",32,1,1,1,1,1,1
"7546","1250","Ec_N",126,46,46,"Ec",32,1,1,1,1,1,1
"7547","1250","Ec_N",126,47,47,"Ec",32,1,1,1,1,1,1
"7548","1250","Ec_N",126,48,48,"Ec",32,1,1,1,1,1,1
"7549","1250","Ec_N",126,49,49,"Ec",32,1,1,1,1,1,1
"7550","1250","Ec_N",126,50,50,"Ec",32,1,1,1,1,1,1
"7551","1250","Ec_N",126,51,51,"Ec",32,1,1,1,1,1,1
"7552","1250","Ec_N",126,52,52,"Ec",32,1,1,1,1,1,1
"7553","1250","Ec_N",126,53,53,"Ec",32,1,1,1,1,1,1
"7554","1250","Ec_N",126,54,54,"Ec",32,1,1,1,1,1,1
"7555","1250","Ec_N",126,55,55,"Ec",32,1,1,1,1,1,1
"7556","1250","Ec_N",126,56,56,"Ec",32,1,1,1,1,1,1
"7557","1250","Ec_N",126,57,57,"Ec",32,1,1,1,1,1,1
"7558","1250","Ec_N",126,58,58,"Ec",32,1,1,1,1,1,1
"7559","1250","Ec_N",126,59,59,"Ec",32,1,1,1,1,1,1
"7560","1250","Ec_N",126,60,60,"Ec",32,1,1,1,1,1,1
"7561","1250","Ec_N",127,1,1,"Ec",1,0,0,0,0,0,0
"7562","1250","Ec_N",127,2,2,"Ec",17,0,0,0,0,1,0.14692246949649
"7563","1250","Ec_N",127,3,3,"Ec",17,0,0,0,0,1,0.14692246949649
"7564","1250","Ec_N",127,4,4,"Ec",17,0,0,0,0,1,0.14692246949649
"7565","1250","Ec_N",127,5,5,"Ec",25,0,0,0,1,1,0.464273274362394
"7566","1250","Ec_N",127,6,6,"Ec",25,0,0,0,1,1,0.464273274362394
"7567","1250","Ec_N",127,7,7,"Ec",25,0,0,0,1,1,0.464273274362394
"7568","1250","Ec_N",127,8,8,"Ec",25,0,0,0,1,1,0.464273274362394
"7569","1250","Ec_N",127,9,9,"Ec",25,0,0,0,1,1,0.464273274362394
"7570","1250","Ec_N",127,10,10,"Ec",25,0,0,0,1,1,0.464273274362394
"7571","1250","Ec_N",127,11,11,"Ec",25,0,0,0,1,1,0.464273274362394
"7572","1250","Ec_N",127,12,12,"Ec",25,0,0,0,1,1,0.464273274362394
"7573","1250","Ec_N",127,13,13,"Ec",27,0,1,0,1,1,0.50104458373578
"7574","1250","Ec_N",127,14,14,"Ec",27,0,1,0,1,1,0.50104458373578
"7575","1250","Ec_N",127,15,15,"Ec",27,0,1,0,1,1,0.50104458373578
"7576","1250","Ec_N",127,16,16,"Ec",27,0,1,0,1,1,0.50104458373578
"7577","1250","Ec_N",127,17,17,"Ec",27,0,1,0,1,1,0.50104458373578
"7578","1250","Ec_N",127,18,18,"Ec",27,0,1,0,1,1,0.50104458373578
"7579","1250","Ec_N",127,19,19,"Ec",27,0,1,0,1,1,0.50104458373578
"7580","1250","Ec_N",127,20,20,"Ec",27,0,1,0,1,1,0.50104458373578
"7581","1250","Ec_N",127,21,21,"Ec",31,0,1,1,1,1,0.778987345540232
"7582","1250","Ec_N",127,22,22,"Ec",31,0,1,1,1,1,0.778987345540232
"7583","1250","Ec_N",127,23,23,"Ec",32,1,1,1,1,1,1
"7584","1250","Ec_N",127,24,24,"Ec",32,1,1,1,1,1,1
"7585","1250","Ec_N",127,25,25,"Ec",32,1,1,1,1,1,1
"7586","1250","Ec_N",127,26,26,"Ec",32,1,1,1,1,1,1
"7587","1250","Ec_N",127,27,27,"Ec",32,1,1,1,1,1,1
"7588","1250","Ec_N",127,28,28,"Ec",32,1,1,1,1,1,1
"7589","1250","Ec_N",127,29,29,"Ec",32,1,1,1,1,1,1
"7590","1250","Ec_N",127,30,30,"Ec",32,1,1,1,1,1,1
"7591","1250","Ec_N",127,31,31,"Ec",32,1,1,1,1,1,1
"7592","1250","Ec_N",127,32,32,"Ec",32,1,1,1,1,1,1
"7593","1250","Ec_N",127,33,33,"Ec",32,1,1,1,1,1,1
"7594","1250","Ec_N",127,34,34,"Ec",32,1,1,1,1,1,1
"7595","1250","Ec_N",127,35,35,"Ec",32,1,1,1,1,1,1
"7596","1250","Ec_N",127,36,36,"Ec",32,1,1,1,1,1,1
"7597","1250","Ec_N",127,37,37,"Ec",32,1,1,1,1,1,1
"7598","1250","Ec_N",127,38,38,"Ec",32,1,1,1,1,1,1
"7599","1250","Ec_N",127,39,39,"Ec",32,1,1,1,1,1,1
"7600","1250","Ec_N",127,40,40,"Ec",32,1,1,1,1,1,1
"7601","1250","Ec_N",127,41,41,"Ec",32,1,1,1,1,1,1
"7602","1250","Ec_N",127,42,42,"Ec",32,1,1,1,1,1,1
"7603","1250","Ec_N",127,43,43,"Ec",32,1,1,1,1,1,1
"7604","1250","Ec_N",127,44,44,"Ec",32,1,1,1,1,1,1
"7605","1250","Ec_N",127,45,45,"Ec",32,1,1,1,1,1,1
"7606","1250","Ec_N",127,46,46,"Ec",32,1,1,1,1,1,1
"7607","1250","Ec_N",127,47,47,"Ec",32,1,1,1,1,1,1
"7608","1250","Ec_N",127,48,48,"Ec",32,1,1,1,1,1,1
"7609","1250","Ec_N",127,49,49,"Ec",32,1,1,1,1,1,1
"7610","1250","Ec_N",127,50,50,"Ec",32,1,1,1,1,1,1
"7611","1250","Ec_N",127,51,51,"Ec",32,1,1,1,1,1,1
"7612","1250","Ec_N",127,52,52,"Ec",32,1,1,1,1,1,1
"7613","1250","Ec_N",127,53,53,"Ec",32,1,1,1,1,1,1
"7614","1250","Ec_N",127,54,54,"Ec",32,1,1,1,1,1,1
"7615","1250","Ec_N",127,55,55,"Ec",32,1,1,1,1,1,1
"7616","1250","Ec_N",127,56,56,"Ec",32,1,1,1,1,1,1
"7617","1250","Ec_N",127,57,57,"Ec",32,1,1,1,1,1,1
"7618","1250","Ec_N",127,58,58,"Ec",32,1,1,1,1,1,1
"7619","1250","Ec_N",127,59,59,"Ec",32,1,1,1,1,1,1
"7620","1250","Ec_N",127,60,60,"Ec",32,1,1,1,1,1,1
"7621","1250","Ec_N",128,1,1,"Ec",1,0,0,0,0,0,0
"7622","1250","Ec_N",128,2,2,"Ec",1,0,0,0,0,0,0
"7623","1250","Ec_N",128,3,3,"Ec",1,0,0,0,0,0,0
"7624","1250","Ec_N",128,4,4,"Ec",1,0,0,0,0,0,0
"7625","1250","Ec_N",128,5,5,"Ec",1,0,0,0,0,0,0
"7626","1250","Ec_N",128,6,6,"Ec",1,0,0,0,0,0,0
"7627","1250","Ec_N",128,7,7,"Ec",1,0,0,0,0,0,0
"7628","1250","Ec_N",128,8,8,"Ec",17,0,0,0,0,1,0.14692246949649
"7629","1250","Ec_N",128,9,9,"Ec",17,0,0,0,0,1,0.14692246949649
"7630","1250","Ec_N",128,10,10,"Ec",17,0,0,0,0,1,0.14692246949649
"7631","1250","Ec_N",128,11,11,"Ec",17,0,0,0,0,1,0.14692246949649
"7632","1250","Ec_N",128,12,12,"Ec",17,0,0,0,0,1,0.14692246949649
"7633","1250","Ec_N",128,13,13,"Ec",17,0,0,0,0,1,0.14692246949649
"7634","1250","Ec_N",128,14,14,"Ec",17,0,0,0,0,1,0.14692246949649
"7635","1250","Ec_N",128,15,15,"Ec",18,1,0,0,0,1,0.417540278780587
"7636","1250","Ec_N",128,16,16,"Ec",18,1,0,0,0,1,0.417540278780587
"7637","1250","Ec_N",128,17,17,"Ec",20,1,1,0,0,1,0.500190858195701
"7638","1250","Ec_N",128,18,18,"Ec",20,1,1,0,0,1,0.500190858195701
"7639","1250","Ec_N",128,19,19,"Ec",20,1,1,0,0,1,0.500190858195701
"7640","1250","Ec_N",128,20,20,"Ec",20,1,1,0,0,1,0.500190858195701
"7641","1250","Ec_N",128,21,21,"Ec",24,1,1,1,0,1,0.732254349958425
"7642","1250","Ec_N",128,22,22,"Ec",24,1,1,1,0,1,0.732254349958425
"7643","1250","Ec_N",128,23,23,"Ec",24,1,1,1,0,1,0.732254349958425
"7644","1250","Ec_N",128,24,24,"Ec",24,1,1,1,0,1,0.732254349958425
"7645","1250","Ec_N",128,25,25,"Ec",24,1,1,1,0,1,0.732254349958425
"7646","1250","Ec_N",128,26,26,"Ec",24,1,1,1,0,1,0.732254349958425
"7647","1250","Ec_N",128,27,27,"Ec",24,1,1,1,0,1,0.732254349958425
"7648","1250","Ec_N",128,28,28,"Ec",24,1,1,1,0,1,0.732254349958425
"7649","1250","Ec_N",128,29,29,"Ec",24,1,1,1,0,1,0.732254349958425
"7650","1250","Ec_N",128,30,30,"Ec",24,1,1,1,0,1,0.732254349958425
"7651","1250","Ec_N",128,31,31,"Ec",24,1,1,1,0,1,0.732254349958425
"7652","1250","Ec_N",128,32,32,"Ec",24,1,1,1,0,1,0.732254349958425
"7653","1250","Ec_N",128,33,33,"Ec",24,1,1,1,0,1,0.732254349958425
"7654","1250","Ec_N",128,34,34,"Ec",24,1,1,1,0,1,0.732254349958425
"7655","1250","Ec_N",128,35,35,"Ec",24,1,1,1,0,1,0.732254349958425
"7656","1250","Ec_N",128,36,36,"Ec",32,1,1,1,1,1,1
"7657","1250","Ec_N",128,37,37,"Ec",32,1,1,1,1,1,1
"7658","1250","Ec_N",128,38,38,"Ec",32,1,1,1,1,1,1
"7659","1250","Ec_N",128,39,39,"Ec",32,1,1,1,1,1,1
"7660","1250","Ec_N",128,40,40,"Ec",32,1,1,1,1,1,1
"7661","1250","Ec_N",128,41,41,"Ec",32,1,1,1,1,1,1
"7662","1250","Ec_N",128,42,42,"Ec",32,1,1,1,1,1,1
"7663","1250","Ec_N",128,43,43,"Ec",32,1,1,1,1,1,1
"7664","1250","Ec_N",128,44,44,"Ec",32,1,1,1,1,1,1
"7665","1250","Ec_N",128,45,45,"Ec",32,1,1,1,1,1,1
"7666","1250","Ec_N",128,46,46,"Ec",32,1,1,1,1,1,1
"7667","1250","Ec_N",128,47,47,"Ec",32,1,1,1,1,1,1
"7668","1250","Ec_N",128,48,48,"Ec",32,1,1,1,1,1,1
"7669","1250","Ec_N",128,49,49,"Ec",32,1,1,1,1,1,1
"7670","1250","Ec_N",128,50,50,"Ec",32,1,1,1,1,1,1
"7671","1250","Ec_N",128,51,51,"Ec",32,1,1,1,1,1,1
"7672","1250","Ec_N",128,52,52,"Ec",32,1,1,1,1,1,1
"7673","1250","Ec_N",128,53,53,"Ec",32,1,1,1,1,1,1
"7674","1250","Ec_N",128,54,54,"Ec",32,1,1,1,1,1,1
"7675","1250","Ec_N",128,55,55,"Ec",32,1,1,1,1,1,1
"7676","1250","Ec_N",128,56,56,"Ec",32,1,1,1,1,1,1
"7677","1250","Ec_N",128,57,57,"Ec",32,1,1,1,1,1,1
"7678","1250","Ec_N",128,58,58,"Ec",32,1,1,1,1,1,1
"7679","1250","Ec_N",128,59,59,"Ec",32,1,1,1,1,1,1
"7680","1250","Ec_N",128,60,60,"Ec",32,1,1,1,1,1,1
"7681","1250","Ec_N",129,1,1,"Ec",1,0,0,0,0,0,0
"7682","1250","Ec_N",129,2,2,"Ec",1,0,0,0,0,0,0
"7683","1250","Ec_N",129,3,3,"Ec",1,0,0,0,0,0,0
"7684","1250","Ec_N",129,4,4,"Ec",1,0,0,0,0,0,0
"7685","1250","Ec_N",129,5,5,"Ec",1,0,0,0,0,0,0
"7686","1250","Ec_N",129,6,6,"Ec",1,0,0,0,0,0,0
"7687","1250","Ec_N",129,7,7,"Ec",17,0,0,0,0,1,0.14692246949649
"7688","1250","Ec_N",129,8,8,"Ec",17,0,0,0,0,1,0.14692246949649
"7689","1250","Ec_N",129,9,9,"Ec",17,0,0,0,0,1,0.14692246949649
"7690","1250","Ec_N",129,10,10,"Ec",17,0,0,0,0,1,0.14692246949649
"7691","1250","Ec_N",129,11,11,"Ec",17,0,0,0,0,1,0.14692246949649
"7692","1250","Ec_N",129,12,12,"Ec",17,0,0,0,0,1,0.14692246949649
"7693","1250","Ec_N",129,13,13,"Ec",25,0,0,0,1,1,0.464273274362394
"7694","1250","Ec_N",129,14,14,"Ec",25,0,0,0,1,1,0.464273274362394
"7695","1250","Ec_N",129,15,15,"Ec",25,0,0,0,1,1,0.464273274362394
"7696","1250","Ec_N",129,16,16,"Ec",25,0,0,0,1,1,0.464273274362394
"7697","1250","Ec_N",129,17,17,"Ec",29,0,0,1,1,1,0.696336766125118
"7698","1250","Ec_N",129,18,18,"Ec",29,0,0,1,1,1,0.696336766125118
"7699","1250","Ec_N",129,19,19,"Ec",29,0,0,1,1,1,0.696336766125118
"7700","1250","Ec_N",129,20,20,"Ec",30,1,0,1,1,1,0.981696467924213
"7701","1250","Ec_N",129,21,21,"Ec",30,1,0,1,1,1,0.981696467924213
"7702","1250","Ec_N",129,22,22,"Ec",30,1,0,1,1,1,0.981696467924213
"7703","1250","Ec_N",129,23,23,"Ec",30,1,0,1,1,1,0.981696467924213
"7704","1250","Ec_N",129,24,24,"Ec",30,1,0,1,1,1,0.981696467924213
"7705","1250","Ec_N",129,25,25,"Ec",30,1,0,1,1,1,0.981696467924213
"7706","1250","Ec_N",129,26,26,"Ec",30,1,0,1,1,1,0.981696467924213
"7707","1250","Ec_N",129,27,27,"Ec",30,1,0,1,1,1,0.981696467924213
"7708","1250","Ec_N",129,28,28,"Ec",30,1,0,1,1,1,0.981696467924213
"7709","1250","Ec_N",129,29,29,"Ec",30,1,0,1,1,1,0.981696467924213
"7710","1250","Ec_N",129,30,30,"Ec",30,1,0,1,1,1,0.981696467924213
"7711","1250","Ec_N",129,31,31,"Ec",30,1,0,1,1,1,0.981696467924213
"7712","1250","Ec_N",129,32,32,"Ec",30,1,0,1,1,1,0.981696467924213
"7713","1250","Ec_N",129,33,33,"Ec",30,1,0,1,1,1,0.981696467924213
"7714","1250","Ec_N",129,34,34,"Ec",30,1,0,1,1,1,0.981696467924213
"7715","1250","Ec_N",129,35,35,"Ec",30,1,0,1,1,1,0.981696467924213
"7716","1250","Ec_N",129,36,36,"Ec",30,1,0,1,1,1,0.981696467924213
"7717","1250","Ec_N",129,37,37,"Ec",30,1,0,1,1,1,0.981696467924213
"7718","1250","Ec_N",129,38,38,"Ec",30,1,0,1,1,1,0.981696467924213
"7719","1250","Ec_N",129,39,39,"Ec",30,1,0,1,1,1,0.981696467924213
"7720","1250","Ec_N",129,40,40,"Ec",30,1,0,1,1,1,0.981696467924213
"7721","1250","Ec_N",129,41,41,"Ec",30,1,0,1,1,1,0.981696467924213
"7722","1250","Ec_N",129,42,42,"Ec",30,1,0,1,1,1,0.981696467924213
"7723","1250","Ec_N",129,43,43,"Ec",30,1,0,1,1,1,0.981696467924213
"7724","1250","Ec_N",129,44,44,"Ec",30,1,0,1,1,1,0.981696467924213
"7725","1250","Ec_N",129,45,45,"Ec",30,1,0,1,1,1,0.981696467924213
"7726","1250","Ec_N",129,46,46,"Ec",30,1,0,1,1,1,0.981696467924213
"7727","1250","Ec_N",129,47,47,"Ec",30,1,0,1,1,1,0.981696467924213
"7728","1250","Ec_N",129,48,48,"Ec",30,1,0,1,1,1,0.981696467924213
"7729","1250","Ec_N",129,49,49,"Ec",30,1,0,1,1,1,0.981696467924213
"7730","1250","Ec_N",129,50,50,"Ec",30,1,0,1,1,1,0.981696467924213
"7731","1250","Ec_N",129,51,51,"Ec",30,1,0,1,1,1,0.981696467924213
"7732","1250","Ec_N",129,52,52,"Ec",30,1,0,1,1,1,0.981696467924213
"7733","1250","Ec_N",129,53,53,"Ec",30,1,0,1,1,1,0.981696467924213
"7734","1250","Ec_N",129,54,54,"Ec",30,1,0,1,1,1,0.981696467924213
"7735","1250","Ec_N",129,55,55,"Ec",30,1,0,1,1,1,0.981696467924213
"7736","1250","Ec_N",129,56,56,"Ec",30,1,0,1,1,1,0.981696467924213
"7737","1250","Ec_N",129,57,57,"Ec",30,1,0,1,1,1,0.981696467924213
"7738","1250","Ec_N",129,58,58,"Ec",30,1,0,1,1,1,0.981696467924213
"7739","1250","Ec_N",129,59,59,"Ec",30,1,0,1,1,1,0.981696467924213
"7740","1250","Ec_N",129,60,60,"Ec",30,1,0,1,1,1,0.981696467924213
"7741","1250","Ec_N",130,1,1,"Ec",1,0,0,0,0,0,0
"7742","1250","Ec_N",130,2,2,"Ec",1,0,0,0,0,0,0
"7743","1250","Ec_N",130,3,3,"Ec",2,1,0,0,0,0,0.221012654459768
"7744","1250","Ec_N",130,4,4,"Ec",4,1,1,0,0,0,0.303663233874882
"7745","1250","Ec_N",130,5,5,"Ec",4,1,1,0,0,0,0.303663233874882
"7746","1250","Ec_N",130,6,6,"Ec",4,1,1,0,0,0,0.303663233874882
"7747","1250","Ec_N",130,7,7,"Ec",8,1,1,1,0,0,0.440600849145421
"7748","1250","Ec_N",130,8,8,"Ec",8,1,1,1,0,0,0.440600849145421
"7749","1250","Ec_N",130,9,9,"Ec",8,1,1,1,0,0,0.440600849145421
"7750","1250","Ec_N",130,10,10,"Ec",8,1,1,1,0,0,0.440600849145421
"7751","1250","Ec_N",130,11,11,"Ec",8,1,1,1,0,0,0.440600849145421
"7752","1250","Ec_N",130,12,12,"Ec",8,1,1,1,0,0,0.440600849145421
"7753","1250","Ec_N",130,13,13,"Ec",8,1,1,1,0,0,0.440600849145421
"7754","1250","Ec_N",130,14,14,"Ec",8,1,1,1,0,0,0.440600849145421
"7755","1250","Ec_N",130,15,15,"Ec",6,1,0,1,0,0,0.453076146222492
"7756","1250","Ec_N",130,16,16,"Ec",6,1,0,1,0,0,0.453076146222492
"7757","1250","Ec_N",130,17,17,"Ec",6,1,0,1,0,0,0.453076146222492
"7758","1250","Ec_N",130,18,18,"Ec",6,1,0,1,0,0,0.453076146222492
"7759","1250","Ec_N",130,19,19,"Ec",6,1,0,1,0,0,0.453076146222492
"7760","1250","Ec_N",130,20,20,"Ec",6,1,0,1,0,0,0.453076146222492
"7761","1250","Ec_N",130,21,21,"Ec",6,1,0,1,0,0,0.453076146222492
"7762","1250","Ec_N",130,22,22,"Ec",6,1,0,1,0,0,0.453076146222492
"7763","1250","Ec_N",130,23,23,"Ec",22,1,0,1,0,1,0.649603770543311
"7764","1250","Ec_N",130,24,24,"Ec",22,1,0,1,0,1,0.649603770543311
"7765","1250","Ec_N",130,25,25,"Ec",22,1,0,1,0,1,0.649603770543311
"7766","1250","Ec_N",130,26,26,"Ec",22,1,0,1,0,1,0.649603770543311
"7767","1250","Ec_N",130,27,27,"Ec",22,1,0,1,0,1,0.649603770543311
"7768","1250","Ec_N",130,28,28,"Ec",22,1,0,1,0,1,0.649603770543311
"7769","1250","Ec_N",130,29,29,"Ec",22,1,0,1,0,1,0.649603770543311
"7770","1250","Ec_N",130,30,30,"Ec",24,1,1,1,0,1,0.732254349958425
"7771","1250","Ec_N",130,31,31,"Ec",24,1,1,1,0,1,0.732254349958425
"7772","1250","Ec_N",130,32,32,"Ec",24,1,1,1,0,1,0.732254349958425
"7773","1250","Ec_N",130,33,33,"Ec",24,1,1,1,0,1,0.732254349958425
"7774","1250","Ec_N",130,34,34,"Ec",24,1,1,1,0,1,0.732254349958425
"7775","1250","Ec_N",130,35,35,"Ec",24,1,1,1,0,1,0.732254349958425
"7776","1250","Ec_N",130,36,36,"Ec",24,1,1,1,0,1,0.732254349958425
"7777","1250","Ec_N",130,37,37,"Ec",24,1,1,1,0,1,0.732254349958425
"7778","1250","Ec_N",130,38,38,"Ec",24,1,1,1,0,1,0.732254349958425
"7779","1250","Ec_N",130,39,39,"Ec",24,1,1,1,0,1,0.732254349958425
"7780","1250","Ec_N",130,40,40,"Ec",24,1,1,1,0,1,0.732254349958425
"7781","1250","Ec_N",130,41,41,"Ec",24,1,1,1,0,1,0.732254349958425
"7782","1250","Ec_N",130,42,42,"Ec",24,1,1,1,0,1,0.732254349958425
"7783","1250","Ec_N",130,43,43,"Ec",24,1,1,1,0,1,0.732254349958425
"7784","1250","Ec_N",130,44,44,"Ec",24,1,1,1,0,1,0.732254349958425
"7785","1250","Ec_N",130,45,45,"Ec",24,1,1,1,0,1,0.732254349958425
"7786","1250","Ec_N",130,46,46,"Ec",24,1,1,1,0,1,0.732254349958425
"7787","1250","Ec_N",130,47,47,"Ec",24,1,1,1,0,1,0.732254349958425
"7788","1250","Ec_N",130,48,48,"Ec",24,1,1,1,0,1,0.732254349958425
"7789","1250","Ec_N",130,49,49,"Ec",24,1,1,1,0,1,0.732254349958425
"7790","1250","Ec_N",130,50,50,"Ec",24,1,1,1,0,1,0.732254349958425
"7791","1250","Ec_N",130,51,51,"Ec",24,1,1,1,0,1,0.732254349958425
"7792","1250","Ec_N",130,52,52,"Ec",24,1,1,1,0,1,0.732254349958425
"7793","1250","Ec_N",130,53,53,"Ec",24,1,1,1,0,1,0.732254349958425
"7794","1250","Ec_N",130,54,54,"Ec",24,1,1,1,0,1,0.732254349958425
"7795","1250","Ec_N",130,55,55,"Ec",24,1,1,1,0,1,0.732254349958425
"7796","1250","Ec_N",130,56,56,"Ec",24,1,1,1,0,1,0.732254349958425
"7797","1250","Ec_N",130,57,57,"Ec",24,1,1,1,0,1,0.732254349958425
"7798","1250","Ec_N",130,58,58,"Ec",24,1,1,1,0,1,0.732254349958425
"7799","1250","Ec_N",130,59,59,"Ec",24,1,1,1,0,1,0.732254349958425
"7800","1250","Ec_N",130,60,60,"Ec",24,1,1,1,0,1,0.732254349958425
"7801","1250","Ec_N",131,1,1,"Ec",1,0,0,0,0,0,0
"7802","1250","Ec_N",131,2,2,"Ec",2,1,0,0,0,0,0.221012654459768
"7803","1250","Ec_N",131,3,3,"Ec",2,1,0,0,0,0,0.221012654459768
"7804","1250","Ec_N",131,4,4,"Ec",2,1,0,0,0,0,0.221012654459768
"7805","1250","Ec_N",131,5,5,"Ec",2,1,0,0,0,0,0.221012654459768
"7806","1250","Ec_N",131,6,6,"Ec",4,1,1,0,0,0,0.303663233874882
"7807","1250","Ec_N",131,7,7,"Ec",4,1,1,0,0,0,0.303663233874882
"7808","1250","Ec_N",131,8,8,"Ec",4,1,1,0,0,0,0.303663233874882
"7809","1250","Ec_N",131,9,9,"Ec",4,1,1,0,0,0,0.303663233874882
"7810","1250","Ec_N",131,10,10,"Ec",4,1,1,0,0,0,0.303663233874882
"7811","1250","Ec_N",131,11,11,"Ec",8,1,1,1,0,0,0.440600849145421
"7812","1250","Ec_N",131,12,12,"Ec",8,1,1,1,0,0,0.440600849145421
"7813","1250","Ec_N",131,13,13,"Ec",8,1,1,1,0,0,0.440600849145421
"7814","1250","Ec_N",131,14,14,"Ec",8,1,1,1,0,0,0.440600849145421
"7815","1250","Ec_N",131,15,15,"Ec",8,1,1,1,0,0,0.440600849145421
"7816","1250","Ec_N",131,16,16,"Ec",8,1,1,1,0,0,0.440600849145421
"7817","1250","Ec_N",131,17,17,"Ec",8,1,1,1,0,0,0.440600849145421
"7818","1250","Ec_N",131,18,18,"Ec",8,1,1,1,0,0,0.440600849145421
"7819","1250","Ec_N",131,19,19,"Ec",8,1,1,1,0,0,0.440600849145421
"7820","1250","Ec_N",131,20,20,"Ec",16,1,1,1,1,0,0.879284144928883
"7821","1250","Ec_N",131,21,21,"Ec",16,1,1,1,1,0,0.879284144928883
"7822","1250","Ec_N",131,22,22,"Ec",16,1,1,1,1,0,0.879284144928883
"7823","1250","Ec_N",131,23,23,"Ec",16,1,1,1,1,0,0.879284144928883
"7824","1250","Ec_N",131,24,24,"Ec",16,1,1,1,1,0,0.879284144928883
"7825","1250","Ec_N",131,25,25,"Ec",16,1,1,1,1,0,0.879284144928883
"7826","1250","Ec_N",131,26,26,"Ec",16,1,1,1,1,0,0.879284144928883
"7827","1250","Ec_N",131,27,27,"Ec",16,1,1,1,1,0,0.879284144928883
"7828","1250","Ec_N",131,28,28,"Ec",16,1,1,1,1,0,0.879284144928883
"7829","1250","Ec_N",131,29,29,"Ec",16,1,1,1,1,0,0.879284144928883
"7830","1250","Ec_N",131,30,30,"Ec",32,1,1,1,1,1,1
"7831","1250","Ec_N",131,31,31,"Ec",32,1,1,1,1,1,1
"7832","1250","Ec_N",131,32,32,"Ec",32,1,1,1,1,1,1
"7833","1250","Ec_N",131,33,33,"Ec",32,1,1,1,1,1,1
"7834","1250","Ec_N",131,34,34,"Ec",32,1,1,1,1,1,1
"7835","1250","Ec_N",131,35,35,"Ec",32,1,1,1,1,1,1
"7836","1250","Ec_N",131,36,36,"Ec",32,1,1,1,1,1,1
"7837","1250","Ec_N",131,37,37,"Ec",32,1,1,1,1,1,1
"7838","1250","Ec_N",131,38,38,"Ec",32,1,1,1,1,1,1
"7839","1250","Ec_N",131,39,39,"Ec",32,1,1,1,1,1,1
"7840","1250","Ec_N",131,40,40,"Ec",32,1,1,1,1,1,1
"7841","1250","Ec_N",131,41,41,"Ec",32,1,1,1,1,1,1
"7842","1250","Ec_N",131,42,42,"Ec",32,1,1,1,1,1,1
"7843","1250","Ec_N",131,43,43,"Ec",32,1,1,1,1,1,1
"7844","1250","Ec_N",131,44,44,"Ec",32,1,1,1,1,1,1
"7845","1250","Ec_N",131,45,45,"Ec",32,1,1,1,1,1,1
"7846","1250","Ec_N",131,46,46,"Ec",32,1,1,1,1,1,1
"7847","1250","Ec_N",131,47,47,"Ec",32,1,1,1,1,1,1
"7848","1250","Ec_N",131,48,48,"Ec",32,1,1,1,1,1,1
"7849","1250","Ec_N",131,49,49,"Ec",32,1,1,1,1,1,1
"7850","1250","Ec_N",131,50,50,"Ec",32,1,1,1,1,1,1
"7851","1250","Ec_N",131,51,51,"Ec",32,1,1,1,1,1,1
"7852","1250","Ec_N",131,52,52,"Ec",32,1,1,1,1,1,1
"7853","1250","Ec_N",131,53,53,"Ec",32,1,1,1,1,1,1
"7854","1250","Ec_N",131,54,54,"Ec",32,1,1,1,1,1,1
"7855","1250","Ec_N",131,55,55,"Ec",32,1,1,1,1,1,1
"7856","1250","Ec_N",131,56,56,"Ec",32,1,1,1,1,1,1
"7857","1250","Ec_N",131,57,57,"Ec",32,1,1,1,1,1,1
"7858","1250","Ec_N",131,58,58,"Ec",32,1,1,1,1,1,1
"7859","1250","Ec_N",131,59,59,"Ec",32,1,1,1,1,1,1
"7860","1250","Ec_N",131,60,60,"Ec",32,1,1,1,1,1,1
"7861","1250","Ec_N",132,1,1,"Ec",1,0,0,0,0,0,0
"7862","1250","Ec_N",132,2,2,"Ec",1,0,0,0,0,0,0
"7863","1250","Ec_N",132,3,3,"Ec",1,0,0,0,0,0,0
"7864","1250","Ec_N",132,4,4,"Ec",1,0,0,0,0,0,0
"7865","1250","Ec_N",132,5,5,"Ec",1,0,0,0,0,0,0
"7866","1250","Ec_N",132,6,6,"Ec",1,0,0,0,0,0,0
"7867","1250","Ec_N",132,7,7,"Ec",1,0,0,0,0,0,0
"7868","1250","Ec_N",132,8,8,"Ec",1,0,0,0,0,0,0
"7869","1250","Ec_N",132,9,9,"Ec",1,0,0,0,0,0,0
"7870","1250","Ec_N",132,10,10,"Ec",2,1,0,0,0,0,0.221012654459768
"7871","1250","Ec_N",132,11,11,"Ec",18,1,0,0,0,1,0.417540278780587
"7872","1250","Ec_N",132,12,12,"Ec",18,1,0,0,0,1,0.417540278780587
"7873","1250","Ec_N",132,13,13,"Ec",18,1,0,0,0,1,0.417540278780587
"7874","1250","Ec_N",132,14,14,"Ec",18,1,0,0,0,1,0.417540278780587
"7875","1250","Ec_N",132,15,15,"Ec",22,1,0,1,0,1,0.649603770543311
"7876","1250","Ec_N",132,16,16,"Ec",22,1,0,1,0,1,0.649603770543311
"7877","1250","Ec_N",132,17,17,"Ec",22,1,0,1,0,1,0.649603770543311
"7878","1250","Ec_N",132,18,18,"Ec",22,1,0,1,0,1,0.649603770543311
"7879","1250","Ec_N",132,19,19,"Ec",22,1,0,1,0,1,0.649603770543311
"7880","1250","Ec_N",132,20,20,"Ec",24,1,1,1,0,1,0.732254349958425
"7881","1250","Ec_N",132,21,21,"Ec",24,1,1,1,0,1,0.732254349958425
"7882","1250","Ec_N",132,22,22,"Ec",24,1,1,1,0,1,0.732254349958425
"7883","1250","Ec_N",132,23,23,"Ec",24,1,1,1,0,1,0.732254349958425
"7884","1250","Ec_N",132,24,24,"Ec",24,1,1,1,0,1,0.732254349958425
"7885","1250","Ec_N",132,25,25,"Ec",24,1,1,1,0,1,0.732254349958425
"7886","1250","Ec_N",132,26,26,"Ec",24,1,1,1,0,1,0.732254349958425
"7887","1250","Ec_N",132,27,27,"Ec",24,1,1,1,0,1,0.732254349958425
"7888","1250","Ec_N",132,28,28,"Ec",24,1,1,1,0,1,0.732254349958425
"7889","1250","Ec_N",132,29,29,"Ec",24,1,1,1,0,1,0.732254349958425
"7890","1250","Ec_N",132,30,30,"Ec",24,1,1,1,0,1,0.732254349958425
"7891","1250","Ec_N",132,31,31,"Ec",24,1,1,1,0,1,0.732254349958425
"7892","1250","Ec_N",132,32,32,"Ec",24,1,1,1,0,1,0.732254349958425
"7893","1250","Ec_N",132,33,33,"Ec",24,1,1,1,0,1,0.732254349958425
"7894","1250","Ec_N",132,34,34,"Ec",24,1,1,1,0,1,0.732254349958425
"7895","1250","Ec_N",132,35,35,"Ec",24,1,1,1,0,1,0.732254349958425
"7896","1250","Ec_N",132,36,36,"Ec",24,1,1,1,0,1,0.732254349958425
"7897","1250","Ec_N",132,37,37,"Ec",24,1,1,1,0,1,0.732254349958425
"7898","1250","Ec_N",132,38,38,"Ec",24,1,1,1,0,1,0.732254349958425
"7899","1250","Ec_N",132,39,39,"Ec",24,1,1,1,0,1,0.732254349958425
"7900","1250","Ec_N",132,40,40,"Ec",24,1,1,1,0,1,0.732254349958425
"7901","1250","Ec_N",132,41,41,"Ec",24,1,1,1,0,1,0.732254349958425
"7902","1250","Ec_N",132,42,42,"Ec",24,1,1,1,0,1,0.732254349958425
"7903","1250","Ec_N",132,43,43,"Ec",24,1,1,1,0,1,0.732254349958425
"7904","1250","Ec_N",132,44,44,"Ec",24,1,1,1,0,1,0.732254349958425
"7905","1250","Ec_N",132,45,45,"Ec",24,1,1,1,0,1,0.732254349958425
"7906","1250","Ec_N",132,46,46,"Ec",24,1,1,1,0,1,0.732254349958425
"7907","1250","Ec_N",132,47,47,"Ec",24,1,1,1,0,1,0.732254349958425
"7908","1250","Ec_N",132,48,48,"Ec",24,1,1,1,0,1,0.732254349958425
"7909","1250","Ec_N",132,49,49,"Ec",24,1,1,1,0,1,0.732254349958425
"7910","1250","Ec_N",132,50,50,"Ec",24,1,1,1,0,1,0.732254349958425
"7911","1250","Ec_N",132,51,51,"Ec",24,1,1,1,0,1,0.732254349958425
"7912","1250","Ec_N",132,52,52,"Ec",24,1,1,1,0,1,0.732254349958425
"7913","1250","Ec_N",132,53,53,"Ec",24,1,1,1,0,1,0.732254349958425
"7914","1250","Ec_N",132,54,54,"Ec",24,1,1,1,0,1,0.732254349958425
"7915","1250","Ec_N",132,55,55,"Ec",24,1,1,1,0,1,0.732254349958425
"7916","1250","Ec_N",132,56,56,"Ec",24,1,1,1,0,1,0.732254349958425
"7917","1250","Ec_N",132,57,57,"Ec",24,1,1,1,0,1,0.732254349958425
"7918","1250","Ec_N",132,58,58,"Ec",24,1,1,1,0,1,0.732254349958425
"7919","1250","Ec_N",132,59,59,"Ec",24,1,1,1,0,1,0.732254349958425
"7920","1250","Ec_N",132,60,60,"Ec",32,1,1,1,1,1,1
"7921","1250","Ec_N",133,1,1,"Ec",1,0,0,0,0,0,0
"7922","1250","Ec_N",133,2,2,"Ec",9,0,0,0,1,0,0.267745650041575
"7923","1250","Ec_N",133,3,3,"Ec",9,0,0,0,1,0,0.267745650041575
"7924","1250","Ec_N",133,4,4,"Ec",13,0,0,1,1,0,0.499809141804299
"7925","1250","Ec_N",133,5,5,"Ec",13,0,0,1,1,0,0.499809141804299
"7926","1250","Ec_N",133,6,6,"Ec",13,0,0,1,1,0,0.499809141804299
"7927","1250","Ec_N",133,7,7,"Ec",14,1,0,1,1,0,0.720821796264067
"7928","1250","Ec_N",133,8,8,"Ec",14,1,0,1,1,0,0.720821796264067
"7929","1250","Ec_N",133,9,9,"Ec",14,1,0,1,1,0,0.720821796264067
"7930","1250","Ec_N",133,10,10,"Ec",14,1,0,1,1,0,0.720821796264067
"7931","1250","Ec_N",133,11,11,"Ec",14,1,0,1,1,0,0.720821796264067
"7932","1250","Ec_N",133,12,12,"Ec",14,1,0,1,1,0,0.720821796264067
"7933","1250","Ec_N",133,13,13,"Ec",14,1,0,1,1,0,0.720821796264067
"7934","1250","Ec_N",133,14,14,"Ec",14,1,0,1,1,0,0.720821796264067
"7935","1250","Ec_N",133,15,15,"Ec",14,1,0,1,1,0,0.720821796264067
"7936","1250","Ec_N",133,16,16,"Ec",14,1,0,1,1,0,0.720821796264067
"7937","1250","Ec_N",133,17,17,"Ec",14,1,0,1,1,0,0.720821796264067
"7938","1250","Ec_N",133,18,18,"Ec",16,1,1,1,1,0,0.879284144928883
"7939","1250","Ec_N",133,19,19,"Ec",16,1,1,1,1,0,0.879284144928883
"7940","1250","Ec_N",133,20,20,"Ec",32,1,1,1,1,1,1
"7941","1250","Ec_N",133,21,21,"Ec",32,1,1,1,1,1,1
"7942","1250","Ec_N",133,22,22,"Ec",32,1,1,1,1,1,1
"7943","1250","Ec_N",133,23,23,"Ec",32,1,1,1,1,1,1
"7944","1250","Ec_N",133,24,24,"Ec",32,1,1,1,1,1,1
"7945","1250","Ec_N",133,25,25,"Ec",32,1,1,1,1,1,1
"7946","1250","Ec_N",133,26,26,"Ec",32,1,1,1,1,1,1
"7947","1250","Ec_N",133,27,27,"Ec",32,1,1,1,1,1,1
"7948","1250","Ec_N",133,28,28,"Ec",32,1,1,1,1,1,1
"7949","1250","Ec_N",133,29,29,"Ec",32,1,1,1,1,1,1
"7950","1250","Ec_N",133,30,30,"Ec",32,1,1,1,1,1,1
"7951","1250","Ec_N",133,31,31,"Ec",32,1,1,1,1,1,1
"7952","1250","Ec_N",133,32,32,"Ec",32,1,1,1,1,1,1
"7953","1250","Ec_N",133,33,33,"Ec",32,1,1,1,1,1,1
"7954","1250","Ec_N",133,34,34,"Ec",32,1,1,1,1,1,1
"7955","1250","Ec_N",133,35,35,"Ec",32,1,1,1,1,1,1
"7956","1250","Ec_N",133,36,36,"Ec",32,1,1,1,1,1,1
"7957","1250","Ec_N",133,37,37,"Ec",32,1,1,1,1,1,1
"7958","1250","Ec_N",133,38,38,"Ec",32,1,1,1,1,1,1
"7959","1250","Ec_N",133,39,39,"Ec",32,1,1,1,1,1,1
"7960","1250","Ec_N",133,40,40,"Ec",32,1,1,1,1,1,1
"7961","1250","Ec_N",133,41,41,"Ec",32,1,1,1,1,1,1
"7962","1250","Ec_N",133,42,42,"Ec",32,1,1,1,1,1,1
"7963","1250","Ec_N",133,43,43,"Ec",32,1,1,1,1,1,1
"7964","1250","Ec_N",133,44,44,"Ec",32,1,1,1,1,1,1
"7965","1250","Ec_N",133,45,45,"Ec",32,1,1,1,1,1,1
"7966","1250","Ec_N",133,46,46,"Ec",32,1,1,1,1,1,1
"7967","1250","Ec_N",133,47,47,"Ec",32,1,1,1,1,1,1
"7968","1250","Ec_N",133,48,48,"Ec",32,1,1,1,1,1,1
"7969","1250","Ec_N",133,49,49,"Ec",32,1,1,1,1,1,1
"7970","1250","Ec_N",133,50,50,"Ec",32,1,1,1,1,1,1
"7971","1250","Ec_N",133,51,51,"Ec",32,1,1,1,1,1,1
"7972","1250","Ec_N",133,52,52,"Ec",32,1,1,1,1,1,1
"7973","1250","Ec_N",133,53,53,"Ec",32,1,1,1,1,1,1
"7974","1250","Ec_N",133,54,54,"Ec",32,1,1,1,1,1,1
"7975","1250","Ec_N",133,55,55,"Ec",32,1,1,1,1,1,1
"7976","1250","Ec_N",133,56,56,"Ec",32,1,1,1,1,1,1
"7977","1250","Ec_N",133,57,57,"Ec",32,1,1,1,1,1,1
"7978","1250","Ec_N",133,58,58,"Ec",32,1,1,1,1,1,1
"7979","1250","Ec_N",133,59,59,"Ec",32,1,1,1,1,1,1
"7980","1250","Ec_N",133,60,60,"Ec",32,1,1,1,1,1,1
"7981","1250","Ec_N",134,1,1,"Ec",1,0,0,0,0,0,0
"7982","1250","Ec_N",134,2,2,"Ec",1,0,0,0,0,0,0
"7983","1250","Ec_N",134,3,3,"Ec",1,0,0,0,0,0,0
"7984","1250","Ec_N",134,4,4,"Ec",1,0,0,0,0,0,0
"7985","1250","Ec_N",134,5,5,"Ec",1,0,0,0,0,0,0
"7986","1250","Ec_N",134,6,6,"Ec",1,0,0,0,0,0,0
"7987","1250","Ec_N",134,7,7,"Ec",1,0,0,0,0,0,0
"7988","1250","Ec_N",134,8,8,"Ec",1,0,0,0,0,0,0
"7989","1250","Ec_N",134,9,9,"Ec",1,0,0,0,0,0,0
"7990","1250","Ec_N",134,10,10,"Ec",1,0,0,0,0,0,0
"7991","1250","Ec_N",134,11,11,"Ec",1,0,0,0,0,0,0
"7992","1250","Ec_N",134,12,12,"Ec",1,0,0,0,0,0,0
"7993","1250","Ec_N",134,13,13,"Ec",1,0,0,0,0,0,0
"7994","1250","Ec_N",134,14,14,"Ec",3,0,1,0,0,0,0.082650579415114
"7995","1250","Ec_N",134,15,15,"Ec",3,0,1,0,0,0,0.082650579415114
"7996","1250","Ec_N",134,16,16,"Ec",3,0,1,0,0,0,0.082650579415114
"7997","1250","Ec_N",134,17,17,"Ec",3,0,1,0,0,0,0.082650579415114
"7998","1250","Ec_N",134,18,18,"Ec",3,0,1,0,0,0,0.082650579415114
"7999","1250","Ec_N",134,19,19,"Ec",19,0,1,0,0,1,0.179678659430889
"8000","1250","Ec_N",134,20,20,"Ec",19,0,1,0,0,1,0.179678659430889
"8001","1250","Ec_N",134,21,21,"Ec",19,0,1,0,0,1,0.179678659430889
"8002","1250","Ec_N",134,22,22,"Ec",19,0,1,0,0,1,0.179678659430889
"8003","1250","Ec_N",134,23,23,"Ec",19,0,1,0,0,1,0.179678659430889
"8004","1250","Ec_N",134,24,24,"Ec",19,0,1,0,0,1,0.179678659430889
"8005","1250","Ec_N",134,25,25,"Ec",23,0,1,1,0,1,0.511241695498657
"8006","1250","Ec_N",134,26,26,"Ec",23,0,1,1,0,1,0.511241695498657
"8007","1250","Ec_N",134,27,27,"Ec",23,0,1,1,0,1,0.511241695498657
"8008","1250","Ec_N",134,28,28,"Ec",23,0,1,1,0,1,0.511241695498657
"8009","1250","Ec_N",134,29,29,"Ec",23,0,1,1,0,1,0.511241695498657
"8010","1250","Ec_N",134,30,30,"Ec",23,0,1,1,0,1,0.511241695498657
"8011","1250","Ec_N",134,31,31,"Ec",23,0,1,1,0,1,0.511241695498657
"8012","1250","Ec_N",134,32,32,"Ec",23,0,1,1,0,1,0.511241695498657
"8013","1250","Ec_N",134,33,33,"Ec",23,0,1,1,0,1,0.511241695498657
"8014","1250","Ec_N",134,34,34,"Ec",23,0,1,1,0,1,0.511241695498657
"8015","1250","Ec_N",134,35,35,"Ec",23,0,1,1,0,1,0.511241695498657
"8016","1250","Ec_N",134,36,36,"Ec",23,0,1,1,0,1,0.511241695498657
"8017","1250","Ec_N",134,37,37,"Ec",23,0,1,1,0,1,0.511241695498657
"8018","1250","Ec_N",134,38,38,"Ec",23,0,1,1,0,1,0.511241695498657
"8019","1250","Ec_N",134,39,39,"Ec",23,0,1,1,0,1,0.511241695498657
"8020","1250","Ec_N",134,40,40,"Ec",23,0,1,1,0,1,0.511241695498657
"8021","1250","Ec_N",134,41,41,"Ec",23,0,1,1,0,1,0.511241695498657
"8022","1250","Ec_N",134,42,42,"Ec",23,0,1,1,0,1,0.511241695498657
"8023","1250","Ec_N",134,43,43,"Ec",23,0,1,1,0,1,0.511241695498657
"8024","1250","Ec_N",134,44,44,"Ec",23,0,1,1,0,1,0.511241695498657
"8025","1250","Ec_N",134,45,45,"Ec",23,0,1,1,0,1,0.511241695498657
"8026","1250","Ec_N",134,46,46,"Ec",23,0,1,1,0,1,0.511241695498657
"8027","1250","Ec_N",134,47,47,"Ec",23,0,1,1,0,1,0.511241695498657
"8028","1250","Ec_N",134,48,48,"Ec",23,0,1,1,0,1,0.511241695498657
"8029","1250","Ec_N",134,49,49,"Ec",23,0,1,1,0,1,0.511241695498657
"8030","1250","Ec_N",134,50,50,"Ec",23,0,1,1,0,1,0.511241695498657
"8031","1250","Ec_N",134,51,51,"Ec",31,0,1,1,1,1,0.778987345540232
"8032","1250","Ec_N",134,52,52,"Ec",31,0,1,1,1,1,0.778987345540232
"8033","1250","Ec_N",134,53,53,"Ec",31,0,1,1,1,1,0.778987345540232
"8034","1250","Ec_N",134,54,54,"Ec",31,0,1,1,1,1,0.778987345540232
"8035","1250","Ec_N",134,55,55,"Ec",31,0,1,1,1,1,0.778987345540232
"8036","1250","Ec_N",134,56,56,"Ec",31,0,1,1,1,1,0.778987345540232
"8037","1250","Ec_N",134,57,57,"Ec",31,0,1,1,1,1,0.778987345540232
"8038","1250","Ec_N",134,58,58,"Ec",31,0,1,1,1,1,0.778987345540232
"8039","1250","Ec_N",134,59,59,"Ec",31,0,1,1,1,1,0.778987345540232
"8040","1250","Ec_N",134,60,60,"Ec",31,0,1,1,1,1,0.778987345540232
"8041","1250","Ec_N",135,1,1,"Ec",1,0,0,0,0,0,0
"8042","1250","Ec_N",135,2,2,"Ec",1,0,0,0,0,0,0
"8043","1250","Ec_N",135,3,3,"Ec",1,0,0,0,0,0,0
"8044","1250","Ec_N",135,4,4,"Ec",1,0,0,0,0,0,0
"8045","1250","Ec_N",135,5,5,"Ec",9,0,0,0,1,0,0.267745650041575
"8046","1250","Ec_N",135,6,6,"Ec",9,0,0,0,1,0,0.267745650041575
"8047","1250","Ec_N",135,7,7,"Ec",9,0,0,0,1,0,0.267745650041575
"8048","1250","Ec_N",135,8,8,"Ec",9,0,0,0,1,0,0.267745650041575
"8049","1250","Ec_N",135,9,9,"Ec",9,0,0,0,1,0,0.267745650041575
"8050","1250","Ec_N",135,10,10,"Ec",9,0,0,0,1,0,0.267745650041575
"8051","1250","Ec_N",135,11,11,"Ec",9,0,0,0,1,0,0.267745650041575
"8052","1250","Ec_N",135,12,12,"Ec",9,0,0,0,1,0,0.267745650041575
"8053","1250","Ec_N",135,13,13,"Ec",10,1,0,0,1,0,0.488758304501343
"8054","1250","Ec_N",135,14,14,"Ec",10,1,0,0,1,0,0.488758304501343
"8055","1250","Ec_N",135,15,15,"Ec",10,1,0,0,1,0,0.488758304501343
"8056","1250","Ec_N",135,16,16,"Ec",10,1,0,0,1,0,0.488758304501343
"8057","1250","Ec_N",135,17,17,"Ec",10,1,0,0,1,0,0.488758304501343
"8058","1250","Ec_N",135,18,18,"Ec",10,1,0,0,1,0,0.488758304501343
"8059","1250","Ec_N",135,19,19,"Ec",10,1,0,0,1,0,0.488758304501343
"8060","1250","Ec_N",135,20,20,"Ec",10,1,0,0,1,0,0.488758304501343
"8061","1250","Ec_N",135,21,21,"Ec",10,1,0,0,1,0,0.488758304501343
"8062","1250","Ec_N",135,22,22,"Ec",10,1,0,0,1,0,0.488758304501343
"8063","1250","Ec_N",135,23,23,"Ec",10,1,0,0,1,0,0.488758304501343
"8064","1250","Ec_N",135,24,24,"Ec",10,1,0,0,1,0,0.488758304501343
"8065","1250","Ec_N",135,25,25,"Ec",10,1,0,0,1,0,0.488758304501343
"8066","1250","Ec_N",135,26,26,"Ec",10,1,0,0,1,0,0.488758304501343
"8067","1250","Ec_N",135,27,27,"Ec",10,1,0,0,1,0,0.488758304501343
"8068","1250","Ec_N",135,28,28,"Ec",10,1,0,0,1,0,0.488758304501343
"8069","1250","Ec_N",135,29,29,"Ec",10,1,0,0,1,0,0.488758304501343
"8070","1250","Ec_N",135,30,30,"Ec",10,1,0,0,1,0,0.488758304501343
"8071","1250","Ec_N",135,31,31,"Ec",10,1,0,0,1,0,0.488758304501343
"8072","1250","Ec_N",135,32,32,"Ec",10,1,0,0,1,0,0.488758304501343
"8073","1250","Ec_N",135,33,33,"Ec",10,1,0,0,1,0,0.488758304501343
"8074","1250","Ec_N",135,34,34,"Ec",10,1,0,0,1,0,0.488758304501343
"8075","1250","Ec_N",135,35,35,"Ec",10,1,0,0,1,0,0.488758304501343
"8076","1250","Ec_N",135,36,36,"Ec",10,1,0,0,1,0,0.488758304501343
"8077","1250","Ec_N",135,37,37,"Ec",10,1,0,0,1,0,0.488758304501343
"8078","1250","Ec_N",135,38,38,"Ec",10,1,0,0,1,0,0.488758304501343
"8079","1250","Ec_N",135,39,39,"Ec",10,1,0,0,1,0,0.488758304501343
"8080","1250","Ec_N",135,40,40,"Ec",10,1,0,0,1,0,0.488758304501343
"8081","1250","Ec_N",135,41,41,"Ec",10,1,0,0,1,0,0.488758304501343
"8082","1250","Ec_N",135,42,42,"Ec",10,1,0,0,1,0,0.488758304501343
"8083","1250","Ec_N",135,43,43,"Ec",10,1,0,0,1,0,0.488758304501343
"8084","1250","Ec_N",135,44,44,"Ec",10,1,0,0,1,0,0.488758304501343
"8085","1250","Ec_N",135,45,45,"Ec",10,1,0,0,1,0,0.488758304501343
"8086","1250","Ec_N",135,46,46,"Ec",10,1,0,0,1,0,0.488758304501343
"8087","1250","Ec_N",135,47,47,"Ec",10,1,0,0,1,0,0.488758304501343
"8088","1250","Ec_N",135,48,48,"Ec",10,1,0,0,1,0,0.488758304501343
"8089","1250","Ec_N",135,49,49,"Ec",10,1,0,0,1,0,0.488758304501343
"8090","1250","Ec_N",135,50,50,"Ec",10,1,0,0,1,0,0.488758304501343
"8091","1250","Ec_N",135,51,51,"Ec",10,1,0,0,1,0,0.488758304501343
"8092","1250","Ec_N",135,52,52,"Ec",10,1,0,0,1,0,0.488758304501343
"8093","1250","Ec_N",135,53,53,"Ec",10,1,0,0,1,0,0.488758304501343
"8094","1250","Ec_N",135,54,54,"Ec",10,1,0,0,1,0,0.488758304501343
"8095","1250","Ec_N",135,55,55,"Ec",10,1,0,0,1,0,0.488758304501343
"8096","1250","Ec_N",135,56,56,"Ec",10,1,0,0,1,0,0.488758304501343
"8097","1250","Ec_N",135,57,57,"Ec",10,1,0,0,1,0,0.488758304501343
"8098","1250","Ec_N",135,58,58,"Ec",10,1,0,0,1,0,0.488758304501343
"8099","1250","Ec_N",135,59,59,"Ec",10,1,0,0,1,0,0.488758304501343
"8100","1250","Ec_N",135,60,60,"Ec",12,1,1,0,1,0,0.552627762799163
"8101","1250","Ec_N",136,1,1,"Ec",1,0,0,0,0,0,0
"8102","1250","Ec_N",136,2,2,"Ec",1,0,0,0,0,0,0
"8103","1250","Ec_N",136,3,3,"Ec",1,0,0,0,0,0,0
"8104","1250","Ec_N",136,4,4,"Ec",1,0,0,0,0,0,0
"8105","1250","Ec_N",136,5,5,"Ec",1,0,0,0,0,0,0
"8106","1250","Ec_N",136,6,6,"Ec",1,0,0,0,0,0,0
"8107","1250","Ec_N",136,7,7,"Ec",1,0,0,0,0,0,0
"8108","1250","Ec_N",136,8,8,"Ec",1,0,0,0,0,0,0
"8109","1250","Ec_N",136,9,9,"Ec",1,0,0,0,0,0,0
"8110","1250","Ec_N",136,10,10,"Ec",1,0,0,0,0,0,0
"8111","1250","Ec_N",136,11,11,"Ec",1,0,0,0,0,0,0
"8112","1250","Ec_N",136,12,12,"Ec",1,0,0,0,0,0,0
"8113","1250","Ec_N",136,13,13,"Ec",1,0,0,0,0,0,0
"8114","1250","Ec_N",136,14,14,"Ec",1,0,0,0,0,0,0
"8115","1250","Ec_N",136,15,15,"Ec",1,0,0,0,0,0,0
"8116","1250","Ec_N",136,16,16,"Ec",1,0,0,0,0,0,0
"8117","1250","Ec_N",136,17,17,"Ec",1,0,0,0,0,0,0
"8118","1250","Ec_N",136,18,18,"Ec",5,0,0,1,0,0,0.232063491762724
"8119","1250","Ec_N",136,19,19,"Ec",5,0,0,1,0,0,0.232063491762724
"8120","1250","Ec_N",136,20,20,"Ec",5,0,0,1,0,0,0.232063491762724
"8121","1250","Ec_N",136,21,21,"Ec",5,0,0,1,0,0,0.232063491762724
"8122","1250","Ec_N",136,22,22,"Ec",5,0,0,1,0,0,0.232063491762724
"8123","1250","Ec_N",136,23,23,"Ec",5,0,0,1,0,0,0.232063491762724
"8124","1250","Ec_N",136,24,24,"Ec",5,0,0,1,0,0,0.232063491762724
"8125","1250","Ec_N",136,25,25,"Ec",5,0,0,1,0,0,0.232063491762724
"8126","1250","Ec_N",136,26,26,"Ec",5,0,0,1,0,0,0.232063491762724
"8127","1250","Ec_N",136,27,27,"Ec",5,0,0,1,0,0,0.232063491762724
"8128","1250","Ec_N",136,28,28,"Ec",5,0,0,1,0,0,0.232063491762724
"8129","1250","Ec_N",136,29,29,"Ec",5,0,0,1,0,0,0.232063491762724
"8130","1250","Ec_N",136,30,30,"Ec",5,0,0,1,0,0,0.232063491762724
"8131","1250","Ec_N",136,31,31,"Ec",5,0,0,1,0,0,0.232063491762724
"8132","1250","Ec_N",136,32,32,"Ec",5,0,0,1,0,0,0.232063491762724
"8133","1250","Ec_N",136,33,33,"Ec",5,0,0,1,0,0,0.232063491762724
"8134","1250","Ec_N",136,34,34,"Ec",5,0,0,1,0,0,0.232063491762724
"8135","1250","Ec_N",136,35,35,"Ec",5,0,0,1,0,0,0.232063491762724
"8136","1250","Ec_N",136,36,36,"Ec",21,0,0,1,0,1,0.428591116083543
"8137","1250","Ec_N",136,37,37,"Ec",21,0,0,1,0,1,0.428591116083543
"8138","1250","Ec_N",136,38,38,"Ec",22,1,0,1,0,1,0.649603770543311
"8139","1250","Ec_N",136,39,39,"Ec",22,1,0,1,0,1,0.649603770543311
"8140","1250","Ec_N",136,40,40,"Ec",22,1,0,1,0,1,0.649603770543311
"8141","1250","Ec_N",136,41,41,"Ec",22,1,0,1,0,1,0.649603770543311
"8142","1250","Ec_N",136,42,42,"Ec",22,1,0,1,0,1,0.649603770543311
"8143","1250","Ec_N",136,43,43,"Ec",22,1,0,1,0,1,0.649603770543311
"8144","1250","Ec_N",136,44,44,"Ec",22,1,0,1,0,1,0.649603770543311
"8145","1250","Ec_N",136,45,45,"Ec",22,1,0,1,0,1,0.649603770543311
"8146","1250","Ec_N",136,46,46,"Ec",22,1,0,1,0,1,0.649603770543311
"8147","1250","Ec_N",136,47,47,"Ec",22,1,0,1,0,1,0.649603770543311
"8148","1250","Ec_N",136,48,48,"Ec",22,1,0,1,0,1,0.649603770543311
"8149","1250","Ec_N",136,49,49,"Ec",22,1,0,1,0,1,0.649603770543311
"8150","1250","Ec_N",136,50,50,"Ec",22,1,0,1,0,1,0.649603770543311
"8151","1250","Ec_N",136,51,51,"Ec",22,1,0,1,0,1,0.649603770543311
"8152","1250","Ec_N",136,52,52,"Ec",24,1,1,1,0,1,0.732254349958425
"8153","1250","Ec_N",136,53,53,"Ec",24,1,1,1,0,1,0.732254349958425
"8154","1250","Ec_N",136,54,54,"Ec",24,1,1,1,0,1,0.732254349958425
"8155","1250","Ec_N",136,55,55,"Ec",24,1,1,1,0,1,0.732254349958425
"8156","1250","Ec_N",136,56,56,"Ec",24,1,1,1,0,1,0.732254349958425
"8157","1250","Ec_N",136,57,57,"Ec",24,1,1,1,0,1,0.732254349958425
"8158","1250","Ec_N",136,58,58,"Ec",24,1,1,1,0,1,0.732254349958425
"8159","1250","Ec_N",136,59,59,"Ec",24,1,1,1,0,1,0.732254349958425
"8160","1250","Ec_N",136,60,60,"Ec",24,1,1,1,0,1,0.732254349958425
"8161","1250","Ec_N",137,1,1,"Ec",1,0,0,0,0,0,0
"8162","1250","Ec_N",137,2,2,"Ec",1,0,0,0,0,0,0
"8163","1250","Ec_N",137,3,3,"Ec",1,0,0,0,0,0,0
"8164","1250","Ec_N",137,4,4,"Ec",1,0,0,0,0,0,0
"8165","1250","Ec_N",137,5,5,"Ec",1,0,0,0,0,0,0
"8166","1250","Ec_N",137,6,6,"Ec",1,0,0,0,0,0,0
"8167","1250","Ec_N",137,7,7,"Ec",1,0,0,0,0,0,0
"8168","1250","Ec_N",137,8,8,"Ec",2,1,0,0,0,0,0.221012654459768
"8169","1250","Ec_N",137,9,9,"Ec",2,1,0,0,0,0,0.221012654459768
"8170","1250","Ec_N",137,10,10,"Ec",2,1,0,0,0,0,0.221012654459768
"8171","1250","Ec_N",137,11,11,"Ec",6,1,0,1,0,0,0.453076146222492
"8172","1250","Ec_N",137,12,12,"Ec",6,1,0,1,0,0,0.453076146222492
"8173","1250","Ec_N",137,13,13,"Ec",6,1,0,1,0,0,0.453076146222492
"8174","1250","Ec_N",137,14,14,"Ec",6,1,0,1,0,0,0.453076146222492
"8175","1250","Ec_N",137,15,15,"Ec",6,1,0,1,0,0,0.453076146222492
"8176","1250","Ec_N",137,16,16,"Ec",14,1,0,1,1,0,0.720821796264067
"8177","1250","Ec_N",137,17,17,"Ec",14,1,0,1,1,0,0.720821796264067
"8178","1250","Ec_N",137,18,18,"Ec",16,1,1,1,1,0,0.879284144928883
"8179","1250","Ec_N",137,19,19,"Ec",16,1,1,1,1,0,0.879284144928883
"8180","1250","Ec_N",137,20,20,"Ec",16,1,1,1,1,0,0.879284144928883
"8181","1250","Ec_N",137,21,21,"Ec",16,1,1,1,1,0,0.879284144928883
"8182","1250","Ec_N",137,22,22,"Ec",16,1,1,1,1,0,0.879284144928883
"8183","1250","Ec_N",137,23,23,"Ec",16,1,1,1,1,0,0.879284144928883
"8184","1250","Ec_N",137,24,24,"Ec",16,1,1,1,1,0,0.879284144928883
"8185","1250","Ec_N",137,25,25,"Ec",16,1,1,1,1,0,0.879284144928883
"8186","1250","Ec_N",137,26,26,"Ec",16,1,1,1,1,0,0.879284144928883
"8187","1250","Ec_N",137,27,27,"Ec",16,1,1,1,1,0,0.879284144928883
"8188","1250","Ec_N",137,28,28,"Ec",16,1,1,1,1,0,0.879284144928883
"8189","1250","Ec_N",137,29,29,"Ec",16,1,1,1,1,0,0.879284144928883
"8190","1250","Ec_N",137,30,30,"Ec",16,1,1,1,1,0,0.879284144928883
"8191","1250","Ec_N",137,31,31,"Ec",16,1,1,1,1,0,0.879284144928883
"8192","1250","Ec_N",137,32,32,"Ec",16,1,1,1,1,0,0.879284144928883
"8193","1250","Ec_N",137,33,33,"Ec",16,1,1,1,1,0,0.879284144928883
"8194","1250","Ec_N",137,34,34,"Ec",16,1,1,1,1,0,0.879284144928883
"8195","1250","Ec_N",137,35,35,"Ec",16,1,1,1,1,0,0.879284144928883
"8196","1250","Ec_N",137,36,36,"Ec",16,1,1,1,1,0,0.879284144928883
"8197","1250","Ec_N",137,37,37,"Ec",16,1,1,1,1,0,0.879284144928883
"8198","1250","Ec_N",137,38,38,"Ec",16,1,1,1,1,0,0.879284144928883
"8199","1250","Ec_N",137,39,39,"Ec",16,1,1,1,1,0,0.879284144928883
"8200","1250","Ec_N",137,40,40,"Ec",16,1,1,1,1,0,0.879284144928883
"8201","1250","Ec_N",137,41,41,"Ec",16,1,1,1,1,0,0.879284144928883
"8202","1250","Ec_N",137,42,42,"Ec",16,1,1,1,1,0,0.879284144928883
"8203","1250","Ec_N",137,43,43,"Ec",16,1,1,1,1,0,0.879284144928883
"8204","1250","Ec_N",137,44,44,"Ec",16,1,1,1,1,0,0.879284144928883
"8205","1250","Ec_N",137,45,45,"Ec",16,1,1,1,1,0,0.879284144928883
"8206","1250","Ec_N",137,46,46,"Ec",16,1,1,1,1,0,0.879284144928883
"8207","1250","Ec_N",137,47,47,"Ec",16,1,1,1,1,0,0.879284144928883
"8208","1250","Ec_N",137,48,48,"Ec",16,1,1,1,1,0,0.879284144928883
"8209","1250","Ec_N",137,49,49,"Ec",16,1,1,1,1,0,0.879284144928883
"8210","1250","Ec_N",137,50,50,"Ec",16,1,1,1,1,0,0.879284144928883
"8211","1250","Ec_N",137,51,51,"Ec",16,1,1,1,1,0,0.879284144928883
"8212","1250","Ec_N",137,52,52,"Ec",16,1,1,1,1,0,0.879284144928883
"8213","1250","Ec_N",137,53,53,"Ec",16,1,1,1,1,0,0.879284144928883
"8214","1250","Ec_N",137,54,54,"Ec",16,1,1,1,1,0,0.879284144928883
"8215","1250","Ec_N",137,55,55,"Ec",16,1,1,1,1,0,0.879284144928883
"8216","1250","Ec_N",137,56,56,"Ec",16,1,1,1,1,0,0.879284144928883
"8217","1250","Ec_N",137,57,57,"Ec",16,1,1,1,1,0,0.879284144928883
"8218","1250","Ec_N",137,58,58,"Ec",16,1,1,1,1,0,0.879284144928883
"8219","1250","Ec_N",137,59,59,"Ec",16,1,1,1,1,0,0.879284144928883
"8220","1250","Ec_N",137,60,60,"Ec",16,1,1,1,1,0,0.879284144928883
"8221","1250","Ec_N",138,1,1,"Ec",1,0,0,0,0,0,0
"8222","1250","Ec_N",138,2,2,"Ec",1,0,0,0,0,0,0
"8223","1250","Ec_N",138,3,3,"Ec",1,0,0,0,0,0,0
"8224","1250","Ec_N",138,4,4,"Ec",1,0,0,0,0,0,0
"8225","1250","Ec_N",138,5,5,"Ec",9,0,0,0,1,0,0.267745650041575
"8226","1250","Ec_N",138,6,6,"Ec",9,0,0,0,1,0,0.267745650041575
"8227","1250","Ec_N",138,7,7,"Ec",9,0,0,0,1,0,0.267745650041575
"8228","1250","Ec_N",138,8,8,"Ec",9,0,0,0,1,0,0.267745650041575
"8229","1250","Ec_N",138,9,9,"Ec",9,0,0,0,1,0,0.267745650041575
"8230","1250","Ec_N",138,10,10,"Ec",9,0,0,0,1,0,0.267745650041575
"8231","1250","Ec_N",138,11,11,"Ec",9,0,0,0,1,0,0.267745650041575
"8232","1250","Ec_N",138,12,12,"Ec",9,0,0,0,1,0,0.267745650041575
"8233","1250","Ec_N",138,13,13,"Ec",9,0,0,0,1,0,0.267745650041575
"8234","1250","Ec_N",138,14,14,"Ec",9,0,0,0,1,0,0.267745650041575
"8235","1250","Ec_N",138,15,15,"Ec",9,0,0,0,1,0,0.267745650041575
"8236","1250","Ec_N",138,16,16,"Ec",9,0,0,0,1,0,0.267745650041575
"8237","1250","Ec_N",138,17,17,"Ec",13,0,0,1,1,0,0.499809141804299
"8238","1250","Ec_N",138,18,18,"Ec",13,0,0,1,1,0,0.499809141804299
"8239","1250","Ec_N",138,19,19,"Ec",15,0,1,1,1,0,0.582459721219413
"8240","1250","Ec_N",138,20,20,"Ec",15,0,1,1,1,0,0.582459721219413
"8241","1250","Ec_N",138,21,21,"Ec",15,0,1,1,1,0,0.582459721219413
"8242","1250","Ec_N",138,22,22,"Ec",15,0,1,1,1,0,0.582459721219413
"8243","1250","Ec_N",138,23,23,"Ec",15,0,1,1,1,0,0.582459721219413
"8244","1250","Ec_N",138,24,24,"Ec",15,0,1,1,1,0,0.582459721219413
"8245","1250","Ec_N",138,25,25,"Ec",15,0,1,1,1,0,0.582459721219413
"8246","1250","Ec_N",138,26,26,"Ec",15,0,1,1,1,0,0.582459721219413
"8247","1250","Ec_N",138,27,27,"Ec",15,0,1,1,1,0,0.582459721219413
"8248","1250","Ec_N",138,28,28,"Ec",15,0,1,1,1,0,0.582459721219413
"8249","1250","Ec_N",138,29,29,"Ec",15,0,1,1,1,0,0.582459721219413
"8250","1250","Ec_N",138,30,30,"Ec",15,0,1,1,1,0,0.582459721219413
"8251","1250","Ec_N",138,31,31,"Ec",15,0,1,1,1,0,0.582459721219413
"8252","1250","Ec_N",138,32,32,"Ec",15,0,1,1,1,0,0.582459721219413
"8253","1250","Ec_N",138,33,33,"Ec",15,0,1,1,1,0,0.582459721219413
"8254","1250","Ec_N",138,34,34,"Ec",15,0,1,1,1,0,0.582459721219413
"8255","1250","Ec_N",138,35,35,"Ec",15,0,1,1,1,0,0.582459721219413
"8256","1250","Ec_N",138,36,36,"Ec",15,0,1,1,1,0,0.582459721219413
"8257","1250","Ec_N",138,37,37,"Ec",15,0,1,1,1,0,0.582459721219413
"8258","1250","Ec_N",138,38,38,"Ec",31,0,1,1,1,1,0.778987345540232
"8259","1250","Ec_N",138,39,39,"Ec",31,0,1,1,1,1,0.778987345540232
"8260","1250","Ec_N",138,40,40,"Ec",31,0,1,1,1,1,0.778987345540232
"8261","1250","Ec_N",138,41,41,"Ec",31,0,1,1,1,1,0.778987345540232
"8262","1250","Ec_N",138,42,42,"Ec",31,0,1,1,1,1,0.778987345540232
"8263","1250","Ec_N",138,43,43,"Ec",31,0,1,1,1,1,0.778987345540232
"8264","1250","Ec_N",138,44,44,"Ec",31,0,1,1,1,1,0.778987345540232
"8265","1250","Ec_N",138,45,45,"Ec",31,0,1,1,1,1,0.778987345540232
"8266","1250","Ec_N",138,46,46,"Ec",31,0,1,1,1,1,0.778987345540232
"8267","1250","Ec_N",138,47,47,"Ec",31,0,1,1,1,1,0.778987345540232
"8268","1250","Ec_N",138,48,48,"Ec",31,0,1,1,1,1,0.778987345540232
"8269","1250","Ec_N",138,49,49,"Ec",31,0,1,1,1,1,0.778987345540232
"8270","1250","Ec_N",138,50,50,"Ec",31,0,1,1,1,1,0.778987345540232
"8271","1250","Ec_N",138,51,51,"Ec",31,0,1,1,1,1,0.778987345540232
"8272","1250","Ec_N",138,52,52,"Ec",31,0,1,1,1,1,0.778987345540232
"8273","1250","Ec_N",138,53,53,"Ec",31,0,1,1,1,1,0.778987345540232
"8274","1250","Ec_N",138,54,54,"Ec",31,0,1,1,1,1,0.778987345540232
"8275","1250","Ec_N",138,55,55,"Ec",31,0,1,1,1,1,0.778987345540232
"8276","1250","Ec_N",138,56,56,"Ec",31,0,1,1,1,1,0.778987345540232
"8277","1250","Ec_N",138,57,57,"Ec",31,0,1,1,1,1,0.778987345540232
"8278","1250","Ec_N",138,58,58,"Ec",31,0,1,1,1,1,0.778987345540232
"8279","1250","Ec_N",138,59,59,"Ec",31,0,1,1,1,1,0.778987345540232
"8280","1250","Ec_N",138,60,60,"Ec",31,0,1,1,1,1,0.778987345540232
"8281","1250","Ec_N",139,1,1,"Ec",1,0,0,0,0,0,0
"8282","1250","Ec_N",139,2,2,"Ec",1,0,0,0,0,0,0
"8283","1250","Ec_N",139,3,3,"Ec",1,0,0,0,0,0,0
"8284","1250","Ec_N",139,4,4,"Ec",1,0,0,0,0,0,0
"8285","1250","Ec_N",139,5,5,"Ec",17,0,0,0,0,1,0.14692246949649
"8286","1250","Ec_N",139,6,6,"Ec",17,0,0,0,0,1,0.14692246949649
"8287","1250","Ec_N",139,7,7,"Ec",17,0,0,0,0,1,0.14692246949649
"8288","1250","Ec_N",139,8,8,"Ec",17,0,0,0,0,1,0.14692246949649
"8289","1250","Ec_N",139,9,9,"Ec",17,0,0,0,0,1,0.14692246949649
"8290","1250","Ec_N",139,10,10,"Ec",17,0,0,0,0,1,0.14692246949649
"8291","1250","Ec_N",139,11,11,"Ec",18,1,0,0,0,1,0.417540278780587
"8292","1250","Ec_N",139,12,12,"Ec",18,1,0,0,0,1,0.417540278780587
"8293","1250","Ec_N",139,13,13,"Ec",18,1,0,0,0,1,0.417540278780587
"8294","1250","Ec_N",139,14,14,"Ec",18,1,0,0,0,1,0.417540278780587
"8295","1250","Ec_N",139,15,15,"Ec",18,1,0,0,0,1,0.417540278780587
"8296","1250","Ec_N",139,16,16,"Ec",18,1,0,0,0,1,0.417540278780587
"8297","1250","Ec_N",139,17,17,"Ec",18,1,0,0,0,1,0.417540278780587
"8298","1250","Ec_N",139,18,18,"Ec",18,1,0,0,0,1,0.417540278780587
"8299","1250","Ec_N",139,19,19,"Ec",18,1,0,0,0,1,0.417540278780587
"8300","1250","Ec_N",139,20,20,"Ec",18,1,0,0,0,1,0.417540278780587
"8301","1250","Ec_N",139,21,21,"Ec",18,1,0,0,0,1,0.417540278780587
"8302","1250","Ec_N",139,22,22,"Ec",18,1,0,0,0,1,0.417540278780587
"8303","1250","Ec_N",139,23,23,"Ec",18,1,0,0,0,1,0.417540278780587
"8304","1250","Ec_N",139,24,24,"Ec",18,1,0,0,0,1,0.417540278780587
"8305","1250","Ec_N",139,25,25,"Ec",18,1,0,0,0,1,0.417540278780587
"8306","1250","Ec_N",139,26,26,"Ec",18,1,0,0,0,1,0.417540278780587
"8307","1250","Ec_N",139,27,27,"Ec",26,1,0,0,1,1,0.685285928822162
"8308","1250","Ec_N",139,28,28,"Ec",26,1,0,0,1,1,0.685285928822162
"8309","1250","Ec_N",139,29,29,"Ec",26,1,0,0,1,1,0.685285928822162
"8310","1250","Ec_N",139,30,30,"Ec",26,1,0,0,1,1,0.685285928822162
"8311","1250","Ec_N",139,31,31,"Ec",26,1,0,0,1,1,0.685285928822162
"8312","1250","Ec_N",139,32,32,"Ec",26,1,0,0,1,1,0.685285928822162
"8313","1250","Ec_N",139,33,33,"Ec",26,1,0,0,1,1,0.685285928822162
"8314","1250","Ec_N",139,34,34,"Ec",26,1,0,0,1,1,0.685285928822162
"8315","1250","Ec_N",139,35,35,"Ec",26,1,0,0,1,1,0.685285928822162
"8316","1250","Ec_N",139,36,36,"Ec",26,1,0,0,1,1,0.685285928822162
"8317","1250","Ec_N",139,37,37,"Ec",26,1,0,0,1,1,0.685285928822162
"8318","1250","Ec_N",139,38,38,"Ec",26,1,0,0,1,1,0.685285928822162
"8319","1250","Ec_N",139,39,39,"Ec",26,1,0,0,1,1,0.685285928822162
"8320","1250","Ec_N",139,40,40,"Ec",26,1,0,0,1,1,0.685285928822162
"8321","1250","Ec_N",139,41,41,"Ec",26,1,0,0,1,1,0.685285928822162
"8322","1250","Ec_N",139,42,42,"Ec",26,1,0,0,1,1,0.685285928822162
"8323","1250","Ec_N",139,43,43,"Ec",26,1,0,0,1,1,0.685285928822162
"8324","1250","Ec_N",139,44,44,"Ec",26,1,0,0,1,1,0.685285928822162
"8325","1250","Ec_N",139,45,45,"Ec",26,1,0,0,1,1,0.685285928822162
"8326","1250","Ec_N",139,46,46,"Ec",26,1,0,0,1,1,0.685285928822162
"8327","1250","Ec_N",139,47,47,"Ec",26,1,0,0,1,1,0.685285928822162
"8328","1250","Ec_N",139,48,48,"Ec",26,1,0,0,1,1,0.685285928822162
"8329","1250","Ec_N",139,49,49,"Ec",26,1,0,0,1,1,0.685285928822162
"8330","1250","Ec_N",139,50,50,"Ec",28,1,1,0,1,1,0.770762719311211
"8331","1250","Ec_N",139,51,51,"Ec",28,1,1,0,1,1,0.770762719311211
"8332","1250","Ec_N",139,52,52,"Ec",28,1,1,0,1,1,0.770762719311211
"8333","1250","Ec_N",139,53,53,"Ec",28,1,1,0,1,1,0.770762719311211
"8334","1250","Ec_N",139,54,54,"Ec",28,1,1,0,1,1,0.770762719311211
"8335","1250","Ec_N",139,55,55,"Ec",28,1,1,0,1,1,0.770762719311211
"8336","1250","Ec_N",139,56,56,"Ec",28,1,1,0,1,1,0.770762719311211
"8337","1250","Ec_N",139,57,57,"Ec",28,1,1,0,1,1,0.770762719311211
"8338","1250","Ec_N",139,58,58,"Ec",28,1,1,0,1,1,0.770762719311211
"8339","1250","Ec_N",139,59,59,"Ec",28,1,1,0,1,1,0.770762719311211
"8340","1250","Ec_N",139,60,60,"Ec",28,1,1,0,1,1,0.770762719311211
"8341","1250","Ec_N",140,1,1,"Ec",1,0,0,0,0,0,0
"8342","1250","Ec_N",140,2,2,"Ec",2,1,0,0,0,0,0.221012654459768
"8343","1250","Ec_N",140,3,3,"Ec",2,1,0,0,0,0,0.221012654459768
"8344","1250","Ec_N",140,4,4,"Ec",2,1,0,0,0,0,0.221012654459768
"8345","1250","Ec_N",140,5,5,"Ec",2,1,0,0,0,0,0.221012654459768
"8346","1250","Ec_N",140,6,6,"Ec",2,1,0,0,0,0,0.221012654459768
"8347","1250","Ec_N",140,7,7,"Ec",2,1,0,0,0,0,0.221012654459768
"8348","1250","Ec_N",140,8,8,"Ec",4,1,1,0,0,0,0.303663233874882
"8349","1250","Ec_N",140,9,9,"Ec",12,1,1,0,1,0,0.552627762799163
"8350","1250","Ec_N",140,10,10,"Ec",12,1,1,0,1,0,0.552627762799163
"8351","1250","Ec_N",140,11,11,"Ec",12,1,1,0,1,0,0.552627762799163
"8352","1250","Ec_N",140,12,12,"Ec",12,1,1,0,1,0,0.552627762799163
"8353","1250","Ec_N",140,13,13,"Ec",12,1,1,0,1,0,0.552627762799163
"8354","1250","Ec_N",140,14,14,"Ec",12,1,1,0,1,0,0.552627762799163
"8355","1250","Ec_N",140,15,15,"Ec",12,1,1,0,1,0,0.552627762799163
"8356","1250","Ec_N",140,16,16,"Ec",12,1,1,0,1,0,0.552627762799163
"8357","1250","Ec_N",140,17,17,"Ec",12,1,1,0,1,0,0.552627762799163
"8358","1250","Ec_N",140,18,18,"Ec",12,1,1,0,1,0,0.552627762799163
"8359","1250","Ec_N",140,19,19,"Ec",16,1,1,1,1,0,0.879284144928883
"8360","1250","Ec_N",140,20,20,"Ec",16,1,1,1,1,0,0.879284144928883
"8361","1250","Ec_N",140,21,21,"Ec",16,1,1,1,1,0,0.879284144928883
"8362","1250","Ec_N",140,22,22,"Ec",16,1,1,1,1,0,0.879284144928883
"8363","1250","Ec_N",140,23,23,"Ec",16,1,1,1,1,0,0.879284144928883
"8364","1250","Ec_N",140,24,24,"Ec",16,1,1,1,1,0,0.879284144928883
"8365","1250","Ec_N",140,25,25,"Ec",16,1,1,1,1,0,0.879284144928883
"8366","1250","Ec_N",140,26,26,"Ec",16,1,1,1,1,0,0.879284144928883
"8367","1250","Ec_N",140,27,27,"Ec",16,1,1,1,1,0,0.879284144928883
"8368","1250","Ec_N",140,28,28,"Ec",16,1,1,1,1,0,0.879284144928883
"8369","1250","Ec_N",140,29,29,"Ec",16,1,1,1,1,0,0.879284144928883
"8370","1250","Ec_N",140,30,30,"Ec",16,1,1,1,1,0,0.879284144928883
"8371","1250","Ec_N",140,31,31,"Ec",16,1,1,1,1,0,0.879284144928883
"8372","1250","Ec_N",140,32,32,"Ec",16,1,1,1,1,0,0.879284144928883
"8373","1250","Ec_N",140,33,33,"Ec",16,1,1,1,1,0,0.879284144928883
"8374","1250","Ec_N",140,34,34,"Ec",16,1,1,1,1,0,0.879284144928883
"8375","1250","Ec_N",140,35,35,"Ec",16,1,1,1,1,0,0.879284144928883
"8376","1250","Ec_N",140,36,36,"Ec",16,1,1,1,1,0,0.879284144928883
"8377","1250","Ec_N",140,37,37,"Ec",16,1,1,1,1,0,0.879284144928883
"8378","1250","Ec_N",140,38,38,"Ec",16,1,1,1,1,0,0.879284144928883
"8379","1250","Ec_N",140,39,39,"Ec",16,1,1,1,1,0,0.879284144928883
"8380","1250","Ec_N",140,40,40,"Ec",16,1,1,1,1,0,0.879284144928883
"8381","1250","Ec_N",140,41,41,"Ec",16,1,1,1,1,0,0.879284144928883
"8382","1250","Ec_N",140,42,42,"Ec",16,1,1,1,1,0,0.879284144928883
"8383","1250","Ec_N",140,43,43,"Ec",16,1,1,1,1,0,0.879284144928883
"8384","1250","Ec_N",140,44,44,"Ec",16,1,1,1,1,0,0.879284144928883
"8385","1250","Ec_N",140,45,45,"Ec",16,1,1,1,1,0,0.879284144928883
"8386","1250","Ec_N",140,46,46,"Ec",16,1,1,1,1,0,0.879284144928883
"8387","1250","Ec_N",140,47,47,"Ec",16,1,1,1,1,0,0.879284144928883
"8388","1250","Ec_N",140,48,48,"Ec",16,1,1,1,1,0,0.879284144928883
"8389","1250","Ec_N",140,49,49,"Ec",32,1,1,1,1,1,1
"8390","1250","Ec_N",140,50,50,"Ec",32,1,1,1,1,1,1
"8391","1250","Ec_N",140,51,51,"Ec",32,1,1,1,1,1,1
"8392","1250","Ec_N",140,52,52,"Ec",32,1,1,1,1,1,1
"8393","1250","Ec_N",140,53,53,"Ec",32,1,1,1,1,1,1
"8394","1250","Ec_N",140,54,54,"Ec",32,1,1,1,1,1,1
"8395","1250","Ec_N",140,55,55,"Ec",32,1,1,1,1,1,1
"8396","1250","Ec_N",140,56,56,"Ec",32,1,1,1,1,1,1
"8397","1250","Ec_N",140,57,57,"Ec",32,1,1,1,1,1,1
"8398","1250","Ec_N",140,58,58,"Ec",32,1,1,1,1,1,1
"8399","1250","Ec_N",140,59,59,"Ec",32,1,1,1,1,1,1
"8400","1250","Ec_N",140,60,60,"Ec",32,1,1,1,1,1,1
"8401","1250","Ec_N",141,1,1,"Ec",1,0,0,0,0,0,0
"8402","1250","Ec_N",141,2,2,"Ec",1,0,0,0,0,0,0
"8403","1250","Ec_N",141,3,3,"Ec",1,0,0,0,0,0,0
"8404","1250","Ec_N",141,4,4,"Ec",2,1,0,0,0,0,0.221012654459768
"8405","1250","Ec_N",141,5,5,"Ec",2,1,0,0,0,0,0.221012654459768
"8406","1250","Ec_N",141,6,6,"Ec",4,1,1,0,0,0,0.303663233874882
"8407","1250","Ec_N",141,7,7,"Ec",4,1,1,0,0,0,0.303663233874882
"8408","1250","Ec_N",141,8,8,"Ec",4,1,1,0,0,0,0.303663233874882
"8409","1250","Ec_N",141,9,9,"Ec",4,1,1,0,0,0,0.303663233874882
"8410","1250","Ec_N",141,10,10,"Ec",4,1,1,0,0,0,0.303663233874882
"8411","1250","Ec_N",141,11,11,"Ec",4,1,1,0,0,0,0.303663233874882
"8412","1250","Ec_N",141,12,12,"Ec",12,1,1,0,1,0,0.552627762799163
"8413","1250","Ec_N",141,13,13,"Ec",12,1,1,0,1,0,0.552627762799163
"8414","1250","Ec_N",141,14,14,"Ec",12,1,1,0,1,0,0.552627762799163
"8415","1250","Ec_N",141,15,15,"Ec",12,1,1,0,1,0,0.552627762799163
"8416","1250","Ec_N",141,16,16,"Ec",12,1,1,0,1,0,0.552627762799163
"8417","1250","Ec_N",141,17,17,"Ec",12,1,1,0,1,0,0.552627762799163
"8418","1250","Ec_N",141,18,18,"Ec",12,1,1,0,1,0,0.552627762799163
"8419","1250","Ec_N",141,19,19,"Ec",12,1,1,0,1,0,0.552627762799163
"8420","1250","Ec_N",141,20,20,"Ec",12,1,1,0,1,0,0.552627762799163
"8421","1250","Ec_N",141,21,21,"Ec",12,1,1,0,1,0,0.552627762799163
"8422","1250","Ec_N",141,22,22,"Ec",12,1,1,0,1,0,0.552627762799163
"8423","1250","Ec_N",141,23,23,"Ec",12,1,1,0,1,0,0.552627762799163
"8424","1250","Ec_N",141,24,24,"Ec",12,1,1,0,1,0,0.552627762799163
"8425","1250","Ec_N",141,25,25,"Ec",12,1,1,0,1,0,0.552627762799163
"8426","1250","Ec_N",141,26,26,"Ec",12,1,1,0,1,0,0.552627762799163
"8427","1250","Ec_N",141,27,27,"Ec",12,1,1,0,1,0,0.552627762799163
"8428","1250","Ec_N",141,28,28,"Ec",12,1,1,0,1,0,0.552627762799163
"8429","1250","Ec_N",141,29,29,"Ec",12,1,1,0,1,0,0.552627762799163
"8430","1250","Ec_N",141,30,30,"Ec",28,1,1,0,1,1,0.770762719311211
"8431","1250","Ec_N",141,31,31,"Ec",28,1,1,0,1,1,0.770762719311211
"8432","1250","Ec_N",141,32,32,"Ec",28,1,1,0,1,1,0.770762719311211
"8433","1250","Ec_N",141,33,33,"Ec",28,1,1,0,1,1,0.770762719311211
"8434","1250","Ec_N",141,34,34,"Ec",28,1,1,0,1,1,0.770762719311211
"8435","1250","Ec_N",141,35,35,"Ec",28,1,1,0,1,1,0.770762719311211
"8436","1250","Ec_N",141,36,36,"Ec",32,1,1,1,1,1,1
"8437","1250","Ec_N",141,37,37,"Ec",32,1,1,1,1,1,1
"8438","1250","Ec_N",141,38,38,"Ec",32,1,1,1,1,1,1
"8439","1250","Ec_N",141,39,39,"Ec",32,1,1,1,1,1,1
"8440","1250","Ec_N",141,40,40,"Ec",32,1,1,1,1,1,1
"8441","1250","Ec_N",141,41,41,"Ec",32,1,1,1,1,1,1
"8442","1250","Ec_N",141,42,42,"Ec",32,1,1,1,1,1,1
"8443","1250","Ec_N",141,43,43,"Ec",32,1,1,1,1,1,1
"8444","1250","Ec_N",141,44,44,"Ec",32,1,1,1,1,1,1
"8445","1250","Ec_N",141,45,45,"Ec",32,1,1,1,1,1,1
"8446","1250","Ec_N",141,46,46,"Ec",32,1,1,1,1,1,1
"8447","1250","Ec_N",141,47,47,"Ec",32,1,1,1,1,1,1
"8448","1250","Ec_N",141,48,48,"Ec",32,1,1,1,1,1,1
"8449","1250","Ec_N",141,49,49,"Ec",32,1,1,1,1,1,1
"8450","1250","Ec_N",141,50,50,"Ec",32,1,1,1,1,1,1
"8451","1250","Ec_N",141,51,51,"Ec",32,1,1,1,1,1,1
"8452","1250","Ec_N",141,52,52,"Ec",32,1,1,1,1,1,1
"8453","1250","Ec_N",141,53,53,"Ec",32,1,1,1,1,1,1
"8454","1250","Ec_N",141,54,54,"Ec",32,1,1,1,1,1,1
"8455","1250","Ec_N",141,55,55,"Ec",32,1,1,1,1,1,1
"8456","1250","Ec_N",141,56,56,"Ec",32,1,1,1,1,1,1
"8457","1250","Ec_N",141,57,57,"Ec",32,1,1,1,1,1,1
"8458","1250","Ec_N",141,58,58,"Ec",32,1,1,1,1,1,1
"8459","1250","Ec_N",141,59,59,"Ec",32,1,1,1,1,1,1
"8460","1250","Ec_N",141,60,60,"Ec",32,1,1,1,1,1,1
"8461","1250","Ec_N",142,1,1,"Ec",1,0,0,0,0,0,0
"8462","1250","Ec_N",142,2,2,"Ec",1,0,0,0,0,0,0
"8463","1250","Ec_N",142,3,3,"Ec",9,0,0,0,1,0,0.267745650041575
"8464","1250","Ec_N",142,4,4,"Ec",9,0,0,0,1,0,0.267745650041575
"8465","1250","Ec_N",142,5,5,"Ec",9,0,0,0,1,0,0.267745650041575
"8466","1250","Ec_N",142,6,6,"Ec",9,0,0,0,1,0,0.267745650041575
"8467","1250","Ec_N",142,7,7,"Ec",9,0,0,0,1,0,0.267745650041575
"8468","1250","Ec_N",142,8,8,"Ec",9,0,0,0,1,0,0.267745650041575
"8469","1250","Ec_N",142,9,9,"Ec",9,0,0,0,1,0,0.267745650041575
"8470","1250","Ec_N",142,10,10,"Ec",9,0,0,0,1,0,0.267745650041575
"8471","1250","Ec_N",142,11,11,"Ec",9,0,0,0,1,0,0.267745650041575
"8472","1250","Ec_N",142,12,12,"Ec",9,0,0,0,1,0,0.267745650041575
"8473","1250","Ec_N",142,13,13,"Ec",9,0,0,0,1,0,0.267745650041575
"8474","1250","Ec_N",142,14,14,"Ec",10,1,0,0,1,0,0.488758304501343
"8475","1250","Ec_N",142,15,15,"Ec",10,1,0,0,1,0,0.488758304501343
"8476","1250","Ec_N",142,16,16,"Ec",14,1,0,1,1,0,0.720821796264067
"8477","1250","Ec_N",142,17,17,"Ec",14,1,0,1,1,0,0.720821796264067
"8478","1250","Ec_N",142,18,18,"Ec",14,1,0,1,1,0,0.720821796264067
"8479","1250","Ec_N",142,19,19,"Ec",14,1,0,1,1,0,0.720821796264067
"8480","1250","Ec_N",142,20,20,"Ec",14,1,0,1,1,0,0.720821796264067
"8481","1250","Ec_N",142,21,21,"Ec",14,1,0,1,1,0,0.720821796264067
"8482","1250","Ec_N",142,22,22,"Ec",14,1,0,1,1,0,0.720821796264067
"8483","1250","Ec_N",142,23,23,"Ec",14,1,0,1,1,0,0.720821796264067
"8484","1250","Ec_N",142,24,24,"Ec",14,1,0,1,1,0,0.720821796264067
"8485","1250","Ec_N",142,25,25,"Ec",14,1,0,1,1,0,0.720821796264067
"8486","1250","Ec_N",142,26,26,"Ec",14,1,0,1,1,0,0.720821796264067
"8487","1250","Ec_N",142,27,27,"Ec",14,1,0,1,1,0,0.720821796264067
"8488","1250","Ec_N",142,28,28,"Ec",14,1,0,1,1,0,0.720821796264067
"8489","1250","Ec_N",142,29,29,"Ec",14,1,0,1,1,0,0.720821796264067
"8490","1250","Ec_N",142,30,30,"Ec",14,1,0,1,1,0,0.720821796264067
"8491","1250","Ec_N",142,31,31,"Ec",14,1,0,1,1,0,0.720821796264067
"8492","1250","Ec_N",142,32,32,"Ec",16,1,1,1,1,0,0.879284144928883
"8493","1250","Ec_N",142,33,33,"Ec",16,1,1,1,1,0,0.879284144928883
"8494","1250","Ec_N",142,34,34,"Ec",16,1,1,1,1,0,0.879284144928883
"8495","1250","Ec_N",142,35,35,"Ec",16,1,1,1,1,0,0.879284144928883
"8496","1250","Ec_N",142,36,36,"Ec",16,1,1,1,1,0,0.879284144928883
"8497","1250","Ec_N",142,37,37,"Ec",16,1,1,1,1,0,0.879284144928883
"8498","1250","Ec_N",142,38,38,"Ec",16,1,1,1,1,0,0.879284144928883
"8499","1250","Ec_N",142,39,39,"Ec",16,1,1,1,1,0,0.879284144928883
"8500","1250","Ec_N",142,40,40,"Ec",16,1,1,1,1,0,0.879284144928883
"8501","1250","Ec_N",142,41,41,"Ec",16,1,1,1,1,0,0.879284144928883
"8502","1250","Ec_N",142,42,42,"Ec",16,1,1,1,1,0,0.879284144928883
"8503","1250","Ec_N",142,43,43,"Ec",16,1,1,1,1,0,0.879284144928883
"8504","1250","Ec_N",142,44,44,"Ec",16,1,1,1,1,0,0.879284144928883
"8505","1250","Ec_N",142,45,45,"Ec",16,1,1,1,1,0,0.879284144928883
"8506","1250","Ec_N",142,46,46,"Ec",16,1,1,1,1,0,0.879284144928883
"8507","1250","Ec_N",142,47,47,"Ec",16,1,1,1,1,0,0.879284144928883
"8508","1250","Ec_N",142,48,48,"Ec",32,1,1,1,1,1,1
"8509","1250","Ec_N",142,49,49,"Ec",32,1,1,1,1,1,1
"8510","1250","Ec_N",142,50,50,"Ec",32,1,1,1,1,1,1
"8511","1250","Ec_N",142,51,51,"Ec",32,1,1,1,1,1,1
"8512","1250","Ec_N",142,52,52,"Ec",32,1,1,1,1,1,1
"8513","1250","Ec_N",142,53,53,"Ec",32,1,1,1,1,1,1
"8514","1250","Ec_N",142,54,54,"Ec",32,1,1,1,1,1,1
"8515","1250","Ec_N",142,55,55,"Ec",32,1,1,1,1,1,1
"8516","1250","Ec_N",142,56,56,"Ec",32,1,1,1,1,1,1
"8517","1250","Ec_N",142,57,57,"Ec",32,1,1,1,1,1,1
"8518","1250","Ec_N",142,58,58,"Ec",32,1,1,1,1,1,1
"8519","1250","Ec_N",142,59,59,"Ec",32,1,1,1,1,1,1
"8520","1250","Ec_N",142,60,60,"Ec",32,1,1,1,1,1,1
"8521","1250","Ec_N",143,1,1,"Ec",1,0,0,0,0,0,0
"8522","1250","Ec_N",143,2,2,"Ec",2,1,0,0,0,0,0.221012654459768
"8523","1250","Ec_N",143,3,3,"Ec",18,1,0,0,0,1,0.417540278780587
"8524","1250","Ec_N",143,4,4,"Ec",18,1,0,0,0,1,0.417540278780587
"8525","1250","Ec_N",143,5,5,"Ec",18,1,0,0,0,1,0.417540278780587
"8526","1250","Ec_N",143,6,6,"Ec",18,1,0,0,0,1,0.417540278780587
"8527","1250","Ec_N",143,7,7,"Ec",26,1,0,0,1,1,0.685285928822162
"8528","1250","Ec_N",143,8,8,"Ec",26,1,0,0,1,1,0.685285928822162
"8529","1250","Ec_N",143,9,9,"Ec",26,1,0,0,1,1,0.685285928822162
"8530","1250","Ec_N",143,10,10,"Ec",26,1,0,0,1,1,0.685285928822162
"8531","1250","Ec_N",143,11,11,"Ec",26,1,0,0,1,1,0.685285928822162
"8532","1250","Ec_N",143,12,12,"Ec",26,1,0,0,1,1,0.685285928822162
"8533","1250","Ec_N",143,13,13,"Ec",26,1,0,0,1,1,0.685285928822162
"8534","1250","Ec_N",143,14,14,"Ec",28,1,1,0,1,1,0.770762719311211
"8535","1250","Ec_N",143,15,15,"Ec",28,1,1,0,1,1,0.770762719311211
"8536","1250","Ec_N",143,16,16,"Ec",28,1,1,0,1,1,0.770762719311211
"8537","1250","Ec_N",143,17,17,"Ec",28,1,1,0,1,1,0.770762719311211
"8538","1250","Ec_N",143,18,18,"Ec",28,1,1,0,1,1,0.770762719311211
"8539","1250","Ec_N",143,19,19,"Ec",28,1,1,0,1,1,0.770762719311211
"8540","1250","Ec_N",143,20,20,"Ec",28,1,1,0,1,1,0.770762719311211
"8541","1250","Ec_N",143,21,21,"Ec",28,1,1,0,1,1,0.770762719311211
"8542","1250","Ec_N",143,22,22,"Ec",28,1,1,0,1,1,0.770762719311211
"8543","1250","Ec_N",143,23,23,"Ec",28,1,1,0,1,1,0.770762719311211
"8544","1250","Ec_N",143,24,24,"Ec",28,1,1,0,1,1,0.770762719311211
"8545","1250","Ec_N",143,25,25,"Ec",28,1,1,0,1,1,0.770762719311211
"8546","1250","Ec_N",143,26,26,"Ec",28,1,1,0,1,1,0.770762719311211
"8547","1250","Ec_N",143,27,27,"Ec",28,1,1,0,1,1,0.770762719311211
"8548","1250","Ec_N",143,28,28,"Ec",28,1,1,0,1,1,0.770762719311211
"8549","1250","Ec_N",143,29,29,"Ec",28,1,1,0,1,1,0.770762719311211
"8550","1250","Ec_N",143,30,30,"Ec",28,1,1,0,1,1,0.770762719311211
"8551","1250","Ec_N",143,31,31,"Ec",28,1,1,0,1,1,0.770762719311211
"8552","1250","Ec_N",143,32,32,"Ec",28,1,1,0,1,1,0.770762719311211
"8553","1250","Ec_N",143,33,33,"Ec",28,1,1,0,1,1,0.770762719311211
"8554","1250","Ec_N",143,34,34,"Ec",28,1,1,0,1,1,0.770762719311211
"8555","1250","Ec_N",143,35,35,"Ec",28,1,1,0,1,1,0.770762719311211
"8556","1250","Ec_N",143,36,36,"Ec",28,1,1,0,1,1,0.770762719311211
"8557","1250","Ec_N",143,37,37,"Ec",28,1,1,0,1,1,0.770762719311211
"8558","1250","Ec_N",143,38,38,"Ec",28,1,1,0,1,1,0.770762719311211
"8559","1250","Ec_N",143,39,39,"Ec",28,1,1,0,1,1,0.770762719311211
"8560","1250","Ec_N",143,40,40,"Ec",28,1,1,0,1,1,0.770762719311211
"8561","1250","Ec_N",143,41,41,"Ec",28,1,1,0,1,1,0.770762719311211
"8562","1250","Ec_N",143,42,42,"Ec",28,1,1,0,1,1,0.770762719311211
"8563","1250","Ec_N",143,43,43,"Ec",32,1,1,1,1,1,1
"8564","1250","Ec_N",143,44,44,"Ec",32,1,1,1,1,1,1
"8565","1250","Ec_N",143,45,45,"Ec",32,1,1,1,1,1,1
"8566","1250","Ec_N",143,46,46,"Ec",32,1,1,1,1,1,1
"8567","1250","Ec_N",143,47,47,"Ec",32,1,1,1,1,1,1
"8568","1250","Ec_N",143,48,48,"Ec",32,1,1,1,1,1,1
"8569","1250","Ec_N",143,49,49,"Ec",32,1,1,1,1,1,1
"8570","1250","Ec_N",143,50,50,"Ec",32,1,1,1,1,1,1
"8571","1250","Ec_N",143,51,51,"Ec",32,1,1,1,1,1,1
"8572","1250","Ec_N",143,52,52,"Ec",32,1,1,1,1,1,1
"8573","1250","Ec_N",143,53,53,"Ec",32,1,1,1,1,1,1
"8574","1250","Ec_N",143,54,54,"Ec",32,1,1,1,1,1,1
"8575","1250","Ec_N",143,55,55,"Ec",32,1,1,1,1,1,1
"8576","1250","Ec_N",143,56,56,"Ec",32,1,1,1,1,1,1
"8577","1250","Ec_N",143,57,57,"Ec",32,1,1,1,1,1,1
"8578","1250","Ec_N",143,58,58,"Ec",32,1,1,1,1,1,1
"8579","1250","Ec_N",143,59,59,"Ec",32,1,1,1,1,1,1
"8580","1250","Ec_N",143,60,60,"Ec",32,1,1,1,1,1,1
"8581","1250","Ec_N",144,1,1,"Ec",1,0,0,0,0,0,0
"8582","1250","Ec_N",144,2,2,"Ec",1,0,0,0,0,0,0
"8583","1250","Ec_N",144,3,3,"Ec",1,0,0,0,0,0,0
"8584","1250","Ec_N",144,4,4,"Ec",9,0,0,0,1,0,0.267745650041575
"8585","1250","Ec_N",144,5,5,"Ec",9,0,0,0,1,0,0.267745650041575
"8586","1250","Ec_N",144,6,6,"Ec",9,0,0,0,1,0,0.267745650041575
"8587","1250","Ec_N",144,7,7,"Ec",9,0,0,0,1,0,0.267745650041575
"8588","1250","Ec_N",144,8,8,"Ec",9,0,0,0,1,0,0.267745650041575
"8589","1250","Ec_N",144,9,9,"Ec",25,0,0,0,1,1,0.464273274362394
"8590","1250","Ec_N",144,10,10,"Ec",26,1,0,0,1,1,0.685285928822162
"8591","1250","Ec_N",144,11,11,"Ec",26,1,0,0,1,1,0.685285928822162
"8592","1250","Ec_N",144,12,12,"Ec",26,1,0,0,1,1,0.685285928822162
"8593","1250","Ec_N",144,13,13,"Ec",26,1,0,0,1,1,0.685285928822162
"8594","1250","Ec_N",144,14,14,"Ec",28,1,1,0,1,1,0.770762719311211
"8595","1250","Ec_N",144,15,15,"Ec",28,1,1,0,1,1,0.770762719311211
"8596","1250","Ec_N",144,16,16,"Ec",28,1,1,0,1,1,0.770762719311211
"8597","1250","Ec_N",144,17,17,"Ec",28,1,1,0,1,1,0.770762719311211
"8598","1250","Ec_N",144,18,18,"Ec",28,1,1,0,1,1,0.770762719311211
"8599","1250","Ec_N",144,19,19,"Ec",28,1,1,0,1,1,0.770762719311211
"8600","1250","Ec_N",144,20,20,"Ec",28,1,1,0,1,1,0.770762719311211
"8601","1250","Ec_N",144,21,21,"Ec",28,1,1,0,1,1,0.770762719311211
"8602","1250","Ec_N",144,22,22,"Ec",28,1,1,0,1,1,0.770762719311211
"8603","1250","Ec_N",144,23,23,"Ec",28,1,1,0,1,1,0.770762719311211
"8604","1250","Ec_N",144,24,24,"Ec",28,1,1,0,1,1,0.770762719311211
"8605","1250","Ec_N",144,25,25,"Ec",28,1,1,0,1,1,0.770762719311211
"8606","1250","Ec_N",144,26,26,"Ec",28,1,1,0,1,1,0.770762719311211
"8607","1250","Ec_N",144,27,27,"Ec",28,1,1,0,1,1,0.770762719311211
"8608","1250","Ec_N",144,28,28,"Ec",28,1,1,0,1,1,0.770762719311211
"8609","1250","Ec_N",144,29,29,"Ec",28,1,1,0,1,1,0.770762719311211
"8610","1250","Ec_N",144,30,30,"Ec",28,1,1,0,1,1,0.770762719311211
"8611","1250","Ec_N",144,31,31,"Ec",28,1,1,0,1,1,0.770762719311211
"8612","1250","Ec_N",144,32,32,"Ec",28,1,1,0,1,1,0.770762719311211
"8613","1250","Ec_N",144,33,33,"Ec",28,1,1,0,1,1,0.770762719311211
"8614","1250","Ec_N",144,34,34,"Ec",28,1,1,0,1,1,0.770762719311211
"8615","1250","Ec_N",144,35,35,"Ec",28,1,1,0,1,1,0.770762719311211
"8616","1250","Ec_N",144,36,36,"Ec",28,1,1,0,1,1,0.770762719311211
"8617","1250","Ec_N",144,37,37,"Ec",28,1,1,0,1,1,0.770762719311211
"8618","1250","Ec_N",144,38,38,"Ec",28,1,1,0,1,1,0.770762719311211
"8619","1250","Ec_N",144,39,39,"Ec",28,1,1,0,1,1,0.770762719311211
"8620","1250","Ec_N",144,40,40,"Ec",28,1,1,0,1,1,0.770762719311211
"8621","1250","Ec_N",144,41,41,"Ec",28,1,1,0,1,1,0.770762719311211
"8622","1250","Ec_N",144,42,42,"Ec",32,1,1,1,1,1,1
"8623","1250","Ec_N",144,43,43,"Ec",32,1,1,1,1,1,1
"8624","1250","Ec_N",144,44,44,"Ec",32,1,1,1,1,1,1
"8625","1250","Ec_N",144,45,45,"Ec",32,1,1,1,1,1,1
"8626","1250","Ec_N",144,46,46,"Ec",32,1,1,1,1,1,1
"8627","1250","Ec_N",144,47,47,"Ec",32,1,1,1,1,1,1
"8628","1250","Ec_N",144,48,48,"Ec",32,1,1,1,1,1,1
"8629","1250","Ec_N",144,49,49,"Ec",32,1,1,1,1,1,1
"8630","1250","Ec_N",144,50,50,"Ec",32,1,1,1,1,1,1
"8631","1250","Ec_N",144,51,51,"Ec",32,1,1,1,1,1,1
"8632","1250","Ec_N",144,52,52,"Ec",32,1,1,1,1,1,1
"8633","1250","Ec_N",144,53,53,"Ec",32,1,1,1,1,1,1
"8634","1250","Ec_N",144,54,54,"Ec",32,1,1,1,1,1,1
"8635","1250","Ec_N",144,55,55,"Ec",32,1,1,1,1,1,1
"8636","1250","Ec_N",144,56,56,"Ec",32,1,1,1,1,1,1
"8637","1250","Ec_N",144,57,57,"Ec",32,1,1,1,1,1,1
"8638","1250","Ec_N",144,58,58,"Ec",32,1,1,1,1,1,1
"8639","1250","Ec_N",144,59,59,"Ec",32,1,1,1,1,1,1
"8640","1250","Ec_N",144,60,60,"Ec",32,1,1,1,1,1,1
"8641","1250","Ec_N",145,1,1,"Ec",1,0,0,0,0,0,0
"8642","1250","Ec_N",145,2,2,"Ec",1,0,0,0,0,0,0
"8643","1250","Ec_N",145,3,3,"Ec",1,0,0,0,0,0,0
"8644","1250","Ec_N",145,4,4,"Ec",1,0,0,0,0,0,0
"8645","1250","Ec_N",145,5,5,"Ec",1,0,0,0,0,0,0
"8646","1250","Ec_N",145,6,6,"Ec",9,0,0,0,1,0,0.267745650041575
"8647","1250","Ec_N",145,7,7,"Ec",9,0,0,0,1,0,0.267745650041575
"8648","1250","Ec_N",145,8,8,"Ec",9,0,0,0,1,0,0.267745650041575
"8649","1250","Ec_N",145,9,9,"Ec",9,0,0,0,1,0,0.267745650041575
"8650","1250","Ec_N",145,10,10,"Ec",9,0,0,0,1,0,0.267745650041575
"8651","1250","Ec_N",145,11,11,"Ec",9,0,0,0,1,0,0.267745650041575
"8652","1250","Ec_N",145,12,12,"Ec",9,0,0,0,1,0,0.267745650041575
"8653","1250","Ec_N",145,13,13,"Ec",9,0,0,0,1,0,0.267745650041575
"8654","1250","Ec_N",145,14,14,"Ec",9,0,0,0,1,0,0.267745650041575
"8655","1250","Ec_N",145,15,15,"Ec",9,0,0,0,1,0,0.267745650041575
"8656","1250","Ec_N",145,16,16,"Ec",9,0,0,0,1,0,0.267745650041575
"8657","1250","Ec_N",145,17,17,"Ec",9,0,0,0,1,0,0.267745650041575
"8658","1250","Ec_N",145,18,18,"Ec",13,0,0,1,1,0,0.499809141804299
"8659","1250","Ec_N",145,19,19,"Ec",14,1,0,1,1,0,0.720821796264067
"8660","1250","Ec_N",145,20,20,"Ec",14,1,0,1,1,0,0.720821796264067
"8661","1250","Ec_N",145,21,21,"Ec",14,1,0,1,1,0,0.720821796264067
"8662","1250","Ec_N",145,22,22,"Ec",14,1,0,1,1,0,0.720821796264067
"8663","1250","Ec_N",145,23,23,"Ec",14,1,0,1,1,0,0.720821796264067
"8664","1250","Ec_N",145,24,24,"Ec",14,1,0,1,1,0,0.720821796264067
"8665","1250","Ec_N",145,25,25,"Ec",14,1,0,1,1,0,0.720821796264067
"8666","1250","Ec_N",145,26,26,"Ec",16,1,1,1,1,0,0.879284144928883
"8667","1250","Ec_N",145,27,27,"Ec",16,1,1,1,1,0,0.879284144928883
"8668","1250","Ec_N",145,28,28,"Ec",16,1,1,1,1,0,0.879284144928883
"8669","1250","Ec_N",145,29,29,"Ec",16,1,1,1,1,0,0.879284144928883
"8670","1250","Ec_N",145,30,30,"Ec",16,1,1,1,1,0,0.879284144928883
"8671","1250","Ec_N",145,31,31,"Ec",16,1,1,1,1,0,0.879284144928883
"8672","1250","Ec_N",145,32,32,"Ec",16,1,1,1,1,0,0.879284144928883
"8673","1250","Ec_N",145,33,33,"Ec",16,1,1,1,1,0,0.879284144928883
"8674","1250","Ec_N",145,34,34,"Ec",16,1,1,1,1,0,0.879284144928883
"8675","1250","Ec_N",145,35,35,"Ec",16,1,1,1,1,0,0.879284144928883
"8676","1250","Ec_N",145,36,36,"Ec",16,1,1,1,1,0,0.879284144928883
"8677","1250","Ec_N",145,37,37,"Ec",16,1,1,1,1,0,0.879284144928883
"8678","1250","Ec_N",145,38,38,"Ec",16,1,1,1,1,0,0.879284144928883
"8679","1250","Ec_N",145,39,39,"Ec",16,1,1,1,1,0,0.879284144928883
"8680","1250","Ec_N",145,40,40,"Ec",16,1,1,1,1,0,0.879284144928883
"8681","1250","Ec_N",145,41,41,"Ec",16,1,1,1,1,0,0.879284144928883
"8682","1250","Ec_N",145,42,42,"Ec",16,1,1,1,1,0,0.879284144928883
"8683","1250","Ec_N",145,43,43,"Ec",16,1,1,1,1,0,0.879284144928883
"8684","1250","Ec_N",145,44,44,"Ec",16,1,1,1,1,0,0.879284144928883
"8685","1250","Ec_N",145,45,45,"Ec",16,1,1,1,1,0,0.879284144928883
"8686","1250","Ec_N",145,46,46,"Ec",16,1,1,1,1,0,0.879284144928883
"8687","1250","Ec_N",145,47,47,"Ec",16,1,1,1,1,0,0.879284144928883
"8688","1250","Ec_N",145,48,48,"Ec",16,1,1,1,1,0,0.879284144928883
"8689","1250","Ec_N",145,49,49,"Ec",16,1,1,1,1,0,0.879284144928883
"8690","1250","Ec_N",145,50,50,"Ec",16,1,1,1,1,0,0.879284144928883
"8691","1250","Ec_N",145,51,51,"Ec",16,1,1,1,1,0,0.879284144928883
"8692","1250","Ec_N",145,52,52,"Ec",16,1,1,1,1,0,0.879284144928883
"8693","1250","Ec_N",145,53,53,"Ec",16,1,1,1,1,0,0.879284144928883
"8694","1250","Ec_N",145,54,54,"Ec",16,1,1,1,1,0,0.879284144928883
"8695","1250","Ec_N",145,55,55,"Ec",16,1,1,1,1,0,0.879284144928883
"8696","1250","Ec_N",145,56,56,"Ec",16,1,1,1,1,0,0.879284144928883
"8697","1250","Ec_N",145,57,57,"Ec",16,1,1,1,1,0,0.879284144928883
"8698","1250","Ec_N",145,58,58,"Ec",16,1,1,1,1,0,0.879284144928883
"8699","1250","Ec_N",145,59,59,"Ec",16,1,1,1,1,0,0.879284144928883
"8700","1250","Ec_N",145,60,60,"Ec",16,1,1,1,1,0,0.879284144928883
"8701","1250","Ec_N",146,1,1,"Ec",1,0,0,0,0,0,0
"8702","1250","Ec_N",146,2,2,"Ec",1,0,0,0,0,0,0
"8703","1250","Ec_N",146,3,3,"Ec",1,0,0,0,0,0,0
"8704","1250","Ec_N",146,4,4,"Ec",1,0,0,0,0,0,0
"8705","1250","Ec_N",146,5,5,"Ec",1,0,0,0,0,0,0
"8706","1250","Ec_N",146,6,6,"Ec",1,0,0,0,0,0,0
"8707","1250","Ec_N",146,7,7,"Ec",1,0,0,0,0,0,0
"8708","1250","Ec_N",146,8,8,"Ec",1,0,0,0,0,0,0
"8709","1250","Ec_N",146,9,9,"Ec",17,0,0,0,0,1,0.14692246949649
"8710","1250","Ec_N",146,10,10,"Ec",17,0,0,0,0,1,0.14692246949649
"8711","1250","Ec_N",146,11,11,"Ec",17,0,0,0,0,1,0.14692246949649
"8712","1250","Ec_N",146,12,12,"Ec",17,0,0,0,0,1,0.14692246949649
"8713","1250","Ec_N",146,13,13,"Ec",17,0,0,0,0,1,0.14692246949649
"8714","1250","Ec_N",146,14,14,"Ec",17,0,0,0,0,1,0.14692246949649
"8715","1250","Ec_N",146,15,15,"Ec",17,0,0,0,0,1,0.14692246949649
"8716","1250","Ec_N",146,16,16,"Ec",17,0,0,0,0,1,0.14692246949649
"8717","1250","Ec_N",146,17,17,"Ec",17,0,0,0,0,1,0.14692246949649
"8718","1250","Ec_N",146,18,18,"Ec",17,0,0,0,0,1,0.14692246949649
"8719","1250","Ec_N",146,19,19,"Ec",17,0,0,0,0,1,0.14692246949649
"8720","1250","Ec_N",146,20,20,"Ec",17,0,0,0,0,1,0.14692246949649
"8721","1250","Ec_N",146,21,21,"Ec",17,0,0,0,0,1,0.14692246949649
"8722","1250","Ec_N",146,22,22,"Ec",17,0,0,0,0,1,0.14692246949649
"8723","1250","Ec_N",146,23,23,"Ec",17,0,0,0,0,1,0.14692246949649
"8724","1250","Ec_N",146,24,24,"Ec",17,0,0,0,0,1,0.14692246949649
"8725","1250","Ec_N",146,25,25,"Ec",17,0,0,0,0,1,0.14692246949649
"8726","1250","Ec_N",146,26,26,"Ec",17,0,0,0,0,1,0.14692246949649
"8727","1250","Ec_N",146,27,27,"Ec",17,0,0,0,0,1,0.14692246949649
"8728","1250","Ec_N",146,28,28,"Ec",17,0,0,0,0,1,0.14692246949649
"8729","1250","Ec_N",146,29,29,"Ec",21,0,0,1,0,1,0.428591116083543
"8730","1250","Ec_N",146,30,30,"Ec",21,0,0,1,0,1,0.428591116083543
"8731","1250","Ec_N",146,31,31,"Ec",23,0,1,1,0,1,0.511241695498657
"8732","1250","Ec_N",146,32,32,"Ec",23,0,1,1,0,1,0.511241695498657
"8733","1250","Ec_N",146,33,33,"Ec",23,0,1,1,0,1,0.511241695498657
"8734","1250","Ec_N",146,34,34,"Ec",23,0,1,1,0,1,0.511241695498657
"8735","1250","Ec_N",146,35,35,"Ec",23,0,1,1,0,1,0.511241695498657
"8736","1250","Ec_N",146,36,36,"Ec",23,0,1,1,0,1,0.511241695498657
"8737","1250","Ec_N",146,37,37,"Ec",23,0,1,1,0,1,0.511241695498657
"8738","1250","Ec_N",146,38,38,"Ec",23,0,1,1,0,1,0.511241695498657
"8739","1250","Ec_N",146,39,39,"Ec",23,0,1,1,0,1,0.511241695498657
"8740","1250","Ec_N",146,40,40,"Ec",23,0,1,1,0,1,0.511241695498657
"8741","1250","Ec_N",146,41,41,"Ec",23,0,1,1,0,1,0.511241695498657
"8742","1250","Ec_N",146,42,42,"Ec",23,0,1,1,0,1,0.511241695498657
"8743","1250","Ec_N",146,43,43,"Ec",23,0,1,1,0,1,0.511241695498657
"8744","1250","Ec_N",146,44,44,"Ec",23,0,1,1,0,1,0.511241695498657
"8745","1250","Ec_N",146,45,45,"Ec",23,0,1,1,0,1,0.511241695498657
"8746","1250","Ec_N",146,46,46,"Ec",23,0,1,1,0,1,0.511241695498657
"8747","1250","Ec_N",146,47,47,"Ec",23,0,1,1,0,1,0.511241695498657
"8748","1250","Ec_N",146,48,48,"Ec",23,0,1,1,0,1,0.511241695498657
"8749","1250","Ec_N",146,49,49,"Ec",23,0,1,1,0,1,0.511241695498657
"8750","1250","Ec_N",146,50,50,"Ec",23,0,1,1,0,1,0.511241695498657
"8751","1250","Ec_N",146,51,51,"Ec",31,0,1,1,1,1,0.778987345540232
"8752","1250","Ec_N",146,52,52,"Ec",31,0,1,1,1,1,0.778987345540232
"8753","1250","Ec_N",146,53,53,"Ec",31,0,1,1,1,1,0.778987345540232
"8754","1250","Ec_N",146,54,54,"Ec",31,0,1,1,1,1,0.778987345540232
"8755","1250","Ec_N",146,55,55,"Ec",31,0,1,1,1,1,0.778987345540232
"8756","1250","Ec_N",146,56,56,"Ec",31,0,1,1,1,1,0.778987345540232
"8757","1250","Ec_N",146,57,57,"Ec",31,0,1,1,1,1,0.778987345540232
"8758","1250","Ec_N",146,58,58,"Ec",31,0,1,1,1,1,0.778987345540232
"8759","1250","Ec_N",146,59,59,"Ec",31,0,1,1,1,1,0.778987345540232
"8760","1250","Ec_N",146,60,60,"Ec",31,0,1,1,1,1,0.778987345540232
"8761","1250","Ec_N",147,1,1,"Ec",1,0,0,0,0,0,0
"8762","1250","Ec_N",147,2,2,"Ec",1,0,0,0,0,0,0
"8763","1250","Ec_N",147,3,3,"Ec",1,0,0,0,0,0,0
"8764","1250","Ec_N",147,4,4,"Ec",1,0,0,0,0,0,0
"8765","1250","Ec_N",147,5,5,"Ec",1,0,0,0,0,0,0
"8766","1250","Ec_N",147,6,6,"Ec",1,0,0,0,0,0,0
"8767","1250","Ec_N",147,7,7,"Ec",1,0,0,0,0,0,0
"8768","1250","Ec_N",147,8,8,"Ec",9,0,0,0,1,0,0.267745650041575
"8769","1250","Ec_N",147,9,9,"Ec",9,0,0,0,1,0,0.267745650041575
"8770","1250","Ec_N",147,10,10,"Ec",9,0,0,0,1,0,0.267745650041575
"8771","1250","Ec_N",147,11,11,"Ec",9,0,0,0,1,0,0.267745650041575
"8772","1250","Ec_N",147,12,12,"Ec",9,0,0,0,1,0,0.267745650041575
"8773","1250","Ec_N",147,13,13,"Ec",25,0,0,0,1,1,0.464273274362394
"8774","1250","Ec_N",147,14,14,"Ec",25,0,0,0,1,1,0.464273274362394
"8775","1250","Ec_N",147,15,15,"Ec",25,0,0,0,1,1,0.464273274362394
"8776","1250","Ec_N",147,16,16,"Ec",25,0,0,0,1,1,0.464273274362394
"8777","1250","Ec_N",147,17,17,"Ec",25,0,0,0,1,1,0.464273274362394
"8778","1250","Ec_N",147,18,18,"Ec",25,0,0,0,1,1,0.464273274362394
"8779","1250","Ec_N",147,19,19,"Ec",25,0,0,0,1,1,0.464273274362394
"8780","1250","Ec_N",147,20,20,"Ec",25,0,0,0,1,1,0.464273274362394
"8781","1250","Ec_N",147,21,21,"Ec",25,0,0,0,1,1,0.464273274362394
"8782","1250","Ec_N",147,22,22,"Ec",25,0,0,0,1,1,0.464273274362394
"8783","1250","Ec_N",147,23,23,"Ec",25,0,0,0,1,1,0.464273274362394
"8784","1250","Ec_N",147,24,24,"Ec",25,0,0,0,1,1,0.464273274362394
"8785","1250","Ec_N",147,25,25,"Ec",27,0,1,0,1,1,0.50104458373578
"8786","1250","Ec_N",147,26,26,"Ec",27,0,1,0,1,1,0.50104458373578
"8787","1250","Ec_N",147,27,27,"Ec",27,0,1,0,1,1,0.50104458373578
"8788","1250","Ec_N",147,28,28,"Ec",27,0,1,0,1,1,0.50104458373578
"8789","1250","Ec_N",147,29,29,"Ec",27,0,1,0,1,1,0.50104458373578
"8790","1250","Ec_N",147,30,30,"Ec",27,0,1,0,1,1,0.50104458373578
"8791","1250","Ec_N",147,31,31,"Ec",27,0,1,0,1,1,0.50104458373578
"8792","1250","Ec_N",147,32,32,"Ec",27,0,1,0,1,1,0.50104458373578
"8793","1250","Ec_N",147,33,33,"Ec",27,0,1,0,1,1,0.50104458373578
"8794","1250","Ec_N",147,34,34,"Ec",27,0,1,0,1,1,0.50104458373578
"8795","1250","Ec_N",147,35,35,"Ec",27,0,1,0,1,1,0.50104458373578
"8796","1250","Ec_N",147,36,36,"Ec",27,0,1,0,1,1,0.50104458373578
"8797","1250","Ec_N",147,37,37,"Ec",27,0,1,0,1,1,0.50104458373578
"8798","1250","Ec_N",147,38,38,"Ec",27,0,1,0,1,1,0.50104458373578
"8799","1250","Ec_N",147,39,39,"Ec",27,0,1,0,1,1,0.50104458373578
"8800","1250","Ec_N",147,40,40,"Ec",27,0,1,0,1,1,0.50104458373578
"8801","1250","Ec_N",147,41,41,"Ec",27,0,1,0,1,1,0.50104458373578
"8802","1250","Ec_N",147,42,42,"Ec",27,0,1,0,1,1,0.50104458373578
"8803","1250","Ec_N",147,43,43,"Ec",27,0,1,0,1,1,0.50104458373578
"8804","1250","Ec_N",147,44,44,"Ec",27,0,1,0,1,1,0.50104458373578
"8805","1250","Ec_N",147,45,45,"Ec",27,0,1,0,1,1,0.50104458373578
"8806","1250","Ec_N",147,46,46,"Ec",27,0,1,0,1,1,0.50104458373578
"8807","1250","Ec_N",147,47,47,"Ec",27,0,1,0,1,1,0.50104458373578
"8808","1250","Ec_N",147,48,48,"Ec",27,0,1,0,1,1,0.50104458373578
"8809","1250","Ec_N",147,49,49,"Ec",28,1,1,0,1,1,0.770762719311211
"8810","1250","Ec_N",147,50,50,"Ec",28,1,1,0,1,1,0.770762719311211
"8811","1250","Ec_N",147,51,51,"Ec",28,1,1,0,1,1,0.770762719311211
"8812","1250","Ec_N",147,52,52,"Ec",28,1,1,0,1,1,0.770762719311211
"8813","1250","Ec_N",147,53,53,"Ec",28,1,1,0,1,1,0.770762719311211
"8814","1250","Ec_N",147,54,54,"Ec",28,1,1,0,1,1,0.770762719311211
"8815","1250","Ec_N",147,55,55,"Ec",28,1,1,0,1,1,0.770762719311211
"8816","1250","Ec_N",147,56,56,"Ec",28,1,1,0,1,1,0.770762719311211
"8817","1250","Ec_N",147,57,57,"Ec",28,1,1,0,1,1,0.770762719311211
"8818","1250","Ec_N",147,58,58,"Ec",28,1,1,0,1,1,0.770762719311211
"8819","1250","Ec_N",147,59,59,"Ec",28,1,1,0,1,1,0.770762719311211
"8820","1250","Ec_N",147,60,60,"Ec",28,1,1,0,1,1,0.770762719311211
"8821","1250","Ec_N",148,1,1,"Ec",1,0,0,0,0,0,0
"8822","1250","Ec_N",148,2,2,"Ec",17,0,0,0,0,1,0.14692246949649
"8823","1250","Ec_N",148,3,3,"Ec",17,0,0,0,0,1,0.14692246949649
"8824","1250","Ec_N",148,4,4,"Ec",17,0,0,0,0,1,0.14692246949649
"8825","1250","Ec_N",148,5,5,"Ec",17,0,0,0,0,1,0.14692246949649
"8826","1250","Ec_N",148,6,6,"Ec",17,0,0,0,0,1,0.14692246949649
"8827","1250","Ec_N",148,7,7,"Ec",17,0,0,0,0,1,0.14692246949649
"8828","1250","Ec_N",148,8,8,"Ec",17,0,0,0,0,1,0.14692246949649
"8829","1250","Ec_N",148,9,9,"Ec",17,0,0,0,0,1,0.14692246949649
"8830","1250","Ec_N",148,10,10,"Ec",17,0,0,0,0,1,0.14692246949649
"8831","1250","Ec_N",148,11,11,"Ec",17,0,0,0,0,1,0.14692246949649
"8832","1250","Ec_N",148,12,12,"Ec",17,0,0,0,0,1,0.14692246949649
"8833","1250","Ec_N",148,13,13,"Ec",17,0,0,0,0,1,0.14692246949649
"8834","1250","Ec_N",148,14,14,"Ec",17,0,0,0,0,1,0.14692246949649
"8835","1250","Ec_N",148,15,15,"Ec",17,0,0,0,0,1,0.14692246949649
"8836","1250","Ec_N",148,16,16,"Ec",17,0,0,0,0,1,0.14692246949649
"8837","1250","Ec_N",148,17,17,"Ec",18,1,0,0,0,1,0.417540278780587
"8838","1250","Ec_N",148,18,18,"Ec",18,1,0,0,0,1,0.417540278780587
"8839","1250","Ec_N",148,19,19,"Ec",18,1,0,0,0,1,0.417540278780587
"8840","1250","Ec_N",148,20,20,"Ec",22,1,0,1,0,1,0.649603770543311
"8841","1250","Ec_N",148,21,21,"Ec",30,1,0,1,1,1,0.981696467924213
"8842","1250","Ec_N",148,22,22,"Ec",30,1,0,1,1,1,0.981696467924213
"8843","1250","Ec_N",148,23,23,"Ec",30,1,0,1,1,1,0.981696467924213
"8844","1250","Ec_N",148,24,24,"Ec",30,1,0,1,1,1,0.981696467924213
"8845","1250","Ec_N",148,25,25,"Ec",30,1,0,1,1,1,0.981696467924213
"8846","1250","Ec_N",148,26,26,"Ec",30,1,0,1,1,1,0.981696467924213
"8847","1250","Ec_N",148,27,27,"Ec",30,1,0,1,1,1,0.981696467924213
"8848","1250","Ec_N",148,28,28,"Ec",30,1,0,1,1,1,0.981696467924213
"8849","1250","Ec_N",148,29,29,"Ec",30,1,0,1,1,1,0.981696467924213
"8850","1250","Ec_N",148,30,30,"Ec",30,1,0,1,1,1,0.981696467924213
"8851","1250","Ec_N",148,31,31,"Ec",30,1,0,1,1,1,0.981696467924213
"8852","1250","Ec_N",148,32,32,"Ec",30,1,0,1,1,1,0.981696467924213
"8853","1250","Ec_N",148,33,33,"Ec",30,1,0,1,1,1,0.981696467924213
"8854","1250","Ec_N",148,34,34,"Ec",30,1,0,1,1,1,0.981696467924213
"8855","1250","Ec_N",148,35,35,"Ec",30,1,0,1,1,1,0.981696467924213
"8856","1250","Ec_N",148,36,36,"Ec",30,1,0,1,1,1,0.981696467924213
"8857","1250","Ec_N",148,37,37,"Ec",30,1,0,1,1,1,0.981696467924213
"8858","1250","Ec_N",148,38,38,"Ec",30,1,0,1,1,1,0.981696467924213
"8859","1250","Ec_N",148,39,39,"Ec",30,1,0,1,1,1,0.981696467924213
"8860","1250","Ec_N",148,40,40,"Ec",30,1,0,1,1,1,0.981696467924213
"8861","1250","Ec_N",148,41,41,"Ec",32,1,1,1,1,1,1
"8862","1250","Ec_N",148,42,42,"Ec",32,1,1,1,1,1,1
"8863","1250","Ec_N",148,43,43,"Ec",32,1,1,1,1,1,1
"8864","1250","Ec_N",148,44,44,"Ec",32,1,1,1,1,1,1
"8865","1250","Ec_N",148,45,45,"Ec",32,1,1,1,1,1,1
"8866","1250","Ec_N",148,46,46,"Ec",32,1,1,1,1,1,1
"8867","1250","Ec_N",148,47,47,"Ec",32,1,1,1,1,1,1
"8868","1250","Ec_N",148,48,48,"Ec",32,1,1,1,1,1,1
"8869","1250","Ec_N",148,49,49,"Ec",32,1,1,1,1,1,1
"8870","1250","Ec_N",148,50,50,"Ec",32,1,1,1,1,1,1
"8871","1250","Ec_N",148,51,51,"Ec",32,1,1,1,1,1,1
"8872","1250","Ec_N",148,52,52,"Ec",32,1,1,1,1,1,1
"8873","1250","Ec_N",148,53,53,"Ec",32,1,1,1,1,1,1
"8874","1250","Ec_N",148,54,54,"Ec",32,1,1,1,1,1,1
"8875","1250","Ec_N",148,55,55,"Ec",32,1,1,1,1,1,1
"8876","1250","Ec_N",148,56,56,"Ec",32,1,1,1,1,1,1
"8877","1250","Ec_N",148,57,57,"Ec",32,1,1,1,1,1,1
"8878","1250","Ec_N",148,58,58,"Ec",32,1,1,1,1,1,1
"8879","1250","Ec_N",148,59,59,"Ec",32,1,1,1,1,1,1
"8880","1250","Ec_N",148,60,60,"Ec",32,1,1,1,1,1,1
"8881","1250","Ec_N",149,1,1,"Ec",1,0,0,0,0,0,0
"8882","1250","Ec_N",149,2,2,"Ec",1,0,0,0,0,0,0
"8883","1250","Ec_N",149,3,3,"Ec",1,0,0,0,0,0,0
"8884","1250","Ec_N",149,4,4,"Ec",1,0,0,0,0,0,0
"8885","1250","Ec_N",149,5,5,"Ec",1,0,0,0,0,0,0
"8886","1250","Ec_N",149,6,6,"Ec",1,0,0,0,0,0,0
"8887","1250","Ec_N",149,7,7,"Ec",1,0,0,0,0,0,0
"8888","1250","Ec_N",149,8,8,"Ec",9,0,0,0,1,0,0.267745650041575
"8889","1250","Ec_N",149,9,9,"Ec",9,0,0,0,1,0,0.267745650041575
"8890","1250","Ec_N",149,10,10,"Ec",9,0,0,0,1,0,0.267745650041575
"8891","1250","Ec_N",149,11,11,"Ec",9,0,0,0,1,0,0.267745650041575
"8892","1250","Ec_N",149,12,12,"Ec",9,0,0,0,1,0,0.267745650041575
"8893","1250","Ec_N",149,13,13,"Ec",9,0,0,0,1,0,0.267745650041575
"8894","1250","Ec_N",149,14,14,"Ec",9,0,0,0,1,0,0.267745650041575
"8895","1250","Ec_N",149,15,15,"Ec",9,0,0,0,1,0,0.267745650041575
"8896","1250","Ec_N",149,16,16,"Ec",9,0,0,0,1,0,0.267745650041575
"8897","1250","Ec_N",149,17,17,"Ec",9,0,0,0,1,0,0.267745650041575
"8898","1250","Ec_N",149,18,18,"Ec",9,0,0,0,1,0,0.267745650041575
"8899","1250","Ec_N",149,19,19,"Ec",9,0,0,0,1,0,0.267745650041575
"8900","1250","Ec_N",149,20,20,"Ec",9,0,0,0,1,0,0.267745650041575
"8901","1250","Ec_N",149,21,21,"Ec",9,0,0,0,1,0,0.267745650041575
"8902","1250","Ec_N",149,22,22,"Ec",13,0,0,1,1,0,0.499809141804299
"8903","1250","Ec_N",149,23,23,"Ec",13,0,0,1,1,0,0.499809141804299
"8904","1250","Ec_N",149,24,24,"Ec",13,0,0,1,1,0,0.499809141804299
"8905","1250","Ec_N",149,25,25,"Ec",13,0,0,1,1,0,0.499809141804299
"8906","1250","Ec_N",149,26,26,"Ec",13,0,0,1,1,0,0.499809141804299
"8907","1250","Ec_N",149,27,27,"Ec",14,1,0,1,1,0,0.720821796264067
"8908","1250","Ec_N",149,28,28,"Ec",14,1,0,1,1,0,0.720821796264067
"8909","1250","Ec_N",149,29,29,"Ec",14,1,0,1,1,0,0.720821796264067
"8910","1250","Ec_N",149,30,30,"Ec",14,1,0,1,1,0,0.720821796264067
"8911","1250","Ec_N",149,31,31,"Ec",14,1,0,1,1,0,0.720821796264067
"8912","1250","Ec_N",149,32,32,"Ec",14,1,0,1,1,0,0.720821796264067
"8913","1250","Ec_N",149,33,33,"Ec",14,1,0,1,1,0,0.720821796264067
"8914","1250","Ec_N",149,34,34,"Ec",14,1,0,1,1,0,0.720821796264067
"8915","1250","Ec_N",149,35,35,"Ec",14,1,0,1,1,0,0.720821796264067
"8916","1250","Ec_N",149,36,36,"Ec",14,1,0,1,1,0,0.720821796264067
"8917","1250","Ec_N",149,37,37,"Ec",14,1,0,1,1,0,0.720821796264067
"8918","1250","Ec_N",149,38,38,"Ec",14,1,0,1,1,0,0.720821796264067
"8919","1250","Ec_N",149,39,39,"Ec",14,1,0,1,1,0,0.720821796264067
"8920","1250","Ec_N",149,40,40,"Ec",16,1,1,1,1,0,0.879284144928883
"8921","1250","Ec_N",149,41,41,"Ec",16,1,1,1,1,0,0.879284144928883
"8922","1250","Ec_N",149,42,42,"Ec",16,1,1,1,1,0,0.879284144928883
"8923","1250","Ec_N",149,43,43,"Ec",16,1,1,1,1,0,0.879284144928883
"8924","1250","Ec_N",149,44,44,"Ec",16,1,1,1,1,0,0.879284144928883
"8925","1250","Ec_N",149,45,45,"Ec",16,1,1,1,1,0,0.879284144928883
"8926","1250","Ec_N",149,46,46,"Ec",16,1,1,1,1,0,0.879284144928883
"8927","1250","Ec_N",149,47,47,"Ec",16,1,1,1,1,0,0.879284144928883
"8928","1250","Ec_N",149,48,48,"Ec",16,1,1,1,1,0,0.879284144928883
"8929","1250","Ec_N",149,49,49,"Ec",16,1,1,1,1,0,0.879284144928883
"8930","1250","Ec_N",149,50,50,"Ec",16,1,1,1,1,0,0.879284144928883
"8931","1250","Ec_N",149,51,51,"Ec",16,1,1,1,1,0,0.879284144928883
"8932","1250","Ec_N",149,52,52,"Ec",16,1,1,1,1,0,0.879284144928883
"8933","1250","Ec_N",149,53,53,"Ec",16,1,1,1,1,0,0.879284144928883
"8934","1250","Ec_N",149,54,54,"Ec",16,1,1,1,1,0,0.879284144928883
"8935","1250","Ec_N",149,55,55,"Ec",16,1,1,1,1,0,0.879284144928883
"8936","1250","Ec_N",149,56,56,"Ec",16,1,1,1,1,0,0.879284144928883
"8937","1250","Ec_N",149,57,57,"Ec",16,1,1,1,1,0,0.879284144928883
"8938","1250","Ec_N",149,58,58,"Ec",16,1,1,1,1,0,0.879284144928883
"8939","1250","Ec_N",149,59,59,"Ec",16,1,1,1,1,0,0.879284144928883
"8940","1250","Ec_N",149,60,60,"Ec",16,1,1,1,1,0,0.879284144928883
"8941","1250","Ec_N",150,1,1,"Ec",1,0,0,0,0,0,0
"8942","1250","Ec_N",150,2,2,"Ec",5,0,0,1,0,0,0.232063491762724
"8943","1250","Ec_N",150,3,3,"Ec",5,0,0,1,0,0,0.232063491762724
"8944","1250","Ec_N",150,4,4,"Ec",13,0,0,1,1,0,0.499809141804299
"8945","1250","Ec_N",150,5,5,"Ec",13,0,0,1,1,0,0.499809141804299
"8946","1250","Ec_N",150,6,6,"Ec",13,0,0,1,1,0,0.499809141804299
"8947","1250","Ec_N",150,7,7,"Ec",13,0,0,1,1,0,0.499809141804299
"8948","1250","Ec_N",150,8,8,"Ec",13,0,0,1,1,0,0.499809141804299
"8949","1250","Ec_N",150,9,9,"Ec",13,0,0,1,1,0,0.499809141804299
"8950","1250","Ec_N",150,10,10,"Ec",13,0,0,1,1,0,0.499809141804299
"8951","1250","Ec_N",150,11,11,"Ec",13,0,0,1,1,0,0.499809141804299
"8952","1250","Ec_N",150,12,12,"Ec",13,0,0,1,1,0,0.499809141804299
"8953","1250","Ec_N",150,13,13,"Ec",13,0,0,1,1,0,0.499809141804299
"8954","1250","Ec_N",150,14,14,"Ec",13,0,0,1,1,0,0.499809141804299
"8955","1250","Ec_N",150,15,15,"Ec",13,0,0,1,1,0,0.499809141804299
"8956","1250","Ec_N",150,16,16,"Ec",13,0,0,1,1,0,0.499809141804299
"8957","1250","Ec_N",150,17,17,"Ec",13,0,0,1,1,0,0.499809141804299
"8958","1250","Ec_N",150,18,18,"Ec",13,0,0,1,1,0,0.499809141804299
"8959","1250","Ec_N",150,19,19,"Ec",13,0,0,1,1,0,0.499809141804299
"8960","1250","Ec_N",150,20,20,"Ec",13,0,0,1,1,0,0.499809141804299
"8961","1250","Ec_N",150,21,21,"Ec",13,0,0,1,1,0,0.499809141804299
"8962","1250","Ec_N",150,22,22,"Ec",15,0,1,1,1,0,0.582459721219413
"8963","1250","Ec_N",150,23,23,"Ec",15,0,1,1,1,0,0.582459721219413
"8964","1250","Ec_N",150,24,24,"Ec",15,0,1,1,1,0,0.582459721219413
"8965","1250","Ec_N",150,25,25,"Ec",15,0,1,1,1,0,0.582459721219413
"8966","1250","Ec_N",150,26,26,"Ec",31,0,1,1,1,1,0.778987345540232
"8967","1250","Ec_N",150,27,27,"Ec",31,0,1,1,1,1,0.778987345540232
"8968","1250","Ec_N",150,28,28,"Ec",31,0,1,1,1,1,0.778987345540232
"8969","1250","Ec_N",150,29,29,"Ec",31,0,1,1,1,1,0.778987345540232
"8970","1250","Ec_N",150,30,30,"Ec",31,0,1,1,1,1,0.778987345540232
"8971","1250","Ec_N",150,31,31,"Ec",31,0,1,1,1,1,0.778987345540232
"8972","1250","Ec_N",150,32,32,"Ec",31,0,1,1,1,1,0.778987345540232
"8973","1250","Ec_N",150,33,33,"Ec",31,0,1,1,1,1,0.778987345540232
"8974","1250","Ec_N",150,34,34,"Ec",31,0,1,1,1,1,0.778987345540232
"8975","1250","Ec_N",150,35,35,"Ec",31,0,1,1,1,1,0.778987345540232
"8976","1250","Ec_N",150,36,36,"Ec",31,0,1,1,1,1,0.778987345540232
"8977","1250","Ec_N",150,37,37,"Ec",31,0,1,1,1,1,0.778987345540232
"8978","1250","Ec_N",150,38,38,"Ec",31,0,1,1,1,1,0.778987345540232
"8979","1250","Ec_N",150,39,39,"Ec",31,0,1,1,1,1,0.778987345540232
"8980","1250","Ec_N",150,40,40,"Ec",31,0,1,1,1,1,0.778987345540232
"8981","1250","Ec_N",150,41,41,"Ec",31,0,1,1,1,1,0.778987345540232
"8982","1250","Ec_N",150,42,42,"Ec",31,0,1,1,1,1,0.778987345540232
"8983","1250","Ec_N",150,43,43,"Ec",31,0,1,1,1,1,0.778987345540232
"8984","1250","Ec_N",150,44,44,"Ec",31,0,1,1,1,1,0.778987345540232
"8985","1250","Ec_N",150,45,45,"Ec",31,0,1,1,1,1,0.778987345540232
"8986","1250","Ec_N",150,46,46,"Ec",31,0,1,1,1,1,0.778987345540232
"8987","1250","Ec_N",150,47,47,"Ec",31,0,1,1,1,1,0.778987345540232
"8988","1250","Ec_N",150,48,48,"Ec",31,0,1,1,1,1,0.778987345540232
"8989","1250","Ec_N",150,49,49,"Ec",31,0,1,1,1,1,0.778987345540232
"8990","1250","Ec_N",150,50,50,"Ec",31,0,1,1,1,1,0.778987345540232
"8991","1250","Ec_N",150,51,51,"Ec",31,0,1,1,1,1,0.778987345540232
"8992","1250","Ec_N",150,52,52,"Ec",31,0,1,1,1,1,0.778987345540232
"8993","1250","Ec_N",150,53,53,"Ec",31,0,1,1,1,1,0.778987345540232
"8994","1250","Ec_N",150,54,54,"Ec",31,0,1,1,1,1,0.778987345540232
"8995","1250","Ec_N",150,55,55,"Ec",31,0,1,1,1,1,0.778987345540232
"8996","1250","Ec_N",150,56,56,"Ec",31,0,1,1,1,1,0.778987345540232
"8997","1250","Ec_N",150,57,57,"Ec",31,0,1,1,1,1,0.778987345540232
"8998","1250","Ec_N",150,58,58,"Ec",31,0,1,1,1,1,0.778987345540232
"8999","1250","Ec_N",150,59,59,"Ec",31,0,1,1,1,1,0.778987345540232
"9000","1250","Ec_N",150,60,60,"Ec",31,0,1,1,1,1,0.778987345540232
"9001","1250","Ec_N",151,1,1,"Ec",1,0,0,0,0,0,0
"9002","1250","Ec_N",151,2,2,"Ec",1,0,0,0,0,0,0
"9003","1250","Ec_N",151,3,3,"Ec",1,0,0,0,0,0,0
"9004","1250","Ec_N",151,4,4,"Ec",1,0,0,0,0,0,0
"9005","1250","Ec_N",151,5,5,"Ec",1,0,0,0,0,0,0
"9006","1250","Ec_N",151,6,6,"Ec",1,0,0,0,0,0,0
"9007","1250","Ec_N",151,7,7,"Ec",1,0,0,0,0,0,0
"9008","1250","Ec_N",151,8,8,"Ec",2,1,0,0,0,0,0.221012654459768
"9009","1250","Ec_N",151,9,9,"Ec",2,1,0,0,0,0,0.221012654459768
"9010","1250","Ec_N",151,10,10,"Ec",2,1,0,0,0,0,0.221012654459768
"9011","1250","Ec_N",151,11,11,"Ec",2,1,0,0,0,0,0.221012654459768
"9012","1250","Ec_N",151,12,12,"Ec",10,1,0,0,1,0,0.488758304501343
"9013","1250","Ec_N",151,13,13,"Ec",10,1,0,0,1,0,0.488758304501343
"9014","1250","Ec_N",151,14,14,"Ec",10,1,0,0,1,0,0.488758304501343
"9015","1250","Ec_N",151,15,15,"Ec",10,1,0,0,1,0,0.488758304501343
"9016","1250","Ec_N",151,16,16,"Ec",26,1,0,0,1,1,0.685285928822162
"9017","1250","Ec_N",151,17,17,"Ec",26,1,0,0,1,1,0.685285928822162
"9018","1250","Ec_N",151,18,18,"Ec",26,1,0,0,1,1,0.685285928822162
"9019","1250","Ec_N",151,19,19,"Ec",26,1,0,0,1,1,0.685285928822162
"9020","1250","Ec_N",151,20,20,"Ec",26,1,0,0,1,1,0.685285928822162
"9021","1250","Ec_N",151,21,21,"Ec",26,1,0,0,1,1,0.685285928822162
"9022","1250","Ec_N",151,22,22,"Ec",26,1,0,0,1,1,0.685285928822162
"9023","1250","Ec_N",151,23,23,"Ec",26,1,0,0,1,1,0.685285928822162
"9024","1250","Ec_N",151,24,24,"Ec",26,1,0,0,1,1,0.685285928822162
"9025","1250","Ec_N",151,25,25,"Ec",26,1,0,0,1,1,0.685285928822162
"9026","1250","Ec_N",151,26,26,"Ec",26,1,0,0,1,1,0.685285928822162
"9027","1250","Ec_N",151,27,27,"Ec",26,1,0,0,1,1,0.685285928822162
"9028","1250","Ec_N",151,28,28,"Ec",26,1,0,0,1,1,0.685285928822162
"9029","1250","Ec_N",151,29,29,"Ec",26,1,0,0,1,1,0.685285928822162
"9030","1250","Ec_N",151,30,30,"Ec",26,1,0,0,1,1,0.685285928822162
"9031","1250","Ec_N",151,31,31,"Ec",26,1,0,0,1,1,0.685285928822162
"9032","1250","Ec_N",151,32,32,"Ec",26,1,0,0,1,1,0.685285928822162
"9033","1250","Ec_N",151,33,33,"Ec",26,1,0,0,1,1,0.685285928822162
"9034","1250","Ec_N",151,34,34,"Ec",26,1,0,0,1,1,0.685285928822162
"9035","1250","Ec_N",151,35,35,"Ec",26,1,0,0,1,1,0.685285928822162
"9036","1250","Ec_N",151,36,36,"Ec",26,1,0,0,1,1,0.685285928822162
"9037","1250","Ec_N",151,37,37,"Ec",26,1,0,0,1,1,0.685285928822162
"9038","1250","Ec_N",151,38,38,"Ec",26,1,0,0,1,1,0.685285928822162
"9039","1250","Ec_N",151,39,39,"Ec",26,1,0,0,1,1,0.685285928822162
"9040","1250","Ec_N",151,40,40,"Ec",26,1,0,0,1,1,0.685285928822162
"9041","1250","Ec_N",151,41,41,"Ec",26,1,0,0,1,1,0.685285928822162
"9042","1250","Ec_N",151,42,42,"Ec",26,1,0,0,1,1,0.685285928822162
"9043","1250","Ec_N",151,43,43,"Ec",26,1,0,0,1,1,0.685285928822162
"9044","1250","Ec_N",151,44,44,"Ec",26,1,0,0,1,1,0.685285928822162
"9045","1250","Ec_N",151,45,45,"Ec",26,1,0,0,1,1,0.685285928822162
"9046","1250","Ec_N",151,46,46,"Ec",26,1,0,0,1,1,0.685285928822162
"9047","1250","Ec_N",151,47,47,"Ec",26,1,0,0,1,1,0.685285928822162
"9048","1250","Ec_N",151,48,48,"Ec",26,1,0,0,1,1,0.685285928822162
"9049","1250","Ec_N",151,49,49,"Ec",28,1,1,0,1,1,0.770762719311211
"9050","1250","Ec_N",151,50,50,"Ec",28,1,1,0,1,1,0.770762719311211
"9051","1250","Ec_N",151,51,51,"Ec",28,1,1,0,1,1,0.770762719311211
"9052","1250","Ec_N",151,52,52,"Ec",28,1,1,0,1,1,0.770762719311211
"9053","1250","Ec_N",151,53,53,"Ec",28,1,1,0,1,1,0.770762719311211
"9054","1250","Ec_N",151,54,54,"Ec",28,1,1,0,1,1,0.770762719311211
"9055","1250","Ec_N",151,55,55,"Ec",28,1,1,0,1,1,0.770762719311211
"9056","1250","Ec_N",151,56,56,"Ec",28,1,1,0,1,1,0.770762719311211
"9057","1250","Ec_N",151,57,57,"Ec",28,1,1,0,1,1,0.770762719311211
"9058","1250","Ec_N",151,58,58,"Ec",28,1,1,0,1,1,0.770762719311211
"9059","1250","Ec_N",151,59,59,"Ec",28,1,1,0,1,1,0.770762719311211
"9060","1250","Ec_N",151,60,60,"Ec",28,1,1,0,1,1,0.770762719311211
"9061","1250","Ec_N",152,1,1,"Ec",1,0,0,0,0,0,0
"9062","1250","Ec_N",152,2,2,"Ec",1,0,0,0,0,0,0
"9063","1250","Ec_N",152,3,3,"Ec",1,0,0,0,0,0,0
"9064","1250","Ec_N",152,4,4,"Ec",1,0,0,0,0,0,0
"9065","1250","Ec_N",152,5,5,"Ec",1,0,0,0,0,0,0
"9066","1250","Ec_N",152,6,6,"Ec",9,0,0,0,1,0,0.267745650041575
"9067","1250","Ec_N",152,7,7,"Ec",10,1,0,0,1,0,0.488758304501343
"9068","1250","Ec_N",152,8,8,"Ec",26,1,0,0,1,1,0.685285928822162
"9069","1250","Ec_N",152,9,9,"Ec",28,1,1,0,1,1,0.770762719311211
"9070","1250","Ec_N",152,10,10,"Ec",28,1,1,0,1,1,0.770762719311211
"9071","1250","Ec_N",152,11,11,"Ec",28,1,1,0,1,1,0.770762719311211
"9072","1250","Ec_N",152,12,12,"Ec",28,1,1,0,1,1,0.770762719311211
"9073","1250","Ec_N",152,13,13,"Ec",28,1,1,0,1,1,0.770762719311211
"9074","1250","Ec_N",152,14,14,"Ec",28,1,1,0,1,1,0.770762719311211
"9075","1250","Ec_N",152,15,15,"Ec",28,1,1,0,1,1,0.770762719311211
"9076","1250","Ec_N",152,16,16,"Ec",28,1,1,0,1,1,0.770762719311211
"9077","1250","Ec_N",152,17,17,"Ec",28,1,1,0,1,1,0.770762719311211
"9078","1250","Ec_N",152,18,18,"Ec",28,1,1,0,1,1,0.770762719311211
"9079","1250","Ec_N",152,19,19,"Ec",28,1,1,0,1,1,0.770762719311211
"9080","1250","Ec_N",152,20,20,"Ec",28,1,1,0,1,1,0.770762719311211
"9081","1250","Ec_N",152,21,21,"Ec",28,1,1,0,1,1,0.770762719311211
"9082","1250","Ec_N",152,22,22,"Ec",28,1,1,0,1,1,0.770762719311211
"9083","1250","Ec_N",152,23,23,"Ec",28,1,1,0,1,1,0.770762719311211
"9084","1250","Ec_N",152,24,24,"Ec",28,1,1,0,1,1,0.770762719311211
"9085","1250","Ec_N",152,25,25,"Ec",28,1,1,0,1,1,0.770762719311211
"9086","1250","Ec_N",152,26,26,"Ec",28,1,1,0,1,1,0.770762719311211
"9087","1250","Ec_N",152,27,27,"Ec",28,1,1,0,1,1,0.770762719311211
"9088","1250","Ec_N",152,28,28,"Ec",28,1,1,0,1,1,0.770762719311211
"9089","1250","Ec_N",152,29,29,"Ec",28,1,1,0,1,1,0.770762719311211
"9090","1250","Ec_N",152,30,30,"Ec",28,1,1,0,1,1,0.770762719311211
"9091","1250","Ec_N",152,31,31,"Ec",28,1,1,0,1,1,0.770762719311211
"9092","1250","Ec_N",152,32,32,"Ec",28,1,1,0,1,1,0.770762719311211
"9093","1250","Ec_N",152,33,33,"Ec",28,1,1,0,1,1,0.770762719311211
"9094","1250","Ec_N",152,34,34,"Ec",28,1,1,0,1,1,0.770762719311211
"9095","1250","Ec_N",152,35,35,"Ec",28,1,1,0,1,1,0.770762719311211
"9096","1250","Ec_N",152,36,36,"Ec",28,1,1,0,1,1,0.770762719311211
"9097","1250","Ec_N",152,37,37,"Ec",28,1,1,0,1,1,0.770762719311211
"9098","1250","Ec_N",152,38,38,"Ec",28,1,1,0,1,1,0.770762719311211
"9099","1250","Ec_N",152,39,39,"Ec",28,1,1,0,1,1,0.770762719311211
"9100","1250","Ec_N",152,40,40,"Ec",28,1,1,0,1,1,0.770762719311211
"9101","1250","Ec_N",152,41,41,"Ec",28,1,1,0,1,1,0.770762719311211
"9102","1250","Ec_N",152,42,42,"Ec",28,1,1,0,1,1,0.770762719311211
"9103","1250","Ec_N",152,43,43,"Ec",32,1,1,1,1,1,1
"9104","1250","Ec_N",152,44,44,"Ec",32,1,1,1,1,1,1
"9105","1250","Ec_N",152,45,45,"Ec",32,1,1,1,1,1,1
"9106","1250","Ec_N",152,46,46,"Ec",32,1,1,1,1,1,1
"9107","1250","Ec_N",152,47,47,"Ec",32,1,1,1,1,1,1
"9108","1250","Ec_N",152,48,48,"Ec",32,1,1,1,1,1,1
"9109","1250","Ec_N",152,49,49,"Ec",32,1,1,1,1,1,1
"9110","1250","Ec_N",152,50,50,"Ec",32,1,1,1,1,1,1
"9111","1250","Ec_N",152,51,51,"Ec",32,1,1,1,1,1,1
"9112","1250","Ec_N",152,52,52,"Ec",32,1,1,1,1,1,1
"9113","1250","Ec_N",152,53,53,"Ec",32,1,1,1,1,1,1
"9114","1250","Ec_N",152,54,54,"Ec",32,1,1,1,1,1,1
"9115","1250","Ec_N",152,55,55,"Ec",32,1,1,1,1,1,1
"9116","1250","Ec_N",152,56,56,"Ec",32,1,1,1,1,1,1
"9117","1250","Ec_N",152,57,57,"Ec",32,1,1,1,1,1,1
"9118","1250","Ec_N",152,58,58,"Ec",32,1,1,1,1,1,1
"9119","1250","Ec_N",152,59,59,"Ec",32,1,1,1,1,1,1
"9120","1250","Ec_N",152,60,60,"Ec",32,1,1,1,1,1,1
"9121","1250","Ec_N",153,1,1,"Ec",1,0,0,0,0,0,0
"9122","1250","Ec_N",153,2,2,"Ec",1,0,0,0,0,0,0
"9123","1250","Ec_N",153,3,3,"Ec",1,0,0,0,0,0,0
"9124","1250","Ec_N",153,4,4,"Ec",1,0,0,0,0,0,0
"9125","1250","Ec_N",153,5,5,"Ec",1,0,0,0,0,0,0
"9126","1250","Ec_N",153,6,6,"Ec",1,0,0,0,0,0,0
"9127","1250","Ec_N",153,7,7,"Ec",1,0,0,0,0,0,0
"9128","1250","Ec_N",153,8,8,"Ec",1,0,0,0,0,0,0
"9129","1250","Ec_N",153,9,9,"Ec",9,0,0,0,1,0,0.267745650041575
"9130","1250","Ec_N",153,10,10,"Ec",9,0,0,0,1,0,0.267745650041575
"9131","1250","Ec_N",153,11,11,"Ec",13,0,0,1,1,0,0.499809141804299
"9132","1250","Ec_N",153,12,12,"Ec",14,1,0,1,1,0,0.720821796264067
"9133","1250","Ec_N",153,13,13,"Ec",14,1,0,1,1,0,0.720821796264067
"9134","1250","Ec_N",153,14,14,"Ec",14,1,0,1,1,0,0.720821796264067
"9135","1250","Ec_N",153,15,15,"Ec",14,1,0,1,1,0,0.720821796264067
"9136","1250","Ec_N",153,16,16,"Ec",14,1,0,1,1,0,0.720821796264067
"9137","1250","Ec_N",153,17,17,"Ec",14,1,0,1,1,0,0.720821796264067
"9138","1250","Ec_N",153,18,18,"Ec",14,1,0,1,1,0,0.720821796264067
"9139","1250","Ec_N",153,19,19,"Ec",14,1,0,1,1,0,0.720821796264067
"9140","1250","Ec_N",153,20,20,"Ec",14,1,0,1,1,0,0.720821796264067
"9141","1250","Ec_N",153,21,21,"Ec",14,1,0,1,1,0,0.720821796264067
"9142","1250","Ec_N",153,22,22,"Ec",14,1,0,1,1,0,0.720821796264067
"9143","1250","Ec_N",153,23,23,"Ec",14,1,0,1,1,0,0.720821796264067
"9144","1250","Ec_N",153,24,24,"Ec",30,1,0,1,1,1,0.981696467924213
"9145","1250","Ec_N",153,25,25,"Ec",30,1,0,1,1,1,0.981696467924213
"9146","1250","Ec_N",153,26,26,"Ec",30,1,0,1,1,1,0.981696467924213
"9147","1250","Ec_N",153,27,27,"Ec",30,1,0,1,1,1,0.981696467924213
"9148","1250","Ec_N",153,28,28,"Ec",30,1,0,1,1,1,0.981696467924213
"9149","1250","Ec_N",153,29,29,"Ec",30,1,0,1,1,1,0.981696467924213
"9150","1250","Ec_N",153,30,30,"Ec",30,1,0,1,1,1,0.981696467924213
"9151","1250","Ec_N",153,31,31,"Ec",30,1,0,1,1,1,0.981696467924213
"9152","1250","Ec_N",153,32,32,"Ec",30,1,0,1,1,1,0.981696467924213
"9153","1250","Ec_N",153,33,33,"Ec",30,1,0,1,1,1,0.981696467924213
"9154","1250","Ec_N",153,34,34,"Ec",30,1,0,1,1,1,0.981696467924213
"9155","1250","Ec_N",153,35,35,"Ec",30,1,0,1,1,1,0.981696467924213
"9156","1250","Ec_N",153,36,36,"Ec",30,1,0,1,1,1,0.981696467924213
"9157","1250","Ec_N",153,37,37,"Ec",30,1,0,1,1,1,0.981696467924213
"9158","1250","Ec_N",153,38,38,"Ec",30,1,0,1,1,1,0.981696467924213
"9159","1250","Ec_N",153,39,39,"Ec",30,1,0,1,1,1,0.981696467924213
"9160","1250","Ec_N",153,40,40,"Ec",30,1,0,1,1,1,0.981696467924213
"9161","1250","Ec_N",153,41,41,"Ec",30,1,0,1,1,1,0.981696467924213
"9162","1250","Ec_N",153,42,42,"Ec",30,1,0,1,1,1,0.981696467924213
"9163","1250","Ec_N",153,43,43,"Ec",30,1,0,1,1,1,0.981696467924213
"9164","1250","Ec_N",153,44,44,"Ec",32,1,1,1,1,1,1
"9165","1250","Ec_N",153,45,45,"Ec",32,1,1,1,1,1,1
"9166","1250","Ec_N",153,46,46,"Ec",32,1,1,1,1,1,1
"9167","1250","Ec_N",153,47,47,"Ec",32,1,1,1,1,1,1
"9168","1250","Ec_N",153,48,48,"Ec",32,1,1,1,1,1,1
"9169","1250","Ec_N",153,49,49,"Ec",32,1,1,1,1,1,1
"9170","1250","Ec_N",153,50,50,"Ec",32,1,1,1,1,1,1
"9171","1250","Ec_N",153,51,51,"Ec",32,1,1,1,1,1,1
"9172","1250","Ec_N",153,52,52,"Ec",32,1,1,1,1,1,1
"9173","1250","Ec_N",153,53,53,"Ec",32,1,1,1,1,1,1
"9174","1250","Ec_N",153,54,54,"Ec",32,1,1,1,1,1,1
"9175","1250","Ec_N",153,55,55,"Ec",32,1,1,1,1,1,1
"9176","1250","Ec_N",153,56,56,"Ec",32,1,1,1,1,1,1
"9177","1250","Ec_N",153,57,57,"Ec",32,1,1,1,1,1,1
"9178","1250","Ec_N",153,58,58,"Ec",32,1,1,1,1,1,1
"9179","1250","Ec_N",153,59,59,"Ec",32,1,1,1,1,1,1
"9180","1250","Ec_N",153,60,60,"Ec",32,1,1,1,1,1,1
"9181","1250","Ec_N",154,1,1,"Ec",1,0,0,0,0,0,0
"9182","1250","Ec_N",154,2,2,"Ec",1,0,0,0,0,0,0
"9183","1250","Ec_N",154,3,3,"Ec",1,0,0,0,0,0,0
"9184","1250","Ec_N",154,4,4,"Ec",1,0,0,0,0,0,0
"9185","1250","Ec_N",154,5,5,"Ec",1,0,0,0,0,0,0
"9186","1250","Ec_N",154,6,6,"Ec",1,0,0,0,0,0,0
"9187","1250","Ec_N",154,7,7,"Ec",1,0,0,0,0,0,0
"9188","1250","Ec_N",154,8,8,"Ec",1,0,0,0,0,0,0
"9189","1250","Ec_N",154,9,9,"Ec",1,0,0,0,0,0,0
"9190","1250","Ec_N",154,10,10,"Ec",17,0,0,0,0,1,0.14692246949649
"9191","1250","Ec_N",154,11,11,"Ec",17,0,0,0,0,1,0.14692246949649
"9192","1250","Ec_N",154,12,12,"Ec",17,0,0,0,0,1,0.14692246949649
"9193","1250","Ec_N",154,13,13,"Ec",17,0,0,0,0,1,0.14692246949649
"9194","1250","Ec_N",154,14,14,"Ec",17,0,0,0,0,1,0.14692246949649
"9195","1250","Ec_N",154,15,15,"Ec",17,0,0,0,0,1,0.14692246949649
"9196","1250","Ec_N",154,16,16,"Ec",17,0,0,0,0,1,0.14692246949649
"9197","1250","Ec_N",154,17,17,"Ec",17,0,0,0,0,1,0.14692246949649
"9198","1250","Ec_N",154,18,18,"Ec",17,0,0,0,0,1,0.14692246949649
"9199","1250","Ec_N",154,19,19,"Ec",17,0,0,0,0,1,0.14692246949649
"9200","1250","Ec_N",154,20,20,"Ec",21,0,0,1,0,1,0.428591116083543
"9201","1250","Ec_N",154,21,21,"Ec",21,0,0,1,0,1,0.428591116083543
"9202","1250","Ec_N",154,22,22,"Ec",21,0,0,1,0,1,0.428591116083543
"9203","1250","Ec_N",154,23,23,"Ec",21,0,0,1,0,1,0.428591116083543
"9204","1250","Ec_N",154,24,24,"Ec",21,0,0,1,0,1,0.428591116083543
"9205","1250","Ec_N",154,25,25,"Ec",21,0,0,1,0,1,0.428591116083543
"9206","1250","Ec_N",154,26,26,"Ec",21,0,0,1,0,1,0.428591116083543
"9207","1250","Ec_N",154,27,27,"Ec",21,0,0,1,0,1,0.428591116083543
"9208","1250","Ec_N",154,28,28,"Ec",21,0,0,1,0,1,0.428591116083543
"9209","1250","Ec_N",154,29,29,"Ec",21,0,0,1,0,1,0.428591116083543
"9210","1250","Ec_N",154,30,30,"Ec",21,0,0,1,0,1,0.428591116083543
"9211","1250","Ec_N",154,31,31,"Ec",22,1,0,1,0,1,0.649603770543311
"9212","1250","Ec_N",154,32,32,"Ec",22,1,0,1,0,1,0.649603770543311
"9213","1250","Ec_N",154,33,33,"Ec",22,1,0,1,0,1,0.649603770543311
"9214","1250","Ec_N",154,34,34,"Ec",22,1,0,1,0,1,0.649603770543311
"9215","1250","Ec_N",154,35,35,"Ec",22,1,0,1,0,1,0.649603770543311
"9216","1250","Ec_N",154,36,36,"Ec",22,1,0,1,0,1,0.649603770543311
"9217","1250","Ec_N",154,37,37,"Ec",22,1,0,1,0,1,0.649603770543311
"9218","1250","Ec_N",154,38,38,"Ec",22,1,0,1,0,1,0.649603770543311
"9219","1250","Ec_N",154,39,39,"Ec",22,1,0,1,0,1,0.649603770543311
"9220","1250","Ec_N",154,40,40,"Ec",22,1,0,1,0,1,0.649603770543311
"9221","1250","Ec_N",154,41,41,"Ec",22,1,0,1,0,1,0.649603770543311
"9222","1250","Ec_N",154,42,42,"Ec",30,1,0,1,1,1,0.981696467924213
"9223","1250","Ec_N",154,43,43,"Ec",30,1,0,1,1,1,0.981696467924213
"9224","1250","Ec_N",154,44,44,"Ec",30,1,0,1,1,1,0.981696467924213
"9225","1250","Ec_N",154,45,45,"Ec",30,1,0,1,1,1,0.981696467924213
"9226","1250","Ec_N",154,46,46,"Ec",30,1,0,1,1,1,0.981696467924213
"9227","1250","Ec_N",154,47,47,"Ec",30,1,0,1,1,1,0.981696467924213
"9228","1250","Ec_N",154,48,48,"Ec",30,1,0,1,1,1,0.981696467924213
"9229","1250","Ec_N",154,49,49,"Ec",30,1,0,1,1,1,0.981696467924213
"9230","1250","Ec_N",154,50,50,"Ec",30,1,0,1,1,1,0.981696467924213
"9231","1250","Ec_N",154,51,51,"Ec",30,1,0,1,1,1,0.981696467924213
"9232","1250","Ec_N",154,52,52,"Ec",30,1,0,1,1,1,0.981696467924213
"9233","1250","Ec_N",154,53,53,"Ec",30,1,0,1,1,1,0.981696467924213
"9234","1250","Ec_N",154,54,54,"Ec",30,1,0,1,1,1,0.981696467924213
"9235","1250","Ec_N",154,55,55,"Ec",30,1,0,1,1,1,0.981696467924213
"9236","1250","Ec_N",154,56,56,"Ec",32,1,1,1,1,1,1
"9237","1250","Ec_N",154,57,57,"Ec",32,1,1,1,1,1,1
"9238","1250","Ec_N",154,58,58,"Ec",32,1,1,1,1,1,1
"9239","1250","Ec_N",154,59,59,"Ec",32,1,1,1,1,1,1
"9240","1250","Ec_N",154,60,60,"Ec",32,1,1,1,1,1,1
"9241","1250","Ec_N",155,1,1,"Ec",1,0,0,0,0,0,0
"9242","1250","Ec_N",155,2,2,"Ec",9,0,0,0,1,0,0.267745650041575
"9243","1250","Ec_N",155,3,3,"Ec",9,0,0,0,1,0,0.267745650041575
"9244","1250","Ec_N",155,4,4,"Ec",9,0,0,0,1,0,0.267745650041575
"9245","1250","Ec_N",155,5,5,"Ec",9,0,0,0,1,0,0.267745650041575
"9246","1250","Ec_N",155,6,6,"Ec",9,0,0,0,1,0,0.267745650041575
"9247","1250","Ec_N",155,7,7,"Ec",9,0,0,0,1,0,0.267745650041575
"9248","1250","Ec_N",155,8,8,"Ec",9,0,0,0,1,0,0.267745650041575
"9249","1250","Ec_N",155,9,9,"Ec",9,0,0,0,1,0,0.267745650041575
"9250","1250","Ec_N",155,10,10,"Ec",9,0,0,0,1,0,0.267745650041575
"9251","1250","Ec_N",155,11,11,"Ec",9,0,0,0,1,0,0.267745650041575
"9252","1250","Ec_N",155,12,12,"Ec",9,0,0,0,1,0,0.267745650041575
"9253","1250","Ec_N",155,13,13,"Ec",9,0,0,0,1,0,0.267745650041575
"9254","1250","Ec_N",155,14,14,"Ec",9,0,0,0,1,0,0.267745650041575
"9255","1250","Ec_N",155,15,15,"Ec",9,0,0,0,1,0,0.267745650041575
"9256","1250","Ec_N",155,16,16,"Ec",25,0,0,0,1,1,0.464273274362394
"9257","1250","Ec_N",155,17,17,"Ec",25,0,0,0,1,1,0.464273274362394
"9258","1250","Ec_N",155,18,18,"Ec",27,0,1,0,1,1,0.50104458373578
"9259","1250","Ec_N",155,19,19,"Ec",27,0,1,0,1,1,0.50104458373578
"9260","1250","Ec_N",155,20,20,"Ec",27,0,1,0,1,1,0.50104458373578
"9261","1250","Ec_N",155,21,21,"Ec",27,0,1,0,1,1,0.50104458373578
"9262","1250","Ec_N",155,22,22,"Ec",27,0,1,0,1,1,0.50104458373578
"9263","1250","Ec_N",155,23,23,"Ec",27,0,1,0,1,1,0.50104458373578
"9264","1250","Ec_N",155,24,24,"Ec",27,0,1,0,1,1,0.50104458373578
"9265","1250","Ec_N",155,25,25,"Ec",27,0,1,0,1,1,0.50104458373578
"9266","1250","Ec_N",155,26,26,"Ec",27,0,1,0,1,1,0.50104458373578
"9267","1250","Ec_N",155,27,27,"Ec",27,0,1,0,1,1,0.50104458373578
"9268","1250","Ec_N",155,28,28,"Ec",27,0,1,0,1,1,0.50104458373578
"9269","1250","Ec_N",155,29,29,"Ec",27,0,1,0,1,1,0.50104458373578
"9270","1250","Ec_N",155,30,30,"Ec",27,0,1,0,1,1,0.50104458373578
"9271","1250","Ec_N",155,31,31,"Ec",27,0,1,0,1,1,0.50104458373578
"9272","1250","Ec_N",155,32,32,"Ec",27,0,1,0,1,1,0.50104458373578
"9273","1250","Ec_N",155,33,33,"Ec",27,0,1,0,1,1,0.50104458373578
"9274","1250","Ec_N",155,34,34,"Ec",27,0,1,0,1,1,0.50104458373578
"9275","1250","Ec_N",155,35,35,"Ec",27,0,1,0,1,1,0.50104458373578
"9276","1250","Ec_N",155,36,36,"Ec",27,0,1,0,1,1,0.50104458373578
"9277","1250","Ec_N",155,37,37,"Ec",27,0,1,0,1,1,0.50104458373578
"9278","1250","Ec_N",155,38,38,"Ec",27,0,1,0,1,1,0.50104458373578
"9279","1250","Ec_N",155,39,39,"Ec",27,0,1,0,1,1,0.50104458373578
"9280","1250","Ec_N",155,40,40,"Ec",27,0,1,0,1,1,0.50104458373578
"9281","1250","Ec_N",155,41,41,"Ec",27,0,1,0,1,1,0.50104458373578
"9282","1250","Ec_N",155,42,42,"Ec",27,0,1,0,1,1,0.50104458373578
"9283","1250","Ec_N",155,43,43,"Ec",27,0,1,0,1,1,0.50104458373578
"9284","1250","Ec_N",155,44,44,"Ec",27,0,1,0,1,1,0.50104458373578
"9285","1250","Ec_N",155,45,45,"Ec",28,1,1,0,1,1,0.770762719311211
"9286","1250","Ec_N",155,46,46,"Ec",28,1,1,0,1,1,0.770762719311211
"9287","1250","Ec_N",155,47,47,"Ec",28,1,1,0,1,1,0.770762719311211
"9288","1250","Ec_N",155,48,48,"Ec",28,1,1,0,1,1,0.770762719311211
"9289","1250","Ec_N",155,49,49,"Ec",28,1,1,0,1,1,0.770762719311211
"9290","1250","Ec_N",155,50,50,"Ec",28,1,1,0,1,1,0.770762719311211
"9291","1250","Ec_N",155,51,51,"Ec",28,1,1,0,1,1,0.770762719311211
"9292","1250","Ec_N",155,52,52,"Ec",28,1,1,0,1,1,0.770762719311211
"9293","1250","Ec_N",155,53,53,"Ec",28,1,1,0,1,1,0.770762719311211
"9294","1250","Ec_N",155,54,54,"Ec",28,1,1,0,1,1,0.770762719311211
"9295","1250","Ec_N",155,55,55,"Ec",28,1,1,0,1,1,0.770762719311211
"9296","1250","Ec_N",155,56,56,"Ec",28,1,1,0,1,1,0.770762719311211
"9297","1250","Ec_N",155,57,57,"Ec",28,1,1,0,1,1,0.770762719311211
"9298","1250","Ec_N",155,58,58,"Ec",28,1,1,0,1,1,0.770762719311211
"9299","1250","Ec_N",155,59,59,"Ec",28,1,1,0,1,1,0.770762719311211
"9300","1250","Ec_N",155,60,60,"Ec",28,1,1,0,1,1,0.770762719311211
"9301","1250","Ec_N",156,1,1,"Ec",1,0,0,0,0,0,0
"9302","1250","Ec_N",156,2,2,"Ec",1,0,0,0,0,0,0
"9303","1250","Ec_N",156,3,3,"Ec",1,0,0,0,0,0,0
"9304","1250","Ec_N",156,4,4,"Ec",1,0,0,0,0,0,0
"9305","1250","Ec_N",156,5,5,"Ec",1,0,0,0,0,0,0
"9306","1250","Ec_N",156,6,6,"Ec",1,0,0,0,0,0,0
"9307","1250","Ec_N",156,7,7,"Ec",5,0,0,1,0,0,0.232063491762724
"9308","1250","Ec_N",156,8,8,"Ec",7,0,1,1,0,0,0.314714071177838
"9309","1250","Ec_N",156,9,9,"Ec",7,0,1,1,0,0,0.314714071177838
"9310","1250","Ec_N",156,10,10,"Ec",7,0,1,1,0,0,0.314714071177838
"9311","1250","Ec_N",156,11,11,"Ec",7,0,1,1,0,0,0.314714071177838
"9312","1250","Ec_N",156,12,12,"Ec",7,0,1,1,0,0,0.314714071177838
"9313","1250","Ec_N",156,13,13,"Ec",7,0,1,1,0,0,0.314714071177838
"9314","1250","Ec_N",156,14,14,"Ec",7,0,1,1,0,0,0.314714071177838
"9315","1250","Ec_N",156,15,15,"Ec",7,0,1,1,0,0,0.314714071177838
"9316","1250","Ec_N",156,16,16,"Ec",7,0,1,1,0,0,0.314714071177838
"9317","1250","Ec_N",156,17,17,"Ec",23,0,1,1,0,1,0.511241695498657
"9318","1250","Ec_N",156,18,18,"Ec",23,0,1,1,0,1,0.511241695498657
"9319","1250","Ec_N",156,19,19,"Ec",23,0,1,1,0,1,0.511241695498657
"9320","1250","Ec_N",156,20,20,"Ec",23,0,1,1,0,1,0.511241695498657
"9321","1250","Ec_N",156,21,21,"Ec",23,0,1,1,0,1,0.511241695498657
"9322","1250","Ec_N",156,22,22,"Ec",23,0,1,1,0,1,0.511241695498657
"9323","1250","Ec_N",156,23,23,"Ec",23,0,1,1,0,1,0.511241695498657
"9324","1250","Ec_N",156,24,24,"Ec",23,0,1,1,0,1,0.511241695498657
"9325","1250","Ec_N",156,25,25,"Ec",23,0,1,1,0,1,0.511241695498657
"9326","1250","Ec_N",156,26,26,"Ec",23,0,1,1,0,1,0.511241695498657
"9327","1250","Ec_N",156,27,27,"Ec",23,0,1,1,0,1,0.511241695498657
"9328","1250","Ec_N",156,28,28,"Ec",23,0,1,1,0,1,0.511241695498657
"9329","1250","Ec_N",156,29,29,"Ec",23,0,1,1,0,1,0.511241695498657
"9330","1250","Ec_N",156,30,30,"Ec",23,0,1,1,0,1,0.511241695498657
"9331","1250","Ec_N",156,31,31,"Ec",23,0,1,1,0,1,0.511241695498657
"9332","1250","Ec_N",156,32,32,"Ec",23,0,1,1,0,1,0.511241695498657
"9333","1250","Ec_N",156,33,33,"Ec",24,1,1,1,0,1,0.732254349958425
"9334","1250","Ec_N",156,34,34,"Ec",24,1,1,1,0,1,0.732254349958425
"9335","1250","Ec_N",156,35,35,"Ec",24,1,1,1,0,1,0.732254349958425
"9336","1250","Ec_N",156,36,36,"Ec",24,1,1,1,0,1,0.732254349958425
"9337","1250","Ec_N",156,37,37,"Ec",24,1,1,1,0,1,0.732254349958425
"9338","1250","Ec_N",156,38,38,"Ec",32,1,1,1,1,1,1
"9339","1250","Ec_N",156,39,39,"Ec",32,1,1,1,1,1,1
"9340","1250","Ec_N",156,40,40,"Ec",32,1,1,1,1,1,1
"9341","1250","Ec_N",156,41,41,"Ec",32,1,1,1,1,1,1
"9342","1250","Ec_N",156,42,42,"Ec",32,1,1,1,1,1,1
"9343","1250","Ec_N",156,43,43,"Ec",32,1,1,1,1,1,1
"9344","1250","Ec_N",156,44,44,"Ec",32,1,1,1,1,1,1
"9345","1250","Ec_N",156,45,45,"Ec",32,1,1,1,1,1,1
"9346","1250","Ec_N",156,46,46,"Ec",32,1,1,1,1,1,1
"9347","1250","Ec_N",156,47,47,"Ec",32,1,1,1,1,1,1
"9348","1250","Ec_N",156,48,48,"Ec",32,1,1,1,1,1,1
"9349","1250","Ec_N",156,49,49,"Ec",32,1,1,1,1,1,1
"9350","1250","Ec_N",156,50,50,"Ec",32,1,1,1,1,1,1
"9351","1250","Ec_N",156,51,51,"Ec",32,1,1,1,1,1,1
"9352","1250","Ec_N",156,52,52,"Ec",32,1,1,1,1,1,1
"9353","1250","Ec_N",156,53,53,"Ec",32,1,1,1,1,1,1
"9354","1250","Ec_N",156,54,54,"Ec",32,1,1,1,1,1,1
"9355","1250","Ec_N",156,55,55,"Ec",32,1,1,1,1,1,1
"9356","1250","Ec_N",156,56,56,"Ec",32,1,1,1,1,1,1
"9357","1250","Ec_N",156,57,57,"Ec",32,1,1,1,1,1,1
"9358","1250","Ec_N",156,58,58,"Ec",32,1,1,1,1,1,1
"9359","1250","Ec_N",156,59,59,"Ec",32,1,1,1,1,1,1
"9360","1250","Ec_N",156,60,60,"Ec",32,1,1,1,1,1,1
"9361","1250","Ec_N",157,1,1,"Ec",1,0,0,0,0,0,0
"9362","1250","Ec_N",157,2,2,"Ec",1,0,0,0,0,0,0
"9363","1250","Ec_N",157,3,3,"Ec",1,0,0,0,0,0,0
"9364","1250","Ec_N",157,4,4,"Ec",1,0,0,0,0,0,0
"9365","1250","Ec_N",157,5,5,"Ec",1,0,0,0,0,0,0
"9366","1250","Ec_N",157,6,6,"Ec",1,0,0,0,0,0,0
"9367","1250","Ec_N",157,7,7,"Ec",9,0,0,0,1,0,0.267745650041575
"9368","1250","Ec_N",157,8,8,"Ec",9,0,0,0,1,0,0.267745650041575
"9369","1250","Ec_N",157,9,9,"Ec",9,0,0,0,1,0,0.267745650041575
"9370","1250","Ec_N",157,10,10,"Ec",9,0,0,0,1,0,0.267745650041575
"9371","1250","Ec_N",157,11,11,"Ec",9,0,0,0,1,0,0.267745650041575
"9372","1250","Ec_N",157,12,12,"Ec",9,0,0,0,1,0,0.267745650041575
"9373","1250","Ec_N",157,13,13,"Ec",9,0,0,0,1,0,0.267745650041575
"9374","1250","Ec_N",157,14,14,"Ec",10,1,0,0,1,0,0.488758304501343
"9375","1250","Ec_N",157,15,15,"Ec",10,1,0,0,1,0,0.488758304501343
"9376","1250","Ec_N",157,16,16,"Ec",10,1,0,0,1,0,0.488758304501343
"9377","1250","Ec_N",157,17,17,"Ec",10,1,0,0,1,0,0.488758304501343
"9378","1250","Ec_N",157,18,18,"Ec",10,1,0,0,1,0,0.488758304501343
"9379","1250","Ec_N",157,19,19,"Ec",10,1,0,0,1,0,0.488758304501343
"9380","1250","Ec_N",157,20,20,"Ec",10,1,0,0,1,0,0.488758304501343
"9381","1250","Ec_N",157,21,21,"Ec",10,1,0,0,1,0,0.488758304501343
"9382","1250","Ec_N",157,22,22,"Ec",10,1,0,0,1,0,0.488758304501343
"9383","1250","Ec_N",157,23,23,"Ec",10,1,0,0,1,0,0.488758304501343
"9384","1250","Ec_N",157,24,24,"Ec",10,1,0,0,1,0,0.488758304501343
"9385","1250","Ec_N",157,25,25,"Ec",12,1,1,0,1,0,0.552627762799163
"9386","1250","Ec_N",157,26,26,"Ec",16,1,1,1,1,0,0.879284144928883
"9387","1250","Ec_N",157,27,27,"Ec",16,1,1,1,1,0,0.879284144928883
"9388","1250","Ec_N",157,28,28,"Ec",16,1,1,1,1,0,0.879284144928883
"9389","1250","Ec_N",157,29,29,"Ec",16,1,1,1,1,0,0.879284144928883
"9390","1250","Ec_N",157,30,30,"Ec",16,1,1,1,1,0,0.879284144928883
"9391","1250","Ec_N",157,31,31,"Ec",16,1,1,1,1,0,0.879284144928883
"9392","1250","Ec_N",157,32,32,"Ec",16,1,1,1,1,0,0.879284144928883
"9393","1250","Ec_N",157,33,33,"Ec",32,1,1,1,1,1,1
"9394","1250","Ec_N",157,34,34,"Ec",32,1,1,1,1,1,1
"9395","1250","Ec_N",157,35,35,"Ec",32,1,1,1,1,1,1
"9396","1250","Ec_N",157,36,36,"Ec",32,1,1,1,1,1,1
"9397","1250","Ec_N",157,37,37,"Ec",32,1,1,1,1,1,1
"9398","1250","Ec_N",157,38,38,"Ec",32,1,1,1,1,1,1
"9399","1250","Ec_N",157,39,39,"Ec",32,1,1,1,1,1,1
"9400","1250","Ec_N",157,40,40,"Ec",32,1,1,1,1,1,1
"9401","1250","Ec_N",157,41,41,"Ec",32,1,1,1,1,1,1
"9402","1250","Ec_N",157,42,42,"Ec",32,1,1,1,1,1,1
"9403","1250","Ec_N",157,43,43,"Ec",32,1,1,1,1,1,1
"9404","1250","Ec_N",157,44,44,"Ec",32,1,1,1,1,1,1
"9405","1250","Ec_N",157,45,45,"Ec",32,1,1,1,1,1,1
"9406","1250","Ec_N",157,46,46,"Ec",32,1,1,1,1,1,1
"9407","1250","Ec_N",157,47,47,"Ec",32,1,1,1,1,1,1
"9408","1250","Ec_N",157,48,48,"Ec",32,1,1,1,1,1,1
"9409","1250","Ec_N",157,49,49,"Ec",32,1,1,1,1,1,1
"9410","1250","Ec_N",157,50,50,"Ec",32,1,1,1,1,1,1
"9411","1250","Ec_N",157,51,51,"Ec",32,1,1,1,1,1,1
"9412","1250","Ec_N",157,52,52,"Ec",32,1,1,1,1,1,1
"9413","1250","Ec_N",157,53,53,"Ec",32,1,1,1,1,1,1
"9414","1250","Ec_N",157,54,54,"Ec",32,1,1,1,1,1,1
"9415","1250","Ec_N",157,55,55,"Ec",32,1,1,1,1,1,1
"9416","1250","Ec_N",157,56,56,"Ec",32,1,1,1,1,1,1
"9417","1250","Ec_N",157,57,57,"Ec",32,1,1,1,1,1,1
"9418","1250","Ec_N",157,58,58,"Ec",32,1,1,1,1,1,1
"9419","1250","Ec_N",157,59,59,"Ec",32,1,1,1,1,1,1
"9420","1250","Ec_N",157,60,60,"Ec",32,1,1,1,1,1,1
"9421","1250","Ec_N",158,1,1,"Ec",1,0,0,0,0,0,0
"9422","1250","Ec_N",158,2,2,"Ec",9,0,0,0,1,0,0.267745650041575
"9423","1250","Ec_N",158,3,3,"Ec",9,0,0,0,1,0,0.267745650041575
"9424","1250","Ec_N",158,4,4,"Ec",9,0,0,0,1,0,0.267745650041575
"9425","1250","Ec_N",158,5,5,"Ec",9,0,0,0,1,0,0.267745650041575
"9426","1250","Ec_N",158,6,6,"Ec",9,0,0,0,1,0,0.267745650041575
"9427","1250","Ec_N",158,7,7,"Ec",9,0,0,0,1,0,0.267745650041575
"9428","1250","Ec_N",158,8,8,"Ec",9,0,0,0,1,0,0.267745650041575
"9429","1250","Ec_N",158,9,9,"Ec",9,0,0,0,1,0,0.267745650041575
"9430","1250","Ec_N",158,10,10,"Ec",9,0,0,0,1,0,0.267745650041575
"9431","1250","Ec_N",158,11,11,"Ec",9,0,0,0,1,0,0.267745650041575
"9432","1250","Ec_N",158,12,12,"Ec",9,0,0,0,1,0,0.267745650041575
"9433","1250","Ec_N",158,13,13,"Ec",9,0,0,0,1,0,0.267745650041575
"9434","1250","Ec_N",158,14,14,"Ec",9,0,0,0,1,0,0.267745650041575
"9435","1250","Ec_N",158,15,15,"Ec",9,0,0,0,1,0,0.267745650041575
"9436","1250","Ec_N",158,16,16,"Ec",9,0,0,0,1,0,0.267745650041575
"9437","1250","Ec_N",158,17,17,"Ec",9,0,0,0,1,0,0.267745650041575
"9438","1250","Ec_N",158,18,18,"Ec",9,0,0,0,1,0,0.267745650041575
"9439","1250","Ec_N",158,19,19,"Ec",25,0,0,0,1,1,0.464273274362394
"9440","1250","Ec_N",158,20,20,"Ec",26,1,0,0,1,1,0.685285928822162
"9441","1250","Ec_N",158,21,21,"Ec",26,1,0,0,1,1,0.685285928822162
"9442","1250","Ec_N",158,22,22,"Ec",26,1,0,0,1,1,0.685285928822162
"9443","1250","Ec_N",158,23,23,"Ec",26,1,0,0,1,1,0.685285928822162
"9444","1250","Ec_N",158,24,24,"Ec",26,1,0,0,1,1,0.685285928822162
"9445","1250","Ec_N",158,25,25,"Ec",26,1,0,0,1,1,0.685285928822162
"9446","1250","Ec_N",158,26,26,"Ec",26,1,0,0,1,1,0.685285928822162
"9447","1250","Ec_N",158,27,27,"Ec",26,1,0,0,1,1,0.685285928822162
"9448","1250","Ec_N",158,28,28,"Ec",26,1,0,0,1,1,0.685285928822162
"9449","1250","Ec_N",158,29,29,"Ec",26,1,0,0,1,1,0.685285928822162
"9450","1250","Ec_N",158,30,30,"Ec",26,1,0,0,1,1,0.685285928822162
"9451","1250","Ec_N",158,31,31,"Ec",26,1,0,0,1,1,0.685285928822162
"9452","1250","Ec_N",158,32,32,"Ec",26,1,0,0,1,1,0.685285928822162
"9453","1250","Ec_N",158,33,33,"Ec",26,1,0,0,1,1,0.685285928822162
"9454","1250","Ec_N",158,34,34,"Ec",26,1,0,0,1,1,0.685285928822162
"9455","1250","Ec_N",158,35,35,"Ec",26,1,0,0,1,1,0.685285928822162
"9456","1250","Ec_N",158,36,36,"Ec",26,1,0,0,1,1,0.685285928822162
"9457","1250","Ec_N",158,37,37,"Ec",26,1,0,0,1,1,0.685285928822162
"9458","1250","Ec_N",158,38,38,"Ec",26,1,0,0,1,1,0.685285928822162
"9459","1250","Ec_N",158,39,39,"Ec",26,1,0,0,1,1,0.685285928822162
"9460","1250","Ec_N",158,40,40,"Ec",26,1,0,0,1,1,0.685285928822162
"9461","1250","Ec_N",158,41,41,"Ec",28,1,1,0,1,1,0.770762719311211
"9462","1250","Ec_N",158,42,42,"Ec",28,1,1,0,1,1,0.770762719311211
"9463","1250","Ec_N",158,43,43,"Ec",28,1,1,0,1,1,0.770762719311211
"9464","1250","Ec_N",158,44,44,"Ec",28,1,1,0,1,1,0.770762719311211
"9465","1250","Ec_N",158,45,45,"Ec",28,1,1,0,1,1,0.770762719311211
"9466","1250","Ec_N",158,46,46,"Ec",28,1,1,0,1,1,0.770762719311211
"9467","1250","Ec_N",158,47,47,"Ec",28,1,1,0,1,1,0.770762719311211
"9468","1250","Ec_N",158,48,48,"Ec",28,1,1,0,1,1,0.770762719311211
"9469","1250","Ec_N",158,49,49,"Ec",28,1,1,0,1,1,0.770762719311211
"9470","1250","Ec_N",158,50,50,"Ec",28,1,1,0,1,1,0.770762719311211
"9471","1250","Ec_N",158,51,51,"Ec",28,1,1,0,1,1,0.770762719311211
"9472","1250","Ec_N",158,52,52,"Ec",28,1,1,0,1,1,0.770762719311211
"9473","1250","Ec_N",158,53,53,"Ec",28,1,1,0,1,1,0.770762719311211
"9474","1250","Ec_N",158,54,54,"Ec",28,1,1,0,1,1,0.770762719311211
"9475","1250","Ec_N",158,55,55,"Ec",28,1,1,0,1,1,0.770762719311211
"9476","1250","Ec_N",158,56,56,"Ec",28,1,1,0,1,1,0.770762719311211
"9477","1250","Ec_N",158,57,57,"Ec",28,1,1,0,1,1,0.770762719311211
"9478","1250","Ec_N",158,58,58,"Ec",28,1,1,0,1,1,0.770762719311211
"9479","1250","Ec_N",158,59,59,"Ec",28,1,1,0,1,1,0.770762719311211
"9480","1250","Ec_N",158,60,60,"Ec",28,1,1,0,1,1,0.770762719311211
"9481","1250","Ec_N",159,1,1,"Ec",1,0,0,0,0,0,0
"9482","1250","Ec_N",159,2,2,"Ec",1,0,0,0,0,0,0
"9483","1250","Ec_N",159,3,3,"Ec",5,0,0,1,0,0,0.232063491762724
"9484","1250","Ec_N",159,4,4,"Ec",6,1,0,1,0,0,0.453076146222492
"9485","1250","Ec_N",159,5,5,"Ec",6,1,0,1,0,0,0.453076146222492
"9486","1250","Ec_N",159,6,6,"Ec",6,1,0,1,0,0,0.453076146222492
"9487","1250","Ec_N",159,7,7,"Ec",6,1,0,1,0,0,0.453076146222492
"9488","1250","Ec_N",159,8,8,"Ec",6,1,0,1,0,0,0.453076146222492
"9489","1250","Ec_N",159,9,9,"Ec",6,1,0,1,0,0,0.453076146222492
"9490","1250","Ec_N",159,10,10,"Ec",6,1,0,1,0,0,0.453076146222492
"9491","1250","Ec_N",159,11,11,"Ec",6,1,0,1,0,0,0.453076146222492
"9492","1250","Ec_N",159,12,12,"Ec",6,1,0,1,0,0,0.453076146222492
"9493","1250","Ec_N",159,13,13,"Ec",6,1,0,1,0,0,0.453076146222492
"9494","1250","Ec_N",159,14,14,"Ec",14,1,0,1,1,0,0.720821796264067
"9495","1250","Ec_N",159,15,15,"Ec",14,1,0,1,1,0,0.720821796264067
"9496","1250","Ec_N",159,16,16,"Ec",14,1,0,1,1,0,0.720821796264067
"9497","1250","Ec_N",159,17,17,"Ec",30,1,0,1,1,1,0.981696467924213
"9498","1250","Ec_N",159,18,18,"Ec",30,1,0,1,1,1,0.981696467924213
"9499","1250","Ec_N",159,19,19,"Ec",30,1,0,1,1,1,0.981696467924213
"9500","1250","Ec_N",159,20,20,"Ec",30,1,0,1,1,1,0.981696467924213
"9501","1250","Ec_N",159,21,21,"Ec",30,1,0,1,1,1,0.981696467924213
"9502","1250","Ec_N",159,22,22,"Ec",30,1,0,1,1,1,0.981696467924213
"9503","1250","Ec_N",159,23,23,"Ec",30,1,0,1,1,1,0.981696467924213
"9504","1250","Ec_N",159,24,24,"Ec",30,1,0,1,1,1,0.981696467924213
"9505","1250","Ec_N",159,25,25,"Ec",30,1,0,1,1,1,0.981696467924213
"9506","1250","Ec_N",159,26,26,"Ec",30,1,0,1,1,1,0.981696467924213
"9507","1250","Ec_N",159,27,27,"Ec",30,1,0,1,1,1,0.981696467924213
"9508","1250","Ec_N",159,28,28,"Ec",30,1,0,1,1,1,0.981696467924213
"9509","1250","Ec_N",159,29,29,"Ec",30,1,0,1,1,1,0.981696467924213
"9510","1250","Ec_N",159,30,30,"Ec",30,1,0,1,1,1,0.981696467924213
"9511","1250","Ec_N",159,31,31,"Ec",30,1,0,1,1,1,0.981696467924213
"9512","1250","Ec_N",159,32,32,"Ec",32,1,1,1,1,1,1
"9513","1250","Ec_N",159,33,33,"Ec",32,1,1,1,1,1,1
"9514","1250","Ec_N",159,34,34,"Ec",32,1,1,1,1,1,1
"9515","1250","Ec_N",159,35,35,"Ec",32,1,1,1,1,1,1
"9516","1250","Ec_N",159,36,36,"Ec",32,1,1,1,1,1,1
"9517","1250","Ec_N",159,37,37,"Ec",32,1,1,1,1,1,1
"9518","1250","Ec_N",159,38,38,"Ec",32,1,1,1,1,1,1
"9519","1250","Ec_N",159,39,39,"Ec",32,1,1,1,1,1,1
"9520","1250","Ec_N",159,40,40,"Ec",32,1,1,1,1,1,1
"9521","1250","Ec_N",159,41,41,"Ec",32,1,1,1,1,1,1
"9522","1250","Ec_N",159,42,42,"Ec",32,1,1,1,1,1,1
"9523","1250","Ec_N",159,43,43,"Ec",32,1,1,1,1,1,1
"9524","1250","Ec_N",159,44,44,"Ec",32,1,1,1,1,1,1
"9525","1250","Ec_N",159,45,45,"Ec",32,1,1,1,1,1,1
"9526","1250","Ec_N",159,46,46,"Ec",32,1,1,1,1,1,1
"9527","1250","Ec_N",159,47,47,"Ec",32,1,1,1,1,1,1
"9528","1250","Ec_N",159,48,48,"Ec",32,1,1,1,1,1,1
"9529","1250","Ec_N",159,49,49,"Ec",32,1,1,1,1,1,1
"9530","1250","Ec_N",159,50,50,"Ec",32,1,1,1,1,1,1
"9531","1250","Ec_N",159,51,51,"Ec",32,1,1,1,1,1,1
"9532","1250","Ec_N",159,52,52,"Ec",32,1,1,1,1,1,1
"9533","1250","Ec_N",159,53,53,"Ec",32,1,1,1,1,1,1
"9534","1250","Ec_N",159,54,54,"Ec",32,1,1,1,1,1,1
"9535","1250","Ec_N",159,55,55,"Ec",32,1,1,1,1,1,1
"9536","1250","Ec_N",159,56,56,"Ec",32,1,1,1,1,1,1
"9537","1250","Ec_N",159,57,57,"Ec",32,1,1,1,1,1,1
"9538","1250","Ec_N",159,58,58,"Ec",32,1,1,1,1,1,1
"9539","1250","Ec_N",159,59,59,"Ec",32,1,1,1,1,1,1
"9540","1250","Ec_N",159,60,60,"Ec",32,1,1,1,1,1,1
"9541","1250","Ec_N",160,1,1,"Ec",1,0,0,0,0,0,0
"9542","1250","Ec_N",160,2,2,"Ec",1,0,0,0,0,0,0
"9543","1250","Ec_N",160,3,3,"Ec",1,0,0,0,0,0,0
"9544","1250","Ec_N",160,4,4,"Ec",1,0,0,0,0,0,0
"9545","1250","Ec_N",160,5,5,"Ec",1,0,0,0,0,0,0
"9546","1250","Ec_N",160,6,6,"Ec",1,0,0,0,0,0,0
"9547","1250","Ec_N",160,7,7,"Ec",9,0,0,0,1,0,0.267745650041575
"9548","1250","Ec_N",160,8,8,"Ec",9,0,0,0,1,0,0.267745650041575
"9549","1250","Ec_N",160,9,9,"Ec",10,1,0,0,1,0,0.488758304501343
"9550","1250","Ec_N",160,10,10,"Ec",10,1,0,0,1,0,0.488758304501343
"9551","1250","Ec_N",160,11,11,"Ec",26,1,0,0,1,1,0.685285928822162
"9552","1250","Ec_N",160,12,12,"Ec",26,1,0,0,1,1,0.685285928822162
"9553","1250","Ec_N",160,13,13,"Ec",26,1,0,0,1,1,0.685285928822162
"9554","1250","Ec_N",160,14,14,"Ec",26,1,0,0,1,1,0.685285928822162
"9555","1250","Ec_N",160,15,15,"Ec",26,1,0,0,1,1,0.685285928822162
"9556","1250","Ec_N",160,16,16,"Ec",26,1,0,0,1,1,0.685285928822162
"9557","1250","Ec_N",160,17,17,"Ec",26,1,0,0,1,1,0.685285928822162
"9558","1250","Ec_N",160,18,18,"Ec",26,1,0,0,1,1,0.685285928822162
"9559","1250","Ec_N",160,19,19,"Ec",26,1,0,0,1,1,0.685285928822162
"9560","1250","Ec_N",160,20,20,"Ec",26,1,0,0,1,1,0.685285928822162
"9561","1250","Ec_N",160,21,21,"Ec",26,1,0,0,1,1,0.685285928822162
"9562","1250","Ec_N",160,22,22,"Ec",26,1,0,0,1,1,0.685285928822162
"9563","1250","Ec_N",160,23,23,"Ec",28,1,1,0,1,1,0.770762719311211
"9564","1250","Ec_N",160,24,24,"Ec",28,1,1,0,1,1,0.770762719311211
"9565","1250","Ec_N",160,25,25,"Ec",28,1,1,0,1,1,0.770762719311211
"9566","1250","Ec_N",160,26,26,"Ec",28,1,1,0,1,1,0.770762719311211
"9567","1250","Ec_N",160,27,27,"Ec",28,1,1,0,1,1,0.770762719311211
"9568","1250","Ec_N",160,28,28,"Ec",28,1,1,0,1,1,0.770762719311211
"9569","1250","Ec_N",160,29,29,"Ec",28,1,1,0,1,1,0.770762719311211
"9570","1250","Ec_N",160,30,30,"Ec",28,1,1,0,1,1,0.770762719311211
"9571","1250","Ec_N",160,31,31,"Ec",28,1,1,0,1,1,0.770762719311211
"9572","1250","Ec_N",160,32,32,"Ec",28,1,1,0,1,1,0.770762719311211
"9573","1250","Ec_N",160,33,33,"Ec",28,1,1,0,1,1,0.770762719311211
"9574","1250","Ec_N",160,34,34,"Ec",28,1,1,0,1,1,0.770762719311211
"9575","1250","Ec_N",160,35,35,"Ec",28,1,1,0,1,1,0.770762719311211
"9576","1250","Ec_N",160,36,36,"Ec",28,1,1,0,1,1,0.770762719311211
"9577","1250","Ec_N",160,37,37,"Ec",28,1,1,0,1,1,0.770762719311211
"9578","1250","Ec_N",160,38,38,"Ec",28,1,1,0,1,1,0.770762719311211
"9579","1250","Ec_N",160,39,39,"Ec",28,1,1,0,1,1,0.770762719311211
"9580","1250","Ec_N",160,40,40,"Ec",28,1,1,0,1,1,0.770762719311211
"9581","1250","Ec_N",160,41,41,"Ec",28,1,1,0,1,1,0.770762719311211
"9582","1250","Ec_N",160,42,42,"Ec",28,1,1,0,1,1,0.770762719311211
"9583","1250","Ec_N",160,43,43,"Ec",28,1,1,0,1,1,0.770762719311211
"9584","1250","Ec_N",160,44,44,"Ec",28,1,1,0,1,1,0.770762719311211
"9585","1250","Ec_N",160,45,45,"Ec",28,1,1,0,1,1,0.770762719311211
"9586","1250","Ec_N",160,46,46,"Ec",28,1,1,0,1,1,0.770762719311211
"9587","1250","Ec_N",160,47,47,"Ec",28,1,1,0,1,1,0.770762719311211
"9588","1250","Ec_N",160,48,48,"Ec",28,1,1,0,1,1,0.770762719311211
"9589","1250","Ec_N",160,49,49,"Ec",28,1,1,0,1,1,0.770762719311211
"9590","1250","Ec_N",160,50,50,"Ec",28,1,1,0,1,1,0.770762719311211
"9591","1250","Ec_N",160,51,51,"Ec",28,1,1,0,1,1,0.770762719311211
"9592","1250","Ec_N",160,52,52,"Ec",28,1,1,0,1,1,0.770762719311211
"9593","1250","Ec_N",160,53,53,"Ec",28,1,1,0,1,1,0.770762719311211
"9594","1250","Ec_N",160,54,54,"Ec",28,1,1,0,1,1,0.770762719311211
"9595","1250","Ec_N",160,55,55,"Ec",28,1,1,0,1,1,0.770762719311211
"9596","1250","Ec_N",160,56,56,"Ec",28,1,1,0,1,1,0.770762719311211
"9597","1250","Ec_N",160,57,57,"Ec",28,1,1,0,1,1,0.770762719311211
"9598","1250","Ec_N",160,58,58,"Ec",28,1,1,0,1,1,0.770762719311211
"9599","1250","Ec_N",160,59,59,"Ec",28,1,1,0,1,1,0.770762719311211
"9600","1250","Ec_N",160,60,60,"Ec",28,1,1,0,1,1,0.770762719311211
"9601","1250","Ec_N",161,1,1,"Ec",1,0,0,0,0,0,0
"9602","1250","Ec_N",161,2,2,"Ec",1,0,0,0,0,0,0
"9603","1250","Ec_N",161,3,3,"Ec",1,0,0,0,0,0,0
"9604","1250","Ec_N",161,4,4,"Ec",9,0,0,0,1,0,0.267745650041575
"9605","1250","Ec_N",161,5,5,"Ec",9,0,0,0,1,0,0.267745650041575
"9606","1250","Ec_N",161,6,6,"Ec",10,1,0,0,1,0,0.488758304501343
"9607","1250","Ec_N",161,7,7,"Ec",10,1,0,0,1,0,0.488758304501343
"9608","1250","Ec_N",161,8,8,"Ec",10,1,0,0,1,0,0.488758304501343
"9609","1250","Ec_N",161,9,9,"Ec",10,1,0,0,1,0,0.488758304501343
"9610","1250","Ec_N",161,10,10,"Ec",10,1,0,0,1,0,0.488758304501343
"9611","1250","Ec_N",161,11,11,"Ec",10,1,0,0,1,0,0.488758304501343
"9612","1250","Ec_N",161,12,12,"Ec",10,1,0,0,1,0,0.488758304501343
"9613","1250","Ec_N",161,13,13,"Ec",10,1,0,0,1,0,0.488758304501343
"9614","1250","Ec_N",161,14,14,"Ec",10,1,0,0,1,0,0.488758304501343
"9615","1250","Ec_N",161,15,15,"Ec",10,1,0,0,1,0,0.488758304501343
"9616","1250","Ec_N",161,16,16,"Ec",10,1,0,0,1,0,0.488758304501343
"9617","1250","Ec_N",161,17,17,"Ec",10,1,0,0,1,0,0.488758304501343
"9618","1250","Ec_N",161,18,18,"Ec",10,1,0,0,1,0,0.488758304501343
"9619","1250","Ec_N",161,19,19,"Ec",26,1,0,0,1,1,0.685285928822162
"9620","1250","Ec_N",161,20,20,"Ec",26,1,0,0,1,1,0.685285928822162
"9621","1250","Ec_N",161,21,21,"Ec",26,1,0,0,1,1,0.685285928822162
"9622","1250","Ec_N",161,22,22,"Ec",26,1,0,0,1,1,0.685285928822162
"9623","1250","Ec_N",161,23,23,"Ec",26,1,0,0,1,1,0.685285928822162
"9624","1250","Ec_N",161,24,24,"Ec",26,1,0,0,1,1,0.685285928822162
"9625","1250","Ec_N",161,25,25,"Ec",26,1,0,0,1,1,0.685285928822162
"9626","1250","Ec_N",161,26,26,"Ec",26,1,0,0,1,1,0.685285928822162
"9627","1250","Ec_N",161,27,27,"Ec",26,1,0,0,1,1,0.685285928822162
"9628","1250","Ec_N",161,28,28,"Ec",26,1,0,0,1,1,0.685285928822162
"9629","1250","Ec_N",161,29,29,"Ec",26,1,0,0,1,1,0.685285928822162
"9630","1250","Ec_N",161,30,30,"Ec",26,1,0,0,1,1,0.685285928822162
"9631","1250","Ec_N",161,31,31,"Ec",30,1,0,1,1,1,0.981696467924213
"9632","1250","Ec_N",161,32,32,"Ec",30,1,0,1,1,1,0.981696467924213
"9633","1250","Ec_N",161,33,33,"Ec",30,1,0,1,1,1,0.981696467924213
"9634","1250","Ec_N",161,34,34,"Ec",30,1,0,1,1,1,0.981696467924213
"9635","1250","Ec_N",161,35,35,"Ec",30,1,0,1,1,1,0.981696467924213
"9636","1250","Ec_N",161,36,36,"Ec",30,1,0,1,1,1,0.981696467924213
"9637","1250","Ec_N",161,37,37,"Ec",30,1,0,1,1,1,0.981696467924213
"9638","1250","Ec_N",161,38,38,"Ec",30,1,0,1,1,1,0.981696467924213
"9639","1250","Ec_N",161,39,39,"Ec",30,1,0,1,1,1,0.981696467924213
"9640","1250","Ec_N",161,40,40,"Ec",30,1,0,1,1,1,0.981696467924213
"9641","1250","Ec_N",161,41,41,"Ec",30,1,0,1,1,1,0.981696467924213
"9642","1250","Ec_N",161,42,42,"Ec",30,1,0,1,1,1,0.981696467924213
"9643","1250","Ec_N",161,43,43,"Ec",30,1,0,1,1,1,0.981696467924213
"9644","1250","Ec_N",161,44,44,"Ec",30,1,0,1,1,1,0.981696467924213
"9645","1250","Ec_N",161,45,45,"Ec",30,1,0,1,1,1,0.981696467924213
"9646","1250","Ec_N",161,46,46,"Ec",30,1,0,1,1,1,0.981696467924213
"9647","1250","Ec_N",161,47,47,"Ec",30,1,0,1,1,1,0.981696467924213
"9648","1250","Ec_N",161,48,48,"Ec",30,1,0,1,1,1,0.981696467924213
"9649","1250","Ec_N",161,49,49,"Ec",30,1,0,1,1,1,0.981696467924213
"9650","1250","Ec_N",161,50,50,"Ec",30,1,0,1,1,1,0.981696467924213
"9651","1250","Ec_N",161,51,51,"Ec",30,1,0,1,1,1,0.981696467924213
"9652","1250","Ec_N",161,52,52,"Ec",30,1,0,1,1,1,0.981696467924213
"9653","1250","Ec_N",161,53,53,"Ec",30,1,0,1,1,1,0.981696467924213
"9654","1250","Ec_N",161,54,54,"Ec",30,1,0,1,1,1,0.981696467924213
"9655","1250","Ec_N",161,55,55,"Ec",30,1,0,1,1,1,0.981696467924213
"9656","1250","Ec_N",161,56,56,"Ec",30,1,0,1,1,1,0.981696467924213
"9657","1250","Ec_N",161,57,57,"Ec",30,1,0,1,1,1,0.981696467924213
"9658","1250","Ec_N",161,58,58,"Ec",30,1,0,1,1,1,0.981696467924213
"9659","1250","Ec_N",161,59,59,"Ec",30,1,0,1,1,1,0.981696467924213
"9660","1250","Ec_N",161,60,60,"Ec",30,1,0,1,1,1,0.981696467924213
"9661","1250","Ec_N",162,1,1,"Ec",1,0,0,0,0,0,0
"9662","1250","Ec_N",162,2,2,"Ec",1,0,0,0,0,0,0
"9663","1250","Ec_N",162,3,3,"Ec",17,0,0,0,0,1,0.14692246949649
"9664","1250","Ec_N",162,4,4,"Ec",21,0,0,1,0,1,0.428591116083543
"9665","1250","Ec_N",162,5,5,"Ec",21,0,0,1,0,1,0.428591116083543
"9666","1250","Ec_N",162,6,6,"Ec",21,0,0,1,0,1,0.428591116083543
"9667","1250","Ec_N",162,7,7,"Ec",21,0,0,1,0,1,0.428591116083543
"9668","1250","Ec_N",162,8,8,"Ec",23,0,1,1,0,1,0.511241695498657
"9669","1250","Ec_N",162,9,9,"Ec",23,0,1,1,0,1,0.511241695498657
"9670","1250","Ec_N",162,10,10,"Ec",31,0,1,1,1,1,0.778987345540232
"9671","1250","Ec_N",162,11,11,"Ec",31,0,1,1,1,1,0.778987345540232
"9672","1250","Ec_N",162,12,12,"Ec",31,0,1,1,1,1,0.778987345540232
"9673","1250","Ec_N",162,13,13,"Ec",31,0,1,1,1,1,0.778987345540232
"9674","1250","Ec_N",162,14,14,"Ec",31,0,1,1,1,1,0.778987345540232
"9675","1250","Ec_N",162,15,15,"Ec",31,0,1,1,1,1,0.778987345540232
"9676","1250","Ec_N",162,16,16,"Ec",31,0,1,1,1,1,0.778987345540232
"9677","1250","Ec_N",162,17,17,"Ec",31,0,1,1,1,1,0.778987345540232
"9678","1250","Ec_N",162,18,18,"Ec",31,0,1,1,1,1,0.778987345540232
"9679","1250","Ec_N",162,19,19,"Ec",31,0,1,1,1,1,0.778987345540232
"9680","1250","Ec_N",162,20,20,"Ec",31,0,1,1,1,1,0.778987345540232
"9681","1250","Ec_N",162,21,21,"Ec",31,0,1,1,1,1,0.778987345540232
"9682","1250","Ec_N",162,22,22,"Ec",31,0,1,1,1,1,0.778987345540232
"9683","1250","Ec_N",162,23,23,"Ec",31,0,1,1,1,1,0.778987345540232
"9684","1250","Ec_N",162,24,24,"Ec",31,0,1,1,1,1,0.778987345540232
"9685","1250","Ec_N",162,25,25,"Ec",31,0,1,1,1,1,0.778987345540232
"9686","1250","Ec_N",162,26,26,"Ec",31,0,1,1,1,1,0.778987345540232
"9687","1250","Ec_N",162,27,27,"Ec",31,0,1,1,1,1,0.778987345540232
"9688","1250","Ec_N",162,28,28,"Ec",31,0,1,1,1,1,0.778987345540232
"9689","1250","Ec_N",162,29,29,"Ec",31,0,1,1,1,1,0.778987345540232
"9690","1250","Ec_N",162,30,30,"Ec",31,0,1,1,1,1,0.778987345540232
"9691","1250","Ec_N",162,31,31,"Ec",31,0,1,1,1,1,0.778987345540232
"9692","1250","Ec_N",162,32,32,"Ec",31,0,1,1,1,1,0.778987345540232
"9693","1250","Ec_N",162,33,33,"Ec",31,0,1,1,1,1,0.778987345540232
"9694","1250","Ec_N",162,34,34,"Ec",31,0,1,1,1,1,0.778987345540232
"9695","1250","Ec_N",162,35,35,"Ec",31,0,1,1,1,1,0.778987345540232
"9696","1250","Ec_N",162,36,36,"Ec",31,0,1,1,1,1,0.778987345540232
"9697","1250","Ec_N",162,37,37,"Ec",31,0,1,1,1,1,0.778987345540232
"9698","1250","Ec_N",162,38,38,"Ec",31,0,1,1,1,1,0.778987345540232
"9699","1250","Ec_N",162,39,39,"Ec",31,0,1,1,1,1,0.778987345540232
"9700","1250","Ec_N",162,40,40,"Ec",31,0,1,1,1,1,0.778987345540232
"9701","1250","Ec_N",162,41,41,"Ec",31,0,1,1,1,1,0.778987345540232
"9702","1250","Ec_N",162,42,42,"Ec",31,0,1,1,1,1,0.778987345540232
"9703","1250","Ec_N",162,43,43,"Ec",31,0,1,1,1,1,0.778987345540232
"9704","1250","Ec_N",162,44,44,"Ec",31,0,1,1,1,1,0.778987345540232
"9705","1250","Ec_N",162,45,45,"Ec",31,0,1,1,1,1,0.778987345540232
"9706","1250","Ec_N",162,46,46,"Ec",31,0,1,1,1,1,0.778987345540232
"9707","1250","Ec_N",162,47,47,"Ec",31,0,1,1,1,1,0.778987345540232
"9708","1250","Ec_N",162,48,48,"Ec",31,0,1,1,1,1,0.778987345540232
"9709","1250","Ec_N",162,49,49,"Ec",31,0,1,1,1,1,0.778987345540232
"9710","1250","Ec_N",162,50,50,"Ec",31,0,1,1,1,1,0.778987345540232
"9711","1250","Ec_N",162,51,51,"Ec",31,0,1,1,1,1,0.778987345540232
"9712","1250","Ec_N",162,52,52,"Ec",31,0,1,1,1,1,0.778987345540232
"9713","1250","Ec_N",162,53,53,"Ec",31,0,1,1,1,1,0.778987345540232
"9714","1250","Ec_N",162,54,54,"Ec",31,0,1,1,1,1,0.778987345540232
"9715","1250","Ec_N",162,55,55,"Ec",31,0,1,1,1,1,0.778987345540232
"9716","1250","Ec_N",162,56,56,"Ec",31,0,1,1,1,1,0.778987345540232
"9717","1250","Ec_N",162,57,57,"Ec",31,0,1,1,1,1,0.778987345540232
"9718","1250","Ec_N",162,58,58,"Ec",31,0,1,1,1,1,0.778987345540232
"9719","1250","Ec_N",162,59,59,"Ec",31,0,1,1,1,1,0.778987345540232
"9720","1250","Ec_N",162,60,60,"Ec",31,0,1,1,1,1,0.778987345540232
"9721","1250","Ec_N",163,1,1,"Ec",1,0,0,0,0,0,0
"9722","1250","Ec_N",163,2,2,"Ec",1,0,0,0,0,0,0
"9723","1250","Ec_N",163,3,3,"Ec",1,0,0,0,0,0,0
"9724","1250","Ec_N",163,4,4,"Ec",1,0,0,0,0,0,0
"9725","1250","Ec_N",163,5,5,"Ec",1,0,0,0,0,0,0
"9726","1250","Ec_N",163,6,6,"Ec",9,0,0,0,1,0,0.267745650041575
"9727","1250","Ec_N",163,7,7,"Ec",9,0,0,0,1,0,0.267745650041575
"9728","1250","Ec_N",163,8,8,"Ec",10,1,0,0,1,0,0.488758304501343
"9729","1250","Ec_N",163,9,9,"Ec",26,1,0,0,1,1,0.685285928822162
"9730","1250","Ec_N",163,10,10,"Ec",26,1,0,0,1,1,0.685285928822162
"9731","1250","Ec_N",163,11,11,"Ec",26,1,0,0,1,1,0.685285928822162
"9732","1250","Ec_N",163,12,12,"Ec",26,1,0,0,1,1,0.685285928822162
"9733","1250","Ec_N",163,13,13,"Ec",26,1,0,0,1,1,0.685285928822162
"9734","1250","Ec_N",163,14,14,"Ec",26,1,0,0,1,1,0.685285928822162
"9735","1250","Ec_N",163,15,15,"Ec",26,1,0,0,1,1,0.685285928822162
"9736","1250","Ec_N",163,16,16,"Ec",26,1,0,0,1,1,0.685285928822162
"9737","1250","Ec_N",163,17,17,"Ec",26,1,0,0,1,1,0.685285928822162
"9738","1250","Ec_N",163,18,18,"Ec",26,1,0,0,1,1,0.685285928822162
"9739","1250","Ec_N",163,19,19,"Ec",26,1,0,0,1,1,0.685285928822162
"9740","1250","Ec_N",163,20,20,"Ec",26,1,0,0,1,1,0.685285928822162
"9741","1250","Ec_N",163,21,21,"Ec",26,1,0,0,1,1,0.685285928822162
"9742","1250","Ec_N",163,22,22,"Ec",26,1,0,0,1,1,0.685285928822162
"9743","1250","Ec_N",163,23,23,"Ec",26,1,0,0,1,1,0.685285928822162
"9744","1250","Ec_N",163,24,24,"Ec",26,1,0,0,1,1,0.685285928822162
"9745","1250","Ec_N",163,25,25,"Ec",28,1,1,0,1,1,0.770762719311211
"9746","1250","Ec_N",163,26,26,"Ec",28,1,1,0,1,1,0.770762719311211
"9747","1250","Ec_N",163,27,27,"Ec",32,1,1,1,1,1,1
"9748","1250","Ec_N",163,28,28,"Ec",32,1,1,1,1,1,1
"9749","1250","Ec_N",163,29,29,"Ec",32,1,1,1,1,1,1
"9750","1250","Ec_N",163,30,30,"Ec",32,1,1,1,1,1,1
"9751","1250","Ec_N",163,31,31,"Ec",32,1,1,1,1,1,1
"9752","1250","Ec_N",163,32,32,"Ec",32,1,1,1,1,1,1
"9753","1250","Ec_N",163,33,33,"Ec",32,1,1,1,1,1,1
"9754","1250","Ec_N",163,34,34,"Ec",32,1,1,1,1,1,1
"9755","1250","Ec_N",163,35,35,"Ec",32,1,1,1,1,1,1
"9756","1250","Ec_N",163,36,36,"Ec",32,1,1,1,1,1,1
"9757","1250","Ec_N",163,37,37,"Ec",32,1,1,1,1,1,1
"9758","1250","Ec_N",163,38,38,"Ec",32,1,1,1,1,1,1
"9759","1250","Ec_N",163,39,39,"Ec",32,1,1,1,1,1,1
"9760","1250","Ec_N",163,40,40,"Ec",32,1,1,1,1,1,1
"9761","1250","Ec_N",163,41,41,"Ec",32,1,1,1,1,1,1
"9762","1250","Ec_N",163,42,42,"Ec",32,1,1,1,1,1,1
"9763","1250","Ec_N",163,43,43,"Ec",32,1,1,1,1,1,1
"9764","1250","Ec_N",163,44,44,"Ec",32,1,1,1,1,1,1
"9765","1250","Ec_N",163,45,45,"Ec",32,1,1,1,1,1,1
"9766","1250","Ec_N",163,46,46,"Ec",32,1,1,1,1,1,1
"9767","1250","Ec_N",163,47,47,"Ec",32,1,1,1,1,1,1
"9768","1250","Ec_N",163,48,48,"Ec",32,1,1,1,1,1,1
"9769","1250","Ec_N",163,49,49,"Ec",32,1,1,1,1,1,1
"9770","1250","Ec_N",163,50,50,"Ec",32,1,1,1,1,1,1
"9771","1250","Ec_N",163,51,51,"Ec",32,1,1,1,1,1,1
"9772","1250","Ec_N",163,52,52,"Ec",32,1,1,1,1,1,1
"9773","1250","Ec_N",163,53,53,"Ec",32,1,1,1,1,1,1
"9774","1250","Ec_N",163,54,54,"Ec",32,1,1,1,1,1,1
"9775","1250","Ec_N",163,55,55,"Ec",32,1,1,1,1,1,1
"9776","1250","Ec_N",163,56,56,"Ec",32,1,1,1,1,1,1
"9777","1250","Ec_N",163,57,57,"Ec",32,1,1,1,1,1,1
"9778","1250","Ec_N",163,58,58,"Ec",32,1,1,1,1,1,1
"9779","1250","Ec_N",163,59,59,"Ec",32,1,1,1,1,1,1
"9780","1250","Ec_N",163,60,60,"Ec",32,1,1,1,1,1,1
"9781","1250","Ec_N",164,1,1,"Ec",1,0,0,0,0,0,0
"9782","1250","Ec_N",164,2,2,"Ec",1,0,0,0,0,0,0
"9783","1250","Ec_N",164,3,3,"Ec",5,0,0,1,0,0,0.232063491762724
"9784","1250","Ec_N",164,4,4,"Ec",5,0,0,1,0,0,0.232063491762724
"9785","1250","Ec_N",164,5,5,"Ec",5,0,0,1,0,0,0.232063491762724
"9786","1250","Ec_N",164,6,6,"Ec",5,0,0,1,0,0,0.232063491762724
"9787","1250","Ec_N",164,7,7,"Ec",5,0,0,1,0,0,0.232063491762724
"9788","1250","Ec_N",164,8,8,"Ec",5,0,0,1,0,0,0.232063491762724
"9789","1250","Ec_N",164,9,9,"Ec",5,0,0,1,0,0,0.232063491762724
"9790","1250","Ec_N",164,10,10,"Ec",5,0,0,1,0,0,0.232063491762724
"9791","1250","Ec_N",164,11,11,"Ec",5,0,0,1,0,0,0.232063491762724
"9792","1250","Ec_N",164,12,12,"Ec",5,0,0,1,0,0,0.232063491762724
"9793","1250","Ec_N",164,13,13,"Ec",5,0,0,1,0,0,0.232063491762724
"9794","1250","Ec_N",164,14,14,"Ec",5,0,0,1,0,0,0.232063491762724
"9795","1250","Ec_N",164,15,15,"Ec",5,0,0,1,0,0,0.232063491762724
"9796","1250","Ec_N",164,16,16,"Ec",5,0,0,1,0,0,0.232063491762724
"9797","1250","Ec_N",164,17,17,"Ec",5,0,0,1,0,0,0.232063491762724
"9798","1250","Ec_N",164,18,18,"Ec",5,0,0,1,0,0,0.232063491762724
"9799","1250","Ec_N",164,19,19,"Ec",5,0,0,1,0,0,0.232063491762724
"9800","1250","Ec_N",164,20,20,"Ec",21,0,0,1,0,1,0.428591116083543
"9801","1250","Ec_N",164,21,21,"Ec",21,0,0,1,0,1,0.428591116083543
"9802","1250","Ec_N",164,22,22,"Ec",21,0,0,1,0,1,0.428591116083543
"9803","1250","Ec_N",164,23,23,"Ec",21,0,0,1,0,1,0.428591116083543
"9804","1250","Ec_N",164,24,24,"Ec",21,0,0,1,0,1,0.428591116083543
"9805","1250","Ec_N",164,25,25,"Ec",21,0,0,1,0,1,0.428591116083543
"9806","1250","Ec_N",164,26,26,"Ec",21,0,0,1,0,1,0.428591116083543
"9807","1250","Ec_N",164,27,27,"Ec",21,0,0,1,0,1,0.428591116083543
"9808","1250","Ec_N",164,28,28,"Ec",21,0,0,1,0,1,0.428591116083543
"9809","1250","Ec_N",164,29,29,"Ec",21,0,0,1,0,1,0.428591116083543
"9810","1250","Ec_N",164,30,30,"Ec",21,0,0,1,0,1,0.428591116083543
"9811","1250","Ec_N",164,31,31,"Ec",21,0,0,1,0,1,0.428591116083543
"9812","1250","Ec_N",164,32,32,"Ec",21,0,0,1,0,1,0.428591116083543
"9813","1250","Ec_N",164,33,33,"Ec",21,0,0,1,0,1,0.428591116083543
"9814","1250","Ec_N",164,34,34,"Ec",21,0,0,1,0,1,0.428591116083543
"9815","1250","Ec_N",164,35,35,"Ec",21,0,0,1,0,1,0.428591116083543
"9816","1250","Ec_N",164,36,36,"Ec",21,0,0,1,0,1,0.428591116083543
"9817","1250","Ec_N",164,37,37,"Ec",21,0,0,1,0,1,0.428591116083543
"9818","1250","Ec_N",164,38,38,"Ec",21,0,0,1,0,1,0.428591116083543
"9819","1250","Ec_N",164,39,39,"Ec",21,0,0,1,0,1,0.428591116083543
"9820","1250","Ec_N",164,40,40,"Ec",21,0,0,1,0,1,0.428591116083543
"9821","1250","Ec_N",164,41,41,"Ec",21,0,0,1,0,1,0.428591116083543
"9822","1250","Ec_N",164,42,42,"Ec",21,0,0,1,0,1,0.428591116083543
"9823","1250","Ec_N",164,43,43,"Ec",21,0,0,1,0,1,0.428591116083543
"9824","1250","Ec_N",164,44,44,"Ec",21,0,0,1,0,1,0.428591116083543
"9825","1250","Ec_N",164,45,45,"Ec",21,0,0,1,0,1,0.428591116083543
"9826","1250","Ec_N",164,46,46,"Ec",21,0,0,1,0,1,0.428591116083543
"9827","1250","Ec_N",164,47,47,"Ec",21,0,0,1,0,1,0.428591116083543
"9828","1250","Ec_N",164,48,48,"Ec",21,0,0,1,0,1,0.428591116083543
"9829","1250","Ec_N",164,49,49,"Ec",21,0,0,1,0,1,0.428591116083543
"9830","1250","Ec_N",164,50,50,"Ec",21,0,0,1,0,1,0.428591116083543
"9831","1250","Ec_N",164,51,51,"Ec",21,0,0,1,0,1,0.428591116083543
"9832","1250","Ec_N",164,52,52,"Ec",21,0,0,1,0,1,0.428591116083543
"9833","1250","Ec_N",164,53,53,"Ec",21,0,0,1,0,1,0.428591116083543
"9834","1250","Ec_N",164,54,54,"Ec",21,0,0,1,0,1,0.428591116083543
"9835","1250","Ec_N",164,55,55,"Ec",21,0,0,1,0,1,0.428591116083543
"9836","1250","Ec_N",164,56,56,"Ec",21,0,0,1,0,1,0.428591116083543
"9837","1250","Ec_N",164,57,57,"Ec",21,0,0,1,0,1,0.428591116083543
"9838","1250","Ec_N",164,58,58,"Ec",29,0,0,1,1,1,0.696336766125118
"9839","1250","Ec_N",164,59,59,"Ec",29,0,0,1,1,1,0.696336766125118
"9840","1250","Ec_N",164,60,60,"Ec",31,0,1,1,1,1,0.778987345540232
"9841","1250","Ec_N",165,1,1,"Ec",1,0,0,0,0,0,0
"9842","1250","Ec_N",165,2,2,"Ec",3,0,1,0,0,0,0.082650579415114
"9843","1250","Ec_N",165,3,3,"Ec",3,0,1,0,0,0,0.082650579415114
"9844","1250","Ec_N",165,4,4,"Ec",3,0,1,0,0,0,0.082650579415114
"9845","1250","Ec_N",165,5,5,"Ec",3,0,1,0,0,0,0.082650579415114
"9846","1250","Ec_N",165,6,6,"Ec",3,0,1,0,0,0,0.082650579415114
"9847","1250","Ec_N",165,7,7,"Ec",3,0,1,0,0,0,0.082650579415114
"9848","1250","Ec_N",165,8,8,"Ec",11,0,1,0,1,0,0.168832555215222
"9849","1250","Ec_N",165,9,9,"Ec",11,0,1,0,1,0,0.168832555215222
"9850","1250","Ec_N",165,10,10,"Ec",11,0,1,0,1,0,0.168832555215222
"9851","1250","Ec_N",165,11,11,"Ec",12,1,1,0,1,0,0.552627762799163
"9852","1250","Ec_N",165,12,12,"Ec",12,1,1,0,1,0,0.552627762799163
"9853","1250","Ec_N",165,13,13,"Ec",12,1,1,0,1,0,0.552627762799163
"9854","1250","Ec_N",165,14,14,"Ec",12,1,1,0,1,0,0.552627762799163
"9855","1250","Ec_N",165,15,15,"Ec",12,1,1,0,1,0,0.552627762799163
"9856","1250","Ec_N",165,16,16,"Ec",12,1,1,0,1,0,0.552627762799163
"9857","1250","Ec_N",165,17,17,"Ec",12,1,1,0,1,0,0.552627762799163
"9858","1250","Ec_N",165,18,18,"Ec",12,1,1,0,1,0,0.552627762799163
"9859","1250","Ec_N",165,19,19,"Ec",12,1,1,0,1,0,0.552627762799163
"9860","1250","Ec_N",165,20,20,"Ec",12,1,1,0,1,0,0.552627762799163
"9861","1250","Ec_N",165,21,21,"Ec",12,1,1,0,1,0,0.552627762799163
"9862","1250","Ec_N",165,22,22,"Ec",12,1,1,0,1,0,0.552627762799163
"9863","1250","Ec_N",165,23,23,"Ec",12,1,1,0,1,0,0.552627762799163
"9864","1250","Ec_N",165,24,24,"Ec",12,1,1,0,1,0,0.552627762799163
"9865","1250","Ec_N",165,25,25,"Ec",12,1,1,0,1,0,0.552627762799163
"9866","1250","Ec_N",165,26,26,"Ec",12,1,1,0,1,0,0.552627762799163
"9867","1250","Ec_N",165,27,27,"Ec",12,1,1,0,1,0,0.552627762799163
"9868","1250","Ec_N",165,28,28,"Ec",12,1,1,0,1,0,0.552627762799163
"9869","1250","Ec_N",165,29,29,"Ec",12,1,1,0,1,0,0.552627762799163
"9870","1250","Ec_N",165,30,30,"Ec",12,1,1,0,1,0,0.552627762799163
"9871","1250","Ec_N",165,31,31,"Ec",12,1,1,0,1,0,0.552627762799163
"9872","1250","Ec_N",165,32,32,"Ec",12,1,1,0,1,0,0.552627762799163
"9873","1250","Ec_N",165,33,33,"Ec",12,1,1,0,1,0,0.552627762799163
"9874","1250","Ec_N",165,34,34,"Ec",28,1,1,0,1,1,0.770762719311211
"9875","1250","Ec_N",165,35,35,"Ec",28,1,1,0,1,1,0.770762719311211
"9876","1250","Ec_N",165,36,36,"Ec",28,1,1,0,1,1,0.770762719311211
"9877","1250","Ec_N",165,37,37,"Ec",28,1,1,0,1,1,0.770762719311211
"9878","1250","Ec_N",165,38,38,"Ec",28,1,1,0,1,1,0.770762719311211
"9879","1250","Ec_N",165,39,39,"Ec",28,1,1,0,1,1,0.770762719311211
"9880","1250","Ec_N",165,40,40,"Ec",28,1,1,0,1,1,0.770762719311211
"9881","1250","Ec_N",165,41,41,"Ec",28,1,1,0,1,1,0.770762719311211
"9882","1250","Ec_N",165,42,42,"Ec",28,1,1,0,1,1,0.770762719311211
"9883","1250","Ec_N",165,43,43,"Ec",28,1,1,0,1,1,0.770762719311211
"9884","1250","Ec_N",165,44,44,"Ec",28,1,1,0,1,1,0.770762719311211
"9885","1250","Ec_N",165,45,45,"Ec",28,1,1,0,1,1,0.770762719311211
"9886","1250","Ec_N",165,46,46,"Ec",28,1,1,0,1,1,0.770762719311211
"9887","1250","Ec_N",165,47,47,"Ec",28,1,1,0,1,1,0.770762719311211
"9888","1250","Ec_N",165,48,48,"Ec",28,1,1,0,1,1,0.770762719311211
"9889","1250","Ec_N",165,49,49,"Ec",28,1,1,0,1,1,0.770762719311211
"9890","1250","Ec_N",165,50,50,"Ec",28,1,1,0,1,1,0.770762719311211
"9891","1250","Ec_N",165,51,51,"Ec",28,1,1,0,1,1,0.770762719311211
"9892","1250","Ec_N",165,52,52,"Ec",28,1,1,0,1,1,0.770762719311211
"9893","1250","Ec_N",165,53,53,"Ec",28,1,1,0,1,1,0.770762719311211
"9894","1250","Ec_N",165,54,54,"Ec",28,1,1,0,1,1,0.770762719311211
"9895","1250","Ec_N",165,55,55,"Ec",28,1,1,0,1,1,0.770762719311211
"9896","1250","Ec_N",165,56,56,"Ec",28,1,1,0,1,1,0.770762719311211
"9897","1250","Ec_N",165,57,57,"Ec",28,1,1,0,1,1,0.770762719311211
"9898","1250","Ec_N",165,58,58,"Ec",28,1,1,0,1,1,0.770762719311211
"9899","1250","Ec_N",165,59,59,"Ec",28,1,1,0,1,1,0.770762719311211
"9900","1250","Ec_N",165,60,60,"Ec",28,1,1,0,1,1,0.770762719311211
"9901","1250","Ec_N",166,1,1,"Ec",1,0,0,0,0,0,0
"9902","1250","Ec_N",166,2,2,"Ec",1,0,0,0,0,0,0
"9903","1250","Ec_N",166,3,3,"Ec",1,0,0,0,0,0,0
"9904","1250","Ec_N",166,4,4,"Ec",1,0,0,0,0,0,0
"9905","1250","Ec_N",166,5,5,"Ec",1,0,0,0,0,0,0
"9906","1250","Ec_N",166,6,6,"Ec",1,0,0,0,0,0,0
"9907","1250","Ec_N",166,7,7,"Ec",1,0,0,0,0,0,0
"9908","1250","Ec_N",166,8,8,"Ec",1,0,0,0,0,0,0
"9909","1250","Ec_N",166,9,9,"Ec",1,0,0,0,0,0,0
"9910","1250","Ec_N",166,10,10,"Ec",1,0,0,0,0,0,0
"9911","1250","Ec_N",166,11,11,"Ec",1,0,0,0,0,0,0
"9912","1250","Ec_N",166,12,12,"Ec",5,0,0,1,0,0,0.232063491762724
"9913","1250","Ec_N",166,13,13,"Ec",5,0,0,1,0,0,0.232063491762724
"9914","1250","Ec_N",166,14,14,"Ec",5,0,0,1,0,0,0.232063491762724
"9915","1250","Ec_N",166,15,15,"Ec",7,0,1,1,0,0,0.314714071177838
"9916","1250","Ec_N",166,16,16,"Ec",7,0,1,1,0,0,0.314714071177838
"9917","1250","Ec_N",166,17,17,"Ec",7,0,1,1,0,0,0.314714071177838
"9918","1250","Ec_N",166,18,18,"Ec",23,0,1,1,0,1,0.511241695498657
"9919","1250","Ec_N",166,19,19,"Ec",24,1,1,1,0,1,0.732254349958425
"9920","1250","Ec_N",166,20,20,"Ec",24,1,1,1,0,1,0.732254349958425
"9921","1250","Ec_N",166,21,21,"Ec",24,1,1,1,0,1,0.732254349958425
"9922","1250","Ec_N",166,22,22,"Ec",24,1,1,1,0,1,0.732254349958425
"9923","1250","Ec_N",166,23,23,"Ec",24,1,1,1,0,1,0.732254349958425
"9924","1250","Ec_N",166,24,24,"Ec",24,1,1,1,0,1,0.732254349958425
"9925","1250","Ec_N",166,25,25,"Ec",24,1,1,1,0,1,0.732254349958425
"9926","1250","Ec_N",166,26,26,"Ec",24,1,1,1,0,1,0.732254349958425
"9927","1250","Ec_N",166,27,27,"Ec",24,1,1,1,0,1,0.732254349958425
"9928","1250","Ec_N",166,28,28,"Ec",24,1,1,1,0,1,0.732254349958425
"9929","1250","Ec_N",166,29,29,"Ec",24,1,1,1,0,1,0.732254349958425
"9930","1250","Ec_N",166,30,30,"Ec",24,1,1,1,0,1,0.732254349958425
"9931","1250","Ec_N",166,31,31,"Ec",24,1,1,1,0,1,0.732254349958425
"9932","1250","Ec_N",166,32,32,"Ec",24,1,1,1,0,1,0.732254349958425
"9933","1250","Ec_N",166,33,33,"Ec",24,1,1,1,0,1,0.732254349958425
"9934","1250","Ec_N",166,34,34,"Ec",24,1,1,1,0,1,0.732254349958425
"9935","1250","Ec_N",166,35,35,"Ec",24,1,1,1,0,1,0.732254349958425
"9936","1250","Ec_N",166,36,36,"Ec",24,1,1,1,0,1,0.732254349958425
"9937","1250","Ec_N",166,37,37,"Ec",24,1,1,1,0,1,0.732254349958425
"9938","1250","Ec_N",166,38,38,"Ec",24,1,1,1,0,1,0.732254349958425
"9939","1250","Ec_N",166,39,39,"Ec",24,1,1,1,0,1,0.732254349958425
"9940","1250","Ec_N",166,40,40,"Ec",24,1,1,1,0,1,0.732254349958425
"9941","1250","Ec_N",166,41,41,"Ec",24,1,1,1,0,1,0.732254349958425
"9942","1250","Ec_N",166,42,42,"Ec",24,1,1,1,0,1,0.732254349958425
"9943","1250","Ec_N",166,43,43,"Ec",24,1,1,1,0,1,0.732254349958425
"9944","1250","Ec_N",166,44,44,"Ec",24,1,1,1,0,1,0.732254349958425
"9945","1250","Ec_N",166,45,45,"Ec",24,1,1,1,0,1,0.732254349958425
"9946","1250","Ec_N",166,46,46,"Ec",24,1,1,1,0,1,0.732254349958425
"9947","1250","Ec_N",166,47,47,"Ec",24,1,1,1,0,1,0.732254349958425
"9948","1250","Ec_N",166,48,48,"Ec",24,1,1,1,0,1,0.732254349958425
"9949","1250","Ec_N",166,49,49,"Ec",24,1,1,1,0,1,0.732254349958425
"9950","1250","Ec_N",166,50,50,"Ec",24,1,1,1,0,1,0.732254349958425
"9951","1250","Ec_N",166,51,51,"Ec",24,1,1,1,0,1,0.732254349958425
"9952","1250","Ec_N",166,52,52,"Ec",24,1,1,1,0,1,0.732254349958425
"9953","1250","Ec_N",166,53,53,"Ec",24,1,1,1,0,1,0.732254349958425
"9954","1250","Ec_N",166,54,54,"Ec",24,1,1,1,0,1,0.732254349958425
"9955","1250","Ec_N",166,55,55,"Ec",24,1,1,1,0,1,0.732254349958425
"9956","1250","Ec_N",166,56,56,"Ec",24,1,1,1,0,1,0.732254349958425
"9957","1250","Ec_N",166,57,57,"Ec",24,1,1,1,0,1,0.732254349958425
"9958","1250","Ec_N",166,58,58,"Ec",24,1,1,1,0,1,0.732254349958425
"9959","1250","Ec_N",166,59,59,"Ec",24,1,1,1,0,1,0.732254349958425
"9960","1250","Ec_N",166,60,60,"Ec",24,1,1,1,0,1,0.732254349958425
"9961","1250","Ec_N",167,1,1,"Ec",1,0,0,0,0,0,0
"9962","1250","Ec_N",167,2,2,"Ec",1,0,0,0,0,0,0
"9963","1250","Ec_N",167,3,3,"Ec",1,0,0,0,0,0,0
"9964","1250","Ec_N",167,4,4,"Ec",2,1,0,0,0,0,0.221012654459768
"9965","1250","Ec_N",167,5,5,"Ec",2,1,0,0,0,0,0.221012654459768
"9966","1250","Ec_N",167,6,6,"Ec",2,1,0,0,0,0,0.221012654459768
"9967","1250","Ec_N",167,7,7,"Ec",10,1,0,0,1,0,0.488758304501343
"9968","1250","Ec_N",167,8,8,"Ec",10,1,0,0,1,0,0.488758304501343
"9969","1250","Ec_N",167,9,9,"Ec",10,1,0,0,1,0,0.488758304501343
"9970","1250","Ec_N",167,10,10,"Ec",10,1,0,0,1,0,0.488758304501343
"9971","1250","Ec_N",167,11,11,"Ec",10,1,0,0,1,0,0.488758304501343
"9972","1250","Ec_N",167,12,12,"Ec",10,1,0,0,1,0,0.488758304501343
"9973","1250","Ec_N",167,13,13,"Ec",10,1,0,0,1,0,0.488758304501343
"9974","1250","Ec_N",167,14,14,"Ec",10,1,0,0,1,0,0.488758304501343
"9975","1250","Ec_N",167,15,15,"Ec",10,1,0,0,1,0,0.488758304501343
"9976","1250","Ec_N",167,16,16,"Ec",10,1,0,0,1,0,0.488758304501343
"9977","1250","Ec_N",167,17,17,"Ec",10,1,0,0,1,0,0.488758304501343
"9978","1250","Ec_N",167,18,18,"Ec",10,1,0,0,1,0,0.488758304501343
"9979","1250","Ec_N",167,19,19,"Ec",14,1,0,1,1,0,0.720821796264067
"9980","1250","Ec_N",167,20,20,"Ec",14,1,0,1,1,0,0.720821796264067
"9981","1250","Ec_N",167,21,21,"Ec",14,1,0,1,1,0,0.720821796264067
"9982","1250","Ec_N",167,22,22,"Ec",14,1,0,1,1,0,0.720821796264067
"9983","1250","Ec_N",167,23,23,"Ec",16,1,1,1,1,0,0.879284144928883
"9984","1250","Ec_N",167,24,24,"Ec",16,1,1,1,1,0,0.879284144928883
"9985","1250","Ec_N",167,25,25,"Ec",16,1,1,1,1,0,0.879284144928883
"9986","1250","Ec_N",167,26,26,"Ec",16,1,1,1,1,0,0.879284144928883
"9987","1250","Ec_N",167,27,27,"Ec",16,1,1,1,1,0,0.879284144928883
"9988","1250","Ec_N",167,28,28,"Ec",16,1,1,1,1,0,0.879284144928883
"9989","1250","Ec_N",167,29,29,"Ec",16,1,1,1,1,0,0.879284144928883
"9990","1250","Ec_N",167,30,30,"Ec",16,1,1,1,1,0,0.879284144928883
"9991","1250","Ec_N",167,31,31,"Ec",16,1,1,1,1,0,0.879284144928883
"9992","1250","Ec_N",167,32,32,"Ec",16,1,1,1,1,0,0.879284144928883
"9993","1250","Ec_N",167,33,33,"Ec",16,1,1,1,1,0,0.879284144928883
"9994","1250","Ec_N",167,34,34,"Ec",16,1,1,1,1,0,0.879284144928883
"9995","1250","Ec_N",167,35,35,"Ec",16,1,1,1,1,0,0.879284144928883
"9996","1250","Ec_N",167,36,36,"Ec",16,1,1,1,1,0,0.879284144928883
"9997","1250","Ec_N",167,37,37,"Ec",16,1,1,1,1,0,0.879284144928883
"9998","1250","Ec_N",167,38,38,"Ec",16,1,1,1,1,0,0.879284144928883
"9999","1250","Ec_N",167,39,39,"Ec",16,1,1,1,1,0,0.879284144928883
"10000","1250","Ec_N",167,40,40,"Ec",16,1,1,1,1,0,0.879284144928883
"10001","1250","Ec_N",167,41,41,"Ec",16,1,1,1,1,0,0.879284144928883
"10002","1250","Ec_N",167,42,42,"Ec",16,1,1,1,1,0,0.879284144928883
"10003","1250","Ec_N",167,43,43,"Ec",16,1,1,1,1,0,0.879284144928883
"10004","1250","Ec_N",167,44,44,"Ec",16,1,1,1,1,0,0.879284144928883
"10005","1250","Ec_N",167,45,45,"Ec",16,1,1,1,1,0,0.879284144928883
"10006","1250","Ec_N",167,46,46,"Ec",16,1,1,1,1,0,0.879284144928883
"10007","1250","Ec_N",167,47,47,"Ec",16,1,1,1,1,0,0.879284144928883
"10008","1250","Ec_N",167,48,48,"Ec",16,1,1,1,1,0,0.879284144928883
"10009","1250","Ec_N",167,49,49,"Ec",16,1,1,1,1,0,0.879284144928883
"10010","1250","Ec_N",167,50,50,"Ec",16,1,1,1,1,0,0.879284144928883
"10011","1250","Ec_N",167,51,51,"Ec",16,1,1,1,1,0,0.879284144928883
"10012","1250","Ec_N",167,52,52,"Ec",16,1,1,1,1,0,0.879284144928883
"10013","1250","Ec_N",167,53,53,"Ec",16,1,1,1,1,0,0.879284144928883
"10014","1250","Ec_N",167,54,54,"Ec",16,1,1,1,1,0,0.879284144928883
"10015","1250","Ec_N",167,55,55,"Ec",16,1,1,1,1,0,0.879284144928883
"10016","1250","Ec_N",167,56,56,"Ec",16,1,1,1,1,0,0.879284144928883
"10017","1250","Ec_N",167,57,57,"Ec",16,1,1,1,1,0,0.879284144928883
"10018","1250","Ec_N",167,58,58,"Ec",16,1,1,1,1,0,0.879284144928883
"10019","1250","Ec_N",167,59,59,"Ec",16,1,1,1,1,0,0.879284144928883
"10020","1250","Ec_N",167,60,60,"Ec",16,1,1,1,1,0,0.879284144928883
"10021","1250","Ec_N",168,1,1,"Ec",1,0,0,0,0,0,0
"10022","1250","Ec_N",168,2,2,"Ec",1,0,0,0,0,0,0
"10023","1250","Ec_N",168,3,3,"Ec",1,0,0,0,0,0,0
"10024","1250","Ec_N",168,4,4,"Ec",1,0,0,0,0,0,0
"10025","1250","Ec_N",168,5,5,"Ec",1,0,0,0,0,0,0
"10026","1250","Ec_N",168,6,6,"Ec",1,0,0,0,0,0,0
"10027","1250","Ec_N",168,7,7,"Ec",1,0,0,0,0,0,0
"10028","1250","Ec_N",168,8,8,"Ec",1,0,0,0,0,0,0
"10029","1250","Ec_N",168,9,9,"Ec",1,0,0,0,0,0,0
"10030","1250","Ec_N",168,10,10,"Ec",1,0,0,0,0,0,0
"10031","1250","Ec_N",168,11,11,"Ec",5,0,0,1,0,0,0.232063491762724
"10032","1250","Ec_N",168,12,12,"Ec",5,0,0,1,0,0,0.232063491762724
"10033","1250","Ec_N",168,13,13,"Ec",5,0,0,1,0,0,0.232063491762724
"10034","1250","Ec_N",168,14,14,"Ec",7,0,1,1,0,0,0.314714071177838
"10035","1250","Ec_N",168,15,15,"Ec",7,0,1,1,0,0,0.314714071177838
"10036","1250","Ec_N",168,16,16,"Ec",7,0,1,1,0,0,0.314714071177838
"10037","1250","Ec_N",168,17,17,"Ec",7,0,1,1,0,0,0.314714071177838
"10038","1250","Ec_N",168,18,18,"Ec",7,0,1,1,0,0,0.314714071177838
"10039","1250","Ec_N",168,19,19,"Ec",7,0,1,1,0,0,0.314714071177838
"10040","1250","Ec_N",168,20,20,"Ec",7,0,1,1,0,0,0.314714071177838
"10041","1250","Ec_N",168,21,21,"Ec",7,0,1,1,0,0,0.314714071177838
"10042","1250","Ec_N",168,22,22,"Ec",7,0,1,1,0,0,0.314714071177838
"10043","1250","Ec_N",168,23,23,"Ec",7,0,1,1,0,0,0.314714071177838
"10044","1250","Ec_N",168,24,24,"Ec",7,0,1,1,0,0,0.314714071177838
"10045","1250","Ec_N",168,25,25,"Ec",7,0,1,1,0,0,0.314714071177838
"10046","1250","Ec_N",168,26,26,"Ec",7,0,1,1,0,0,0.314714071177838
"10047","1250","Ec_N",168,27,27,"Ec",7,0,1,1,0,0,0.314714071177838
"10048","1250","Ec_N",168,28,28,"Ec",7,0,1,1,0,0,0.314714071177838
"10049","1250","Ec_N",168,29,29,"Ec",7,0,1,1,0,0,0.314714071177838
"10050","1250","Ec_N",168,30,30,"Ec",7,0,1,1,0,0,0.314714071177838
"10051","1250","Ec_N",168,31,31,"Ec",7,0,1,1,0,0,0.314714071177838
"10052","1250","Ec_N",168,32,32,"Ec",7,0,1,1,0,0,0.314714071177838
"10053","1250","Ec_N",168,33,33,"Ec",7,0,1,1,0,0,0.314714071177838
"10054","1250","Ec_N",168,34,34,"Ec",7,0,1,1,0,0,0.314714071177838
"10055","1250","Ec_N",168,35,35,"Ec",7,0,1,1,0,0,0.314714071177838
"10056","1250","Ec_N",168,36,36,"Ec",8,1,1,1,0,0,0.440600849145421
"10057","1250","Ec_N",168,37,37,"Ec",8,1,1,1,0,0,0.440600849145421
"10058","1250","Ec_N",168,38,38,"Ec",8,1,1,1,0,0,0.440600849145421
"10059","1250","Ec_N",168,39,39,"Ec",8,1,1,1,0,0,0.440600849145421
"10060","1250","Ec_N",168,40,40,"Ec",8,1,1,1,0,0,0.440600849145421
"10061","1250","Ec_N",168,41,41,"Ec",8,1,1,1,0,0,0.440600849145421
"10062","1250","Ec_N",168,42,42,"Ec",8,1,1,1,0,0,0.440600849145421
"10063","1250","Ec_N",168,43,43,"Ec",8,1,1,1,0,0,0.440600849145421
"10064","1250","Ec_N",168,44,44,"Ec",8,1,1,1,0,0,0.440600849145421
"10065","1250","Ec_N",168,45,45,"Ec",8,1,1,1,0,0,0.440600849145421
"10066","1250","Ec_N",168,46,46,"Ec",8,1,1,1,0,0,0.440600849145421
"10067","1250","Ec_N",168,47,47,"Ec",8,1,1,1,0,0,0.440600849145421
"10068","1250","Ec_N",168,48,48,"Ec",8,1,1,1,0,0,0.440600849145421
"10069","1250","Ec_N",168,49,49,"Ec",8,1,1,1,0,0,0.440600849145421
"10070","1250","Ec_N",168,50,50,"Ec",8,1,1,1,0,0,0.440600849145421
"10071","1250","Ec_N",168,51,51,"Ec",8,1,1,1,0,0,0.440600849145421
"10072","1250","Ec_N",168,52,52,"Ec",8,1,1,1,0,0,0.440600849145421
"10073","1250","Ec_N",168,53,53,"Ec",8,1,1,1,0,0,0.440600849145421
"10074","1250","Ec_N",168,54,54,"Ec",8,1,1,1,0,0,0.440600849145421
"10075","1250","Ec_N",168,55,55,"Ec",8,1,1,1,0,0,0.440600849145421
"10076","1250","Ec_N",168,56,56,"Ec",8,1,1,1,0,0,0.440600849145421
"10077","1250","Ec_N",168,57,57,"Ec",8,1,1,1,0,0,0.440600849145421
"10078","1250","Ec_N",168,58,58,"Ec",8,1,1,1,0,0,0.440600849145421
"10079","1250","Ec_N",168,59,59,"Ec",8,1,1,1,0,0,0.440600849145421
"10080","1250","Ec_N",168,60,60,"Ec",8,1,1,1,0,0,0.440600849145421
"10081","1250","Ec_N",169,1,1,"Ec",1,0,0,0,0,0,0
"10082","1250","Ec_N",169,2,2,"Ec",1,0,0,0,0,0,0
"10083","1250","Ec_N",169,3,3,"Ec",1,0,0,0,0,0,0
"10084","1250","Ec_N",169,4,4,"Ec",1,0,0,0,0,0,0
"10085","1250","Ec_N",169,5,5,"Ec",3,0,1,0,0,0,0.082650579415114
"10086","1250","Ec_N",169,6,6,"Ec",3,0,1,0,0,0,0.082650579415114
"10087","1250","Ec_N",169,7,7,"Ec",3,0,1,0,0,0,0.082650579415114
"10088","1250","Ec_N",169,8,8,"Ec",19,0,1,0,0,1,0.179678659430889
"10089","1250","Ec_N",169,9,9,"Ec",19,0,1,0,0,1,0.179678659430889
"10090","1250","Ec_N",169,10,10,"Ec",19,0,1,0,0,1,0.179678659430889
"10091","1250","Ec_N",169,11,11,"Ec",19,0,1,0,0,1,0.179678659430889
"10092","1250","Ec_N",169,12,12,"Ec",19,0,1,0,0,1,0.179678659430889
"10093","1250","Ec_N",169,13,13,"Ec",19,0,1,0,0,1,0.179678659430889
"10094","1250","Ec_N",169,14,14,"Ec",19,0,1,0,0,1,0.179678659430889
"10095","1250","Ec_N",169,15,15,"Ec",23,0,1,1,0,1,0.511241695498657
"10096","1250","Ec_N",169,16,16,"Ec",23,0,1,1,0,1,0.511241695498657
"10097","1250","Ec_N",169,17,17,"Ec",23,0,1,1,0,1,0.511241695498657
"10098","1250","Ec_N",169,18,18,"Ec",24,1,1,1,0,1,0.732254349958425
"10099","1250","Ec_N",169,19,19,"Ec",24,1,1,1,0,1,0.732254349958425
"10100","1250","Ec_N",169,20,20,"Ec",24,1,1,1,0,1,0.732254349958425
"10101","1250","Ec_N",169,21,21,"Ec",24,1,1,1,0,1,0.732254349958425
"10102","1250","Ec_N",169,22,22,"Ec",24,1,1,1,0,1,0.732254349958425
"10103","1250","Ec_N",169,23,23,"Ec",24,1,1,1,0,1,0.732254349958425
"10104","1250","Ec_N",169,24,24,"Ec",24,1,1,1,0,1,0.732254349958425
"10105","1250","Ec_N",169,25,25,"Ec",24,1,1,1,0,1,0.732254349958425
"10106","1250","Ec_N",169,26,26,"Ec",24,1,1,1,0,1,0.732254349958425
"10107","1250","Ec_N",169,27,27,"Ec",24,1,1,1,0,1,0.732254349958425
"10108","1250","Ec_N",169,28,28,"Ec",24,1,1,1,0,1,0.732254349958425
"10109","1250","Ec_N",169,29,29,"Ec",24,1,1,1,0,1,0.732254349958425
"10110","1250","Ec_N",169,30,30,"Ec",24,1,1,1,0,1,0.732254349958425
"10111","1250","Ec_N",169,31,31,"Ec",24,1,1,1,0,1,0.732254349958425
"10112","1250","Ec_N",169,32,32,"Ec",24,1,1,1,0,1,0.732254349958425
"10113","1250","Ec_N",169,33,33,"Ec",24,1,1,1,0,1,0.732254349958425
"10114","1250","Ec_N",169,34,34,"Ec",24,1,1,1,0,1,0.732254349958425
"10115","1250","Ec_N",169,35,35,"Ec",24,1,1,1,0,1,0.732254349958425
"10116","1250","Ec_N",169,36,36,"Ec",24,1,1,1,0,1,0.732254349958425
"10117","1250","Ec_N",169,37,37,"Ec",24,1,1,1,0,1,0.732254349958425
"10118","1250","Ec_N",169,38,38,"Ec",24,1,1,1,0,1,0.732254349958425
"10119","1250","Ec_N",169,39,39,"Ec",24,1,1,1,0,1,0.732254349958425
"10120","1250","Ec_N",169,40,40,"Ec",24,1,1,1,0,1,0.732254349958425
"10121","1250","Ec_N",169,41,41,"Ec",24,1,1,1,0,1,0.732254349958425
"10122","1250","Ec_N",169,42,42,"Ec",24,1,1,1,0,1,0.732254349958425
"10123","1250","Ec_N",169,43,43,"Ec",24,1,1,1,0,1,0.732254349958425
"10124","1250","Ec_N",169,44,44,"Ec",24,1,1,1,0,1,0.732254349958425
"10125","1250","Ec_N",169,45,45,"Ec",32,1,1,1,1,1,1
"10126","1250","Ec_N",169,46,46,"Ec",32,1,1,1,1,1,1
"10127","1250","Ec_N",169,47,47,"Ec",32,1,1,1,1,1,1
"10128","1250","Ec_N",169,48,48,"Ec",32,1,1,1,1,1,1
"10129","1250","Ec_N",169,49,49,"Ec",32,1,1,1,1,1,1
"10130","1250","Ec_N",169,50,50,"Ec",32,1,1,1,1,1,1
"10131","1250","Ec_N",169,51,51,"Ec",32,1,1,1,1,1,1
"10132","1250","Ec_N",169,52,52,"Ec",32,1,1,1,1,1,1
"10133","1250","Ec_N",169,53,53,"Ec",32,1,1,1,1,1,1
"10134","1250","Ec_N",169,54,54,"Ec",32,1,1,1,1,1,1
"10135","1250","Ec_N",169,55,55,"Ec",32,1,1,1,1,1,1
"10136","1250","Ec_N",169,56,56,"Ec",32,1,1,1,1,1,1
"10137","1250","Ec_N",169,57,57,"Ec",32,1,1,1,1,1,1
"10138","1250","Ec_N",169,58,58,"Ec",32,1,1,1,1,1,1
"10139","1250","Ec_N",169,59,59,"Ec",32,1,1,1,1,1,1
"10140","1250","Ec_N",169,60,60,"Ec",32,1,1,1,1,1,1
"10141","1250","Ec_N",170,1,1,"Ec",1,0,0,0,0,0,0
"10142","1250","Ec_N",170,2,2,"Ec",1,0,0,0,0,0,0
"10143","1250","Ec_N",170,3,3,"Ec",1,0,0,0,0,0,0
"10144","1250","Ec_N",170,4,4,"Ec",1,0,0,0,0,0,0
"10145","1250","Ec_N",170,5,5,"Ec",1,0,0,0,0,0,0
"10146","1250","Ec_N",170,6,6,"Ec",1,0,0,0,0,0,0
"10147","1250","Ec_N",170,7,7,"Ec",1,0,0,0,0,0,0
"10148","1250","Ec_N",170,8,8,"Ec",1,0,0,0,0,0,0
"10149","1250","Ec_N",170,9,9,"Ec",1,0,0,0,0,0,0
"10150","1250","Ec_N",170,10,10,"Ec",1,0,0,0,0,0,0
"10151","1250","Ec_N",170,11,11,"Ec",1,0,0,0,0,0,0
"10152","1250","Ec_N",170,12,12,"Ec",1,0,0,0,0,0,0
"10153","1250","Ec_N",170,13,13,"Ec",1,0,0,0,0,0,0
"10154","1250","Ec_N",170,14,14,"Ec",1,0,0,0,0,0,0
"10155","1250","Ec_N",170,15,15,"Ec",1,0,0,0,0,0,0
"10156","1250","Ec_N",170,16,16,"Ec",1,0,0,0,0,0,0
"10157","1250","Ec_N",170,17,17,"Ec",1,0,0,0,0,0,0
"10158","1250","Ec_N",170,18,18,"Ec",5,0,0,1,0,0,0.232063491762724
"10159","1250","Ec_N",170,19,19,"Ec",7,0,1,1,0,0,0.314714071177838
"10160","1250","Ec_N",170,20,20,"Ec",7,0,1,1,0,0,0.314714071177838
"10161","1250","Ec_N",170,21,21,"Ec",7,0,1,1,0,0,0.314714071177838
"10162","1250","Ec_N",170,22,22,"Ec",7,0,1,1,0,0,0.314714071177838
"10163","1250","Ec_N",170,23,23,"Ec",7,0,1,1,0,0,0.314714071177838
"10164","1250","Ec_N",170,24,24,"Ec",7,0,1,1,0,0,0.314714071177838
"10165","1250","Ec_N",170,25,25,"Ec",7,0,1,1,0,0,0.314714071177838
"10166","1250","Ec_N",170,26,26,"Ec",7,0,1,1,0,0,0.314714071177838
"10167","1250","Ec_N",170,27,27,"Ec",7,0,1,1,0,0,0.314714071177838
"10168","1250","Ec_N",170,28,28,"Ec",7,0,1,1,0,0,0.314714071177838
"10169","1250","Ec_N",170,29,29,"Ec",7,0,1,1,0,0,0.314714071177838
"10170","1250","Ec_N",170,30,30,"Ec",8,1,1,1,0,0,0.440600849145421
"10171","1250","Ec_N",170,31,31,"Ec",8,1,1,1,0,0,0.440600849145421
"10172","1250","Ec_N",170,32,32,"Ec",8,1,1,1,0,0,0.440600849145421
"10173","1250","Ec_N",170,33,33,"Ec",8,1,1,1,0,0,0.440600849145421
"10174","1250","Ec_N",170,34,34,"Ec",8,1,1,1,0,0,0.440600849145421
"10175","1250","Ec_N",170,35,35,"Ec",8,1,1,1,0,0,0.440600849145421
"10176","1250","Ec_N",170,36,36,"Ec",8,1,1,1,0,0,0.440600849145421
"10177","1250","Ec_N",170,37,37,"Ec",8,1,1,1,0,0,0.440600849145421
"10178","1250","Ec_N",170,38,38,"Ec",8,1,1,1,0,0,0.440600849145421
"10179","1250","Ec_N",170,39,39,"Ec",8,1,1,1,0,0,0.440600849145421
"10180","1250","Ec_N",170,40,40,"Ec",8,1,1,1,0,0,0.440600849145421
"10181","1250","Ec_N",170,41,41,"Ec",8,1,1,1,0,0,0.440600849145421
"10182","1250","Ec_N",170,42,42,"Ec",8,1,1,1,0,0,0.440600849145421
"10183","1250","Ec_N",170,43,43,"Ec",8,1,1,1,0,0,0.440600849145421
"10184","1250","Ec_N",170,44,44,"Ec",8,1,1,1,0,0,0.440600849145421
"10185","1250","Ec_N",170,45,45,"Ec",8,1,1,1,0,0,0.440600849145421
"10186","1250","Ec_N",170,46,46,"Ec",8,1,1,1,0,0,0.440600849145421
"10187","1250","Ec_N",170,47,47,"Ec",8,1,1,1,0,0,0.440600849145421
"10188","1250","Ec_N",170,48,48,"Ec",8,1,1,1,0,0,0.440600849145421
"10189","1250","Ec_N",170,49,49,"Ec",8,1,1,1,0,0,0.440600849145421
"10190","1250","Ec_N",170,50,50,"Ec",8,1,1,1,0,0,0.440600849145421
"10191","1250","Ec_N",170,51,51,"Ec",8,1,1,1,0,0,0.440600849145421
"10192","1250","Ec_N",170,52,52,"Ec",8,1,1,1,0,0,0.440600849145421
"10193","1250","Ec_N",170,53,53,"Ec",8,1,1,1,0,0,0.440600849145421
"10194","1250","Ec_N",170,54,54,"Ec",24,1,1,1,0,1,0.732254349958425
"10195","1250","Ec_N",170,55,55,"Ec",24,1,1,1,0,1,0.732254349958425
"10196","1250","Ec_N",170,56,56,"Ec",24,1,1,1,0,1,0.732254349958425
"10197","1250","Ec_N",170,57,57,"Ec",24,1,1,1,0,1,0.732254349958425
"10198","1250","Ec_N",170,58,58,"Ec",24,1,1,1,0,1,0.732254349958425
"10199","1250","Ec_N",170,59,59,"Ec",24,1,1,1,0,1,0.732254349958425
"10200","1250","Ec_N",170,60,60,"Ec",24,1,1,1,0,1,0.732254349958425
"10201","1250","Ec_N",171,1,1,"Ec",1,0,0,0,0,0,0
"10202","1250","Ec_N",171,2,2,"Ec",1,0,0,0,0,0,0
"10203","1250","Ec_N",171,3,3,"Ec",17,0,0,0,0,1,0.14692246949649
"10204","1250","Ec_N",171,4,4,"Ec",17,0,0,0,0,1,0.14692246949649
"10205","1250","Ec_N",171,5,5,"Ec",17,0,0,0,0,1,0.14692246949649
"10206","1250","Ec_N",171,6,6,"Ec",17,0,0,0,0,1,0.14692246949649
"10207","1250","Ec_N",171,7,7,"Ec",17,0,0,0,0,1,0.14692246949649
"10208","1250","Ec_N",171,8,8,"Ec",17,0,0,0,0,1,0.14692246949649
"10209","1250","Ec_N",171,9,9,"Ec",17,0,0,0,0,1,0.14692246949649
"10210","1250","Ec_N",171,10,10,"Ec",17,0,0,0,0,1,0.14692246949649
"10211","1250","Ec_N",171,11,11,"Ec",25,0,0,0,1,1,0.464273274362394
"10212","1250","Ec_N",171,12,12,"Ec",27,0,1,0,1,1,0.50104458373578
"10213","1250","Ec_N",171,13,13,"Ec",27,0,1,0,1,1,0.50104458373578
"10214","1250","Ec_N",171,14,14,"Ec",27,0,1,0,1,1,0.50104458373578
"10215","1250","Ec_N",171,15,15,"Ec",27,0,1,0,1,1,0.50104458373578
"10216","1250","Ec_N",171,16,16,"Ec",27,0,1,0,1,1,0.50104458373578
"10217","1250","Ec_N",171,17,17,"Ec",28,1,1,0,1,1,0.770762719311211
"10218","1250","Ec_N",171,18,18,"Ec",28,1,1,0,1,1,0.770762719311211
"10219","1250","Ec_N",171,19,19,"Ec",28,1,1,0,1,1,0.770762719311211
"10220","1250","Ec_N",171,20,20,"Ec",28,1,1,0,1,1,0.770762719311211
"10221","1250","Ec_N",171,21,21,"Ec",28,1,1,0,1,1,0.770762719311211
"10222","1250","Ec_N",171,22,22,"Ec",28,1,1,0,1,1,0.770762719311211
"10223","1250","Ec_N",171,23,23,"Ec",28,1,1,0,1,1,0.770762719311211
"10224","1250","Ec_N",171,24,24,"Ec",28,1,1,0,1,1,0.770762719311211
"10225","1250","Ec_N",171,25,25,"Ec",28,1,1,0,1,1,0.770762719311211
"10226","1250","Ec_N",171,26,26,"Ec",28,1,1,0,1,1,0.770762719311211
"10227","1250","Ec_N",171,27,27,"Ec",28,1,1,0,1,1,0.770762719311211
"10228","1250","Ec_N",171,28,28,"Ec",28,1,1,0,1,1,0.770762719311211
"10229","1250","Ec_N",171,29,29,"Ec",28,1,1,0,1,1,0.770762719311211
"10230","1250","Ec_N",171,30,30,"Ec",28,1,1,0,1,1,0.770762719311211
"10231","1250","Ec_N",171,31,31,"Ec",28,1,1,0,1,1,0.770762719311211
"10232","1250","Ec_N",171,32,32,"Ec",28,1,1,0,1,1,0.770762719311211
"10233","1250","Ec_N",171,33,33,"Ec",28,1,1,0,1,1,0.770762719311211
"10234","1250","Ec_N",171,34,34,"Ec",28,1,1,0,1,1,0.770762719311211
"10235","1250","Ec_N",171,35,35,"Ec",28,1,1,0,1,1,0.770762719311211
"10236","1250","Ec_N",171,36,36,"Ec",28,1,1,0,1,1,0.770762719311211
"10237","1250","Ec_N",171,37,37,"Ec",32,1,1,1,1,1,1
"10238","1250","Ec_N",171,38,38,"Ec",32,1,1,1,1,1,1
"10239","1250","Ec_N",171,39,39,"Ec",32,1,1,1,1,1,1
"10240","1250","Ec_N",171,40,40,"Ec",32,1,1,1,1,1,1
"10241","1250","Ec_N",171,41,41,"Ec",32,1,1,1,1,1,1
"10242","1250","Ec_N",171,42,42,"Ec",32,1,1,1,1,1,1
"10243","1250","Ec_N",171,43,43,"Ec",32,1,1,1,1,1,1
"10244","1250","Ec_N",171,44,44,"Ec",32,1,1,1,1,1,1
"10245","1250","Ec_N",171,45,45,"Ec",32,1,1,1,1,1,1
"10246","1250","Ec_N",171,46,46,"Ec",32,1,1,1,1,1,1
"10247","1250","Ec_N",171,47,47,"Ec",32,1,1,1,1,1,1
"10248","1250","Ec_N",171,48,48,"Ec",32,1,1,1,1,1,1
"10249","1250","Ec_N",171,49,49,"Ec",32,1,1,1,1,1,1
"10250","1250","Ec_N",171,50,50,"Ec",32,1,1,1,1,1,1
"10251","1250","Ec_N",171,51,51,"Ec",32,1,1,1,1,1,1
"10252","1250","Ec_N",171,52,52,"Ec",32,1,1,1,1,1,1
"10253","1250","Ec_N",171,53,53,"Ec",32,1,1,1,1,1,1
"10254","1250","Ec_N",171,54,54,"Ec",32,1,1,1,1,1,1
"10255","1250","Ec_N",171,55,55,"Ec",32,1,1,1,1,1,1
"10256","1250","Ec_N",171,56,56,"Ec",32,1,1,1,1,1,1
"10257","1250","Ec_N",171,57,57,"Ec",32,1,1,1,1,1,1
"10258","1250","Ec_N",171,58,58,"Ec",32,1,1,1,1,1,1
"10259","1250","Ec_N",171,59,59,"Ec",32,1,1,1,1,1,1
"10260","1250","Ec_N",171,60,60,"Ec",32,1,1,1,1,1,1
"10261","1250","Ec_N",172,1,1,"Ec",1,0,0,0,0,0,0
"10262","1250","Ec_N",172,2,2,"Ec",1,0,0,0,0,0,0
"10263","1250","Ec_N",172,3,3,"Ec",1,0,0,0,0,0,0
"10264","1250","Ec_N",172,4,4,"Ec",1,0,0,0,0,0,0
"10265","1250","Ec_N",172,5,5,"Ec",9,0,0,0,1,0,0.267745650041575
"10266","1250","Ec_N",172,6,6,"Ec",9,0,0,0,1,0,0.267745650041575
"10267","1250","Ec_N",172,7,7,"Ec",9,0,0,0,1,0,0.267745650041575
"10268","1250","Ec_N",172,8,8,"Ec",9,0,0,0,1,0,0.267745650041575
"10269","1250","Ec_N",172,9,9,"Ec",9,0,0,0,1,0,0.267745650041575
"10270","1250","Ec_N",172,10,10,"Ec",9,0,0,0,1,0,0.267745650041575
"10271","1250","Ec_N",172,11,11,"Ec",9,0,0,0,1,0,0.267745650041575
"10272","1250","Ec_N",172,12,12,"Ec",10,1,0,0,1,0,0.488758304501343
"10273","1250","Ec_N",172,13,13,"Ec",10,1,0,0,1,0,0.488758304501343
"10274","1250","Ec_N",172,14,14,"Ec",10,1,0,0,1,0,0.488758304501343
"10275","1250","Ec_N",172,15,15,"Ec",10,1,0,0,1,0,0.488758304501343
"10276","1250","Ec_N",172,16,16,"Ec",10,1,0,0,1,0,0.488758304501343
"10277","1250","Ec_N",172,17,17,"Ec",10,1,0,0,1,0,0.488758304501343
"10278","1250","Ec_N",172,18,18,"Ec",10,1,0,0,1,0,0.488758304501343
"10279","1250","Ec_N",172,19,19,"Ec",10,1,0,0,1,0,0.488758304501343
"10280","1250","Ec_N",172,20,20,"Ec",10,1,0,0,1,0,0.488758304501343
"10281","1250","Ec_N",172,21,21,"Ec",10,1,0,0,1,0,0.488758304501343
"10282","1250","Ec_N",172,22,22,"Ec",10,1,0,0,1,0,0.488758304501343
"10283","1250","Ec_N",172,23,23,"Ec",10,1,0,0,1,0,0.488758304501343
"10284","1250","Ec_N",172,24,24,"Ec",10,1,0,0,1,0,0.488758304501343
"10285","1250","Ec_N",172,25,25,"Ec",10,1,0,0,1,0,0.488758304501343
"10286","1250","Ec_N",172,26,26,"Ec",10,1,0,0,1,0,0.488758304501343
"10287","1250","Ec_N",172,27,27,"Ec",12,1,1,0,1,0,0.552627762799163
"10288","1250","Ec_N",172,28,28,"Ec",12,1,1,0,1,0,0.552627762799163
"10289","1250","Ec_N",172,29,29,"Ec",12,1,1,0,1,0,0.552627762799163
"10290","1250","Ec_N",172,30,30,"Ec",12,1,1,0,1,0,0.552627762799163
"10291","1250","Ec_N",172,31,31,"Ec",12,1,1,0,1,0,0.552627762799163
"10292","1250","Ec_N",172,32,32,"Ec",12,1,1,0,1,0,0.552627762799163
"10293","1250","Ec_N",172,33,33,"Ec",12,1,1,0,1,0,0.552627762799163
"10294","1250","Ec_N",172,34,34,"Ec",12,1,1,0,1,0,0.552627762799163
"10295","1250","Ec_N",172,35,35,"Ec",12,1,1,0,1,0,0.552627762799163
"10296","1250","Ec_N",172,36,36,"Ec",12,1,1,0,1,0,0.552627762799163
"10297","1250","Ec_N",172,37,37,"Ec",12,1,1,0,1,0,0.552627762799163
"10298","1250","Ec_N",172,38,38,"Ec",12,1,1,0,1,0,0.552627762799163
"10299","1250","Ec_N",172,39,39,"Ec",12,1,1,0,1,0,0.552627762799163
"10300","1250","Ec_N",172,40,40,"Ec",12,1,1,0,1,0,0.552627762799163
"10301","1250","Ec_N",172,41,41,"Ec",12,1,1,0,1,0,0.552627762799163
"10302","1250","Ec_N",172,42,42,"Ec",28,1,1,0,1,1,0.770762719311211
"10303","1250","Ec_N",172,43,43,"Ec",28,1,1,0,1,1,0.770762719311211
"10304","1250","Ec_N",172,44,44,"Ec",28,1,1,0,1,1,0.770762719311211
"10305","1250","Ec_N",172,45,45,"Ec",28,1,1,0,1,1,0.770762719311211
"10306","1250","Ec_N",172,46,46,"Ec",28,1,1,0,1,1,0.770762719311211
"10307","1250","Ec_N",172,47,47,"Ec",28,1,1,0,1,1,0.770762719311211
"10308","1250","Ec_N",172,48,48,"Ec",28,1,1,0,1,1,0.770762719311211
"10309","1250","Ec_N",172,49,49,"Ec",28,1,1,0,1,1,0.770762719311211
"10310","1250","Ec_N",172,50,50,"Ec",28,1,1,0,1,1,0.770762719311211
"10311","1250","Ec_N",172,51,51,"Ec",28,1,1,0,1,1,0.770762719311211
"10312","1250","Ec_N",172,52,52,"Ec",28,1,1,0,1,1,0.770762719311211
"10313","1250","Ec_N",172,53,53,"Ec",28,1,1,0,1,1,0.770762719311211
"10314","1250","Ec_N",172,54,54,"Ec",28,1,1,0,1,1,0.770762719311211
"10315","1250","Ec_N",172,55,55,"Ec",28,1,1,0,1,1,0.770762719311211
"10316","1250","Ec_N",172,56,56,"Ec",28,1,1,0,1,1,0.770762719311211
"10317","1250","Ec_N",172,57,57,"Ec",28,1,1,0,1,1,0.770762719311211
"10318","1250","Ec_N",172,58,58,"Ec",28,1,1,0,1,1,0.770762719311211
"10319","1250","Ec_N",172,59,59,"Ec",28,1,1,0,1,1,0.770762719311211
"10320","1250","Ec_N",172,60,60,"Ec",28,1,1,0,1,1,0.770762719311211
"10321","1250","Ec_N",173,1,1,"Ec",1,0,0,0,0,0,0
"10322","1250","Ec_N",173,2,2,"Ec",1,0,0,0,0,0,0
"10323","1250","Ec_N",173,3,3,"Ec",1,0,0,0,0,0,0
"10324","1250","Ec_N",173,4,4,"Ec",17,0,0,0,0,1,0.14692246949649
"10325","1250","Ec_N",173,5,5,"Ec",17,0,0,0,0,1,0.14692246949649
"10326","1250","Ec_N",173,6,6,"Ec",17,0,0,0,0,1,0.14692246949649
"10327","1250","Ec_N",173,7,7,"Ec",17,0,0,0,0,1,0.14692246949649
"10328","1250","Ec_N",173,8,8,"Ec",17,0,0,0,0,1,0.14692246949649
"10329","1250","Ec_N",173,9,9,"Ec",17,0,0,0,0,1,0.14692246949649
"10330","1250","Ec_N",173,10,10,"Ec",17,0,0,0,0,1,0.14692246949649
"10331","1250","Ec_N",173,11,11,"Ec",17,0,0,0,0,1,0.14692246949649
"10332","1250","Ec_N",173,12,12,"Ec",17,0,0,0,0,1,0.14692246949649
"10333","1250","Ec_N",173,13,13,"Ec",17,0,0,0,0,1,0.14692246949649
"10334","1250","Ec_N",173,14,14,"Ec",25,0,0,0,1,1,0.464273274362394
"10335","1250","Ec_N",173,15,15,"Ec",25,0,0,0,1,1,0.464273274362394
"10336","1250","Ec_N",173,16,16,"Ec",25,0,0,0,1,1,0.464273274362394
"10337","1250","Ec_N",173,17,17,"Ec",25,0,0,0,1,1,0.464273274362394
"10338","1250","Ec_N",173,18,18,"Ec",25,0,0,0,1,1,0.464273274362394
"10339","1250","Ec_N",173,19,19,"Ec",25,0,0,0,1,1,0.464273274362394
"10340","1250","Ec_N",173,20,20,"Ec",25,0,0,0,1,1,0.464273274362394
"10341","1250","Ec_N",173,21,21,"Ec",25,0,0,0,1,1,0.464273274362394
"10342","1250","Ec_N",173,22,22,"Ec",25,0,0,0,1,1,0.464273274362394
"10343","1250","Ec_N",173,23,23,"Ec",25,0,0,0,1,1,0.464273274362394
"10344","1250","Ec_N",173,24,24,"Ec",27,0,1,0,1,1,0.50104458373578
"10345","1250","Ec_N",173,25,25,"Ec",27,0,1,0,1,1,0.50104458373578
"10346","1250","Ec_N",173,26,26,"Ec",27,0,1,0,1,1,0.50104458373578
"10347","1250","Ec_N",173,27,27,"Ec",27,0,1,0,1,1,0.50104458373578
"10348","1250","Ec_N",173,28,28,"Ec",27,0,1,0,1,1,0.50104458373578
"10349","1250","Ec_N",173,29,29,"Ec",27,0,1,0,1,1,0.50104458373578
"10350","1250","Ec_N",173,30,30,"Ec",27,0,1,0,1,1,0.50104458373578
"10351","1250","Ec_N",173,31,31,"Ec",27,0,1,0,1,1,0.50104458373578
"10352","1250","Ec_N",173,32,32,"Ec",27,0,1,0,1,1,0.50104458373578
"10353","1250","Ec_N",173,33,33,"Ec",27,0,1,0,1,1,0.50104458373578
"10354","1250","Ec_N",173,34,34,"Ec",27,0,1,0,1,1,0.50104458373578
"10355","1250","Ec_N",173,35,35,"Ec",31,0,1,1,1,1,0.778987345540232
"10356","1250","Ec_N",173,36,36,"Ec",31,0,1,1,1,1,0.778987345540232
"10357","1250","Ec_N",173,37,37,"Ec",31,0,1,1,1,1,0.778987345540232
"10358","1250","Ec_N",173,38,38,"Ec",31,0,1,1,1,1,0.778987345540232
"10359","1250","Ec_N",173,39,39,"Ec",31,0,1,1,1,1,0.778987345540232
"10360","1250","Ec_N",173,40,40,"Ec",31,0,1,1,1,1,0.778987345540232
"10361","1250","Ec_N",173,41,41,"Ec",31,0,1,1,1,1,0.778987345540232
"10362","1250","Ec_N",173,42,42,"Ec",32,1,1,1,1,1,1
"10363","1250","Ec_N",173,43,43,"Ec",32,1,1,1,1,1,1
"10364","1250","Ec_N",173,44,44,"Ec",32,1,1,1,1,1,1
"10365","1250","Ec_N",173,45,45,"Ec",32,1,1,1,1,1,1
"10366","1250","Ec_N",173,46,46,"Ec",32,1,1,1,1,1,1
"10367","1250","Ec_N",173,47,47,"Ec",32,1,1,1,1,1,1
"10368","1250","Ec_N",173,48,48,"Ec",32,1,1,1,1,1,1
"10369","1250","Ec_N",173,49,49,"Ec",32,1,1,1,1,1,1
"10370","1250","Ec_N",173,50,50,"Ec",32,1,1,1,1,1,1
"10371","1250","Ec_N",173,51,51,"Ec",32,1,1,1,1,1,1
"10372","1250","Ec_N",173,52,52,"Ec",32,1,1,1,1,1,1
"10373","1250","Ec_N",173,53,53,"Ec",32,1,1,1,1,1,1
"10374","1250","Ec_N",173,54,54,"Ec",32,1,1,1,1,1,1
"10375","1250","Ec_N",173,55,55,"Ec",32,1,1,1,1,1,1
"10376","1250","Ec_N",173,56,56,"Ec",32,1,1,1,1,1,1
"10377","1250","Ec_N",173,57,57,"Ec",32,1,1,1,1,1,1
"10378","1250","Ec_N",173,58,58,"Ec",32,1,1,1,1,1,1
"10379","1250","Ec_N",173,59,59,"Ec",32,1,1,1,1,1,1
"10380","1250","Ec_N",173,60,60,"Ec",32,1,1,1,1,1,1
"10381","1250","Ec_N",174,1,1,"Ec",1,0,0,0,0,0,0
"10382","1250","Ec_N",174,2,2,"Ec",1,0,0,0,0,0,0
"10383","1250","Ec_N",174,3,3,"Ec",1,0,0,0,0,0,0
"10384","1250","Ec_N",174,4,4,"Ec",1,0,0,0,0,0,0
"10385","1250","Ec_N",174,5,5,"Ec",1,0,0,0,0,0,0
"10386","1250","Ec_N",174,6,6,"Ec",1,0,0,0,0,0,0
"10387","1250","Ec_N",174,7,7,"Ec",1,0,0,0,0,0,0
"10388","1250","Ec_N",174,8,8,"Ec",1,0,0,0,0,0,0
"10389","1250","Ec_N",174,9,9,"Ec",1,0,0,0,0,0,0
"10390","1250","Ec_N",174,10,10,"Ec",1,0,0,0,0,0,0
"10391","1250","Ec_N",174,11,11,"Ec",1,0,0,0,0,0,0
"10392","1250","Ec_N",174,12,12,"Ec",1,0,0,0,0,0,0
"10393","1250","Ec_N",174,13,13,"Ec",1,0,0,0,0,0,0
"10394","1250","Ec_N",174,14,14,"Ec",1,0,0,0,0,0,0
"10395","1250","Ec_N",174,15,15,"Ec",1,0,0,0,0,0,0
"10396","1250","Ec_N",174,16,16,"Ec",1,0,0,0,0,0,0
"10397","1250","Ec_N",174,17,17,"Ec",1,0,0,0,0,0,0
"10398","1250","Ec_N",174,18,18,"Ec",1,0,0,0,0,0,0
"10399","1250","Ec_N",174,19,19,"Ec",1,0,0,0,0,0,0
"10400","1250","Ec_N",174,20,20,"Ec",1,0,0,0,0,0,0
"10401","1250","Ec_N",174,21,21,"Ec",9,0,0,0,1,0,0.267745650041575
"10402","1250","Ec_N",174,22,22,"Ec",9,0,0,0,1,0,0.267745650041575
"10403","1250","Ec_N",174,23,23,"Ec",13,0,0,1,1,0,0.499809141804299
"10404","1250","Ec_N",174,24,24,"Ec",13,0,0,1,1,0,0.499809141804299
"10405","1250","Ec_N",174,25,25,"Ec",13,0,0,1,1,0,0.499809141804299
"10406","1250","Ec_N",174,26,26,"Ec",13,0,0,1,1,0,0.499809141804299
"10407","1250","Ec_N",174,27,27,"Ec",14,1,0,1,1,0,0.720821796264067
"10408","1250","Ec_N",174,28,28,"Ec",14,1,0,1,1,0,0.720821796264067
"10409","1250","Ec_N",174,29,29,"Ec",16,1,1,1,1,0,0.879284144928883
"10410","1250","Ec_N",174,30,30,"Ec",16,1,1,1,1,0,0.879284144928883
"10411","1250","Ec_N",174,31,31,"Ec",16,1,1,1,1,0,0.879284144928883
"10412","1250","Ec_N",174,32,32,"Ec",16,1,1,1,1,0,0.879284144928883
"10413","1250","Ec_N",174,33,33,"Ec",16,1,1,1,1,0,0.879284144928883
"10414","1250","Ec_N",174,34,34,"Ec",16,1,1,1,1,0,0.879284144928883
"10415","1250","Ec_N",174,35,35,"Ec",16,1,1,1,1,0,0.879284144928883
"10416","1250","Ec_N",174,36,36,"Ec",16,1,1,1,1,0,0.879284144928883
"10417","1250","Ec_N",174,37,37,"Ec",16,1,1,1,1,0,0.879284144928883
"10418","1250","Ec_N",174,38,38,"Ec",16,1,1,1,1,0,0.879284144928883
"10419","1250","Ec_N",174,39,39,"Ec",16,1,1,1,1,0,0.879284144928883
"10420","1250","Ec_N",174,40,40,"Ec",16,1,1,1,1,0,0.879284144928883
"10421","1250","Ec_N",174,41,41,"Ec",16,1,1,1,1,0,0.879284144928883
"10422","1250","Ec_N",174,42,42,"Ec",16,1,1,1,1,0,0.879284144928883
"10423","1250","Ec_N",174,43,43,"Ec",16,1,1,1,1,0,0.879284144928883
"10424","1250","Ec_N",174,44,44,"Ec",16,1,1,1,1,0,0.879284144928883
"10425","1250","Ec_N",174,45,45,"Ec",16,1,1,1,1,0,0.879284144928883
"10426","1250","Ec_N",174,46,46,"Ec",16,1,1,1,1,0,0.879284144928883
"10427","1250","Ec_N",174,47,47,"Ec",16,1,1,1,1,0,0.879284144928883
"10428","1250","Ec_N",174,48,48,"Ec",16,1,1,1,1,0,0.879284144928883
"10429","1250","Ec_N",174,49,49,"Ec",16,1,1,1,1,0,0.879284144928883
"10430","1250","Ec_N",174,50,50,"Ec",16,1,1,1,1,0,0.879284144928883
"10431","1250","Ec_N",174,51,51,"Ec",16,1,1,1,1,0,0.879284144928883
"10432","1250","Ec_N",174,52,52,"Ec",32,1,1,1,1,1,1
"10433","1250","Ec_N",174,53,53,"Ec",32,1,1,1,1,1,1
"10434","1250","Ec_N",174,54,54,"Ec",32,1,1,1,1,1,1
"10435","1250","Ec_N",174,55,55,"Ec",32,1,1,1,1,1,1
"10436","1250","Ec_N",174,56,56,"Ec",32,1,1,1,1,1,1
"10437","1250","Ec_N",174,57,57,"Ec",32,1,1,1,1,1,1
"10438","1250","Ec_N",174,58,58,"Ec",32,1,1,1,1,1,1
"10439","1250","Ec_N",174,59,59,"Ec",32,1,1,1,1,1,1
"10440","1250","Ec_N",174,60,60,"Ec",32,1,1,1,1,1,1
"10441","1250","Ec_N",175,1,1,"Ec",1,0,0,0,0,0,0
"10442","1250","Ec_N",175,2,2,"Ec",9,0,0,0,1,0,0.267745650041575
"10443","1250","Ec_N",175,3,3,"Ec",9,0,0,0,1,0,0.267745650041575
"10444","1250","Ec_N",175,4,4,"Ec",9,0,0,0,1,0,0.267745650041575
"10445","1250","Ec_N",175,5,5,"Ec",9,0,0,0,1,0,0.267745650041575
"10446","1250","Ec_N",175,6,6,"Ec",9,0,0,0,1,0,0.267745650041575
"10447","1250","Ec_N",175,7,7,"Ec",9,0,0,0,1,0,0.267745650041575
"10448","1250","Ec_N",175,8,8,"Ec",9,0,0,0,1,0,0.267745650041575
"10449","1250","Ec_N",175,9,9,"Ec",9,0,0,0,1,0,0.267745650041575
"10450","1250","Ec_N",175,10,10,"Ec",9,0,0,0,1,0,0.267745650041575
"10451","1250","Ec_N",175,11,11,"Ec",9,0,0,0,1,0,0.267745650041575
"10452","1250","Ec_N",175,12,12,"Ec",9,0,0,0,1,0,0.267745650041575
"10453","1250","Ec_N",175,13,13,"Ec",9,0,0,0,1,0,0.267745650041575
"10454","1250","Ec_N",175,14,14,"Ec",9,0,0,0,1,0,0.267745650041575
"10455","1250","Ec_N",175,15,15,"Ec",9,0,0,0,1,0,0.267745650041575
"10456","1250","Ec_N",175,16,16,"Ec",9,0,0,0,1,0,0.267745650041575
"10457","1250","Ec_N",175,17,17,"Ec",9,0,0,0,1,0,0.267745650041575
"10458","1250","Ec_N",175,18,18,"Ec",9,0,0,0,1,0,0.267745650041575
"10459","1250","Ec_N",175,19,19,"Ec",9,0,0,0,1,0,0.267745650041575
"10460","1250","Ec_N",175,20,20,"Ec",9,0,0,0,1,0,0.267745650041575
"10461","1250","Ec_N",175,21,21,"Ec",9,0,0,0,1,0,0.267745650041575
"10462","1250","Ec_N",175,22,22,"Ec",9,0,0,0,1,0,0.267745650041575
"10463","1250","Ec_N",175,23,23,"Ec",9,0,0,0,1,0,0.267745650041575
"10464","1250","Ec_N",175,24,24,"Ec",9,0,0,0,1,0,0.267745650041575
"10465","1250","Ec_N",175,25,25,"Ec",9,0,0,0,1,0,0.267745650041575
"10466","1250","Ec_N",175,26,26,"Ec",9,0,0,0,1,0,0.267745650041575
"10467","1250","Ec_N",175,27,27,"Ec",9,0,0,0,1,0,0.267745650041575
"10468","1250","Ec_N",175,28,28,"Ec",9,0,0,0,1,0,0.267745650041575
"10469","1250","Ec_N",175,29,29,"Ec",9,0,0,0,1,0,0.267745650041575
"10470","1250","Ec_N",175,30,30,"Ec",9,0,0,0,1,0,0.267745650041575
"10471","1250","Ec_N",175,31,31,"Ec",9,0,0,0,1,0,0.267745650041575
"10472","1250","Ec_N",175,32,32,"Ec",9,0,0,0,1,0,0.267745650041575
"10473","1250","Ec_N",175,33,33,"Ec",9,0,0,0,1,0,0.267745650041575
"10474","1250","Ec_N",175,34,34,"Ec",9,0,0,0,1,0,0.267745650041575
"10475","1250","Ec_N",175,35,35,"Ec",10,1,0,0,1,0,0.488758304501343
"10476","1250","Ec_N",175,36,36,"Ec",10,1,0,0,1,0,0.488758304501343
"10477","1250","Ec_N",175,37,37,"Ec",10,1,0,0,1,0,0.488758304501343
"10478","1250","Ec_N",175,38,38,"Ec",10,1,0,0,1,0,0.488758304501343
"10479","1250","Ec_N",175,39,39,"Ec",10,1,0,0,1,0,0.488758304501343
"10480","1250","Ec_N",175,40,40,"Ec",10,1,0,0,1,0,0.488758304501343
"10481","1250","Ec_N",175,41,41,"Ec",10,1,0,0,1,0,0.488758304501343
"10482","1250","Ec_N",175,42,42,"Ec",12,1,1,0,1,0,0.552627762799163
"10483","1250","Ec_N",175,43,43,"Ec",12,1,1,0,1,0,0.552627762799163
"10484","1250","Ec_N",175,44,44,"Ec",12,1,1,0,1,0,0.552627762799163
"10485","1250","Ec_N",175,45,45,"Ec",12,1,1,0,1,0,0.552627762799163
"10486","1250","Ec_N",175,46,46,"Ec",12,1,1,0,1,0,0.552627762799163
"10487","1250","Ec_N",175,47,47,"Ec",12,1,1,0,1,0,0.552627762799163
"10488","1250","Ec_N",175,48,48,"Ec",12,1,1,0,1,0,0.552627762799163
"10489","1250","Ec_N",175,49,49,"Ec",12,1,1,0,1,0,0.552627762799163
"10490","1250","Ec_N",175,50,50,"Ec",12,1,1,0,1,0,0.552627762799163
"10491","1250","Ec_N",175,51,51,"Ec",12,1,1,0,1,0,0.552627762799163
"10492","1250","Ec_N",175,52,52,"Ec",12,1,1,0,1,0,0.552627762799163
"10493","1250","Ec_N",175,53,53,"Ec",12,1,1,0,1,0,0.552627762799163
"10494","1250","Ec_N",175,54,54,"Ec",16,1,1,1,1,0,0.879284144928883
"10495","1250","Ec_N",175,55,55,"Ec",16,1,1,1,1,0,0.879284144928883
"10496","1250","Ec_N",175,56,56,"Ec",16,1,1,1,1,0,0.879284144928883
"10497","1250","Ec_N",175,57,57,"Ec",16,1,1,1,1,0,0.879284144928883
"10498","1250","Ec_N",175,58,58,"Ec",16,1,1,1,1,0,0.879284144928883
"10499","1250","Ec_N",175,59,59,"Ec",16,1,1,1,1,0,0.879284144928883
"10500","1250","Ec_N",175,60,60,"Ec",16,1,1,1,1,0,0.879284144928883
"10501","1250","Ec_N",176,1,1,"Ec",1,0,0,0,0,0,0
"10502","1250","Ec_N",176,2,2,"Ec",1,0,0,0,0,0,0
"10503","1250","Ec_N",176,3,3,"Ec",1,0,0,0,0,0,0
"10504","1250","Ec_N",176,4,4,"Ec",1,0,0,0,0,0,0
"10505","1250","Ec_N",176,5,5,"Ec",1,0,0,0,0,0,0
"10506","1250","Ec_N",176,6,6,"Ec",1,0,0,0,0,0,0
"10507","1250","Ec_N",176,7,7,"Ec",5,0,0,1,0,0,0.232063491762724
"10508","1250","Ec_N",176,8,8,"Ec",5,0,0,1,0,0,0.232063491762724
"10509","1250","Ec_N",176,9,9,"Ec",5,0,0,1,0,0,0.232063491762724
"10510","1250","Ec_N",176,10,10,"Ec",5,0,0,1,0,0,0.232063491762724
"10511","1250","Ec_N",176,11,11,"Ec",5,0,0,1,0,0,0.232063491762724
"10512","1250","Ec_N",176,12,12,"Ec",21,0,0,1,0,1,0.428591116083543
"10513","1250","Ec_N",176,13,13,"Ec",21,0,0,1,0,1,0.428591116083543
"10514","1250","Ec_N",176,14,14,"Ec",22,1,0,1,0,1,0.649603770543311
"10515","1250","Ec_N",176,15,15,"Ec",22,1,0,1,0,1,0.649603770543311
"10516","1250","Ec_N",176,16,16,"Ec",22,1,0,1,0,1,0.649603770543311
"10517","1250","Ec_N",176,17,17,"Ec",22,1,0,1,0,1,0.649603770543311
"10518","1250","Ec_N",176,18,18,"Ec",22,1,0,1,0,1,0.649603770543311
"10519","1250","Ec_N",176,19,19,"Ec",22,1,0,1,0,1,0.649603770543311
"10520","1250","Ec_N",176,20,20,"Ec",22,1,0,1,0,1,0.649603770543311
"10521","1250","Ec_N",176,21,21,"Ec",22,1,0,1,0,1,0.649603770543311
"10522","1250","Ec_N",176,22,22,"Ec",22,1,0,1,0,1,0.649603770543311
"10523","1250","Ec_N",176,23,23,"Ec",22,1,0,1,0,1,0.649603770543311
"10524","1250","Ec_N",176,24,24,"Ec",22,1,0,1,0,1,0.649603770543311
"10525","1250","Ec_N",176,25,25,"Ec",30,1,0,1,1,1,0.981696467924213
"10526","1250","Ec_N",176,26,26,"Ec",32,1,1,1,1,1,1
"10527","1250","Ec_N",176,27,27,"Ec",32,1,1,1,1,1,1
"10528","1250","Ec_N",176,28,28,"Ec",32,1,1,1,1,1,1
"10529","1250","Ec_N",176,29,29,"Ec",32,1,1,1,1,1,1
"10530","1250","Ec_N",176,30,30,"Ec",32,1,1,1,1,1,1
"10531","1250","Ec_N",176,31,31,"Ec",32,1,1,1,1,1,1
"10532","1250","Ec_N",176,32,32,"Ec",32,1,1,1,1,1,1
"10533","1250","Ec_N",176,33,33,"Ec",32,1,1,1,1,1,1
"10534","1250","Ec_N",176,34,34,"Ec",32,1,1,1,1,1,1
"10535","1250","Ec_N",176,35,35,"Ec",32,1,1,1,1,1,1
"10536","1250","Ec_N",176,36,36,"Ec",32,1,1,1,1,1,1
"10537","1250","Ec_N",176,37,37,"Ec",32,1,1,1,1,1,1
"10538","1250","Ec_N",176,38,38,"Ec",32,1,1,1,1,1,1
"10539","1250","Ec_N",176,39,39,"Ec",32,1,1,1,1,1,1
"10540","1250","Ec_N",176,40,40,"Ec",32,1,1,1,1,1,1
"10541","1250","Ec_N",176,41,41,"Ec",32,1,1,1,1,1,1
"10542","1250","Ec_N",176,42,42,"Ec",32,1,1,1,1,1,1
"10543","1250","Ec_N",176,43,43,"Ec",32,1,1,1,1,1,1
"10544","1250","Ec_N",176,44,44,"Ec",32,1,1,1,1,1,1
"10545","1250","Ec_N",176,45,45,"Ec",32,1,1,1,1,1,1
"10546","1250","Ec_N",176,46,46,"Ec",32,1,1,1,1,1,1
"10547","1250","Ec_N",176,47,47,"Ec",32,1,1,1,1,1,1
"10548","1250","Ec_N",176,48,48,"Ec",32,1,1,1,1,1,1
"10549","1250","Ec_N",176,49,49,"Ec",32,1,1,1,1,1,1
"10550","1250","Ec_N",176,50,50,"Ec",32,1,1,1,1,1,1
"10551","1250","Ec_N",176,51,51,"Ec",32,1,1,1,1,1,1
"10552","1250","Ec_N",176,52,52,"Ec",32,1,1,1,1,1,1
"10553","1250","Ec_N",176,53,53,"Ec",32,1,1,1,1,1,1
"10554","1250","Ec_N",176,54,54,"Ec",32,1,1,1,1,1,1
"10555","1250","Ec_N",176,55,55,"Ec",32,1,1,1,1,1,1
"10556","1250","Ec_N",176,56,56,"Ec",32,1,1,1,1,1,1
"10557","1250","Ec_N",176,57,57,"Ec",32,1,1,1,1,1,1
"10558","1250","Ec_N",176,58,58,"Ec",32,1,1,1,1,1,1
"10559","1250","Ec_N",176,59,59,"Ec",32,1,1,1,1,1,1
"10560","1250","Ec_N",176,60,60,"Ec",32,1,1,1,1,1,1
"10561","1250","Ec_N",177,1,1,"Ec",1,0,0,0,0,0,0
"10562","1250","Ec_N",177,2,2,"Ec",1,0,0,0,0,0,0
"10563","1250","Ec_N",177,3,3,"Ec",1,0,0,0,0,0,0
"10564","1250","Ec_N",177,4,4,"Ec",17,0,0,0,0,1,0.14692246949649
"10565","1250","Ec_N",177,5,5,"Ec",17,0,0,0,0,1,0.14692246949649
"10566","1250","Ec_N",177,6,6,"Ec",17,0,0,0,0,1,0.14692246949649
"10567","1250","Ec_N",177,7,7,"Ec",25,0,0,0,1,1,0.464273274362394
"10568","1250","Ec_N",177,8,8,"Ec",25,0,0,0,1,1,0.464273274362394
"10569","1250","Ec_N",177,9,9,"Ec",27,0,1,0,1,1,0.50104458373578
"10570","1250","Ec_N",177,10,10,"Ec",27,0,1,0,1,1,0.50104458373578
"10571","1250","Ec_N",177,11,11,"Ec",27,0,1,0,1,1,0.50104458373578
"10572","1250","Ec_N",177,12,12,"Ec",27,0,1,0,1,1,0.50104458373578
"10573","1250","Ec_N",177,13,13,"Ec",27,0,1,0,1,1,0.50104458373578
"10574","1250","Ec_N",177,14,14,"Ec",27,0,1,0,1,1,0.50104458373578
"10575","1250","Ec_N",177,15,15,"Ec",27,0,1,0,1,1,0.50104458373578
"10576","1250","Ec_N",177,16,16,"Ec",27,0,1,0,1,1,0.50104458373578
"10577","1250","Ec_N",177,17,17,"Ec",27,0,1,0,1,1,0.50104458373578
"10578","1250","Ec_N",177,18,18,"Ec",27,0,1,0,1,1,0.50104458373578
"10579","1250","Ec_N",177,19,19,"Ec",27,0,1,0,1,1,0.50104458373578
"10580","1250","Ec_N",177,20,20,"Ec",27,0,1,0,1,1,0.50104458373578
"10581","1250","Ec_N",177,21,21,"Ec",27,0,1,0,1,1,0.50104458373578
"10582","1250","Ec_N",177,22,22,"Ec",27,0,1,0,1,1,0.50104458373578
"10583","1250","Ec_N",177,23,23,"Ec",27,0,1,0,1,1,0.50104458373578
"10584","1250","Ec_N",177,24,24,"Ec",31,0,1,1,1,1,0.778987345540232
"10585","1250","Ec_N",177,25,25,"Ec",31,0,1,1,1,1,0.778987345540232
"10586","1250","Ec_N",177,26,26,"Ec",31,0,1,1,1,1,0.778987345540232
"10587","1250","Ec_N",177,27,27,"Ec",31,0,1,1,1,1,0.778987345540232
"10588","1250","Ec_N",177,28,28,"Ec",31,0,1,1,1,1,0.778987345540232
"10589","1250","Ec_N",177,29,29,"Ec",31,0,1,1,1,1,0.778987345540232
"10590","1250","Ec_N",177,30,30,"Ec",31,0,1,1,1,1,0.778987345540232
"10591","1250","Ec_N",177,31,31,"Ec",31,0,1,1,1,1,0.778987345540232
"10592","1250","Ec_N",177,32,32,"Ec",31,0,1,1,1,1,0.778987345540232
"10593","1250","Ec_N",177,33,33,"Ec",31,0,1,1,1,1,0.778987345540232
"10594","1250","Ec_N",177,34,34,"Ec",31,0,1,1,1,1,0.778987345540232
"10595","1250","Ec_N",177,35,35,"Ec",31,0,1,1,1,1,0.778987345540232
"10596","1250","Ec_N",177,36,36,"Ec",31,0,1,1,1,1,0.778987345540232
"10597","1250","Ec_N",177,37,37,"Ec",32,1,1,1,1,1,1
"10598","1250","Ec_N",177,38,38,"Ec",32,1,1,1,1,1,1
"10599","1250","Ec_N",177,39,39,"Ec",32,1,1,1,1,1,1
"10600","1250","Ec_N",177,40,40,"Ec",32,1,1,1,1,1,1
"10601","1250","Ec_N",177,41,41,"Ec",32,1,1,1,1,1,1
"10602","1250","Ec_N",177,42,42,"Ec",32,1,1,1,1,1,1
"10603","1250","Ec_N",177,43,43,"Ec",32,1,1,1,1,1,1
"10604","1250","Ec_N",177,44,44,"Ec",32,1,1,1,1,1,1
"10605","1250","Ec_N",177,45,45,"Ec",32,1,1,1,1,1,1
"10606","1250","Ec_N",177,46,46,"Ec",32,1,1,1,1,1,1
"10607","1250","Ec_N",177,47,47,"Ec",32,1,1,1,1,1,1
"10608","1250","Ec_N",177,48,48,"Ec",32,1,1,1,1,1,1
"10609","1250","Ec_N",177,49,49,"Ec",32,1,1,1,1,1,1
"10610","1250","Ec_N",177,50,50,"Ec",32,1,1,1,1,1,1
"10611","1250","Ec_N",177,51,51,"Ec",32,1,1,1,1,1,1
"10612","1250","Ec_N",177,52,52,"Ec",32,1,1,1,1,1,1
"10613","1250","Ec_N",177,53,53,"Ec",32,1,1,1,1,1,1
"10614","1250","Ec_N",177,54,54,"Ec",32,1,1,1,1,1,1
"10615","1250","Ec_N",177,55,55,"Ec",32,1,1,1,1,1,1
"10616","1250","Ec_N",177,56,56,"Ec",32,1,1,1,1,1,1
"10617","1250","Ec_N",177,57,57,"Ec",32,1,1,1,1,1,1
"10618","1250","Ec_N",177,58,58,"Ec",32,1,1,1,1,1,1
"10619","1250","Ec_N",177,59,59,"Ec",32,1,1,1,1,1,1
"10620","1250","Ec_N",177,60,60,"Ec",32,1,1,1,1,1,1
"10621","1250","Ec_N",178,1,1,"Ec",1,0,0,0,0,0,0
"10622","1250","Ec_N",178,2,2,"Ec",1,0,0,0,0,0,0
"10623","1250","Ec_N",178,3,3,"Ec",1,0,0,0,0,0,0
"10624","1250","Ec_N",178,4,4,"Ec",1,0,0,0,0,0,0
"10625","1250","Ec_N",178,5,5,"Ec",1,0,0,0,0,0,0
"10626","1250","Ec_N",178,6,6,"Ec",1,0,0,0,0,0,0
"10627","1250","Ec_N",178,7,7,"Ec",1,0,0,0,0,0,0
"10628","1250","Ec_N",178,8,8,"Ec",1,0,0,0,0,0,0
"10629","1250","Ec_N",178,9,9,"Ec",9,0,0,0,1,0,0.267745650041575
"10630","1250","Ec_N",178,10,10,"Ec",9,0,0,0,1,0,0.267745650041575
"10631","1250","Ec_N",178,11,11,"Ec",9,0,0,0,1,0,0.267745650041575
"10632","1250","Ec_N",178,12,12,"Ec",9,0,0,0,1,0,0.267745650041575
"10633","1250","Ec_N",178,13,13,"Ec",9,0,0,0,1,0,0.267745650041575
"10634","1250","Ec_N",178,14,14,"Ec",9,0,0,0,1,0,0.267745650041575
"10635","1250","Ec_N",178,15,15,"Ec",9,0,0,0,1,0,0.267745650041575
"10636","1250","Ec_N",178,16,16,"Ec",9,0,0,0,1,0,0.267745650041575
"10637","1250","Ec_N",178,17,17,"Ec",13,0,0,1,1,0,0.499809141804299
"10638","1250","Ec_N",178,18,18,"Ec",13,0,0,1,1,0,0.499809141804299
"10639","1250","Ec_N",178,19,19,"Ec",13,0,0,1,1,0,0.499809141804299
"10640","1250","Ec_N",178,20,20,"Ec",15,0,1,1,1,0,0.582459721219413
"10641","1250","Ec_N",178,21,21,"Ec",15,0,1,1,1,0,0.582459721219413
"10642","1250","Ec_N",178,22,22,"Ec",15,0,1,1,1,0,0.582459721219413
"10643","1250","Ec_N",178,23,23,"Ec",15,0,1,1,1,0,0.582459721219413
"10644","1250","Ec_N",178,24,24,"Ec",15,0,1,1,1,0,0.582459721219413
"10645","1250","Ec_N",178,25,25,"Ec",15,0,1,1,1,0,0.582459721219413
"10646","1250","Ec_N",178,26,26,"Ec",15,0,1,1,1,0,0.582459721219413
"10647","1250","Ec_N",178,27,27,"Ec",15,0,1,1,1,0,0.582459721219413
"10648","1250","Ec_N",178,28,28,"Ec",15,0,1,1,1,0,0.582459721219413
"10649","1250","Ec_N",178,29,29,"Ec",15,0,1,1,1,0,0.582459721219413
"10650","1250","Ec_N",178,30,30,"Ec",15,0,1,1,1,0,0.582459721219413
"10651","1250","Ec_N",178,31,31,"Ec",15,0,1,1,1,0,0.582459721219413
"10652","1250","Ec_N",178,32,32,"Ec",15,0,1,1,1,0,0.582459721219413
"10653","1250","Ec_N",178,33,33,"Ec",15,0,1,1,1,0,0.582459721219413
"10654","1250","Ec_N",178,34,34,"Ec",15,0,1,1,1,0,0.582459721219413
"10655","1250","Ec_N",178,35,35,"Ec",15,0,1,1,1,0,0.582459721219413
"10656","1250","Ec_N",178,36,36,"Ec",15,0,1,1,1,0,0.582459721219413
"10657","1250","Ec_N",178,37,37,"Ec",15,0,1,1,1,0,0.582459721219413
"10658","1250","Ec_N",178,38,38,"Ec",15,0,1,1,1,0,0.582459721219413
"10659","1250","Ec_N",178,39,39,"Ec",15,0,1,1,1,0,0.582459721219413
"10660","1250","Ec_N",178,40,40,"Ec",15,0,1,1,1,0,0.582459721219413
"10661","1250","Ec_N",178,41,41,"Ec",15,0,1,1,1,0,0.582459721219413
"10662","1250","Ec_N",178,42,42,"Ec",15,0,1,1,1,0,0.582459721219413
"10663","1250","Ec_N",178,43,43,"Ec",15,0,1,1,1,0,0.582459721219413
"10664","1250","Ec_N",178,44,44,"Ec",15,0,1,1,1,0,0.582459721219413
"10665","1250","Ec_N",178,45,45,"Ec",15,0,1,1,1,0,0.582459721219413
"10666","1250","Ec_N",178,46,46,"Ec",31,0,1,1,1,1,0.778987345540232
"10667","1250","Ec_N",178,47,47,"Ec",31,0,1,1,1,1,0.778987345540232
"10668","1250","Ec_N",178,48,48,"Ec",31,0,1,1,1,1,0.778987345540232
"10669","1250","Ec_N",178,49,49,"Ec",31,0,1,1,1,1,0.778987345540232
"10670","1250","Ec_N",178,50,50,"Ec",32,1,1,1,1,1,1
"10671","1250","Ec_N",178,51,51,"Ec",32,1,1,1,1,1,1
"10672","1250","Ec_N",178,52,52,"Ec",32,1,1,1,1,1,1
"10673","1250","Ec_N",178,53,53,"Ec",32,1,1,1,1,1,1
"10674","1250","Ec_N",178,54,54,"Ec",32,1,1,1,1,1,1
"10675","1250","Ec_N",178,55,55,"Ec",32,1,1,1,1,1,1
"10676","1250","Ec_N",178,56,56,"Ec",32,1,1,1,1,1,1
"10677","1250","Ec_N",178,57,57,"Ec",32,1,1,1,1,1,1
"10678","1250","Ec_N",178,58,58,"Ec",32,1,1,1,1,1,1
"10679","1250","Ec_N",178,59,59,"Ec",32,1,1,1,1,1,1
"10680","1250","Ec_N",178,60,60,"Ec",32,1,1,1,1,1,1
"10681","1250","Ec_N",179,1,1,"Ec",1,0,0,0,0,0,0
"10682","1250","Ec_N",179,2,2,"Ec",1,0,0,0,0,0,0
"10683","1250","Ec_N",179,3,3,"Ec",1,0,0,0,0,0,0
"10684","1250","Ec_N",179,4,4,"Ec",1,0,0,0,0,0,0
"10685","1250","Ec_N",179,5,5,"Ec",1,0,0,0,0,0,0
"10686","1250","Ec_N",179,6,6,"Ec",1,0,0,0,0,0,0
"10687","1250","Ec_N",179,7,7,"Ec",9,0,0,0,1,0,0.267745650041575
"10688","1250","Ec_N",179,8,8,"Ec",9,0,0,0,1,0,0.267745650041575
"10689","1250","Ec_N",179,9,9,"Ec",10,1,0,0,1,0,0.488758304501343
"10690","1250","Ec_N",179,10,10,"Ec",10,1,0,0,1,0,0.488758304501343
"10691","1250","Ec_N",179,11,11,"Ec",10,1,0,0,1,0,0.488758304501343
"10692","1250","Ec_N",179,12,12,"Ec",10,1,0,0,1,0,0.488758304501343
"10693","1250","Ec_N",179,13,13,"Ec",10,1,0,0,1,0,0.488758304501343
"10694","1250","Ec_N",179,14,14,"Ec",10,1,0,0,1,0,0.488758304501343
"10695","1250","Ec_N",179,15,15,"Ec",10,1,0,0,1,0,0.488758304501343
"10696","1250","Ec_N",179,16,16,"Ec",10,1,0,0,1,0,0.488758304501343
"10697","1250","Ec_N",179,17,17,"Ec",10,1,0,0,1,0,0.488758304501343
"10698","1250","Ec_N",179,18,18,"Ec",10,1,0,0,1,0,0.488758304501343
"10699","1250","Ec_N",179,19,19,"Ec",10,1,0,0,1,0,0.488758304501343
"10700","1250","Ec_N",179,20,20,"Ec",10,1,0,0,1,0,0.488758304501343
"10701","1250","Ec_N",179,21,21,"Ec",10,1,0,0,1,0,0.488758304501343
"10702","1250","Ec_N",179,22,22,"Ec",10,1,0,0,1,0,0.488758304501343
"10703","1250","Ec_N",179,23,23,"Ec",10,1,0,0,1,0,0.488758304501343
"10704","1250","Ec_N",179,24,24,"Ec",10,1,0,0,1,0,0.488758304501343
"10705","1250","Ec_N",179,25,25,"Ec",12,1,1,0,1,0,0.552627762799163
"10706","1250","Ec_N",179,26,26,"Ec",12,1,1,0,1,0,0.552627762799163
"10707","1250","Ec_N",179,27,27,"Ec",16,1,1,1,1,0,0.879284144928883
"10708","1250","Ec_N",179,28,28,"Ec",16,1,1,1,1,0,0.879284144928883
"10709","1250","Ec_N",179,29,29,"Ec",16,1,1,1,1,0,0.879284144928883
"10710","1250","Ec_N",179,30,30,"Ec",16,1,1,1,1,0,0.879284144928883
"10711","1250","Ec_N",179,31,31,"Ec",16,1,1,1,1,0,0.879284144928883
"10712","1250","Ec_N",179,32,32,"Ec",16,1,1,1,1,0,0.879284144928883
"10713","1250","Ec_N",179,33,33,"Ec",16,1,1,1,1,0,0.879284144928883
"10714","1250","Ec_N",179,34,34,"Ec",16,1,1,1,1,0,0.879284144928883
"10715","1250","Ec_N",179,35,35,"Ec",16,1,1,1,1,0,0.879284144928883
"10716","1250","Ec_N",179,36,36,"Ec",32,1,1,1,1,1,1
"10717","1250","Ec_N",179,37,37,"Ec",32,1,1,1,1,1,1
"10718","1250","Ec_N",179,38,38,"Ec",32,1,1,1,1,1,1
"10719","1250","Ec_N",179,39,39,"Ec",32,1,1,1,1,1,1
"10720","1250","Ec_N",179,40,40,"Ec",32,1,1,1,1,1,1
"10721","1250","Ec_N",179,41,41,"Ec",32,1,1,1,1,1,1
"10722","1250","Ec_N",179,42,42,"Ec",32,1,1,1,1,1,1
"10723","1250","Ec_N",179,43,43,"Ec",32,1,1,1,1,1,1
"10724","1250","Ec_N",179,44,44,"Ec",32,1,1,1,1,1,1
"10725","1250","Ec_N",179,45,45,"Ec",32,1,1,1,1,1,1
"10726","1250","Ec_N",179,46,46,"Ec",32,1,1,1,1,1,1
"10727","1250","Ec_N",179,47,47,"Ec",32,1,1,1,1,1,1
"10728","1250","Ec_N",179,48,48,"Ec",32,1,1,1,1,1,1
"10729","1250","Ec_N",179,49,49,"Ec",32,1,1,1,1,1,1
"10730","1250","Ec_N",179,50,50,"Ec",32,1,1,1,1,1,1
"10731","1250","Ec_N",179,51,51,"Ec",32,1,1,1,1,1,1
"10732","1250","Ec_N",179,52,52,"Ec",32,1,1,1,1,1,1
"10733","1250","Ec_N",179,53,53,"Ec",32,1,1,1,1,1,1
"10734","1250","Ec_N",179,54,54,"Ec",32,1,1,1,1,1,1
"10735","1250","Ec_N",179,55,55,"Ec",32,1,1,1,1,1,1
"10736","1250","Ec_N",179,56,56,"Ec",32,1,1,1,1,1,1
"10737","1250","Ec_N",179,57,57,"Ec",32,1,1,1,1,1,1
"10738","1250","Ec_N",179,58,58,"Ec",32,1,1,1,1,1,1
"10739","1250","Ec_N",179,59,59,"Ec",32,1,1,1,1,1,1
"10740","1250","Ec_N",179,60,60,"Ec",32,1,1,1,1,1,1
"10741","1250","Ec_N",180,1,1,"Ec",1,0,0,0,0,0,0
"10742","1250","Ec_N",180,2,2,"Ec",1,0,0,0,0,0,0
"10743","1250","Ec_N",180,3,3,"Ec",17,0,0,0,0,1,0.14692246949649
"10744","1250","Ec_N",180,4,4,"Ec",17,0,0,0,0,1,0.14692246949649
"10745","1250","Ec_N",180,5,5,"Ec",17,0,0,0,0,1,0.14692246949649
"10746","1250","Ec_N",180,6,6,"Ec",17,0,0,0,0,1,0.14692246949649
"10747","1250","Ec_N",180,7,7,"Ec",17,0,0,0,0,1,0.14692246949649
"10748","1250","Ec_N",180,8,8,"Ec",17,0,0,0,0,1,0.14692246949649
"10749","1250","Ec_N",180,9,9,"Ec",21,0,0,1,0,1,0.428591116083543
"10750","1250","Ec_N",180,10,10,"Ec",21,0,0,1,0,1,0.428591116083543
"10751","1250","Ec_N",180,11,11,"Ec",21,0,0,1,0,1,0.428591116083543
"10752","1250","Ec_N",180,12,12,"Ec",21,0,0,1,0,1,0.428591116083543
"10753","1250","Ec_N",180,13,13,"Ec",21,0,0,1,0,1,0.428591116083543
"10754","1250","Ec_N",180,14,14,"Ec",21,0,0,1,0,1,0.428591116083543
"10755","1250","Ec_N",180,15,15,"Ec",21,0,0,1,0,1,0.428591116083543
"10756","1250","Ec_N",180,16,16,"Ec",21,0,0,1,0,1,0.428591116083543
"10757","1250","Ec_N",180,17,17,"Ec",21,0,0,1,0,1,0.428591116083543
"10758","1250","Ec_N",180,18,18,"Ec",21,0,0,1,0,1,0.428591116083543
"10759","1250","Ec_N",180,19,19,"Ec",23,0,1,1,0,1,0.511241695498657
"10760","1250","Ec_N",180,20,20,"Ec",23,0,1,1,0,1,0.511241695498657
"10761","1250","Ec_N",180,21,21,"Ec",23,0,1,1,0,1,0.511241695498657
"10762","1250","Ec_N",180,22,22,"Ec",23,0,1,1,0,1,0.511241695498657
"10763","1250","Ec_N",180,23,23,"Ec",23,0,1,1,0,1,0.511241695498657
"10764","1250","Ec_N",180,24,24,"Ec",24,1,1,1,0,1,0.732254349958425
"10765","1250","Ec_N",180,25,25,"Ec",24,1,1,1,0,1,0.732254349958425
"10766","1250","Ec_N",180,26,26,"Ec",24,1,1,1,0,1,0.732254349958425
"10767","1250","Ec_N",180,27,27,"Ec",24,1,1,1,0,1,0.732254349958425
"10768","1250","Ec_N",180,28,28,"Ec",24,1,1,1,0,1,0.732254349958425
"10769","1250","Ec_N",180,29,29,"Ec",24,1,1,1,0,1,0.732254349958425
"10770","1250","Ec_N",180,30,30,"Ec",24,1,1,1,0,1,0.732254349958425
"10771","1250","Ec_N",180,31,31,"Ec",24,1,1,1,0,1,0.732254349958425
"10772","1250","Ec_N",180,32,32,"Ec",24,1,1,1,0,1,0.732254349958425
"10773","1250","Ec_N",180,33,33,"Ec",24,1,1,1,0,1,0.732254349958425
"10774","1250","Ec_N",180,34,34,"Ec",24,1,1,1,0,1,0.732254349958425
"10775","1250","Ec_N",180,35,35,"Ec",24,1,1,1,0,1,0.732254349958425
"10776","1250","Ec_N",180,36,36,"Ec",24,1,1,1,0,1,0.732254349958425
"10777","1250","Ec_N",180,37,37,"Ec",24,1,1,1,0,1,0.732254349958425
"10778","1250","Ec_N",180,38,38,"Ec",24,1,1,1,0,1,0.732254349958425
"10779","1250","Ec_N",180,39,39,"Ec",24,1,1,1,0,1,0.732254349958425
"10780","1250","Ec_N",180,40,40,"Ec",24,1,1,1,0,1,0.732254349958425
"10781","1250","Ec_N",180,41,41,"Ec",24,1,1,1,0,1,0.732254349958425
"10782","1250","Ec_N",180,42,42,"Ec",24,1,1,1,0,1,0.732254349958425
"10783","1250","Ec_N",180,43,43,"Ec",24,1,1,1,0,1,0.732254349958425
"10784","1250","Ec_N",180,44,44,"Ec",24,1,1,1,0,1,0.732254349958425
"10785","1250","Ec_N",180,45,45,"Ec",24,1,1,1,0,1,0.732254349958425
"10786","1250","Ec_N",180,46,46,"Ec",24,1,1,1,0,1,0.732254349958425
"10787","1250","Ec_N",180,47,47,"Ec",32,1,1,1,1,1,1
"10788","1250","Ec_N",180,48,48,"Ec",32,1,1,1,1,1,1
"10789","1250","Ec_N",180,49,49,"Ec",32,1,1,1,1,1,1
"10790","1250","Ec_N",180,50,50,"Ec",32,1,1,1,1,1,1
"10791","1250","Ec_N",180,51,51,"Ec",32,1,1,1,1,1,1
"10792","1250","Ec_N",180,52,52,"Ec",32,1,1,1,1,1,1
"10793","1250","Ec_N",180,53,53,"Ec",32,1,1,1,1,1,1
"10794","1250","Ec_N",180,54,54,"Ec",32,1,1,1,1,1,1
"10795","1250","Ec_N",180,55,55,"Ec",32,1,1,1,1,1,1
"10796","1250","Ec_N",180,56,56,"Ec",32,1,1,1,1,1,1
"10797","1250","Ec_N",180,57,57,"Ec",32,1,1,1,1,1,1
"10798","1250","Ec_N",180,58,58,"Ec",32,1,1,1,1,1,1
"10799","1250","Ec_N",180,59,59,"Ec",32,1,1,1,1,1,1
"10800","1250","Ec_N",180,60,60,"Ec",32,1,1,1,1,1,1
"10801","1250","Ec_N",181,1,1,"Ec",1,0,0,0,0,0,0
"10802","1250","Ec_N",181,2,2,"Ec",17,0,0,0,0,1,0.14692246949649
"10803","1250","Ec_N",181,3,3,"Ec",25,0,0,0,1,1,0.464273274362394
"10804","1250","Ec_N",181,4,4,"Ec",25,0,0,0,1,1,0.464273274362394
"10805","1250","Ec_N",181,5,5,"Ec",25,0,0,0,1,1,0.464273274362394
"10806","1250","Ec_N",181,6,6,"Ec",25,0,0,0,1,1,0.464273274362394
"10807","1250","Ec_N",181,7,7,"Ec",27,0,1,0,1,1,0.50104458373578
"10808","1250","Ec_N",181,8,8,"Ec",27,0,1,0,1,1,0.50104458373578
"10809","1250","Ec_N",181,9,9,"Ec",27,0,1,0,1,1,0.50104458373578
"10810","1250","Ec_N",181,10,10,"Ec",27,0,1,0,1,1,0.50104458373578
"10811","1250","Ec_N",181,11,11,"Ec",27,0,1,0,1,1,0.50104458373578
"10812","1250","Ec_N",181,12,12,"Ec",27,0,1,0,1,1,0.50104458373578
"10813","1250","Ec_N",181,13,13,"Ec",27,0,1,0,1,1,0.50104458373578
"10814","1250","Ec_N",181,14,14,"Ec",27,0,1,0,1,1,0.50104458373578
"10815","1250","Ec_N",181,15,15,"Ec",27,0,1,0,1,1,0.50104458373578
"10816","1250","Ec_N",181,16,16,"Ec",27,0,1,0,1,1,0.50104458373578
"10817","1250","Ec_N",181,17,17,"Ec",27,0,1,0,1,1,0.50104458373578
"10818","1250","Ec_N",181,18,18,"Ec",27,0,1,0,1,1,0.50104458373578
"10819","1250","Ec_N",181,19,19,"Ec",27,0,1,0,1,1,0.50104458373578
"10820","1250","Ec_N",181,20,20,"Ec",27,0,1,0,1,1,0.50104458373578
"10821","1250","Ec_N",181,21,21,"Ec",27,0,1,0,1,1,0.50104458373578
"10822","1250","Ec_N",181,22,22,"Ec",27,0,1,0,1,1,0.50104458373578
"10823","1250","Ec_N",181,23,23,"Ec",27,0,1,0,1,1,0.50104458373578
"10824","1250","Ec_N",181,24,24,"Ec",27,0,1,0,1,1,0.50104458373578
"10825","1250","Ec_N",181,25,25,"Ec",27,0,1,0,1,1,0.50104458373578
"10826","1250","Ec_N",181,26,26,"Ec",27,0,1,0,1,1,0.50104458373578
"10827","1250","Ec_N",181,27,27,"Ec",27,0,1,0,1,1,0.50104458373578
"10828","1250","Ec_N",181,28,28,"Ec",27,0,1,0,1,1,0.50104458373578
"10829","1250","Ec_N",181,29,29,"Ec",27,0,1,0,1,1,0.50104458373578
"10830","1250","Ec_N",181,30,30,"Ec",27,0,1,0,1,1,0.50104458373578
"10831","1250","Ec_N",181,31,31,"Ec",27,0,1,0,1,1,0.50104458373578
"10832","1250","Ec_N",181,32,32,"Ec",27,0,1,0,1,1,0.50104458373578
"10833","1250","Ec_N",181,33,33,"Ec",27,0,1,0,1,1,0.50104458373578
"10834","1250","Ec_N",181,34,34,"Ec",27,0,1,0,1,1,0.50104458373578
"10835","1250","Ec_N",181,35,35,"Ec",27,0,1,0,1,1,0.50104458373578
"10836","1250","Ec_N",181,36,36,"Ec",27,0,1,0,1,1,0.50104458373578
"10837","1250","Ec_N",181,37,37,"Ec",27,0,1,0,1,1,0.50104458373578
"10838","1250","Ec_N",181,38,38,"Ec",27,0,1,0,1,1,0.50104458373578
"10839","1250","Ec_N",181,39,39,"Ec",27,0,1,0,1,1,0.50104458373578
"10840","1250","Ec_N",181,40,40,"Ec",27,0,1,0,1,1,0.50104458373578
"10841","1250","Ec_N",181,41,41,"Ec",31,0,1,1,1,1,0.778987345540232
"10842","1250","Ec_N",181,42,42,"Ec",31,0,1,1,1,1,0.778987345540232
"10843","1250","Ec_N",181,43,43,"Ec",31,0,1,1,1,1,0.778987345540232
"10844","1250","Ec_N",181,44,44,"Ec",31,0,1,1,1,1,0.778987345540232
"10845","1250","Ec_N",181,45,45,"Ec",31,0,1,1,1,1,0.778987345540232
"10846","1250","Ec_N",181,46,46,"Ec",31,0,1,1,1,1,0.778987345540232
"10847","1250","Ec_N",181,47,47,"Ec",31,0,1,1,1,1,0.778987345540232
"10848","1250","Ec_N",181,48,48,"Ec",31,0,1,1,1,1,0.778987345540232
"10849","1250","Ec_N",181,49,49,"Ec",31,0,1,1,1,1,0.778987345540232
"10850","1250","Ec_N",181,50,50,"Ec",31,0,1,1,1,1,0.778987345540232
"10851","1250","Ec_N",181,51,51,"Ec",31,0,1,1,1,1,0.778987345540232
"10852","1250","Ec_N",181,52,52,"Ec",31,0,1,1,1,1,0.778987345540232
"10853","1250","Ec_N",181,53,53,"Ec",31,0,1,1,1,1,0.778987345540232
"10854","1250","Ec_N",181,54,54,"Ec",31,0,1,1,1,1,0.778987345540232
"10855","1250","Ec_N",181,55,55,"Ec",31,0,1,1,1,1,0.778987345540232
"10856","1250","Ec_N",181,56,56,"Ec",32,1,1,1,1,1,1
"10857","1250","Ec_N",181,57,57,"Ec",32,1,1,1,1,1,1
"10858","1250","Ec_N",181,58,58,"Ec",32,1,1,1,1,1,1
"10859","1250","Ec_N",181,59,59,"Ec",32,1,1,1,1,1,1
"10860","1250","Ec_N",181,60,60,"Ec",32,1,1,1,1,1,1
"10861","1250","Ec_N",182,1,1,"Ec",1,0,0,0,0,0,0
"10862","1250","Ec_N",182,2,2,"Ec",1,0,0,0,0,0,0
"10863","1250","Ec_N",182,3,3,"Ec",1,0,0,0,0,0,0
"10864","1250","Ec_N",182,4,4,"Ec",1,0,0,0,0,0,0
"10865","1250","Ec_N",182,5,5,"Ec",1,0,0,0,0,0,0
"10866","1250","Ec_N",182,6,6,"Ec",1,0,0,0,0,0,0
"10867","1250","Ec_N",182,7,7,"Ec",1,0,0,0,0,0,0
"10868","1250","Ec_N",182,8,8,"Ec",1,0,0,0,0,0,0
"10869","1250","Ec_N",182,9,9,"Ec",1,0,0,0,0,0,0
"10870","1250","Ec_N",182,10,10,"Ec",1,0,0,0,0,0,0
"10871","1250","Ec_N",182,11,11,"Ec",1,0,0,0,0,0,0
"10872","1250","Ec_N",182,12,12,"Ec",5,0,0,1,0,0,0.232063491762724
"10873","1250","Ec_N",182,13,13,"Ec",5,0,0,1,0,0,0.232063491762724
"10874","1250","Ec_N",182,14,14,"Ec",5,0,0,1,0,0,0.232063491762724
"10875","1250","Ec_N",182,15,15,"Ec",5,0,0,1,0,0,0.232063491762724
"10876","1250","Ec_N",182,16,16,"Ec",5,0,0,1,0,0,0.232063491762724
"10877","1250","Ec_N",182,17,17,"Ec",5,0,0,1,0,0,0.232063491762724
"10878","1250","Ec_N",182,18,18,"Ec",5,0,0,1,0,0,0.232063491762724
"10879","1250","Ec_N",182,19,19,"Ec",5,0,0,1,0,0,0.232063491762724
"10880","1250","Ec_N",182,20,20,"Ec",5,0,0,1,0,0,0.232063491762724
"10881","1250","Ec_N",182,21,21,"Ec",5,0,0,1,0,0,0.232063491762724
"10882","1250","Ec_N",182,22,22,"Ec",5,0,0,1,0,0,0.232063491762724
"10883","1250","Ec_N",182,23,23,"Ec",5,0,0,1,0,0,0.232063491762724
"10884","1250","Ec_N",182,24,24,"Ec",5,0,0,1,0,0,0.232063491762724
"10885","1250","Ec_N",182,25,25,"Ec",5,0,0,1,0,0,0.232063491762724
"10886","1250","Ec_N",182,26,26,"Ec",5,0,0,1,0,0,0.232063491762724
"10887","1250","Ec_N",182,27,27,"Ec",5,0,0,1,0,0,0.232063491762724
"10888","1250","Ec_N",182,28,28,"Ec",7,0,1,1,0,0,0.314714071177838
"10889","1250","Ec_N",182,29,29,"Ec",15,0,1,1,1,0,0.582459721219413
"10890","1250","Ec_N",182,30,30,"Ec",15,0,1,1,1,0,0.582459721219413
"10891","1250","Ec_N",182,31,31,"Ec",15,0,1,1,1,0,0.582459721219413
"10892","1250","Ec_N",182,32,32,"Ec",15,0,1,1,1,0,0.582459721219413
"10893","1250","Ec_N",182,33,33,"Ec",15,0,1,1,1,0,0.582459721219413
"10894","1250","Ec_N",182,34,34,"Ec",15,0,1,1,1,0,0.582459721219413
"10895","1250","Ec_N",182,35,35,"Ec",15,0,1,1,1,0,0.582459721219413
"10896","1250","Ec_N",182,36,36,"Ec",15,0,1,1,1,0,0.582459721219413
"10897","1250","Ec_N",182,37,37,"Ec",15,0,1,1,1,0,0.582459721219413
"10898","1250","Ec_N",182,38,38,"Ec",15,0,1,1,1,0,0.582459721219413
"10899","1250","Ec_N",182,39,39,"Ec",15,0,1,1,1,0,0.582459721219413
"10900","1250","Ec_N",182,40,40,"Ec",15,0,1,1,1,0,0.582459721219413
"10901","1250","Ec_N",182,41,41,"Ec",15,0,1,1,1,0,0.582459721219413
"10902","1250","Ec_N",182,42,42,"Ec",15,0,1,1,1,0,0.582459721219413
"10903","1250","Ec_N",182,43,43,"Ec",15,0,1,1,1,0,0.582459721219413
"10904","1250","Ec_N",182,44,44,"Ec",16,1,1,1,1,0,0.879284144928883
"10905","1250","Ec_N",182,45,45,"Ec",16,1,1,1,1,0,0.879284144928883
"10906","1250","Ec_N",182,46,46,"Ec",16,1,1,1,1,0,0.879284144928883
"10907","1250","Ec_N",182,47,47,"Ec",16,1,1,1,1,0,0.879284144928883
"10908","1250","Ec_N",182,48,48,"Ec",16,1,1,1,1,0,0.879284144928883
"10909","1250","Ec_N",182,49,49,"Ec",16,1,1,1,1,0,0.879284144928883
"10910","1250","Ec_N",182,50,50,"Ec",16,1,1,1,1,0,0.879284144928883
"10911","1250","Ec_N",182,51,51,"Ec",16,1,1,1,1,0,0.879284144928883
"10912","1250","Ec_N",182,52,52,"Ec",16,1,1,1,1,0,0.879284144928883
"10913","1250","Ec_N",182,53,53,"Ec",16,1,1,1,1,0,0.879284144928883
"10914","1250","Ec_N",182,54,54,"Ec",16,1,1,1,1,0,0.879284144928883
"10915","1250","Ec_N",182,55,55,"Ec",16,1,1,1,1,0,0.879284144928883
"10916","1250","Ec_N",182,56,56,"Ec",16,1,1,1,1,0,0.879284144928883
"10917","1250","Ec_N",182,57,57,"Ec",16,1,1,1,1,0,0.879284144928883
"10918","1250","Ec_N",182,58,58,"Ec",16,1,1,1,1,0,0.879284144928883
"10919","1250","Ec_N",182,59,59,"Ec",16,1,1,1,1,0,0.879284144928883
"10920","1250","Ec_N",182,60,60,"Ec",16,1,1,1,1,0,0.879284144928883
"10921","1250","Ec_N",183,1,1,"Ec",1,0,0,0,0,0,0
"10922","1250","Ec_N",183,2,2,"Ec",3,0,1,0,0,0,0.082650579415114
"10923","1250","Ec_N",183,3,3,"Ec",7,0,1,1,0,0,0.314714071177838
"10924","1250","Ec_N",183,4,4,"Ec",7,0,1,1,0,0,0.314714071177838
"10925","1250","Ec_N",183,5,5,"Ec",7,0,1,1,0,0,0.314714071177838
"10926","1250","Ec_N",183,6,6,"Ec",7,0,1,1,0,0,0.314714071177838
"10927","1250","Ec_N",183,7,7,"Ec",7,0,1,1,0,0,0.314714071177838
"10928","1250","Ec_N",183,8,8,"Ec",7,0,1,1,0,0,0.314714071177838
"10929","1250","Ec_N",183,9,9,"Ec",7,0,1,1,0,0,0.314714071177838
"10930","1250","Ec_N",183,10,10,"Ec",8,1,1,1,0,0,0.440600849145421
"10931","1250","Ec_N",183,11,11,"Ec",8,1,1,1,0,0,0.440600849145421
"10932","1250","Ec_N",183,12,12,"Ec",8,1,1,1,0,0,0.440600849145421
"10933","1250","Ec_N",183,13,13,"Ec",8,1,1,1,0,0,0.440600849145421
"10934","1250","Ec_N",183,14,14,"Ec",8,1,1,1,0,0,0.440600849145421
"10935","1250","Ec_N",183,15,15,"Ec",8,1,1,1,0,0,0.440600849145421
"10936","1250","Ec_N",183,16,16,"Ec",8,1,1,1,0,0,0.440600849145421
"10937","1250","Ec_N",183,17,17,"Ec",8,1,1,1,0,0,0.440600849145421
"10938","1250","Ec_N",183,18,18,"Ec",8,1,1,1,0,0,0.440600849145421
"10939","1250","Ec_N",183,19,19,"Ec",8,1,1,1,0,0,0.440600849145421
"10940","1250","Ec_N",183,20,20,"Ec",8,1,1,1,0,0,0.440600849145421
"10941","1250","Ec_N",183,21,21,"Ec",8,1,1,1,0,0,0.440600849145421
"10942","1250","Ec_N",183,22,22,"Ec",8,1,1,1,0,0,0.440600849145421
"10943","1250","Ec_N",183,23,23,"Ec",8,1,1,1,0,0,0.440600849145421
"10944","1250","Ec_N",183,24,24,"Ec",8,1,1,1,0,0,0.440600849145421
"10945","1250","Ec_N",183,25,25,"Ec",8,1,1,1,0,0,0.440600849145421
"10946","1250","Ec_N",183,26,26,"Ec",8,1,1,1,0,0,0.440600849145421
"10947","1250","Ec_N",183,27,27,"Ec",24,1,1,1,0,1,0.732254349958425
"10948","1250","Ec_N",183,28,28,"Ec",24,1,1,1,0,1,0.732254349958425
"10949","1250","Ec_N",183,29,29,"Ec",24,1,1,1,0,1,0.732254349958425
"10950","1250","Ec_N",183,30,30,"Ec",24,1,1,1,0,1,0.732254349958425
"10951","1250","Ec_N",183,31,31,"Ec",24,1,1,1,0,1,0.732254349958425
"10952","1250","Ec_N",183,32,32,"Ec",24,1,1,1,0,1,0.732254349958425
"10953","1250","Ec_N",183,33,33,"Ec",24,1,1,1,0,1,0.732254349958425
"10954","1250","Ec_N",183,34,34,"Ec",24,1,1,1,0,1,0.732254349958425
"10955","1250","Ec_N",183,35,35,"Ec",24,1,1,1,0,1,0.732254349958425
"10956","1250","Ec_N",183,36,36,"Ec",24,1,1,1,0,1,0.732254349958425
"10957","1250","Ec_N",183,37,37,"Ec",24,1,1,1,0,1,0.732254349958425
"10958","1250","Ec_N",183,38,38,"Ec",24,1,1,1,0,1,0.732254349958425
"10959","1250","Ec_N",183,39,39,"Ec",24,1,1,1,0,1,0.732254349958425
"10960","1250","Ec_N",183,40,40,"Ec",24,1,1,1,0,1,0.732254349958425
"10961","1250","Ec_N",183,41,41,"Ec",24,1,1,1,0,1,0.732254349958425
"10962","1250","Ec_N",183,42,42,"Ec",24,1,1,1,0,1,0.732254349958425
"10963","1250","Ec_N",183,43,43,"Ec",24,1,1,1,0,1,0.732254349958425
"10964","1250","Ec_N",183,44,44,"Ec",24,1,1,1,0,1,0.732254349958425
"10965","1250","Ec_N",183,45,45,"Ec",24,1,1,1,0,1,0.732254349958425
"10966","1250","Ec_N",183,46,46,"Ec",24,1,1,1,0,1,0.732254349958425
"10967","1250","Ec_N",183,47,47,"Ec",24,1,1,1,0,1,0.732254349958425
"10968","1250","Ec_N",183,48,48,"Ec",24,1,1,1,0,1,0.732254349958425
"10969","1250","Ec_N",183,49,49,"Ec",24,1,1,1,0,1,0.732254349958425
"10970","1250","Ec_N",183,50,50,"Ec",24,1,1,1,0,1,0.732254349958425
"10971","1250","Ec_N",183,51,51,"Ec",24,1,1,1,0,1,0.732254349958425
"10972","1250","Ec_N",183,52,52,"Ec",24,1,1,1,0,1,0.732254349958425
"10973","1250","Ec_N",183,53,53,"Ec",24,1,1,1,0,1,0.732254349958425
"10974","1250","Ec_N",183,54,54,"Ec",24,1,1,1,0,1,0.732254349958425
"10975","1250","Ec_N",183,55,55,"Ec",24,1,1,1,0,1,0.732254349958425
"10976","1250","Ec_N",183,56,56,"Ec",24,1,1,1,0,1,0.732254349958425
"10977","1250","Ec_N",183,57,57,"Ec",24,1,1,1,0,1,0.732254349958425
"10978","1250","Ec_N",183,58,58,"Ec",24,1,1,1,0,1,0.732254349958425
"10979","1250","Ec_N",183,59,59,"Ec",24,1,1,1,0,1,0.732254349958425
"10980","1250","Ec_N",183,60,60,"Ec",24,1,1,1,0,1,0.732254349958425
"10981","1250","Ec_N",184,1,1,"Ec",1,0,0,0,0,0,0
"10982","1250","Ec_N",184,2,2,"Ec",1,0,0,0,0,0,0
"10983","1250","Ec_N",184,3,3,"Ec",1,0,0,0,0,0,0
"10984","1250","Ec_N",184,4,4,"Ec",1,0,0,0,0,0,0
"10985","1250","Ec_N",184,5,5,"Ec",1,0,0,0,0,0,0
"10986","1250","Ec_N",184,6,6,"Ec",17,0,0,0,0,1,0.14692246949649
"10987","1250","Ec_N",184,7,7,"Ec",17,0,0,0,0,1,0.14692246949649
"10988","1250","Ec_N",184,8,8,"Ec",17,0,0,0,0,1,0.14692246949649
"10989","1250","Ec_N",184,9,9,"Ec",17,0,0,0,0,1,0.14692246949649
"10990","1250","Ec_N",184,10,10,"Ec",17,0,0,0,0,1,0.14692246949649
"10991","1250","Ec_N",184,11,11,"Ec",17,0,0,0,0,1,0.14692246949649
"10992","1250","Ec_N",184,12,12,"Ec",21,0,0,1,0,1,0.428591116083543
"10993","1250","Ec_N",184,13,13,"Ec",21,0,0,1,0,1,0.428591116083543
"10994","1250","Ec_N",184,14,14,"Ec",21,0,0,1,0,1,0.428591116083543
"10995","1250","Ec_N",184,15,15,"Ec",21,0,0,1,0,1,0.428591116083543
"10996","1250","Ec_N",184,16,16,"Ec",21,0,0,1,0,1,0.428591116083543
"10997","1250","Ec_N",184,17,17,"Ec",21,0,0,1,0,1,0.428591116083543
"10998","1250","Ec_N",184,18,18,"Ec",21,0,0,1,0,1,0.428591116083543
"10999","1250","Ec_N",184,19,19,"Ec",21,0,0,1,0,1,0.428591116083543
"11000","1250","Ec_N",184,20,20,"Ec",21,0,0,1,0,1,0.428591116083543
"11001","1250","Ec_N",184,21,21,"Ec",21,0,0,1,0,1,0.428591116083543
"11002","1250","Ec_N",184,22,22,"Ec",21,0,0,1,0,1,0.428591116083543
"11003","1250","Ec_N",184,23,23,"Ec",21,0,0,1,0,1,0.428591116083543
"11004","1250","Ec_N",184,24,24,"Ec",21,0,0,1,0,1,0.428591116083543
"11005","1250","Ec_N",184,25,25,"Ec",29,0,0,1,1,1,0.696336766125118
"11006","1250","Ec_N",184,26,26,"Ec",29,0,0,1,1,1,0.696336766125118
"11007","1250","Ec_N",184,27,27,"Ec",29,0,0,1,1,1,0.696336766125118
"11008","1250","Ec_N",184,28,28,"Ec",29,0,0,1,1,1,0.696336766125118
"11009","1250","Ec_N",184,29,29,"Ec",29,0,0,1,1,1,0.696336766125118
"11010","1250","Ec_N",184,30,30,"Ec",29,0,0,1,1,1,0.696336766125118
"11011","1250","Ec_N",184,31,31,"Ec",29,0,0,1,1,1,0.696336766125118
"11012","1250","Ec_N",184,32,32,"Ec",29,0,0,1,1,1,0.696336766125118
"11013","1250","Ec_N",184,33,33,"Ec",29,0,0,1,1,1,0.696336766125118
"11014","1250","Ec_N",184,34,34,"Ec",29,0,0,1,1,1,0.696336766125118
"11015","1250","Ec_N",184,35,35,"Ec",29,0,0,1,1,1,0.696336766125118
"11016","1250","Ec_N",184,36,36,"Ec",29,0,0,1,1,1,0.696336766125118
"11017","1250","Ec_N",184,37,37,"Ec",29,0,0,1,1,1,0.696336766125118
"11018","1250","Ec_N",184,38,38,"Ec",29,0,0,1,1,1,0.696336766125118
"11019","1250","Ec_N",184,39,39,"Ec",29,0,0,1,1,1,0.696336766125118
"11020","1250","Ec_N",184,40,40,"Ec",29,0,0,1,1,1,0.696336766125118
"11021","1250","Ec_N",184,41,41,"Ec",29,0,0,1,1,1,0.696336766125118
"11022","1250","Ec_N",184,42,42,"Ec",29,0,0,1,1,1,0.696336766125118
"11023","1250","Ec_N",184,43,43,"Ec",29,0,0,1,1,1,0.696336766125118
"11024","1250","Ec_N",184,44,44,"Ec",30,1,0,1,1,1,0.981696467924213
"11025","1250","Ec_N",184,45,45,"Ec",30,1,0,1,1,1,0.981696467924213
"11026","1250","Ec_N",184,46,46,"Ec",32,1,1,1,1,1,1
"11027","1250","Ec_N",184,47,47,"Ec",32,1,1,1,1,1,1
"11028","1250","Ec_N",184,48,48,"Ec",32,1,1,1,1,1,1
"11029","1250","Ec_N",184,49,49,"Ec",32,1,1,1,1,1,1
"11030","1250","Ec_N",184,50,50,"Ec",32,1,1,1,1,1,1
"11031","1250","Ec_N",184,51,51,"Ec",32,1,1,1,1,1,1
"11032","1250","Ec_N",184,52,52,"Ec",32,1,1,1,1,1,1
"11033","1250","Ec_N",184,53,53,"Ec",32,1,1,1,1,1,1
"11034","1250","Ec_N",184,54,54,"Ec",32,1,1,1,1,1,1
"11035","1250","Ec_N",184,55,55,"Ec",32,1,1,1,1,1,1
"11036","1250","Ec_N",184,56,56,"Ec",32,1,1,1,1,1,1
"11037","1250","Ec_N",184,57,57,"Ec",32,1,1,1,1,1,1
"11038","1250","Ec_N",184,58,58,"Ec",32,1,1,1,1,1,1
"11039","1250","Ec_N",184,59,59,"Ec",32,1,1,1,1,1,1
"11040","1250","Ec_N",184,60,60,"Ec",32,1,1,1,1,1,1
"11041","1250","Ec_N",185,1,1,"Ec",1,0,0,0,0,0,0
"11042","1250","Ec_N",185,2,2,"Ec",1,0,0,0,0,0,0
"11043","1250","Ec_N",185,3,3,"Ec",1,0,0,0,0,0,0
"11044","1250","Ec_N",185,4,4,"Ec",1,0,0,0,0,0,0
"11045","1250","Ec_N",185,5,5,"Ec",5,0,0,1,0,0,0.232063491762724
"11046","1250","Ec_N",185,6,6,"Ec",5,0,0,1,0,0,0.232063491762724
"11047","1250","Ec_N",185,7,7,"Ec",5,0,0,1,0,0,0.232063491762724
"11048","1250","Ec_N",185,8,8,"Ec",5,0,0,1,0,0,0.232063491762724
"11049","1250","Ec_N",185,9,9,"Ec",5,0,0,1,0,0,0.232063491762724
"11050","1250","Ec_N",185,10,10,"Ec",5,0,0,1,0,0,0.232063491762724
"11051","1250","Ec_N",185,11,11,"Ec",5,0,0,1,0,0,0.232063491762724
"11052","1250","Ec_N",185,12,12,"Ec",5,0,0,1,0,0,0.232063491762724
"11053","1250","Ec_N",185,13,13,"Ec",5,0,0,1,0,0,0.232063491762724
"11054","1250","Ec_N",185,14,14,"Ec",5,0,0,1,0,0,0.232063491762724
"11055","1250","Ec_N",185,15,15,"Ec",6,1,0,1,0,0,0.453076146222492
"11056","1250","Ec_N",185,16,16,"Ec",6,1,0,1,0,0,0.453076146222492
"11057","1250","Ec_N",185,17,17,"Ec",6,1,0,1,0,0,0.453076146222492
"11058","1250","Ec_N",185,18,18,"Ec",6,1,0,1,0,0,0.453076146222492
"11059","1250","Ec_N",185,19,19,"Ec",6,1,0,1,0,0,0.453076146222492
"11060","1250","Ec_N",185,20,20,"Ec",6,1,0,1,0,0,0.453076146222492
"11061","1250","Ec_N",185,21,21,"Ec",6,1,0,1,0,0,0.453076146222492
"11062","1250","Ec_N",185,22,22,"Ec",6,1,0,1,0,0,0.453076146222492
"11063","1250","Ec_N",185,23,23,"Ec",6,1,0,1,0,0,0.453076146222492
"11064","1250","Ec_N",185,24,24,"Ec",14,1,0,1,1,0,0.720821796264067
"11065","1250","Ec_N",185,25,25,"Ec",14,1,0,1,1,0,0.720821796264067
"11066","1250","Ec_N",185,26,26,"Ec",14,1,0,1,1,0,0.720821796264067
"11067","1250","Ec_N",185,27,27,"Ec",14,1,0,1,1,0,0.720821796264067
"11068","1250","Ec_N",185,28,28,"Ec",14,1,0,1,1,0,0.720821796264067
"11069","1250","Ec_N",185,29,29,"Ec",14,1,0,1,1,0,0.720821796264067
"11070","1250","Ec_N",185,30,30,"Ec",14,1,0,1,1,0,0.720821796264067
"11071","1250","Ec_N",185,31,31,"Ec",14,1,0,1,1,0,0.720821796264067
"11072","1250","Ec_N",185,32,32,"Ec",14,1,0,1,1,0,0.720821796264067
"11073","1250","Ec_N",185,33,33,"Ec",14,1,0,1,1,0,0.720821796264067
"11074","1250","Ec_N",185,34,34,"Ec",14,1,0,1,1,0,0.720821796264067
"11075","1250","Ec_N",185,35,35,"Ec",14,1,0,1,1,0,0.720821796264067
"11076","1250","Ec_N",185,36,36,"Ec",14,1,0,1,1,0,0.720821796264067
"11077","1250","Ec_N",185,37,37,"Ec",14,1,0,1,1,0,0.720821796264067
"11078","1250","Ec_N",185,38,38,"Ec",14,1,0,1,1,0,0.720821796264067
"11079","1250","Ec_N",185,39,39,"Ec",14,1,0,1,1,0,0.720821796264067
"11080","1250","Ec_N",185,40,40,"Ec",14,1,0,1,1,0,0.720821796264067
"11081","1250","Ec_N",185,41,41,"Ec",14,1,0,1,1,0,0.720821796264067
"11082","1250","Ec_N",185,42,42,"Ec",14,1,0,1,1,0,0.720821796264067
"11083","1250","Ec_N",185,43,43,"Ec",14,1,0,1,1,0,0.720821796264067
"11084","1250","Ec_N",185,44,44,"Ec",14,1,0,1,1,0,0.720821796264067
"11085","1250","Ec_N",185,45,45,"Ec",14,1,0,1,1,0,0.720821796264067
"11086","1250","Ec_N",185,46,46,"Ec",14,1,0,1,1,0,0.720821796264067
"11087","1250","Ec_N",185,47,47,"Ec",14,1,0,1,1,0,0.720821796264067
"11088","1250","Ec_N",185,48,48,"Ec",14,1,0,1,1,0,0.720821796264067
"11089","1250","Ec_N",185,49,49,"Ec",14,1,0,1,1,0,0.720821796264067
"11090","1250","Ec_N",185,50,50,"Ec",14,1,0,1,1,0,0.720821796264067
"11091","1250","Ec_N",185,51,51,"Ec",16,1,1,1,1,0,0.879284144928883
"11092","1250","Ec_N",185,52,52,"Ec",16,1,1,1,1,0,0.879284144928883
"11093","1250","Ec_N",185,53,53,"Ec",16,1,1,1,1,0,0.879284144928883
"11094","1250","Ec_N",185,54,54,"Ec",32,1,1,1,1,1,1
"11095","1250","Ec_N",185,55,55,"Ec",32,1,1,1,1,1,1
"11096","1250","Ec_N",185,56,56,"Ec",32,1,1,1,1,1,1
"11097","1250","Ec_N",185,57,57,"Ec",32,1,1,1,1,1,1
"11098","1250","Ec_N",185,58,58,"Ec",32,1,1,1,1,1,1
"11099","1250","Ec_N",185,59,59,"Ec",32,1,1,1,1,1,1
"11100","1250","Ec_N",185,60,60,"Ec",32,1,1,1,1,1,1
"11101","1250","Ec_N",186,1,1,"Ec",1,0,0,0,0,0,0
"11102","1250","Ec_N",186,2,2,"Ec",1,0,0,0,0,0,0
"11103","1250","Ec_N",186,3,3,"Ec",3,0,1,0,0,0,0.082650579415114
"11104","1250","Ec_N",186,4,4,"Ec",3,0,1,0,0,0,0.082650579415114
"11105","1250","Ec_N",186,5,5,"Ec",3,0,1,0,0,0,0.082650579415114
"11106","1250","Ec_N",186,6,6,"Ec",3,0,1,0,0,0,0.082650579415114
"11107","1250","Ec_N",186,7,7,"Ec",3,0,1,0,0,0,0.082650579415114
"11108","1250","Ec_N",186,8,8,"Ec",3,0,1,0,0,0,0.082650579415114
"11109","1250","Ec_N",186,9,9,"Ec",3,0,1,0,0,0,0.082650579415114
"11110","1250","Ec_N",186,10,10,"Ec",3,0,1,0,0,0,0.082650579415114
"11111","1250","Ec_N",186,11,11,"Ec",3,0,1,0,0,0,0.082650579415114
"11112","1250","Ec_N",186,12,12,"Ec",7,0,1,1,0,0,0.314714071177838
"11113","1250","Ec_N",186,13,13,"Ec",23,0,1,1,0,1,0.511241695498657
"11114","1250","Ec_N",186,14,14,"Ec",23,0,1,1,0,1,0.511241695498657
"11115","1250","Ec_N",186,15,15,"Ec",23,0,1,1,0,1,0.511241695498657
"11116","1250","Ec_N",186,16,16,"Ec",23,0,1,1,0,1,0.511241695498657
"11117","1250","Ec_N",186,17,17,"Ec",23,0,1,1,0,1,0.511241695498657
"11118","1250","Ec_N",186,18,18,"Ec",23,0,1,1,0,1,0.511241695498657
"11119","1250","Ec_N",186,19,19,"Ec",23,0,1,1,0,1,0.511241695498657
"11120","1250","Ec_N",186,20,20,"Ec",23,0,1,1,0,1,0.511241695498657
"11121","1250","Ec_N",186,21,21,"Ec",23,0,1,1,0,1,0.511241695498657
"11122","1250","Ec_N",186,22,22,"Ec",23,0,1,1,0,1,0.511241695498657
"11123","1250","Ec_N",186,23,23,"Ec",23,0,1,1,0,1,0.511241695498657
"11124","1250","Ec_N",186,24,24,"Ec",23,0,1,1,0,1,0.511241695498657
"11125","1250","Ec_N",186,25,25,"Ec",23,0,1,1,0,1,0.511241695498657
"11126","1250","Ec_N",186,26,26,"Ec",23,0,1,1,0,1,0.511241695498657
"11127","1250","Ec_N",186,27,27,"Ec",23,0,1,1,0,1,0.511241695498657
"11128","1250","Ec_N",186,28,28,"Ec",23,0,1,1,0,1,0.511241695498657
"11129","1250","Ec_N",186,29,29,"Ec",24,1,1,1,0,1,0.732254349958425
"11130","1250","Ec_N",186,30,30,"Ec",24,1,1,1,0,1,0.732254349958425
"11131","1250","Ec_N",186,31,31,"Ec",24,1,1,1,0,1,0.732254349958425
"11132","1250","Ec_N",186,32,32,"Ec",24,1,1,1,0,1,0.732254349958425
"11133","1250","Ec_N",186,33,33,"Ec",24,1,1,1,0,1,0.732254349958425
"11134","1250","Ec_N",186,34,34,"Ec",24,1,1,1,0,1,0.732254349958425
"11135","1250","Ec_N",186,35,35,"Ec",24,1,1,1,0,1,0.732254349958425
"11136","1250","Ec_N",186,36,36,"Ec",24,1,1,1,0,1,0.732254349958425
"11137","1250","Ec_N",186,37,37,"Ec",24,1,1,1,0,1,0.732254349958425
"11138","1250","Ec_N",186,38,38,"Ec",32,1,1,1,1,1,1
"11139","1250","Ec_N",186,39,39,"Ec",32,1,1,1,1,1,1
"11140","1250","Ec_N",186,40,40,"Ec",32,1,1,1,1,1,1
"11141","1250","Ec_N",186,41,41,"Ec",32,1,1,1,1,1,1
"11142","1250","Ec_N",186,42,42,"Ec",32,1,1,1,1,1,1
"11143","1250","Ec_N",186,43,43,"Ec",32,1,1,1,1,1,1
"11144","1250","Ec_N",186,44,44,"Ec",32,1,1,1,1,1,1
"11145","1250","Ec_N",186,45,45,"Ec",32,1,1,1,1,1,1
"11146","1250","Ec_N",186,46,46,"Ec",32,1,1,1,1,1,1
"11147","1250","Ec_N",186,47,47,"Ec",32,1,1,1,1,1,1
"11148","1250","Ec_N",186,48,48,"Ec",32,1,1,1,1,1,1
"11149","1250","Ec_N",186,49,49,"Ec",32,1,1,1,1,1,1
"11150","1250","Ec_N",186,50,50,"Ec",32,1,1,1,1,1,1
"11151","1250","Ec_N",186,51,51,"Ec",32,1,1,1,1,1,1
"11152","1250","Ec_N",186,52,52,"Ec",32,1,1,1,1,1,1
"11153","1250","Ec_N",186,53,53,"Ec",32,1,1,1,1,1,1
"11154","1250","Ec_N",186,54,54,"Ec",32,1,1,1,1,1,1
"11155","1250","Ec_N",186,55,55,"Ec",32,1,1,1,1,1,1
"11156","1250","Ec_N",186,56,56,"Ec",32,1,1,1,1,1,1
"11157","1250","Ec_N",186,57,57,"Ec",32,1,1,1,1,1,1
"11158","1250","Ec_N",186,58,58,"Ec",32,1,1,1,1,1,1
"11159","1250","Ec_N",186,59,59,"Ec",32,1,1,1,1,1,1
"11160","1250","Ec_N",186,60,60,"Ec",32,1,1,1,1,1,1
"11161","1250","Ec_N",187,1,1,"Ec",1,0,0,0,0,0,0
"11162","1250","Ec_N",187,2,2,"Ec",1,0,0,0,0,0,0
"11163","1250","Ec_N",187,3,3,"Ec",9,0,0,0,1,0,0.267745650041575
"11164","1250","Ec_N",187,4,4,"Ec",9,0,0,0,1,0,0.267745650041575
"11165","1250","Ec_N",187,5,5,"Ec",9,0,0,0,1,0,0.267745650041575
"11166","1250","Ec_N",187,6,6,"Ec",9,0,0,0,1,0,0.267745650041575
"11167","1250","Ec_N",187,7,7,"Ec",9,0,0,0,1,0,0.267745650041575
"11168","1250","Ec_N",187,8,8,"Ec",9,0,0,0,1,0,0.267745650041575
"11169","1250","Ec_N",187,9,9,"Ec",9,0,0,0,1,0,0.267745650041575
"11170","1250","Ec_N",187,10,10,"Ec",10,1,0,0,1,0,0.488758304501343
"11171","1250","Ec_N",187,11,11,"Ec",10,1,0,0,1,0,0.488758304501343
"11172","1250","Ec_N",187,12,12,"Ec",10,1,0,0,1,0,0.488758304501343
"11173","1250","Ec_N",187,13,13,"Ec",10,1,0,0,1,0,0.488758304501343
"11174","1250","Ec_N",187,14,14,"Ec",10,1,0,0,1,0,0.488758304501343
"11175","1250","Ec_N",187,15,15,"Ec",12,1,1,0,1,0,0.552627762799163
"11176","1250","Ec_N",187,16,16,"Ec",12,1,1,0,1,0,0.552627762799163
"11177","1250","Ec_N",187,17,17,"Ec",12,1,1,0,1,0,0.552627762799163
"11178","1250","Ec_N",187,18,18,"Ec",12,1,1,0,1,0,0.552627762799163
"11179","1250","Ec_N",187,19,19,"Ec",12,1,1,0,1,0,0.552627762799163
"11180","1250","Ec_N",187,20,20,"Ec",12,1,1,0,1,0,0.552627762799163
"11181","1250","Ec_N",187,21,21,"Ec",12,1,1,0,1,0,0.552627762799163
"11182","1250","Ec_N",187,22,22,"Ec",12,1,1,0,1,0,0.552627762799163
"11183","1250","Ec_N",187,23,23,"Ec",12,1,1,0,1,0,0.552627762799163
"11184","1250","Ec_N",187,24,24,"Ec",12,1,1,0,1,0,0.552627762799163
"11185","1250","Ec_N",187,25,25,"Ec",12,1,1,0,1,0,0.552627762799163
"11186","1250","Ec_N",187,26,26,"Ec",12,1,1,0,1,0,0.552627762799163
"11187","1250","Ec_N",187,27,27,"Ec",12,1,1,0,1,0,0.552627762799163
"11188","1250","Ec_N",187,28,28,"Ec",12,1,1,0,1,0,0.552627762799163
"11189","1250","Ec_N",187,29,29,"Ec",12,1,1,0,1,0,0.552627762799163
"11190","1250","Ec_N",187,30,30,"Ec",12,1,1,0,1,0,0.552627762799163
"11191","1250","Ec_N",187,31,31,"Ec",28,1,1,0,1,1,0.770762719311211
"11192","1250","Ec_N",187,32,32,"Ec",28,1,1,0,1,1,0.770762719311211
"11193","1250","Ec_N",187,33,33,"Ec",28,1,1,0,1,1,0.770762719311211
"11194","1250","Ec_N",187,34,34,"Ec",28,1,1,0,1,1,0.770762719311211
"11195","1250","Ec_N",187,35,35,"Ec",28,1,1,0,1,1,0.770762719311211
"11196","1250","Ec_N",187,36,36,"Ec",28,1,1,0,1,1,0.770762719311211
"11197","1250","Ec_N",187,37,37,"Ec",28,1,1,0,1,1,0.770762719311211
"11198","1250","Ec_N",187,38,38,"Ec",28,1,1,0,1,1,0.770762719311211
"11199","1250","Ec_N",187,39,39,"Ec",28,1,1,0,1,1,0.770762719311211
"11200","1250","Ec_N",187,40,40,"Ec",28,1,1,0,1,1,0.770762719311211
"11201","1250","Ec_N",187,41,41,"Ec",28,1,1,0,1,1,0.770762719311211
"11202","1250","Ec_N",187,42,42,"Ec",28,1,1,0,1,1,0.770762719311211
"11203","1250","Ec_N",187,43,43,"Ec",28,1,1,0,1,1,0.770762719311211
"11204","1250","Ec_N",187,44,44,"Ec",28,1,1,0,1,1,0.770762719311211
"11205","1250","Ec_N",187,45,45,"Ec",28,1,1,0,1,1,0.770762719311211
"11206","1250","Ec_N",187,46,46,"Ec",28,1,1,0,1,1,0.770762719311211
"11207","1250","Ec_N",187,47,47,"Ec",28,1,1,0,1,1,0.770762719311211
"11208","1250","Ec_N",187,48,48,"Ec",28,1,1,0,1,1,0.770762719311211
"11209","1250","Ec_N",187,49,49,"Ec",28,1,1,0,1,1,0.770762719311211
"11210","1250","Ec_N",187,50,50,"Ec",28,1,1,0,1,1,0.770762719311211
"11211","1250","Ec_N",187,51,51,"Ec",28,1,1,0,1,1,0.770762719311211
"11212","1250","Ec_N",187,52,52,"Ec",28,1,1,0,1,1,0.770762719311211
"11213","1250","Ec_N",187,53,53,"Ec",28,1,1,0,1,1,0.770762719311211
"11214","1250","Ec_N",187,54,54,"Ec",28,1,1,0,1,1,0.770762719311211
"11215","1250","Ec_N",187,55,55,"Ec",28,1,1,0,1,1,0.770762719311211
"11216","1250","Ec_N",187,56,56,"Ec",28,1,1,0,1,1,0.770762719311211
"11217","1250","Ec_N",187,57,57,"Ec",28,1,1,0,1,1,0.770762719311211
"11218","1250","Ec_N",187,58,58,"Ec",28,1,1,0,1,1,0.770762719311211
"11219","1250","Ec_N",187,59,59,"Ec",28,1,1,0,1,1,0.770762719311211
"11220","1250","Ec_N",187,60,60,"Ec",28,1,1,0,1,1,0.770762719311211
"11221","1250","Ec_N",188,1,1,"Ec",1,0,0,0,0,0,0
"11222","1250","Ec_N",188,2,2,"Ec",1,0,0,0,0,0,0
"11223","1250","Ec_N",188,3,3,"Ec",5,0,0,1,0,0,0.232063491762724
"11224","1250","Ec_N",188,4,4,"Ec",5,0,0,1,0,0,0.232063491762724
"11225","1250","Ec_N",188,5,5,"Ec",5,0,0,1,0,0,0.232063491762724
"11226","1250","Ec_N",188,6,6,"Ec",5,0,0,1,0,0,0.232063491762724
"11227","1250","Ec_N",188,7,7,"Ec",5,0,0,1,0,0,0.232063491762724
"11228","1250","Ec_N",188,8,8,"Ec",5,0,0,1,0,0,0.232063491762724
"11229","1250","Ec_N",188,9,9,"Ec",5,0,0,1,0,0,0.232063491762724
"11230","1250","Ec_N",188,10,10,"Ec",5,0,0,1,0,0,0.232063491762724
"11231","1250","Ec_N",188,11,11,"Ec",5,0,0,1,0,0,0.232063491762724
"11232","1250","Ec_N",188,12,12,"Ec",7,0,1,1,0,0,0.314714071177838
"11233","1250","Ec_N",188,13,13,"Ec",7,0,1,1,0,0,0.314714071177838
"11234","1250","Ec_N",188,14,14,"Ec",7,0,1,1,0,0,0.314714071177838
"11235","1250","Ec_N",188,15,15,"Ec",23,0,1,1,0,1,0.511241695498657
"11236","1250","Ec_N",188,16,16,"Ec",23,0,1,1,0,1,0.511241695498657
"11237","1250","Ec_N",188,17,17,"Ec",23,0,1,1,0,1,0.511241695498657
"11238","1250","Ec_N",188,18,18,"Ec",31,0,1,1,1,1,0.778987345540232
"11239","1250","Ec_N",188,19,19,"Ec",31,0,1,1,1,1,0.778987345540232
"11240","1250","Ec_N",188,20,20,"Ec",31,0,1,1,1,1,0.778987345540232
"11241","1250","Ec_N",188,21,21,"Ec",31,0,1,1,1,1,0.778987345540232
"11242","1250","Ec_N",188,22,22,"Ec",31,0,1,1,1,1,0.778987345540232
"11243","1250","Ec_N",188,23,23,"Ec",31,0,1,1,1,1,0.778987345540232
"11244","1250","Ec_N",188,24,24,"Ec",31,0,1,1,1,1,0.778987345540232
"11245","1250","Ec_N",188,25,25,"Ec",31,0,1,1,1,1,0.778987345540232
"11246","1250","Ec_N",188,26,26,"Ec",31,0,1,1,1,1,0.778987345540232
"11247","1250","Ec_N",188,27,27,"Ec",31,0,1,1,1,1,0.778987345540232
"11248","1250","Ec_N",188,28,28,"Ec",31,0,1,1,1,1,0.778987345540232
"11249","1250","Ec_N",188,29,29,"Ec",31,0,1,1,1,1,0.778987345540232
"11250","1250","Ec_N",188,30,30,"Ec",31,0,1,1,1,1,0.778987345540232
"11251","1250","Ec_N",188,31,31,"Ec",31,0,1,1,1,1,0.778987345540232
"11252","1250","Ec_N",188,32,32,"Ec",31,0,1,1,1,1,0.778987345540232
"11253","1250","Ec_N",188,33,33,"Ec",31,0,1,1,1,1,0.778987345540232
"11254","1250","Ec_N",188,34,34,"Ec",32,1,1,1,1,1,1
"11255","1250","Ec_N",188,35,35,"Ec",32,1,1,1,1,1,1
"11256","1250","Ec_N",188,36,36,"Ec",32,1,1,1,1,1,1
"11257","1250","Ec_N",188,37,37,"Ec",32,1,1,1,1,1,1
"11258","1250","Ec_N",188,38,38,"Ec",32,1,1,1,1,1,1
"11259","1250","Ec_N",188,39,39,"Ec",32,1,1,1,1,1,1
"11260","1250","Ec_N",188,40,40,"Ec",32,1,1,1,1,1,1
"11261","1250","Ec_N",188,41,41,"Ec",32,1,1,1,1,1,1
"11262","1250","Ec_N",188,42,42,"Ec",32,1,1,1,1,1,1
"11263","1250","Ec_N",188,43,43,"Ec",32,1,1,1,1,1,1
"11264","1250","Ec_N",188,44,44,"Ec",32,1,1,1,1,1,1
"11265","1250","Ec_N",188,45,45,"Ec",32,1,1,1,1,1,1
"11266","1250","Ec_N",188,46,46,"Ec",32,1,1,1,1,1,1
"11267","1250","Ec_N",188,47,47,"Ec",32,1,1,1,1,1,1
"11268","1250","Ec_N",188,48,48,"Ec",32,1,1,1,1,1,1
"11269","1250","Ec_N",188,49,49,"Ec",32,1,1,1,1,1,1
"11270","1250","Ec_N",188,50,50,"Ec",32,1,1,1,1,1,1
"11271","1250","Ec_N",188,51,51,"Ec",32,1,1,1,1,1,1
"11272","1250","Ec_N",188,52,52,"Ec",32,1,1,1,1,1,1
"11273","1250","Ec_N",188,53,53,"Ec",32,1,1,1,1,1,1
"11274","1250","Ec_N",188,54,54,"Ec",32,1,1,1,1,1,1
"11275","1250","Ec_N",188,55,55,"Ec",32,1,1,1,1,1,1
"11276","1250","Ec_N",188,56,56,"Ec",32,1,1,1,1,1,1
"11277","1250","Ec_N",188,57,57,"Ec",32,1,1,1,1,1,1
"11278","1250","Ec_N",188,58,58,"Ec",32,1,1,1,1,1,1
"11279","1250","Ec_N",188,59,59,"Ec",32,1,1,1,1,1,1
"11280","1250","Ec_N",188,60,60,"Ec",32,1,1,1,1,1,1
"11281","1250","Ec_N",189,1,1,"Ec",1,0,0,0,0,0,0
"11282","1250","Ec_N",189,2,2,"Ec",1,0,0,0,0,0,0
"11283","1250","Ec_N",189,3,3,"Ec",1,0,0,0,0,0,0
"11284","1250","Ec_N",189,4,4,"Ec",1,0,0,0,0,0,0
"11285","1250","Ec_N",189,5,5,"Ec",9,0,0,0,1,0,0.267745650041575
"11286","1250","Ec_N",189,6,6,"Ec",9,0,0,0,1,0,0.267745650041575
"11287","1250","Ec_N",189,7,7,"Ec",9,0,0,0,1,0,0.267745650041575
"11288","1250","Ec_N",189,8,8,"Ec",9,0,0,0,1,0,0.267745650041575
"11289","1250","Ec_N",189,9,9,"Ec",9,0,0,0,1,0,0.267745650041575
"11290","1250","Ec_N",189,10,10,"Ec",9,0,0,0,1,0,0.267745650041575
"11291","1250","Ec_N",189,11,11,"Ec",25,0,0,0,1,1,0.464273274362394
"11292","1250","Ec_N",189,12,12,"Ec",25,0,0,0,1,1,0.464273274362394
"11293","1250","Ec_N",189,13,13,"Ec",25,0,0,0,1,1,0.464273274362394
"11294","1250","Ec_N",189,14,14,"Ec",25,0,0,0,1,1,0.464273274362394
"11295","1250","Ec_N",189,15,15,"Ec",29,0,0,1,1,1,0.696336766125118
"11296","1250","Ec_N",189,16,16,"Ec",29,0,0,1,1,1,0.696336766125118
"11297","1250","Ec_N",189,17,17,"Ec",29,0,0,1,1,1,0.696336766125118
"11298","1250","Ec_N",189,18,18,"Ec",29,0,0,1,1,1,0.696336766125118
"11299","1250","Ec_N",189,19,19,"Ec",29,0,0,1,1,1,0.696336766125118
"11300","1250","Ec_N",189,20,20,"Ec",29,0,0,1,1,1,0.696336766125118
"11301","1250","Ec_N",189,21,21,"Ec",29,0,0,1,1,1,0.696336766125118
"11302","1250","Ec_N",189,22,22,"Ec",29,0,0,1,1,1,0.696336766125118
"11303","1250","Ec_N",189,23,23,"Ec",29,0,0,1,1,1,0.696336766125118
"11304","1250","Ec_N",189,24,24,"Ec",29,0,0,1,1,1,0.696336766125118
"11305","1250","Ec_N",189,25,25,"Ec",29,0,0,1,1,1,0.696336766125118
"11306","1250","Ec_N",189,26,26,"Ec",29,0,0,1,1,1,0.696336766125118
"11307","1250","Ec_N",189,27,27,"Ec",29,0,0,1,1,1,0.696336766125118
"11308","1250","Ec_N",189,28,28,"Ec",29,0,0,1,1,1,0.696336766125118
"11309","1250","Ec_N",189,29,29,"Ec",29,0,0,1,1,1,0.696336766125118
"11310","1250","Ec_N",189,30,30,"Ec",29,0,0,1,1,1,0.696336766125118
"11311","1250","Ec_N",189,31,31,"Ec",29,0,0,1,1,1,0.696336766125118
"11312","1250","Ec_N",189,32,32,"Ec",29,0,0,1,1,1,0.696336766125118
"11313","1250","Ec_N",189,33,33,"Ec",29,0,0,1,1,1,0.696336766125118
"11314","1250","Ec_N",189,34,34,"Ec",29,0,0,1,1,1,0.696336766125118
"11315","1250","Ec_N",189,35,35,"Ec",29,0,0,1,1,1,0.696336766125118
"11316","1250","Ec_N",189,36,36,"Ec",29,0,0,1,1,1,0.696336766125118
"11317","1250","Ec_N",189,37,37,"Ec",29,0,0,1,1,1,0.696336766125118
"11318","1250","Ec_N",189,38,38,"Ec",29,0,0,1,1,1,0.696336766125118
"11319","1250","Ec_N",189,39,39,"Ec",29,0,0,1,1,1,0.696336766125118
"11320","1250","Ec_N",189,40,40,"Ec",29,0,0,1,1,1,0.696336766125118
"11321","1250","Ec_N",189,41,41,"Ec",29,0,0,1,1,1,0.696336766125118
"11322","1250","Ec_N",189,42,42,"Ec",29,0,0,1,1,1,0.696336766125118
"11323","1250","Ec_N",189,43,43,"Ec",29,0,0,1,1,1,0.696336766125118
"11324","1250","Ec_N",189,44,44,"Ec",29,0,0,1,1,1,0.696336766125118
"11325","1250","Ec_N",189,45,45,"Ec",29,0,0,1,1,1,0.696336766125118
"11326","1250","Ec_N",189,46,46,"Ec",29,0,0,1,1,1,0.696336766125118
"11327","1250","Ec_N",189,47,47,"Ec",29,0,0,1,1,1,0.696336766125118
"11328","1250","Ec_N",189,48,48,"Ec",29,0,0,1,1,1,0.696336766125118
"11329","1250","Ec_N",189,49,49,"Ec",29,0,0,1,1,1,0.696336766125118
"11330","1250","Ec_N",189,50,50,"Ec",29,0,0,1,1,1,0.696336766125118
"11331","1250","Ec_N",189,51,51,"Ec",29,0,0,1,1,1,0.696336766125118
"11332","1250","Ec_N",189,52,52,"Ec",29,0,0,1,1,1,0.696336766125118
"11333","1250","Ec_N",189,53,53,"Ec",29,0,0,1,1,1,0.696336766125118
"11334","1250","Ec_N",189,54,54,"Ec",29,0,0,1,1,1,0.696336766125118
"11335","1250","Ec_N",189,55,55,"Ec",29,0,0,1,1,1,0.696336766125118
"11336","1250","Ec_N",189,56,56,"Ec",29,0,0,1,1,1,0.696336766125118
"11337","1250","Ec_N",189,57,57,"Ec",29,0,0,1,1,1,0.696336766125118
"11338","1250","Ec_N",189,58,58,"Ec",29,0,0,1,1,1,0.696336766125118
"11339","1250","Ec_N",189,59,59,"Ec",29,0,0,1,1,1,0.696336766125118
"11340","1250","Ec_N",189,60,60,"Ec",29,0,0,1,1,1,0.696336766125118
"11341","1250","Ec_N",190,1,1,"Ec",1,0,0,0,0,0,0
"11342","1250","Ec_N",190,2,2,"Ec",9,0,0,0,1,0,0.267745650041575
"11343","1250","Ec_N",190,3,3,"Ec",9,0,0,0,1,0,0.267745650041575
"11344","1250","Ec_N",190,4,4,"Ec",9,0,0,0,1,0,0.267745650041575
"11345","1250","Ec_N",190,5,5,"Ec",9,0,0,0,1,0,0.267745650041575
"11346","1250","Ec_N",190,6,6,"Ec",9,0,0,0,1,0,0.267745650041575
"11347","1250","Ec_N",190,7,7,"Ec",9,0,0,0,1,0,0.267745650041575
"11348","1250","Ec_N",190,8,8,"Ec",9,0,0,0,1,0,0.267745650041575
"11349","1250","Ec_N",190,9,9,"Ec",10,1,0,0,1,0,0.488758304501343
"11350","1250","Ec_N",190,10,10,"Ec",10,1,0,0,1,0,0.488758304501343
"11351","1250","Ec_N",190,11,11,"Ec",14,1,0,1,1,0,0.720821796264067
"11352","1250","Ec_N",190,12,12,"Ec",14,1,0,1,1,0,0.720821796264067
"11353","1250","Ec_N",190,13,13,"Ec",14,1,0,1,1,0,0.720821796264067
"11354","1250","Ec_N",190,14,14,"Ec",14,1,0,1,1,0,0.720821796264067
"11355","1250","Ec_N",190,15,15,"Ec",14,1,0,1,1,0,0.720821796264067
"11356","1250","Ec_N",190,16,16,"Ec",14,1,0,1,1,0,0.720821796264067
"11357","1250","Ec_N",190,17,17,"Ec",14,1,0,1,1,0,0.720821796264067
"11358","1250","Ec_N",190,18,18,"Ec",14,1,0,1,1,0,0.720821796264067
"11359","1250","Ec_N",190,19,19,"Ec",14,1,0,1,1,0,0.720821796264067
"11360","1250","Ec_N",190,20,20,"Ec",14,1,0,1,1,0,0.720821796264067
"11361","1250","Ec_N",190,21,21,"Ec",14,1,0,1,1,0,0.720821796264067
"11362","1250","Ec_N",190,22,22,"Ec",14,1,0,1,1,0,0.720821796264067
"11363","1250","Ec_N",190,23,23,"Ec",14,1,0,1,1,0,0.720821796264067
"11364","1250","Ec_N",190,24,24,"Ec",14,1,0,1,1,0,0.720821796264067
"11365","1250","Ec_N",190,25,25,"Ec",14,1,0,1,1,0,0.720821796264067
"11366","1250","Ec_N",190,26,26,"Ec",14,1,0,1,1,0,0.720821796264067
"11367","1250","Ec_N",190,27,27,"Ec",14,1,0,1,1,0,0.720821796264067
"11368","1250","Ec_N",190,28,28,"Ec",14,1,0,1,1,0,0.720821796264067
"11369","1250","Ec_N",190,29,29,"Ec",14,1,0,1,1,0,0.720821796264067
"11370","1250","Ec_N",190,30,30,"Ec",14,1,0,1,1,0,0.720821796264067
"11371","1250","Ec_N",190,31,31,"Ec",14,1,0,1,1,0,0.720821796264067
"11372","1250","Ec_N",190,32,32,"Ec",14,1,0,1,1,0,0.720821796264067
"11373","1250","Ec_N",190,33,33,"Ec",16,1,1,1,1,0,0.879284144928883
"11374","1250","Ec_N",190,34,34,"Ec",16,1,1,1,1,0,0.879284144928883
"11375","1250","Ec_N",190,35,35,"Ec",16,1,1,1,1,0,0.879284144928883
"11376","1250","Ec_N",190,36,36,"Ec",16,1,1,1,1,0,0.879284144928883
"11377","1250","Ec_N",190,37,37,"Ec",16,1,1,1,1,0,0.879284144928883
"11378","1250","Ec_N",190,38,38,"Ec",16,1,1,1,1,0,0.879284144928883
"11379","1250","Ec_N",190,39,39,"Ec",16,1,1,1,1,0,0.879284144928883
"11380","1250","Ec_N",190,40,40,"Ec",16,1,1,1,1,0,0.879284144928883
"11381","1250","Ec_N",190,41,41,"Ec",16,1,1,1,1,0,0.879284144928883
"11382","1250","Ec_N",190,42,42,"Ec",16,1,1,1,1,0,0.879284144928883
"11383","1250","Ec_N",190,43,43,"Ec",16,1,1,1,1,0,0.879284144928883
"11384","1250","Ec_N",190,44,44,"Ec",16,1,1,1,1,0,0.879284144928883
"11385","1250","Ec_N",190,45,45,"Ec",16,1,1,1,1,0,0.879284144928883
"11386","1250","Ec_N",190,46,46,"Ec",16,1,1,1,1,0,0.879284144928883
"11387","1250","Ec_N",190,47,47,"Ec",16,1,1,1,1,0,0.879284144928883
"11388","1250","Ec_N",190,48,48,"Ec",16,1,1,1,1,0,0.879284144928883
"11389","1250","Ec_N",190,49,49,"Ec",32,1,1,1,1,1,1
"11390","1250","Ec_N",190,50,50,"Ec",32,1,1,1,1,1,1
"11391","1250","Ec_N",190,51,51,"Ec",32,1,1,1,1,1,1
"11392","1250","Ec_N",190,52,52,"Ec",32,1,1,1,1,1,1
"11393","1250","Ec_N",190,53,53,"Ec",32,1,1,1,1,1,1
"11394","1250","Ec_N",190,54,54,"Ec",32,1,1,1,1,1,1
"11395","1250","Ec_N",190,55,55,"Ec",32,1,1,1,1,1,1
"11396","1250","Ec_N",190,56,56,"Ec",32,1,1,1,1,1,1
"11397","1250","Ec_N",190,57,57,"Ec",32,1,1,1,1,1,1
"11398","1250","Ec_N",190,58,58,"Ec",32,1,1,1,1,1,1
"11399","1250","Ec_N",190,59,59,"Ec",32,1,1,1,1,1,1
"11400","1250","Ec_N",190,60,60,"Ec",32,1,1,1,1,1,1
"11401","1250","Ec_N",191,1,1,"Ec",1,0,0,0,0,0,0
"11402","1250","Ec_N",191,2,2,"Ec",9,0,0,0,1,0,0.267745650041575
"11403","1250","Ec_N",191,3,3,"Ec",9,0,0,0,1,0,0.267745650041575
"11404","1250","Ec_N",191,4,4,"Ec",9,0,0,0,1,0,0.267745650041575
"11405","1250","Ec_N",191,5,5,"Ec",9,0,0,0,1,0,0.267745650041575
"11406","1250","Ec_N",191,6,6,"Ec",9,0,0,0,1,0,0.267745650041575
"11407","1250","Ec_N",191,7,7,"Ec",9,0,0,0,1,0,0.267745650041575
"11408","1250","Ec_N",191,8,8,"Ec",9,0,0,0,1,0,0.267745650041575
"11409","1250","Ec_N",191,9,9,"Ec",9,0,0,0,1,0,0.267745650041575
"11410","1250","Ec_N",191,10,10,"Ec",9,0,0,0,1,0,0.267745650041575
"11411","1250","Ec_N",191,11,11,"Ec",9,0,0,0,1,0,0.267745650041575
"11412","1250","Ec_N",191,12,12,"Ec",9,0,0,0,1,0,0.267745650041575
"11413","1250","Ec_N",191,13,13,"Ec",9,0,0,0,1,0,0.267745650041575
"11414","1250","Ec_N",191,14,14,"Ec",9,0,0,0,1,0,0.267745650041575
"11415","1250","Ec_N",191,15,15,"Ec",9,0,0,0,1,0,0.267745650041575
"11416","1250","Ec_N",191,16,16,"Ec",9,0,0,0,1,0,0.267745650041575
"11417","1250","Ec_N",191,17,17,"Ec",9,0,0,0,1,0,0.267745650041575
"11418","1250","Ec_N",191,18,18,"Ec",9,0,0,0,1,0,0.267745650041575
"11419","1250","Ec_N",191,19,19,"Ec",9,0,0,0,1,0,0.267745650041575
"11420","1250","Ec_N",191,20,20,"Ec",9,0,0,0,1,0,0.267745650041575
"11421","1250","Ec_N",191,21,21,"Ec",9,0,0,0,1,0,0.267745650041575
"11422","1250","Ec_N",191,22,22,"Ec",9,0,0,0,1,0,0.267745650041575
"11423","1250","Ec_N",191,23,23,"Ec",13,0,0,1,1,0,0.499809141804299
"11424","1250","Ec_N",191,24,24,"Ec",13,0,0,1,1,0,0.499809141804299
"11425","1250","Ec_N",191,25,25,"Ec",13,0,0,1,1,0,0.499809141804299
"11426","1250","Ec_N",191,26,26,"Ec",13,0,0,1,1,0,0.499809141804299
"11427","1250","Ec_N",191,27,27,"Ec",13,0,0,1,1,0,0.499809141804299
"11428","1250","Ec_N",191,28,28,"Ec",13,0,0,1,1,0,0.499809141804299
"11429","1250","Ec_N",191,29,29,"Ec",13,0,0,1,1,0,0.499809141804299
"11430","1250","Ec_N",191,30,30,"Ec",13,0,0,1,1,0,0.499809141804299
"11431","1250","Ec_N",191,31,31,"Ec",13,0,0,1,1,0,0.499809141804299
"11432","1250","Ec_N",191,32,32,"Ec",13,0,0,1,1,0,0.499809141804299
"11433","1250","Ec_N",191,33,33,"Ec",13,0,0,1,1,0,0.499809141804299
"11434","1250","Ec_N",191,34,34,"Ec",29,0,0,1,1,1,0.696336766125118
"11435","1250","Ec_N",191,35,35,"Ec",29,0,0,1,1,1,0.696336766125118
"11436","1250","Ec_N",191,36,36,"Ec",29,0,0,1,1,1,0.696336766125118
"11437","1250","Ec_N",191,37,37,"Ec",29,0,0,1,1,1,0.696336766125118
"11438","1250","Ec_N",191,38,38,"Ec",29,0,0,1,1,1,0.696336766125118
"11439","1250","Ec_N",191,39,39,"Ec",29,0,0,1,1,1,0.696336766125118
"11440","1250","Ec_N",191,40,40,"Ec",29,0,0,1,1,1,0.696336766125118
"11441","1250","Ec_N",191,41,41,"Ec",29,0,0,1,1,1,0.696336766125118
"11442","1250","Ec_N",191,42,42,"Ec",29,0,0,1,1,1,0.696336766125118
"11443","1250","Ec_N",191,43,43,"Ec",29,0,0,1,1,1,0.696336766125118
"11444","1250","Ec_N",191,44,44,"Ec",29,0,0,1,1,1,0.696336766125118
"11445","1250","Ec_N",191,45,45,"Ec",31,0,1,1,1,1,0.778987345540232
"11446","1250","Ec_N",191,46,46,"Ec",31,0,1,1,1,1,0.778987345540232
"11447","1250","Ec_N",191,47,47,"Ec",31,0,1,1,1,1,0.778987345540232
"11448","1250","Ec_N",191,48,48,"Ec",31,0,1,1,1,1,0.778987345540232
"11449","1250","Ec_N",191,49,49,"Ec",31,0,1,1,1,1,0.778987345540232
"11450","1250","Ec_N",191,50,50,"Ec",31,0,1,1,1,1,0.778987345540232
"11451","1250","Ec_N",191,51,51,"Ec",31,0,1,1,1,1,0.778987345540232
"11452","1250","Ec_N",191,52,52,"Ec",31,0,1,1,1,1,0.778987345540232
"11453","1250","Ec_N",191,53,53,"Ec",31,0,1,1,1,1,0.778987345540232
"11454","1250","Ec_N",191,54,54,"Ec",31,0,1,1,1,1,0.778987345540232
"11455","1250","Ec_N",191,55,55,"Ec",31,0,1,1,1,1,0.778987345540232
"11456","1250","Ec_N",191,56,56,"Ec",31,0,1,1,1,1,0.778987345540232
"11457","1250","Ec_N",191,57,57,"Ec",31,0,1,1,1,1,0.778987345540232
"11458","1250","Ec_N",191,58,58,"Ec",31,0,1,1,1,1,0.778987345540232
"11459","1250","Ec_N",191,59,59,"Ec",31,0,1,1,1,1,0.778987345540232
"11460","1250","Ec_N",191,60,60,"Ec",31,0,1,1,1,1,0.778987345540232
"11461","1250","Ec_N",192,1,1,"Ec",1,0,0,0,0,0,0
"11462","1250","Ec_N",192,2,2,"Ec",1,0,0,0,0,0,0
"11463","1250","Ec_N",192,3,3,"Ec",1,0,0,0,0,0,0
"11464","1250","Ec_N",192,4,4,"Ec",1,0,0,0,0,0,0
"11465","1250","Ec_N",192,5,5,"Ec",1,0,0,0,0,0,0
"11466","1250","Ec_N",192,6,6,"Ec",3,0,1,0,0,0,0.082650579415114
"11467","1250","Ec_N",192,7,7,"Ec",3,0,1,0,0,0,0.082650579415114
"11468","1250","Ec_N",192,8,8,"Ec",3,0,1,0,0,0,0.082650579415114
"11469","1250","Ec_N",192,9,9,"Ec",7,0,1,1,0,0,0.314714071177838
"11470","1250","Ec_N",192,10,10,"Ec",7,0,1,1,0,0,0.314714071177838
"11471","1250","Ec_N",192,11,11,"Ec",7,0,1,1,0,0,0.314714071177838
"11472","1250","Ec_N",192,12,12,"Ec",7,0,1,1,0,0,0.314714071177838
"11473","1250","Ec_N",192,13,13,"Ec",7,0,1,1,0,0,0.314714071177838
"11474","1250","Ec_N",192,14,14,"Ec",7,0,1,1,0,0,0.314714071177838
"11475","1250","Ec_N",192,15,15,"Ec",7,0,1,1,0,0,0.314714071177838
"11476","1250","Ec_N",192,16,16,"Ec",7,0,1,1,0,0,0.314714071177838
"11477","1250","Ec_N",192,17,17,"Ec",7,0,1,1,0,0,0.314714071177838
"11478","1250","Ec_N",192,18,18,"Ec",7,0,1,1,0,0,0.314714071177838
"11479","1250","Ec_N",192,19,19,"Ec",7,0,1,1,0,0,0.314714071177838
"11480","1250","Ec_N",192,20,20,"Ec",7,0,1,1,0,0,0.314714071177838
"11481","1250","Ec_N",192,21,21,"Ec",7,0,1,1,0,0,0.314714071177838
"11482","1250","Ec_N",192,22,22,"Ec",7,0,1,1,0,0,0.314714071177838
"11483","1250","Ec_N",192,23,23,"Ec",7,0,1,1,0,0,0.314714071177838
"11484","1250","Ec_N",192,24,24,"Ec",7,0,1,1,0,0,0.314714071177838
"11485","1250","Ec_N",192,25,25,"Ec",7,0,1,1,0,0,0.314714071177838
"11486","1250","Ec_N",192,26,26,"Ec",7,0,1,1,0,0,0.314714071177838
"11487","1250","Ec_N",192,27,27,"Ec",7,0,1,1,0,0,0.314714071177838
"11488","1250","Ec_N",192,28,28,"Ec",7,0,1,1,0,0,0.314714071177838
"11489","1250","Ec_N",192,29,29,"Ec",7,0,1,1,0,0,0.314714071177838
"11490","1250","Ec_N",192,30,30,"Ec",8,1,1,1,0,0,0.440600849145421
"11491","1250","Ec_N",192,31,31,"Ec",8,1,1,1,0,0,0.440600849145421
"11492","1250","Ec_N",192,32,32,"Ec",16,1,1,1,1,0,0.879284144928883
"11493","1250","Ec_N",192,33,33,"Ec",16,1,1,1,1,0,0.879284144928883
"11494","1250","Ec_N",192,34,34,"Ec",32,1,1,1,1,1,1
"11495","1250","Ec_N",192,35,35,"Ec",32,1,1,1,1,1,1
"11496","1250","Ec_N",192,36,36,"Ec",32,1,1,1,1,1,1
"11497","1250","Ec_N",192,37,37,"Ec",32,1,1,1,1,1,1
"11498","1250","Ec_N",192,38,38,"Ec",32,1,1,1,1,1,1
"11499","1250","Ec_N",192,39,39,"Ec",32,1,1,1,1,1,1
"11500","1250","Ec_N",192,40,40,"Ec",32,1,1,1,1,1,1
"11501","1250","Ec_N",192,41,41,"Ec",32,1,1,1,1,1,1
"11502","1250","Ec_N",192,42,42,"Ec",32,1,1,1,1,1,1
"11503","1250","Ec_N",192,43,43,"Ec",32,1,1,1,1,1,1
"11504","1250","Ec_N",192,44,44,"Ec",32,1,1,1,1,1,1
"11505","1250","Ec_N",192,45,45,"Ec",32,1,1,1,1,1,1
"11506","1250","Ec_N",192,46,46,"Ec",32,1,1,1,1,1,1
"11507","1250","Ec_N",192,47,47,"Ec",32,1,1,1,1,1,1
"11508","1250","Ec_N",192,48,48,"Ec",32,1,1,1,1,1,1
"11509","1250","Ec_N",192,49,49,"Ec",32,1,1,1,1,1,1
"11510","1250","Ec_N",192,50,50,"Ec",32,1,1,1,1,1,1
"11511","1250","Ec_N",192,51,51,"Ec",32,1,1,1,1,1,1
"11512","1250","Ec_N",192,52,52,"Ec",32,1,1,1,1,1,1
"11513","1250","Ec_N",192,53,53,"Ec",32,1,1,1,1,1,1
"11514","1250","Ec_N",192,54,54,"Ec",32,1,1,1,1,1,1
"11515","1250","Ec_N",192,55,55,"Ec",32,1,1,1,1,1,1
"11516","1250","Ec_N",192,56,56,"Ec",32,1,1,1,1,1,1
"11517","1250","Ec_N",192,57,57,"Ec",32,1,1,1,1,1,1
"11518","1250","Ec_N",192,58,58,"Ec",32,1,1,1,1,1,1
"11519","1250","Ec_N",192,59,59,"Ec",32,1,1,1,1,1,1
"11520","1250","Ec_N",192,60,60,"Ec",32,1,1,1,1,1,1
"11521","1250","Ec_N",193,1,1,"Ec",1,0,0,0,0,0,0
"11522","1250","Ec_N",193,2,2,"Ec",1,0,0,0,0,0,0
"11523","1250","Ec_N",193,3,3,"Ec",1,0,0,0,0,0,0
"11524","1250","Ec_N",193,4,4,"Ec",1,0,0,0,0,0,0
"11525","1250","Ec_N",193,5,5,"Ec",1,0,0,0,0,0,0
"11526","1250","Ec_N",193,6,6,"Ec",1,0,0,0,0,0,0
"11527","1250","Ec_N",193,7,7,"Ec",1,0,0,0,0,0,0
"11528","1250","Ec_N",193,8,8,"Ec",1,0,0,0,0,0,0
"11529","1250","Ec_N",193,9,9,"Ec",17,0,0,0,0,1,0.14692246949649
"11530","1250","Ec_N",193,10,10,"Ec",21,0,0,1,0,1,0.428591116083543
"11531","1250","Ec_N",193,11,11,"Ec",22,1,0,1,0,1,0.649603770543311
"11532","1250","Ec_N",193,12,12,"Ec",22,1,0,1,0,1,0.649603770543311
"11533","1250","Ec_N",193,13,13,"Ec",22,1,0,1,0,1,0.649603770543311
"11534","1250","Ec_N",193,14,14,"Ec",22,1,0,1,0,1,0.649603770543311
"11535","1250","Ec_N",193,15,15,"Ec",22,1,0,1,0,1,0.649603770543311
"11536","1250","Ec_N",193,16,16,"Ec",22,1,0,1,0,1,0.649603770543311
"11537","1250","Ec_N",193,17,17,"Ec",22,1,0,1,0,1,0.649603770543311
"11538","1250","Ec_N",193,18,18,"Ec",22,1,0,1,0,1,0.649603770543311
"11539","1250","Ec_N",193,19,19,"Ec",22,1,0,1,0,1,0.649603770543311
"11540","1250","Ec_N",193,20,20,"Ec",22,1,0,1,0,1,0.649603770543311
"11541","1250","Ec_N",193,21,21,"Ec",22,1,0,1,0,1,0.649603770543311
"11542","1250","Ec_N",193,22,22,"Ec",22,1,0,1,0,1,0.649603770543311
"11543","1250","Ec_N",193,23,23,"Ec",22,1,0,1,0,1,0.649603770543311
"11544","1250","Ec_N",193,24,24,"Ec",22,1,0,1,0,1,0.649603770543311
"11545","1250","Ec_N",193,25,25,"Ec",22,1,0,1,0,1,0.649603770543311
"11546","1250","Ec_N",193,26,26,"Ec",22,1,0,1,0,1,0.649603770543311
"11547","1250","Ec_N",193,27,27,"Ec",22,1,0,1,0,1,0.649603770543311
"11548","1250","Ec_N",193,28,28,"Ec",22,1,0,1,0,1,0.649603770543311
"11549","1250","Ec_N",193,29,29,"Ec",22,1,0,1,0,1,0.649603770543311
"11550","1250","Ec_N",193,30,30,"Ec",22,1,0,1,0,1,0.649603770543311
"11551","1250","Ec_N",193,31,31,"Ec",22,1,0,1,0,1,0.649603770543311
"11552","1250","Ec_N",193,32,32,"Ec",22,1,0,1,0,1,0.649603770543311
"11553","1250","Ec_N",193,33,33,"Ec",22,1,0,1,0,1,0.649603770543311
"11554","1250","Ec_N",193,34,34,"Ec",22,1,0,1,0,1,0.649603770543311
"11555","1250","Ec_N",193,35,35,"Ec",22,1,0,1,0,1,0.649603770543311
"11556","1250","Ec_N",193,36,36,"Ec",22,1,0,1,0,1,0.649603770543311
"11557","1250","Ec_N",193,37,37,"Ec",22,1,0,1,0,1,0.649603770543311
"11558","1250","Ec_N",193,38,38,"Ec",22,1,0,1,0,1,0.649603770543311
"11559","1250","Ec_N",193,39,39,"Ec",22,1,0,1,0,1,0.649603770543311
"11560","1250","Ec_N",193,40,40,"Ec",22,1,0,1,0,1,0.649603770543311
"11561","1250","Ec_N",193,41,41,"Ec",22,1,0,1,0,1,0.649603770543311
"11562","1250","Ec_N",193,42,42,"Ec",22,1,0,1,0,1,0.649603770543311
"11563","1250","Ec_N",193,43,43,"Ec",30,1,0,1,1,1,0.981696467924213
"11564","1250","Ec_N",193,44,44,"Ec",30,1,0,1,1,1,0.981696467924213
"11565","1250","Ec_N",193,45,45,"Ec",30,1,0,1,1,1,0.981696467924213
"11566","1250","Ec_N",193,46,46,"Ec",30,1,0,1,1,1,0.981696467924213
"11567","1250","Ec_N",193,47,47,"Ec",30,1,0,1,1,1,0.981696467924213
"11568","1250","Ec_N",193,48,48,"Ec",30,1,0,1,1,1,0.981696467924213
"11569","1250","Ec_N",193,49,49,"Ec",30,1,0,1,1,1,0.981696467924213
"11570","1250","Ec_N",193,50,50,"Ec",30,1,0,1,1,1,0.981696467924213
"11571","1250","Ec_N",193,51,51,"Ec",30,1,0,1,1,1,0.981696467924213
"11572","1250","Ec_N",193,52,52,"Ec",30,1,0,1,1,1,0.981696467924213
"11573","1250","Ec_N",193,53,53,"Ec",30,1,0,1,1,1,0.981696467924213
"11574","1250","Ec_N",193,54,54,"Ec",30,1,0,1,1,1,0.981696467924213
"11575","1250","Ec_N",193,55,55,"Ec",30,1,0,1,1,1,0.981696467924213
"11576","1250","Ec_N",193,56,56,"Ec",30,1,0,1,1,1,0.981696467924213
"11577","1250","Ec_N",193,57,57,"Ec",30,1,0,1,1,1,0.981696467924213
"11578","1250","Ec_N",193,58,58,"Ec",32,1,1,1,1,1,1
"11579","1250","Ec_N",193,59,59,"Ec",32,1,1,1,1,1,1
"11580","1250","Ec_N",193,60,60,"Ec",32,1,1,1,1,1,1
"11581","1250","Ec_N",194,1,1,"Ec",1,0,0,0,0,0,0
"11582","1250","Ec_N",194,2,2,"Ec",1,0,0,0,0,0,0
"11583","1250","Ec_N",194,3,3,"Ec",1,0,0,0,0,0,0
"11584","1250","Ec_N",194,4,4,"Ec",1,0,0,0,0,0,0
"11585","1250","Ec_N",194,5,5,"Ec",1,0,0,0,0,0,0
"11586","1250","Ec_N",194,6,6,"Ec",5,0,0,1,0,0,0.232063491762724
"11587","1250","Ec_N",194,7,7,"Ec",5,0,0,1,0,0,0.232063491762724
"11588","1250","Ec_N",194,8,8,"Ec",5,0,0,1,0,0,0.232063491762724
"11589","1250","Ec_N",194,9,9,"Ec",13,0,0,1,1,0,0.499809141804299
"11590","1250","Ec_N",194,10,10,"Ec",14,1,0,1,1,0,0.720821796264067
"11591","1250","Ec_N",194,11,11,"Ec",14,1,0,1,1,0,0.720821796264067
"11592","1250","Ec_N",194,12,12,"Ec",14,1,0,1,1,0,0.720821796264067
"11593","1250","Ec_N",194,13,13,"Ec",14,1,0,1,1,0,0.720821796264067
"11594","1250","Ec_N",194,14,14,"Ec",14,1,0,1,1,0,0.720821796264067
"11595","1250","Ec_N",194,15,15,"Ec",14,1,0,1,1,0,0.720821796264067
"11596","1250","Ec_N",194,16,16,"Ec",14,1,0,1,1,0,0.720821796264067
"11597","1250","Ec_N",194,17,17,"Ec",14,1,0,1,1,0,0.720821796264067
"11598","1250","Ec_N",194,18,18,"Ec",14,1,0,1,1,0,0.720821796264067
"11599","1250","Ec_N",194,19,19,"Ec",14,1,0,1,1,0,0.720821796264067
"11600","1250","Ec_N",194,20,20,"Ec",14,1,0,1,1,0,0.720821796264067
"11601","1250","Ec_N",194,21,21,"Ec",14,1,0,1,1,0,0.720821796264067
"11602","1250","Ec_N",194,22,22,"Ec",14,1,0,1,1,0,0.720821796264067
"11603","1250","Ec_N",194,23,23,"Ec",14,1,0,1,1,0,0.720821796264067
"11604","1250","Ec_N",194,24,24,"Ec",16,1,1,1,1,0,0.879284144928883
"11605","1250","Ec_N",194,25,25,"Ec",32,1,1,1,1,1,1
"11606","1250","Ec_N",194,26,26,"Ec",32,1,1,1,1,1,1
"11607","1250","Ec_N",194,27,27,"Ec",32,1,1,1,1,1,1
"11608","1250","Ec_N",194,28,28,"Ec",32,1,1,1,1,1,1
"11609","1250","Ec_N",194,29,29,"Ec",32,1,1,1,1,1,1
"11610","1250","Ec_N",194,30,30,"Ec",32,1,1,1,1,1,1
"11611","1250","Ec_N",194,31,31,"Ec",32,1,1,1,1,1,1
"11612","1250","Ec_N",194,32,32,"Ec",32,1,1,1,1,1,1
"11613","1250","Ec_N",194,33,33,"Ec",32,1,1,1,1,1,1
"11614","1250","Ec_N",194,34,34,"Ec",32,1,1,1,1,1,1
"11615","1250","Ec_N",194,35,35,"Ec",32,1,1,1,1,1,1
"11616","1250","Ec_N",194,36,36,"Ec",32,1,1,1,1,1,1
"11617","1250","Ec_N",194,37,37,"Ec",32,1,1,1,1,1,1
"11618","1250","Ec_N",194,38,38,"Ec",32,1,1,1,1,1,1
"11619","1250","Ec_N",194,39,39,"Ec",32,1,1,1,1,1,1
"11620","1250","Ec_N",194,40,40,"Ec",32,1,1,1,1,1,1
"11621","1250","Ec_N",194,41,41,"Ec",32,1,1,1,1,1,1
"11622","1250","Ec_N",194,42,42,"Ec",32,1,1,1,1,1,1
"11623","1250","Ec_N",194,43,43,"Ec",32,1,1,1,1,1,1
"11624","1250","Ec_N",194,44,44,"Ec",32,1,1,1,1,1,1
"11625","1250","Ec_N",194,45,45,"Ec",32,1,1,1,1,1,1
"11626","1250","Ec_N",194,46,46,"Ec",32,1,1,1,1,1,1
"11627","1250","Ec_N",194,47,47,"Ec",32,1,1,1,1,1,1
"11628","1250","Ec_N",194,48,48,"Ec",32,1,1,1,1,1,1
"11629","1250","Ec_N",194,49,49,"Ec",32,1,1,1,1,1,1
"11630","1250","Ec_N",194,50,50,"Ec",32,1,1,1,1,1,1
"11631","1250","Ec_N",194,51,51,"Ec",32,1,1,1,1,1,1
"11632","1250","Ec_N",194,52,52,"Ec",32,1,1,1,1,1,1
"11633","1250","Ec_N",194,53,53,"Ec",32,1,1,1,1,1,1
"11634","1250","Ec_N",194,54,54,"Ec",32,1,1,1,1,1,1
"11635","1250","Ec_N",194,55,55,"Ec",32,1,1,1,1,1,1
"11636","1250","Ec_N",194,56,56,"Ec",32,1,1,1,1,1,1
"11637","1250","Ec_N",194,57,57,"Ec",32,1,1,1,1,1,1
"11638","1250","Ec_N",194,58,58,"Ec",32,1,1,1,1,1,1
"11639","1250","Ec_N",194,59,59,"Ec",32,1,1,1,1,1,1
"11640","1250","Ec_N",194,60,60,"Ec",32,1,1,1,1,1,1
"11641","1250","Ec_N",195,1,1,"Ec",1,0,0,0,0,0,0
"11642","1250","Ec_N",195,2,2,"Ec",3,0,1,0,0,0,0.082650579415114
"11643","1250","Ec_N",195,3,3,"Ec",3,0,1,0,0,0,0.082650579415114
"11644","1250","Ec_N",195,4,4,"Ec",3,0,1,0,0,0,0.082650579415114
"11645","1250","Ec_N",195,5,5,"Ec",3,0,1,0,0,0,0.082650579415114
"11646","1250","Ec_N",195,6,6,"Ec",3,0,1,0,0,0,0.082650579415114
"11647","1250","Ec_N",195,7,7,"Ec",3,0,1,0,0,0,0.082650579415114
"11648","1250","Ec_N",195,8,8,"Ec",3,0,1,0,0,0,0.082650579415114
"11649","1250","Ec_N",195,9,9,"Ec",11,0,1,0,1,0,0.168832555215222
"11650","1250","Ec_N",195,10,10,"Ec",11,0,1,0,1,0,0.168832555215222
"11651","1250","Ec_N",195,11,11,"Ec",11,0,1,0,1,0,0.168832555215222
"11652","1250","Ec_N",195,12,12,"Ec",11,0,1,0,1,0,0.168832555215222
"11653","1250","Ec_N",195,13,13,"Ec",11,0,1,0,1,0,0.168832555215222
"11654","1250","Ec_N",195,14,14,"Ec",11,0,1,0,1,0,0.168832555215222
"11655","1250","Ec_N",195,15,15,"Ec",15,0,1,1,1,0,0.582459721219413
"11656","1250","Ec_N",195,16,16,"Ec",15,0,1,1,1,0,0.582459721219413
"11657","1250","Ec_N",195,17,17,"Ec",15,0,1,1,1,0,0.582459721219413
"11658","1250","Ec_N",195,18,18,"Ec",15,0,1,1,1,0,0.582459721219413
"11659","1250","Ec_N",195,19,19,"Ec",31,0,1,1,1,1,0.778987345540232
"11660","1250","Ec_N",195,20,20,"Ec",31,0,1,1,1,1,0.778987345540232
"11661","1250","Ec_N",195,21,21,"Ec",31,0,1,1,1,1,0.778987345540232
"11662","1250","Ec_N",195,22,22,"Ec",31,0,1,1,1,1,0.778987345540232
"11663","1250","Ec_N",195,23,23,"Ec",31,0,1,1,1,1,0.778987345540232
"11664","1250","Ec_N",195,24,24,"Ec",31,0,1,1,1,1,0.778987345540232
"11665","1250","Ec_N",195,25,25,"Ec",31,0,1,1,1,1,0.778987345540232
"11666","1250","Ec_N",195,26,26,"Ec",31,0,1,1,1,1,0.778987345540232
"11667","1250","Ec_N",195,27,27,"Ec",31,0,1,1,1,1,0.778987345540232
"11668","1250","Ec_N",195,28,28,"Ec",31,0,1,1,1,1,0.778987345540232
"11669","1250","Ec_N",195,29,29,"Ec",31,0,1,1,1,1,0.778987345540232
"11670","1250","Ec_N",195,30,30,"Ec",31,0,1,1,1,1,0.778987345540232
"11671","1250","Ec_N",195,31,31,"Ec",31,0,1,1,1,1,0.778987345540232
"11672","1250","Ec_N",195,32,32,"Ec",31,0,1,1,1,1,0.778987345540232
"11673","1250","Ec_N",195,33,33,"Ec",31,0,1,1,1,1,0.778987345540232
"11674","1250","Ec_N",195,34,34,"Ec",32,1,1,1,1,1,1
"11675","1250","Ec_N",195,35,35,"Ec",32,1,1,1,1,1,1
"11676","1250","Ec_N",195,36,36,"Ec",32,1,1,1,1,1,1
"11677","1250","Ec_N",195,37,37,"Ec",32,1,1,1,1,1,1
"11678","1250","Ec_N",195,38,38,"Ec",32,1,1,1,1,1,1
"11679","1250","Ec_N",195,39,39,"Ec",32,1,1,1,1,1,1
"11680","1250","Ec_N",195,40,40,"Ec",32,1,1,1,1,1,1
"11681","1250","Ec_N",195,41,41,"Ec",32,1,1,1,1,1,1
"11682","1250","Ec_N",195,42,42,"Ec",32,1,1,1,1,1,1
"11683","1250","Ec_N",195,43,43,"Ec",32,1,1,1,1,1,1
"11684","1250","Ec_N",195,44,44,"Ec",32,1,1,1,1,1,1
"11685","1250","Ec_N",195,45,45,"Ec",32,1,1,1,1,1,1
"11686","1250","Ec_N",195,46,46,"Ec",32,1,1,1,1,1,1
"11687","1250","Ec_N",195,47,47,"Ec",32,1,1,1,1,1,1
"11688","1250","Ec_N",195,48,48,"Ec",32,1,1,1,1,1,1
"11689","1250","Ec_N",195,49,49,"Ec",32,1,1,1,1,1,1
"11690","1250","Ec_N",195,50,50,"Ec",32,1,1,1,1,1,1
"11691","1250","Ec_N",195,51,51,"Ec",32,1,1,1,1,1,1
"11692","1250","Ec_N",195,52,52,"Ec",32,1,1,1,1,1,1
"11693","1250","Ec_N",195,53,53,"Ec",32,1,1,1,1,1,1
"11694","1250","Ec_N",195,54,54,"Ec",32,1,1,1,1,1,1
"11695","1250","Ec_N",195,55,55,"Ec",32,1,1,1,1,1,1
"11696","1250","Ec_N",195,56,56,"Ec",32,1,1,1,1,1,1
"11697","1250","Ec_N",195,57,57,"Ec",32,1,1,1,1,1,1
"11698","1250","Ec_N",195,58,58,"Ec",32,1,1,1,1,1,1
"11699","1250","Ec_N",195,59,59,"Ec",32,1,1,1,1,1,1
"11700","1250","Ec_N",195,60,60,"Ec",32,1,1,1,1,1,1
"11701","1250","Ec_N",196,1,1,"Ec",1,0,0,0,0,0,0
"11702","1250","Ec_N",196,2,2,"Ec",2,1,0,0,0,0,0.221012654459768
"11703","1250","Ec_N",196,3,3,"Ec",2,1,0,0,0,0,0.221012654459768
"11704","1250","Ec_N",196,4,4,"Ec",6,1,0,1,0,0,0.453076146222492
"11705","1250","Ec_N",196,5,5,"Ec",6,1,0,1,0,0,0.453076146222492
"11706","1250","Ec_N",196,6,6,"Ec",6,1,0,1,0,0,0.453076146222492
"11707","1250","Ec_N",196,7,7,"Ec",6,1,0,1,0,0,0.453076146222492
"11708","1250","Ec_N",196,8,8,"Ec",14,1,0,1,1,0,0.720821796264067
"11709","1250","Ec_N",196,9,9,"Ec",14,1,0,1,1,0,0.720821796264067
"11710","1250","Ec_N",196,10,10,"Ec",14,1,0,1,1,0,0.720821796264067
"11711","1250","Ec_N",196,11,11,"Ec",14,1,0,1,1,0,0.720821796264067
"11712","1250","Ec_N",196,12,12,"Ec",14,1,0,1,1,0,0.720821796264067
"11713","1250","Ec_N",196,13,13,"Ec",14,1,0,1,1,0,0.720821796264067
"11714","1250","Ec_N",196,14,14,"Ec",16,1,1,1,1,0,0.879284144928883
"11715","1250","Ec_N",196,15,15,"Ec",16,1,1,1,1,0,0.879284144928883
"11716","1250","Ec_N",196,16,16,"Ec",16,1,1,1,1,0,0.879284144928883
"11717","1250","Ec_N",196,17,17,"Ec",16,1,1,1,1,0,0.879284144928883
"11718","1250","Ec_N",196,18,18,"Ec",16,1,1,1,1,0,0.879284144928883
"11719","1250","Ec_N",196,19,19,"Ec",16,1,1,1,1,0,0.879284144928883
"11720","1250","Ec_N",196,20,20,"Ec",16,1,1,1,1,0,0.879284144928883
"11721","1250","Ec_N",196,21,21,"Ec",16,1,1,1,1,0,0.879284144928883
"11722","1250","Ec_N",196,22,22,"Ec",16,1,1,1,1,0,0.879284144928883
"11723","1250","Ec_N",196,23,23,"Ec",16,1,1,1,1,0,0.879284144928883
"11724","1250","Ec_N",196,24,24,"Ec",16,1,1,1,1,0,0.879284144928883
"11725","1250","Ec_N",196,25,25,"Ec",16,1,1,1,1,0,0.879284144928883
"11726","1250","Ec_N",196,26,26,"Ec",16,1,1,1,1,0,0.879284144928883
"11727","1250","Ec_N",196,27,27,"Ec",16,1,1,1,1,0,0.879284144928883
"11728","1250","Ec_N",196,28,28,"Ec",16,1,1,1,1,0,0.879284144928883
"11729","1250","Ec_N",196,29,29,"Ec",16,1,1,1,1,0,0.879284144928883
"11730","1250","Ec_N",196,30,30,"Ec",16,1,1,1,1,0,0.879284144928883
"11731","1250","Ec_N",196,31,31,"Ec",16,1,1,1,1,0,0.879284144928883
"11732","1250","Ec_N",196,32,32,"Ec",16,1,1,1,1,0,0.879284144928883
"11733","1250","Ec_N",196,33,33,"Ec",16,1,1,1,1,0,0.879284144928883
"11734","1250","Ec_N",196,34,34,"Ec",16,1,1,1,1,0,0.879284144928883
"11735","1250","Ec_N",196,35,35,"Ec",16,1,1,1,1,0,0.879284144928883
"11736","1250","Ec_N",196,36,36,"Ec",16,1,1,1,1,0,0.879284144928883
"11737","1250","Ec_N",196,37,37,"Ec",16,1,1,1,1,0,0.879284144928883
"11738","1250","Ec_N",196,38,38,"Ec",16,1,1,1,1,0,0.879284144928883
"11739","1250","Ec_N",196,39,39,"Ec",16,1,1,1,1,0,0.879284144928883
"11740","1250","Ec_N",196,40,40,"Ec",16,1,1,1,1,0,0.879284144928883
"11741","1250","Ec_N",196,41,41,"Ec",16,1,1,1,1,0,0.879284144928883
"11742","1250","Ec_N",196,42,42,"Ec",16,1,1,1,1,0,0.879284144928883
"11743","1250","Ec_N",196,43,43,"Ec",16,1,1,1,1,0,0.879284144928883
"11744","1250","Ec_N",196,44,44,"Ec",16,1,1,1,1,0,0.879284144928883
"11745","1250","Ec_N",196,45,45,"Ec",16,1,1,1,1,0,0.879284144928883
"11746","1250","Ec_N",196,46,46,"Ec",32,1,1,1,1,1,1
"11747","1250","Ec_N",196,47,47,"Ec",32,1,1,1,1,1,1
"11748","1250","Ec_N",196,48,48,"Ec",32,1,1,1,1,1,1
"11749","1250","Ec_N",196,49,49,"Ec",32,1,1,1,1,1,1
"11750","1250","Ec_N",196,50,50,"Ec",32,1,1,1,1,1,1
"11751","1250","Ec_N",196,51,51,"Ec",32,1,1,1,1,1,1
"11752","1250","Ec_N",196,52,52,"Ec",32,1,1,1,1,1,1
"11753","1250","Ec_N",196,53,53,"Ec",32,1,1,1,1,1,1
"11754","1250","Ec_N",196,54,54,"Ec",32,1,1,1,1,1,1
"11755","1250","Ec_N",196,55,55,"Ec",32,1,1,1,1,1,1
"11756","1250","Ec_N",196,56,56,"Ec",32,1,1,1,1,1,1
"11757","1250","Ec_N",196,57,57,"Ec",32,1,1,1,1,1,1
"11758","1250","Ec_N",196,58,58,"Ec",32,1,1,1,1,1,1
"11759","1250","Ec_N",196,59,59,"Ec",32,1,1,1,1,1,1
"11760","1250","Ec_N",196,60,60,"Ec",32,1,1,1,1,1,1
"11761","1250","Ec_N",197,1,1,"Ec",1,0,0,0,0,0,0
"11762","1250","Ec_N",197,2,2,"Ec",3,0,1,0,0,0,0.082650579415114
"11763","1250","Ec_N",197,3,3,"Ec",3,0,1,0,0,0,0.082650579415114
"11764","1250","Ec_N",197,4,4,"Ec",3,0,1,0,0,0,0.082650579415114
"11765","1250","Ec_N",197,5,5,"Ec",3,0,1,0,0,0,0.082650579415114
"11766","1250","Ec_N",197,6,6,"Ec",3,0,1,0,0,0,0.082650579415114
"11767","1250","Ec_N",197,7,7,"Ec",11,0,1,0,1,0,0.168832555215222
"11768","1250","Ec_N",197,8,8,"Ec",11,0,1,0,1,0,0.168832555215222
"11769","1250","Ec_N",197,9,9,"Ec",27,0,1,0,1,1,0.50104458373578
"11770","1250","Ec_N",197,10,10,"Ec",27,0,1,0,1,1,0.50104458373578
"11771","1250","Ec_N",197,11,11,"Ec",27,0,1,0,1,1,0.50104458373578
"11772","1250","Ec_N",197,12,12,"Ec",31,0,1,1,1,1,0.778987345540232
"11773","1250","Ec_N",197,13,13,"Ec",31,0,1,1,1,1,0.778987345540232
"11774","1250","Ec_N",197,14,14,"Ec",31,0,1,1,1,1,0.778987345540232
"11775","1250","Ec_N",197,15,15,"Ec",31,0,1,1,1,1,0.778987345540232
"11776","1250","Ec_N",197,16,16,"Ec",31,0,1,1,1,1,0.778987345540232
"11777","1250","Ec_N",197,17,17,"Ec",31,0,1,1,1,1,0.778987345540232
"11778","1250","Ec_N",197,18,18,"Ec",31,0,1,1,1,1,0.778987345540232
"11779","1250","Ec_N",197,19,19,"Ec",31,0,1,1,1,1,0.778987345540232
"11780","1250","Ec_N",197,20,20,"Ec",31,0,1,1,1,1,0.778987345540232
"11781","1250","Ec_N",197,21,21,"Ec",31,0,1,1,1,1,0.778987345540232
"11782","1250","Ec_N",197,22,22,"Ec",31,0,1,1,1,1,0.778987345540232
"11783","1250","Ec_N",197,23,23,"Ec",31,0,1,1,1,1,0.778987345540232
"11784","1250","Ec_N",197,24,24,"Ec",31,0,1,1,1,1,0.778987345540232
"11785","1250","Ec_N",197,25,25,"Ec",31,0,1,1,1,1,0.778987345540232
"11786","1250","Ec_N",197,26,26,"Ec",31,0,1,1,1,1,0.778987345540232
"11787","1250","Ec_N",197,27,27,"Ec",31,0,1,1,1,1,0.778987345540232
"11788","1250","Ec_N",197,28,28,"Ec",31,0,1,1,1,1,0.778987345540232
"11789","1250","Ec_N",197,29,29,"Ec",31,0,1,1,1,1,0.778987345540232
"11790","1250","Ec_N",197,30,30,"Ec",31,0,1,1,1,1,0.778987345540232
"11791","1250","Ec_N",197,31,31,"Ec",31,0,1,1,1,1,0.778987345540232
"11792","1250","Ec_N",197,32,32,"Ec",31,0,1,1,1,1,0.778987345540232
"11793","1250","Ec_N",197,33,33,"Ec",31,0,1,1,1,1,0.778987345540232
"11794","1250","Ec_N",197,34,34,"Ec",31,0,1,1,1,1,0.778987345540232
"11795","1250","Ec_N",197,35,35,"Ec",31,0,1,1,1,1,0.778987345540232
"11796","1250","Ec_N",197,36,36,"Ec",31,0,1,1,1,1,0.778987345540232
"11797","1250","Ec_N",197,37,37,"Ec",31,0,1,1,1,1,0.778987345540232
"11798","1250","Ec_N",197,38,38,"Ec",31,0,1,1,1,1,0.778987345540232
"11799","1250","Ec_N",197,39,39,"Ec",31,0,1,1,1,1,0.778987345540232
"11800","1250","Ec_N",197,40,40,"Ec",31,0,1,1,1,1,0.778987345540232
"11801","1250","Ec_N",197,41,41,"Ec",31,0,1,1,1,1,0.778987345540232
"11802","1250","Ec_N",197,42,42,"Ec",31,0,1,1,1,1,0.778987345540232
"11803","1250","Ec_N",197,43,43,"Ec",31,0,1,1,1,1,0.778987345540232
"11804","1250","Ec_N",197,44,44,"Ec",31,0,1,1,1,1,0.778987345540232
"11805","1250","Ec_N",197,45,45,"Ec",31,0,1,1,1,1,0.778987345540232
"11806","1250","Ec_N",197,46,46,"Ec",31,0,1,1,1,1,0.778987345540232
"11807","1250","Ec_N",197,47,47,"Ec",31,0,1,1,1,1,0.778987345540232
"11808","1250","Ec_N",197,48,48,"Ec",31,0,1,1,1,1,0.778987345540232
"11809","1250","Ec_N",197,49,49,"Ec",31,0,1,1,1,1,0.778987345540232
"11810","1250","Ec_N",197,50,50,"Ec",31,0,1,1,1,1,0.778987345540232
"11811","1250","Ec_N",197,51,51,"Ec",31,0,1,1,1,1,0.778987345540232
"11812","1250","Ec_N",197,52,52,"Ec",31,0,1,1,1,1,0.778987345540232
"11813","1250","Ec_N",197,53,53,"Ec",31,0,1,1,1,1,0.778987345540232
"11814","1250","Ec_N",197,54,54,"Ec",31,0,1,1,1,1,0.778987345540232
"11815","1250","Ec_N",197,55,55,"Ec",31,0,1,1,1,1,0.778987345540232
"11816","1250","Ec_N",197,56,56,"Ec",31,0,1,1,1,1,0.778987345540232
"11817","1250","Ec_N",197,57,57,"Ec",31,0,1,1,1,1,0.778987345540232
"11818","1250","Ec_N",197,58,58,"Ec",31,0,1,1,1,1,0.778987345540232
"11819","1250","Ec_N",197,59,59,"Ec",31,0,1,1,1,1,0.778987345540232
"11820","1250","Ec_N",197,60,60,"Ec",31,0,1,1,1,1,0.778987345540232
"11821","1250","Ec_N",198,1,1,"Ec",1,0,0,0,0,0,0
"11822","1250","Ec_N",198,2,2,"Ec",5,0,0,1,0,0,0.232063491762724
"11823","1250","Ec_N",198,3,3,"Ec",5,0,0,1,0,0,0.232063491762724
"11824","1250","Ec_N",198,4,4,"Ec",5,0,0,1,0,0,0.232063491762724
"11825","1250","Ec_N",198,5,5,"Ec",13,0,0,1,1,0,0.499809141804299
"11826","1250","Ec_N",198,6,6,"Ec",13,0,0,1,1,0,0.499809141804299
"11827","1250","Ec_N",198,7,7,"Ec",13,0,0,1,1,0,0.499809141804299
"11828","1250","Ec_N",198,8,8,"Ec",15,0,1,1,1,0,0.582459721219413
"11829","1250","Ec_N",198,9,9,"Ec",15,0,1,1,1,0,0.582459721219413
"11830","1250","Ec_N",198,10,10,"Ec",15,0,1,1,1,0,0.582459721219413
"11831","1250","Ec_N",198,11,11,"Ec",15,0,1,1,1,0,0.582459721219413
"11832","1250","Ec_N",198,12,12,"Ec",15,0,1,1,1,0,0.582459721219413
"11833","1250","Ec_N",198,13,13,"Ec",15,0,1,1,1,0,0.582459721219413
"11834","1250","Ec_N",198,14,14,"Ec",15,0,1,1,1,0,0.582459721219413
"11835","1250","Ec_N",198,15,15,"Ec",15,0,1,1,1,0,0.582459721219413
"11836","1250","Ec_N",198,16,16,"Ec",15,0,1,1,1,0,0.582459721219413
"11837","1250","Ec_N",198,17,17,"Ec",15,0,1,1,1,0,0.582459721219413
"11838","1250","Ec_N",198,18,18,"Ec",15,0,1,1,1,0,0.582459721219413
"11839","1250","Ec_N",198,19,19,"Ec",15,0,1,1,1,0,0.582459721219413
"11840","1250","Ec_N",198,20,20,"Ec",15,0,1,1,1,0,0.582459721219413
"11841","1250","Ec_N",198,21,21,"Ec",15,0,1,1,1,0,0.582459721219413
"11842","1250","Ec_N",198,22,22,"Ec",15,0,1,1,1,0,0.582459721219413
"11843","1250","Ec_N",198,23,23,"Ec",15,0,1,1,1,0,0.582459721219413
"11844","1250","Ec_N",198,24,24,"Ec",15,0,1,1,1,0,0.582459721219413
"11845","1250","Ec_N",198,25,25,"Ec",15,0,1,1,1,0,0.582459721219413
"11846","1250","Ec_N",198,26,26,"Ec",16,1,1,1,1,0,0.879284144928883
"11847","1250","Ec_N",198,27,27,"Ec",16,1,1,1,1,0,0.879284144928883
"11848","1250","Ec_N",198,28,28,"Ec",16,1,1,1,1,0,0.879284144928883
"11849","1250","Ec_N",198,29,29,"Ec",16,1,1,1,1,0,0.879284144928883
"11850","1250","Ec_N",198,30,30,"Ec",16,1,1,1,1,0,0.879284144928883
"11851","1250","Ec_N",198,31,31,"Ec",16,1,1,1,1,0,0.879284144928883
"11852","1250","Ec_N",198,32,32,"Ec",16,1,1,1,1,0,0.879284144928883
"11853","1250","Ec_N",198,33,33,"Ec",16,1,1,1,1,0,0.879284144928883
"11854","1250","Ec_N",198,34,34,"Ec",16,1,1,1,1,0,0.879284144928883
"11855","1250","Ec_N",198,35,35,"Ec",16,1,1,1,1,0,0.879284144928883
"11856","1250","Ec_N",198,36,36,"Ec",16,1,1,1,1,0,0.879284144928883
"11857","1250","Ec_N",198,37,37,"Ec",16,1,1,1,1,0,0.879284144928883
"11858","1250","Ec_N",198,38,38,"Ec",16,1,1,1,1,0,0.879284144928883
"11859","1250","Ec_N",198,39,39,"Ec",16,1,1,1,1,0,0.879284144928883
"11860","1250","Ec_N",198,40,40,"Ec",16,1,1,1,1,0,0.879284144928883
"11861","1250","Ec_N",198,41,41,"Ec",16,1,1,1,1,0,0.879284144928883
"11862","1250","Ec_N",198,42,42,"Ec",16,1,1,1,1,0,0.879284144928883
"11863","1250","Ec_N",198,43,43,"Ec",16,1,1,1,1,0,0.879284144928883
"11864","1250","Ec_N",198,44,44,"Ec",16,1,1,1,1,0,0.879284144928883
"11865","1250","Ec_N",198,45,45,"Ec",16,1,1,1,1,0,0.879284144928883
"11866","1250","Ec_N",198,46,46,"Ec",16,1,1,1,1,0,0.879284144928883
"11867","1250","Ec_N",198,47,47,"Ec",16,1,1,1,1,0,0.879284144928883
"11868","1250","Ec_N",198,48,48,"Ec",16,1,1,1,1,0,0.879284144928883
"11869","1250","Ec_N",198,49,49,"Ec",16,1,1,1,1,0,0.879284144928883
"11870","1250","Ec_N",198,50,50,"Ec",16,1,1,1,1,0,0.879284144928883
"11871","1250","Ec_N",198,51,51,"Ec",16,1,1,1,1,0,0.879284144928883
"11872","1250","Ec_N",198,52,52,"Ec",16,1,1,1,1,0,0.879284144928883
"11873","1250","Ec_N",198,53,53,"Ec",16,1,1,1,1,0,0.879284144928883
"11874","1250","Ec_N",198,54,54,"Ec",32,1,1,1,1,1,1
"11875","1250","Ec_N",198,55,55,"Ec",32,1,1,1,1,1,1
"11876","1250","Ec_N",198,56,56,"Ec",32,1,1,1,1,1,1
"11877","1250","Ec_N",198,57,57,"Ec",32,1,1,1,1,1,1
"11878","1250","Ec_N",198,58,58,"Ec",32,1,1,1,1,1,1
"11879","1250","Ec_N",198,59,59,"Ec",32,1,1,1,1,1,1
"11880","1250","Ec_N",198,60,60,"Ec",32,1,1,1,1,1,1
"11881","1250","Ec_N",199,1,1,"Ec",1,0,0,0,0,0,0
"11882","1250","Ec_N",199,2,2,"Ec",1,0,0,0,0,0,0
"11883","1250","Ec_N",199,3,3,"Ec",1,0,0,0,0,0,0
"11884","1250","Ec_N",199,4,4,"Ec",17,0,0,0,0,1,0.14692246949649
"11885","1250","Ec_N",199,5,5,"Ec",25,0,0,0,1,1,0.464273274362394
"11886","1250","Ec_N",199,6,6,"Ec",25,0,0,0,1,1,0.464273274362394
"11887","1250","Ec_N",199,7,7,"Ec",25,0,0,0,1,1,0.464273274362394
"11888","1250","Ec_N",199,8,8,"Ec",26,1,0,0,1,1,0.685285928822162
"11889","1250","Ec_N",199,9,9,"Ec",28,1,1,0,1,1,0.770762719311211
"11890","1250","Ec_N",199,10,10,"Ec",28,1,1,0,1,1,0.770762719311211
"11891","1250","Ec_N",199,11,11,"Ec",28,1,1,0,1,1,0.770762719311211
"11892","1250","Ec_N",199,12,12,"Ec",28,1,1,0,1,1,0.770762719311211
"11893","1250","Ec_N",199,13,13,"Ec",28,1,1,0,1,1,0.770762719311211
"11894","1250","Ec_N",199,14,14,"Ec",28,1,1,0,1,1,0.770762719311211
"11895","1250","Ec_N",199,15,15,"Ec",32,1,1,1,1,1,1
"11896","1250","Ec_N",199,16,16,"Ec",32,1,1,1,1,1,1
"11897","1250","Ec_N",199,17,17,"Ec",32,1,1,1,1,1,1
"11898","1250","Ec_N",199,18,18,"Ec",32,1,1,1,1,1,1
"11899","1250","Ec_N",199,19,19,"Ec",32,1,1,1,1,1,1
"11900","1250","Ec_N",199,20,20,"Ec",32,1,1,1,1,1,1
"11901","1250","Ec_N",199,21,21,"Ec",32,1,1,1,1,1,1
"11902","1250","Ec_N",199,22,22,"Ec",32,1,1,1,1,1,1
"11903","1250","Ec_N",199,23,23,"Ec",32,1,1,1,1,1,1
"11904","1250","Ec_N",199,24,24,"Ec",32,1,1,1,1,1,1
"11905","1250","Ec_N",199,25,25,"Ec",32,1,1,1,1,1,1
"11906","1250","Ec_N",199,26,26,"Ec",32,1,1,1,1,1,1
"11907","1250","Ec_N",199,27,27,"Ec",32,1,1,1,1,1,1
"11908","1250","Ec_N",199,28,28,"Ec",32,1,1,1,1,1,1
"11909","1250","Ec_N",199,29,29,"Ec",32,1,1,1,1,1,1
"11910","1250","Ec_N",199,30,30,"Ec",32,1,1,1,1,1,1
"11911","1250","Ec_N",199,31,31,"Ec",32,1,1,1,1,1,1
"11912","1250","Ec_N",199,32,32,"Ec",32,1,1,1,1,1,1
"11913","1250","Ec_N",199,33,33,"Ec",32,1,1,1,1,1,1
"11914","1250","Ec_N",199,34,34,"Ec",32,1,1,1,1,1,1
"11915","1250","Ec_N",199,35,35,"Ec",32,1,1,1,1,1,1
"11916","1250","Ec_N",199,36,36,"Ec",32,1,1,1,1,1,1
"11917","1250","Ec_N",199,37,37,"Ec",32,1,1,1,1,1,1
"11918","1250","Ec_N",199,38,38,"Ec",32,1,1,1,1,1,1
"11919","1250","Ec_N",199,39,39,"Ec",32,1,1,1,1,1,1
"11920","1250","Ec_N",199,40,40,"Ec",32,1,1,1,1,1,1
"11921","1250","Ec_N",199,41,41,"Ec",32,1,1,1,1,1,1
"11922","1250","Ec_N",199,42,42,"Ec",32,1,1,1,1,1,1
"11923","1250","Ec_N",199,43,43,"Ec",32,1,1,1,1,1,1
"11924","1250","Ec_N",199,44,44,"Ec",32,1,1,1,1,1,1
"11925","1250","Ec_N",199,45,45,"Ec",32,1,1,1,1,1,1
"11926","1250","Ec_N",199,46,46,"Ec",32,1,1,1,1,1,1
"11927","1250","Ec_N",199,47,47,"Ec",32,1,1,1,1,1,1
"11928","1250","Ec_N",199,48,48,"Ec",32,1,1,1,1,1,1
"11929","1250","Ec_N",199,49,49,"Ec",32,1,1,1,1,1,1
"11930","1250","Ec_N",199,50,50,"Ec",32,1,1,1,1,1,1
"11931","1250","Ec_N",199,51,51,"Ec",32,1,1,1,1,1,1
"11932","1250","Ec_N",199,52,52,"Ec",32,1,1,1,1,1,1
"11933","1250","Ec_N",199,53,53,"Ec",32,1,1,1,1,1,1
"11934","1250","Ec_N",199,54,54,"Ec",32,1,1,1,1,1,1
"11935","1250","Ec_N",199,55,55,"Ec",32,1,1,1,1,1,1
"11936","1250","Ec_N",199,56,56,"Ec",32,1,1,1,1,1,1
"11937","1250","Ec_N",199,57,57,"Ec",32,1,1,1,1,1,1
"11938","1250","Ec_N",199,58,58,"Ec",32,1,1,1,1,1,1
"11939","1250","Ec_N",199,59,59,"Ec",32,1,1,1,1,1,1
"11940","1250","Ec_N",199,60,60,"Ec",32,1,1,1,1,1,1
"11941","1250","Ec_N",200,1,1,"Ec",1,0,0,0,0,0,0
"11942","1250","Ec_N",200,2,2,"Ec",5,0,0,1,0,0,0.232063491762724
"11943","1250","Ec_N",200,3,3,"Ec",5,0,0,1,0,0,0.232063491762724
"11944","1250","Ec_N",200,4,4,"Ec",5,0,0,1,0,0,0.232063491762724
"11945","1250","Ec_N",200,5,5,"Ec",5,0,0,1,0,0,0.232063491762724
"11946","1250","Ec_N",200,6,6,"Ec",13,0,0,1,1,0,0.499809141804299
"11947","1250","Ec_N",200,7,7,"Ec",13,0,0,1,1,0,0.499809141804299
"11948","1250","Ec_N",200,8,8,"Ec",13,0,0,1,1,0,0.499809141804299
"11949","1250","Ec_N",200,9,9,"Ec",15,0,1,1,1,0,0.582459721219413
"11950","1250","Ec_N",200,10,10,"Ec",15,0,1,1,1,0,0.582459721219413
"11951","1250","Ec_N",200,11,11,"Ec",15,0,1,1,1,0,0.582459721219413
"11952","1250","Ec_N",200,12,12,"Ec",15,0,1,1,1,0,0.582459721219413
"11953","1250","Ec_N",200,13,13,"Ec",15,0,1,1,1,0,0.582459721219413
"11954","1250","Ec_N",200,14,14,"Ec",15,0,1,1,1,0,0.582459721219413
"11955","1250","Ec_N",200,15,15,"Ec",16,1,1,1,1,0,0.879284144928883
"11956","1250","Ec_N",200,16,16,"Ec",16,1,1,1,1,0,0.879284144928883
"11957","1250","Ec_N",200,17,17,"Ec",16,1,1,1,1,0,0.879284144928883
"11958","1250","Ec_N",200,18,18,"Ec",16,1,1,1,1,0,0.879284144928883
"11959","1250","Ec_N",200,19,19,"Ec",16,1,1,1,1,0,0.879284144928883
"11960","1250","Ec_N",200,20,20,"Ec",16,1,1,1,1,0,0.879284144928883
"11961","1250","Ec_N",200,21,21,"Ec",16,1,1,1,1,0,0.879284144928883
"11962","1250","Ec_N",200,22,22,"Ec",16,1,1,1,1,0,0.879284144928883
"11963","1250","Ec_N",200,23,23,"Ec",16,1,1,1,1,0,0.879284144928883
"11964","1250","Ec_N",200,24,24,"Ec",16,1,1,1,1,0,0.879284144928883
"11965","1250","Ec_N",200,25,25,"Ec",16,1,1,1,1,0,0.879284144928883
"11966","1250","Ec_N",200,26,26,"Ec",16,1,1,1,1,0,0.879284144928883
"11967","1250","Ec_N",200,27,27,"Ec",16,1,1,1,1,0,0.879284144928883
"11968","1250","Ec_N",200,28,28,"Ec",16,1,1,1,1,0,0.879284144928883
"11969","1250","Ec_N",200,29,29,"Ec",16,1,1,1,1,0,0.879284144928883
"11970","1250","Ec_N",200,30,30,"Ec",16,1,1,1,1,0,0.879284144928883
"11971","1250","Ec_N",200,31,31,"Ec",16,1,1,1,1,0,0.879284144928883
"11972","1250","Ec_N",200,32,32,"Ec",16,1,1,1,1,0,0.879284144928883
"11973","1250","Ec_N",200,33,33,"Ec",16,1,1,1,1,0,0.879284144928883
"11974","1250","Ec_N",200,34,34,"Ec",16,1,1,1,1,0,0.879284144928883
"11975","1250","Ec_N",200,35,35,"Ec",16,1,1,1,1,0,0.879284144928883
"11976","1250","Ec_N",200,36,36,"Ec",16,1,1,1,1,0,0.879284144928883
"11977","1250","Ec_N",200,37,37,"Ec",16,1,1,1,1,0,0.879284144928883
"11978","1250","Ec_N",200,38,38,"Ec",16,1,1,1,1,0,0.879284144928883
"11979","1250","Ec_N",200,39,39,"Ec",16,1,1,1,1,0,0.879284144928883
"11980","1250","Ec_N",200,40,40,"Ec",16,1,1,1,1,0,0.879284144928883
"11981","1250","Ec_N",200,41,41,"Ec",16,1,1,1,1,0,0.879284144928883
"11982","1250","Ec_N",200,42,42,"Ec",16,1,1,1,1,0,0.879284144928883
"11983","1250","Ec_N",200,43,43,"Ec",16,1,1,1,1,0,0.879284144928883
"11984","1250","Ec_N",200,44,44,"Ec",16,1,1,1,1,0,0.879284144928883
"11985","1250","Ec_N",200,45,45,"Ec",16,1,1,1,1,0,0.879284144928883
"11986","1250","Ec_N",200,46,46,"Ec",16,1,1,1,1,0,0.879284144928883
"11987","1250","Ec_N",200,47,47,"Ec",32,1,1,1,1,1,1
"11988","1250","Ec_N",200,48,48,"Ec",32,1,1,1,1,1,1
"11989","1250","Ec_N",200,49,49,"Ec",32,1,1,1,1,1,1
"11990","1250","Ec_N",200,50,50,"Ec",32,1,1,1,1,1,1
"11991","1250","Ec_N",200,51,51,"Ec",32,1,1,1,1,1,1
"11992","1250","Ec_N",200,52,52,"Ec",32,1,1,1,1,1,1
"11993","1250","Ec_N",200,53,53,"Ec",32,1,1,1,1,1,1
"11994","1250","Ec_N",200,54,54,"Ec",32,1,1,1,1,1,1
"11995","1250","Ec_N",200,55,55,"Ec",32,1,1,1,1,1,1
"11996","1250","Ec_N",200,56,56,"Ec",32,1,1,1,1,1,1
"11997","1250","Ec_N",200,57,57,"Ec",32,1,1,1,1,1,1
"11998","1250","Ec_N",200,58,58,"Ec",32,1,1,1,1,1,1
"11999","1250","Ec_N",200,59,59,"Ec",32,1,1,1,1,1,1
"12000","1250","Ec_N",200,60,60,"Ec",32,1,1,1,1,1,1
"12001","1250","Ec_N",201,1,1,"Ec",1,0,0,0,0,0,0
"12002","1250","Ec_N",201,2,2,"Ec",1,0,0,0,0,0,0
"12003","1250","Ec_N",201,3,3,"Ec",1,0,0,0,0,0,0
"12004","1250","Ec_N",201,4,4,"Ec",1,0,0,0,0,0,0
"12005","1250","Ec_N",201,5,5,"Ec",1,0,0,0,0,0,0
"12006","1250","Ec_N",201,6,6,"Ec",1,0,0,0,0,0,0
"12007","1250","Ec_N",201,7,7,"Ec",1,0,0,0,0,0,0
"12008","1250","Ec_N",201,8,8,"Ec",1,0,0,0,0,0,0
"12009","1250","Ec_N",201,9,9,"Ec",1,0,0,0,0,0,0
"12010","1250","Ec_N",201,10,10,"Ec",17,0,0,0,0,1,0.14692246949649
"12011","1250","Ec_N",201,11,11,"Ec",17,0,0,0,0,1,0.14692246949649
"12012","1250","Ec_N",201,12,12,"Ec",17,0,0,0,0,1,0.14692246949649
"12013","1250","Ec_N",201,13,13,"Ec",17,0,0,0,0,1,0.14692246949649
"12014","1250","Ec_N",201,14,14,"Ec",17,0,0,0,0,1,0.14692246949649
"12015","1250","Ec_N",201,15,15,"Ec",17,0,0,0,0,1,0.14692246949649
"12016","1250","Ec_N",201,16,16,"Ec",17,0,0,0,0,1,0.14692246949649
"12017","1250","Ec_N",201,17,17,"Ec",17,0,0,0,0,1,0.14692246949649
"12018","1250","Ec_N",201,18,18,"Ec",17,0,0,0,0,1,0.14692246949649
"12019","1250","Ec_N",201,19,19,"Ec",17,0,0,0,0,1,0.14692246949649
"12020","1250","Ec_N",201,20,20,"Ec",17,0,0,0,0,1,0.14692246949649
"12021","1250","Ec_N",201,21,21,"Ec",17,0,0,0,0,1,0.14692246949649
"12022","1250","Ec_N",201,22,22,"Ec",19,0,1,0,0,1,0.179678659430889
"12023","1250","Ec_N",201,23,23,"Ec",19,0,1,0,0,1,0.179678659430889
"12024","1250","Ec_N",201,24,24,"Ec",19,0,1,0,0,1,0.179678659430889
"12025","1250","Ec_N",201,25,25,"Ec",19,0,1,0,0,1,0.179678659430889
"12026","1250","Ec_N",201,26,26,"Ec",19,0,1,0,0,1,0.179678659430889
"12027","1250","Ec_N",201,27,27,"Ec",23,0,1,1,0,1,0.511241695498657
"12028","1250","Ec_N",201,28,28,"Ec",23,0,1,1,0,1,0.511241695498657
"12029","1250","Ec_N",201,29,29,"Ec",23,0,1,1,0,1,0.511241695498657
"12030","1250","Ec_N",201,30,30,"Ec",23,0,1,1,0,1,0.511241695498657
"12031","1250","Ec_N",201,31,31,"Ec",23,0,1,1,0,1,0.511241695498657
"12032","1250","Ec_N",201,32,32,"Ec",23,0,1,1,0,1,0.511241695498657
"12033","1250","Ec_N",201,33,33,"Ec",23,0,1,1,0,1,0.511241695498657
"12034","1250","Ec_N",201,34,34,"Ec",23,0,1,1,0,1,0.511241695498657
"12035","1250","Ec_N",201,35,35,"Ec",23,0,1,1,0,1,0.511241695498657
"12036","1250","Ec_N",201,36,36,"Ec",23,0,1,1,0,1,0.511241695498657
"12037","1250","Ec_N",201,37,37,"Ec",23,0,1,1,0,1,0.511241695498657
"12038","1250","Ec_N",201,38,38,"Ec",23,0,1,1,0,1,0.511241695498657
"12039","1250","Ec_N",201,39,39,"Ec",23,0,1,1,0,1,0.511241695498657
"12040","1250","Ec_N",201,40,40,"Ec",23,0,1,1,0,1,0.511241695498657
"12041","1250","Ec_N",201,41,41,"Ec",23,0,1,1,0,1,0.511241695498657
"12042","1250","Ec_N",201,42,42,"Ec",23,0,1,1,0,1,0.511241695498657
"12043","1250","Ec_N",201,43,43,"Ec",23,0,1,1,0,1,0.511241695498657
"12044","1250","Ec_N",201,44,44,"Ec",23,0,1,1,0,1,0.511241695498657
"12045","1250","Ec_N",201,45,45,"Ec",23,0,1,1,0,1,0.511241695498657
"12046","1250","Ec_N",201,46,46,"Ec",23,0,1,1,0,1,0.511241695498657
"12047","1250","Ec_N",201,47,47,"Ec",23,0,1,1,0,1,0.511241695498657
"12048","1250","Ec_N",201,48,48,"Ec",23,0,1,1,0,1,0.511241695498657
"12049","1250","Ec_N",201,49,49,"Ec",23,0,1,1,0,1,0.511241695498657
"12050","1250","Ec_N",201,50,50,"Ec",23,0,1,1,0,1,0.511241695498657
"12051","1250","Ec_N",201,51,51,"Ec",23,0,1,1,0,1,0.511241695498657
"12052","1250","Ec_N",201,52,52,"Ec",23,0,1,1,0,1,0.511241695498657
"12053","1250","Ec_N",201,53,53,"Ec",23,0,1,1,0,1,0.511241695498657
"12054","1250","Ec_N",201,54,54,"Ec",31,0,1,1,1,1,0.778987345540232
"12055","1250","Ec_N",201,55,55,"Ec",31,0,1,1,1,1,0.778987345540232
"12056","1250","Ec_N",201,56,56,"Ec",31,0,1,1,1,1,0.778987345540232
"12057","1250","Ec_N",201,57,57,"Ec",31,0,1,1,1,1,0.778987345540232
"12058","1250","Ec_N",201,58,58,"Ec",31,0,1,1,1,1,0.778987345540232
"12059","1250","Ec_N",201,59,59,"Ec",31,0,1,1,1,1,0.778987345540232
"12060","1250","Ec_N",201,60,60,"Ec",31,0,1,1,1,1,0.778987345540232
"12061","1250","Ec_N",202,1,1,"Ec",1,0,0,0,0,0,0
"12062","1250","Ec_N",202,2,2,"Ec",1,0,0,0,0,0,0
"12063","1250","Ec_N",202,3,3,"Ec",1,0,0,0,0,0,0
"12064","1250","Ec_N",202,4,4,"Ec",1,0,0,0,0,0,0
"12065","1250","Ec_N",202,5,5,"Ec",1,0,0,0,0,0,0
"12066","1250","Ec_N",202,6,6,"Ec",1,0,0,0,0,0,0
"12067","1250","Ec_N",202,7,7,"Ec",1,0,0,0,0,0,0
"12068","1250","Ec_N",202,8,8,"Ec",1,0,0,0,0,0,0
"12069","1250","Ec_N",202,9,9,"Ec",1,0,0,0,0,0,0
"12070","1250","Ec_N",202,10,10,"Ec",1,0,0,0,0,0,0
"12071","1250","Ec_N",202,11,11,"Ec",1,0,0,0,0,0,0
"12072","1250","Ec_N",202,12,12,"Ec",1,0,0,0,0,0,0
"12073","1250","Ec_N",202,13,13,"Ec",5,0,0,1,0,0,0.232063491762724
"12074","1250","Ec_N",202,14,14,"Ec",5,0,0,1,0,0,0.232063491762724
"12075","1250","Ec_N",202,15,15,"Ec",5,0,0,1,0,0,0.232063491762724
"12076","1250","Ec_N",202,16,16,"Ec",5,0,0,1,0,0,0.232063491762724
"12077","1250","Ec_N",202,17,17,"Ec",5,0,0,1,0,0,0.232063491762724
"12078","1250","Ec_N",202,18,18,"Ec",6,1,0,1,0,0,0.453076146222492
"12079","1250","Ec_N",202,19,19,"Ec",6,1,0,1,0,0,0.453076146222492
"12080","1250","Ec_N",202,20,20,"Ec",14,1,0,1,1,0,0.720821796264067
"12081","1250","Ec_N",202,21,21,"Ec",14,1,0,1,1,0,0.720821796264067
"12082","1250","Ec_N",202,22,22,"Ec",14,1,0,1,1,0,0.720821796264067
"12083","1250","Ec_N",202,23,23,"Ec",14,1,0,1,1,0,0.720821796264067
"12084","1250","Ec_N",202,24,24,"Ec",14,1,0,1,1,0,0.720821796264067
"12085","1250","Ec_N",202,25,25,"Ec",30,1,0,1,1,1,0.981696467924213
"12086","1250","Ec_N",202,26,26,"Ec",30,1,0,1,1,1,0.981696467924213
"12087","1250","Ec_N",202,27,27,"Ec",30,1,0,1,1,1,0.981696467924213
"12088","1250","Ec_N",202,28,28,"Ec",30,1,0,1,1,1,0.981696467924213
"12089","1250","Ec_N",202,29,29,"Ec",30,1,0,1,1,1,0.981696467924213
"12090","1250","Ec_N",202,30,30,"Ec",30,1,0,1,1,1,0.981696467924213
"12091","1250","Ec_N",202,31,31,"Ec",30,1,0,1,1,1,0.981696467924213
"12092","1250","Ec_N",202,32,32,"Ec",30,1,0,1,1,1,0.981696467924213
"12093","1250","Ec_N",202,33,33,"Ec",30,1,0,1,1,1,0.981696467924213
"12094","1250","Ec_N",202,34,34,"Ec",30,1,0,1,1,1,0.981696467924213
"12095","1250","Ec_N",202,35,35,"Ec",30,1,0,1,1,1,0.981696467924213
"12096","1250","Ec_N",202,36,36,"Ec",30,1,0,1,1,1,0.981696467924213
"12097","1250","Ec_N",202,37,37,"Ec",30,1,0,1,1,1,0.981696467924213
"12098","1250","Ec_N",202,38,38,"Ec",30,1,0,1,1,1,0.981696467924213
"12099","1250","Ec_N",202,39,39,"Ec",30,1,0,1,1,1,0.981696467924213
"12100","1250","Ec_N",202,40,40,"Ec",30,1,0,1,1,1,0.981696467924213
"12101","1250","Ec_N",202,41,41,"Ec",30,1,0,1,1,1,0.981696467924213
"12102","1250","Ec_N",202,42,42,"Ec",30,1,0,1,1,1,0.981696467924213
"12103","1250","Ec_N",202,43,43,"Ec",30,1,0,1,1,1,0.981696467924213
"12104","1250","Ec_N",202,44,44,"Ec",30,1,0,1,1,1,0.981696467924213
"12105","1250","Ec_N",202,45,45,"Ec",30,1,0,1,1,1,0.981696467924213
"12106","1250","Ec_N",202,46,46,"Ec",30,1,0,1,1,1,0.981696467924213
"12107","1250","Ec_N",202,47,47,"Ec",30,1,0,1,1,1,0.981696467924213
"12108","1250","Ec_N",202,48,48,"Ec",30,1,0,1,1,1,0.981696467924213
"12109","1250","Ec_N",202,49,49,"Ec",30,1,0,1,1,1,0.981696467924213
"12110","1250","Ec_N",202,50,50,"Ec",30,1,0,1,1,1,0.981696467924213
"12111","1250","Ec_N",202,51,51,"Ec",30,1,0,1,1,1,0.981696467924213
"12112","1250","Ec_N",202,52,52,"Ec",30,1,0,1,1,1,0.981696467924213
"12113","1250","Ec_N",202,53,53,"Ec",30,1,0,1,1,1,0.981696467924213
"12114","1250","Ec_N",202,54,54,"Ec",32,1,1,1,1,1,1
"12115","1250","Ec_N",202,55,55,"Ec",32,1,1,1,1,1,1
"12116","1250","Ec_N",202,56,56,"Ec",32,1,1,1,1,1,1
"12117","1250","Ec_N",202,57,57,"Ec",32,1,1,1,1,1,1
"12118","1250","Ec_N",202,58,58,"Ec",32,1,1,1,1,1,1
"12119","1250","Ec_N",202,59,59,"Ec",32,1,1,1,1,1,1
"12120","1250","Ec_N",202,60,60,"Ec",32,1,1,1,1,1,1
"12121","1250","Ec_N",203,1,1,"Ec",1,0,0,0,0,0,0
"12122","1250","Ec_N",203,2,2,"Ec",1,0,0,0,0,0,0
"12123","1250","Ec_N",203,3,3,"Ec",1,0,0,0,0,0,0
"12124","1250","Ec_N",203,4,4,"Ec",1,0,0,0,0,0,0
"12125","1250","Ec_N",203,5,5,"Ec",1,0,0,0,0,0,0
"12126","1250","Ec_N",203,6,6,"Ec",1,0,0,0,0,0,0
"12127","1250","Ec_N",203,7,7,"Ec",3,0,1,0,0,0,0.082650579415114
"12128","1250","Ec_N",203,8,8,"Ec",3,0,1,0,0,0,0.082650579415114
"12129","1250","Ec_N",203,9,9,"Ec",3,0,1,0,0,0,0.082650579415114
"12130","1250","Ec_N",203,10,10,"Ec",4,1,1,0,0,0,0.303663233874882
"12131","1250","Ec_N",203,11,11,"Ec",4,1,1,0,0,0,0.303663233874882
"12132","1250","Ec_N",203,12,12,"Ec",4,1,1,0,0,0,0.303663233874882
"12133","1250","Ec_N",203,13,13,"Ec",4,1,1,0,0,0,0.303663233874882
"12134","1250","Ec_N",203,14,14,"Ec",4,1,1,0,0,0,0.303663233874882
"12135","1250","Ec_N",203,15,15,"Ec",4,1,1,0,0,0,0.303663233874882
"12136","1250","Ec_N",203,16,16,"Ec",4,1,1,0,0,0,0.303663233874882
"12137","1250","Ec_N",203,17,17,"Ec",4,1,1,0,0,0,0.303663233874882
"12138","1250","Ec_N",203,18,18,"Ec",4,1,1,0,0,0,0.303663233874882
"12139","1250","Ec_N",203,19,19,"Ec",4,1,1,0,0,0,0.303663233874882
"12140","1250","Ec_N",203,20,20,"Ec",4,1,1,0,0,0,0.303663233874882
"12141","1250","Ec_N",203,21,21,"Ec",4,1,1,0,0,0,0.303663233874882
"12142","1250","Ec_N",203,22,22,"Ec",4,1,1,0,0,0,0.303663233874882
"12143","1250","Ec_N",203,23,23,"Ec",4,1,1,0,0,0,0.303663233874882
"12144","1250","Ec_N",203,24,24,"Ec",4,1,1,0,0,0,0.303663233874882
"12145","1250","Ec_N",203,25,25,"Ec",4,1,1,0,0,0,0.303663233874882
"12146","1250","Ec_N",203,26,26,"Ec",4,1,1,0,0,0,0.303663233874882
"12147","1250","Ec_N",203,27,27,"Ec",4,1,1,0,0,0,0.303663233874882
"12148","1250","Ec_N",203,28,28,"Ec",4,1,1,0,0,0,0.303663233874882
"12149","1250","Ec_N",203,29,29,"Ec",4,1,1,0,0,0,0.303663233874882
"12150","1250","Ec_N",203,30,30,"Ec",4,1,1,0,0,0,0.303663233874882
"12151","1250","Ec_N",203,31,31,"Ec",20,1,1,0,0,1,0.500190858195701
"12152","1250","Ec_N",203,32,32,"Ec",20,1,1,0,0,1,0.500190858195701
"12153","1250","Ec_N",203,33,33,"Ec",20,1,1,0,0,1,0.500190858195701
"12154","1250","Ec_N",203,34,34,"Ec",28,1,1,0,1,1,0.770762719311211
"12155","1250","Ec_N",203,35,35,"Ec",28,1,1,0,1,1,0.770762719311211
"12156","1250","Ec_N",203,36,36,"Ec",28,1,1,0,1,1,0.770762719311211
"12157","1250","Ec_N",203,37,37,"Ec",28,1,1,0,1,1,0.770762719311211
"12158","1250","Ec_N",203,38,38,"Ec",28,1,1,0,1,1,0.770762719311211
"12159","1250","Ec_N",203,39,39,"Ec",28,1,1,0,1,1,0.770762719311211
"12160","1250","Ec_N",203,40,40,"Ec",28,1,1,0,1,1,0.770762719311211
"12161","1250","Ec_N",203,41,41,"Ec",28,1,1,0,1,1,0.770762719311211
"12162","1250","Ec_N",203,42,42,"Ec",28,1,1,0,1,1,0.770762719311211
"12163","1250","Ec_N",203,43,43,"Ec",28,1,1,0,1,1,0.770762719311211
"12164","1250","Ec_N",203,44,44,"Ec",28,1,1,0,1,1,0.770762719311211
"12165","1250","Ec_N",203,45,45,"Ec",28,1,1,0,1,1,0.770762719311211
"12166","1250","Ec_N",203,46,46,"Ec",28,1,1,0,1,1,0.770762719311211
"12167","1250","Ec_N",203,47,47,"Ec",28,1,1,0,1,1,0.770762719311211
"12168","1250","Ec_N",203,48,48,"Ec",28,1,1,0,1,1,0.770762719311211
"12169","1250","Ec_N",203,49,49,"Ec",28,1,1,0,1,1,0.770762719311211
"12170","1250","Ec_N",203,50,50,"Ec",28,1,1,0,1,1,0.770762719311211
"12171","1250","Ec_N",203,51,51,"Ec",28,1,1,0,1,1,0.770762719311211
"12172","1250","Ec_N",203,52,52,"Ec",28,1,1,0,1,1,0.770762719311211
"12173","1250","Ec_N",203,53,53,"Ec",28,1,1,0,1,1,0.770762719311211
"12174","1250","Ec_N",203,54,54,"Ec",28,1,1,0,1,1,0.770762719311211
"12175","1250","Ec_N",203,55,55,"Ec",28,1,1,0,1,1,0.770762719311211
"12176","1250","Ec_N",203,56,56,"Ec",28,1,1,0,1,1,0.770762719311211
"12177","1250","Ec_N",203,57,57,"Ec",28,1,1,0,1,1,0.770762719311211
"12178","1250","Ec_N",203,58,58,"Ec",28,1,1,0,1,1,0.770762719311211
"12179","1250","Ec_N",203,59,59,"Ec",28,1,1,0,1,1,0.770762719311211
"12180","1250","Ec_N",203,60,60,"Ec",28,1,1,0,1,1,0.770762719311211
"12181","1250","Ec_N",204,1,1,"Ec",1,0,0,0,0,0,0
"12182","1250","Ec_N",204,2,2,"Ec",1,0,0,0,0,0,0
"12183","1250","Ec_N",204,3,3,"Ec",1,0,0,0,0,0,0
"12184","1250","Ec_N",204,4,4,"Ec",9,0,0,0,1,0,0.267745650041575
"12185","1250","Ec_N",204,5,5,"Ec",9,0,0,0,1,0,0.267745650041575
"12186","1250","Ec_N",204,6,6,"Ec",9,0,0,0,1,0,0.267745650041575
"12187","1250","Ec_N",204,7,7,"Ec",13,0,0,1,1,0,0.499809141804299
"12188","1250","Ec_N",204,8,8,"Ec",13,0,0,1,1,0,0.499809141804299
"12189","1250","Ec_N",204,9,9,"Ec",13,0,0,1,1,0,0.499809141804299
"12190","1250","Ec_N",204,10,10,"Ec",13,0,0,1,1,0,0.499809141804299
"12191","1250","Ec_N",204,11,11,"Ec",14,1,0,1,1,0,0.720821796264067
"12192","1250","Ec_N",204,12,12,"Ec",14,1,0,1,1,0,0.720821796264067
"12193","1250","Ec_N",204,13,13,"Ec",14,1,0,1,1,0,0.720821796264067
"12194","1250","Ec_N",204,14,14,"Ec",14,1,0,1,1,0,0.720821796264067
"12195","1250","Ec_N",204,15,15,"Ec",14,1,0,1,1,0,0.720821796264067
"12196","1250","Ec_N",204,16,16,"Ec",14,1,0,1,1,0,0.720821796264067
"12197","1250","Ec_N",204,17,17,"Ec",14,1,0,1,1,0,0.720821796264067
"12198","1250","Ec_N",204,18,18,"Ec",14,1,0,1,1,0,0.720821796264067
"12199","1250","Ec_N",204,19,19,"Ec",14,1,0,1,1,0,0.720821796264067
"12200","1250","Ec_N",204,20,20,"Ec",14,1,0,1,1,0,0.720821796264067
"12201","1250","Ec_N",204,21,21,"Ec",14,1,0,1,1,0,0.720821796264067
"12202","1250","Ec_N",204,22,22,"Ec",14,1,0,1,1,0,0.720821796264067
"12203","1250","Ec_N",204,23,23,"Ec",14,1,0,1,1,0,0.720821796264067
"12204","1250","Ec_N",204,24,24,"Ec",14,1,0,1,1,0,0.720821796264067
"12205","1250","Ec_N",204,25,25,"Ec",14,1,0,1,1,0,0.720821796264067
"12206","1250","Ec_N",204,26,26,"Ec",14,1,0,1,1,0,0.720821796264067
"12207","1250","Ec_N",204,27,27,"Ec",14,1,0,1,1,0,0.720821796264067
"12208","1250","Ec_N",204,28,28,"Ec",16,1,1,1,1,0,0.879284144928883
"12209","1250","Ec_N",204,29,29,"Ec",16,1,1,1,1,0,0.879284144928883
"12210","1250","Ec_N",204,30,30,"Ec",16,1,1,1,1,0,0.879284144928883
"12211","1250","Ec_N",204,31,31,"Ec",16,1,1,1,1,0,0.879284144928883
"12212","1250","Ec_N",204,32,32,"Ec",16,1,1,1,1,0,0.879284144928883
"12213","1250","Ec_N",204,33,33,"Ec",16,1,1,1,1,0,0.879284144928883
"12214","1250","Ec_N",204,34,34,"Ec",32,1,1,1,1,1,1
"12215","1250","Ec_N",204,35,35,"Ec",32,1,1,1,1,1,1
"12216","1250","Ec_N",204,36,36,"Ec",32,1,1,1,1,1,1
"12217","1250","Ec_N",204,37,37,"Ec",32,1,1,1,1,1,1
"12218","1250","Ec_N",204,38,38,"Ec",32,1,1,1,1,1,1
"12219","1250","Ec_N",204,39,39,"Ec",32,1,1,1,1,1,1
"12220","1250","Ec_N",204,40,40,"Ec",32,1,1,1,1,1,1
"12221","1250","Ec_N",204,41,41,"Ec",32,1,1,1,1,1,1
"12222","1250","Ec_N",204,42,42,"Ec",32,1,1,1,1,1,1
"12223","1250","Ec_N",204,43,43,"Ec",32,1,1,1,1,1,1
"12224","1250","Ec_N",204,44,44,"Ec",32,1,1,1,1,1,1
"12225","1250","Ec_N",204,45,45,"Ec",32,1,1,1,1,1,1
"12226","1250","Ec_N",204,46,46,"Ec",32,1,1,1,1,1,1
"12227","1250","Ec_N",204,47,47,"Ec",32,1,1,1,1,1,1
"12228","1250","Ec_N",204,48,48,"Ec",32,1,1,1,1,1,1
"12229","1250","Ec_N",204,49,49,"Ec",32,1,1,1,1,1,1
"12230","1250","Ec_N",204,50,50,"Ec",32,1,1,1,1,1,1
"12231","1250","Ec_N",204,51,51,"Ec",32,1,1,1,1,1,1
"12232","1250","Ec_N",204,52,52,"Ec",32,1,1,1,1,1,1
"12233","1250","Ec_N",204,53,53,"Ec",32,1,1,1,1,1,1
"12234","1250","Ec_N",204,54,54,"Ec",32,1,1,1,1,1,1
"12235","1250","Ec_N",204,55,55,"Ec",32,1,1,1,1,1,1
"12236","1250","Ec_N",204,56,56,"Ec",32,1,1,1,1,1,1
"12237","1250","Ec_N",204,57,57,"Ec",32,1,1,1,1,1,1
"12238","1250","Ec_N",204,58,58,"Ec",32,1,1,1,1,1,1
"12239","1250","Ec_N",204,59,59,"Ec",32,1,1,1,1,1,1
"12240","1250","Ec_N",204,60,60,"Ec",32,1,1,1,1,1,1
"12241","1250","Ec_N",205,1,1,"Ec",1,0,0,0,0,0,0
"12242","1250","Ec_N",205,2,2,"Ec",1,0,0,0,0,0,0
"12243","1250","Ec_N",205,3,3,"Ec",2,1,0,0,0,0,0.221012654459768
"12244","1250","Ec_N",205,4,4,"Ec",2,1,0,0,0,0,0.221012654459768
"12245","1250","Ec_N",205,5,5,"Ec",2,1,0,0,0,0,0.221012654459768
"12246","1250","Ec_N",205,6,6,"Ec",2,1,0,0,0,0,0.221012654459768
"12247","1250","Ec_N",205,7,7,"Ec",2,1,0,0,0,0,0.221012654459768
"12248","1250","Ec_N",205,8,8,"Ec",2,1,0,0,0,0,0.221012654459768
"12249","1250","Ec_N",205,9,9,"Ec",2,1,0,0,0,0,0.221012654459768
"12250","1250","Ec_N",205,10,10,"Ec",2,1,0,0,0,0,0.221012654459768
"12251","1250","Ec_N",205,11,11,"Ec",2,1,0,0,0,0,0.221012654459768
"12252","1250","Ec_N",205,12,12,"Ec",2,1,0,0,0,0,0.221012654459768
"12253","1250","Ec_N",205,13,13,"Ec",2,1,0,0,0,0,0.221012654459768
"12254","1250","Ec_N",205,14,14,"Ec",6,1,0,1,0,0,0.453076146222492
"12255","1250","Ec_N",205,15,15,"Ec",6,1,0,1,0,0,0.453076146222492
"12256","1250","Ec_N",205,16,16,"Ec",6,1,0,1,0,0,0.453076146222492
"12257","1250","Ec_N",205,17,17,"Ec",6,1,0,1,0,0,0.453076146222492
"12258","1250","Ec_N",205,18,18,"Ec",6,1,0,1,0,0,0.453076146222492
"12259","1250","Ec_N",205,19,19,"Ec",6,1,0,1,0,0,0.453076146222492
"12260","1250","Ec_N",205,20,20,"Ec",6,1,0,1,0,0,0.453076146222492
"12261","1250","Ec_N",205,21,21,"Ec",6,1,0,1,0,0,0.453076146222492
"12262","1250","Ec_N",205,22,22,"Ec",6,1,0,1,0,0,0.453076146222492
"12263","1250","Ec_N",205,23,23,"Ec",6,1,0,1,0,0,0.453076146222492
"12264","1250","Ec_N",205,24,24,"Ec",6,1,0,1,0,0,0.453076146222492
"12265","1250","Ec_N",205,25,25,"Ec",6,1,0,1,0,0,0.453076146222492
"12266","1250","Ec_N",205,26,26,"Ec",6,1,0,1,0,0,0.453076146222492
"12267","1250","Ec_N",205,27,27,"Ec",6,1,0,1,0,0,0.453076146222492
"12268","1250","Ec_N",205,28,28,"Ec",6,1,0,1,0,0,0.453076146222492
"12269","1250","Ec_N",205,29,29,"Ec",6,1,0,1,0,0,0.453076146222492
"12270","1250","Ec_N",205,30,30,"Ec",6,1,0,1,0,0,0.453076146222492
"12271","1250","Ec_N",205,31,31,"Ec",6,1,0,1,0,0,0.453076146222492
"12272","1250","Ec_N",205,32,32,"Ec",6,1,0,1,0,0,0.453076146222492
"12273","1250","Ec_N",205,33,33,"Ec",6,1,0,1,0,0,0.453076146222492
"12274","1250","Ec_N",205,34,34,"Ec",6,1,0,1,0,0,0.453076146222492
"12275","1250","Ec_N",205,35,35,"Ec",6,1,0,1,0,0,0.453076146222492
"12276","1250","Ec_N",205,36,36,"Ec",6,1,0,1,0,0,0.453076146222492
"12277","1250","Ec_N",205,37,37,"Ec",6,1,0,1,0,0,0.453076146222492
"12278","1250","Ec_N",205,38,38,"Ec",6,1,0,1,0,0,0.453076146222492
"12279","1250","Ec_N",205,39,39,"Ec",6,1,0,1,0,0,0.453076146222492
"12280","1250","Ec_N",205,40,40,"Ec",6,1,0,1,0,0,0.453076146222492
"12281","1250","Ec_N",205,41,41,"Ec",6,1,0,1,0,0,0.453076146222492
"12282","1250","Ec_N",205,42,42,"Ec",6,1,0,1,0,0,0.453076146222492
"12283","1250","Ec_N",205,43,43,"Ec",6,1,0,1,0,0,0.453076146222492
"12284","1250","Ec_N",205,44,44,"Ec",6,1,0,1,0,0,0.453076146222492
"12285","1250","Ec_N",205,45,45,"Ec",14,1,0,1,1,0,0.720821796264067
"12286","1250","Ec_N",205,46,46,"Ec",14,1,0,1,1,0,0.720821796264067
"12287","1250","Ec_N",205,47,47,"Ec",14,1,0,1,1,0,0.720821796264067
"12288","1250","Ec_N",205,48,48,"Ec",14,1,0,1,1,0,0.720821796264067
"12289","1250","Ec_N",205,49,49,"Ec",14,1,0,1,1,0,0.720821796264067
"12290","1250","Ec_N",205,50,50,"Ec",14,1,0,1,1,0,0.720821796264067
"12291","1250","Ec_N",205,51,51,"Ec",16,1,1,1,1,0,0.879284144928883
"12292","1250","Ec_N",205,52,52,"Ec",16,1,1,1,1,0,0.879284144928883
"12293","1250","Ec_N",205,53,53,"Ec",16,1,1,1,1,0,0.879284144928883
"12294","1250","Ec_N",205,54,54,"Ec",16,1,1,1,1,0,0.879284144928883
"12295","1250","Ec_N",205,55,55,"Ec",16,1,1,1,1,0,0.879284144928883
"12296","1250","Ec_N",205,56,56,"Ec",16,1,1,1,1,0,0.879284144928883
"12297","1250","Ec_N",205,57,57,"Ec",16,1,1,1,1,0,0.879284144928883
"12298","1250","Ec_N",205,58,58,"Ec",16,1,1,1,1,0,0.879284144928883
"12299","1250","Ec_N",205,59,59,"Ec",16,1,1,1,1,0,0.879284144928883
"12300","1250","Ec_N",205,60,60,"Ec",16,1,1,1,1,0,0.879284144928883
"12301","1250","Ec_N",206,1,1,"Ec",1,0,0,0,0,0,0
"12302","1250","Ec_N",206,2,2,"Ec",1,0,0,0,0,0,0
"12303","1250","Ec_N",206,3,3,"Ec",5,0,0,1,0,0,0.232063491762724
"12304","1250","Ec_N",206,4,4,"Ec",5,0,0,1,0,0,0.232063491762724
"12305","1250","Ec_N",206,5,5,"Ec",5,0,0,1,0,0,0.232063491762724
"12306","1250","Ec_N",206,6,6,"Ec",6,1,0,1,0,0,0.453076146222492
"12307","1250","Ec_N",206,7,7,"Ec",6,1,0,1,0,0,0.453076146222492
"12308","1250","Ec_N",206,8,8,"Ec",6,1,0,1,0,0,0.453076146222492
"12309","1250","Ec_N",206,9,9,"Ec",6,1,0,1,0,0,0.453076146222492
"12310","1250","Ec_N",206,10,10,"Ec",22,1,0,1,0,1,0.649603770543311
"12311","1250","Ec_N",206,11,11,"Ec",22,1,0,1,0,1,0.649603770543311
"12312","1250","Ec_N",206,12,12,"Ec",22,1,0,1,0,1,0.649603770543311
"12313","1250","Ec_N",206,13,13,"Ec",30,1,0,1,1,1,0.981696467924213
"12314","1250","Ec_N",206,14,14,"Ec",30,1,0,1,1,1,0.981696467924213
"12315","1250","Ec_N",206,15,15,"Ec",30,1,0,1,1,1,0.981696467924213
"12316","1250","Ec_N",206,16,16,"Ec",30,1,0,1,1,1,0.981696467924213
"12317","1250","Ec_N",206,17,17,"Ec",30,1,0,1,1,1,0.981696467924213
"12318","1250","Ec_N",206,18,18,"Ec",30,1,0,1,1,1,0.981696467924213
"12319","1250","Ec_N",206,19,19,"Ec",30,1,0,1,1,1,0.981696467924213
"12320","1250","Ec_N",206,20,20,"Ec",30,1,0,1,1,1,0.981696467924213
"12321","1250","Ec_N",206,21,21,"Ec",30,1,0,1,1,1,0.981696467924213
"12322","1250","Ec_N",206,22,22,"Ec",30,1,0,1,1,1,0.981696467924213
"12323","1250","Ec_N",206,23,23,"Ec",30,1,0,1,1,1,0.981696467924213
"12324","1250","Ec_N",206,24,24,"Ec",32,1,1,1,1,1,1
"12325","1250","Ec_N",206,25,25,"Ec",32,1,1,1,1,1,1
"12326","1250","Ec_N",206,26,26,"Ec",32,1,1,1,1,1,1
"12327","1250","Ec_N",206,27,27,"Ec",32,1,1,1,1,1,1
"12328","1250","Ec_N",206,28,28,"Ec",32,1,1,1,1,1,1
"12329","1250","Ec_N",206,29,29,"Ec",32,1,1,1,1,1,1
"12330","1250","Ec_N",206,30,30,"Ec",32,1,1,1,1,1,1
"12331","1250","Ec_N",206,31,31,"Ec",32,1,1,1,1,1,1
"12332","1250","Ec_N",206,32,32,"Ec",32,1,1,1,1,1,1
"12333","1250","Ec_N",206,33,33,"Ec",32,1,1,1,1,1,1
"12334","1250","Ec_N",206,34,34,"Ec",32,1,1,1,1,1,1
"12335","1250","Ec_N",206,35,35,"Ec",32,1,1,1,1,1,1
"12336","1250","Ec_N",206,36,36,"Ec",32,1,1,1,1,1,1
"12337","1250","Ec_N",206,37,37,"Ec",32,1,1,1,1,1,1
"12338","1250","Ec_N",206,38,38,"Ec",32,1,1,1,1,1,1
"12339","1250","Ec_N",206,39,39,"Ec",32,1,1,1,1,1,1
"12340","1250","Ec_N",206,40,40,"Ec",32,1,1,1,1,1,1
"12341","1250","Ec_N",206,41,41,"Ec",32,1,1,1,1,1,1
"12342","1250","Ec_N",206,42,42,"Ec",32,1,1,1,1,1,1
"12343","1250","Ec_N",206,43,43,"Ec",32,1,1,1,1,1,1
"12344","1250","Ec_N",206,44,44,"Ec",32,1,1,1,1,1,1
"12345","1250","Ec_N",206,45,45,"Ec",32,1,1,1,1,1,1
"12346","1250","Ec_N",206,46,46,"Ec",32,1,1,1,1,1,1
"12347","1250","Ec_N",206,47,47,"Ec",32,1,1,1,1,1,1
"12348","1250","Ec_N",206,48,48,"Ec",32,1,1,1,1,1,1
"12349","1250","Ec_N",206,49,49,"Ec",32,1,1,1,1,1,1
"12350","1250","Ec_N",206,50,50,"Ec",32,1,1,1,1,1,1
"12351","1250","Ec_N",206,51,51,"Ec",32,1,1,1,1,1,1
"12352","1250","Ec_N",206,52,52,"Ec",32,1,1,1,1,1,1
"12353","1250","Ec_N",206,53,53,"Ec",32,1,1,1,1,1,1
"12354","1250","Ec_N",206,54,54,"Ec",32,1,1,1,1,1,1
"12355","1250","Ec_N",206,55,55,"Ec",32,1,1,1,1,1,1
"12356","1250","Ec_N",206,56,56,"Ec",32,1,1,1,1,1,1
"12357","1250","Ec_N",206,57,57,"Ec",32,1,1,1,1,1,1
"12358","1250","Ec_N",206,58,58,"Ec",32,1,1,1,1,1,1
"12359","1250","Ec_N",206,59,59,"Ec",32,1,1,1,1,1,1
"12360","1250","Ec_N",206,60,60,"Ec",32,1,1,1,1,1,1
"12361","1250","Ec_N",207,1,1,"Ec",1,0,0,0,0,0,0
"12362","1250","Ec_N",207,2,2,"Ec",1,0,0,0,0,0,0
"12363","1250","Ec_N",207,3,3,"Ec",1,0,0,0,0,0,0
"12364","1250","Ec_N",207,4,4,"Ec",1,0,0,0,0,0,0
"12365","1250","Ec_N",207,5,5,"Ec",1,0,0,0,0,0,0
"12366","1250","Ec_N",207,6,6,"Ec",1,0,0,0,0,0,0
"12367","1250","Ec_N",207,7,7,"Ec",1,0,0,0,0,0,0
"12368","1250","Ec_N",207,8,8,"Ec",1,0,0,0,0,0,0
"12369","1250","Ec_N",207,9,9,"Ec",1,0,0,0,0,0,0
"12370","1250","Ec_N",207,10,10,"Ec",1,0,0,0,0,0,0
"12371","1250","Ec_N",207,11,11,"Ec",1,0,0,0,0,0,0
"12372","1250","Ec_N",207,12,12,"Ec",5,0,0,1,0,0,0.232063491762724
"12373","1250","Ec_N",207,13,13,"Ec",5,0,0,1,0,0,0.232063491762724
"12374","1250","Ec_N",207,14,14,"Ec",7,0,1,1,0,0,0.314714071177838
"12375","1250","Ec_N",207,15,15,"Ec",7,0,1,1,0,0,0.314714071177838
"12376","1250","Ec_N",207,16,16,"Ec",15,0,1,1,1,0,0.582459721219413
"12377","1250","Ec_N",207,17,17,"Ec",15,0,1,1,1,0,0.582459721219413
"12378","1250","Ec_N",207,18,18,"Ec",15,0,1,1,1,0,0.582459721219413
"12379","1250","Ec_N",207,19,19,"Ec",15,0,1,1,1,0,0.582459721219413
"12380","1250","Ec_N",207,20,20,"Ec",15,0,1,1,1,0,0.582459721219413
"12381","1250","Ec_N",207,21,21,"Ec",15,0,1,1,1,0,0.582459721219413
"12382","1250","Ec_N",207,22,22,"Ec",15,0,1,1,1,0,0.582459721219413
"12383","1250","Ec_N",207,23,23,"Ec",16,1,1,1,1,0,0.879284144928883
"12384","1250","Ec_N",207,24,24,"Ec",16,1,1,1,1,0,0.879284144928883
"12385","1250","Ec_N",207,25,25,"Ec",16,1,1,1,1,0,0.879284144928883
"12386","1250","Ec_N",207,26,26,"Ec",32,1,1,1,1,1,1
"12387","1250","Ec_N",207,27,27,"Ec",32,1,1,1,1,1,1
"12388","1250","Ec_N",207,28,28,"Ec",32,1,1,1,1,1,1
"12389","1250","Ec_N",207,29,29,"Ec",32,1,1,1,1,1,1
"12390","1250","Ec_N",207,30,30,"Ec",32,1,1,1,1,1,1
"12391","1250","Ec_N",207,31,31,"Ec",32,1,1,1,1,1,1
"12392","1250","Ec_N",207,32,32,"Ec",32,1,1,1,1,1,1
"12393","1250","Ec_N",207,33,33,"Ec",32,1,1,1,1,1,1
"12394","1250","Ec_N",207,34,34,"Ec",32,1,1,1,1,1,1
"12395","1250","Ec_N",207,35,35,"Ec",32,1,1,1,1,1,1
"12396","1250","Ec_N",207,36,36,"Ec",32,1,1,1,1,1,1
"12397","1250","Ec_N",207,37,37,"Ec",32,1,1,1,1,1,1
"12398","1250","Ec_N",207,38,38,"Ec",32,1,1,1,1,1,1
"12399","1250","Ec_N",207,39,39,"Ec",32,1,1,1,1,1,1
"12400","1250","Ec_N",207,40,40,"Ec",32,1,1,1,1,1,1
"12401","1250","Ec_N",207,41,41,"Ec",32,1,1,1,1,1,1
"12402","1250","Ec_N",207,42,42,"Ec",32,1,1,1,1,1,1
"12403","1250","Ec_N",207,43,43,"Ec",32,1,1,1,1,1,1
"12404","1250","Ec_N",207,44,44,"Ec",32,1,1,1,1,1,1
"12405","1250","Ec_N",207,45,45,"Ec",32,1,1,1,1,1,1
"12406","1250","Ec_N",207,46,46,"Ec",32,1,1,1,1,1,1
"12407","1250","Ec_N",207,47,47,"Ec",32,1,1,1,1,1,1
"12408","1250","Ec_N",207,48,48,"Ec",32,1,1,1,1,1,1
"12409","1250","Ec_N",207,49,49,"Ec",32,1,1,1,1,1,1
"12410","1250","Ec_N",207,50,50,"Ec",32,1,1,1,1,1,1
"12411","1250","Ec_N",207,51,51,"Ec",32,1,1,1,1,1,1
"12412","1250","Ec_N",207,52,52,"Ec",32,1,1,1,1,1,1
"12413","1250","Ec_N",207,53,53,"Ec",32,1,1,1,1,1,1
"12414","1250","Ec_N",207,54,54,"Ec",32,1,1,1,1,1,1
"12415","1250","Ec_N",207,55,55,"Ec",32,1,1,1,1,1,1
"12416","1250","Ec_N",207,56,56,"Ec",32,1,1,1,1,1,1
"12417","1250","Ec_N",207,57,57,"Ec",32,1,1,1,1,1,1
"12418","1250","Ec_N",207,58,58,"Ec",32,1,1,1,1,1,1
"12419","1250","Ec_N",207,59,59,"Ec",32,1,1,1,1,1,1
"12420","1250","Ec_N",207,60,60,"Ec",32,1,1,1,1,1,1
"12421","1250","Ec_N",208,1,1,"Ec",1,0,0,0,0,0,0
"12422","1250","Ec_N",208,2,2,"Ec",1,0,0,0,0,0,0
"12423","1250","Ec_N",208,3,3,"Ec",3,0,1,0,0,0,0.082650579415114
"12424","1250","Ec_N",208,4,4,"Ec",3,0,1,0,0,0,0.082650579415114
"12425","1250","Ec_N",208,5,5,"Ec",3,0,1,0,0,0,0.082650579415114
"12426","1250","Ec_N",208,6,6,"Ec",3,0,1,0,0,0,0.082650579415114
"12427","1250","Ec_N",208,7,7,"Ec",3,0,1,0,0,0,0.082650579415114
"12428","1250","Ec_N",208,8,8,"Ec",3,0,1,0,0,0,0.082650579415114
"12429","1250","Ec_N",208,9,9,"Ec",7,0,1,1,0,0,0.314714071177838
"12430","1250","Ec_N",208,10,10,"Ec",8,1,1,1,0,0,0.440600849145421
"12431","1250","Ec_N",208,11,11,"Ec",8,1,1,1,0,0,0.440600849145421
"12432","1250","Ec_N",208,12,12,"Ec",8,1,1,1,0,0,0.440600849145421
"12433","1250","Ec_N",208,13,13,"Ec",8,1,1,1,0,0,0.440600849145421
"12434","1250","Ec_N",208,14,14,"Ec",8,1,1,1,0,0,0.440600849145421
"12435","1250","Ec_N",208,15,15,"Ec",8,1,1,1,0,0,0.440600849145421
"12436","1250","Ec_N",208,16,16,"Ec",8,1,1,1,0,0,0.440600849145421
"12437","1250","Ec_N",208,17,17,"Ec",8,1,1,1,0,0,0.440600849145421
"12438","1250","Ec_N",208,18,18,"Ec",8,1,1,1,0,0,0.440600849145421
"12439","1250","Ec_N",208,19,19,"Ec",8,1,1,1,0,0,0.440600849145421
"12440","1250","Ec_N",208,20,20,"Ec",8,1,1,1,0,0,0.440600849145421
"12441","1250","Ec_N",208,21,21,"Ec",8,1,1,1,0,0,0.440600849145421
"12442","1250","Ec_N",208,22,22,"Ec",8,1,1,1,0,0,0.440600849145421
"12443","1250","Ec_N",208,23,23,"Ec",16,1,1,1,1,0,0.879284144928883
"12444","1250","Ec_N",208,24,24,"Ec",16,1,1,1,1,0,0.879284144928883
"12445","1250","Ec_N",208,25,25,"Ec",16,1,1,1,1,0,0.879284144928883
"12446","1250","Ec_N",208,26,26,"Ec",16,1,1,1,1,0,0.879284144928883
"12447","1250","Ec_N",208,27,27,"Ec",16,1,1,1,1,0,0.879284144928883
"12448","1250","Ec_N",208,28,28,"Ec",16,1,1,1,1,0,0.879284144928883
"12449","1250","Ec_N",208,29,29,"Ec",16,1,1,1,1,0,0.879284144928883
"12450","1250","Ec_N",208,30,30,"Ec",16,1,1,1,1,0,0.879284144928883
"12451","1250","Ec_N",208,31,31,"Ec",16,1,1,1,1,0,0.879284144928883
"12452","1250","Ec_N",208,32,32,"Ec",16,1,1,1,1,0,0.879284144928883
"12453","1250","Ec_N",208,33,33,"Ec",16,1,1,1,1,0,0.879284144928883
"12454","1250","Ec_N",208,34,34,"Ec",16,1,1,1,1,0,0.879284144928883
"12455","1250","Ec_N",208,35,35,"Ec",16,1,1,1,1,0,0.879284144928883
"12456","1250","Ec_N",208,36,36,"Ec",16,1,1,1,1,0,0.879284144928883
"12457","1250","Ec_N",208,37,37,"Ec",16,1,1,1,1,0,0.879284144928883
"12458","1250","Ec_N",208,38,38,"Ec",16,1,1,1,1,0,0.879284144928883
"12459","1250","Ec_N",208,39,39,"Ec",16,1,1,1,1,0,0.879284144928883
"12460","1250","Ec_N",208,40,40,"Ec",16,1,1,1,1,0,0.879284144928883
"12461","1250","Ec_N",208,41,41,"Ec",16,1,1,1,1,0,0.879284144928883
"12462","1250","Ec_N",208,42,42,"Ec",16,1,1,1,1,0,0.879284144928883
"12463","1250","Ec_N",208,43,43,"Ec",16,1,1,1,1,0,0.879284144928883
"12464","1250","Ec_N",208,44,44,"Ec",16,1,1,1,1,0,0.879284144928883
"12465","1250","Ec_N",208,45,45,"Ec",32,1,1,1,1,1,1
"12466","1250","Ec_N",208,46,46,"Ec",32,1,1,1,1,1,1
"12467","1250","Ec_N",208,47,47,"Ec",32,1,1,1,1,1,1
"12468","1250","Ec_N",208,48,48,"Ec",32,1,1,1,1,1,1
"12469","1250","Ec_N",208,49,49,"Ec",32,1,1,1,1,1,1
"12470","1250","Ec_N",208,50,50,"Ec",32,1,1,1,1,1,1
"12471","1250","Ec_N",208,51,51,"Ec",32,1,1,1,1,1,1
"12472","1250","Ec_N",208,52,52,"Ec",32,1,1,1,1,1,1
"12473","1250","Ec_N",208,53,53,"Ec",32,1,1,1,1,1,1
"12474","1250","Ec_N",208,54,54,"Ec",32,1,1,1,1,1,1
"12475","1250","Ec_N",208,55,55,"Ec",32,1,1,1,1,1,1
"12476","1250","Ec_N",208,56,56,"Ec",32,1,1,1,1,1,1
"12477","1250","Ec_N",208,57,57,"Ec",32,1,1,1,1,1,1
"12478","1250","Ec_N",208,58,58,"Ec",32,1,1,1,1,1,1
"12479","1250","Ec_N",208,59,59,"Ec",32,1,1,1,1,1,1
"12480","1250","Ec_N",208,60,60,"Ec",32,1,1,1,1,1,1
"12481","1250","Ec_N",209,1,1,"Ec",1,0,0,0,0,0,0
"12482","1250","Ec_N",209,2,2,"Ec",1,0,0,0,0,0,0
"12483","1250","Ec_N",209,3,3,"Ec",1,0,0,0,0,0,0
"12484","1250","Ec_N",209,4,4,"Ec",1,0,0,0,0,0,0
"12485","1250","Ec_N",209,5,5,"Ec",1,0,0,0,0,0,0
"12486","1250","Ec_N",209,6,6,"Ec",1,0,0,0,0,0,0
"12487","1250","Ec_N",209,7,7,"Ec",1,0,0,0,0,0,0
"12488","1250","Ec_N",209,8,8,"Ec",1,0,0,0,0,0,0
"12489","1250","Ec_N",209,9,9,"Ec",1,0,0,0,0,0,0
"12490","1250","Ec_N",209,10,10,"Ec",17,0,0,0,0,1,0.14692246949649
"12491","1250","Ec_N",209,11,11,"Ec",17,0,0,0,0,1,0.14692246949649
"12492","1250","Ec_N",209,12,12,"Ec",17,0,0,0,0,1,0.14692246949649
"12493","1250","Ec_N",209,13,13,"Ec",17,0,0,0,0,1,0.14692246949649
"12494","1250","Ec_N",209,14,14,"Ec",21,0,0,1,0,1,0.428591116083543
"12495","1250","Ec_N",209,15,15,"Ec",21,0,0,1,0,1,0.428591116083543
"12496","1250","Ec_N",209,16,16,"Ec",21,0,0,1,0,1,0.428591116083543
"12497","1250","Ec_N",209,17,17,"Ec",21,0,0,1,0,1,0.428591116083543
"12498","1250","Ec_N",209,18,18,"Ec",21,0,0,1,0,1,0.428591116083543
"12499","1250","Ec_N",209,19,19,"Ec",22,1,0,1,0,1,0.649603770543311
"12500","1250","Ec_N",209,20,20,"Ec",22,1,0,1,0,1,0.649603770543311
"12501","1250","Ec_N",209,21,21,"Ec",22,1,0,1,0,1,0.649603770543311
"12502","1250","Ec_N",209,22,22,"Ec",30,1,0,1,1,1,0.981696467924213
"12503","1250","Ec_N",209,23,23,"Ec",30,1,0,1,1,1,0.981696467924213
"12504","1250","Ec_N",209,24,24,"Ec",30,1,0,1,1,1,0.981696467924213
"12505","1250","Ec_N",209,25,25,"Ec",30,1,0,1,1,1,0.981696467924213
"12506","1250","Ec_N",209,26,26,"Ec",30,1,0,1,1,1,0.981696467924213
"12507","1250","Ec_N",209,27,27,"Ec",30,1,0,1,1,1,0.981696467924213
"12508","1250","Ec_N",209,28,28,"Ec",30,1,0,1,1,1,0.981696467924213
"12509","1250","Ec_N",209,29,29,"Ec",30,1,0,1,1,1,0.981696467924213
"12510","1250","Ec_N",209,30,30,"Ec",30,1,0,1,1,1,0.981696467924213
"12511","1250","Ec_N",209,31,31,"Ec",30,1,0,1,1,1,0.981696467924213
"12512","1250","Ec_N",209,32,32,"Ec",30,1,0,1,1,1,0.981696467924213
"12513","1250","Ec_N",209,33,33,"Ec",32,1,1,1,1,1,1
"12514","1250","Ec_N",209,34,34,"Ec",32,1,1,1,1,1,1
"12515","1250","Ec_N",209,35,35,"Ec",32,1,1,1,1,1,1
"12516","1250","Ec_N",209,36,36,"Ec",32,1,1,1,1,1,1
"12517","1250","Ec_N",209,37,37,"Ec",32,1,1,1,1,1,1
"12518","1250","Ec_N",209,38,38,"Ec",32,1,1,1,1,1,1
"12519","1250","Ec_N",209,39,39,"Ec",32,1,1,1,1,1,1
"12520","1250","Ec_N",209,40,40,"Ec",32,1,1,1,1,1,1
"12521","1250","Ec_N",209,41,41,"Ec",32,1,1,1,1,1,1
"12522","1250","Ec_N",209,42,42,"Ec",32,1,1,1,1,1,1
"12523","1250","Ec_N",209,43,43,"Ec",32,1,1,1,1,1,1
"12524","1250","Ec_N",209,44,44,"Ec",32,1,1,1,1,1,1
"12525","1250","Ec_N",209,45,45,"Ec",32,1,1,1,1,1,1
"12526","1250","Ec_N",209,46,46,"Ec",32,1,1,1,1,1,1
"12527","1250","Ec_N",209,47,47,"Ec",32,1,1,1,1,1,1
"12528","1250","Ec_N",209,48,48,"Ec",32,1,1,1,1,1,1
"12529","1250","Ec_N",209,49,49,"Ec",32,1,1,1,1,1,1
"12530","1250","Ec_N",209,50,50,"Ec",32,1,1,1,1,1,1
"12531","1250","Ec_N",209,51,51,"Ec",32,1,1,1,1,1,1
"12532","1250","Ec_N",209,52,52,"Ec",32,1,1,1,1,1,1
"12533","1250","Ec_N",209,53,53,"Ec",32,1,1,1,1,1,1
"12534","1250","Ec_N",209,54,54,"Ec",32,1,1,1,1,1,1
"12535","1250","Ec_N",209,55,55,"Ec",32,1,1,1,1,1,1
"12536","1250","Ec_N",209,56,56,"Ec",32,1,1,1,1,1,1
"12537","1250","Ec_N",209,57,57,"Ec",32,1,1,1,1,1,1
"12538","1250","Ec_N",209,58,58,"Ec",32,1,1,1,1,1,1
"12539","1250","Ec_N",209,59,59,"Ec",32,1,1,1,1,1,1
"12540","1250","Ec_N",209,60,60,"Ec",32,1,1,1,1,1,1
"12541","1250","Ec_N",210,1,1,"Ec",1,0,0,0,0,0,0
"12542","1250","Ec_N",210,2,2,"Ec",5,0,0,1,0,0,0.232063491762724
"12543","1250","Ec_N",210,3,3,"Ec",5,0,0,1,0,0,0.232063491762724
"12544","1250","Ec_N",210,4,4,"Ec",21,0,0,1,0,1,0.428591116083543
"12545","1250","Ec_N",210,5,5,"Ec",21,0,0,1,0,1,0.428591116083543
"12546","1250","Ec_N",210,6,6,"Ec",21,0,0,1,0,1,0.428591116083543
"12547","1250","Ec_N",210,7,7,"Ec",23,0,1,1,0,1,0.511241695498657
"12548","1250","Ec_N",210,8,8,"Ec",23,0,1,1,0,1,0.511241695498657
"12549","1250","Ec_N",210,9,9,"Ec",23,0,1,1,0,1,0.511241695498657
"12550","1250","Ec_N",210,10,10,"Ec",23,0,1,1,0,1,0.511241695498657
"12551","1250","Ec_N",210,11,11,"Ec",23,0,1,1,0,1,0.511241695498657
"12552","1250","Ec_N",210,12,12,"Ec",23,0,1,1,0,1,0.511241695498657
"12553","1250","Ec_N",210,13,13,"Ec",23,0,1,1,0,1,0.511241695498657
"12554","1250","Ec_N",210,14,14,"Ec",23,0,1,1,0,1,0.511241695498657
"12555","1250","Ec_N",210,15,15,"Ec",23,0,1,1,0,1,0.511241695498657
"12556","1250","Ec_N",210,16,16,"Ec",23,0,1,1,0,1,0.511241695498657
"12557","1250","Ec_N",210,17,17,"Ec",23,0,1,1,0,1,0.511241695498657
"12558","1250","Ec_N",210,18,18,"Ec",23,0,1,1,0,1,0.511241695498657
"12559","1250","Ec_N",210,19,19,"Ec",23,0,1,1,0,1,0.511241695498657
"12560","1250","Ec_N",210,20,20,"Ec",23,0,1,1,0,1,0.511241695498657
"12561","1250","Ec_N",210,21,21,"Ec",23,0,1,1,0,1,0.511241695498657
"12562","1250","Ec_N",210,22,22,"Ec",24,1,1,1,0,1,0.732254349958425
"12563","1250","Ec_N",210,23,23,"Ec",24,1,1,1,0,1,0.732254349958425
"12564","1250","Ec_N",210,24,24,"Ec",24,1,1,1,0,1,0.732254349958425
"12565","1250","Ec_N",210,25,25,"Ec",24,1,1,1,0,1,0.732254349958425
"12566","1250","Ec_N",210,26,26,"Ec",24,1,1,1,0,1,0.732254349958425
"12567","1250","Ec_N",210,27,27,"Ec",24,1,1,1,0,1,0.732254349958425
"12568","1250","Ec_N",210,28,28,"Ec",24,1,1,1,0,1,0.732254349958425
"12569","1250","Ec_N",210,29,29,"Ec",32,1,1,1,1,1,1
"12570","1250","Ec_N",210,30,30,"Ec",32,1,1,1,1,1,1
"12571","1250","Ec_N",210,31,31,"Ec",32,1,1,1,1,1,1
"12572","1250","Ec_N",210,32,32,"Ec",32,1,1,1,1,1,1
"12573","1250","Ec_N",210,33,33,"Ec",32,1,1,1,1,1,1
"12574","1250","Ec_N",210,34,34,"Ec",32,1,1,1,1,1,1
"12575","1250","Ec_N",210,35,35,"Ec",32,1,1,1,1,1,1
"12576","1250","Ec_N",210,36,36,"Ec",32,1,1,1,1,1,1
"12577","1250","Ec_N",210,37,37,"Ec",32,1,1,1,1,1,1
"12578","1250","Ec_N",210,38,38,"Ec",32,1,1,1,1,1,1
"12579","1250","Ec_N",210,39,39,"Ec",32,1,1,1,1,1,1
"12580","1250","Ec_N",210,40,40,"Ec",32,1,1,1,1,1,1
"12581","1250","Ec_N",210,41,41,"Ec",32,1,1,1,1,1,1
"12582","1250","Ec_N",210,42,42,"Ec",32,1,1,1,1,1,1
"12583","1250","Ec_N",210,43,43,"Ec",32,1,1,1,1,1,1
"12584","1250","Ec_N",210,44,44,"Ec",32,1,1,1,1,1,1
"12585","1250","Ec_N",210,45,45,"Ec",32,1,1,1,1,1,1
"12586","1250","Ec_N",210,46,46,"Ec",32,1,1,1,1,1,1
"12587","1250","Ec_N",210,47,47,"Ec",32,1,1,1,1,1,1
"12588","1250","Ec_N",210,48,48,"Ec",32,1,1,1,1,1,1
"12589","1250","Ec_N",210,49,49,"Ec",32,1,1,1,1,1,1
"12590","1250","Ec_N",210,50,50,"Ec",32,1,1,1,1,1,1
"12591","1250","Ec_N",210,51,51,"Ec",32,1,1,1,1,1,1
"12592","1250","Ec_N",210,52,52,"Ec",32,1,1,1,1,1,1
"12593","1250","Ec_N",210,53,53,"Ec",32,1,1,1,1,1,1
"12594","1250","Ec_N",210,54,54,"Ec",32,1,1,1,1,1,1
"12595","1250","Ec_N",210,55,55,"Ec",32,1,1,1,1,1,1
"12596","1250","Ec_N",210,56,56,"Ec",32,1,1,1,1,1,1
"12597","1250","Ec_N",210,57,57,"Ec",32,1,1,1,1,1,1
"12598","1250","Ec_N",210,58,58,"Ec",32,1,1,1,1,1,1
"12599","1250","Ec_N",210,59,59,"Ec",32,1,1,1,1,1,1
"12600","1250","Ec_N",210,60,60,"Ec",32,1,1,1,1,1,1
"12601","1250","Ec_N",211,1,1,"Ec",1,0,0,0,0,0,0
"12602","1250","Ec_N",211,2,2,"Ec",1,0,0,0,0,0,0
"12603","1250","Ec_N",211,3,3,"Ec",9,0,0,0,1,0,0.267745650041575
"12604","1250","Ec_N",211,4,4,"Ec",9,0,0,0,1,0,0.267745650041575
"12605","1250","Ec_N",211,5,5,"Ec",9,0,0,0,1,0,0.267745650041575
"12606","1250","Ec_N",211,6,6,"Ec",9,0,0,0,1,0,0.267745650041575
"12607","1250","Ec_N",211,7,7,"Ec",9,0,0,0,1,0,0.267745650041575
"12608","1250","Ec_N",211,8,8,"Ec",9,0,0,0,1,0,0.267745650041575
"12609","1250","Ec_N",211,9,9,"Ec",9,0,0,0,1,0,0.267745650041575
"12610","1250","Ec_N",211,10,10,"Ec",9,0,0,0,1,0,0.267745650041575
"12611","1250","Ec_N",211,11,11,"Ec",9,0,0,0,1,0,0.267745650041575
"12612","1250","Ec_N",211,12,12,"Ec",9,0,0,0,1,0,0.267745650041575
"12613","1250","Ec_N",211,13,13,"Ec",9,0,0,0,1,0,0.267745650041575
"12614","1250","Ec_N",211,14,14,"Ec",9,0,0,0,1,0,0.267745650041575
"12615","1250","Ec_N",211,15,15,"Ec",9,0,0,0,1,0,0.267745650041575
"12616","1250","Ec_N",211,16,16,"Ec",9,0,0,0,1,0,0.267745650041575
"12617","1250","Ec_N",211,17,17,"Ec",9,0,0,0,1,0,0.267745650041575
"12618","1250","Ec_N",211,18,18,"Ec",9,0,0,0,1,0,0.267745650041575
"12619","1250","Ec_N",211,19,19,"Ec",9,0,0,0,1,0,0.267745650041575
"12620","1250","Ec_N",211,20,20,"Ec",9,0,0,0,1,0,0.267745650041575
"12621","1250","Ec_N",211,21,21,"Ec",9,0,0,0,1,0,0.267745650041575
"12622","1250","Ec_N",211,22,22,"Ec",25,0,0,0,1,1,0.464273274362394
"12623","1250","Ec_N",211,23,23,"Ec",25,0,0,0,1,1,0.464273274362394
"12624","1250","Ec_N",211,24,24,"Ec",25,0,0,0,1,1,0.464273274362394
"12625","1250","Ec_N",211,25,25,"Ec",26,1,0,0,1,1,0.685285928822162
"12626","1250","Ec_N",211,26,26,"Ec",26,1,0,0,1,1,0.685285928822162
"12627","1250","Ec_N",211,27,27,"Ec",26,1,0,0,1,1,0.685285928822162
"12628","1250","Ec_N",211,28,28,"Ec",26,1,0,0,1,1,0.685285928822162
"12629","1250","Ec_N",211,29,29,"Ec",26,1,0,0,1,1,0.685285928822162
"12630","1250","Ec_N",211,30,30,"Ec",26,1,0,0,1,1,0.685285928822162
"12631","1250","Ec_N",211,31,31,"Ec",26,1,0,0,1,1,0.685285928822162
"12632","1250","Ec_N",211,32,32,"Ec",26,1,0,0,1,1,0.685285928822162
"12633","1250","Ec_N",211,33,33,"Ec",26,1,0,0,1,1,0.685285928822162
"12634","1250","Ec_N",211,34,34,"Ec",26,1,0,0,1,1,0.685285928822162
"12635","1250","Ec_N",211,35,35,"Ec",26,1,0,0,1,1,0.685285928822162
"12636","1250","Ec_N",211,36,36,"Ec",26,1,0,0,1,1,0.685285928822162
"12637","1250","Ec_N",211,37,37,"Ec",30,1,0,1,1,1,0.981696467924213
"12638","1250","Ec_N",211,38,38,"Ec",30,1,0,1,1,1,0.981696467924213
"12639","1250","Ec_N",211,39,39,"Ec",30,1,0,1,1,1,0.981696467924213
"12640","1250","Ec_N",211,40,40,"Ec",30,1,0,1,1,1,0.981696467924213
"12641","1250","Ec_N",211,41,41,"Ec",30,1,0,1,1,1,0.981696467924213
"12642","1250","Ec_N",211,42,42,"Ec",30,1,0,1,1,1,0.981696467924213
"12643","1250","Ec_N",211,43,43,"Ec",30,1,0,1,1,1,0.981696467924213
"12644","1250","Ec_N",211,44,44,"Ec",30,1,0,1,1,1,0.981696467924213
"12645","1250","Ec_N",211,45,45,"Ec",30,1,0,1,1,1,0.981696467924213
"12646","1250","Ec_N",211,46,46,"Ec",30,1,0,1,1,1,0.981696467924213
"12647","1250","Ec_N",211,47,47,"Ec",30,1,0,1,1,1,0.981696467924213
"12648","1250","Ec_N",211,48,48,"Ec",30,1,0,1,1,1,0.981696467924213
"12649","1250","Ec_N",211,49,49,"Ec",30,1,0,1,1,1,0.981696467924213
"12650","1250","Ec_N",211,50,50,"Ec",32,1,1,1,1,1,1
"12651","1250","Ec_N",211,51,51,"Ec",32,1,1,1,1,1,1
"12652","1250","Ec_N",211,52,52,"Ec",32,1,1,1,1,1,1
"12653","1250","Ec_N",211,53,53,"Ec",32,1,1,1,1,1,1
"12654","1250","Ec_N",211,54,54,"Ec",32,1,1,1,1,1,1
"12655","1250","Ec_N",211,55,55,"Ec",32,1,1,1,1,1,1
"12656","1250","Ec_N",211,56,56,"Ec",32,1,1,1,1,1,1
"12657","1250","Ec_N",211,57,57,"Ec",32,1,1,1,1,1,1
"12658","1250","Ec_N",211,58,58,"Ec",32,1,1,1,1,1,1
"12659","1250","Ec_N",211,59,59,"Ec",32,1,1,1,1,1,1
"12660","1250","Ec_N",211,60,60,"Ec",32,1,1,1,1,1,1
"12661","1250","Ec_N",212,1,1,"Ec",1,0,0,0,0,0,0
"12662","1250","Ec_N",212,2,2,"Ec",9,0,0,0,1,0,0.267745650041575
"12663","1250","Ec_N",212,3,3,"Ec",9,0,0,0,1,0,0.267745650041575
"12664","1250","Ec_N",212,4,4,"Ec",9,0,0,0,1,0,0.267745650041575
"12665","1250","Ec_N",212,5,5,"Ec",9,0,0,0,1,0,0.267745650041575
"12666","1250","Ec_N",212,6,6,"Ec",9,0,0,0,1,0,0.267745650041575
"12667","1250","Ec_N",212,7,7,"Ec",9,0,0,0,1,0,0.267745650041575
"12668","1250","Ec_N",212,8,8,"Ec",9,0,0,0,1,0,0.267745650041575
"12669","1250","Ec_N",212,9,9,"Ec",10,1,0,0,1,0,0.488758304501343
"12670","1250","Ec_N",212,10,10,"Ec",10,1,0,0,1,0,0.488758304501343
"12671","1250","Ec_N",212,11,11,"Ec",10,1,0,0,1,0,0.488758304501343
"12672","1250","Ec_N",212,12,12,"Ec",10,1,0,0,1,0,0.488758304501343
"12673","1250","Ec_N",212,13,13,"Ec",10,1,0,0,1,0,0.488758304501343
"12674","1250","Ec_N",212,14,14,"Ec",10,1,0,0,1,0,0.488758304501343
"12675","1250","Ec_N",212,15,15,"Ec",10,1,0,0,1,0,0.488758304501343
"12676","1250","Ec_N",212,16,16,"Ec",10,1,0,0,1,0,0.488758304501343
"12677","1250","Ec_N",212,17,17,"Ec",10,1,0,0,1,0,0.488758304501343
"12678","1250","Ec_N",212,18,18,"Ec",10,1,0,0,1,0,0.488758304501343
"12679","1250","Ec_N",212,19,19,"Ec",10,1,0,0,1,0,0.488758304501343
"12680","1250","Ec_N",212,20,20,"Ec",10,1,0,0,1,0,0.488758304501343
"12681","1250","Ec_N",212,21,21,"Ec",10,1,0,0,1,0,0.488758304501343
"12682","1250","Ec_N",212,22,22,"Ec",12,1,1,0,1,0,0.552627762799163
"12683","1250","Ec_N",212,23,23,"Ec",12,1,1,0,1,0,0.552627762799163
"12684","1250","Ec_N",212,24,24,"Ec",12,1,1,0,1,0,0.552627762799163
"12685","1250","Ec_N",212,25,25,"Ec",12,1,1,0,1,0,0.552627762799163
"12686","1250","Ec_N",212,26,26,"Ec",12,1,1,0,1,0,0.552627762799163
"12687","1250","Ec_N",212,27,27,"Ec",12,1,1,0,1,0,0.552627762799163
"12688","1250","Ec_N",212,28,28,"Ec",12,1,1,0,1,0,0.552627762799163
"12689","1250","Ec_N",212,29,29,"Ec",12,1,1,0,1,0,0.552627762799163
"12690","1250","Ec_N",212,30,30,"Ec",12,1,1,0,1,0,0.552627762799163
"12691","1250","Ec_N",212,31,31,"Ec",12,1,1,0,1,0,0.552627762799163
"12692","1250","Ec_N",212,32,32,"Ec",12,1,1,0,1,0,0.552627762799163
"12693","1250","Ec_N",212,33,33,"Ec",12,1,1,0,1,0,0.552627762799163
"12694","1250","Ec_N",212,34,34,"Ec",12,1,1,0,1,0,0.552627762799163
"12695","1250","Ec_N",212,35,35,"Ec",12,1,1,0,1,0,0.552627762799163
"12696","1250","Ec_N",212,36,36,"Ec",12,1,1,0,1,0,0.552627762799163
"12697","1250","Ec_N",212,37,37,"Ec",12,1,1,0,1,0,0.552627762799163
"12698","1250","Ec_N",212,38,38,"Ec",12,1,1,0,1,0,0.552627762799163
"12699","1250","Ec_N",212,39,39,"Ec",16,1,1,1,1,0,0.879284144928883
"12700","1250","Ec_N",212,40,40,"Ec",16,1,1,1,1,0,0.879284144928883
"12701","1250","Ec_N",212,41,41,"Ec",16,1,1,1,1,0,0.879284144928883
"12702","1250","Ec_N",212,42,42,"Ec",16,1,1,1,1,0,0.879284144928883
"12703","1250","Ec_N",212,43,43,"Ec",16,1,1,1,1,0,0.879284144928883
"12704","1250","Ec_N",212,44,44,"Ec",16,1,1,1,1,0,0.879284144928883
"12705","1250","Ec_N",212,45,45,"Ec",16,1,1,1,1,0,0.879284144928883
"12706","1250","Ec_N",212,46,46,"Ec",16,1,1,1,1,0,0.879284144928883
"12707","1250","Ec_N",212,47,47,"Ec",16,1,1,1,1,0,0.879284144928883
"12708","1250","Ec_N",212,48,48,"Ec",16,1,1,1,1,0,0.879284144928883
"12709","1250","Ec_N",212,49,49,"Ec",16,1,1,1,1,0,0.879284144928883
"12710","1250","Ec_N",212,50,50,"Ec",16,1,1,1,1,0,0.879284144928883
"12711","1250","Ec_N",212,51,51,"Ec",16,1,1,1,1,0,0.879284144928883
"12712","1250","Ec_N",212,52,52,"Ec",16,1,1,1,1,0,0.879284144928883
"12713","1250","Ec_N",212,53,53,"Ec",16,1,1,1,1,0,0.879284144928883
"12714","1250","Ec_N",212,54,54,"Ec",16,1,1,1,1,0,0.879284144928883
"12715","1250","Ec_N",212,55,55,"Ec",16,1,1,1,1,0,0.879284144928883
"12716","1250","Ec_N",212,56,56,"Ec",16,1,1,1,1,0,0.879284144928883
"12717","1250","Ec_N",212,57,57,"Ec",32,1,1,1,1,1,1
"12718","1250","Ec_N",212,58,58,"Ec",32,1,1,1,1,1,1
"12719","1250","Ec_N",212,59,59,"Ec",32,1,1,1,1,1,1
"12720","1250","Ec_N",212,60,60,"Ec",32,1,1,1,1,1,1
"12721","1250","Ec_N",213,1,1,"Ec",1,0,0,0,0,0,0
"12722","1250","Ec_N",213,2,2,"Ec",3,0,1,0,0,0,0.082650579415114
"12723","1250","Ec_N",213,3,3,"Ec",19,0,1,0,0,1,0.179678659430889
"12724","1250","Ec_N",213,4,4,"Ec",19,0,1,0,0,1,0.179678659430889
"12725","1250","Ec_N",213,5,5,"Ec",19,0,1,0,0,1,0.179678659430889
"12726","1250","Ec_N",213,6,6,"Ec",19,0,1,0,0,1,0.179678659430889
"12727","1250","Ec_N",213,7,7,"Ec",19,0,1,0,0,1,0.179678659430889
"12728","1250","Ec_N",213,8,8,"Ec",19,0,1,0,0,1,0.179678659430889
"12729","1250","Ec_N",213,9,9,"Ec",19,0,1,0,0,1,0.179678659430889
"12730","1250","Ec_N",213,10,10,"Ec",19,0,1,0,0,1,0.179678659430889
"12731","1250","Ec_N",213,11,11,"Ec",23,0,1,1,0,1,0.511241695498657
"12732","1250","Ec_N",213,12,12,"Ec",23,0,1,1,0,1,0.511241695498657
"12733","1250","Ec_N",213,13,13,"Ec",23,0,1,1,0,1,0.511241695498657
"12734","1250","Ec_N",213,14,14,"Ec",24,1,1,1,0,1,0.732254349958425
"12735","1250","Ec_N",213,15,15,"Ec",24,1,1,1,0,1,0.732254349958425
"12736","1250","Ec_N",213,16,16,"Ec",32,1,1,1,1,1,1
"12737","1250","Ec_N",213,17,17,"Ec",32,1,1,1,1,1,1
"12738","1250","Ec_N",213,18,18,"Ec",32,1,1,1,1,1,1
"12739","1250","Ec_N",213,19,19,"Ec",32,1,1,1,1,1,1
"12740","1250","Ec_N",213,20,20,"Ec",32,1,1,1,1,1,1
"12741","1250","Ec_N",213,21,21,"Ec",32,1,1,1,1,1,1
"12742","1250","Ec_N",213,22,22,"Ec",32,1,1,1,1,1,1
"12743","1250","Ec_N",213,23,23,"Ec",32,1,1,1,1,1,1
"12744","1250","Ec_N",213,24,24,"Ec",32,1,1,1,1,1,1
"12745","1250","Ec_N",213,25,25,"Ec",32,1,1,1,1,1,1
"12746","1250","Ec_N",213,26,26,"Ec",32,1,1,1,1,1,1
"12747","1250","Ec_N",213,27,27,"Ec",32,1,1,1,1,1,1
"12748","1250","Ec_N",213,28,28,"Ec",32,1,1,1,1,1,1
"12749","1250","Ec_N",213,29,29,"Ec",32,1,1,1,1,1,1
"12750","1250","Ec_N",213,30,30,"Ec",32,1,1,1,1,1,1
"12751","1250","Ec_N",213,31,31,"Ec",32,1,1,1,1,1,1
"12752","1250","Ec_N",213,32,32,"Ec",32,1,1,1,1,1,1
"12753","1250","Ec_N",213,33,33,"Ec",32,1,1,1,1,1,1
"12754","1250","Ec_N",213,34,34,"Ec",32,1,1,1,1,1,1
"12755","1250","Ec_N",213,35,35,"Ec",32,1,1,1,1,1,1
"12756","1250","Ec_N",213,36,36,"Ec",32,1,1,1,1,1,1
"12757","1250","Ec_N",213,37,37,"Ec",32,1,1,1,1,1,1
"12758","1250","Ec_N",213,38,38,"Ec",32,1,1,1,1,1,1
"12759","1250","Ec_N",213,39,39,"Ec",32,1,1,1,1,1,1
"12760","1250","Ec_N",213,40,40,"Ec",32,1,1,1,1,1,1
"12761","1250","Ec_N",213,41,41,"Ec",32,1,1,1,1,1,1
"12762","1250","Ec_N",213,42,42,"Ec",32,1,1,1,1,1,1
"12763","1250","Ec_N",213,43,43,"Ec",32,1,1,1,1,1,1
"12764","1250","Ec_N",213,44,44,"Ec",32,1,1,1,1,1,1
"12765","1250","Ec_N",213,45,45,"Ec",32,1,1,1,1,1,1
"12766","1250","Ec_N",213,46,46,"Ec",32,1,1,1,1,1,1
"12767","1250","Ec_N",213,47,47,"Ec",32,1,1,1,1,1,1
"12768","1250","Ec_N",213,48,48,"Ec",32,1,1,1,1,1,1
"12769","1250","Ec_N",213,49,49,"Ec",32,1,1,1,1,1,1
"12770","1250","Ec_N",213,50,50,"Ec",32,1,1,1,1,1,1
"12771","1250","Ec_N",213,51,51,"Ec",32,1,1,1,1,1,1
"12772","1250","Ec_N",213,52,52,"Ec",32,1,1,1,1,1,1
"12773","1250","Ec_N",213,53,53,"Ec",32,1,1,1,1,1,1
"12774","1250","Ec_N",213,54,54,"Ec",32,1,1,1,1,1,1
"12775","1250","Ec_N",213,55,55,"Ec",32,1,1,1,1,1,1
"12776","1250","Ec_N",213,56,56,"Ec",32,1,1,1,1,1,1
"12777","1250","Ec_N",213,57,57,"Ec",32,1,1,1,1,1,1
"12778","1250","Ec_N",213,58,58,"Ec",32,1,1,1,1,1,1
"12779","1250","Ec_N",213,59,59,"Ec",32,1,1,1,1,1,1
"12780","1250","Ec_N",213,60,60,"Ec",32,1,1,1,1,1,1
"12781","1250","Ec_N",214,1,1,"Ec",1,0,0,0,0,0,0
"12782","1250","Ec_N",214,2,2,"Ec",1,0,0,0,0,0,0
"12783","1250","Ec_N",214,3,3,"Ec",1,0,0,0,0,0,0
"12784","1250","Ec_N",214,4,4,"Ec",1,0,0,0,0,0,0
"12785","1250","Ec_N",214,5,5,"Ec",1,0,0,0,0,0,0
"12786","1250","Ec_N",214,6,6,"Ec",1,0,0,0,0,0,0
"12787","1250","Ec_N",214,7,7,"Ec",1,0,0,0,0,0,0
"12788","1250","Ec_N",214,8,8,"Ec",1,0,0,0,0,0,0
"12789","1250","Ec_N",214,9,9,"Ec",1,0,0,0,0,0,0
"12790","1250","Ec_N",214,10,10,"Ec",1,0,0,0,0,0,0
"12791","1250","Ec_N",214,11,11,"Ec",1,0,0,0,0,0,0
"12792","1250","Ec_N",214,12,12,"Ec",1,0,0,0,0,0,0
"12793","1250","Ec_N",214,13,13,"Ec",1,0,0,0,0,0,0
"12794","1250","Ec_N",214,14,14,"Ec",1,0,0,0,0,0,0
"12795","1250","Ec_N",214,15,15,"Ec",1,0,0,0,0,0,0
"12796","1250","Ec_N",214,16,16,"Ec",1,0,0,0,0,0,0
"12797","1250","Ec_N",214,17,17,"Ec",1,0,0,0,0,0,0
"12798","1250","Ec_N",214,18,18,"Ec",1,0,0,0,0,0,0
"12799","1250","Ec_N",214,19,19,"Ec",2,1,0,0,0,0,0.221012654459768
"12800","1250","Ec_N",214,20,20,"Ec",2,1,0,0,0,0,0.221012654459768
"12801","1250","Ec_N",214,21,21,"Ec",2,1,0,0,0,0,0.221012654459768
"12802","1250","Ec_N",214,22,22,"Ec",18,1,0,0,0,1,0.417540278780587
"12803","1250","Ec_N",214,23,23,"Ec",18,1,0,0,0,1,0.417540278780587
"12804","1250","Ec_N",214,24,24,"Ec",20,1,1,0,0,1,0.500190858195701
"12805","1250","Ec_N",214,25,25,"Ec",20,1,1,0,0,1,0.500190858195701
"12806","1250","Ec_N",214,26,26,"Ec",20,1,1,0,0,1,0.500190858195701
"12807","1250","Ec_N",214,27,27,"Ec",20,1,1,0,0,1,0.500190858195701
"12808","1250","Ec_N",214,28,28,"Ec",20,1,1,0,0,1,0.500190858195701
"12809","1250","Ec_N",214,29,29,"Ec",20,1,1,0,0,1,0.500190858195701
"12810","1250","Ec_N",214,30,30,"Ec",20,1,1,0,0,1,0.500190858195701
"12811","1250","Ec_N",214,31,31,"Ec",20,1,1,0,0,1,0.500190858195701
"12812","1250","Ec_N",214,32,32,"Ec",20,1,1,0,0,1,0.500190858195701
"12813","1250","Ec_N",214,33,33,"Ec",20,1,1,0,0,1,0.500190858195701
"12814","1250","Ec_N",214,34,34,"Ec",28,1,1,0,1,1,0.770762719311211
"12815","1250","Ec_N",214,35,35,"Ec",28,1,1,0,1,1,0.770762719311211
"12816","1250","Ec_N",214,36,36,"Ec",28,1,1,0,1,1,0.770762719311211
"12817","1250","Ec_N",214,37,37,"Ec",28,1,1,0,1,1,0.770762719311211
"12818","1250","Ec_N",214,38,38,"Ec",28,1,1,0,1,1,0.770762719311211
"12819","1250","Ec_N",214,39,39,"Ec",28,1,1,0,1,1,0.770762719311211
"12820","1250","Ec_N",214,40,40,"Ec",28,1,1,0,1,1,0.770762719311211
"12821","1250","Ec_N",214,41,41,"Ec",28,1,1,0,1,1,0.770762719311211
"12822","1250","Ec_N",214,42,42,"Ec",28,1,1,0,1,1,0.770762719311211
"12823","1250","Ec_N",214,43,43,"Ec",28,1,1,0,1,1,0.770762719311211
"12824","1250","Ec_N",214,44,44,"Ec",28,1,1,0,1,1,0.770762719311211
"12825","1250","Ec_N",214,45,45,"Ec",28,1,1,0,1,1,0.770762719311211
"12826","1250","Ec_N",214,46,46,"Ec",28,1,1,0,1,1,0.770762719311211
"12827","1250","Ec_N",214,47,47,"Ec",28,1,1,0,1,1,0.770762719311211
"12828","1250","Ec_N",214,48,48,"Ec",28,1,1,0,1,1,0.770762719311211
"12829","1250","Ec_N",214,49,49,"Ec",28,1,1,0,1,1,0.770762719311211
"12830","1250","Ec_N",214,50,50,"Ec",28,1,1,0,1,1,0.770762719311211
"12831","1250","Ec_N",214,51,51,"Ec",28,1,1,0,1,1,0.770762719311211
"12832","1250","Ec_N",214,52,52,"Ec",32,1,1,1,1,1,1
"12833","1250","Ec_N",214,53,53,"Ec",32,1,1,1,1,1,1
"12834","1250","Ec_N",214,54,54,"Ec",32,1,1,1,1,1,1
"12835","1250","Ec_N",214,55,55,"Ec",32,1,1,1,1,1,1
"12836","1250","Ec_N",214,56,56,"Ec",32,1,1,1,1,1,1
"12837","1250","Ec_N",214,57,57,"Ec",32,1,1,1,1,1,1
"12838","1250","Ec_N",214,58,58,"Ec",32,1,1,1,1,1,1
"12839","1250","Ec_N",214,59,59,"Ec",32,1,1,1,1,1,1
"12840","1250","Ec_N",214,60,60,"Ec",32,1,1,1,1,1,1
"12841","1250","Ec_N",215,1,1,"Ec",1,0,0,0,0,0,0
"12842","1250","Ec_N",215,2,2,"Ec",1,0,0,0,0,0,0
"12843","1250","Ec_N",215,3,3,"Ec",1,0,0,0,0,0,0
"12844","1250","Ec_N",215,4,4,"Ec",17,0,0,0,0,1,0.14692246949649
"12845","1250","Ec_N",215,5,5,"Ec",17,0,0,0,0,1,0.14692246949649
"12846","1250","Ec_N",215,6,6,"Ec",21,0,0,1,0,1,0.428591116083543
"12847","1250","Ec_N",215,7,7,"Ec",21,0,0,1,0,1,0.428591116083543
"12848","1250","Ec_N",215,8,8,"Ec",21,0,0,1,0,1,0.428591116083543
"12849","1250","Ec_N",215,9,9,"Ec",21,0,0,1,0,1,0.428591116083543
"12850","1250","Ec_N",215,10,10,"Ec",21,0,0,1,0,1,0.428591116083543
"12851","1250","Ec_N",215,11,11,"Ec",21,0,0,1,0,1,0.428591116083543
"12852","1250","Ec_N",215,12,12,"Ec",21,0,0,1,0,1,0.428591116083543
"12853","1250","Ec_N",215,13,13,"Ec",21,0,0,1,0,1,0.428591116083543
"12854","1250","Ec_N",215,14,14,"Ec",21,0,0,1,0,1,0.428591116083543
"12855","1250","Ec_N",215,15,15,"Ec",23,0,1,1,0,1,0.511241695498657
"12856","1250","Ec_N",215,16,16,"Ec",23,0,1,1,0,1,0.511241695498657
"12857","1250","Ec_N",215,17,17,"Ec",23,0,1,1,0,1,0.511241695498657
"12858","1250","Ec_N",215,18,18,"Ec",23,0,1,1,0,1,0.511241695498657
"12859","1250","Ec_N",215,19,19,"Ec",23,0,1,1,0,1,0.511241695498657
"12860","1250","Ec_N",215,20,20,"Ec",23,0,1,1,0,1,0.511241695498657
"12861","1250","Ec_N",215,21,21,"Ec",23,0,1,1,0,1,0.511241695498657
"12862","1250","Ec_N",215,22,22,"Ec",23,0,1,1,0,1,0.511241695498657
"12863","1250","Ec_N",215,23,23,"Ec",23,0,1,1,0,1,0.511241695498657
"12864","1250","Ec_N",215,24,24,"Ec",24,1,1,1,0,1,0.732254349958425
"12865","1250","Ec_N",215,25,25,"Ec",24,1,1,1,0,1,0.732254349958425
"12866","1250","Ec_N",215,26,26,"Ec",24,1,1,1,0,1,0.732254349958425
"12867","1250","Ec_N",215,27,27,"Ec",24,1,1,1,0,1,0.732254349958425
"12868","1250","Ec_N",215,28,28,"Ec",24,1,1,1,0,1,0.732254349958425
"12869","1250","Ec_N",215,29,29,"Ec",24,1,1,1,0,1,0.732254349958425
"12870","1250","Ec_N",215,30,30,"Ec",24,1,1,1,0,1,0.732254349958425
"12871","1250","Ec_N",215,31,31,"Ec",24,1,1,1,0,1,0.732254349958425
"12872","1250","Ec_N",215,32,32,"Ec",24,1,1,1,0,1,0.732254349958425
"12873","1250","Ec_N",215,33,33,"Ec",24,1,1,1,0,1,0.732254349958425
"12874","1250","Ec_N",215,34,34,"Ec",24,1,1,1,0,1,0.732254349958425
"12875","1250","Ec_N",215,35,35,"Ec",32,1,1,1,1,1,1
"12876","1250","Ec_N",215,36,36,"Ec",32,1,1,1,1,1,1
"12877","1250","Ec_N",215,37,37,"Ec",32,1,1,1,1,1,1
"12878","1250","Ec_N",215,38,38,"Ec",32,1,1,1,1,1,1
"12879","1250","Ec_N",215,39,39,"Ec",32,1,1,1,1,1,1
"12880","1250","Ec_N",215,40,40,"Ec",32,1,1,1,1,1,1
"12881","1250","Ec_N",215,41,41,"Ec",32,1,1,1,1,1,1
"12882","1250","Ec_N",215,42,42,"Ec",32,1,1,1,1,1,1
"12883","1250","Ec_N",215,43,43,"Ec",32,1,1,1,1,1,1
"12884","1250","Ec_N",215,44,44,"Ec",32,1,1,1,1,1,1
"12885","1250","Ec_N",215,45,45,"Ec",32,1,1,1,1,1,1
"12886","1250","Ec_N",215,46,46,"Ec",32,1,1,1,1,1,1
"12887","1250","Ec_N",215,47,47,"Ec",32,1,1,1,1,1,1
"12888","1250","Ec_N",215,48,48,"Ec",32,1,1,1,1,1,1
"12889","1250","Ec_N",215,49,49,"Ec",32,1,1,1,1,1,1
"12890","1250","Ec_N",215,50,50,"Ec",32,1,1,1,1,1,1
"12891","1250","Ec_N",215,51,51,"Ec",32,1,1,1,1,1,1
"12892","1250","Ec_N",215,52,52,"Ec",32,1,1,1,1,1,1
"12893","1250","Ec_N",215,53,53,"Ec",32,1,1,1,1,1,1
"12894","1250","Ec_N",215,54,54,"Ec",32,1,1,1,1,1,1
"12895","1250","Ec_N",215,55,55,"Ec",32,1,1,1,1,1,1
"12896","1250","Ec_N",215,56,56,"Ec",32,1,1,1,1,1,1
"12897","1250","Ec_N",215,57,57,"Ec",32,1,1,1,1,1,1
"12898","1250","Ec_N",215,58,58,"Ec",32,1,1,1,1,1,1
"12899","1250","Ec_N",215,59,59,"Ec",32,1,1,1,1,1,1
"12900","1250","Ec_N",215,60,60,"Ec",32,1,1,1,1,1,1
"12901","1250","Ec_N",216,1,1,"Ec",1,0,0,0,0,0,0
"12902","1250","Ec_N",216,2,2,"Ec",1,0,0,0,0,0,0
"12903","1250","Ec_N",216,3,3,"Ec",2,1,0,0,0,0,0.221012654459768
"12904","1250","Ec_N",216,4,4,"Ec",2,1,0,0,0,0,0.221012654459768
"12905","1250","Ec_N",216,5,5,"Ec",2,1,0,0,0,0,0.221012654459768
"12906","1250","Ec_N",216,6,6,"Ec",2,1,0,0,0,0,0.221012654459768
"12907","1250","Ec_N",216,7,7,"Ec",2,1,0,0,0,0,0.221012654459768
"12908","1250","Ec_N",216,8,8,"Ec",2,1,0,0,0,0,0.221012654459768
"12909","1250","Ec_N",216,9,9,"Ec",18,1,0,0,0,1,0.417540278780587
"12910","1250","Ec_N",216,10,10,"Ec",18,1,0,0,0,1,0.417540278780587
"12911","1250","Ec_N",216,11,11,"Ec",18,1,0,0,0,1,0.417540278780587
"12912","1250","Ec_N",216,12,12,"Ec",18,1,0,0,0,1,0.417540278780587
"12913","1250","Ec_N",216,13,13,"Ec",18,1,0,0,0,1,0.417540278780587
"12914","1250","Ec_N",216,14,14,"Ec",18,1,0,0,0,1,0.417540278780587
"12915","1250","Ec_N",216,15,15,"Ec",26,1,0,0,1,1,0.685285928822162
"12916","1250","Ec_N",216,16,16,"Ec",26,1,0,0,1,1,0.685285928822162
"12917","1250","Ec_N",216,17,17,"Ec",26,1,0,0,1,1,0.685285928822162
"12918","1250","Ec_N",216,18,18,"Ec",26,1,0,0,1,1,0.685285928822162
"12919","1250","Ec_N",216,19,19,"Ec",26,1,0,0,1,1,0.685285928822162
"12920","1250","Ec_N",216,20,20,"Ec",28,1,1,0,1,1,0.770762719311211
"12921","1250","Ec_N",216,21,21,"Ec",28,1,1,0,1,1,0.770762719311211
"12922","1250","Ec_N",216,22,22,"Ec",28,1,1,0,1,1,0.770762719311211
"12923","1250","Ec_N",216,23,23,"Ec",28,1,1,0,1,1,0.770762719311211
"12924","1250","Ec_N",216,24,24,"Ec",28,1,1,0,1,1,0.770762719311211
"12925","1250","Ec_N",216,25,25,"Ec",32,1,1,1,1,1,1
"12926","1250","Ec_N",216,26,26,"Ec",32,1,1,1,1,1,1
"12927","1250","Ec_N",216,27,27,"Ec",32,1,1,1,1,1,1
"12928","1250","Ec_N",216,28,28,"Ec",32,1,1,1,1,1,1
"12929","1250","Ec_N",216,29,29,"Ec",32,1,1,1,1,1,1
"12930","1250","Ec_N",216,30,30,"Ec",32,1,1,1,1,1,1
"12931","1250","Ec_N",216,31,31,"Ec",32,1,1,1,1,1,1
"12932","1250","Ec_N",216,32,32,"Ec",32,1,1,1,1,1,1
"12933","1250","Ec_N",216,33,33,"Ec",32,1,1,1,1,1,1
"12934","1250","Ec_N",216,34,34,"Ec",32,1,1,1,1,1,1
"12935","1250","Ec_N",216,35,35,"Ec",32,1,1,1,1,1,1
"12936","1250","Ec_N",216,36,36,"Ec",32,1,1,1,1,1,1
"12937","1250","Ec_N",216,37,37,"Ec",32,1,1,1,1,1,1
"12938","1250","Ec_N",216,38,38,"Ec",32,1,1,1,1,1,1
"12939","1250","Ec_N",216,39,39,"Ec",32,1,1,1,1,1,1
"12940","1250","Ec_N",216,40,40,"Ec",32,1,1,1,1,1,1
"12941","1250","Ec_N",216,41,41,"Ec",32,1,1,1,1,1,1
"12942","1250","Ec_N",216,42,42,"Ec",32,1,1,1,1,1,1
"12943","1250","Ec_N",216,43,43,"Ec",32,1,1,1,1,1,1
"12944","1250","Ec_N",216,44,44,"Ec",32,1,1,1,1,1,1
"12945","1250","Ec_N",216,45,45,"Ec",32,1,1,1,1,1,1
"12946","1250","Ec_N",216,46,46,"Ec",32,1,1,1,1,1,1
"12947","1250","Ec_N",216,47,47,"Ec",32,1,1,1,1,1,1
"12948","1250","Ec_N",216,48,48,"Ec",32,1,1,1,1,1,1
"12949","1250","Ec_N",216,49,49,"Ec",32,1,1,1,1,1,1
"12950","1250","Ec_N",216,50,50,"Ec",32,1,1,1,1,1,1
"12951","1250","Ec_N",216,51,51,"Ec",32,1,1,1,1,1,1
"12952","1250","Ec_N",216,52,52,"Ec",32,1,1,1,1,1,1
"12953","1250","Ec_N",216,53,53,"Ec",32,1,1,1,1,1,1
"12954","1250","Ec_N",216,54,54,"Ec",32,1,1,1,1,1,1
"12955","1250","Ec_N",216,55,55,"Ec",32,1,1,1,1,1,1
"12956","1250","Ec_N",216,56,56,"Ec",32,1,1,1,1,1,1
"12957","1250","Ec_N",216,57,57,"Ec",32,1,1,1,1,1,1
"12958","1250","Ec_N",216,58,58,"Ec",32,1,1,1,1,1,1
"12959","1250","Ec_N",216,59,59,"Ec",32,1,1,1,1,1,1
"12960","1250","Ec_N",216,60,60,"Ec",32,1,1,1,1,1,1
"12961","1250","Ec_N",217,1,1,"Ec",1,0,0,0,0,0,0
"12962","1250","Ec_N",217,2,2,"Ec",2,1,0,0,0,0,0.221012654459768
"12963","1250","Ec_N",217,3,3,"Ec",2,1,0,0,0,0,0.221012654459768
"12964","1250","Ec_N",217,4,4,"Ec",2,1,0,0,0,0,0.221012654459768
"12965","1250","Ec_N",217,5,5,"Ec",2,1,0,0,0,0,0.221012654459768
"12966","1250","Ec_N",217,6,6,"Ec",2,1,0,0,0,0,0.221012654459768
"12967","1250","Ec_N",217,7,7,"Ec",2,1,0,0,0,0,0.221012654459768
"12968","1250","Ec_N",217,8,8,"Ec",2,1,0,0,0,0,0.221012654459768
"12969","1250","Ec_N",217,9,9,"Ec",2,1,0,0,0,0,0.221012654459768
"12970","1250","Ec_N",217,10,10,"Ec",2,1,0,0,0,0,0.221012654459768
"12971","1250","Ec_N",217,11,11,"Ec",2,1,0,0,0,0,0.221012654459768
"12972","1250","Ec_N",217,12,12,"Ec",2,1,0,0,0,0,0.221012654459768
"12973","1250","Ec_N",217,13,13,"Ec",2,1,0,0,0,0,0.221012654459768
"12974","1250","Ec_N",217,14,14,"Ec",10,1,0,0,1,0,0.488758304501343
"12975","1250","Ec_N",217,15,15,"Ec",10,1,0,0,1,0,0.488758304501343
"12976","1250","Ec_N",217,16,16,"Ec",10,1,0,0,1,0,0.488758304501343
"12977","1250","Ec_N",217,17,17,"Ec",26,1,0,0,1,1,0.685285928822162
"12978","1250","Ec_N",217,18,18,"Ec",26,1,0,0,1,1,0.685285928822162
"12979","1250","Ec_N",217,19,19,"Ec",26,1,0,0,1,1,0.685285928822162
"12980","1250","Ec_N",217,20,20,"Ec",26,1,0,0,1,1,0.685285928822162
"12981","1250","Ec_N",217,21,21,"Ec",26,1,0,0,1,1,0.685285928822162
"12982","1250","Ec_N",217,22,22,"Ec",26,1,0,0,1,1,0.685285928822162
"12983","1250","Ec_N",217,23,23,"Ec",26,1,0,0,1,1,0.685285928822162
"12984","1250","Ec_N",217,24,24,"Ec",26,1,0,0,1,1,0.685285928822162
"12985","1250","Ec_N",217,25,25,"Ec",26,1,0,0,1,1,0.685285928822162
"12986","1250","Ec_N",217,26,26,"Ec",26,1,0,0,1,1,0.685285928822162
"12987","1250","Ec_N",217,27,27,"Ec",26,1,0,0,1,1,0.685285928822162
"12988","1250","Ec_N",217,28,28,"Ec",26,1,0,0,1,1,0.685285928822162
"12989","1250","Ec_N",217,29,29,"Ec",26,1,0,0,1,1,0.685285928822162
"12990","1250","Ec_N",217,30,30,"Ec",26,1,0,0,1,1,0.685285928822162
"12991","1250","Ec_N",217,31,31,"Ec",26,1,0,0,1,1,0.685285928822162
"12992","1250","Ec_N",217,32,32,"Ec",26,1,0,0,1,1,0.685285928822162
"12993","1250","Ec_N",217,33,33,"Ec",26,1,0,0,1,1,0.685285928822162
"12994","1250","Ec_N",217,34,34,"Ec",26,1,0,0,1,1,0.685285928822162
"12995","1250","Ec_N",217,35,35,"Ec",26,1,0,0,1,1,0.685285928822162
"12996","1250","Ec_N",217,36,36,"Ec",26,1,0,0,1,1,0.685285928822162
"12997","1250","Ec_N",217,37,37,"Ec",26,1,0,0,1,1,0.685285928822162
"12998","1250","Ec_N",217,38,38,"Ec",30,1,0,1,1,1,0.981696467924213
"12999","1250","Ec_N",217,39,39,"Ec",30,1,0,1,1,1,0.981696467924213
"13000","1250","Ec_N",217,40,40,"Ec",30,1,0,1,1,1,0.981696467924213
"13001","1250","Ec_N",217,41,41,"Ec",30,1,0,1,1,1,0.981696467924213
"13002","1250","Ec_N",217,42,42,"Ec",30,1,0,1,1,1,0.981696467924213
"13003","1250","Ec_N",217,43,43,"Ec",30,1,0,1,1,1,0.981696467924213
"13004","1250","Ec_N",217,44,44,"Ec",30,1,0,1,1,1,0.981696467924213
"13005","1250","Ec_N",217,45,45,"Ec",30,1,0,1,1,1,0.981696467924213
"13006","1250","Ec_N",217,46,46,"Ec",30,1,0,1,1,1,0.981696467924213
"13007","1250","Ec_N",217,47,47,"Ec",30,1,0,1,1,1,0.981696467924213
"13008","1250","Ec_N",217,48,48,"Ec",30,1,0,1,1,1,0.981696467924213
"13009","1250","Ec_N",217,49,49,"Ec",30,1,0,1,1,1,0.981696467924213
"13010","1250","Ec_N",217,50,50,"Ec",30,1,0,1,1,1,0.981696467924213
"13011","1250","Ec_N",217,51,51,"Ec",30,1,0,1,1,1,0.981696467924213
"13012","1250","Ec_N",217,52,52,"Ec",30,1,0,1,1,1,0.981696467924213
"13013","1250","Ec_N",217,53,53,"Ec",30,1,0,1,1,1,0.981696467924213
"13014","1250","Ec_N",217,54,54,"Ec",30,1,0,1,1,1,0.981696467924213
"13015","1250","Ec_N",217,55,55,"Ec",30,1,0,1,1,1,0.981696467924213
"13016","1250","Ec_N",217,56,56,"Ec",30,1,0,1,1,1,0.981696467924213
"13017","1250","Ec_N",217,57,57,"Ec",30,1,0,1,1,1,0.981696467924213
"13018","1250","Ec_N",217,58,58,"Ec",30,1,0,1,1,1,0.981696467924213
"13019","1250","Ec_N",217,59,59,"Ec",32,1,1,1,1,1,1
"13020","1250","Ec_N",217,60,60,"Ec",32,1,1,1,1,1,1
"13021","1250","Ec_N",218,1,1,"Ec",1,0,0,0,0,0,0
"13022","1250","Ec_N",218,2,2,"Ec",17,0,0,0,0,1,0.14692246949649
"13023","1250","Ec_N",218,3,3,"Ec",17,0,0,0,0,1,0.14692246949649
"13024","1250","Ec_N",218,4,4,"Ec",17,0,0,0,0,1,0.14692246949649
"13025","1250","Ec_N",218,5,5,"Ec",17,0,0,0,0,1,0.14692246949649
"13026","1250","Ec_N",218,6,6,"Ec",17,0,0,0,0,1,0.14692246949649
"13027","1250","Ec_N",218,7,7,"Ec",17,0,0,0,0,1,0.14692246949649
"13028","1250","Ec_N",218,8,8,"Ec",17,0,0,0,0,1,0.14692246949649
"13029","1250","Ec_N",218,9,9,"Ec",17,0,0,0,0,1,0.14692246949649
"13030","1250","Ec_N",218,10,10,"Ec",17,0,0,0,0,1,0.14692246949649
"13031","1250","Ec_N",218,11,11,"Ec",17,0,0,0,0,1,0.14692246949649
"13032","1250","Ec_N",218,12,12,"Ec",17,0,0,0,0,1,0.14692246949649
"13033","1250","Ec_N",218,13,13,"Ec",21,0,0,1,0,1,0.428591116083543
"13034","1250","Ec_N",218,14,14,"Ec",21,0,0,1,0,1,0.428591116083543
"13035","1250","Ec_N",218,15,15,"Ec",23,0,1,1,0,1,0.511241695498657
"13036","1250","Ec_N",218,16,16,"Ec",23,0,1,1,0,1,0.511241695498657
"13037","1250","Ec_N",218,17,17,"Ec",23,0,1,1,0,1,0.511241695498657
"13038","1250","Ec_N",218,18,18,"Ec",23,0,1,1,0,1,0.511241695498657
"13039","1250","Ec_N",218,19,19,"Ec",24,1,1,1,0,1,0.732254349958425
"13040","1250","Ec_N",218,20,20,"Ec",24,1,1,1,0,1,0.732254349958425
"13041","1250","Ec_N",218,21,21,"Ec",32,1,1,1,1,1,1
"13042","1250","Ec_N",218,22,22,"Ec",32,1,1,1,1,1,1
"13043","1250","Ec_N",218,23,23,"Ec",32,1,1,1,1,1,1
"13044","1250","Ec_N",218,24,24,"Ec",32,1,1,1,1,1,1
"13045","1250","Ec_N",218,25,25,"Ec",32,1,1,1,1,1,1
"13046","1250","Ec_N",218,26,26,"Ec",32,1,1,1,1,1,1
"13047","1250","Ec_N",218,27,27,"Ec",32,1,1,1,1,1,1
"13048","1250","Ec_N",218,28,28,"Ec",32,1,1,1,1,1,1
"13049","1250","Ec_N",218,29,29,"Ec",32,1,1,1,1,1,1
"13050","1250","Ec_N",218,30,30,"Ec",32,1,1,1,1,1,1
"13051","1250","Ec_N",218,31,31,"Ec",32,1,1,1,1,1,1
"13052","1250","Ec_N",218,32,32,"Ec",32,1,1,1,1,1,1
"13053","1250","Ec_N",218,33,33,"Ec",32,1,1,1,1,1,1
"13054","1250","Ec_N",218,34,34,"Ec",32,1,1,1,1,1,1
"13055","1250","Ec_N",218,35,35,"Ec",32,1,1,1,1,1,1
"13056","1250","Ec_N",218,36,36,"Ec",32,1,1,1,1,1,1
"13057","1250","Ec_N",218,37,37,"Ec",32,1,1,1,1,1,1
"13058","1250","Ec_N",218,38,38,"Ec",32,1,1,1,1,1,1
"13059","1250","Ec_N",218,39,39,"Ec",32,1,1,1,1,1,1
"13060","1250","Ec_N",218,40,40,"Ec",32,1,1,1,1,1,1
"13061","1250","Ec_N",218,41,41,"Ec",32,1,1,1,1,1,1
"13062","1250","Ec_N",218,42,42,"Ec",32,1,1,1,1,1,1
"13063","1250","Ec_N",218,43,43,"Ec",32,1,1,1,1,1,1
"13064","1250","Ec_N",218,44,44,"Ec",32,1,1,1,1,1,1
"13065","1250","Ec_N",218,45,45,"Ec",32,1,1,1,1,1,1
"13066","1250","Ec_N",218,46,46,"Ec",32,1,1,1,1,1,1
"13067","1250","Ec_N",218,47,47,"Ec",32,1,1,1,1,1,1
"13068","1250","Ec_N",218,48,48,"Ec",32,1,1,1,1,1,1
"13069","1250","Ec_N",218,49,49,"Ec",32,1,1,1,1,1,1
"13070","1250","Ec_N",218,50,50,"Ec",32,1,1,1,1,1,1
"13071","1250","Ec_N",218,51,51,"Ec",32,1,1,1,1,1,1
"13072","1250","Ec_N",218,52,52,"Ec",32,1,1,1,1,1,1
"13073","1250","Ec_N",218,53,53,"Ec",32,1,1,1,1,1,1
"13074","1250","Ec_N",218,54,54,"Ec",32,1,1,1,1,1,1
"13075","1250","Ec_N",218,55,55,"Ec",32,1,1,1,1,1,1
"13076","1250","Ec_N",218,56,56,"Ec",32,1,1,1,1,1,1
"13077","1250","Ec_N",218,57,57,"Ec",32,1,1,1,1,1,1
"13078","1250","Ec_N",218,58,58,"Ec",32,1,1,1,1,1,1
"13079","1250","Ec_N",218,59,59,"Ec",32,1,1,1,1,1,1
"13080","1250","Ec_N",218,60,60,"Ec",32,1,1,1,1,1,1
"13081","1250","Ec_N",219,1,1,"Ec",1,0,0,0,0,0,0
"13082","1250","Ec_N",219,2,2,"Ec",5,0,0,1,0,0,0.232063491762724
"13083","1250","Ec_N",219,3,3,"Ec",5,0,0,1,0,0,0.232063491762724
"13084","1250","Ec_N",219,4,4,"Ec",5,0,0,1,0,0,0.232063491762724
"13085","1250","Ec_N",219,5,5,"Ec",5,0,0,1,0,0,0.232063491762724
"13086","1250","Ec_N",219,6,6,"Ec",5,0,0,1,0,0,0.232063491762724
"13087","1250","Ec_N",219,7,7,"Ec",5,0,0,1,0,0,0.232063491762724
"13088","1250","Ec_N",219,8,8,"Ec",5,0,0,1,0,0,0.232063491762724
"13089","1250","Ec_N",219,9,9,"Ec",5,0,0,1,0,0,0.232063491762724
"13090","1250","Ec_N",219,10,10,"Ec",5,0,0,1,0,0,0.232063491762724
"13091","1250","Ec_N",219,11,11,"Ec",5,0,0,1,0,0,0.232063491762724
"13092","1250","Ec_N",219,12,12,"Ec",5,0,0,1,0,0,0.232063491762724
"13093","1250","Ec_N",219,13,13,"Ec",5,0,0,1,0,0,0.232063491762724
"13094","1250","Ec_N",219,14,14,"Ec",7,0,1,1,0,0,0.314714071177838
"13095","1250","Ec_N",219,15,15,"Ec",7,0,1,1,0,0,0.314714071177838
"13096","1250","Ec_N",219,16,16,"Ec",7,0,1,1,0,0,0.314714071177838
"13097","1250","Ec_N",219,17,17,"Ec",7,0,1,1,0,0,0.314714071177838
"13098","1250","Ec_N",219,18,18,"Ec",7,0,1,1,0,0,0.314714071177838
"13099","1250","Ec_N",219,19,19,"Ec",7,0,1,1,0,0,0.314714071177838
"13100","1250","Ec_N",219,20,20,"Ec",7,0,1,1,0,0,0.314714071177838
"13101","1250","Ec_N",219,21,21,"Ec",7,0,1,1,0,0,0.314714071177838
"13102","1250","Ec_N",219,22,22,"Ec",7,0,1,1,0,0,0.314714071177838
"13103","1250","Ec_N",219,23,23,"Ec",7,0,1,1,0,0,0.314714071177838
"13104","1250","Ec_N",219,24,24,"Ec",7,0,1,1,0,0,0.314714071177838
"13105","1250","Ec_N",219,25,25,"Ec",7,0,1,1,0,0,0.314714071177838
"13106","1250","Ec_N",219,26,26,"Ec",7,0,1,1,0,0,0.314714071177838
"13107","1250","Ec_N",219,27,27,"Ec",7,0,1,1,0,0,0.314714071177838
"13108","1250","Ec_N",219,28,28,"Ec",7,0,1,1,0,0,0.314714071177838
"13109","1250","Ec_N",219,29,29,"Ec",7,0,1,1,0,0,0.314714071177838
"13110","1250","Ec_N",219,30,30,"Ec",7,0,1,1,0,0,0.314714071177838
"13111","1250","Ec_N",219,31,31,"Ec",7,0,1,1,0,0,0.314714071177838
"13112","1250","Ec_N",219,32,32,"Ec",7,0,1,1,0,0,0.314714071177838
"13113","1250","Ec_N",219,33,33,"Ec",7,0,1,1,0,0,0.314714071177838
"13114","1250","Ec_N",219,34,34,"Ec",7,0,1,1,0,0,0.314714071177838
"13115","1250","Ec_N",219,35,35,"Ec",7,0,1,1,0,0,0.314714071177838
"13116","1250","Ec_N",219,36,36,"Ec",7,0,1,1,0,0,0.314714071177838
"13117","1250","Ec_N",219,37,37,"Ec",7,0,1,1,0,0,0.314714071177838
"13118","1250","Ec_N",219,38,38,"Ec",8,1,1,1,0,0,0.440600849145421
"13119","1250","Ec_N",219,39,39,"Ec",16,1,1,1,1,0,0.879284144928883
"13120","1250","Ec_N",219,40,40,"Ec",16,1,1,1,1,0,0.879284144928883
"13121","1250","Ec_N",219,41,41,"Ec",16,1,1,1,1,0,0.879284144928883
"13122","1250","Ec_N",219,42,42,"Ec",16,1,1,1,1,0,0.879284144928883
"13123","1250","Ec_N",219,43,43,"Ec",16,1,1,1,1,0,0.879284144928883
"13124","1250","Ec_N",219,44,44,"Ec",16,1,1,1,1,0,0.879284144928883
"13125","1250","Ec_N",219,45,45,"Ec",16,1,1,1,1,0,0.879284144928883
"13126","1250","Ec_N",219,46,46,"Ec",16,1,1,1,1,0,0.879284144928883
"13127","1250","Ec_N",219,47,47,"Ec",16,1,1,1,1,0,0.879284144928883
"13128","1250","Ec_N",219,48,48,"Ec",16,1,1,1,1,0,0.879284144928883
"13129","1250","Ec_N",219,49,49,"Ec",16,1,1,1,1,0,0.879284144928883
"13130","1250","Ec_N",219,50,50,"Ec",16,1,1,1,1,0,0.879284144928883
"13131","1250","Ec_N",219,51,51,"Ec",16,1,1,1,1,0,0.879284144928883
"13132","1250","Ec_N",219,52,52,"Ec",16,1,1,1,1,0,0.879284144928883
"13133","1250","Ec_N",219,53,53,"Ec",16,1,1,1,1,0,0.879284144928883
"13134","1250","Ec_N",219,54,54,"Ec",16,1,1,1,1,0,0.879284144928883
"13135","1250","Ec_N",219,55,55,"Ec",16,1,1,1,1,0,0.879284144928883
"13136","1250","Ec_N",219,56,56,"Ec",16,1,1,1,1,0,0.879284144928883
"13137","1250","Ec_N",219,57,57,"Ec",16,1,1,1,1,0,0.879284144928883
"13138","1250","Ec_N",219,58,58,"Ec",16,1,1,1,1,0,0.879284144928883
"13139","1250","Ec_N",219,59,59,"Ec",16,1,1,1,1,0,0.879284144928883
"13140","1250","Ec_N",219,60,60,"Ec",16,1,1,1,1,0,0.879284144928883
"13141","1250","Ec_N",220,1,1,"Ec",1,0,0,0,0,0,0
"13142","1250","Ec_N",220,2,2,"Ec",1,0,0,0,0,0,0
"13143","1250","Ec_N",220,3,3,"Ec",1,0,0,0,0,0,0
"13144","1250","Ec_N",220,4,4,"Ec",2,1,0,0,0,0,0.221012654459768
"13145","1250","Ec_N",220,5,5,"Ec",2,1,0,0,0,0,0.221012654459768
"13146","1250","Ec_N",220,6,6,"Ec",2,1,0,0,0,0,0.221012654459768
"13147","1250","Ec_N",220,7,7,"Ec",18,1,0,0,0,1,0.417540278780587
"13148","1250","Ec_N",220,8,8,"Ec",22,1,0,1,0,1,0.649603770543311
"13149","1250","Ec_N",220,9,9,"Ec",22,1,0,1,0,1,0.649603770543311
"13150","1250","Ec_N",220,10,10,"Ec",22,1,0,1,0,1,0.649603770543311
"13151","1250","Ec_N",220,11,11,"Ec",22,1,0,1,0,1,0.649603770543311
"13152","1250","Ec_N",220,12,12,"Ec",22,1,0,1,0,1,0.649603770543311
"13153","1250","Ec_N",220,13,13,"Ec",22,1,0,1,0,1,0.649603770543311
"13154","1250","Ec_N",220,14,14,"Ec",22,1,0,1,0,1,0.649603770543311
"13155","1250","Ec_N",220,15,15,"Ec",30,1,0,1,1,1,0.981696467924213
"13156","1250","Ec_N",220,16,16,"Ec",30,1,0,1,1,1,0.981696467924213
"13157","1250","Ec_N",220,17,17,"Ec",30,1,0,1,1,1,0.981696467924213
"13158","1250","Ec_N",220,18,18,"Ec",30,1,0,1,1,1,0.981696467924213
"13159","1250","Ec_N",220,19,19,"Ec",30,1,0,1,1,1,0.981696467924213
"13160","1250","Ec_N",220,20,20,"Ec",30,1,0,1,1,1,0.981696467924213
"13161","1250","Ec_N",220,21,21,"Ec",30,1,0,1,1,1,0.981696467924213
"13162","1250","Ec_N",220,22,22,"Ec",30,1,0,1,1,1,0.981696467924213
"13163","1250","Ec_N",220,23,23,"Ec",30,1,0,1,1,1,0.981696467924213
"13164","1250","Ec_N",220,24,24,"Ec",30,1,0,1,1,1,0.981696467924213
"13165","1250","Ec_N",220,25,25,"Ec",30,1,0,1,1,1,0.981696467924213
"13166","1250","Ec_N",220,26,26,"Ec",30,1,0,1,1,1,0.981696467924213
"13167","1250","Ec_N",220,27,27,"Ec",30,1,0,1,1,1,0.981696467924213
"13168","1250","Ec_N",220,28,28,"Ec",30,1,0,1,1,1,0.981696467924213
"13169","1250","Ec_N",220,29,29,"Ec",30,1,0,1,1,1,0.981696467924213
"13170","1250","Ec_N",220,30,30,"Ec",30,1,0,1,1,1,0.981696467924213
"13171","1250","Ec_N",220,31,31,"Ec",30,1,0,1,1,1,0.981696467924213
"13172","1250","Ec_N",220,32,32,"Ec",30,1,0,1,1,1,0.981696467924213
"13173","1250","Ec_N",220,33,33,"Ec",30,1,0,1,1,1,0.981696467924213
"13174","1250","Ec_N",220,34,34,"Ec",30,1,0,1,1,1,0.981696467924213
"13175","1250","Ec_N",220,35,35,"Ec",32,1,1,1,1,1,1
"13176","1250","Ec_N",220,36,36,"Ec",32,1,1,1,1,1,1
"13177","1250","Ec_N",220,37,37,"Ec",32,1,1,1,1,1,1
"13178","1250","Ec_N",220,38,38,"Ec",32,1,1,1,1,1,1
"13179","1250","Ec_N",220,39,39,"Ec",32,1,1,1,1,1,1
"13180","1250","Ec_N",220,40,40,"Ec",32,1,1,1,1,1,1
"13181","1250","Ec_N",220,41,41,"Ec",32,1,1,1,1,1,1
"13182","1250","Ec_N",220,42,42,"Ec",32,1,1,1,1,1,1
"13183","1250","Ec_N",220,43,43,"Ec",32,1,1,1,1,1,1
"13184","1250","Ec_N",220,44,44,"Ec",32,1,1,1,1,1,1
"13185","1250","Ec_N",220,45,45,"Ec",32,1,1,1,1,1,1
"13186","1250","Ec_N",220,46,46,"Ec",32,1,1,1,1,1,1
"13187","1250","Ec_N",220,47,47,"Ec",32,1,1,1,1,1,1
"13188","1250","Ec_N",220,48,48,"Ec",32,1,1,1,1,1,1
"13189","1250","Ec_N",220,49,49,"Ec",32,1,1,1,1,1,1
"13190","1250","Ec_N",220,50,50,"Ec",32,1,1,1,1,1,1
"13191","1250","Ec_N",220,51,51,"Ec",32,1,1,1,1,1,1
"13192","1250","Ec_N",220,52,52,"Ec",32,1,1,1,1,1,1
"13193","1250","Ec_N",220,53,53,"Ec",32,1,1,1,1,1,1
"13194","1250","Ec_N",220,54,54,"Ec",32,1,1,1,1,1,1
"13195","1250","Ec_N",220,55,55,"Ec",32,1,1,1,1,1,1
"13196","1250","Ec_N",220,56,56,"Ec",32,1,1,1,1,1,1
"13197","1250","Ec_N",220,57,57,"Ec",32,1,1,1,1,1,1
"13198","1250","Ec_N",220,58,58,"Ec",32,1,1,1,1,1,1
"13199","1250","Ec_N",220,59,59,"Ec",32,1,1,1,1,1,1
"13200","1250","Ec_N",220,60,60,"Ec",32,1,1,1,1,1,1
"13201","1250","Ec_N",221,1,1,"Ec",1,0,0,0,0,0,0
"13202","1250","Ec_N",221,2,2,"Ec",1,0,0,0,0,0,0
"13203","1250","Ec_N",221,3,3,"Ec",1,0,0,0,0,0,0
"13204","1250","Ec_N",221,4,4,"Ec",1,0,0,0,0,0,0
"13205","1250","Ec_N",221,5,5,"Ec",1,0,0,0,0,0,0
"13206","1250","Ec_N",221,6,6,"Ec",1,0,0,0,0,0,0
"13207","1250","Ec_N",221,7,7,"Ec",9,0,0,0,1,0,0.267745650041575
"13208","1250","Ec_N",221,8,8,"Ec",9,0,0,0,1,0,0.267745650041575
"13209","1250","Ec_N",221,9,9,"Ec",9,0,0,0,1,0,0.267745650041575
"13210","1250","Ec_N",221,10,10,"Ec",9,0,0,0,1,0,0.267745650041575
"13211","1250","Ec_N",221,11,11,"Ec",9,0,0,0,1,0,0.267745650041575
"13212","1250","Ec_N",221,12,12,"Ec",13,0,0,1,1,0,0.499809141804299
"13213","1250","Ec_N",221,13,13,"Ec",13,0,0,1,1,0,0.499809141804299
"13214","1250","Ec_N",221,14,14,"Ec",13,0,0,1,1,0,0.499809141804299
"13215","1250","Ec_N",221,15,15,"Ec",15,0,1,1,1,0,0.582459721219413
"13216","1250","Ec_N",221,16,16,"Ec",15,0,1,1,1,0,0.582459721219413
"13217","1250","Ec_N",221,17,17,"Ec",15,0,1,1,1,0,0.582459721219413
"13218","1250","Ec_N",221,18,18,"Ec",15,0,1,1,1,0,0.582459721219413
"13219","1250","Ec_N",221,19,19,"Ec",15,0,1,1,1,0,0.582459721219413
"13220","1250","Ec_N",221,20,20,"Ec",15,0,1,1,1,0,0.582459721219413
"13221","1250","Ec_N",221,21,21,"Ec",15,0,1,1,1,0,0.582459721219413
"13222","1250","Ec_N",221,22,22,"Ec",15,0,1,1,1,0,0.582459721219413
"13223","1250","Ec_N",221,23,23,"Ec",15,0,1,1,1,0,0.582459721219413
"13224","1250","Ec_N",221,24,24,"Ec",15,0,1,1,1,0,0.582459721219413
"13225","1250","Ec_N",221,25,25,"Ec",15,0,1,1,1,0,0.582459721219413
"13226","1250","Ec_N",221,26,26,"Ec",15,0,1,1,1,0,0.582459721219413
"13227","1250","Ec_N",221,27,27,"Ec",15,0,1,1,1,0,0.582459721219413
"13228","1250","Ec_N",221,28,28,"Ec",15,0,1,1,1,0,0.582459721219413
"13229","1250","Ec_N",221,29,29,"Ec",15,0,1,1,1,0,0.582459721219413
"13230","1250","Ec_N",221,30,30,"Ec",15,0,1,1,1,0,0.582459721219413
"13231","1250","Ec_N",221,31,31,"Ec",15,0,1,1,1,0,0.582459721219413
"13232","1250","Ec_N",221,32,32,"Ec",15,0,1,1,1,0,0.582459721219413
"13233","1250","Ec_N",221,33,33,"Ec",15,0,1,1,1,0,0.582459721219413
"13234","1250","Ec_N",221,34,34,"Ec",15,0,1,1,1,0,0.582459721219413
"13235","1250","Ec_N",221,35,35,"Ec",15,0,1,1,1,0,0.582459721219413
"13236","1250","Ec_N",221,36,36,"Ec",15,0,1,1,1,0,0.582459721219413
"13237","1250","Ec_N",221,37,37,"Ec",15,0,1,1,1,0,0.582459721219413
"13238","1250","Ec_N",221,38,38,"Ec",15,0,1,1,1,0,0.582459721219413
"13239","1250","Ec_N",221,39,39,"Ec",15,0,1,1,1,0,0.582459721219413
"13240","1250","Ec_N",221,40,40,"Ec",15,0,1,1,1,0,0.582459721219413
"13241","1250","Ec_N",221,41,41,"Ec",15,0,1,1,1,0,0.582459721219413
"13242","1250","Ec_N",221,42,42,"Ec",15,0,1,1,1,0,0.582459721219413
"13243","1250","Ec_N",221,43,43,"Ec",15,0,1,1,1,0,0.582459721219413
"13244","1250","Ec_N",221,44,44,"Ec",15,0,1,1,1,0,0.582459721219413
"13245","1250","Ec_N",221,45,45,"Ec",15,0,1,1,1,0,0.582459721219413
"13246","1250","Ec_N",221,46,46,"Ec",15,0,1,1,1,0,0.582459721219413
"13247","1250","Ec_N",221,47,47,"Ec",15,0,1,1,1,0,0.582459721219413
"13248","1250","Ec_N",221,48,48,"Ec",15,0,1,1,1,0,0.582459721219413
"13249","1250","Ec_N",221,49,49,"Ec",15,0,1,1,1,0,0.582459721219413
"13250","1250","Ec_N",221,50,50,"Ec",15,0,1,1,1,0,0.582459721219413
"13251","1250","Ec_N",221,51,51,"Ec",15,0,1,1,1,0,0.582459721219413
"13252","1250","Ec_N",221,52,52,"Ec",15,0,1,1,1,0,0.582459721219413
"13253","1250","Ec_N",221,53,53,"Ec",31,0,1,1,1,1,0.778987345540232
"13254","1250","Ec_N",221,54,54,"Ec",31,0,1,1,1,1,0.778987345540232
"13255","1250","Ec_N",221,55,55,"Ec",31,0,1,1,1,1,0.778987345540232
"13256","1250","Ec_N",221,56,56,"Ec",31,0,1,1,1,1,0.778987345540232
"13257","1250","Ec_N",221,57,57,"Ec",31,0,1,1,1,1,0.778987345540232
"13258","1250","Ec_N",221,58,58,"Ec",31,0,1,1,1,1,0.778987345540232
"13259","1250","Ec_N",221,59,59,"Ec",31,0,1,1,1,1,0.778987345540232
"13260","1250","Ec_N",221,60,60,"Ec",31,0,1,1,1,1,0.778987345540232
"13261","1250","Ec_N",222,1,1,"Ec",1,0,0,0,0,0,0
"13262","1250","Ec_N",222,2,2,"Ec",1,0,0,0,0,0,0
"13263","1250","Ec_N",222,3,3,"Ec",2,1,0,0,0,0,0.221012654459768
"13264","1250","Ec_N",222,4,4,"Ec",2,1,0,0,0,0,0.221012654459768
"13265","1250","Ec_N",222,5,5,"Ec",2,1,0,0,0,0,0.221012654459768
"13266","1250","Ec_N",222,6,6,"Ec",2,1,0,0,0,0,0.221012654459768
"13267","1250","Ec_N",222,7,7,"Ec",4,1,1,0,0,0,0.303663233874882
"13268","1250","Ec_N",222,8,8,"Ec",4,1,1,0,0,0,0.303663233874882
"13269","1250","Ec_N",222,9,9,"Ec",4,1,1,0,0,0,0.303663233874882
"13270","1250","Ec_N",222,10,10,"Ec",20,1,1,0,0,1,0.500190858195701
"13271","1250","Ec_N",222,11,11,"Ec",20,1,1,0,0,1,0.500190858195701
"13272","1250","Ec_N",222,12,12,"Ec",20,1,1,0,0,1,0.500190858195701
"13273","1250","Ec_N",222,13,13,"Ec",20,1,1,0,0,1,0.500190858195701
"13274","1250","Ec_N",222,14,14,"Ec",20,1,1,0,0,1,0.500190858195701
"13275","1250","Ec_N",222,15,15,"Ec",20,1,1,0,0,1,0.500190858195701
"13276","1250","Ec_N",222,16,16,"Ec",20,1,1,0,0,1,0.500190858195701
"13277","1250","Ec_N",222,17,17,"Ec",20,1,1,0,0,1,0.500190858195701
"13278","1250","Ec_N",222,18,18,"Ec",20,1,1,0,0,1,0.500190858195701
"13279","1250","Ec_N",222,19,19,"Ec",20,1,1,0,0,1,0.500190858195701
"13280","1250","Ec_N",222,20,20,"Ec",28,1,1,0,1,1,0.770762719311211
"13281","1250","Ec_N",222,21,21,"Ec",28,1,1,0,1,1,0.770762719311211
"13282","1250","Ec_N",222,22,22,"Ec",28,1,1,0,1,1,0.770762719311211
"13283","1250","Ec_N",222,23,23,"Ec",28,1,1,0,1,1,0.770762719311211
"13284","1250","Ec_N",222,24,24,"Ec",28,1,1,0,1,1,0.770762719311211
"13285","1250","Ec_N",222,25,25,"Ec",28,1,1,0,1,1,0.770762719311211
"13286","1250","Ec_N",222,26,26,"Ec",28,1,1,0,1,1,0.770762719311211
"13287","1250","Ec_N",222,27,27,"Ec",28,1,1,0,1,1,0.770762719311211
"13288","1250","Ec_N",222,28,28,"Ec",28,1,1,0,1,1,0.770762719311211
"13289","1250","Ec_N",222,29,29,"Ec",28,1,1,0,1,1,0.770762719311211
"13290","1250","Ec_N",222,30,30,"Ec",28,1,1,0,1,1,0.770762719311211
"13291","1250","Ec_N",222,31,31,"Ec",28,1,1,0,1,1,0.770762719311211
"13292","1250","Ec_N",222,32,32,"Ec",28,1,1,0,1,1,0.770762719311211
"13293","1250","Ec_N",222,33,33,"Ec",28,1,1,0,1,1,0.770762719311211
"13294","1250","Ec_N",222,34,34,"Ec",28,1,1,0,1,1,0.770762719311211
"13295","1250","Ec_N",222,35,35,"Ec",28,1,1,0,1,1,0.770762719311211
"13296","1250","Ec_N",222,36,36,"Ec",28,1,1,0,1,1,0.770762719311211
"13297","1250","Ec_N",222,37,37,"Ec",28,1,1,0,1,1,0.770762719311211
"13298","1250","Ec_N",222,38,38,"Ec",28,1,1,0,1,1,0.770762719311211
"13299","1250","Ec_N",222,39,39,"Ec",28,1,1,0,1,1,0.770762719311211
"13300","1250","Ec_N",222,40,40,"Ec",28,1,1,0,1,1,0.770762719311211
"13301","1250","Ec_N",222,41,41,"Ec",28,1,1,0,1,1,0.770762719311211
"13302","1250","Ec_N",222,42,42,"Ec",28,1,1,0,1,1,0.770762719311211
"13303","1250","Ec_N",222,43,43,"Ec",28,1,1,0,1,1,0.770762719311211
"13304","1250","Ec_N",222,44,44,"Ec",28,1,1,0,1,1,0.770762719311211
"13305","1250","Ec_N",222,45,45,"Ec",32,1,1,1,1,1,1
"13306","1250","Ec_N",222,46,46,"Ec",32,1,1,1,1,1,1
"13307","1250","Ec_N",222,47,47,"Ec",32,1,1,1,1,1,1
"13308","1250","Ec_N",222,48,48,"Ec",32,1,1,1,1,1,1
"13309","1250","Ec_N",222,49,49,"Ec",32,1,1,1,1,1,1
"13310","1250","Ec_N",222,50,50,"Ec",32,1,1,1,1,1,1
"13311","1250","Ec_N",222,51,51,"Ec",32,1,1,1,1,1,1
"13312","1250","Ec_N",222,52,52,"Ec",32,1,1,1,1,1,1
"13313","1250","Ec_N",222,53,53,"Ec",32,1,1,1,1,1,1
"13314","1250","Ec_N",222,54,54,"Ec",32,1,1,1,1,1,1
"13315","1250","Ec_N",222,55,55,"Ec",32,1,1,1,1,1,1
"13316","1250","Ec_N",222,56,56,"Ec",32,1,1,1,1,1,1
"13317","1250","Ec_N",222,57,57,"Ec",32,1,1,1,1,1,1
"13318","1250","Ec_N",222,58,58,"Ec",32,1,1,1,1,1,1
"13319","1250","Ec_N",222,59,59,"Ec",32,1,1,1,1,1,1
"13320","1250","Ec_N",222,60,60,"Ec",32,1,1,1,1,1,1
"13321","1250","Ec_N",223,1,1,"Ec",1,0,0,0,0,0,0
"13322","1250","Ec_N",223,2,2,"Ec",1,0,0,0,0,0,0
"13323","1250","Ec_N",223,3,3,"Ec",1,0,0,0,0,0,0
"13324","1250","Ec_N",223,4,4,"Ec",1,0,0,0,0,0,0
"13325","1250","Ec_N",223,5,5,"Ec",2,1,0,0,0,0,0.221012654459768
"13326","1250","Ec_N",223,6,6,"Ec",2,1,0,0,0,0,0.221012654459768
"13327","1250","Ec_N",223,7,7,"Ec",6,1,0,1,0,0,0.453076146222492
"13328","1250","Ec_N",223,8,8,"Ec",6,1,0,1,0,0,0.453076146222492
"13329","1250","Ec_N",223,9,9,"Ec",6,1,0,1,0,0,0.453076146222492
"13330","1250","Ec_N",223,10,10,"Ec",6,1,0,1,0,0,0.453076146222492
"13331","1250","Ec_N",223,11,11,"Ec",6,1,0,1,0,0,0.453076146222492
"13332","1250","Ec_N",223,12,12,"Ec",6,1,0,1,0,0,0.453076146222492
"13333","1250","Ec_N",223,13,13,"Ec",6,1,0,1,0,0,0.453076146222492
"13334","1250","Ec_N",223,14,14,"Ec",6,1,0,1,0,0,0.453076146222492
"13335","1250","Ec_N",223,15,15,"Ec",6,1,0,1,0,0,0.453076146222492
"13336","1250","Ec_N",223,16,16,"Ec",6,1,0,1,0,0,0.453076146222492
"13337","1250","Ec_N",223,17,17,"Ec",6,1,0,1,0,0,0.453076146222492
"13338","1250","Ec_N",223,18,18,"Ec",6,1,0,1,0,0,0.453076146222492
"13339","1250","Ec_N",223,19,19,"Ec",22,1,0,1,0,1,0.649603770543311
"13340","1250","Ec_N",223,20,20,"Ec",22,1,0,1,0,1,0.649603770543311
"13341","1250","Ec_N",223,21,21,"Ec",24,1,1,1,0,1,0.732254349958425
"13342","1250","Ec_N",223,22,22,"Ec",24,1,1,1,0,1,0.732254349958425
"13343","1250","Ec_N",223,23,23,"Ec",24,1,1,1,0,1,0.732254349958425
"13344","1250","Ec_N",223,24,24,"Ec",24,1,1,1,0,1,0.732254349958425
"13345","1250","Ec_N",223,25,25,"Ec",24,1,1,1,0,1,0.732254349958425
"13346","1250","Ec_N",223,26,26,"Ec",24,1,1,1,0,1,0.732254349958425
"13347","1250","Ec_N",223,27,27,"Ec",24,1,1,1,0,1,0.732254349958425
"13348","1250","Ec_N",223,28,28,"Ec",24,1,1,1,0,1,0.732254349958425
"13349","1250","Ec_N",223,29,29,"Ec",24,1,1,1,0,1,0.732254349958425
"13350","1250","Ec_N",223,30,30,"Ec",24,1,1,1,0,1,0.732254349958425
"13351","1250","Ec_N",223,31,31,"Ec",24,1,1,1,0,1,0.732254349958425
"13352","1250","Ec_N",223,32,32,"Ec",24,1,1,1,0,1,0.732254349958425
"13353","1250","Ec_N",223,33,33,"Ec",24,1,1,1,0,1,0.732254349958425
"13354","1250","Ec_N",223,34,34,"Ec",24,1,1,1,0,1,0.732254349958425
"13355","1250","Ec_N",223,35,35,"Ec",24,1,1,1,0,1,0.732254349958425
"13356","1250","Ec_N",223,36,36,"Ec",24,1,1,1,0,1,0.732254349958425
"13357","1250","Ec_N",223,37,37,"Ec",24,1,1,1,0,1,0.732254349958425
"13358","1250","Ec_N",223,38,38,"Ec",24,1,1,1,0,1,0.732254349958425
"13359","1250","Ec_N",223,39,39,"Ec",24,1,1,1,0,1,0.732254349958425
"13360","1250","Ec_N",223,40,40,"Ec",24,1,1,1,0,1,0.732254349958425
"13361","1250","Ec_N",223,41,41,"Ec",24,1,1,1,0,1,0.732254349958425
"13362","1250","Ec_N",223,42,42,"Ec",24,1,1,1,0,1,0.732254349958425
"13363","1250","Ec_N",223,43,43,"Ec",24,1,1,1,0,1,0.732254349958425
"13364","1250","Ec_N",223,44,44,"Ec",24,1,1,1,0,1,0.732254349958425
"13365","1250","Ec_N",223,45,45,"Ec",24,1,1,1,0,1,0.732254349958425
"13366","1250","Ec_N",223,46,46,"Ec",24,1,1,1,0,1,0.732254349958425
"13367","1250","Ec_N",223,47,47,"Ec",24,1,1,1,0,1,0.732254349958425
"13368","1250","Ec_N",223,48,48,"Ec",24,1,1,1,0,1,0.732254349958425
"13369","1250","Ec_N",223,49,49,"Ec",24,1,1,1,0,1,0.732254349958425
"13370","1250","Ec_N",223,50,50,"Ec",24,1,1,1,0,1,0.732254349958425
"13371","1250","Ec_N",223,51,51,"Ec",24,1,1,1,0,1,0.732254349958425
"13372","1250","Ec_N",223,52,52,"Ec",24,1,1,1,0,1,0.732254349958425
"13373","1250","Ec_N",223,53,53,"Ec",24,1,1,1,0,1,0.732254349958425
"13374","1250","Ec_N",223,54,54,"Ec",24,1,1,1,0,1,0.732254349958425
"13375","1250","Ec_N",223,55,55,"Ec",24,1,1,1,0,1,0.732254349958425
"13376","1250","Ec_N",223,56,56,"Ec",24,1,1,1,0,1,0.732254349958425
"13377","1250","Ec_N",223,57,57,"Ec",24,1,1,1,0,1,0.732254349958425
"13378","1250","Ec_N",223,58,58,"Ec",32,1,1,1,1,1,1
"13379","1250","Ec_N",223,59,59,"Ec",32,1,1,1,1,1,1
"13380","1250","Ec_N",223,60,60,"Ec",32,1,1,1,1,1,1
"13381","1250","Ec_N",224,1,1,"Ec",1,0,0,0,0,0,0
"13382","1250","Ec_N",224,2,2,"Ec",1,0,0,0,0,0,0
"13383","1250","Ec_N",224,3,3,"Ec",2,1,0,0,0,0,0.221012654459768
"13384","1250","Ec_N",224,4,4,"Ec",2,1,0,0,0,0,0.221012654459768
"13385","1250","Ec_N",224,5,5,"Ec",18,1,0,0,0,1,0.417540278780587
"13386","1250","Ec_N",224,6,6,"Ec",18,1,0,0,0,1,0.417540278780587
"13387","1250","Ec_N",224,7,7,"Ec",18,1,0,0,0,1,0.417540278780587
"13388","1250","Ec_N",224,8,8,"Ec",18,1,0,0,0,1,0.417540278780587
"13389","1250","Ec_N",224,9,9,"Ec",26,1,0,0,1,1,0.685285928822162
"13390","1250","Ec_N",224,10,10,"Ec",26,1,0,0,1,1,0.685285928822162
"13391","1250","Ec_N",224,11,11,"Ec",26,1,0,0,1,1,0.685285928822162
"13392","1250","Ec_N",224,12,12,"Ec",26,1,0,0,1,1,0.685285928822162
"13393","1250","Ec_N",224,13,13,"Ec",26,1,0,0,1,1,0.685285928822162
"13394","1250","Ec_N",224,14,14,"Ec",26,1,0,0,1,1,0.685285928822162
"13395","1250","Ec_N",224,15,15,"Ec",30,1,0,1,1,1,0.981696467924213
"13396","1250","Ec_N",224,16,16,"Ec",30,1,0,1,1,1,0.981696467924213
"13397","1250","Ec_N",224,17,17,"Ec",30,1,0,1,1,1,0.981696467924213
"13398","1250","Ec_N",224,18,18,"Ec",30,1,0,1,1,1,0.981696467924213
"13399","1250","Ec_N",224,19,19,"Ec",30,1,0,1,1,1,0.981696467924213
"13400","1250","Ec_N",224,20,20,"Ec",30,1,0,1,1,1,0.981696467924213
"13401","1250","Ec_N",224,21,21,"Ec",30,1,0,1,1,1,0.981696467924213
"13402","1250","Ec_N",224,22,22,"Ec",30,1,0,1,1,1,0.981696467924213
"13403","1250","Ec_N",224,23,23,"Ec",30,1,0,1,1,1,0.981696467924213
"13404","1250","Ec_N",224,24,24,"Ec",30,1,0,1,1,1,0.981696467924213
"13405","1250","Ec_N",224,25,25,"Ec",30,1,0,1,1,1,0.981696467924213
"13406","1250","Ec_N",224,26,26,"Ec",30,1,0,1,1,1,0.981696467924213
"13407","1250","Ec_N",224,27,27,"Ec",30,1,0,1,1,1,0.981696467924213
"13408","1250","Ec_N",224,28,28,"Ec",30,1,0,1,1,1,0.981696467924213
"13409","1250","Ec_N",224,29,29,"Ec",30,1,0,1,1,1,0.981696467924213
"13410","1250","Ec_N",224,30,30,"Ec",30,1,0,1,1,1,0.981696467924213
"13411","1250","Ec_N",224,31,31,"Ec",30,1,0,1,1,1,0.981696467924213
"13412","1250","Ec_N",224,32,32,"Ec",30,1,0,1,1,1,0.981696467924213
"13413","1250","Ec_N",224,33,33,"Ec",32,1,1,1,1,1,1
"13414","1250","Ec_N",224,34,34,"Ec",32,1,1,1,1,1,1
"13415","1250","Ec_N",224,35,35,"Ec",32,1,1,1,1,1,1
"13416","1250","Ec_N",224,36,36,"Ec",32,1,1,1,1,1,1
"13417","1250","Ec_N",224,37,37,"Ec",32,1,1,1,1,1,1
"13418","1250","Ec_N",224,38,38,"Ec",32,1,1,1,1,1,1
"13419","1250","Ec_N",224,39,39,"Ec",32,1,1,1,1,1,1
"13420","1250","Ec_N",224,40,40,"Ec",32,1,1,1,1,1,1
"13421","1250","Ec_N",224,41,41,"Ec",32,1,1,1,1,1,1
"13422","1250","Ec_N",224,42,42,"Ec",32,1,1,1,1,1,1
"13423","1250","Ec_N",224,43,43,"Ec",32,1,1,1,1,1,1
"13424","1250","Ec_N",224,44,44,"Ec",32,1,1,1,1,1,1
"13425","1250","Ec_N",224,45,45,"Ec",32,1,1,1,1,1,1
"13426","1250","Ec_N",224,46,46,"Ec",32,1,1,1,1,1,1
"13427","1250","Ec_N",224,47,47,"Ec",32,1,1,1,1,1,1
"13428","1250","Ec_N",224,48,48,"Ec",32,1,1,1,1,1,1
"13429","1250","Ec_N",224,49,49,"Ec",32,1,1,1,1,1,1
"13430","1250","Ec_N",224,50,50,"Ec",32,1,1,1,1,1,1
"13431","1250","Ec_N",224,51,51,"Ec",32,1,1,1,1,1,1
"13432","1250","Ec_N",224,52,52,"Ec",32,1,1,1,1,1,1
"13433","1250","Ec_N",224,53,53,"Ec",32,1,1,1,1,1,1
"13434","1250","Ec_N",224,54,54,"Ec",32,1,1,1,1,1,1
"13435","1250","Ec_N",224,55,55,"Ec",32,1,1,1,1,1,1
"13436","1250","Ec_N",224,56,56,"Ec",32,1,1,1,1,1,1
"13437","1250","Ec_N",224,57,57,"Ec",32,1,1,1,1,1,1
"13438","1250","Ec_N",224,58,58,"Ec",32,1,1,1,1,1,1
"13439","1250","Ec_N",224,59,59,"Ec",32,1,1,1,1,1,1
"13440","1250","Ec_N",224,60,60,"Ec",32,1,1,1,1,1,1
"13441","1250","Ec_N",225,1,1,"Ec",1,0,0,0,0,0,0
"13442","1250","Ec_N",225,2,2,"Ec",2,1,0,0,0,0,0.221012654459768
"13443","1250","Ec_N",225,3,3,"Ec",2,1,0,0,0,0,0.221012654459768
"13444","1250","Ec_N",225,4,4,"Ec",2,1,0,0,0,0,0.221012654459768
"13445","1250","Ec_N",225,5,5,"Ec",2,1,0,0,0,0,0.221012654459768
"13446","1250","Ec_N",225,6,6,"Ec",2,1,0,0,0,0,0.221012654459768
"13447","1250","Ec_N",225,7,7,"Ec",2,1,0,0,0,0,0.221012654459768
"13448","1250","Ec_N",225,8,8,"Ec",4,1,1,0,0,0,0.303663233874882
"13449","1250","Ec_N",225,9,9,"Ec",4,1,1,0,0,0,0.303663233874882
"13450","1250","Ec_N",225,10,10,"Ec",4,1,1,0,0,0,0.303663233874882
"13451","1250","Ec_N",225,11,11,"Ec",4,1,1,0,0,0,0.303663233874882
"13452","1250","Ec_N",225,12,12,"Ec",4,1,1,0,0,0,0.303663233874882
"13453","1250","Ec_N",225,13,13,"Ec",4,1,1,0,0,0,0.303663233874882
"13454","1250","Ec_N",225,14,14,"Ec",4,1,1,0,0,0,0.303663233874882
"13455","1250","Ec_N",225,15,15,"Ec",8,1,1,1,0,0,0.440600849145421
"13456","1250","Ec_N",225,16,16,"Ec",8,1,1,1,0,0,0.440600849145421
"13457","1250","Ec_N",225,17,17,"Ec",8,1,1,1,0,0,0.440600849145421
"13458","1250","Ec_N",225,18,18,"Ec",24,1,1,1,0,1,0.732254349958425
"13459","1250","Ec_N",225,19,19,"Ec",24,1,1,1,0,1,0.732254349958425
"13460","1250","Ec_N",225,20,20,"Ec",24,1,1,1,0,1,0.732254349958425
"13461","1250","Ec_N",225,21,21,"Ec",24,1,1,1,0,1,0.732254349958425
"13462","1250","Ec_N",225,22,22,"Ec",24,1,1,1,0,1,0.732254349958425
"13463","1250","Ec_N",225,23,23,"Ec",24,1,1,1,0,1,0.732254349958425
"13464","1250","Ec_N",225,24,24,"Ec",24,1,1,1,0,1,0.732254349958425
"13465","1250","Ec_N",225,25,25,"Ec",24,1,1,1,0,1,0.732254349958425
"13466","1250","Ec_N",225,26,26,"Ec",24,1,1,1,0,1,0.732254349958425
"13467","1250","Ec_N",225,27,27,"Ec",24,1,1,1,0,1,0.732254349958425
"13468","1250","Ec_N",225,28,28,"Ec",24,1,1,1,0,1,0.732254349958425
"13469","1250","Ec_N",225,29,29,"Ec",24,1,1,1,0,1,0.732254349958425
"13470","1250","Ec_N",225,30,30,"Ec",24,1,1,1,0,1,0.732254349958425
"13471","1250","Ec_N",225,31,31,"Ec",24,1,1,1,0,1,0.732254349958425
"13472","1250","Ec_N",225,32,32,"Ec",32,1,1,1,1,1,1
"13473","1250","Ec_N",225,33,33,"Ec",32,1,1,1,1,1,1
"13474","1250","Ec_N",225,34,34,"Ec",32,1,1,1,1,1,1
"13475","1250","Ec_N",225,35,35,"Ec",32,1,1,1,1,1,1
"13476","1250","Ec_N",225,36,36,"Ec",32,1,1,1,1,1,1
"13477","1250","Ec_N",225,37,37,"Ec",32,1,1,1,1,1,1
"13478","1250","Ec_N",225,38,38,"Ec",32,1,1,1,1,1,1
"13479","1250","Ec_N",225,39,39,"Ec",32,1,1,1,1,1,1
"13480","1250","Ec_N",225,40,40,"Ec",32,1,1,1,1,1,1
"13481","1250","Ec_N",225,41,41,"Ec",32,1,1,1,1,1,1
"13482","1250","Ec_N",225,42,42,"Ec",32,1,1,1,1,1,1
"13483","1250","Ec_N",225,43,43,"Ec",32,1,1,1,1,1,1
"13484","1250","Ec_N",225,44,44,"Ec",32,1,1,1,1,1,1
"13485","1250","Ec_N",225,45,45,"Ec",32,1,1,1,1,1,1
"13486","1250","Ec_N",225,46,46,"Ec",32,1,1,1,1,1,1
"13487","1250","Ec_N",225,47,47,"Ec",32,1,1,1,1,1,1
"13488","1250","Ec_N",225,48,48,"Ec",32,1,1,1,1,1,1
"13489","1250","Ec_N",225,49,49,"Ec",32,1,1,1,1,1,1
"13490","1250","Ec_N",225,50,50,"Ec",32,1,1,1,1,1,1
"13491","1250","Ec_N",225,51,51,"Ec",32,1,1,1,1,1,1
"13492","1250","Ec_N",225,52,52,"Ec",32,1,1,1,1,1,1
"13493","1250","Ec_N",225,53,53,"Ec",32,1,1,1,1,1,1
"13494","1250","Ec_N",225,54,54,"Ec",32,1,1,1,1,1,1
"13495","1250","Ec_N",225,55,55,"Ec",32,1,1,1,1,1,1
"13496","1250","Ec_N",225,56,56,"Ec",32,1,1,1,1,1,1
"13497","1250","Ec_N",225,57,57,"Ec",32,1,1,1,1,1,1
"13498","1250","Ec_N",225,58,58,"Ec",32,1,1,1,1,1,1
"13499","1250","Ec_N",225,59,59,"Ec",32,1,1,1,1,1,1
"13500","1250","Ec_N",225,60,60,"Ec",32,1,1,1,1,1,1
"13501","1250","Ec_N",226,1,1,"Ec",1,0,0,0,0,0,0
"13502","1250","Ec_N",226,2,2,"Ec",1,0,0,0,0,0,0
"13503","1250","Ec_N",226,3,3,"Ec",1,0,0,0,0,0,0
"13504","1250","Ec_N",226,4,4,"Ec",9,0,0,0,1,0,0.267745650041575
"13505","1250","Ec_N",226,5,5,"Ec",9,0,0,0,1,0,0.267745650041575
"13506","1250","Ec_N",226,6,6,"Ec",9,0,0,0,1,0,0.267745650041575
"13507","1250","Ec_N",226,7,7,"Ec",9,0,0,0,1,0,0.267745650041575
"13508","1250","Ec_N",226,8,8,"Ec",9,0,0,0,1,0,0.267745650041575
"13509","1250","Ec_N",226,9,9,"Ec",13,0,0,1,1,0,0.499809141804299
"13510","1250","Ec_N",226,10,10,"Ec",13,0,0,1,1,0,0.499809141804299
"13511","1250","Ec_N",226,11,11,"Ec",13,0,0,1,1,0,0.499809141804299
"13512","1250","Ec_N",226,12,12,"Ec",13,0,0,1,1,0,0.499809141804299
"13513","1250","Ec_N",226,13,13,"Ec",13,0,0,1,1,0,0.499809141804299
"13514","1250","Ec_N",226,14,14,"Ec",13,0,0,1,1,0,0.499809141804299
"13515","1250","Ec_N",226,15,15,"Ec",13,0,0,1,1,0,0.499809141804299
"13516","1250","Ec_N",226,16,16,"Ec",13,0,0,1,1,0,0.499809141804299
"13517","1250","Ec_N",226,17,17,"Ec",13,0,0,1,1,0,0.499809141804299
"13518","1250","Ec_N",226,18,18,"Ec",13,0,0,1,1,0,0.499809141804299
"13519","1250","Ec_N",226,19,19,"Ec",13,0,0,1,1,0,0.499809141804299
"13520","1250","Ec_N",226,20,20,"Ec",13,0,0,1,1,0,0.499809141804299
"13521","1250","Ec_N",226,21,21,"Ec",13,0,0,1,1,0,0.499809141804299
"13522","1250","Ec_N",226,22,22,"Ec",13,0,0,1,1,0,0.499809141804299
"13523","1250","Ec_N",226,23,23,"Ec",13,0,0,1,1,0,0.499809141804299
"13524","1250","Ec_N",226,24,24,"Ec",13,0,0,1,1,0,0.499809141804299
"13525","1250","Ec_N",226,25,25,"Ec",13,0,0,1,1,0,0.499809141804299
"13526","1250","Ec_N",226,26,26,"Ec",14,1,0,1,1,0,0.720821796264067
"13527","1250","Ec_N",226,27,27,"Ec",14,1,0,1,1,0,0.720821796264067
"13528","1250","Ec_N",226,28,28,"Ec",14,1,0,1,1,0,0.720821796264067
"13529","1250","Ec_N",226,29,29,"Ec",14,1,0,1,1,0,0.720821796264067
"13530","1250","Ec_N",226,30,30,"Ec",14,1,0,1,1,0,0.720821796264067
"13531","1250","Ec_N",226,31,31,"Ec",14,1,0,1,1,0,0.720821796264067
"13532","1250","Ec_N",226,32,32,"Ec",14,1,0,1,1,0,0.720821796264067
"13533","1250","Ec_N",226,33,33,"Ec",14,1,0,1,1,0,0.720821796264067
"13534","1250","Ec_N",226,34,34,"Ec",14,1,0,1,1,0,0.720821796264067
"13535","1250","Ec_N",226,35,35,"Ec",14,1,0,1,1,0,0.720821796264067
"13536","1250","Ec_N",226,36,36,"Ec",14,1,0,1,1,0,0.720821796264067
"13537","1250","Ec_N",226,37,37,"Ec",14,1,0,1,1,0,0.720821796264067
"13538","1250","Ec_N",226,38,38,"Ec",14,1,0,1,1,0,0.720821796264067
"13539","1250","Ec_N",226,39,39,"Ec",14,1,0,1,1,0,0.720821796264067
"13540","1250","Ec_N",226,40,40,"Ec",14,1,0,1,1,0,0.720821796264067
"13541","1250","Ec_N",226,41,41,"Ec",14,1,0,1,1,0,0.720821796264067
"13542","1250","Ec_N",226,42,42,"Ec",14,1,0,1,1,0,0.720821796264067
"13543","1250","Ec_N",226,43,43,"Ec",14,1,0,1,1,0,0.720821796264067
"13544","1250","Ec_N",226,44,44,"Ec",14,1,0,1,1,0,0.720821796264067
"13545","1250","Ec_N",226,45,45,"Ec",14,1,0,1,1,0,0.720821796264067
"13546","1250","Ec_N",226,46,46,"Ec",14,1,0,1,1,0,0.720821796264067
"13547","1250","Ec_N",226,47,47,"Ec",14,1,0,1,1,0,0.720821796264067
"13548","1250","Ec_N",226,48,48,"Ec",14,1,0,1,1,0,0.720821796264067
"13549","1250","Ec_N",226,49,49,"Ec",30,1,0,1,1,1,0.981696467924213
"13550","1250","Ec_N",226,50,50,"Ec",30,1,0,1,1,1,0.981696467924213
"13551","1250","Ec_N",226,51,51,"Ec",30,1,0,1,1,1,0.981696467924213
"13552","1250","Ec_N",226,52,52,"Ec",30,1,0,1,1,1,0.981696467924213
"13553","1250","Ec_N",226,53,53,"Ec",30,1,0,1,1,1,0.981696467924213
"13554","1250","Ec_N",226,54,54,"Ec",30,1,0,1,1,1,0.981696467924213
"13555","1250","Ec_N",226,55,55,"Ec",30,1,0,1,1,1,0.981696467924213
"13556","1250","Ec_N",226,56,56,"Ec",32,1,1,1,1,1,1
"13557","1250","Ec_N",226,57,57,"Ec",32,1,1,1,1,1,1
"13558","1250","Ec_N",226,58,58,"Ec",32,1,1,1,1,1,1
"13559","1250","Ec_N",226,59,59,"Ec",32,1,1,1,1,1,1
"13560","1250","Ec_N",226,60,60,"Ec",32,1,1,1,1,1,1
"13561","1250","Ec_N",227,1,1,"Ec",1,0,0,0,0,0,0
"13562","1250","Ec_N",227,2,2,"Ec",17,0,0,0,0,1,0.14692246949649
"13563","1250","Ec_N",227,3,3,"Ec",17,0,0,0,0,1,0.14692246949649
"13564","1250","Ec_N",227,4,4,"Ec",17,0,0,0,0,1,0.14692246949649
"13565","1250","Ec_N",227,5,5,"Ec",21,0,0,1,0,1,0.428591116083543
"13566","1250","Ec_N",227,6,6,"Ec",21,0,0,1,0,1,0.428591116083543
"13567","1250","Ec_N",227,7,7,"Ec",22,1,0,1,0,1,0.649603770543311
"13568","1250","Ec_N",227,8,8,"Ec",22,1,0,1,0,1,0.649603770543311
"13569","1250","Ec_N",227,9,9,"Ec",22,1,0,1,0,1,0.649603770543311
"13570","1250","Ec_N",227,10,10,"Ec",22,1,0,1,0,1,0.649603770543311
"13571","1250","Ec_N",227,11,11,"Ec",22,1,0,1,0,1,0.649603770543311
"13572","1250","Ec_N",227,12,12,"Ec",22,1,0,1,0,1,0.649603770543311
"13573","1250","Ec_N",227,13,13,"Ec",22,1,0,1,0,1,0.649603770543311
"13574","1250","Ec_N",227,14,14,"Ec",22,1,0,1,0,1,0.649603770543311
"13575","1250","Ec_N",227,15,15,"Ec",22,1,0,1,0,1,0.649603770543311
"13576","1250","Ec_N",227,16,16,"Ec",30,1,0,1,1,1,0.981696467924213
"13577","1250","Ec_N",227,17,17,"Ec",30,1,0,1,1,1,0.981696467924213
"13578","1250","Ec_N",227,18,18,"Ec",30,1,0,1,1,1,0.981696467924213
"13579","1250","Ec_N",227,19,19,"Ec",32,1,1,1,1,1,1
"13580","1250","Ec_N",227,20,20,"Ec",32,1,1,1,1,1,1
"13581","1250","Ec_N",227,21,21,"Ec",32,1,1,1,1,1,1
"13582","1250","Ec_N",227,22,22,"Ec",32,1,1,1,1,1,1
"13583","1250","Ec_N",227,23,23,"Ec",32,1,1,1,1,1,1
"13584","1250","Ec_N",227,24,24,"Ec",32,1,1,1,1,1,1
"13585","1250","Ec_N",227,25,25,"Ec",32,1,1,1,1,1,1
"13586","1250","Ec_N",227,26,26,"Ec",32,1,1,1,1,1,1
"13587","1250","Ec_N",227,27,27,"Ec",32,1,1,1,1,1,1
"13588","1250","Ec_N",227,28,28,"Ec",32,1,1,1,1,1,1
"13589","1250","Ec_N",227,29,29,"Ec",32,1,1,1,1,1,1
"13590","1250","Ec_N",227,30,30,"Ec",32,1,1,1,1,1,1
"13591","1250","Ec_N",227,31,31,"Ec",32,1,1,1,1,1,1
"13592","1250","Ec_N",227,32,32,"Ec",32,1,1,1,1,1,1
"13593","1250","Ec_N",227,33,33,"Ec",32,1,1,1,1,1,1
"13594","1250","Ec_N",227,34,34,"Ec",32,1,1,1,1,1,1
"13595","1250","Ec_N",227,35,35,"Ec",32,1,1,1,1,1,1
"13596","1250","Ec_N",227,36,36,"Ec",32,1,1,1,1,1,1
"13597","1250","Ec_N",227,37,37,"Ec",32,1,1,1,1,1,1
"13598","1250","Ec_N",227,38,38,"Ec",32,1,1,1,1,1,1
"13599","1250","Ec_N",227,39,39,"Ec",32,1,1,1,1,1,1
"13600","1250","Ec_N",227,40,40,"Ec",32,1,1,1,1,1,1
"13601","1250","Ec_N",227,41,41,"Ec",32,1,1,1,1,1,1
"13602","1250","Ec_N",227,42,42,"Ec",32,1,1,1,1,1,1
"13603","1250","Ec_N",227,43,43,"Ec",32,1,1,1,1,1,1
"13604","1250","Ec_N",227,44,44,"Ec",32,1,1,1,1,1,1
"13605","1250","Ec_N",227,45,45,"Ec",32,1,1,1,1,1,1
"13606","1250","Ec_N",227,46,46,"Ec",32,1,1,1,1,1,1
"13607","1250","Ec_N",227,47,47,"Ec",32,1,1,1,1,1,1
"13608","1250","Ec_N",227,48,48,"Ec",32,1,1,1,1,1,1
"13609","1250","Ec_N",227,49,49,"Ec",32,1,1,1,1,1,1
"13610","1250","Ec_N",227,50,50,"Ec",32,1,1,1,1,1,1
"13611","1250","Ec_N",227,51,51,"Ec",32,1,1,1,1,1,1
"13612","1250","Ec_N",227,52,52,"Ec",32,1,1,1,1,1,1
"13613","1250","Ec_N",227,53,53,"Ec",32,1,1,1,1,1,1
"13614","1250","Ec_N",227,54,54,"Ec",32,1,1,1,1,1,1
"13615","1250","Ec_N",227,55,55,"Ec",32,1,1,1,1,1,1
"13616","1250","Ec_N",227,56,56,"Ec",32,1,1,1,1,1,1
"13617","1250","Ec_N",227,57,57,"Ec",32,1,1,1,1,1,1
"13618","1250","Ec_N",227,58,58,"Ec",32,1,1,1,1,1,1
"13619","1250","Ec_N",227,59,59,"Ec",32,1,1,1,1,1,1
"13620","1250","Ec_N",227,60,60,"Ec",32,1,1,1,1,1,1
"13621","1250","Ec_N",228,1,1,"Ec",1,0,0,0,0,0,0
"13622","1250","Ec_N",228,2,2,"Ec",9,0,0,0,1,0,0.267745650041575
"13623","1250","Ec_N",228,3,3,"Ec",13,0,0,1,1,0,0.499809141804299
"13624","1250","Ec_N",228,4,4,"Ec",13,0,0,1,1,0,0.499809141804299
"13625","1250","Ec_N",228,5,5,"Ec",13,0,0,1,1,0,0.499809141804299
"13626","1250","Ec_N",228,6,6,"Ec",13,0,0,1,1,0,0.499809141804299
"13627","1250","Ec_N",228,7,7,"Ec",13,0,0,1,1,0,0.499809141804299
"13628","1250","Ec_N",228,8,8,"Ec",13,0,0,1,1,0,0.499809141804299
"13629","1250","Ec_N",228,9,9,"Ec",13,0,0,1,1,0,0.499809141804299
"13630","1250","Ec_N",228,10,10,"Ec",13,0,0,1,1,0,0.499809141804299
"13631","1250","Ec_N",228,11,11,"Ec",13,0,0,1,1,0,0.499809141804299
"13632","1250","Ec_N",228,12,12,"Ec",13,0,0,1,1,0,0.499809141804299
"13633","1250","Ec_N",228,13,13,"Ec",13,0,0,1,1,0,0.499809141804299
"13634","1250","Ec_N",228,14,14,"Ec",15,0,1,1,1,0,0.582459721219413
"13635","1250","Ec_N",228,15,15,"Ec",15,0,1,1,1,0,0.582459721219413
"13636","1250","Ec_N",228,16,16,"Ec",15,0,1,1,1,0,0.582459721219413
"13637","1250","Ec_N",228,17,17,"Ec",15,0,1,1,1,0,0.582459721219413
"13638","1250","Ec_N",228,18,18,"Ec",15,0,1,1,1,0,0.582459721219413
"13639","1250","Ec_N",228,19,19,"Ec",15,0,1,1,1,0,0.582459721219413
"13640","1250","Ec_N",228,20,20,"Ec",15,0,1,1,1,0,0.582459721219413
"13641","1250","Ec_N",228,21,21,"Ec",15,0,1,1,1,0,0.582459721219413
"13642","1250","Ec_N",228,22,22,"Ec",31,0,1,1,1,1,0.778987345540232
"13643","1250","Ec_N",228,23,23,"Ec",31,0,1,1,1,1,0.778987345540232
"13644","1250","Ec_N",228,24,24,"Ec",31,0,1,1,1,1,0.778987345540232
"13645","1250","Ec_N",228,25,25,"Ec",31,0,1,1,1,1,0.778987345540232
"13646","1250","Ec_N",228,26,26,"Ec",31,0,1,1,1,1,0.778987345540232
"13647","1250","Ec_N",228,27,27,"Ec",31,0,1,1,1,1,0.778987345540232
"13648","1250","Ec_N",228,28,28,"Ec",31,0,1,1,1,1,0.778987345540232
"13649","1250","Ec_N",228,29,29,"Ec",31,0,1,1,1,1,0.778987345540232
"13650","1250","Ec_N",228,30,30,"Ec",31,0,1,1,1,1,0.778987345540232
"13651","1250","Ec_N",228,31,31,"Ec",31,0,1,1,1,1,0.778987345540232
"13652","1250","Ec_N",228,32,32,"Ec",31,0,1,1,1,1,0.778987345540232
"13653","1250","Ec_N",228,33,33,"Ec",31,0,1,1,1,1,0.778987345540232
"13654","1250","Ec_N",228,34,34,"Ec",31,0,1,1,1,1,0.778987345540232
"13655","1250","Ec_N",228,35,35,"Ec",31,0,1,1,1,1,0.778987345540232
"13656","1250","Ec_N",228,36,36,"Ec",31,0,1,1,1,1,0.778987345540232
"13657","1250","Ec_N",228,37,37,"Ec",31,0,1,1,1,1,0.778987345540232
"13658","1250","Ec_N",228,38,38,"Ec",31,0,1,1,1,1,0.778987345540232
"13659","1250","Ec_N",228,39,39,"Ec",31,0,1,1,1,1,0.778987345540232
"13660","1250","Ec_N",228,40,40,"Ec",31,0,1,1,1,1,0.778987345540232
"13661","1250","Ec_N",228,41,41,"Ec",31,0,1,1,1,1,0.778987345540232
"13662","1250","Ec_N",228,42,42,"Ec",31,0,1,1,1,1,0.778987345540232
"13663","1250","Ec_N",228,43,43,"Ec",31,0,1,1,1,1,0.778987345540232
"13664","1250","Ec_N",228,44,44,"Ec",31,0,1,1,1,1,0.778987345540232
"13665","1250","Ec_N",228,45,45,"Ec",31,0,1,1,1,1,0.778987345540232
"13666","1250","Ec_N",228,46,46,"Ec",31,0,1,1,1,1,0.778987345540232
"13667","1250","Ec_N",228,47,47,"Ec",31,0,1,1,1,1,0.778987345540232
"13668","1250","Ec_N",228,48,48,"Ec",31,0,1,1,1,1,0.778987345540232
"13669","1250","Ec_N",228,49,49,"Ec",31,0,1,1,1,1,0.778987345540232
"13670","1250","Ec_N",228,50,50,"Ec",31,0,1,1,1,1,0.778987345540232
"13671","1250","Ec_N",228,51,51,"Ec",31,0,1,1,1,1,0.778987345540232
"13672","1250","Ec_N",228,52,52,"Ec",31,0,1,1,1,1,0.778987345540232
"13673","1250","Ec_N",228,53,53,"Ec",31,0,1,1,1,1,0.778987345540232
"13674","1250","Ec_N",228,54,54,"Ec",31,0,1,1,1,1,0.778987345540232
"13675","1250","Ec_N",228,55,55,"Ec",31,0,1,1,1,1,0.778987345540232
"13676","1250","Ec_N",228,56,56,"Ec",31,0,1,1,1,1,0.778987345540232
"13677","1250","Ec_N",228,57,57,"Ec",31,0,1,1,1,1,0.778987345540232
"13678","1250","Ec_N",228,58,58,"Ec",31,0,1,1,1,1,0.778987345540232
"13679","1250","Ec_N",228,59,59,"Ec",31,0,1,1,1,1,0.778987345540232
"13680","1250","Ec_N",228,60,60,"Ec",31,0,1,1,1,1,0.778987345540232
"13681","1250","Ec_N",229,1,1,"Ec",1,0,0,0,0,0,0
"13682","1250","Ec_N",229,2,2,"Ec",9,0,0,0,1,0,0.267745650041575
"13683","1250","Ec_N",229,3,3,"Ec",9,0,0,0,1,0,0.267745650041575
"13684","1250","Ec_N",229,4,4,"Ec",9,0,0,0,1,0,0.267745650041575
"13685","1250","Ec_N",229,5,5,"Ec",9,0,0,0,1,0,0.267745650041575
"13686","1250","Ec_N",229,6,6,"Ec",9,0,0,0,1,0,0.267745650041575
"13687","1250","Ec_N",229,7,7,"Ec",9,0,0,0,1,0,0.267745650041575
"13688","1250","Ec_N",229,8,8,"Ec",9,0,0,0,1,0,0.267745650041575
"13689","1250","Ec_N",229,9,9,"Ec",9,0,0,0,1,0,0.267745650041575
"13690","1250","Ec_N",229,10,10,"Ec",9,0,0,0,1,0,0.267745650041575
"13691","1250","Ec_N",229,11,11,"Ec",9,0,0,0,1,0,0.267745650041575
"13692","1250","Ec_N",229,12,12,"Ec",9,0,0,0,1,0,0.267745650041575
"13693","1250","Ec_N",229,13,13,"Ec",9,0,0,0,1,0,0.267745650041575
"13694","1250","Ec_N",229,14,14,"Ec",9,0,0,0,1,0,0.267745650041575
"13695","1250","Ec_N",229,15,15,"Ec",9,0,0,0,1,0,0.267745650041575
"13696","1250","Ec_N",229,16,16,"Ec",9,0,0,0,1,0,0.267745650041575
"13697","1250","Ec_N",229,17,17,"Ec",9,0,0,0,1,0,0.267745650041575
"13698","1250","Ec_N",229,18,18,"Ec",9,0,0,0,1,0,0.267745650041575
"13699","1250","Ec_N",229,19,19,"Ec",9,0,0,0,1,0,0.267745650041575
"13700","1250","Ec_N",229,20,20,"Ec",10,1,0,0,1,0,0.488758304501343
"13701","1250","Ec_N",229,21,21,"Ec",10,1,0,0,1,0,0.488758304501343
"13702","1250","Ec_N",229,22,22,"Ec",10,1,0,0,1,0,0.488758304501343
"13703","1250","Ec_N",229,23,23,"Ec",10,1,0,0,1,0,0.488758304501343
"13704","1250","Ec_N",229,24,24,"Ec",10,1,0,0,1,0,0.488758304501343
"13705","1250","Ec_N",229,25,25,"Ec",10,1,0,0,1,0,0.488758304501343
"13706","1250","Ec_N",229,26,26,"Ec",10,1,0,0,1,0,0.488758304501343
"13707","1250","Ec_N",229,27,27,"Ec",10,1,0,0,1,0,0.488758304501343
"13708","1250","Ec_N",229,28,28,"Ec",10,1,0,0,1,0,0.488758304501343
"13709","1250","Ec_N",229,29,29,"Ec",10,1,0,0,1,0,0.488758304501343
"13710","1250","Ec_N",229,30,30,"Ec",10,1,0,0,1,0,0.488758304501343
"13711","1250","Ec_N",229,31,31,"Ec",10,1,0,0,1,0,0.488758304501343
"13712","1250","Ec_N",229,32,32,"Ec",10,1,0,0,1,0,0.488758304501343
"13713","1250","Ec_N",229,33,33,"Ec",10,1,0,0,1,0,0.488758304501343
"13714","1250","Ec_N",229,34,34,"Ec",10,1,0,0,1,0,0.488758304501343
"13715","1250","Ec_N",229,35,35,"Ec",10,1,0,0,1,0,0.488758304501343
"13716","1250","Ec_N",229,36,36,"Ec",10,1,0,0,1,0,0.488758304501343
"13717","1250","Ec_N",229,37,37,"Ec",10,1,0,0,1,0,0.488758304501343
"13718","1250","Ec_N",229,38,38,"Ec",10,1,0,0,1,0,0.488758304501343
"13719","1250","Ec_N",229,39,39,"Ec",10,1,0,0,1,0,0.488758304501343
"13720","1250","Ec_N",229,40,40,"Ec",10,1,0,0,1,0,0.488758304501343
"13721","1250","Ec_N",229,41,41,"Ec",10,1,0,0,1,0,0.488758304501343
"13722","1250","Ec_N",229,42,42,"Ec",10,1,0,0,1,0,0.488758304501343
"13723","1250","Ec_N",229,43,43,"Ec",10,1,0,0,1,0,0.488758304501343
"13724","1250","Ec_N",229,44,44,"Ec",10,1,0,0,1,0,0.488758304501343
"13725","1250","Ec_N",229,45,45,"Ec",10,1,0,0,1,0,0.488758304501343
"13726","1250","Ec_N",229,46,46,"Ec",10,1,0,0,1,0,0.488758304501343
"13727","1250","Ec_N",229,47,47,"Ec",10,1,0,0,1,0,0.488758304501343
"13728","1250","Ec_N",229,48,48,"Ec",10,1,0,0,1,0,0.488758304501343
"13729","1250","Ec_N",229,49,49,"Ec",10,1,0,0,1,0,0.488758304501343
"13730","1250","Ec_N",229,50,50,"Ec",10,1,0,0,1,0,0.488758304501343
"13731","1250","Ec_N",229,51,51,"Ec",10,1,0,0,1,0,0.488758304501343
"13732","1250","Ec_N",229,52,52,"Ec",10,1,0,0,1,0,0.488758304501343
"13733","1250","Ec_N",229,53,53,"Ec",10,1,0,0,1,0,0.488758304501343
"13734","1250","Ec_N",229,54,54,"Ec",10,1,0,0,1,0,0.488758304501343
"13735","1250","Ec_N",229,55,55,"Ec",10,1,0,0,1,0,0.488758304501343
"13736","1250","Ec_N",229,56,56,"Ec",14,1,0,1,1,0,0.720821796264067
"13737","1250","Ec_N",229,57,57,"Ec",14,1,0,1,1,0,0.720821796264067
"13738","1250","Ec_N",229,58,58,"Ec",14,1,0,1,1,0,0.720821796264067
"13739","1250","Ec_N",229,59,59,"Ec",14,1,0,1,1,0,0.720821796264067
"13740","1250","Ec_N",229,60,60,"Ec",14,1,0,1,1,0,0.720821796264067
"13741","1250","Ec_N",230,1,1,"Ec",1,0,0,0,0,0,0
"13742","1250","Ec_N",230,2,2,"Ec",3,0,1,0,0,0,0.082650579415114
"13743","1250","Ec_N",230,3,3,"Ec",3,0,1,0,0,0,0.082650579415114
"13744","1250","Ec_N",230,4,4,"Ec",3,0,1,0,0,0,0.082650579415114
"13745","1250","Ec_N",230,5,5,"Ec",4,1,1,0,0,0,0.303663233874882
"13746","1250","Ec_N",230,6,6,"Ec",4,1,1,0,0,0,0.303663233874882
"13747","1250","Ec_N",230,7,7,"Ec",4,1,1,0,0,0,0.303663233874882
"13748","1250","Ec_N",230,8,8,"Ec",8,1,1,1,0,0,0.440600849145421
"13749","1250","Ec_N",230,9,9,"Ec",8,1,1,1,0,0,0.440600849145421
"13750","1250","Ec_N",230,10,10,"Ec",24,1,1,1,0,1,0.732254349958425
"13751","1250","Ec_N",230,11,11,"Ec",24,1,1,1,0,1,0.732254349958425
"13752","1250","Ec_N",230,12,12,"Ec",24,1,1,1,0,1,0.732254349958425
"13753","1250","Ec_N",230,13,13,"Ec",24,1,1,1,0,1,0.732254349958425
"13754","1250","Ec_N",230,14,14,"Ec",24,1,1,1,0,1,0.732254349958425
"13755","1250","Ec_N",230,15,15,"Ec",24,1,1,1,0,1,0.732254349958425
"13756","1250","Ec_N",230,16,16,"Ec",24,1,1,1,0,1,0.732254349958425
"13757","1250","Ec_N",230,17,17,"Ec",24,1,1,1,0,1,0.732254349958425
"13758","1250","Ec_N",230,18,18,"Ec",24,1,1,1,0,1,0.732254349958425
"13759","1250","Ec_N",230,19,19,"Ec",24,1,1,1,0,1,0.732254349958425
"13760","1250","Ec_N",230,20,20,"Ec",24,1,1,1,0,1,0.732254349958425
"13761","1250","Ec_N",230,21,21,"Ec",24,1,1,1,0,1,0.732254349958425
"13762","1250","Ec_N",230,22,22,"Ec",32,1,1,1,1,1,1
"13763","1250","Ec_N",230,23,23,"Ec",32,1,1,1,1,1,1
"13764","1250","Ec_N",230,24,24,"Ec",32,1,1,1,1,1,1
"13765","1250","Ec_N",230,25,25,"Ec",32,1,1,1,1,1,1
"13766","1250","Ec_N",230,26,26,"Ec",32,1,1,1,1,1,1
"13767","1250","Ec_N",230,27,27,"Ec",32,1,1,1,1,1,1
"13768","1250","Ec_N",230,28,28,"Ec",32,1,1,1,1,1,1
"13769","1250","Ec_N",230,29,29,"Ec",32,1,1,1,1,1,1
"13770","1250","Ec_N",230,30,30,"Ec",32,1,1,1,1,1,1
"13771","1250","Ec_N",230,31,31,"Ec",32,1,1,1,1,1,1
"13772","1250","Ec_N",230,32,32,"Ec",32,1,1,1,1,1,1
"13773","1250","Ec_N",230,33,33,"Ec",32,1,1,1,1,1,1
"13774","1250","Ec_N",230,34,34,"Ec",32,1,1,1,1,1,1
"13775","1250","Ec_N",230,35,35,"Ec",32,1,1,1,1,1,1
"13776","1250","Ec_N",230,36,36,"Ec",32,1,1,1,1,1,1
"13777","1250","Ec_N",230,37,37,"Ec",32,1,1,1,1,1,1
"13778","1250","Ec_N",230,38,38,"Ec",32,1,1,1,1,1,1
"13779","1250","Ec_N",230,39,39,"Ec",32,1,1,1,1,1,1
"13780","1250","Ec_N",230,40,40,"Ec",32,1,1,1,1,1,1
"13781","1250","Ec_N",230,41,41,"Ec",32,1,1,1,1,1,1
"13782","1250","Ec_N",230,42,42,"Ec",32,1,1,1,1,1,1
"13783","1250","Ec_N",230,43,43,"Ec",32,1,1,1,1,1,1
"13784","1250","Ec_N",230,44,44,"Ec",32,1,1,1,1,1,1
"13785","1250","Ec_N",230,45,45,"Ec",32,1,1,1,1,1,1
"13786","1250","Ec_N",230,46,46,"Ec",32,1,1,1,1,1,1
"13787","1250","Ec_N",230,47,47,"Ec",32,1,1,1,1,1,1
"13788","1250","Ec_N",230,48,48,"Ec",32,1,1,1,1,1,1
"13789","1250","Ec_N",230,49,49,"Ec",32,1,1,1,1,1,1
"13790","1250","Ec_N",230,50,50,"Ec",32,1,1,1,1,1,1
"13791","1250","Ec_N",230,51,51,"Ec",32,1,1,1,1,1,1
"13792","1250","Ec_N",230,52,52,"Ec",32,1,1,1,1,1,1
"13793","1250","Ec_N",230,53,53,"Ec",32,1,1,1,1,1,1
"13794","1250","Ec_N",230,54,54,"Ec",32,1,1,1,1,1,1
"13795","1250","Ec_N",230,55,55,"Ec",32,1,1,1,1,1,1
"13796","1250","Ec_N",230,56,56,"Ec",32,1,1,1,1,1,1
"13797","1250","Ec_N",230,57,57,"Ec",32,1,1,1,1,1,1
"13798","1250","Ec_N",230,58,58,"Ec",32,1,1,1,1,1,1
"13799","1250","Ec_N",230,59,59,"Ec",32,1,1,1,1,1,1
"13800","1250","Ec_N",230,60,60,"Ec",32,1,1,1,1,1,1
"13801","1250","Ec_N",231,1,1,"Ec",1,0,0,0,0,0,0
"13802","1250","Ec_N",231,2,2,"Ec",1,0,0,0,0,0,0
"13803","1250","Ec_N",231,3,3,"Ec",1,0,0,0,0,0,0
"13804","1250","Ec_N",231,4,4,"Ec",17,0,0,0,0,1,0.14692246949649
"13805","1250","Ec_N",231,5,5,"Ec",25,0,0,0,1,1,0.464273274362394
"13806","1250","Ec_N",231,6,6,"Ec",25,0,0,0,1,1,0.464273274362394
"13807","1250","Ec_N",231,7,7,"Ec",25,0,0,0,1,1,0.464273274362394
"13808","1250","Ec_N",231,8,8,"Ec",25,0,0,0,1,1,0.464273274362394
"13809","1250","Ec_N",231,9,9,"Ec",25,0,0,0,1,1,0.464273274362394
"13810","1250","Ec_N",231,10,10,"Ec",25,0,0,0,1,1,0.464273274362394
"13811","1250","Ec_N",231,11,11,"Ec",25,0,0,0,1,1,0.464273274362394
"13812","1250","Ec_N",231,12,12,"Ec",25,0,0,0,1,1,0.464273274362394
"13813","1250","Ec_N",231,13,13,"Ec",25,0,0,0,1,1,0.464273274362394
"13814","1250","Ec_N",231,14,14,"Ec",25,0,0,0,1,1,0.464273274362394
"13815","1250","Ec_N",231,15,15,"Ec",25,0,0,0,1,1,0.464273274362394
"13816","1250","Ec_N",231,16,16,"Ec",25,0,0,0,1,1,0.464273274362394
"13817","1250","Ec_N",231,17,17,"Ec",25,0,0,0,1,1,0.464273274362394
"13818","1250","Ec_N",231,18,18,"Ec",25,0,0,0,1,1,0.464273274362394
"13819","1250","Ec_N",231,19,19,"Ec",25,0,0,0,1,1,0.464273274362394
"13820","1250","Ec_N",231,20,20,"Ec",25,0,0,0,1,1,0.464273274362394
"13821","1250","Ec_N",231,21,21,"Ec",26,1,0,0,1,1,0.685285928822162
"13822","1250","Ec_N",231,22,22,"Ec",26,1,0,0,1,1,0.685285928822162
"13823","1250","Ec_N",231,23,23,"Ec",26,1,0,0,1,1,0.685285928822162
"13824","1250","Ec_N",231,24,24,"Ec",26,1,0,0,1,1,0.685285928822162
"13825","1250","Ec_N",231,25,25,"Ec",26,1,0,0,1,1,0.685285928822162
"13826","1250","Ec_N",231,26,26,"Ec",26,1,0,0,1,1,0.685285928822162
"13827","1250","Ec_N",231,27,27,"Ec",26,1,0,0,1,1,0.685285928822162
"13828","1250","Ec_N",231,28,28,"Ec",26,1,0,0,1,1,0.685285928822162
"13829","1250","Ec_N",231,29,29,"Ec",26,1,0,0,1,1,0.685285928822162
"13830","1250","Ec_N",231,30,30,"Ec",26,1,0,0,1,1,0.685285928822162
"13831","1250","Ec_N",231,31,31,"Ec",26,1,0,0,1,1,0.685285928822162
"13832","1250","Ec_N",231,32,32,"Ec",26,1,0,0,1,1,0.685285928822162
"13833","1250","Ec_N",231,33,33,"Ec",26,1,0,0,1,1,0.685285928822162
"13834","1250","Ec_N",231,34,34,"Ec",26,1,0,0,1,1,0.685285928822162
"13835","1250","Ec_N",231,35,35,"Ec",26,1,0,0,1,1,0.685285928822162
"13836","1250","Ec_N",231,36,36,"Ec",26,1,0,0,1,1,0.685285928822162
"13837","1250","Ec_N",231,37,37,"Ec",26,1,0,0,1,1,0.685285928822162
"13838","1250","Ec_N",231,38,38,"Ec",26,1,0,0,1,1,0.685285928822162
"13839","1250","Ec_N",231,39,39,"Ec",28,1,1,0,1,1,0.770762719311211
"13840","1250","Ec_N",231,40,40,"Ec",28,1,1,0,1,1,0.770762719311211
"13841","1250","Ec_N",231,41,41,"Ec",28,1,1,0,1,1,0.770762719311211
"13842","1250","Ec_N",231,42,42,"Ec",28,1,1,0,1,1,0.770762719311211
"13843","1250","Ec_N",231,43,43,"Ec",28,1,1,0,1,1,0.770762719311211
"13844","1250","Ec_N",231,44,44,"Ec",32,1,1,1,1,1,1
"13845","1250","Ec_N",231,45,45,"Ec",32,1,1,1,1,1,1
"13846","1250","Ec_N",231,46,46,"Ec",32,1,1,1,1,1,1
"13847","1250","Ec_N",231,47,47,"Ec",32,1,1,1,1,1,1
"13848","1250","Ec_N",231,48,48,"Ec",32,1,1,1,1,1,1
"13849","1250","Ec_N",231,49,49,"Ec",32,1,1,1,1,1,1
"13850","1250","Ec_N",231,50,50,"Ec",32,1,1,1,1,1,1
"13851","1250","Ec_N",231,51,51,"Ec",32,1,1,1,1,1,1
"13852","1250","Ec_N",231,52,52,"Ec",32,1,1,1,1,1,1
"13853","1250","Ec_N",231,53,53,"Ec",32,1,1,1,1,1,1
"13854","1250","Ec_N",231,54,54,"Ec",32,1,1,1,1,1,1
"13855","1250","Ec_N",231,55,55,"Ec",32,1,1,1,1,1,1
"13856","1250","Ec_N",231,56,56,"Ec",32,1,1,1,1,1,1
"13857","1250","Ec_N",231,57,57,"Ec",32,1,1,1,1,1,1
"13858","1250","Ec_N",231,58,58,"Ec",32,1,1,1,1,1,1
"13859","1250","Ec_N",231,59,59,"Ec",32,1,1,1,1,1,1
"13860","1250","Ec_N",231,60,60,"Ec",32,1,1,1,1,1,1
"13861","1250","Ec_N",232,1,1,"Ec",1,0,0,0,0,0,0
"13862","1250","Ec_N",232,2,2,"Ec",1,0,0,0,0,0,0
"13863","1250","Ec_N",232,3,3,"Ec",1,0,0,0,0,0,0
"13864","1250","Ec_N",232,4,4,"Ec",1,0,0,0,0,0,0
"13865","1250","Ec_N",232,5,5,"Ec",1,0,0,0,0,0,0
"13866","1250","Ec_N",232,6,6,"Ec",1,0,0,0,0,0,0
"13867","1250","Ec_N",232,7,7,"Ec",1,0,0,0,0,0,0
"13868","1250","Ec_N",232,8,8,"Ec",1,0,0,0,0,0,0
"13869","1250","Ec_N",232,9,9,"Ec",1,0,0,0,0,0,0
"13870","1250","Ec_N",232,10,10,"Ec",1,0,0,0,0,0,0
"13871","1250","Ec_N",232,11,11,"Ec",17,0,0,0,0,1,0.14692246949649
"13872","1250","Ec_N",232,12,12,"Ec",19,0,1,0,0,1,0.179678659430889
"13873","1250","Ec_N",232,13,13,"Ec",23,0,1,1,0,1,0.511241695498657
"13874","1250","Ec_N",232,14,14,"Ec",23,0,1,1,0,1,0.511241695498657
"13875","1250","Ec_N",232,15,15,"Ec",23,0,1,1,0,1,0.511241695498657
"13876","1250","Ec_N",232,16,16,"Ec",24,1,1,1,0,1,0.732254349958425
"13877","1250","Ec_N",232,17,17,"Ec",24,1,1,1,0,1,0.732254349958425
"13878","1250","Ec_N",232,18,18,"Ec",24,1,1,1,0,1,0.732254349958425
"13879","1250","Ec_N",232,19,19,"Ec",24,1,1,1,0,1,0.732254349958425
"13880","1250","Ec_N",232,20,20,"Ec",24,1,1,1,0,1,0.732254349958425
"13881","1250","Ec_N",232,21,21,"Ec",24,1,1,1,0,1,0.732254349958425
"13882","1250","Ec_N",232,22,22,"Ec",24,1,1,1,0,1,0.732254349958425
"13883","1250","Ec_N",232,23,23,"Ec",24,1,1,1,0,1,0.732254349958425
"13884","1250","Ec_N",232,24,24,"Ec",24,1,1,1,0,1,0.732254349958425
"13885","1250","Ec_N",232,25,25,"Ec",24,1,1,1,0,1,0.732254349958425
"13886","1250","Ec_N",232,26,26,"Ec",24,1,1,1,0,1,0.732254349958425
"13887","1250","Ec_N",232,27,27,"Ec",32,1,1,1,1,1,1
"13888","1250","Ec_N",232,28,28,"Ec",32,1,1,1,1,1,1
"13889","1250","Ec_N",232,29,29,"Ec",32,1,1,1,1,1,1
"13890","1250","Ec_N",232,30,30,"Ec",32,1,1,1,1,1,1
"13891","1250","Ec_N",232,31,31,"Ec",32,1,1,1,1,1,1
"13892","1250","Ec_N",232,32,32,"Ec",32,1,1,1,1,1,1
"13893","1250","Ec_N",232,33,33,"Ec",32,1,1,1,1,1,1
"13894","1250","Ec_N",232,34,34,"Ec",32,1,1,1,1,1,1
"13895","1250","Ec_N",232,35,35,"Ec",32,1,1,1,1,1,1
"13896","1250","Ec_N",232,36,36,"Ec",32,1,1,1,1,1,1
"13897","1250","Ec_N",232,37,37,"Ec",32,1,1,1,1,1,1
"13898","1250","Ec_N",232,38,38,"Ec",32,1,1,1,1,1,1
"13899","1250","Ec_N",232,39,39,"Ec",32,1,1,1,1,1,1
"13900","1250","Ec_N",232,40,40,"Ec",32,1,1,1,1,1,1
"13901","1250","Ec_N",232,41,41,"Ec",32,1,1,1,1,1,1
"13902","1250","Ec_N",232,42,42,"Ec",32,1,1,1,1,1,1
"13903","1250","Ec_N",232,43,43,"Ec",32,1,1,1,1,1,1
"13904","1250","Ec_N",232,44,44,"Ec",32,1,1,1,1,1,1
"13905","1250","Ec_N",232,45,45,"Ec",32,1,1,1,1,1,1
"13906","1250","Ec_N",232,46,46,"Ec",32,1,1,1,1,1,1
"13907","1250","Ec_N",232,47,47,"Ec",32,1,1,1,1,1,1
"13908","1250","Ec_N",232,48,48,"Ec",32,1,1,1,1,1,1
"13909","1250","Ec_N",232,49,49,"Ec",32,1,1,1,1,1,1
"13910","1250","Ec_N",232,50,50,"Ec",32,1,1,1,1,1,1
"13911","1250","Ec_N",232,51,51,"Ec",32,1,1,1,1,1,1
"13912","1250","Ec_N",232,52,52,"Ec",32,1,1,1,1,1,1
"13913","1250","Ec_N",232,53,53,"Ec",32,1,1,1,1,1,1
"13914","1250","Ec_N",232,54,54,"Ec",32,1,1,1,1,1,1
"13915","1250","Ec_N",232,55,55,"Ec",32,1,1,1,1,1,1
"13916","1250","Ec_N",232,56,56,"Ec",32,1,1,1,1,1,1
"13917","1250","Ec_N",232,57,57,"Ec",32,1,1,1,1,1,1
"13918","1250","Ec_N",232,58,58,"Ec",32,1,1,1,1,1,1
"13919","1250","Ec_N",232,59,59,"Ec",32,1,1,1,1,1,1
"13920","1250","Ec_N",232,60,60,"Ec",32,1,1,1,1,1,1
"13921","1250","Ec_N",233,1,1,"Ec",1,0,0,0,0,0,0
"13922","1250","Ec_N",233,2,2,"Ec",1,0,0,0,0,0,0
"13923","1250","Ec_N",233,3,3,"Ec",2,1,0,0,0,0,0.221012654459768
"13924","1250","Ec_N",233,4,4,"Ec",2,1,0,0,0,0,0.221012654459768
"13925","1250","Ec_N",233,5,5,"Ec",2,1,0,0,0,0,0.221012654459768
"13926","1250","Ec_N",233,6,6,"Ec",6,1,0,1,0,0,0.453076146222492
"13927","1250","Ec_N",233,7,7,"Ec",6,1,0,1,0,0,0.453076146222492
"13928","1250","Ec_N",233,8,8,"Ec",6,1,0,1,0,0,0.453076146222492
"13929","1250","Ec_N",233,9,9,"Ec",6,1,0,1,0,0,0.453076146222492
"13930","1250","Ec_N",233,10,10,"Ec",22,1,0,1,0,1,0.649603770543311
"13931","1250","Ec_N",233,11,11,"Ec",22,1,0,1,0,1,0.649603770543311
"13932","1250","Ec_N",233,12,12,"Ec",22,1,0,1,0,1,0.649603770543311
"13933","1250","Ec_N",233,13,13,"Ec",22,1,0,1,0,1,0.649603770543311
"13934","1250","Ec_N",233,14,14,"Ec",22,1,0,1,0,1,0.649603770543311
"13935","1250","Ec_N",233,15,15,"Ec",22,1,0,1,0,1,0.649603770543311
"13936","1250","Ec_N",233,16,16,"Ec",24,1,1,1,0,1,0.732254349958425
"13937","1250","Ec_N",233,17,17,"Ec",24,1,1,1,0,1,0.732254349958425
"13938","1250","Ec_N",233,18,18,"Ec",24,1,1,1,0,1,0.732254349958425
"13939","1250","Ec_N",233,19,19,"Ec",32,1,1,1,1,1,1
"13940","1250","Ec_N",233,20,20,"Ec",32,1,1,1,1,1,1
"13941","1250","Ec_N",233,21,21,"Ec",32,1,1,1,1,1,1
"13942","1250","Ec_N",233,22,22,"Ec",32,1,1,1,1,1,1
"13943","1250","Ec_N",233,23,23,"Ec",32,1,1,1,1,1,1
"13944","1250","Ec_N",233,24,24,"Ec",32,1,1,1,1,1,1
"13945","1250","Ec_N",233,25,25,"Ec",32,1,1,1,1,1,1
"13946","1250","Ec_N",233,26,26,"Ec",32,1,1,1,1,1,1
"13947","1250","Ec_N",233,27,27,"Ec",32,1,1,1,1,1,1
"13948","1250","Ec_N",233,28,28,"Ec",32,1,1,1,1,1,1
"13949","1250","Ec_N",233,29,29,"Ec",32,1,1,1,1,1,1
"13950","1250","Ec_N",233,30,30,"Ec",32,1,1,1,1,1,1
"13951","1250","Ec_N",233,31,31,"Ec",32,1,1,1,1,1,1
"13952","1250","Ec_N",233,32,32,"Ec",32,1,1,1,1,1,1
"13953","1250","Ec_N",233,33,33,"Ec",32,1,1,1,1,1,1
"13954","1250","Ec_N",233,34,34,"Ec",32,1,1,1,1,1,1
"13955","1250","Ec_N",233,35,35,"Ec",32,1,1,1,1,1,1
"13956","1250","Ec_N",233,36,36,"Ec",32,1,1,1,1,1,1
"13957","1250","Ec_N",233,37,37,"Ec",32,1,1,1,1,1,1
"13958","1250","Ec_N",233,38,38,"Ec",32,1,1,1,1,1,1
"13959","1250","Ec_N",233,39,39,"Ec",32,1,1,1,1,1,1
"13960","1250","Ec_N",233,40,40,"Ec",32,1,1,1,1,1,1
"13961","1250","Ec_N",233,41,41,"Ec",32,1,1,1,1,1,1
"13962","1250","Ec_N",233,42,42,"Ec",32,1,1,1,1,1,1
"13963","1250","Ec_N",233,43,43,"Ec",32,1,1,1,1,1,1
"13964","1250","Ec_N",233,44,44,"Ec",32,1,1,1,1,1,1
"13965","1250","Ec_N",233,45,45,"Ec",32,1,1,1,1,1,1
"13966","1250","Ec_N",233,46,46,"Ec",32,1,1,1,1,1,1
"13967","1250","Ec_N",233,47,47,"Ec",32,1,1,1,1,1,1
"13968","1250","Ec_N",233,48,48,"Ec",32,1,1,1,1,1,1
"13969","1250","Ec_N",233,49,49,"Ec",32,1,1,1,1,1,1
"13970","1250","Ec_N",233,50,50,"Ec",32,1,1,1,1,1,1
"13971","1250","Ec_N",233,51,51,"Ec",32,1,1,1,1,1,1
"13972","1250","Ec_N",233,52,52,"Ec",32,1,1,1,1,1,1
"13973","1250","Ec_N",233,53,53,"Ec",32,1,1,1,1,1,1
"13974","1250","Ec_N",233,54,54,"Ec",32,1,1,1,1,1,1
"13975","1250","Ec_N",233,55,55,"Ec",32,1,1,1,1,1,1
"13976","1250","Ec_N",233,56,56,"Ec",32,1,1,1,1,1,1
"13977","1250","Ec_N",233,57,57,"Ec",32,1,1,1,1,1,1
"13978","1250","Ec_N",233,58,58,"Ec",32,1,1,1,1,1,1
"13979","1250","Ec_N",233,59,59,"Ec",32,1,1,1,1,1,1
"13980","1250","Ec_N",233,60,60,"Ec",32,1,1,1,1,1,1
"13981","1250","Ec_N",234,1,1,"Ec",1,0,0,0,0,0,0
"13982","1250","Ec_N",234,2,2,"Ec",17,0,0,0,0,1,0.14692246949649
"13983","1250","Ec_N",234,3,3,"Ec",18,1,0,0,0,1,0.417540278780587
"13984","1250","Ec_N",234,4,4,"Ec",18,1,0,0,0,1,0.417540278780587
"13985","1250","Ec_N",234,5,5,"Ec",18,1,0,0,0,1,0.417540278780587
"13986","1250","Ec_N",234,6,6,"Ec",18,1,0,0,0,1,0.417540278780587
"13987","1250","Ec_N",234,7,7,"Ec",18,1,0,0,0,1,0.417540278780587
"13988","1250","Ec_N",234,8,8,"Ec",18,1,0,0,0,1,0.417540278780587
"13989","1250","Ec_N",234,9,9,"Ec",18,1,0,0,0,1,0.417540278780587
"13990","1250","Ec_N",234,10,10,"Ec",26,1,0,0,1,1,0.685285928822162
"13991","1250","Ec_N",234,11,11,"Ec",26,1,0,0,1,1,0.685285928822162
"13992","1250","Ec_N",234,12,12,"Ec",26,1,0,0,1,1,0.685285928822162
"13993","1250","Ec_N",234,13,13,"Ec",26,1,0,0,1,1,0.685285928822162
"13994","1250","Ec_N",234,14,14,"Ec",26,1,0,0,1,1,0.685285928822162
"13995","1250","Ec_N",234,15,15,"Ec",26,1,0,0,1,1,0.685285928822162
"13996","1250","Ec_N",234,16,16,"Ec",26,1,0,0,1,1,0.685285928822162
"13997","1250","Ec_N",234,17,17,"Ec",30,1,0,1,1,1,0.981696467924213
"13998","1250","Ec_N",234,18,18,"Ec",30,1,0,1,1,1,0.981696467924213
"13999","1250","Ec_N",234,19,19,"Ec",30,1,0,1,1,1,0.981696467924213
"14000","1250","Ec_N",234,20,20,"Ec",30,1,0,1,1,1,0.981696467924213
"14001","1250","Ec_N",234,21,21,"Ec",30,1,0,1,1,1,0.981696467924213
"14002","1250","Ec_N",234,22,22,"Ec",30,1,0,1,1,1,0.981696467924213
"14003","1250","Ec_N",234,23,23,"Ec",30,1,0,1,1,1,0.981696467924213
"14004","1250","Ec_N",234,24,24,"Ec",30,1,0,1,1,1,0.981696467924213
"14005","1250","Ec_N",234,25,25,"Ec",32,1,1,1,1,1,1
"14006","1250","Ec_N",234,26,26,"Ec",32,1,1,1,1,1,1
"14007","1250","Ec_N",234,27,27,"Ec",32,1,1,1,1,1,1
"14008","1250","Ec_N",234,28,28,"Ec",32,1,1,1,1,1,1
"14009","1250","Ec_N",234,29,29,"Ec",32,1,1,1,1,1,1
"14010","1250","Ec_N",234,30,30,"Ec",32,1,1,1,1,1,1
"14011","1250","Ec_N",234,31,31,"Ec",32,1,1,1,1,1,1
"14012","1250","Ec_N",234,32,32,"Ec",32,1,1,1,1,1,1
"14013","1250","Ec_N",234,33,33,"Ec",32,1,1,1,1,1,1
"14014","1250","Ec_N",234,34,34,"Ec",32,1,1,1,1,1,1
"14015","1250","Ec_N",234,35,35,"Ec",32,1,1,1,1,1,1
"14016","1250","Ec_N",234,36,36,"Ec",32,1,1,1,1,1,1
"14017","1250","Ec_N",234,37,37,"Ec",32,1,1,1,1,1,1
"14018","1250","Ec_N",234,38,38,"Ec",32,1,1,1,1,1,1
"14019","1250","Ec_N",234,39,39,"Ec",32,1,1,1,1,1,1
"14020","1250","Ec_N",234,40,40,"Ec",32,1,1,1,1,1,1
"14021","1250","Ec_N",234,41,41,"Ec",32,1,1,1,1,1,1
"14022","1250","Ec_N",234,42,42,"Ec",32,1,1,1,1,1,1
"14023","1250","Ec_N",234,43,43,"Ec",32,1,1,1,1,1,1
"14024","1250","Ec_N",234,44,44,"Ec",32,1,1,1,1,1,1
"14025","1250","Ec_N",234,45,45,"Ec",32,1,1,1,1,1,1
"14026","1250","Ec_N",234,46,46,"Ec",32,1,1,1,1,1,1
"14027","1250","Ec_N",234,47,47,"Ec",32,1,1,1,1,1,1
"14028","1250","Ec_N",234,48,48,"Ec",32,1,1,1,1,1,1
"14029","1250","Ec_N",234,49,49,"Ec",32,1,1,1,1,1,1
"14030","1250","Ec_N",234,50,50,"Ec",32,1,1,1,1,1,1
"14031","1250","Ec_N",234,51,51,"Ec",32,1,1,1,1,1,1
"14032","1250","Ec_N",234,52,52,"Ec",32,1,1,1,1,1,1
"14033","1250","Ec_N",234,53,53,"Ec",32,1,1,1,1,1,1
"14034","1250","Ec_N",234,54,54,"Ec",32,1,1,1,1,1,1
"14035","1250","Ec_N",234,55,55,"Ec",32,1,1,1,1,1,1
"14036","1250","Ec_N",234,56,56,"Ec",32,1,1,1,1,1,1
"14037","1250","Ec_N",234,57,57,"Ec",32,1,1,1,1,1,1
"14038","1250","Ec_N",234,58,58,"Ec",32,1,1,1,1,1,1
"14039","1250","Ec_N",234,59,59,"Ec",32,1,1,1,1,1,1
"14040","1250","Ec_N",234,60,60,"Ec",32,1,1,1,1,1,1
"14041","1250","Ec_N",235,1,1,"Ec",1,0,0,0,0,0,0
"14042","1250","Ec_N",235,2,2,"Ec",1,0,0,0,0,0,0
"14043","1250","Ec_N",235,3,3,"Ec",2,1,0,0,0,0,0.221012654459768
"14044","1250","Ec_N",235,4,4,"Ec",2,1,0,0,0,0,0.221012654459768
"14045","1250","Ec_N",235,5,5,"Ec",18,1,0,0,0,1,0.417540278780587
"14046","1250","Ec_N",235,6,6,"Ec",18,1,0,0,0,1,0.417540278780587
"14047","1250","Ec_N",235,7,7,"Ec",18,1,0,0,0,1,0.417540278780587
"14048","1250","Ec_N",235,8,8,"Ec",20,1,1,0,0,1,0.500190858195701
"14049","1250","Ec_N",235,9,9,"Ec",20,1,1,0,0,1,0.500190858195701
"14050","1250","Ec_N",235,10,10,"Ec",20,1,1,0,0,1,0.500190858195701
"14051","1250","Ec_N",235,11,11,"Ec",20,1,1,0,0,1,0.500190858195701
"14052","1250","Ec_N",235,12,12,"Ec",28,1,1,0,1,1,0.770762719311211
"14053","1250","Ec_N",235,13,13,"Ec",28,1,1,0,1,1,0.770762719311211
"14054","1250","Ec_N",235,14,14,"Ec",32,1,1,1,1,1,1
"14055","1250","Ec_N",235,15,15,"Ec",32,1,1,1,1,1,1
"14056","1250","Ec_N",235,16,16,"Ec",32,1,1,1,1,1,1
"14057","1250","Ec_N",235,17,17,"Ec",32,1,1,1,1,1,1
"14058","1250","Ec_N",235,18,18,"Ec",32,1,1,1,1,1,1
"14059","1250","Ec_N",235,19,19,"Ec",32,1,1,1,1,1,1
"14060","1250","Ec_N",235,20,20,"Ec",32,1,1,1,1,1,1
"14061","1250","Ec_N",235,21,21,"Ec",32,1,1,1,1,1,1
"14062","1250","Ec_N",235,22,22,"Ec",32,1,1,1,1,1,1
"14063","1250","Ec_N",235,23,23,"Ec",32,1,1,1,1,1,1
"14064","1250","Ec_N",235,24,24,"Ec",32,1,1,1,1,1,1
"14065","1250","Ec_N",235,25,25,"Ec",32,1,1,1,1,1,1
"14066","1250","Ec_N",235,26,26,"Ec",32,1,1,1,1,1,1
"14067","1250","Ec_N",235,27,27,"Ec",32,1,1,1,1,1,1
"14068","1250","Ec_N",235,28,28,"Ec",32,1,1,1,1,1,1
"14069","1250","Ec_N",235,29,29,"Ec",32,1,1,1,1,1,1
"14070","1250","Ec_N",235,30,30,"Ec",32,1,1,1,1,1,1
"14071","1250","Ec_N",235,31,31,"Ec",32,1,1,1,1,1,1
"14072","1250","Ec_N",235,32,32,"Ec",32,1,1,1,1,1,1
"14073","1250","Ec_N",235,33,33,"Ec",32,1,1,1,1,1,1
"14074","1250","Ec_N",235,34,34,"Ec",32,1,1,1,1,1,1
"14075","1250","Ec_N",235,35,35,"Ec",32,1,1,1,1,1,1
"14076","1250","Ec_N",235,36,36,"Ec",32,1,1,1,1,1,1
"14077","1250","Ec_N",235,37,37,"Ec",32,1,1,1,1,1,1
"14078","1250","Ec_N",235,38,38,"Ec",32,1,1,1,1,1,1
"14079","1250","Ec_N",235,39,39,"Ec",32,1,1,1,1,1,1
"14080","1250","Ec_N",235,40,40,"Ec",32,1,1,1,1,1,1
"14081","1250","Ec_N",235,41,41,"Ec",32,1,1,1,1,1,1
"14082","1250","Ec_N",235,42,42,"Ec",32,1,1,1,1,1,1
"14083","1250","Ec_N",235,43,43,"Ec",32,1,1,1,1,1,1
"14084","1250","Ec_N",235,44,44,"Ec",32,1,1,1,1,1,1
"14085","1250","Ec_N",235,45,45,"Ec",32,1,1,1,1,1,1
"14086","1250","Ec_N",235,46,46,"Ec",32,1,1,1,1,1,1
"14087","1250","Ec_N",235,47,47,"Ec",32,1,1,1,1,1,1
"14088","1250","Ec_N",235,48,48,"Ec",32,1,1,1,1,1,1
"14089","1250","Ec_N",235,49,49,"Ec",32,1,1,1,1,1,1
"14090","1250","Ec_N",235,50,50,"Ec",32,1,1,1,1,1,1
"14091","1250","Ec_N",235,51,51,"Ec",32,1,1,1,1,1,1
"14092","1250","Ec_N",235,52,52,"Ec",32,1,1,1,1,1,1
"14093","1250","Ec_N",235,53,53,"Ec",32,1,1,1,1,1,1
"14094","1250","Ec_N",235,54,54,"Ec",32,1,1,1,1,1,1
"14095","1250","Ec_N",235,55,55,"Ec",32,1,1,1,1,1,1
"14096","1250","Ec_N",235,56,56,"Ec",32,1,1,1,1,1,1
"14097","1250","Ec_N",235,57,57,"Ec",32,1,1,1,1,1,1
"14098","1250","Ec_N",235,58,58,"Ec",32,1,1,1,1,1,1
"14099","1250","Ec_N",235,59,59,"Ec",32,1,1,1,1,1,1
"14100","1250","Ec_N",235,60,60,"Ec",32,1,1,1,1,1,1
"14101","1250","Ec_N",236,1,1,"Ec",1,0,0,0,0,0,0
"14102","1250","Ec_N",236,2,2,"Ec",1,0,0,0,0,0,0
"14103","1250","Ec_N",236,3,3,"Ec",1,0,0,0,0,0,0
"14104","1250","Ec_N",236,4,4,"Ec",1,0,0,0,0,0,0
"14105","1250","Ec_N",236,5,5,"Ec",3,0,1,0,0,0,0.082650579415114
"14106","1250","Ec_N",236,6,6,"Ec",3,0,1,0,0,0,0.082650579415114
"14107","1250","Ec_N",236,7,7,"Ec",3,0,1,0,0,0,0.082650579415114
"14108","1250","Ec_N",236,8,8,"Ec",19,0,1,0,0,1,0.179678659430889
"14109","1250","Ec_N",236,9,9,"Ec",19,0,1,0,0,1,0.179678659430889
"14110","1250","Ec_N",236,10,10,"Ec",19,0,1,0,0,1,0.179678659430889
"14111","1250","Ec_N",236,11,11,"Ec",19,0,1,0,0,1,0.179678659430889
"14112","1250","Ec_N",236,12,12,"Ec",19,0,1,0,0,1,0.179678659430889
"14113","1250","Ec_N",236,13,13,"Ec",23,0,1,1,0,1,0.511241695498657
"14114","1250","Ec_N",236,14,14,"Ec",23,0,1,1,0,1,0.511241695498657
"14115","1250","Ec_N",236,15,15,"Ec",23,0,1,1,0,1,0.511241695498657
"14116","1250","Ec_N",236,16,16,"Ec",23,0,1,1,0,1,0.511241695498657
"14117","1250","Ec_N",236,17,17,"Ec",23,0,1,1,0,1,0.511241695498657
"14118","1250","Ec_N",236,18,18,"Ec",23,0,1,1,0,1,0.511241695498657
"14119","1250","Ec_N",236,19,19,"Ec",23,0,1,1,0,1,0.511241695498657
"14120","1250","Ec_N",236,20,20,"Ec",23,0,1,1,0,1,0.511241695498657
"14121","1250","Ec_N",236,21,21,"Ec",24,1,1,1,0,1,0.732254349958425
"14122","1250","Ec_N",236,22,22,"Ec",24,1,1,1,0,1,0.732254349958425
"14123","1250","Ec_N",236,23,23,"Ec",24,1,1,1,0,1,0.732254349958425
"14124","1250","Ec_N",236,24,24,"Ec",24,1,1,1,0,1,0.732254349958425
"14125","1250","Ec_N",236,25,25,"Ec",24,1,1,1,0,1,0.732254349958425
"14126","1250","Ec_N",236,26,26,"Ec",24,1,1,1,0,1,0.732254349958425
"14127","1250","Ec_N",236,27,27,"Ec",24,1,1,1,0,1,0.732254349958425
"14128","1250","Ec_N",236,28,28,"Ec",24,1,1,1,0,1,0.732254349958425
"14129","1250","Ec_N",236,29,29,"Ec",24,1,1,1,0,1,0.732254349958425
"14130","1250","Ec_N",236,30,30,"Ec",24,1,1,1,0,1,0.732254349958425
"14131","1250","Ec_N",236,31,31,"Ec",24,1,1,1,0,1,0.732254349958425
"14132","1250","Ec_N",236,32,32,"Ec",24,1,1,1,0,1,0.732254349958425
"14133","1250","Ec_N",236,33,33,"Ec",32,1,1,1,1,1,1
"14134","1250","Ec_N",236,34,34,"Ec",32,1,1,1,1,1,1
"14135","1250","Ec_N",236,35,35,"Ec",32,1,1,1,1,1,1
"14136","1250","Ec_N",236,36,36,"Ec",32,1,1,1,1,1,1
"14137","1250","Ec_N",236,37,37,"Ec",32,1,1,1,1,1,1
"14138","1250","Ec_N",236,38,38,"Ec",32,1,1,1,1,1,1
"14139","1250","Ec_N",236,39,39,"Ec",32,1,1,1,1,1,1
"14140","1250","Ec_N",236,40,40,"Ec",32,1,1,1,1,1,1
"14141","1250","Ec_N",236,41,41,"Ec",32,1,1,1,1,1,1
"14142","1250","Ec_N",236,42,42,"Ec",32,1,1,1,1,1,1
"14143","1250","Ec_N",236,43,43,"Ec",32,1,1,1,1,1,1
"14144","1250","Ec_N",236,44,44,"Ec",32,1,1,1,1,1,1
"14145","1250","Ec_N",236,45,45,"Ec",32,1,1,1,1,1,1
"14146","1250","Ec_N",236,46,46,"Ec",32,1,1,1,1,1,1
"14147","1250","Ec_N",236,47,47,"Ec",32,1,1,1,1,1,1
"14148","1250","Ec_N",236,48,48,"Ec",32,1,1,1,1,1,1
"14149","1250","Ec_N",236,49,49,"Ec",32,1,1,1,1,1,1
"14150","1250","Ec_N",236,50,50,"Ec",32,1,1,1,1,1,1
"14151","1250","Ec_N",236,51,51,"Ec",32,1,1,1,1,1,1
"14152","1250","Ec_N",236,52,52,"Ec",32,1,1,1,1,1,1
"14153","1250","Ec_N",236,53,53,"Ec",32,1,1,1,1,1,1
"14154","1250","Ec_N",236,54,54,"Ec",32,1,1,1,1,1,1
"14155","1250","Ec_N",236,55,55,"Ec",32,1,1,1,1,1,1
"14156","1250","Ec_N",236,56,56,"Ec",32,1,1,1,1,1,1
"14157","1250","Ec_N",236,57,57,"Ec",32,1,1,1,1,1,1
"14158","1250","Ec_N",236,58,58,"Ec",32,1,1,1,1,1,1
"14159","1250","Ec_N",236,59,59,"Ec",32,1,1,1,1,1,1
"14160","1250","Ec_N",236,60,60,"Ec",32,1,1,1,1,1,1
"14161","1250","Ec_N",237,1,1,"Ec",1,0,0,0,0,0,0
"14162","1250","Ec_N",237,2,2,"Ec",1,0,0,0,0,0,0
"14163","1250","Ec_N",237,3,3,"Ec",2,1,0,0,0,0,0.221012654459768
"14164","1250","Ec_N",237,4,4,"Ec",2,1,0,0,0,0,0.221012654459768
"14165","1250","Ec_N",237,5,5,"Ec",10,1,0,0,1,0,0.488758304501343
"14166","1250","Ec_N",237,6,6,"Ec",10,1,0,0,1,0,0.488758304501343
"14167","1250","Ec_N",237,7,7,"Ec",10,1,0,0,1,0,0.488758304501343
"14168","1250","Ec_N",237,8,8,"Ec",10,1,0,0,1,0,0.488758304501343
"14169","1250","Ec_N",237,9,9,"Ec",10,1,0,0,1,0,0.488758304501343
"14170","1250","Ec_N",237,10,10,"Ec",10,1,0,0,1,0,0.488758304501343
"14171","1250","Ec_N",237,11,11,"Ec",10,1,0,0,1,0,0.488758304501343
"14172","1250","Ec_N",237,12,12,"Ec",10,1,0,0,1,0,0.488758304501343
"14173","1250","Ec_N",237,13,13,"Ec",10,1,0,0,1,0,0.488758304501343
"14174","1250","Ec_N",237,14,14,"Ec",10,1,0,0,1,0,0.488758304501343
"14175","1250","Ec_N",237,15,15,"Ec",10,1,0,0,1,0,0.488758304501343
"14176","1250","Ec_N",237,16,16,"Ec",10,1,0,0,1,0,0.488758304501343
"14177","1250","Ec_N",237,17,17,"Ec",10,1,0,0,1,0,0.488758304501343
"14178","1250","Ec_N",237,18,18,"Ec",10,1,0,0,1,0,0.488758304501343
"14179","1250","Ec_N",237,19,19,"Ec",10,1,0,0,1,0,0.488758304501343
"14180","1250","Ec_N",237,20,20,"Ec",10,1,0,0,1,0,0.488758304501343
"14181","1250","Ec_N",237,21,21,"Ec",26,1,0,0,1,1,0.685285928822162
"14182","1250","Ec_N",237,22,22,"Ec",26,1,0,0,1,1,0.685285928822162
"14183","1250","Ec_N",237,23,23,"Ec",26,1,0,0,1,1,0.685285928822162
"14184","1250","Ec_N",237,24,24,"Ec",26,1,0,0,1,1,0.685285928822162
"14185","1250","Ec_N",237,25,25,"Ec",26,1,0,0,1,1,0.685285928822162
"14186","1250","Ec_N",237,26,26,"Ec",26,1,0,0,1,1,0.685285928822162
"14187","1250","Ec_N",237,27,27,"Ec",26,1,0,0,1,1,0.685285928822162
"14188","1250","Ec_N",237,28,28,"Ec",26,1,0,0,1,1,0.685285928822162
"14189","1250","Ec_N",237,29,29,"Ec",28,1,1,0,1,1,0.770762719311211
"14190","1250","Ec_N",237,30,30,"Ec",28,1,1,0,1,1,0.770762719311211
"14191","1250","Ec_N",237,31,31,"Ec",28,1,1,0,1,1,0.770762719311211
"14192","1250","Ec_N",237,32,32,"Ec",28,1,1,0,1,1,0.770762719311211
"14193","1250","Ec_N",237,33,33,"Ec",28,1,1,0,1,1,0.770762719311211
"14194","1250","Ec_N",237,34,34,"Ec",28,1,1,0,1,1,0.770762719311211
"14195","1250","Ec_N",237,35,35,"Ec",28,1,1,0,1,1,0.770762719311211
"14196","1250","Ec_N",237,36,36,"Ec",28,1,1,0,1,1,0.770762719311211
"14197","1250","Ec_N",237,37,37,"Ec",28,1,1,0,1,1,0.770762719311211
"14198","1250","Ec_N",237,38,38,"Ec",28,1,1,0,1,1,0.770762719311211
"14199","1250","Ec_N",237,39,39,"Ec",28,1,1,0,1,1,0.770762719311211
"14200","1250","Ec_N",237,40,40,"Ec",28,1,1,0,1,1,0.770762719311211
"14201","1250","Ec_N",237,41,41,"Ec",28,1,1,0,1,1,0.770762719311211
"14202","1250","Ec_N",237,42,42,"Ec",28,1,1,0,1,1,0.770762719311211
"14203","1250","Ec_N",237,43,43,"Ec",28,1,1,0,1,1,0.770762719311211
"14204","1250","Ec_N",237,44,44,"Ec",28,1,1,0,1,1,0.770762719311211
"14205","1250","Ec_N",237,45,45,"Ec",28,1,1,0,1,1,0.770762719311211
"14206","1250","Ec_N",237,46,46,"Ec",28,1,1,0,1,1,0.770762719311211
"14207","1250","Ec_N",237,47,47,"Ec",28,1,1,0,1,1,0.770762719311211
"14208","1250","Ec_N",237,48,48,"Ec",28,1,1,0,1,1,0.770762719311211
"14209","1250","Ec_N",237,49,49,"Ec",28,1,1,0,1,1,0.770762719311211
"14210","1250","Ec_N",237,50,50,"Ec",28,1,1,0,1,1,0.770762719311211
"14211","1250","Ec_N",237,51,51,"Ec",28,1,1,0,1,1,0.770762719311211
"14212","1250","Ec_N",237,52,52,"Ec",28,1,1,0,1,1,0.770762719311211
"14213","1250","Ec_N",237,53,53,"Ec",28,1,1,0,1,1,0.770762719311211
"14214","1250","Ec_N",237,54,54,"Ec",28,1,1,0,1,1,0.770762719311211
"14215","1250","Ec_N",237,55,55,"Ec",28,1,1,0,1,1,0.770762719311211
"14216","1250","Ec_N",237,56,56,"Ec",32,1,1,1,1,1,1
"14217","1250","Ec_N",237,57,57,"Ec",32,1,1,1,1,1,1
"14218","1250","Ec_N",237,58,58,"Ec",32,1,1,1,1,1,1
"14219","1250","Ec_N",237,59,59,"Ec",32,1,1,1,1,1,1
"14220","1250","Ec_N",237,60,60,"Ec",32,1,1,1,1,1,1
"14221","1250","Ec_N",238,1,1,"Ec",1,0,0,0,0,0,0
"14222","1250","Ec_N",238,2,2,"Ec",5,0,0,1,0,0,0.232063491762724
"14223","1250","Ec_N",238,3,3,"Ec",7,0,1,1,0,0,0.314714071177838
"14224","1250","Ec_N",238,4,4,"Ec",7,0,1,1,0,0,0.314714071177838
"14225","1250","Ec_N",238,5,5,"Ec",7,0,1,1,0,0,0.314714071177838
"14226","1250","Ec_N",238,6,6,"Ec",7,0,1,1,0,0,0.314714071177838
"14227","1250","Ec_N",238,7,7,"Ec",7,0,1,1,0,0,0.314714071177838
"14228","1250","Ec_N",238,8,8,"Ec",7,0,1,1,0,0,0.314714071177838
"14229","1250","Ec_N",238,9,9,"Ec",7,0,1,1,0,0,0.314714071177838
"14230","1250","Ec_N",238,10,10,"Ec",7,0,1,1,0,0,0.314714071177838
"14231","1250","Ec_N",238,11,11,"Ec",7,0,1,1,0,0,0.314714071177838
"14232","1250","Ec_N",238,12,12,"Ec",7,0,1,1,0,0,0.314714071177838
"14233","1250","Ec_N",238,13,13,"Ec",7,0,1,1,0,0,0.314714071177838
"14234","1250","Ec_N",238,14,14,"Ec",7,0,1,1,0,0,0.314714071177838
"14235","1250","Ec_N",238,15,15,"Ec",7,0,1,1,0,0,0.314714071177838
"14236","1250","Ec_N",238,16,16,"Ec",7,0,1,1,0,0,0.314714071177838
"14237","1250","Ec_N",238,17,17,"Ec",7,0,1,1,0,0,0.314714071177838
"14238","1250","Ec_N",238,18,18,"Ec",7,0,1,1,0,0,0.314714071177838
"14239","1250","Ec_N",238,19,19,"Ec",7,0,1,1,0,0,0.314714071177838
"14240","1250","Ec_N",238,20,20,"Ec",7,0,1,1,0,0,0.314714071177838
"14241","1250","Ec_N",238,21,21,"Ec",7,0,1,1,0,0,0.314714071177838
"14242","1250","Ec_N",238,22,22,"Ec",7,0,1,1,0,0,0.314714071177838
"14243","1250","Ec_N",238,23,23,"Ec",7,0,1,1,0,0,0.314714071177838
"14244","1250","Ec_N",238,24,24,"Ec",7,0,1,1,0,0,0.314714071177838
"14245","1250","Ec_N",238,25,25,"Ec",7,0,1,1,0,0,0.314714071177838
"14246","1250","Ec_N",238,26,26,"Ec",7,0,1,1,0,0,0.314714071177838
"14247","1250","Ec_N",238,27,27,"Ec",7,0,1,1,0,0,0.314714071177838
"14248","1250","Ec_N",238,28,28,"Ec",7,0,1,1,0,0,0.314714071177838
"14249","1250","Ec_N",238,29,29,"Ec",7,0,1,1,0,0,0.314714071177838
"14250","1250","Ec_N",238,30,30,"Ec",7,0,1,1,0,0,0.314714071177838
"14251","1250","Ec_N",238,31,31,"Ec",7,0,1,1,0,0,0.314714071177838
"14252","1250","Ec_N",238,32,32,"Ec",7,0,1,1,0,0,0.314714071177838
"14253","1250","Ec_N",238,33,33,"Ec",7,0,1,1,0,0,0.314714071177838
"14254","1250","Ec_N",238,34,34,"Ec",7,0,1,1,0,0,0.314714071177838
"14255","1250","Ec_N",238,35,35,"Ec",7,0,1,1,0,0,0.314714071177838
"14256","1250","Ec_N",238,36,36,"Ec",8,1,1,1,0,0,0.440600849145421
"14257","1250","Ec_N",238,37,37,"Ec",8,1,1,1,0,0,0.440600849145421
"14258","1250","Ec_N",238,38,38,"Ec",8,1,1,1,0,0,0.440600849145421
"14259","1250","Ec_N",238,39,39,"Ec",8,1,1,1,0,0,0.440600849145421
"14260","1250","Ec_N",238,40,40,"Ec",8,1,1,1,0,0,0.440600849145421
"14261","1250","Ec_N",238,41,41,"Ec",8,1,1,1,0,0,0.440600849145421
"14262","1250","Ec_N",238,42,42,"Ec",8,1,1,1,0,0,0.440600849145421
"14263","1250","Ec_N",238,43,43,"Ec",8,1,1,1,0,0,0.440600849145421
"14264","1250","Ec_N",238,44,44,"Ec",8,1,1,1,0,0,0.440600849145421
"14265","1250","Ec_N",238,45,45,"Ec",8,1,1,1,0,0,0.440600849145421
"14266","1250","Ec_N",238,46,46,"Ec",8,1,1,1,0,0,0.440600849145421
"14267","1250","Ec_N",238,47,47,"Ec",8,1,1,1,0,0,0.440600849145421
"14268","1250","Ec_N",238,48,48,"Ec",8,1,1,1,0,0,0.440600849145421
"14269","1250","Ec_N",238,49,49,"Ec",8,1,1,1,0,0,0.440600849145421
"14270","1250","Ec_N",238,50,50,"Ec",8,1,1,1,0,0,0.440600849145421
"14271","1250","Ec_N",238,51,51,"Ec",16,1,1,1,1,0,0.879284144928883
"14272","1250","Ec_N",238,52,52,"Ec",16,1,1,1,1,0,0.879284144928883
"14273","1250","Ec_N",238,53,53,"Ec",16,1,1,1,1,0,0.879284144928883
"14274","1250","Ec_N",238,54,54,"Ec",16,1,1,1,1,0,0.879284144928883
"14275","1250","Ec_N",238,55,55,"Ec",16,1,1,1,1,0,0.879284144928883
"14276","1250","Ec_N",238,56,56,"Ec",16,1,1,1,1,0,0.879284144928883
"14277","1250","Ec_N",238,57,57,"Ec",16,1,1,1,1,0,0.879284144928883
"14278","1250","Ec_N",238,58,58,"Ec",16,1,1,1,1,0,0.879284144928883
"14279","1250","Ec_N",238,59,59,"Ec",16,1,1,1,1,0,0.879284144928883
"14280","1250","Ec_N",238,60,60,"Ec",16,1,1,1,1,0,0.879284144928883
"14281","1250","Ec_N",239,1,1,"Ec",1,0,0,0,0,0,0
"14282","1250","Ec_N",239,2,2,"Ec",17,0,0,0,0,1,0.14692246949649
"14283","1250","Ec_N",239,3,3,"Ec",17,0,0,0,0,1,0.14692246949649
"14284","1250","Ec_N",239,4,4,"Ec",25,0,0,0,1,1,0.464273274362394
"14285","1250","Ec_N",239,5,5,"Ec",25,0,0,0,1,1,0.464273274362394
"14286","1250","Ec_N",239,6,6,"Ec",25,0,0,0,1,1,0.464273274362394
"14287","1250","Ec_N",239,7,7,"Ec",25,0,0,0,1,1,0.464273274362394
"14288","1250","Ec_N",239,8,8,"Ec",25,0,0,0,1,1,0.464273274362394
"14289","1250","Ec_N",239,9,9,"Ec",25,0,0,0,1,1,0.464273274362394
"14290","1250","Ec_N",239,10,10,"Ec",25,0,0,0,1,1,0.464273274362394
"14291","1250","Ec_N",239,11,11,"Ec",25,0,0,0,1,1,0.464273274362394
"14292","1250","Ec_N",239,12,12,"Ec",25,0,0,0,1,1,0.464273274362394
"14293","1250","Ec_N",239,13,13,"Ec",25,0,0,0,1,1,0.464273274362394
"14294","1250","Ec_N",239,14,14,"Ec",25,0,0,0,1,1,0.464273274362394
"14295","1250","Ec_N",239,15,15,"Ec",26,1,0,0,1,1,0.685285928822162
"14296","1250","Ec_N",239,16,16,"Ec",26,1,0,0,1,1,0.685285928822162
"14297","1250","Ec_N",239,17,17,"Ec",26,1,0,0,1,1,0.685285928822162
"14298","1250","Ec_N",239,18,18,"Ec",30,1,0,1,1,1,0.981696467924213
"14299","1250","Ec_N",239,19,19,"Ec",30,1,0,1,1,1,0.981696467924213
"14300","1250","Ec_N",239,20,20,"Ec",30,1,0,1,1,1,0.981696467924213
"14301","1250","Ec_N",239,21,21,"Ec",30,1,0,1,1,1,0.981696467924213
"14302","1250","Ec_N",239,22,22,"Ec",30,1,0,1,1,1,0.981696467924213
"14303","1250","Ec_N",239,23,23,"Ec",30,1,0,1,1,1,0.981696467924213
"14304","1250","Ec_N",239,24,24,"Ec",30,1,0,1,1,1,0.981696467924213
"14305","1250","Ec_N",239,25,25,"Ec",30,1,0,1,1,1,0.981696467924213
"14306","1250","Ec_N",239,26,26,"Ec",30,1,0,1,1,1,0.981696467924213
"14307","1250","Ec_N",239,27,27,"Ec",30,1,0,1,1,1,0.981696467924213
"14308","1250","Ec_N",239,28,28,"Ec",30,1,0,1,1,1,0.981696467924213
"14309","1250","Ec_N",239,29,29,"Ec",32,1,1,1,1,1,1
"14310","1250","Ec_N",239,30,30,"Ec",32,1,1,1,1,1,1
"14311","1250","Ec_N",239,31,31,"Ec",32,1,1,1,1,1,1
"14312","1250","Ec_N",239,32,32,"Ec",32,1,1,1,1,1,1
"14313","1250","Ec_N",239,33,33,"Ec",32,1,1,1,1,1,1
"14314","1250","Ec_N",239,34,34,"Ec",32,1,1,1,1,1,1
"14315","1250","Ec_N",239,35,35,"Ec",32,1,1,1,1,1,1
"14316","1250","Ec_N",239,36,36,"Ec",32,1,1,1,1,1,1
"14317","1250","Ec_N",239,37,37,"Ec",32,1,1,1,1,1,1
"14318","1250","Ec_N",239,38,38,"Ec",32,1,1,1,1,1,1
"14319","1250","Ec_N",239,39,39,"Ec",32,1,1,1,1,1,1
"14320","1250","Ec_N",239,40,40,"Ec",32,1,1,1,1,1,1
"14321","1250","Ec_N",239,41,41,"Ec",32,1,1,1,1,1,1
"14322","1250","Ec_N",239,42,42,"Ec",32,1,1,1,1,1,1
"14323","1250","Ec_N",239,43,43,"Ec",32,1,1,1,1,1,1
"14324","1250","Ec_N",239,44,44,"Ec",32,1,1,1,1,1,1
"14325","1250","Ec_N",239,45,45,"Ec",32,1,1,1,1,1,1
"14326","1250","Ec_N",239,46,46,"Ec",32,1,1,1,1,1,1
"14327","1250","Ec_N",239,47,47,"Ec",32,1,1,1,1,1,1
"14328","1250","Ec_N",239,48,48,"Ec",32,1,1,1,1,1,1
"14329","1250","Ec_N",239,49,49,"Ec",32,1,1,1,1,1,1
"14330","1250","Ec_N",239,50,50,"Ec",32,1,1,1,1,1,1
"14331","1250","Ec_N",239,51,51,"Ec",32,1,1,1,1,1,1
"14332","1250","Ec_N",239,52,52,"Ec",32,1,1,1,1,1,1
"14333","1250","Ec_N",239,53,53,"Ec",32,1,1,1,1,1,1
"14334","1250","Ec_N",239,54,54,"Ec",32,1,1,1,1,1,1
"14335","1250","Ec_N",239,55,55,"Ec",32,1,1,1,1,1,1
"14336","1250","Ec_N",239,56,56,"Ec",32,1,1,1,1,1,1
"14337","1250","Ec_N",239,57,57,"Ec",32,1,1,1,1,1,1
"14338","1250","Ec_N",239,58,58,"Ec",32,1,1,1,1,1,1
"14339","1250","Ec_N",239,59,59,"Ec",32,1,1,1,1,1,1
"14340","1250","Ec_N",239,60,60,"Ec",32,1,1,1,1,1,1
"14341","1250","Ec_N",240,1,1,"Ec",1,0,0,0,0,0,0
"14342","1250","Ec_N",240,2,2,"Ec",1,0,0,0,0,0,0
"14343","1250","Ec_N",240,3,3,"Ec",1,0,0,0,0,0,0
"14344","1250","Ec_N",240,4,4,"Ec",1,0,0,0,0,0,0
"14345","1250","Ec_N",240,5,5,"Ec",1,0,0,0,0,0,0
"14346","1250","Ec_N",240,6,6,"Ec",1,0,0,0,0,0,0
"14347","1250","Ec_N",240,7,7,"Ec",1,0,0,0,0,0,0
"14348","1250","Ec_N",240,8,8,"Ec",17,0,0,0,0,1,0.14692246949649
"14349","1250","Ec_N",240,9,9,"Ec",25,0,0,0,1,1,0.464273274362394
"14350","1250","Ec_N",240,10,10,"Ec",25,0,0,0,1,1,0.464273274362394
"14351","1250","Ec_N",240,11,11,"Ec",25,0,0,0,1,1,0.464273274362394
"14352","1250","Ec_N",240,12,12,"Ec",25,0,0,0,1,1,0.464273274362394
"14353","1250","Ec_N",240,13,13,"Ec",29,0,0,1,1,1,0.696336766125118
"14354","1250","Ec_N",240,14,14,"Ec",29,0,0,1,1,1,0.696336766125118
"14355","1250","Ec_N",240,15,15,"Ec",29,0,0,1,1,1,0.696336766125118
"14356","1250","Ec_N",240,16,16,"Ec",29,0,0,1,1,1,0.696336766125118
"14357","1250","Ec_N",240,17,17,"Ec",29,0,0,1,1,1,0.696336766125118
"14358","1250","Ec_N",240,18,18,"Ec",29,0,0,1,1,1,0.696336766125118
"14359","1250","Ec_N",240,19,19,"Ec",29,0,0,1,1,1,0.696336766125118
"14360","1250","Ec_N",240,20,20,"Ec",29,0,0,1,1,1,0.696336766125118
"14361","1250","Ec_N",240,21,21,"Ec",29,0,0,1,1,1,0.696336766125118
"14362","1250","Ec_N",240,22,22,"Ec",29,0,0,1,1,1,0.696336766125118
"14363","1250","Ec_N",240,23,23,"Ec",29,0,0,1,1,1,0.696336766125118
"14364","1250","Ec_N",240,24,24,"Ec",29,0,0,1,1,1,0.696336766125118
"14365","1250","Ec_N",240,25,25,"Ec",30,1,0,1,1,1,0.981696467924213
"14366","1250","Ec_N",240,26,26,"Ec",30,1,0,1,1,1,0.981696467924213
"14367","1250","Ec_N",240,27,27,"Ec",30,1,0,1,1,1,0.981696467924213
"14368","1250","Ec_N",240,28,28,"Ec",30,1,0,1,1,1,0.981696467924213
"14369","1250","Ec_N",240,29,29,"Ec",30,1,0,1,1,1,0.981696467924213
"14370","1250","Ec_N",240,30,30,"Ec",30,1,0,1,1,1,0.981696467924213
"14371","1250","Ec_N",240,31,31,"Ec",30,1,0,1,1,1,0.981696467924213
"14372","1250","Ec_N",240,32,32,"Ec",30,1,0,1,1,1,0.981696467924213
"14373","1250","Ec_N",240,33,33,"Ec",30,1,0,1,1,1,0.981696467924213
"14374","1250","Ec_N",240,34,34,"Ec",30,1,0,1,1,1,0.981696467924213
"14375","1250","Ec_N",240,35,35,"Ec",30,1,0,1,1,1,0.981696467924213
"14376","1250","Ec_N",240,36,36,"Ec",30,1,0,1,1,1,0.981696467924213
"14377","1250","Ec_N",240,37,37,"Ec",30,1,0,1,1,1,0.981696467924213
"14378","1250","Ec_N",240,38,38,"Ec",30,1,0,1,1,1,0.981696467924213
"14379","1250","Ec_N",240,39,39,"Ec",30,1,0,1,1,1,0.981696467924213
"14380","1250","Ec_N",240,40,40,"Ec",30,1,0,1,1,1,0.981696467924213
"14381","1250","Ec_N",240,41,41,"Ec",30,1,0,1,1,1,0.981696467924213
"14382","1250","Ec_N",240,42,42,"Ec",30,1,0,1,1,1,0.981696467924213
"14383","1250","Ec_N",240,43,43,"Ec",30,1,0,1,1,1,0.981696467924213
"14384","1250","Ec_N",240,44,44,"Ec",30,1,0,1,1,1,0.981696467924213
"14385","1250","Ec_N",240,45,45,"Ec",30,1,0,1,1,1,0.981696467924213
"14386","1250","Ec_N",240,46,46,"Ec",30,1,0,1,1,1,0.981696467924213
"14387","1250","Ec_N",240,47,47,"Ec",30,1,0,1,1,1,0.981696467924213
"14388","1250","Ec_N",240,48,48,"Ec",30,1,0,1,1,1,0.981696467924213
"14389","1250","Ec_N",240,49,49,"Ec",30,1,0,1,1,1,0.981696467924213
"14390","1250","Ec_N",240,50,50,"Ec",30,1,0,1,1,1,0.981696467924213
"14391","1250","Ec_N",240,51,51,"Ec",30,1,0,1,1,1,0.981696467924213
"14392","1250","Ec_N",240,52,52,"Ec",30,1,0,1,1,1,0.981696467924213
"14393","1250","Ec_N",240,53,53,"Ec",30,1,0,1,1,1,0.981696467924213
"14394","1250","Ec_N",240,54,54,"Ec",30,1,0,1,1,1,0.981696467924213
"14395","1250","Ec_N",240,55,55,"Ec",30,1,0,1,1,1,0.981696467924213
"14396","1250","Ec_N",240,56,56,"Ec",30,1,0,1,1,1,0.981696467924213
"14397","1250","Ec_N",240,57,57,"Ec",30,1,0,1,1,1,0.981696467924213
"14398","1250","Ec_N",240,58,58,"Ec",30,1,0,1,1,1,0.981696467924213
"14399","1250","Ec_N",240,59,59,"Ec",30,1,0,1,1,1,0.981696467924213
"14400","1250","Ec_N",240,60,60,"Ec",30,1,0,1,1,1,0.981696467924213
"14401","1250","Ec_N",241,1,1,"Ec",1,0,0,0,0,0,0
"14402","1250","Ec_N",241,2,2,"Ec",1,0,0,0,0,0,0
"14403","1250","Ec_N",241,3,3,"Ec",1,0,0,0,0,0,0
"14404","1250","Ec_N",241,4,4,"Ec",17,0,0,0,0,1,0.14692246949649
"14405","1250","Ec_N",241,5,5,"Ec",17,0,0,0,0,1,0.14692246949649
"14406","1250","Ec_N",241,6,6,"Ec",17,0,0,0,0,1,0.14692246949649
"14407","1250","Ec_N",241,7,7,"Ec",17,0,0,0,0,1,0.14692246949649
"14408","1250","Ec_N",241,8,8,"Ec",17,0,0,0,0,1,0.14692246949649
"14409","1250","Ec_N",241,9,9,"Ec",17,0,0,0,0,1,0.14692246949649
"14410","1250","Ec_N",241,10,10,"Ec",17,0,0,0,0,1,0.14692246949649
"14411","1250","Ec_N",241,11,11,"Ec",17,0,0,0,0,1,0.14692246949649
"14412","1250","Ec_N",241,12,12,"Ec",18,1,0,0,0,1,0.417540278780587
"14413","1250","Ec_N",241,13,13,"Ec",18,1,0,0,0,1,0.417540278780587
"14414","1250","Ec_N",241,14,14,"Ec",18,1,0,0,0,1,0.417540278780587
"14415","1250","Ec_N",241,15,15,"Ec",18,1,0,0,0,1,0.417540278780587
"14416","1250","Ec_N",241,16,16,"Ec",20,1,1,0,0,1,0.500190858195701
"14417","1250","Ec_N",241,17,17,"Ec",20,1,1,0,0,1,0.500190858195701
"14418","1250","Ec_N",241,18,18,"Ec",20,1,1,0,0,1,0.500190858195701
"14419","1250","Ec_N",241,19,19,"Ec",20,1,1,0,0,1,0.500190858195701
"14420","1250","Ec_N",241,20,20,"Ec",20,1,1,0,0,1,0.500190858195701
"14421","1250","Ec_N",241,21,21,"Ec",20,1,1,0,0,1,0.500190858195701
"14422","1250","Ec_N",241,22,22,"Ec",20,1,1,0,0,1,0.500190858195701
"14423","1250","Ec_N",241,23,23,"Ec",20,1,1,0,0,1,0.500190858195701
"14424","1250","Ec_N",241,24,24,"Ec",20,1,1,0,0,1,0.500190858195701
"14425","1250","Ec_N",241,25,25,"Ec",20,1,1,0,0,1,0.500190858195701
"14426","1250","Ec_N",241,26,26,"Ec",20,1,1,0,0,1,0.500190858195701
"14427","1250","Ec_N",241,27,27,"Ec",20,1,1,0,0,1,0.500190858195701
"14428","1250","Ec_N",241,28,28,"Ec",20,1,1,0,0,1,0.500190858195701
"14429","1250","Ec_N",241,29,29,"Ec",20,1,1,0,0,1,0.500190858195701
"14430","1250","Ec_N",241,30,30,"Ec",20,1,1,0,0,1,0.500190858195701
"14431","1250","Ec_N",241,31,31,"Ec",20,1,1,0,0,1,0.500190858195701
"14432","1250","Ec_N",241,32,32,"Ec",20,1,1,0,0,1,0.500190858195701
"14433","1250","Ec_N",241,33,33,"Ec",20,1,1,0,0,1,0.500190858195701
"14434","1250","Ec_N",241,34,34,"Ec",20,1,1,0,0,1,0.500190858195701
"14435","1250","Ec_N",241,35,35,"Ec",20,1,1,0,0,1,0.500190858195701
"14436","1250","Ec_N",241,36,36,"Ec",20,1,1,0,0,1,0.500190858195701
"14437","1250","Ec_N",241,37,37,"Ec",20,1,1,0,0,1,0.500190858195701
"14438","1250","Ec_N",241,38,38,"Ec",20,1,1,0,0,1,0.500190858195701
"14439","1250","Ec_N",241,39,39,"Ec",20,1,1,0,0,1,0.500190858195701
"14440","1250","Ec_N",241,40,40,"Ec",20,1,1,0,0,1,0.500190858195701
"14441","1250","Ec_N",241,41,41,"Ec",20,1,1,0,0,1,0.500190858195701
"14442","1250","Ec_N",241,42,42,"Ec",20,1,1,0,0,1,0.500190858195701
"14443","1250","Ec_N",241,43,43,"Ec",20,1,1,0,0,1,0.500190858195701
"14444","1250","Ec_N",241,44,44,"Ec",20,1,1,0,0,1,0.500190858195701
"14445","1250","Ec_N",241,45,45,"Ec",20,1,1,0,0,1,0.500190858195701
"14446","1250","Ec_N",241,46,46,"Ec",20,1,1,0,0,1,0.500190858195701
"14447","1250","Ec_N",241,47,47,"Ec",20,1,1,0,0,1,0.500190858195701
"14448","1250","Ec_N",241,48,48,"Ec",20,1,1,0,0,1,0.500190858195701
"14449","1250","Ec_N",241,49,49,"Ec",20,1,1,0,0,1,0.500190858195701
"14450","1250","Ec_N",241,50,50,"Ec",20,1,1,0,0,1,0.500190858195701
"14451","1250","Ec_N",241,51,51,"Ec",24,1,1,1,0,1,0.732254349958425
"14452","1250","Ec_N",241,52,52,"Ec",24,1,1,1,0,1,0.732254349958425
"14453","1250","Ec_N",241,53,53,"Ec",24,1,1,1,0,1,0.732254349958425
"14454","1250","Ec_N",241,54,54,"Ec",24,1,1,1,0,1,0.732254349958425
"14455","1250","Ec_N",241,55,55,"Ec",24,1,1,1,0,1,0.732254349958425
"14456","1250","Ec_N",241,56,56,"Ec",24,1,1,1,0,1,0.732254349958425
"14457","1250","Ec_N",241,57,57,"Ec",24,1,1,1,0,1,0.732254349958425
"14458","1250","Ec_N",241,58,58,"Ec",24,1,1,1,0,1,0.732254349958425
"14459","1250","Ec_N",241,59,59,"Ec",24,1,1,1,0,1,0.732254349958425
"14460","1250","Ec_N",241,60,60,"Ec",24,1,1,1,0,1,0.732254349958425
"14461","1250","Ec_N",242,1,1,"Ec",1,0,0,0,0,0,0
"14462","1250","Ec_N",242,2,2,"Ec",1,0,0,0,0,0,0
"14463","1250","Ec_N",242,3,3,"Ec",1,0,0,0,0,0,0
"14464","1250","Ec_N",242,4,4,"Ec",1,0,0,0,0,0,0
"14465","1250","Ec_N",242,5,5,"Ec",1,0,0,0,0,0,0
"14466","1250","Ec_N",242,6,6,"Ec",1,0,0,0,0,0,0
"14467","1250","Ec_N",242,7,7,"Ec",1,0,0,0,0,0,0
"14468","1250","Ec_N",242,8,8,"Ec",1,0,0,0,0,0,0
"14469","1250","Ec_N",242,9,9,"Ec",5,0,0,1,0,0,0.232063491762724
"14470","1250","Ec_N",242,10,10,"Ec",5,0,0,1,0,0,0.232063491762724
"14471","1250","Ec_N",242,11,11,"Ec",5,0,0,1,0,0,0.232063491762724
"14472","1250","Ec_N",242,12,12,"Ec",5,0,0,1,0,0,0.232063491762724
"14473","1250","Ec_N",242,13,13,"Ec",5,0,0,1,0,0,0.232063491762724
"14474","1250","Ec_N",242,14,14,"Ec",5,0,0,1,0,0,0.232063491762724
"14475","1250","Ec_N",242,15,15,"Ec",5,0,0,1,0,0,0.232063491762724
"14476","1250","Ec_N",242,16,16,"Ec",5,0,0,1,0,0,0.232063491762724
"14477","1250","Ec_N",242,17,17,"Ec",5,0,0,1,0,0,0.232063491762724
"14478","1250","Ec_N",242,18,18,"Ec",7,0,1,1,0,0,0.314714071177838
"14479","1250","Ec_N",242,19,19,"Ec",7,0,1,1,0,0,0.314714071177838
"14480","1250","Ec_N",242,20,20,"Ec",7,0,1,1,0,0,0.314714071177838
"14481","1250","Ec_N",242,21,21,"Ec",15,0,1,1,1,0,0.582459721219413
"14482","1250","Ec_N",242,22,22,"Ec",15,0,1,1,1,0,0.582459721219413
"14483","1250","Ec_N",242,23,23,"Ec",15,0,1,1,1,0,0.582459721219413
"14484","1250","Ec_N",242,24,24,"Ec",15,0,1,1,1,0,0.582459721219413
"14485","1250","Ec_N",242,25,25,"Ec",15,0,1,1,1,0,0.582459721219413
"14486","1250","Ec_N",242,26,26,"Ec",15,0,1,1,1,0,0.582459721219413
"14487","1250","Ec_N",242,27,27,"Ec",15,0,1,1,1,0,0.582459721219413
"14488","1250","Ec_N",242,28,28,"Ec",15,0,1,1,1,0,0.582459721219413
"14489","1250","Ec_N",242,29,29,"Ec",15,0,1,1,1,0,0.582459721219413
"14490","1250","Ec_N",242,30,30,"Ec",15,0,1,1,1,0,0.582459721219413
"14491","1250","Ec_N",242,31,31,"Ec",15,0,1,1,1,0,0.582459721219413
"14492","1250","Ec_N",242,32,32,"Ec",15,0,1,1,1,0,0.582459721219413
"14493","1250","Ec_N",242,33,33,"Ec",15,0,1,1,1,0,0.582459721219413
"14494","1250","Ec_N",242,34,34,"Ec",15,0,1,1,1,0,0.582459721219413
"14495","1250","Ec_N",242,35,35,"Ec",15,0,1,1,1,0,0.582459721219413
"14496","1250","Ec_N",242,36,36,"Ec",15,0,1,1,1,0,0.582459721219413
"14497","1250","Ec_N",242,37,37,"Ec",15,0,1,1,1,0,0.582459721219413
"14498","1250","Ec_N",242,38,38,"Ec",15,0,1,1,1,0,0.582459721219413
"14499","1250","Ec_N",242,39,39,"Ec",15,0,1,1,1,0,0.582459721219413
"14500","1250","Ec_N",242,40,40,"Ec",15,0,1,1,1,0,0.582459721219413
"14501","1250","Ec_N",242,41,41,"Ec",15,0,1,1,1,0,0.582459721219413
"14502","1250","Ec_N",242,42,42,"Ec",15,0,1,1,1,0,0.582459721219413
"14503","1250","Ec_N",242,43,43,"Ec",15,0,1,1,1,0,0.582459721219413
"14504","1250","Ec_N",242,44,44,"Ec",31,0,1,1,1,1,0.778987345540232
"14505","1250","Ec_N",242,45,45,"Ec",31,0,1,1,1,1,0.778987345540232
"14506","1250","Ec_N",242,46,46,"Ec",31,0,1,1,1,1,0.778987345540232
"14507","1250","Ec_N",242,47,47,"Ec",31,0,1,1,1,1,0.778987345540232
"14508","1250","Ec_N",242,48,48,"Ec",31,0,1,1,1,1,0.778987345540232
"14509","1250","Ec_N",242,49,49,"Ec",31,0,1,1,1,1,0.778987345540232
"14510","1250","Ec_N",242,50,50,"Ec",31,0,1,1,1,1,0.778987345540232
"14511","1250","Ec_N",242,51,51,"Ec",31,0,1,1,1,1,0.778987345540232
"14512","1250","Ec_N",242,52,52,"Ec",31,0,1,1,1,1,0.778987345540232
"14513","1250","Ec_N",242,53,53,"Ec",31,0,1,1,1,1,0.778987345540232
"14514","1250","Ec_N",242,54,54,"Ec",31,0,1,1,1,1,0.778987345540232
"14515","1250","Ec_N",242,55,55,"Ec",31,0,1,1,1,1,0.778987345540232
"14516","1250","Ec_N",242,56,56,"Ec",31,0,1,1,1,1,0.778987345540232
"14517","1250","Ec_N",242,57,57,"Ec",31,0,1,1,1,1,0.778987345540232
"14518","1250","Ec_N",242,58,58,"Ec",31,0,1,1,1,1,0.778987345540232
"14519","1250","Ec_N",242,59,59,"Ec",31,0,1,1,1,1,0.778987345540232
"14520","1250","Ec_N",242,60,60,"Ec",31,0,1,1,1,1,0.778987345540232
"14521","1250","Ec_N",243,1,1,"Ec",1,0,0,0,0,0,0
"14522","1250","Ec_N",243,2,2,"Ec",1,0,0,0,0,0,0
"14523","1250","Ec_N",243,3,3,"Ec",1,0,0,0,0,0,0
"14524","1250","Ec_N",243,4,4,"Ec",2,1,0,0,0,0,0.221012654459768
"14525","1250","Ec_N",243,5,5,"Ec",2,1,0,0,0,0,0.221012654459768
"14526","1250","Ec_N",243,6,6,"Ec",2,1,0,0,0,0,0.221012654459768
"14527","1250","Ec_N",243,7,7,"Ec",2,1,0,0,0,0,0.221012654459768
"14528","1250","Ec_N",243,8,8,"Ec",2,1,0,0,0,0,0.221012654459768
"14529","1250","Ec_N",243,9,9,"Ec",4,1,1,0,0,0,0.303663233874882
"14530","1250","Ec_N",243,10,10,"Ec",4,1,1,0,0,0,0.303663233874882
"14531","1250","Ec_N",243,11,11,"Ec",4,1,1,0,0,0,0.303663233874882
"14532","1250","Ec_N",243,12,12,"Ec",8,1,1,1,0,0,0.440600849145421
"14533","1250","Ec_N",243,13,13,"Ec",8,1,1,1,0,0,0.440600849145421
"14534","1250","Ec_N",243,14,14,"Ec",8,1,1,1,0,0,0.440600849145421
"14535","1250","Ec_N",243,15,15,"Ec",8,1,1,1,0,0,0.440600849145421
"14536","1250","Ec_N",243,16,16,"Ec",8,1,1,1,0,0,0.440600849145421
"14537","1250","Ec_N",243,17,17,"Ec",8,1,1,1,0,0,0.440600849145421
"14538","1250","Ec_N",243,18,18,"Ec",8,1,1,1,0,0,0.440600849145421
"14539","1250","Ec_N",243,19,19,"Ec",8,1,1,1,0,0,0.440600849145421
"14540","1250","Ec_N",243,20,20,"Ec",8,1,1,1,0,0,0.440600849145421
"14541","1250","Ec_N",243,21,21,"Ec",8,1,1,1,0,0,0.440600849145421
"14542","1250","Ec_N",243,22,22,"Ec",8,1,1,1,0,0,0.440600849145421
"14543","1250","Ec_N",243,23,23,"Ec",8,1,1,1,0,0,0.440600849145421
"14544","1250","Ec_N",243,24,24,"Ec",16,1,1,1,1,0,0.879284144928883
"14545","1250","Ec_N",243,25,25,"Ec",16,1,1,1,1,0,0.879284144928883
"14546","1250","Ec_N",243,26,26,"Ec",16,1,1,1,1,0,0.879284144928883
"14547","1250","Ec_N",243,27,27,"Ec",16,1,1,1,1,0,0.879284144928883
"14548","1250","Ec_N",243,28,28,"Ec",16,1,1,1,1,0,0.879284144928883
"14549","1250","Ec_N",243,29,29,"Ec",16,1,1,1,1,0,0.879284144928883
"14550","1250","Ec_N",243,30,30,"Ec",16,1,1,1,1,0,0.879284144928883
"14551","1250","Ec_N",243,31,31,"Ec",16,1,1,1,1,0,0.879284144928883
"14552","1250","Ec_N",243,32,32,"Ec",16,1,1,1,1,0,0.879284144928883
"14553","1250","Ec_N",243,33,33,"Ec",16,1,1,1,1,0,0.879284144928883
"14554","1250","Ec_N",243,34,34,"Ec",16,1,1,1,1,0,0.879284144928883
"14555","1250","Ec_N",243,35,35,"Ec",16,1,1,1,1,0,0.879284144928883
"14556","1250","Ec_N",243,36,36,"Ec",16,1,1,1,1,0,0.879284144928883
"14557","1250","Ec_N",243,37,37,"Ec",16,1,1,1,1,0,0.879284144928883
"14558","1250","Ec_N",243,38,38,"Ec",16,1,1,1,1,0,0.879284144928883
"14559","1250","Ec_N",243,39,39,"Ec",16,1,1,1,1,0,0.879284144928883
"14560","1250","Ec_N",243,40,40,"Ec",16,1,1,1,1,0,0.879284144928883
"14561","1250","Ec_N",243,41,41,"Ec",16,1,1,1,1,0,0.879284144928883
"14562","1250","Ec_N",243,42,42,"Ec",16,1,1,1,1,0,0.879284144928883
"14563","1250","Ec_N",243,43,43,"Ec",16,1,1,1,1,0,0.879284144928883
"14564","1250","Ec_N",243,44,44,"Ec",32,1,1,1,1,1,1
"14565","1250","Ec_N",243,45,45,"Ec",32,1,1,1,1,1,1
"14566","1250","Ec_N",243,46,46,"Ec",32,1,1,1,1,1,1
"14567","1250","Ec_N",243,47,47,"Ec",32,1,1,1,1,1,1
"14568","1250","Ec_N",243,48,48,"Ec",32,1,1,1,1,1,1
"14569","1250","Ec_N",243,49,49,"Ec",32,1,1,1,1,1,1
"14570","1250","Ec_N",243,50,50,"Ec",32,1,1,1,1,1,1
"14571","1250","Ec_N",243,51,51,"Ec",32,1,1,1,1,1,1
"14572","1250","Ec_N",243,52,52,"Ec",32,1,1,1,1,1,1
"14573","1250","Ec_N",243,53,53,"Ec",32,1,1,1,1,1,1
"14574","1250","Ec_N",243,54,54,"Ec",32,1,1,1,1,1,1
"14575","1250","Ec_N",243,55,55,"Ec",32,1,1,1,1,1,1
"14576","1250","Ec_N",243,56,56,"Ec",32,1,1,1,1,1,1
"14577","1250","Ec_N",243,57,57,"Ec",32,1,1,1,1,1,1
"14578","1250","Ec_N",243,58,58,"Ec",32,1,1,1,1,1,1
"14579","1250","Ec_N",243,59,59,"Ec",32,1,1,1,1,1,1
"14580","1250","Ec_N",243,60,60,"Ec",32,1,1,1,1,1,1
"14581","1250","Ec_N",244,1,1,"Ec",1,0,0,0,0,0,0
"14582","1250","Ec_N",244,2,2,"Ec",1,0,0,0,0,0,0
"14583","1250","Ec_N",244,3,3,"Ec",1,0,0,0,0,0,0
"14584","1250","Ec_N",244,4,4,"Ec",1,0,0,0,0,0,0
"14585","1250","Ec_N",244,5,5,"Ec",1,0,0,0,0,0,0
"14586","1250","Ec_N",244,6,6,"Ec",1,0,0,0,0,0,0
"14587","1250","Ec_N",244,7,7,"Ec",17,0,0,0,0,1,0.14692246949649
"14588","1250","Ec_N",244,8,8,"Ec",17,0,0,0,0,1,0.14692246949649
"14589","1250","Ec_N",244,9,9,"Ec",17,0,0,0,0,1,0.14692246949649
"14590","1250","Ec_N",244,10,10,"Ec",17,0,0,0,0,1,0.14692246949649
"14591","1250","Ec_N",244,11,11,"Ec",17,0,0,0,0,1,0.14692246949649
"14592","1250","Ec_N",244,12,12,"Ec",17,0,0,0,0,1,0.14692246949649
"14593","1250","Ec_N",244,13,13,"Ec",17,0,0,0,0,1,0.14692246949649
"14594","1250","Ec_N",244,14,14,"Ec",17,0,0,0,0,1,0.14692246949649
"14595","1250","Ec_N",244,15,15,"Ec",17,0,0,0,0,1,0.14692246949649
"14596","1250","Ec_N",244,16,16,"Ec",17,0,0,0,0,1,0.14692246949649
"14597","1250","Ec_N",244,17,17,"Ec",17,0,0,0,0,1,0.14692246949649
"14598","1250","Ec_N",244,18,18,"Ec",21,0,0,1,0,1,0.428591116083543
"14599","1250","Ec_N",244,19,19,"Ec",21,0,0,1,0,1,0.428591116083543
"14600","1250","Ec_N",244,20,20,"Ec",21,0,0,1,0,1,0.428591116083543
"14601","1250","Ec_N",244,21,21,"Ec",21,0,0,1,0,1,0.428591116083543
"14602","1250","Ec_N",244,22,22,"Ec",21,0,0,1,0,1,0.428591116083543
"14603","1250","Ec_N",244,23,23,"Ec",21,0,0,1,0,1,0.428591116083543
"14604","1250","Ec_N",244,24,24,"Ec",21,0,0,1,0,1,0.428591116083543
"14605","1250","Ec_N",244,25,25,"Ec",21,0,0,1,0,1,0.428591116083543
"14606","1250","Ec_N",244,26,26,"Ec",21,0,0,1,0,1,0.428591116083543
"14607","1250","Ec_N",244,27,27,"Ec",21,0,0,1,0,1,0.428591116083543
"14608","1250","Ec_N",244,28,28,"Ec",21,0,0,1,0,1,0.428591116083543
"14609","1250","Ec_N",244,29,29,"Ec",21,0,0,1,0,1,0.428591116083543
"14610","1250","Ec_N",244,30,30,"Ec",21,0,0,1,0,1,0.428591116083543
"14611","1250","Ec_N",244,31,31,"Ec",21,0,0,1,0,1,0.428591116083543
"14612","1250","Ec_N",244,32,32,"Ec",22,1,0,1,0,1,0.649603770543311
"14613","1250","Ec_N",244,33,33,"Ec",22,1,0,1,0,1,0.649603770543311
"14614","1250","Ec_N",244,34,34,"Ec",22,1,0,1,0,1,0.649603770543311
"14615","1250","Ec_N",244,35,35,"Ec",22,1,0,1,0,1,0.649603770543311
"14616","1250","Ec_N",244,36,36,"Ec",22,1,0,1,0,1,0.649603770543311
"14617","1250","Ec_N",244,37,37,"Ec",22,1,0,1,0,1,0.649603770543311
"14618","1250","Ec_N",244,38,38,"Ec",22,1,0,1,0,1,0.649603770543311
"14619","1250","Ec_N",244,39,39,"Ec",22,1,0,1,0,1,0.649603770543311
"14620","1250","Ec_N",244,40,40,"Ec",22,1,0,1,0,1,0.649603770543311
"14621","1250","Ec_N",244,41,41,"Ec",22,1,0,1,0,1,0.649603770543311
"14622","1250","Ec_N",244,42,42,"Ec",22,1,0,1,0,1,0.649603770543311
"14623","1250","Ec_N",244,43,43,"Ec",30,1,0,1,1,1,0.981696467924213
"14624","1250","Ec_N",244,44,44,"Ec",30,1,0,1,1,1,0.981696467924213
"14625","1250","Ec_N",244,45,45,"Ec",30,1,0,1,1,1,0.981696467924213
"14626","1250","Ec_N",244,46,46,"Ec",32,1,1,1,1,1,1
"14627","1250","Ec_N",244,47,47,"Ec",32,1,1,1,1,1,1
"14628","1250","Ec_N",244,48,48,"Ec",32,1,1,1,1,1,1
"14629","1250","Ec_N",244,49,49,"Ec",32,1,1,1,1,1,1
"14630","1250","Ec_N",244,50,50,"Ec",32,1,1,1,1,1,1
"14631","1250","Ec_N",244,51,51,"Ec",32,1,1,1,1,1,1
"14632","1250","Ec_N",244,52,52,"Ec",32,1,1,1,1,1,1
"14633","1250","Ec_N",244,53,53,"Ec",32,1,1,1,1,1,1
"14634","1250","Ec_N",244,54,54,"Ec",32,1,1,1,1,1,1
"14635","1250","Ec_N",244,55,55,"Ec",32,1,1,1,1,1,1
"14636","1250","Ec_N",244,56,56,"Ec",32,1,1,1,1,1,1
"14637","1250","Ec_N",244,57,57,"Ec",32,1,1,1,1,1,1
"14638","1250","Ec_N",244,58,58,"Ec",32,1,1,1,1,1,1
"14639","1250","Ec_N",244,59,59,"Ec",32,1,1,1,1,1,1
"14640","1250","Ec_N",244,60,60,"Ec",32,1,1,1,1,1,1
"14641","1250","Ec_N",245,1,1,"Ec",1,0,0,0,0,0,0
"14642","1250","Ec_N",245,2,2,"Ec",1,0,0,0,0,0,0
"14643","1250","Ec_N",245,3,3,"Ec",1,0,0,0,0,0,0
"14644","1250","Ec_N",245,4,4,"Ec",1,0,0,0,0,0,0
"14645","1250","Ec_N",245,5,5,"Ec",1,0,0,0,0,0,0
"14646","1250","Ec_N",245,6,6,"Ec",1,0,0,0,0,0,0
"14647","1250","Ec_N",245,7,7,"Ec",1,0,0,0,0,0,0
"14648","1250","Ec_N",245,8,8,"Ec",2,1,0,0,0,0,0.221012654459768
"14649","1250","Ec_N",245,9,9,"Ec",2,1,0,0,0,0,0.221012654459768
"14650","1250","Ec_N",245,10,10,"Ec",2,1,0,0,0,0,0.221012654459768
"14651","1250","Ec_N",245,11,11,"Ec",2,1,0,0,0,0,0.221012654459768
"14652","1250","Ec_N",245,12,12,"Ec",2,1,0,0,0,0,0.221012654459768
"14653","1250","Ec_N",245,13,13,"Ec",2,1,0,0,0,0,0.221012654459768
"14654","1250","Ec_N",245,14,14,"Ec",2,1,0,0,0,0,0.221012654459768
"14655","1250","Ec_N",245,15,15,"Ec",2,1,0,0,0,0,0.221012654459768
"14656","1250","Ec_N",245,16,16,"Ec",2,1,0,0,0,0,0.221012654459768
"14657","1250","Ec_N",245,17,17,"Ec",2,1,0,0,0,0,0.221012654459768
"14658","1250","Ec_N",245,18,18,"Ec",2,1,0,0,0,0,0.221012654459768
"14659","1250","Ec_N",245,19,19,"Ec",2,1,0,0,0,0,0.221012654459768
"14660","1250","Ec_N",245,20,20,"Ec",2,1,0,0,0,0,0.221012654459768
"14661","1250","Ec_N",245,21,21,"Ec",2,1,0,0,0,0,0.221012654459768
"14662","1250","Ec_N",245,22,22,"Ec",2,1,0,0,0,0,0.221012654459768
"14663","1250","Ec_N",245,23,23,"Ec",2,1,0,0,0,0,0.221012654459768
"14664","1250","Ec_N",245,24,24,"Ec",2,1,0,0,0,0,0.221012654459768
"14665","1250","Ec_N",245,25,25,"Ec",2,1,0,0,0,0,0.221012654459768
"14666","1250","Ec_N",245,26,26,"Ec",2,1,0,0,0,0,0.221012654459768
"14667","1250","Ec_N",245,27,27,"Ec",2,1,0,0,0,0,0.221012654459768
"14668","1250","Ec_N",245,28,28,"Ec",18,1,0,0,0,1,0.417540278780587
"14669","1250","Ec_N",245,29,29,"Ec",18,1,0,0,0,1,0.417540278780587
"14670","1250","Ec_N",245,30,30,"Ec",18,1,0,0,0,1,0.417540278780587
"14671","1250","Ec_N",245,31,31,"Ec",18,1,0,0,0,1,0.417540278780587
"14672","1250","Ec_N",245,32,32,"Ec",20,1,1,0,0,1,0.500190858195701
"14673","1250","Ec_N",245,33,33,"Ec",20,1,1,0,0,1,0.500190858195701
"14674","1250","Ec_N",245,34,34,"Ec",20,1,1,0,0,1,0.500190858195701
"14675","1250","Ec_N",245,35,35,"Ec",20,1,1,0,0,1,0.500190858195701
"14676","1250","Ec_N",245,36,36,"Ec",20,1,1,0,0,1,0.500190858195701
"14677","1250","Ec_N",245,37,37,"Ec",20,1,1,0,0,1,0.500190858195701
"14678","1250","Ec_N",245,38,38,"Ec",20,1,1,0,0,1,0.500190858195701
"14679","1250","Ec_N",245,39,39,"Ec",20,1,1,0,0,1,0.500190858195701
"14680","1250","Ec_N",245,40,40,"Ec",20,1,1,0,0,1,0.500190858195701
"14681","1250","Ec_N",245,41,41,"Ec",20,1,1,0,0,1,0.500190858195701
"14682","1250","Ec_N",245,42,42,"Ec",20,1,1,0,0,1,0.500190858195701
"14683","1250","Ec_N",245,43,43,"Ec",20,1,1,0,0,1,0.500190858195701
"14684","1250","Ec_N",245,44,44,"Ec",20,1,1,0,0,1,0.500190858195701
"14685","1250","Ec_N",245,45,45,"Ec",20,1,1,0,0,1,0.500190858195701
"14686","1250","Ec_N",245,46,46,"Ec",20,1,1,0,0,1,0.500190858195701
"14687","1250","Ec_N",245,47,47,"Ec",20,1,1,0,0,1,0.500190858195701
"14688","1250","Ec_N",245,48,48,"Ec",20,1,1,0,0,1,0.500190858195701
"14689","1250","Ec_N",245,49,49,"Ec",20,1,1,0,0,1,0.500190858195701
"14690","1250","Ec_N",245,50,50,"Ec",20,1,1,0,0,1,0.500190858195701
"14691","1250","Ec_N",245,51,51,"Ec",20,1,1,0,0,1,0.500190858195701
"14692","1250","Ec_N",245,52,52,"Ec",20,1,1,0,0,1,0.500190858195701
"14693","1250","Ec_N",245,53,53,"Ec",28,1,1,0,1,1,0.770762719311211
"14694","1250","Ec_N",245,54,54,"Ec",28,1,1,0,1,1,0.770762719311211
"14695","1250","Ec_N",245,55,55,"Ec",28,1,1,0,1,1,0.770762719311211
"14696","1250","Ec_N",245,56,56,"Ec",28,1,1,0,1,1,0.770762719311211
"14697","1250","Ec_N",245,57,57,"Ec",28,1,1,0,1,1,0.770762719311211
"14698","1250","Ec_N",245,58,58,"Ec",28,1,1,0,1,1,0.770762719311211
"14699","1250","Ec_N",245,59,59,"Ec",28,1,1,0,1,1,0.770762719311211
"14700","1250","Ec_N",245,60,60,"Ec",28,1,1,0,1,1,0.770762719311211
"14701","1250","Ec_N",246,1,1,"Ec",1,0,0,0,0,0,0
"14702","1250","Ec_N",246,2,2,"Ec",1,0,0,0,0,0,0
"14703","1250","Ec_N",246,3,3,"Ec",1,0,0,0,0,0,0
"14704","1250","Ec_N",246,4,4,"Ec",1,0,0,0,0,0,0
"14705","1250","Ec_N",246,5,5,"Ec",1,0,0,0,0,0,0
"14706","1250","Ec_N",246,6,6,"Ec",1,0,0,0,0,0,0
"14707","1250","Ec_N",246,7,7,"Ec",1,0,0,0,0,0,0
"14708","1250","Ec_N",246,8,8,"Ec",1,0,0,0,0,0,0
"14709","1250","Ec_N",246,9,9,"Ec",2,1,0,0,0,0,0.221012654459768
"14710","1250","Ec_N",246,10,10,"Ec",2,1,0,0,0,0,0.221012654459768
"14711","1250","Ec_N",246,11,11,"Ec",2,1,0,0,0,0,0.221012654459768
"14712","1250","Ec_N",246,12,12,"Ec",2,1,0,0,0,0,0.221012654459768
"14713","1250","Ec_N",246,13,13,"Ec",2,1,0,0,0,0,0.221012654459768
"14714","1250","Ec_N",246,14,14,"Ec",2,1,0,0,0,0,0.221012654459768
"14715","1250","Ec_N",246,15,15,"Ec",10,1,0,0,1,0,0.488758304501343
"14716","1250","Ec_N",246,16,16,"Ec",10,1,0,0,1,0,0.488758304501343
"14717","1250","Ec_N",246,17,17,"Ec",10,1,0,0,1,0,0.488758304501343
"14718","1250","Ec_N",246,18,18,"Ec",10,1,0,0,1,0,0.488758304501343
"14719","1250","Ec_N",246,19,19,"Ec",10,1,0,0,1,0,0.488758304501343
"14720","1250","Ec_N",246,20,20,"Ec",10,1,0,0,1,0,0.488758304501343
"14721","1250","Ec_N",246,21,21,"Ec",10,1,0,0,1,0,0.488758304501343
"14722","1250","Ec_N",246,22,22,"Ec",10,1,0,0,1,0,0.488758304501343
"14723","1250","Ec_N",246,23,23,"Ec",14,1,0,1,1,0,0.720821796264067
"14724","1250","Ec_N",246,24,24,"Ec",14,1,0,1,1,0,0.720821796264067
"14725","1250","Ec_N",246,25,25,"Ec",14,1,0,1,1,0,0.720821796264067
"14726","1250","Ec_N",246,26,26,"Ec",14,1,0,1,1,0,0.720821796264067
"14727","1250","Ec_N",246,27,27,"Ec",14,1,0,1,1,0,0.720821796264067
"14728","1250","Ec_N",246,28,28,"Ec",14,1,0,1,1,0,0.720821796264067
"14729","1250","Ec_N",246,29,29,"Ec",14,1,0,1,1,0,0.720821796264067
"14730","1250","Ec_N",246,30,30,"Ec",14,1,0,1,1,0,0.720821796264067
"14731","1250","Ec_N",246,31,31,"Ec",14,1,0,1,1,0,0.720821796264067
"14732","1250","Ec_N",246,32,32,"Ec",14,1,0,1,1,0,0.720821796264067
"14733","1250","Ec_N",246,33,33,"Ec",14,1,0,1,1,0,0.720821796264067
"14734","1250","Ec_N",246,34,34,"Ec",14,1,0,1,1,0,0.720821796264067
"14735","1250","Ec_N",246,35,35,"Ec",14,1,0,1,1,0,0.720821796264067
"14736","1250","Ec_N",246,36,36,"Ec",14,1,0,1,1,0,0.720821796264067
"14737","1250","Ec_N",246,37,37,"Ec",14,1,0,1,1,0,0.720821796264067
"14738","1250","Ec_N",246,38,38,"Ec",14,1,0,1,1,0,0.720821796264067
"14739","1250","Ec_N",246,39,39,"Ec",14,1,0,1,1,0,0.720821796264067
"14740","1250","Ec_N",246,40,40,"Ec",14,1,0,1,1,0,0.720821796264067
"14741","1250","Ec_N",246,41,41,"Ec",14,1,0,1,1,0,0.720821796264067
"14742","1250","Ec_N",246,42,42,"Ec",14,1,0,1,1,0,0.720821796264067
"14743","1250","Ec_N",246,43,43,"Ec",14,1,0,1,1,0,0.720821796264067
"14744","1250","Ec_N",246,44,44,"Ec",14,1,0,1,1,0,0.720821796264067
"14745","1250","Ec_N",246,45,45,"Ec",14,1,0,1,1,0,0.720821796264067
"14746","1250","Ec_N",246,46,46,"Ec",14,1,0,1,1,0,0.720821796264067
"14747","1250","Ec_N",246,47,47,"Ec",14,1,0,1,1,0,0.720821796264067
"14748","1250","Ec_N",246,48,48,"Ec",14,1,0,1,1,0,0.720821796264067
"14749","1250","Ec_N",246,49,49,"Ec",14,1,0,1,1,0,0.720821796264067
"14750","1250","Ec_N",246,50,50,"Ec",14,1,0,1,1,0,0.720821796264067
"14751","1250","Ec_N",246,51,51,"Ec",14,1,0,1,1,0,0.720821796264067
"14752","1250","Ec_N",246,52,52,"Ec",30,1,0,1,1,1,0.981696467924213
"14753","1250","Ec_N",246,53,53,"Ec",30,1,0,1,1,1,0.981696467924213
"14754","1250","Ec_N",246,54,54,"Ec",30,1,0,1,1,1,0.981696467924213
"14755","1250","Ec_N",246,55,55,"Ec",30,1,0,1,1,1,0.981696467924213
"14756","1250","Ec_N",246,56,56,"Ec",30,1,0,1,1,1,0.981696467924213
"14757","1250","Ec_N",246,57,57,"Ec",30,1,0,1,1,1,0.981696467924213
"14758","1250","Ec_N",246,58,58,"Ec",32,1,1,1,1,1,1
"14759","1250","Ec_N",246,59,59,"Ec",32,1,1,1,1,1,1
"14760","1250","Ec_N",246,60,60,"Ec",32,1,1,1,1,1,1
"14761","1250","Ec_N",247,1,1,"Ec",1,0,0,0,0,0,0
"14762","1250","Ec_N",247,2,2,"Ec",5,0,0,1,0,0,0.232063491762724
"14763","1250","Ec_N",247,3,3,"Ec",5,0,0,1,0,0,0.232063491762724
"14764","1250","Ec_N",247,4,4,"Ec",5,0,0,1,0,0,0.232063491762724
"14765","1250","Ec_N",247,5,5,"Ec",5,0,0,1,0,0,0.232063491762724
"14766","1250","Ec_N",247,6,6,"Ec",5,0,0,1,0,0,0.232063491762724
"14767","1250","Ec_N",247,7,7,"Ec",5,0,0,1,0,0,0.232063491762724
"14768","1250","Ec_N",247,8,8,"Ec",5,0,0,1,0,0,0.232063491762724
"14769","1250","Ec_N",247,9,9,"Ec",5,0,0,1,0,0,0.232063491762724
"14770","1250","Ec_N",247,10,10,"Ec",5,0,0,1,0,0,0.232063491762724
"14771","1250","Ec_N",247,11,11,"Ec",5,0,0,1,0,0,0.232063491762724
"14772","1250","Ec_N",247,12,12,"Ec",5,0,0,1,0,0,0.232063491762724
"14773","1250","Ec_N",247,13,13,"Ec",5,0,0,1,0,0,0.232063491762724
"14774","1250","Ec_N",247,14,14,"Ec",5,0,0,1,0,0,0.232063491762724
"14775","1250","Ec_N",247,15,15,"Ec",5,0,0,1,0,0,0.232063491762724
"14776","1250","Ec_N",247,16,16,"Ec",5,0,0,1,0,0,0.232063491762724
"14777","1250","Ec_N",247,17,17,"Ec",5,0,0,1,0,0,0.232063491762724
"14778","1250","Ec_N",247,18,18,"Ec",5,0,0,1,0,0,0.232063491762724
"14779","1250","Ec_N",247,19,19,"Ec",7,0,1,1,0,0,0.314714071177838
"14780","1250","Ec_N",247,20,20,"Ec",7,0,1,1,0,0,0.314714071177838
"14781","1250","Ec_N",247,21,21,"Ec",7,0,1,1,0,0,0.314714071177838
"14782","1250","Ec_N",247,22,22,"Ec",7,0,1,1,0,0,0.314714071177838
"14783","1250","Ec_N",247,23,23,"Ec",23,0,1,1,0,1,0.511241695498657
"14784","1250","Ec_N",247,24,24,"Ec",23,0,1,1,0,1,0.511241695498657
"14785","1250","Ec_N",247,25,25,"Ec",23,0,1,1,0,1,0.511241695498657
"14786","1250","Ec_N",247,26,26,"Ec",23,0,1,1,0,1,0.511241695498657
"14787","1250","Ec_N",247,27,27,"Ec",23,0,1,1,0,1,0.511241695498657
"14788","1250","Ec_N",247,28,28,"Ec",23,0,1,1,0,1,0.511241695498657
"14789","1250","Ec_N",247,29,29,"Ec",23,0,1,1,0,1,0.511241695498657
"14790","1250","Ec_N",247,30,30,"Ec",23,0,1,1,0,1,0.511241695498657
"14791","1250","Ec_N",247,31,31,"Ec",23,0,1,1,0,1,0.511241695498657
"14792","1250","Ec_N",247,32,32,"Ec",23,0,1,1,0,1,0.511241695498657
"14793","1250","Ec_N",247,33,33,"Ec",23,0,1,1,0,1,0.511241695498657
"14794","1250","Ec_N",247,34,34,"Ec",23,0,1,1,0,1,0.511241695498657
"14795","1250","Ec_N",247,35,35,"Ec",23,0,1,1,0,1,0.511241695498657
"14796","1250","Ec_N",247,36,36,"Ec",23,0,1,1,0,1,0.511241695498657
"14797","1250","Ec_N",247,37,37,"Ec",23,0,1,1,0,1,0.511241695498657
"14798","1250","Ec_N",247,38,38,"Ec",23,0,1,1,0,1,0.511241695498657
"14799","1250","Ec_N",247,39,39,"Ec",23,0,1,1,0,1,0.511241695498657
"14800","1250","Ec_N",247,40,40,"Ec",23,0,1,1,0,1,0.511241695498657
"14801","1250","Ec_N",247,41,41,"Ec",23,0,1,1,0,1,0.511241695498657
"14802","1250","Ec_N",247,42,42,"Ec",31,0,1,1,1,1,0.778987345540232
"14803","1250","Ec_N",247,43,43,"Ec",31,0,1,1,1,1,0.778987345540232
"14804","1250","Ec_N",247,44,44,"Ec",31,0,1,1,1,1,0.778987345540232
"14805","1250","Ec_N",247,45,45,"Ec",31,0,1,1,1,1,0.778987345540232
"14806","1250","Ec_N",247,46,46,"Ec",31,0,1,1,1,1,0.778987345540232
"14807","1250","Ec_N",247,47,47,"Ec",31,0,1,1,1,1,0.778987345540232
"14808","1250","Ec_N",247,48,48,"Ec",31,0,1,1,1,1,0.778987345540232
"14809","1250","Ec_N",247,49,49,"Ec",32,1,1,1,1,1,1
"14810","1250","Ec_N",247,50,50,"Ec",32,1,1,1,1,1,1
"14811","1250","Ec_N",247,51,51,"Ec",32,1,1,1,1,1,1
"14812","1250","Ec_N",247,52,52,"Ec",32,1,1,1,1,1,1
"14813","1250","Ec_N",247,53,53,"Ec",32,1,1,1,1,1,1
"14814","1250","Ec_N",247,54,54,"Ec",32,1,1,1,1,1,1
"14815","1250","Ec_N",247,55,55,"Ec",32,1,1,1,1,1,1
"14816","1250","Ec_N",247,56,56,"Ec",32,1,1,1,1,1,1
"14817","1250","Ec_N",247,57,57,"Ec",32,1,1,1,1,1,1
"14818","1250","Ec_N",247,58,58,"Ec",32,1,1,1,1,1,1
"14819","1250","Ec_N",247,59,59,"Ec",32,1,1,1,1,1,1
"14820","1250","Ec_N",247,60,60,"Ec",32,1,1,1,1,1,1
"14821","1250","Ec_N",248,1,1,"Ec",1,0,0,0,0,0,0
"14822","1250","Ec_N",248,2,2,"Ec",1,0,0,0,0,0,0
"14823","1250","Ec_N",248,3,3,"Ec",1,0,0,0,0,0,0
"14824","1250","Ec_N",248,4,4,"Ec",1,0,0,0,0,0,0
"14825","1250","Ec_N",248,5,5,"Ec",3,0,1,0,0,0,0.082650579415114
"14826","1250","Ec_N",248,6,6,"Ec",3,0,1,0,0,0,0.082650579415114
"14827","1250","Ec_N",248,7,7,"Ec",3,0,1,0,0,0,0.082650579415114
"14828","1250","Ec_N",248,8,8,"Ec",3,0,1,0,0,0,0.082650579415114
"14829","1250","Ec_N",248,9,9,"Ec",11,0,1,0,1,0,0.168832555215222
"14830","1250","Ec_N",248,10,10,"Ec",11,0,1,0,1,0,0.168832555215222
"14831","1250","Ec_N",248,11,11,"Ec",11,0,1,0,1,0,0.168832555215222
"14832","1250","Ec_N",248,12,12,"Ec",27,0,1,0,1,1,0.50104458373578
"14833","1250","Ec_N",248,13,13,"Ec",27,0,1,0,1,1,0.50104458373578
"14834","1250","Ec_N",248,14,14,"Ec",27,0,1,0,1,1,0.50104458373578
"14835","1250","Ec_N",248,15,15,"Ec",27,0,1,0,1,1,0.50104458373578
"14836","1250","Ec_N",248,16,16,"Ec",27,0,1,0,1,1,0.50104458373578
"14837","1250","Ec_N",248,17,17,"Ec",27,0,1,0,1,1,0.50104458373578
"14838","1250","Ec_N",248,18,18,"Ec",27,0,1,0,1,1,0.50104458373578
"14839","1250","Ec_N",248,19,19,"Ec",27,0,1,0,1,1,0.50104458373578
"14840","1250","Ec_N",248,20,20,"Ec",27,0,1,0,1,1,0.50104458373578
"14841","1250","Ec_N",248,21,21,"Ec",27,0,1,0,1,1,0.50104458373578
"14842","1250","Ec_N",248,22,22,"Ec",27,0,1,0,1,1,0.50104458373578
"14843","1250","Ec_N",248,23,23,"Ec",27,0,1,0,1,1,0.50104458373578
"14844","1250","Ec_N",248,24,24,"Ec",27,0,1,0,1,1,0.50104458373578
"14845","1250","Ec_N",248,25,25,"Ec",31,0,1,1,1,1,0.778987345540232
"14846","1250","Ec_N",248,26,26,"Ec",31,0,1,1,1,1,0.778987345540232
"14847","1250","Ec_N",248,27,27,"Ec",31,0,1,1,1,1,0.778987345540232
"14848","1250","Ec_N",248,28,28,"Ec",31,0,1,1,1,1,0.778987345540232
"14849","1250","Ec_N",248,29,29,"Ec",31,0,1,1,1,1,0.778987345540232
"14850","1250","Ec_N",248,30,30,"Ec",31,0,1,1,1,1,0.778987345540232
"14851","1250","Ec_N",248,31,31,"Ec",31,0,1,1,1,1,0.778987345540232
"14852","1250","Ec_N",248,32,32,"Ec",31,0,1,1,1,1,0.778987345540232
"14853","1250","Ec_N",248,33,33,"Ec",31,0,1,1,1,1,0.778987345540232
"14854","1250","Ec_N",248,34,34,"Ec",32,1,1,1,1,1,1
"14855","1250","Ec_N",248,35,35,"Ec",32,1,1,1,1,1,1
"14856","1250","Ec_N",248,36,36,"Ec",32,1,1,1,1,1,1
"14857","1250","Ec_N",248,37,37,"Ec",32,1,1,1,1,1,1
"14858","1250","Ec_N",248,38,38,"Ec",32,1,1,1,1,1,1
"14859","1250","Ec_N",248,39,39,"Ec",32,1,1,1,1,1,1
"14860","1250","Ec_N",248,40,40,"Ec",32,1,1,1,1,1,1
"14861","1250","Ec_N",248,41,41,"Ec",32,1,1,1,1,1,1
"14862","1250","Ec_N",248,42,42,"Ec",32,1,1,1,1,1,1
"14863","1250","Ec_N",248,43,43,"Ec",32,1,1,1,1,1,1
"14864","1250","Ec_N",248,44,44,"Ec",32,1,1,1,1,1,1
"14865","1250","Ec_N",248,45,45,"Ec",32,1,1,1,1,1,1
"14866","1250","Ec_N",248,46,46,"Ec",32,1,1,1,1,1,1
"14867","1250","Ec_N",248,47,47,"Ec",32,1,1,1,1,1,1
"14868","1250","Ec_N",248,48,48,"Ec",32,1,1,1,1,1,1
"14869","1250","Ec_N",248,49,49,"Ec",32,1,1,1,1,1,1
"14870","1250","Ec_N",248,50,50,"Ec",32,1,1,1,1,1,1
"14871","1250","Ec_N",248,51,51,"Ec",32,1,1,1,1,1,1
"14872","1250","Ec_N",248,52,52,"Ec",32,1,1,1,1,1,1
"14873","1250","Ec_N",248,53,53,"Ec",32,1,1,1,1,1,1
"14874","1250","Ec_N",248,54,54,"Ec",32,1,1,1,1,1,1
"14875","1250","Ec_N",248,55,55,"Ec",32,1,1,1,1,1,1
"14876","1250","Ec_N",248,56,56,"Ec",32,1,1,1,1,1,1
"14877","1250","Ec_N",248,57,57,"Ec",32,1,1,1,1,1,1
"14878","1250","Ec_N",248,58,58,"Ec",32,1,1,1,1,1,1
"14879","1250","Ec_N",248,59,59,"Ec",32,1,1,1,1,1,1
"14880","1250","Ec_N",248,60,60,"Ec",32,1,1,1,1,1,1
"14881","1250","Ec_N",249,1,1,"Ec",1,0,0,0,0,0,0
"14882","1250","Ec_N",249,2,2,"Ec",5,0,0,1,0,0,0.232063491762724
"14883","1250","Ec_N",249,3,3,"Ec",5,0,0,1,0,0,0.232063491762724
"14884","1250","Ec_N",249,4,4,"Ec",5,0,0,1,0,0,0.232063491762724
"14885","1250","Ec_N",249,5,5,"Ec",5,0,0,1,0,0,0.232063491762724
"14886","1250","Ec_N",249,6,6,"Ec",5,0,0,1,0,0,0.232063491762724
"14887","1250","Ec_N",249,7,7,"Ec",5,0,0,1,0,0,0.232063491762724
"14888","1250","Ec_N",249,8,8,"Ec",7,0,1,1,0,0,0.314714071177838
"14889","1250","Ec_N",249,9,9,"Ec",7,0,1,1,0,0,0.314714071177838
"14890","1250","Ec_N",249,10,10,"Ec",7,0,1,1,0,0,0.314714071177838
"14891","1250","Ec_N",249,11,11,"Ec",7,0,1,1,0,0,0.314714071177838
"14892","1250","Ec_N",249,12,12,"Ec",7,0,1,1,0,0,0.314714071177838
"14893","1250","Ec_N",249,13,13,"Ec",7,0,1,1,0,0,0.314714071177838
"14894","1250","Ec_N",249,14,14,"Ec",7,0,1,1,0,0,0.314714071177838
"14895","1250","Ec_N",249,15,15,"Ec",7,0,1,1,0,0,0.314714071177838
"14896","1250","Ec_N",249,16,16,"Ec",7,0,1,1,0,0,0.314714071177838
"14897","1250","Ec_N",249,17,17,"Ec",7,0,1,1,0,0,0.314714071177838
"14898","1250","Ec_N",249,18,18,"Ec",7,0,1,1,0,0,0.314714071177838
"14899","1250","Ec_N",249,19,19,"Ec",7,0,1,1,0,0,0.314714071177838
"14900","1250","Ec_N",249,20,20,"Ec",7,0,1,1,0,0,0.314714071177838
"14901","1250","Ec_N",249,21,21,"Ec",23,0,1,1,0,1,0.511241695498657
"14902","1250","Ec_N",249,22,22,"Ec",23,0,1,1,0,1,0.511241695498657
"14903","1250","Ec_N",249,23,23,"Ec",23,0,1,1,0,1,0.511241695498657
"14904","1250","Ec_N",249,24,24,"Ec",23,0,1,1,0,1,0.511241695498657
"14905","1250","Ec_N",249,25,25,"Ec",23,0,1,1,0,1,0.511241695498657
"14906","1250","Ec_N",249,26,26,"Ec",23,0,1,1,0,1,0.511241695498657
"14907","1250","Ec_N",249,27,27,"Ec",31,0,1,1,1,1,0.778987345540232
"14908","1250","Ec_N",249,28,28,"Ec",32,1,1,1,1,1,1
"14909","1250","Ec_N",249,29,29,"Ec",32,1,1,1,1,1,1
"14910","1250","Ec_N",249,30,30,"Ec",32,1,1,1,1,1,1
"14911","1250","Ec_N",249,31,31,"Ec",32,1,1,1,1,1,1
"14912","1250","Ec_N",249,32,32,"Ec",32,1,1,1,1,1,1
"14913","1250","Ec_N",249,33,33,"Ec",32,1,1,1,1,1,1
"14914","1250","Ec_N",249,34,34,"Ec",32,1,1,1,1,1,1
"14915","1250","Ec_N",249,35,35,"Ec",32,1,1,1,1,1,1
"14916","1250","Ec_N",249,36,36,"Ec",32,1,1,1,1,1,1
"14917","1250","Ec_N",249,37,37,"Ec",32,1,1,1,1,1,1
"14918","1250","Ec_N",249,38,38,"Ec",32,1,1,1,1,1,1
"14919","1250","Ec_N",249,39,39,"Ec",32,1,1,1,1,1,1
"14920","1250","Ec_N",249,40,40,"Ec",32,1,1,1,1,1,1
"14921","1250","Ec_N",249,41,41,"Ec",32,1,1,1,1,1,1
"14922","1250","Ec_N",249,42,42,"Ec",32,1,1,1,1,1,1
"14923","1250","Ec_N",249,43,43,"Ec",32,1,1,1,1,1,1
"14924","1250","Ec_N",249,44,44,"Ec",32,1,1,1,1,1,1
"14925","1250","Ec_N",249,45,45,"Ec",32,1,1,1,1,1,1
"14926","1250","Ec_N",249,46,46,"Ec",32,1,1,1,1,1,1
"14927","1250","Ec_N",249,47,47,"Ec",32,1,1,1,1,1,1
"14928","1250","Ec_N",249,48,48,"Ec",32,1,1,1,1,1,1
"14929","1250","Ec_N",249,49,49,"Ec",32,1,1,1,1,1,1
"14930","1250","Ec_N",249,50,50,"Ec",32,1,1,1,1,1,1
"14931","1250","Ec_N",249,51,51,"Ec",32,1,1,1,1,1,1
"14932","1250","Ec_N",249,52,52,"Ec",32,1,1,1,1,1,1
"14933","1250","Ec_N",249,53,53,"Ec",32,1,1,1,1,1,1
"14934","1250","Ec_N",249,54,54,"Ec",32,1,1,1,1,1,1
"14935","1250","Ec_N",249,55,55,"Ec",32,1,1,1,1,1,1
"14936","1250","Ec_N",249,56,56,"Ec",32,1,1,1,1,1,1
"14937","1250","Ec_N",249,57,57,"Ec",32,1,1,1,1,1,1
"14938","1250","Ec_N",249,58,58,"Ec",32,1,1,1,1,1,1
"14939","1250","Ec_N",249,59,59,"Ec",32,1,1,1,1,1,1
"14940","1250","Ec_N",249,60,60,"Ec",32,1,1,1,1,1,1
"14941","1250","Ec_N",250,1,1,"Ec",1,0,0,0,0,0,0
"14942","1250","Ec_N",250,2,2,"Ec",1,0,0,0,0,0,0
"14943","1250","Ec_N",250,3,3,"Ec",17,0,0,0,0,1,0.14692246949649
"14944","1250","Ec_N",250,4,4,"Ec",17,0,0,0,0,1,0.14692246949649
"14945","1250","Ec_N",250,5,5,"Ec",25,0,0,0,1,1,0.464273274362394
"14946","1250","Ec_N",250,6,6,"Ec",29,0,0,1,1,1,0.696336766125118
"14947","1250","Ec_N",250,7,7,"Ec",29,0,0,1,1,1,0.696336766125118
"14948","1250","Ec_N",250,8,8,"Ec",29,0,0,1,1,1,0.696336766125118
"14949","1250","Ec_N",250,9,9,"Ec",29,0,0,1,1,1,0.696336766125118
"14950","1250","Ec_N",250,10,10,"Ec",29,0,0,1,1,1,0.696336766125118
"14951","1250","Ec_N",250,11,11,"Ec",29,0,0,1,1,1,0.696336766125118
"14952","1250","Ec_N",250,12,12,"Ec",29,0,0,1,1,1,0.696336766125118
"14953","1250","Ec_N",250,13,13,"Ec",29,0,0,1,1,1,0.696336766125118
"14954","1250","Ec_N",250,14,14,"Ec",31,0,1,1,1,1,0.778987345540232
"14955","1250","Ec_N",250,15,15,"Ec",31,0,1,1,1,1,0.778987345540232
"14956","1250","Ec_N",250,16,16,"Ec",31,0,1,1,1,1,0.778987345540232
"14957","1250","Ec_N",250,17,17,"Ec",31,0,1,1,1,1,0.778987345540232
"14958","1250","Ec_N",250,18,18,"Ec",31,0,1,1,1,1,0.778987345540232
"14959","1250","Ec_N",250,19,19,"Ec",31,0,1,1,1,1,0.778987345540232
"14960","1250","Ec_N",250,20,20,"Ec",31,0,1,1,1,1,0.778987345540232
"14961","1250","Ec_N",250,21,21,"Ec",31,0,1,1,1,1,0.778987345540232
"14962","1250","Ec_N",250,22,22,"Ec",31,0,1,1,1,1,0.778987345540232
"14963","1250","Ec_N",250,23,23,"Ec",31,0,1,1,1,1,0.778987345540232
"14964","1250","Ec_N",250,24,24,"Ec",31,0,1,1,1,1,0.778987345540232
"14965","1250","Ec_N",250,25,25,"Ec",31,0,1,1,1,1,0.778987345540232
"14966","1250","Ec_N",250,26,26,"Ec",31,0,1,1,1,1,0.778987345540232
"14967","1250","Ec_N",250,27,27,"Ec",31,0,1,1,1,1,0.778987345540232
"14968","1250","Ec_N",250,28,28,"Ec",31,0,1,1,1,1,0.778987345540232
"14969","1250","Ec_N",250,29,29,"Ec",31,0,1,1,1,1,0.778987345540232
"14970","1250","Ec_N",250,30,30,"Ec",31,0,1,1,1,1,0.778987345540232
"14971","1250","Ec_N",250,31,31,"Ec",31,0,1,1,1,1,0.778987345540232
"14972","1250","Ec_N",250,32,32,"Ec",31,0,1,1,1,1,0.778987345540232
"14973","1250","Ec_N",250,33,33,"Ec",31,0,1,1,1,1,0.778987345540232
"14974","1250","Ec_N",250,34,34,"Ec",31,0,1,1,1,1,0.778987345540232
"14975","1250","Ec_N",250,35,35,"Ec",31,0,1,1,1,1,0.778987345540232
"14976","1250","Ec_N",250,36,36,"Ec",31,0,1,1,1,1,0.778987345540232
"14977","1250","Ec_N",250,37,37,"Ec",31,0,1,1,1,1,0.778987345540232
"14978","1250","Ec_N",250,38,38,"Ec",31,0,1,1,1,1,0.778987345540232
"14979","1250","Ec_N",250,39,39,"Ec",31,0,1,1,1,1,0.778987345540232
"14980","1250","Ec_N",250,40,40,"Ec",31,0,1,1,1,1,0.778987345540232
"14981","1250","Ec_N",250,41,41,"Ec",31,0,1,1,1,1,0.778987345540232
"14982","1250","Ec_N",250,42,42,"Ec",32,1,1,1,1,1,1
"14983","1250","Ec_N",250,43,43,"Ec",32,1,1,1,1,1,1
"14984","1250","Ec_N",250,44,44,"Ec",32,1,1,1,1,1,1
"14985","1250","Ec_N",250,45,45,"Ec",32,1,1,1,1,1,1
"14986","1250","Ec_N",250,46,46,"Ec",32,1,1,1,1,1,1
"14987","1250","Ec_N",250,47,47,"Ec",32,1,1,1,1,1,1
"14988","1250","Ec_N",250,48,48,"Ec",32,1,1,1,1,1,1
"14989","1250","Ec_N",250,49,49,"Ec",32,1,1,1,1,1,1
"14990","1250","Ec_N",250,50,50,"Ec",32,1,1,1,1,1,1
"14991","1250","Ec_N",250,51,51,"Ec",32,1,1,1,1,1,1
"14992","1250","Ec_N",250,52,52,"Ec",32,1,1,1,1,1,1
"14993","1250","Ec_N",250,53,53,"Ec",32,1,1,1,1,1,1
"14994","1250","Ec_N",250,54,54,"Ec",32,1,1,1,1,1,1
"14995","1250","Ec_N",250,55,55,"Ec",32,1,1,1,1,1,1
"14996","1250","Ec_N",250,56,56,"Ec",32,1,1,1,1,1,1
"14997","1250","Ec_N",250,57,57,"Ec",32,1,1,1,1,1,1
"14998","1250","Ec_N",250,58,58,"Ec",32,1,1,1,1,1,1
"14999","1250","Ec_N",250,59,59,"Ec",32,1,1,1,1,1,1
"15000","1250","Ec_N",250,60,60,"Ec",32,1,1,1,1,1,1
"15001","1250","Ec_N",251,1,1,"Ec",1,0,0,0,0,0,0
"15002","1250","Ec_N",251,2,2,"Ec",1,0,0,0,0,0,0
"15003","1250","Ec_N",251,3,3,"Ec",1,0,0,0,0,0,0
"15004","1250","Ec_N",251,4,4,"Ec",1,0,0,0,0,0,0
"15005","1250","Ec_N",251,5,5,"Ec",17,0,0,0,0,1,0.14692246949649
"15006","1250","Ec_N",251,6,6,"Ec",17,0,0,0,0,1,0.14692246949649
"15007","1250","Ec_N",251,7,7,"Ec",19,0,1,0,0,1,0.179678659430889
"15008","1250","Ec_N",251,8,8,"Ec",19,0,1,0,0,1,0.179678659430889
"15009","1250","Ec_N",251,9,9,"Ec",19,0,1,0,0,1,0.179678659430889
"15010","1250","Ec_N",251,10,10,"Ec",19,0,1,0,0,1,0.179678659430889
"15011","1250","Ec_N",251,11,11,"Ec",19,0,1,0,0,1,0.179678659430889
"15012","1250","Ec_N",251,12,12,"Ec",23,0,1,1,0,1,0.511241695498657
"15013","1250","Ec_N",251,13,13,"Ec",23,0,1,1,0,1,0.511241695498657
"15014","1250","Ec_N",251,14,14,"Ec",23,0,1,1,0,1,0.511241695498657
"15015","1250","Ec_N",251,15,15,"Ec",23,0,1,1,0,1,0.511241695498657
"15016","1250","Ec_N",251,16,16,"Ec",23,0,1,1,0,1,0.511241695498657
"15017","1250","Ec_N",251,17,17,"Ec",24,1,1,1,0,1,0.732254349958425
"15018","1250","Ec_N",251,18,18,"Ec",24,1,1,1,0,1,0.732254349958425
"15019","1250","Ec_N",251,19,19,"Ec",24,1,1,1,0,1,0.732254349958425
"15020","1250","Ec_N",251,20,20,"Ec",24,1,1,1,0,1,0.732254349958425
"15021","1250","Ec_N",251,21,21,"Ec",24,1,1,1,0,1,0.732254349958425
"15022","1250","Ec_N",251,22,22,"Ec",24,1,1,1,0,1,0.732254349958425
"15023","1250","Ec_N",251,23,23,"Ec",24,1,1,1,0,1,0.732254349958425
"15024","1250","Ec_N",251,24,24,"Ec",24,1,1,1,0,1,0.732254349958425
"15025","1250","Ec_N",251,25,25,"Ec",24,1,1,1,0,1,0.732254349958425
"15026","1250","Ec_N",251,26,26,"Ec",32,1,1,1,1,1,1
"15027","1250","Ec_N",251,27,27,"Ec",32,1,1,1,1,1,1
"15028","1250","Ec_N",251,28,28,"Ec",32,1,1,1,1,1,1
"15029","1250","Ec_N",251,29,29,"Ec",32,1,1,1,1,1,1
"15030","1250","Ec_N",251,30,30,"Ec",32,1,1,1,1,1,1
"15031","1250","Ec_N",251,31,31,"Ec",32,1,1,1,1,1,1
"15032","1250","Ec_N",251,32,32,"Ec",32,1,1,1,1,1,1
"15033","1250","Ec_N",251,33,33,"Ec",32,1,1,1,1,1,1
"15034","1250","Ec_N",251,34,34,"Ec",32,1,1,1,1,1,1
"15035","1250","Ec_N",251,35,35,"Ec",32,1,1,1,1,1,1
"15036","1250","Ec_N",251,36,36,"Ec",32,1,1,1,1,1,1
"15037","1250","Ec_N",251,37,37,"Ec",32,1,1,1,1,1,1
"15038","1250","Ec_N",251,38,38,"Ec",32,1,1,1,1,1,1
"15039","1250","Ec_N",251,39,39,"Ec",32,1,1,1,1,1,1
"15040","1250","Ec_N",251,40,40,"Ec",32,1,1,1,1,1,1
"15041","1250","Ec_N",251,41,41,"Ec",32,1,1,1,1,1,1
"15042","1250","Ec_N",251,42,42,"Ec",32,1,1,1,1,1,1
"15043","1250","Ec_N",251,43,43,"Ec",32,1,1,1,1,1,1
"15044","1250","Ec_N",251,44,44,"Ec",32,1,1,1,1,1,1
"15045","1250","Ec_N",251,45,45,"Ec",32,1,1,1,1,1,1
"15046","1250","Ec_N",251,46,46,"Ec",32,1,1,1,1,1,1
"15047","1250","Ec_N",251,47,47,"Ec",32,1,1,1,1,1,1
"15048","1250","Ec_N",251,48,48,"Ec",32,1,1,1,1,1,1
"15049","1250","Ec_N",251,49,49,"Ec",32,1,1,1,1,1,1
"15050","1250","Ec_N",251,50,50,"Ec",32,1,1,1,1,1,1
"15051","1250","Ec_N",251,51,51,"Ec",32,1,1,1,1,1,1
"15052","1250","Ec_N",251,52,52,"Ec",32,1,1,1,1,1,1
"15053","1250","Ec_N",251,53,53,"Ec",32,1,1,1,1,1,1
"15054","1250","Ec_N",251,54,54,"Ec",32,1,1,1,1,1,1
"15055","1250","Ec_N",251,55,55,"Ec",32,1,1,1,1,1,1
"15056","1250","Ec_N",251,56,56,"Ec",32,1,1,1,1,1,1
"15057","1250","Ec_N",251,57,57,"Ec",32,1,1,1,1,1,1
"15058","1250","Ec_N",251,58,58,"Ec",32,1,1,1,1,1,1
"15059","1250","Ec_N",251,59,59,"Ec",32,1,1,1,1,1,1
"15060","1250","Ec_N",251,60,60,"Ec",32,1,1,1,1,1,1
"15061","1250","Ec_N",252,1,1,"Ec",1,0,0,0,0,0,0
"15062","1250","Ec_N",252,2,2,"Ec",17,0,0,0,0,1,0.14692246949649
"15063","1250","Ec_N",252,3,3,"Ec",17,0,0,0,0,1,0.14692246949649
"15064","1250","Ec_N",252,4,4,"Ec",17,0,0,0,0,1,0.14692246949649
"15065","1250","Ec_N",252,5,5,"Ec",17,0,0,0,0,1,0.14692246949649
"15066","1250","Ec_N",252,6,6,"Ec",17,0,0,0,0,1,0.14692246949649
"15067","1250","Ec_N",252,7,7,"Ec",17,0,0,0,0,1,0.14692246949649
"15068","1250","Ec_N",252,8,8,"Ec",17,0,0,0,0,1,0.14692246949649
"15069","1250","Ec_N",252,9,9,"Ec",17,0,0,0,0,1,0.14692246949649
"15070","1250","Ec_N",252,10,10,"Ec",17,0,0,0,0,1,0.14692246949649
"15071","1250","Ec_N",252,11,11,"Ec",17,0,0,0,0,1,0.14692246949649
"15072","1250","Ec_N",252,12,12,"Ec",25,0,0,0,1,1,0.464273274362394
"15073","1250","Ec_N",252,13,13,"Ec",25,0,0,0,1,1,0.464273274362394
"15074","1250","Ec_N",252,14,14,"Ec",25,0,0,0,1,1,0.464273274362394
"15075","1250","Ec_N",252,15,15,"Ec",25,0,0,0,1,1,0.464273274362394
"15076","1250","Ec_N",252,16,16,"Ec",25,0,0,0,1,1,0.464273274362394
"15077","1250","Ec_N",252,17,17,"Ec",25,0,0,0,1,1,0.464273274362394
"15078","1250","Ec_N",252,18,18,"Ec",25,0,0,0,1,1,0.464273274362394
"15079","1250","Ec_N",252,19,19,"Ec",25,0,0,0,1,1,0.464273274362394
"15080","1250","Ec_N",252,20,20,"Ec",26,1,0,0,1,1,0.685285928822162
"15081","1250","Ec_N",252,21,21,"Ec",26,1,0,0,1,1,0.685285928822162
"15082","1250","Ec_N",252,22,22,"Ec",26,1,0,0,1,1,0.685285928822162
"15083","1250","Ec_N",252,23,23,"Ec",30,1,0,1,1,1,0.981696467924213
"15084","1250","Ec_N",252,24,24,"Ec",30,1,0,1,1,1,0.981696467924213
"15085","1250","Ec_N",252,25,25,"Ec",30,1,0,1,1,1,0.981696467924213
"15086","1250","Ec_N",252,26,26,"Ec",30,1,0,1,1,1,0.981696467924213
"15087","1250","Ec_N",252,27,27,"Ec",30,1,0,1,1,1,0.981696467924213
"15088","1250","Ec_N",252,28,28,"Ec",30,1,0,1,1,1,0.981696467924213
"15089","1250","Ec_N",252,29,29,"Ec",30,1,0,1,1,1,0.981696467924213
"15090","1250","Ec_N",252,30,30,"Ec",30,1,0,1,1,1,0.981696467924213
"15091","1250","Ec_N",252,31,31,"Ec",30,1,0,1,1,1,0.981696467924213
"15092","1250","Ec_N",252,32,32,"Ec",30,1,0,1,1,1,0.981696467924213
"15093","1250","Ec_N",252,33,33,"Ec",30,1,0,1,1,1,0.981696467924213
"15094","1250","Ec_N",252,34,34,"Ec",30,1,0,1,1,1,0.981696467924213
"15095","1250","Ec_N",252,35,35,"Ec",30,1,0,1,1,1,0.981696467924213
"15096","1250","Ec_N",252,36,36,"Ec",30,1,0,1,1,1,0.981696467924213
"15097","1250","Ec_N",252,37,37,"Ec",30,1,0,1,1,1,0.981696467924213
"15098","1250","Ec_N",252,38,38,"Ec",30,1,0,1,1,1,0.981696467924213
"15099","1250","Ec_N",252,39,39,"Ec",30,1,0,1,1,1,0.981696467924213
"15100","1250","Ec_N",252,40,40,"Ec",30,1,0,1,1,1,0.981696467924213
"15101","1250","Ec_N",252,41,41,"Ec",30,1,0,1,1,1,0.981696467924213
"15102","1250","Ec_N",252,42,42,"Ec",30,1,0,1,1,1,0.981696467924213
"15103","1250","Ec_N",252,43,43,"Ec",30,1,0,1,1,1,0.981696467924213
"15104","1250","Ec_N",252,44,44,"Ec",30,1,0,1,1,1,0.981696467924213
"15105","1250","Ec_N",252,45,45,"Ec",30,1,0,1,1,1,0.981696467924213
"15106","1250","Ec_N",252,46,46,"Ec",30,1,0,1,1,1,0.981696467924213
"15107","1250","Ec_N",252,47,47,"Ec",30,1,0,1,1,1,0.981696467924213
"15108","1250","Ec_N",252,48,48,"Ec",30,1,0,1,1,1,0.981696467924213
"15109","1250","Ec_N",252,49,49,"Ec",30,1,0,1,1,1,0.981696467924213
"15110","1250","Ec_N",252,50,50,"Ec",30,1,0,1,1,1,0.981696467924213
"15111","1250","Ec_N",252,51,51,"Ec",30,1,0,1,1,1,0.981696467924213
"15112","1250","Ec_N",252,52,52,"Ec",30,1,0,1,1,1,0.981696467924213
"15113","1250","Ec_N",252,53,53,"Ec",30,1,0,1,1,1,0.981696467924213
"15114","1250","Ec_N",252,54,54,"Ec",30,1,0,1,1,1,0.981696467924213
"15115","1250","Ec_N",252,55,55,"Ec",30,1,0,1,1,1,0.981696467924213
"15116","1250","Ec_N",252,56,56,"Ec",32,1,1,1,1,1,1
"15117","1250","Ec_N",252,57,57,"Ec",32,1,1,1,1,1,1
"15118","1250","Ec_N",252,58,58,"Ec",32,1,1,1,1,1,1
"15119","1250","Ec_N",252,59,59,"Ec",32,1,1,1,1,1,1
"15120","1250","Ec_N",252,60,60,"Ec",32,1,1,1,1,1,1
"15121","1250","Ec_N",253,1,1,"Ec",1,0,0,0,0,0,0
"15122","1250","Ec_N",253,2,2,"Ec",1,0,0,0,0,0,0
"15123","1250","Ec_N",253,3,3,"Ec",1,0,0,0,0,0,0
"15124","1250","Ec_N",253,4,4,"Ec",1,0,0,0,0,0,0
"15125","1250","Ec_N",253,5,5,"Ec",1,0,0,0,0,0,0
"15126","1250","Ec_N",253,6,6,"Ec",1,0,0,0,0,0,0
"15127","1250","Ec_N",253,7,7,"Ec",5,0,0,1,0,0,0.232063491762724
"15128","1250","Ec_N",253,8,8,"Ec",5,0,0,1,0,0,0.232063491762724
"15129","1250","Ec_N",253,9,9,"Ec",5,0,0,1,0,0,0.232063491762724
"15130","1250","Ec_N",253,10,10,"Ec",5,0,0,1,0,0,0.232063491762724
"15131","1250","Ec_N",253,11,11,"Ec",5,0,0,1,0,0,0.232063491762724
"15132","1250","Ec_N",253,12,12,"Ec",5,0,0,1,0,0,0.232063491762724
"15133","1250","Ec_N",253,13,13,"Ec",5,0,0,1,0,0,0.232063491762724
"15134","1250","Ec_N",253,14,14,"Ec",5,0,0,1,0,0,0.232063491762724
"15135","1250","Ec_N",253,15,15,"Ec",7,0,1,1,0,0,0.314714071177838
"15136","1250","Ec_N",253,16,16,"Ec",7,0,1,1,0,0,0.314714071177838
"15137","1250","Ec_N",253,17,17,"Ec",15,0,1,1,1,0,0.582459721219413
"15138","1250","Ec_N",253,18,18,"Ec",15,0,1,1,1,0,0.582459721219413
"15139","1250","Ec_N",253,19,19,"Ec",15,0,1,1,1,0,0.582459721219413
"15140","1250","Ec_N",253,20,20,"Ec",31,0,1,1,1,1,0.778987345540232
"15141","1250","Ec_N",253,21,21,"Ec",31,0,1,1,1,1,0.778987345540232
"15142","1250","Ec_N",253,22,22,"Ec",31,0,1,1,1,1,0.778987345540232
"15143","1250","Ec_N",253,23,23,"Ec",31,0,1,1,1,1,0.778987345540232
"15144","1250","Ec_N",253,24,24,"Ec",32,1,1,1,1,1,1
"15145","1250","Ec_N",253,25,25,"Ec",32,1,1,1,1,1,1
"15146","1250","Ec_N",253,26,26,"Ec",32,1,1,1,1,1,1
"15147","1250","Ec_N",253,27,27,"Ec",32,1,1,1,1,1,1
"15148","1250","Ec_N",253,28,28,"Ec",32,1,1,1,1,1,1
"15149","1250","Ec_N",253,29,29,"Ec",32,1,1,1,1,1,1
"15150","1250","Ec_N",253,30,30,"Ec",32,1,1,1,1,1,1
"15151","1250","Ec_N",253,31,31,"Ec",32,1,1,1,1,1,1
"15152","1250","Ec_N",253,32,32,"Ec",32,1,1,1,1,1,1
"15153","1250","Ec_N",253,33,33,"Ec",32,1,1,1,1,1,1
"15154","1250","Ec_N",253,34,34,"Ec",32,1,1,1,1,1,1
"15155","1250","Ec_N",253,35,35,"Ec",32,1,1,1,1,1,1
"15156","1250","Ec_N",253,36,36,"Ec",32,1,1,1,1,1,1
"15157","1250","Ec_N",253,37,37,"Ec",32,1,1,1,1,1,1
"15158","1250","Ec_N",253,38,38,"Ec",32,1,1,1,1,1,1
"15159","1250","Ec_N",253,39,39,"Ec",32,1,1,1,1,1,1
"15160","1250","Ec_N",253,40,40,"Ec",32,1,1,1,1,1,1
"15161","1250","Ec_N",253,41,41,"Ec",32,1,1,1,1,1,1
"15162","1250","Ec_N",253,42,42,"Ec",32,1,1,1,1,1,1
"15163","1250","Ec_N",253,43,43,"Ec",32,1,1,1,1,1,1
"15164","1250","Ec_N",253,44,44,"Ec",32,1,1,1,1,1,1
"15165","1250","Ec_N",253,45,45,"Ec",32,1,1,1,1,1,1
"15166","1250","Ec_N",253,46,46,"Ec",32,1,1,1,1,1,1
"15167","1250","Ec_N",253,47,47,"Ec",32,1,1,1,1,1,1
"15168","1250","Ec_N",253,48,48,"Ec",32,1,1,1,1,1,1
"15169","1250","Ec_N",253,49,49,"Ec",32,1,1,1,1,1,1
"15170","1250","Ec_N",253,50,50,"Ec",32,1,1,1,1,1,1
"15171","1250","Ec_N",253,51,51,"Ec",32,1,1,1,1,1,1
"15172","1250","Ec_N",253,52,52,"Ec",32,1,1,1,1,1,1
"15173","1250","Ec_N",253,53,53,"Ec",32,1,1,1,1,1,1
"15174","1250","Ec_N",253,54,54,"Ec",32,1,1,1,1,1,1
"15175","1250","Ec_N",253,55,55,"Ec",32,1,1,1,1,1,1
"15176","1250","Ec_N",253,56,56,"Ec",32,1,1,1,1,1,1
"15177","1250","Ec_N",253,57,57,"Ec",32,1,1,1,1,1,1
"15178","1250","Ec_N",253,58,58,"Ec",32,1,1,1,1,1,1
"15179","1250","Ec_N",253,59,59,"Ec",32,1,1,1,1,1,1
"15180","1250","Ec_N",253,60,60,"Ec",32,1,1,1,1,1,1
"15181","1250","Ec_N",254,1,1,"Ec",1,0,0,0,0,0,0
"15182","1250","Ec_N",254,2,2,"Ec",3,0,1,0,0,0,0.082650579415114
"15183","1250","Ec_N",254,3,3,"Ec",3,0,1,0,0,0,0.082650579415114
"15184","1250","Ec_N",254,4,4,"Ec",3,0,1,0,0,0,0.082650579415114
"15185","1250","Ec_N",254,5,5,"Ec",3,0,1,0,0,0,0.082650579415114
"15186","1250","Ec_N",254,6,6,"Ec",3,0,1,0,0,0,0.082650579415114
"15187","1250","Ec_N",254,7,7,"Ec",3,0,1,0,0,0,0.082650579415114
"15188","1250","Ec_N",254,8,8,"Ec",3,0,1,0,0,0,0.082650579415114
"15189","1250","Ec_N",254,9,9,"Ec",3,0,1,0,0,0,0.082650579415114
"15190","1250","Ec_N",254,10,10,"Ec",11,0,1,0,1,0,0.168832555215222
"15191","1250","Ec_N",254,11,11,"Ec",11,0,1,0,1,0,0.168832555215222
"15192","1250","Ec_N",254,12,12,"Ec",11,0,1,0,1,0,0.168832555215222
"15193","1250","Ec_N",254,13,13,"Ec",11,0,1,0,1,0,0.168832555215222
"15194","1250","Ec_N",254,14,14,"Ec",9,0,0,0,1,0,0.267745650041575
"15195","1250","Ec_N",254,15,15,"Ec",9,0,0,0,1,0,0.267745650041575
"15196","1250","Ec_N",254,16,16,"Ec",9,0,0,0,1,0,0.267745650041575
"15197","1250","Ec_N",254,17,17,"Ec",9,0,0,0,1,0,0.267745650041575
"15198","1250","Ec_N",254,18,18,"Ec",9,0,0,0,1,0,0.267745650041575
"15199","1250","Ec_N",254,19,19,"Ec",9,0,0,0,1,0,0.267745650041575
"15200","1250","Ec_N",254,20,20,"Ec",13,0,0,1,1,0,0.499809141804299
"15201","1250","Ec_N",254,21,21,"Ec",13,0,0,1,1,0,0.499809141804299
"15202","1250","Ec_N",254,22,22,"Ec",13,0,0,1,1,0,0.499809141804299
"15203","1250","Ec_N",254,23,23,"Ec",13,0,0,1,1,0,0.499809141804299
"15204","1250","Ec_N",254,24,24,"Ec",13,0,0,1,1,0,0.499809141804299
"15205","1250","Ec_N",254,25,25,"Ec",13,0,0,1,1,0,0.499809141804299
"15206","1250","Ec_N",254,26,26,"Ec",13,0,0,1,1,0,0.499809141804299
"15207","1250","Ec_N",254,27,27,"Ec",14,1,0,1,1,0,0.720821796264067
"15208","1250","Ec_N",254,28,28,"Ec",14,1,0,1,1,0,0.720821796264067
"15209","1250","Ec_N",254,29,29,"Ec",14,1,0,1,1,0,0.720821796264067
"15210","1250","Ec_N",254,30,30,"Ec",14,1,0,1,1,0,0.720821796264067
"15211","1250","Ec_N",254,31,31,"Ec",14,1,0,1,1,0,0.720821796264067
"15212","1250","Ec_N",254,32,32,"Ec",14,1,0,1,1,0,0.720821796264067
"15213","1250","Ec_N",254,33,33,"Ec",14,1,0,1,1,0,0.720821796264067
"15214","1250","Ec_N",254,34,34,"Ec",14,1,0,1,1,0,0.720821796264067
"15215","1250","Ec_N",254,35,35,"Ec",14,1,0,1,1,0,0.720821796264067
"15216","1250","Ec_N",254,36,36,"Ec",14,1,0,1,1,0,0.720821796264067
"15217","1250","Ec_N",254,37,37,"Ec",14,1,0,1,1,0,0.720821796264067
"15218","1250","Ec_N",254,38,38,"Ec",14,1,0,1,1,0,0.720821796264067
"15219","1250","Ec_N",254,39,39,"Ec",14,1,0,1,1,0,0.720821796264067
"15220","1250","Ec_N",254,40,40,"Ec",14,1,0,1,1,0,0.720821796264067
"15221","1250","Ec_N",254,41,41,"Ec",14,1,0,1,1,0,0.720821796264067
"15222","1250","Ec_N",254,42,42,"Ec",14,1,0,1,1,0,0.720821796264067
"15223","1250","Ec_N",254,43,43,"Ec",14,1,0,1,1,0,0.720821796264067
"15224","1250","Ec_N",254,44,44,"Ec",14,1,0,1,1,0,0.720821796264067
"15225","1250","Ec_N",254,45,45,"Ec",14,1,0,1,1,0,0.720821796264067
"15226","1250","Ec_N",254,46,46,"Ec",14,1,0,1,1,0,0.720821796264067
"15227","1250","Ec_N",254,47,47,"Ec",14,1,0,1,1,0,0.720821796264067
"15228","1250","Ec_N",254,48,48,"Ec",14,1,0,1,1,0,0.720821796264067
"15229","1250","Ec_N",254,49,49,"Ec",14,1,0,1,1,0,0.720821796264067
"15230","1250","Ec_N",254,50,50,"Ec",14,1,0,1,1,0,0.720821796264067
"15231","1250","Ec_N",254,51,51,"Ec",14,1,0,1,1,0,0.720821796264067
"15232","1250","Ec_N",254,52,52,"Ec",14,1,0,1,1,0,0.720821796264067
"15233","1250","Ec_N",254,53,53,"Ec",14,1,0,1,1,0,0.720821796264067
"15234","1250","Ec_N",254,54,54,"Ec",14,1,0,1,1,0,0.720821796264067
"15235","1250","Ec_N",254,55,55,"Ec",14,1,0,1,1,0,0.720821796264067
"15236","1250","Ec_N",254,56,56,"Ec",14,1,0,1,1,0,0.720821796264067
"15237","1250","Ec_N",254,57,57,"Ec",14,1,0,1,1,0,0.720821796264067
"15238","1250","Ec_N",254,58,58,"Ec",14,1,0,1,1,0,0.720821796264067
"15239","1250","Ec_N",254,59,59,"Ec",14,1,0,1,1,0,0.720821796264067
"15240","1250","Ec_N",254,60,60,"Ec",14,1,0,1,1,0,0.720821796264067
"15241","1250","Ec_N",255,1,1,"Ec",1,0,0,0,0,0,0
"15242","1250","Ec_N",255,2,2,"Ec",1,0,0,0,0,0,0
"15243","1250","Ec_N",255,3,3,"Ec",1,0,0,0,0,0,0
"15244","1250","Ec_N",255,4,4,"Ec",1,0,0,0,0,0,0
"15245","1250","Ec_N",255,5,5,"Ec",1,0,0,0,0,0,0
"15246","1250","Ec_N",255,6,6,"Ec",1,0,0,0,0,0,0
"15247","1250","Ec_N",255,7,7,"Ec",1,0,0,0,0,0,0
"15248","1250","Ec_N",255,8,8,"Ec",1,0,0,0,0,0,0
"15249","1250","Ec_N",255,9,9,"Ec",9,0,0,0,1,0,0.267745650041575
"15250","1250","Ec_N",255,10,10,"Ec",9,0,0,0,1,0,0.267745650041575
"15251","1250","Ec_N",255,11,11,"Ec",9,0,0,0,1,0,0.267745650041575
"15252","1250","Ec_N",255,12,12,"Ec",9,0,0,0,1,0,0.267745650041575
"15253","1250","Ec_N",255,13,13,"Ec",10,1,0,0,1,0,0.488758304501343
"15254","1250","Ec_N",255,14,14,"Ec",10,1,0,0,1,0,0.488758304501343
"15255","1250","Ec_N",255,15,15,"Ec",10,1,0,0,1,0,0.488758304501343
"15256","1250","Ec_N",255,16,16,"Ec",10,1,0,0,1,0,0.488758304501343
"15257","1250","Ec_N",255,17,17,"Ec",10,1,0,0,1,0,0.488758304501343
"15258","1250","Ec_N",255,18,18,"Ec",10,1,0,0,1,0,0.488758304501343
"15259","1250","Ec_N",255,19,19,"Ec",10,1,0,0,1,0,0.488758304501343
"15260","1250","Ec_N",255,20,20,"Ec",10,1,0,0,1,0,0.488758304501343
"15261","1250","Ec_N",255,21,21,"Ec",10,1,0,0,1,0,0.488758304501343
"15262","1250","Ec_N",255,22,22,"Ec",14,1,0,1,1,0,0.720821796264067
"15263","1250","Ec_N",255,23,23,"Ec",14,1,0,1,1,0,0.720821796264067
"15264","1250","Ec_N",255,24,24,"Ec",14,1,0,1,1,0,0.720821796264067
"15265","1250","Ec_N",255,25,25,"Ec",14,1,0,1,1,0,0.720821796264067
"15266","1250","Ec_N",255,26,26,"Ec",14,1,0,1,1,0,0.720821796264067
"15267","1250","Ec_N",255,27,27,"Ec",14,1,0,1,1,0,0.720821796264067
"15268","1250","Ec_N",255,28,28,"Ec",14,1,0,1,1,0,0.720821796264067
"15269","1250","Ec_N",255,29,29,"Ec",14,1,0,1,1,0,0.720821796264067
"15270","1250","Ec_N",255,30,30,"Ec",14,1,0,1,1,0,0.720821796264067
"15271","1250","Ec_N",255,31,31,"Ec",14,1,0,1,1,0,0.720821796264067
"15272","1250","Ec_N",255,32,32,"Ec",14,1,0,1,1,0,0.720821796264067
"15273","1250","Ec_N",255,33,33,"Ec",14,1,0,1,1,0,0.720821796264067
"15274","1250","Ec_N",255,34,34,"Ec",14,1,0,1,1,0,0.720821796264067
"15275","1250","Ec_N",255,35,35,"Ec",14,1,0,1,1,0,0.720821796264067
"15276","1250","Ec_N",255,36,36,"Ec",14,1,0,1,1,0,0.720821796264067
"15277","1250","Ec_N",255,37,37,"Ec",14,1,0,1,1,0,0.720821796264067
"15278","1250","Ec_N",255,38,38,"Ec",14,1,0,1,1,0,0.720821796264067
"15279","1250","Ec_N",255,39,39,"Ec",14,1,0,1,1,0,0.720821796264067
"15280","1250","Ec_N",255,40,40,"Ec",14,1,0,1,1,0,0.720821796264067
"15281","1250","Ec_N",255,41,41,"Ec",14,1,0,1,1,0,0.720821796264067
"15282","1250","Ec_N",255,42,42,"Ec",14,1,0,1,1,0,0.720821796264067
"15283","1250","Ec_N",255,43,43,"Ec",14,1,0,1,1,0,0.720821796264067
"15284","1250","Ec_N",255,44,44,"Ec",14,1,0,1,1,0,0.720821796264067
"15285","1250","Ec_N",255,45,45,"Ec",14,1,0,1,1,0,0.720821796264067
"15286","1250","Ec_N",255,46,46,"Ec",30,1,0,1,1,1,0.981696467924213
"15287","1250","Ec_N",255,47,47,"Ec",30,1,0,1,1,1,0.981696467924213
"15288","1250","Ec_N",255,48,48,"Ec",30,1,0,1,1,1,0.981696467924213
"15289","1250","Ec_N",255,49,49,"Ec",30,1,0,1,1,1,0.981696467924213
"15290","1250","Ec_N",255,50,50,"Ec",30,1,0,1,1,1,0.981696467924213
"15291","1250","Ec_N",255,51,51,"Ec",30,1,0,1,1,1,0.981696467924213
"15292","1250","Ec_N",255,52,52,"Ec",30,1,0,1,1,1,0.981696467924213
"15293","1250","Ec_N",255,53,53,"Ec",30,1,0,1,1,1,0.981696467924213
"15294","1250","Ec_N",255,54,54,"Ec",30,1,0,1,1,1,0.981696467924213
"15295","1250","Ec_N",255,55,55,"Ec",30,1,0,1,1,1,0.981696467924213
"15296","1250","Ec_N",255,56,56,"Ec",30,1,0,1,1,1,0.981696467924213
"15297","1250","Ec_N",255,57,57,"Ec",30,1,0,1,1,1,0.981696467924213
"15298","1250","Ec_N",255,58,58,"Ec",30,1,0,1,1,1,0.981696467924213
"15299","1250","Ec_N",255,59,59,"Ec",30,1,0,1,1,1,0.981696467924213
"15300","1250","Ec_N",255,60,60,"Ec",30,1,0,1,1,1,0.981696467924213
"15301","1250","Ec_N",256,1,1,"Ec",1,0,0,0,0,0,0
"15302","1250","Ec_N",256,2,2,"Ec",1,0,0,0,0,0,0
"15303","1250","Ec_N",256,3,3,"Ec",1,0,0,0,0,0,0
"15304","1250","Ec_N",256,4,4,"Ec",1,0,0,0,0,0,0
"15305","1250","Ec_N",256,5,5,"Ec",1,0,0,0,0,0,0
"15306","1250","Ec_N",256,6,6,"Ec",1,0,0,0,0,0,0
"15307","1250","Ec_N",256,7,7,"Ec",1,0,0,0,0,0,0
"15308","1250","Ec_N",256,8,8,"Ec",1,0,0,0,0,0,0
"15309","1250","Ec_N",256,9,9,"Ec",1,0,0,0,0,0,0
"15310","1250","Ec_N",256,10,10,"Ec",5,0,0,1,0,0,0.232063491762724
"15311","1250","Ec_N",256,11,11,"Ec",5,0,0,1,0,0,0.232063491762724
"15312","1250","Ec_N",256,12,12,"Ec",5,0,0,1,0,0,0.232063491762724
"15313","1250","Ec_N",256,13,13,"Ec",13,0,0,1,1,0,0.499809141804299
"15314","1250","Ec_N",256,14,14,"Ec",13,0,0,1,1,0,0.499809141804299
"15315","1250","Ec_N",256,15,15,"Ec",13,0,0,1,1,0,0.499809141804299
"15316","1250","Ec_N",256,16,16,"Ec",13,0,0,1,1,0,0.499809141804299
"15317","1250","Ec_N",256,17,17,"Ec",13,0,0,1,1,0,0.499809141804299
"15318","1250","Ec_N",256,18,18,"Ec",13,0,0,1,1,0,0.499809141804299
"15319","1250","Ec_N",256,19,19,"Ec",13,0,0,1,1,0,0.499809141804299
"15320","1250","Ec_N",256,20,20,"Ec",13,0,0,1,1,0,0.499809141804299
"15321","1250","Ec_N",256,21,21,"Ec",13,0,0,1,1,0,0.499809141804299
"15322","1250","Ec_N",256,22,22,"Ec",13,0,0,1,1,0,0.499809141804299
"15323","1250","Ec_N",256,23,23,"Ec",13,0,0,1,1,0,0.499809141804299
"15324","1250","Ec_N",256,24,24,"Ec",13,0,0,1,1,0,0.499809141804299
"15325","1250","Ec_N",256,25,25,"Ec",13,0,0,1,1,0,0.499809141804299
"15326","1250","Ec_N",256,26,26,"Ec",13,0,0,1,1,0,0.499809141804299
"15327","1250","Ec_N",256,27,27,"Ec",13,0,0,1,1,0,0.499809141804299
"15328","1250","Ec_N",256,28,28,"Ec",13,0,0,1,1,0,0.499809141804299
"15329","1250","Ec_N",256,29,29,"Ec",13,0,0,1,1,0,0.499809141804299
"15330","1250","Ec_N",256,30,30,"Ec",13,0,0,1,1,0,0.499809141804299
"15331","1250","Ec_N",256,31,31,"Ec",13,0,0,1,1,0,0.499809141804299
"15332","1250","Ec_N",256,32,32,"Ec",13,0,0,1,1,0,0.499809141804299
"15333","1250","Ec_N",256,33,33,"Ec",13,0,0,1,1,0,0.499809141804299
"15334","1250","Ec_N",256,34,34,"Ec",13,0,0,1,1,0,0.499809141804299
"15335","1250","Ec_N",256,35,35,"Ec",13,0,0,1,1,0,0.499809141804299
"15336","1250","Ec_N",256,36,36,"Ec",13,0,0,1,1,0,0.499809141804299
"15337","1250","Ec_N",256,37,37,"Ec",13,0,0,1,1,0,0.499809141804299
"15338","1250","Ec_N",256,38,38,"Ec",13,0,0,1,1,0,0.499809141804299
"15339","1250","Ec_N",256,39,39,"Ec",13,0,0,1,1,0,0.499809141804299
"15340","1250","Ec_N",256,40,40,"Ec",13,0,0,1,1,0,0.499809141804299
"15341","1250","Ec_N",256,41,41,"Ec",13,0,0,1,1,0,0.499809141804299
"15342","1250","Ec_N",256,42,42,"Ec",13,0,0,1,1,0,0.499809141804299
"15343","1250","Ec_N",256,43,43,"Ec",13,0,0,1,1,0,0.499809141804299
"15344","1250","Ec_N",256,44,44,"Ec",13,0,0,1,1,0,0.499809141804299
"15345","1250","Ec_N",256,45,45,"Ec",13,0,0,1,1,0,0.499809141804299
"15346","1250","Ec_N",256,46,46,"Ec",13,0,0,1,1,0,0.499809141804299
"15347","1250","Ec_N",256,47,47,"Ec",13,0,0,1,1,0,0.499809141804299
"15348","1250","Ec_N",256,48,48,"Ec",13,0,0,1,1,0,0.499809141804299
"15349","1250","Ec_N",256,49,49,"Ec",13,0,0,1,1,0,0.499809141804299
"15350","1250","Ec_N",256,50,50,"Ec",13,0,0,1,1,0,0.499809141804299
"15351","1250","Ec_N",256,51,51,"Ec",13,0,0,1,1,0,0.499809141804299
"15352","1250","Ec_N",256,52,52,"Ec",13,0,0,1,1,0,0.499809141804299
"15353","1250","Ec_N",256,53,53,"Ec",13,0,0,1,1,0,0.499809141804299
"15354","1250","Ec_N",256,54,54,"Ec",13,0,0,1,1,0,0.499809141804299
"15355","1250","Ec_N",256,55,55,"Ec",13,0,0,1,1,0,0.499809141804299
"15356","1250","Ec_N",256,56,56,"Ec",13,0,0,1,1,0,0.499809141804299
"15357","1250","Ec_N",256,57,57,"Ec",13,0,0,1,1,0,0.499809141804299
"15358","1250","Ec_N",256,58,58,"Ec",13,0,0,1,1,0,0.499809141804299
"15359","1250","Ec_N",256,59,59,"Ec",13,0,0,1,1,0,0.499809141804299
"15360","1250","Ec_N",256,60,60,"Ec",14,1,0,1,1,0,0.720821796264067
"15361","1250","Ec_N",257,1,1,"Ec",1,0,0,0,0,0,0
"15362","1250","Ec_N",257,2,2,"Ec",1,0,0,0,0,0,0
"15363","1250","Ec_N",257,3,3,"Ec",1,0,0,0,0,0,0
"15364","1250","Ec_N",257,4,4,"Ec",1,0,0,0,0,0,0
"15365","1250","Ec_N",257,5,5,"Ec",1,0,0,0,0,0,0
"15366","1250","Ec_N",257,6,6,"Ec",9,0,0,0,1,0,0.267745650041575
"15367","1250","Ec_N",257,7,7,"Ec",9,0,0,0,1,0,0.267745650041575
"15368","1250","Ec_N",257,8,8,"Ec",9,0,0,0,1,0,0.267745650041575
"15369","1250","Ec_N",257,9,9,"Ec",10,1,0,0,1,0,0.488758304501343
"15370","1250","Ec_N",257,10,10,"Ec",10,1,0,0,1,0,0.488758304501343
"15371","1250","Ec_N",257,11,11,"Ec",10,1,0,0,1,0,0.488758304501343
"15372","1250","Ec_N",257,12,12,"Ec",10,1,0,0,1,0,0.488758304501343
"15373","1250","Ec_N",257,13,13,"Ec",10,1,0,0,1,0,0.488758304501343
"15374","1250","Ec_N",257,14,14,"Ec",10,1,0,0,1,0,0.488758304501343
"15375","1250","Ec_N",257,15,15,"Ec",10,1,0,0,1,0,0.488758304501343
"15376","1250","Ec_N",257,16,16,"Ec",10,1,0,0,1,0,0.488758304501343
"15377","1250","Ec_N",257,17,17,"Ec",10,1,0,0,1,0,0.488758304501343
"15378","1250","Ec_N",257,18,18,"Ec",10,1,0,0,1,0,0.488758304501343
"15379","1250","Ec_N",257,19,19,"Ec",10,1,0,0,1,0,0.488758304501343
"15380","1250","Ec_N",257,20,20,"Ec",10,1,0,0,1,0,0.488758304501343
"15381","1250","Ec_N",257,21,21,"Ec",10,1,0,0,1,0,0.488758304501343
"15382","1250","Ec_N",257,22,22,"Ec",10,1,0,0,1,0,0.488758304501343
"15383","1250","Ec_N",257,23,23,"Ec",10,1,0,0,1,0,0.488758304501343
"15384","1250","Ec_N",257,24,24,"Ec",10,1,0,0,1,0,0.488758304501343
"15385","1250","Ec_N",257,25,25,"Ec",10,1,0,0,1,0,0.488758304501343
"15386","1250","Ec_N",257,26,26,"Ec",26,1,0,0,1,1,0.685285928822162
"15387","1250","Ec_N",257,27,27,"Ec",26,1,0,0,1,1,0.685285928822162
"15388","1250","Ec_N",257,28,28,"Ec",26,1,0,0,1,1,0.685285928822162
"15389","1250","Ec_N",257,29,29,"Ec",26,1,0,0,1,1,0.685285928822162
"15390","1250","Ec_N",257,30,30,"Ec",26,1,0,0,1,1,0.685285928822162
"15391","1250","Ec_N",257,31,31,"Ec",26,1,0,0,1,1,0.685285928822162
"15392","1250","Ec_N",257,32,32,"Ec",26,1,0,0,1,1,0.685285928822162
"15393","1250","Ec_N",257,33,33,"Ec",26,1,0,0,1,1,0.685285928822162
"15394","1250","Ec_N",257,34,34,"Ec",26,1,0,0,1,1,0.685285928822162
"15395","1250","Ec_N",257,35,35,"Ec",26,1,0,0,1,1,0.685285928822162
"15396","1250","Ec_N",257,36,36,"Ec",26,1,0,0,1,1,0.685285928822162
"15397","1250","Ec_N",257,37,37,"Ec",26,1,0,0,1,1,0.685285928822162
"15398","1250","Ec_N",257,38,38,"Ec",26,1,0,0,1,1,0.685285928822162
"15399","1250","Ec_N",257,39,39,"Ec",30,1,0,1,1,1,0.981696467924213
"15400","1250","Ec_N",257,40,40,"Ec",30,1,0,1,1,1,0.981696467924213
"15401","1250","Ec_N",257,41,41,"Ec",30,1,0,1,1,1,0.981696467924213
"15402","1250","Ec_N",257,42,42,"Ec",30,1,0,1,1,1,0.981696467924213
"15403","1250","Ec_N",257,43,43,"Ec",30,1,0,1,1,1,0.981696467924213
"15404","1250","Ec_N",257,44,44,"Ec",32,1,1,1,1,1,1
"15405","1250","Ec_N",257,45,45,"Ec",32,1,1,1,1,1,1
"15406","1250","Ec_N",257,46,46,"Ec",32,1,1,1,1,1,1
"15407","1250","Ec_N",257,47,47,"Ec",32,1,1,1,1,1,1
"15408","1250","Ec_N",257,48,48,"Ec",32,1,1,1,1,1,1
"15409","1250","Ec_N",257,49,49,"Ec",32,1,1,1,1,1,1
"15410","1250","Ec_N",257,50,50,"Ec",32,1,1,1,1,1,1
"15411","1250","Ec_N",257,51,51,"Ec",32,1,1,1,1,1,1
"15412","1250","Ec_N",257,52,52,"Ec",32,1,1,1,1,1,1
"15413","1250","Ec_N",257,53,53,"Ec",32,1,1,1,1,1,1
"15414","1250","Ec_N",257,54,54,"Ec",32,1,1,1,1,1,1
"15415","1250","Ec_N",257,55,55,"Ec",32,1,1,1,1,1,1
"15416","1250","Ec_N",257,56,56,"Ec",32,1,1,1,1,1,1
"15417","1250","Ec_N",257,57,57,"Ec",32,1,1,1,1,1,1
"15418","1250","Ec_N",257,58,58,"Ec",32,1,1,1,1,1,1
"15419","1250","Ec_N",257,59,59,"Ec",32,1,1,1,1,1,1
"15420","1250","Ec_N",257,60,60,"Ec",32,1,1,1,1,1,1
"15421","1250","Ec_N",258,1,1,"Ec",1,0,0,0,0,0,0
"15422","1250","Ec_N",258,2,2,"Ec",1,0,0,0,0,0,0
"15423","1250","Ec_N",258,3,3,"Ec",1,0,0,0,0,0,0
"15424","1250","Ec_N",258,4,4,"Ec",1,0,0,0,0,0,0
"15425","1250","Ec_N",258,5,5,"Ec",1,0,0,0,0,0,0
"15426","1250","Ec_N",258,6,6,"Ec",1,0,0,0,0,0,0
"15427","1250","Ec_N",258,7,7,"Ec",1,0,0,0,0,0,0
"15428","1250","Ec_N",258,8,8,"Ec",1,0,0,0,0,0,0
"15429","1250","Ec_N",258,9,9,"Ec",1,0,0,0,0,0,0
"15430","1250","Ec_N",258,10,10,"Ec",1,0,0,0,0,0,0
"15431","1250","Ec_N",258,11,11,"Ec",1,0,0,0,0,0,0
"15432","1250","Ec_N",258,12,12,"Ec",1,0,0,0,0,0,0
"15433","1250","Ec_N",258,13,13,"Ec",1,0,0,0,0,0,0
"15434","1250","Ec_N",258,14,14,"Ec",1,0,0,0,0,0,0
"15435","1250","Ec_N",258,15,15,"Ec",3,0,1,0,0,0,0.082650579415114
"15436","1250","Ec_N",258,16,16,"Ec",3,0,1,0,0,0,0.082650579415114
"15437","1250","Ec_N",258,17,17,"Ec",3,0,1,0,0,0,0.082650579415114
"15438","1250","Ec_N",258,18,18,"Ec",7,0,1,1,0,0,0.314714071177838
"15439","1250","Ec_N",258,19,19,"Ec",7,0,1,1,0,0,0.314714071177838
"15440","1250","Ec_N",258,20,20,"Ec",7,0,1,1,0,0,0.314714071177838
"15441","1250","Ec_N",258,21,21,"Ec",8,1,1,1,0,0,0.440600849145421
"15442","1250","Ec_N",258,22,22,"Ec",8,1,1,1,0,0,0.440600849145421
"15443","1250","Ec_N",258,23,23,"Ec",8,1,1,1,0,0,0.440600849145421
"15444","1250","Ec_N",258,24,24,"Ec",8,1,1,1,0,0,0.440600849145421
"15445","1250","Ec_N",258,25,25,"Ec",8,1,1,1,0,0,0.440600849145421
"15446","1250","Ec_N",258,26,26,"Ec",16,1,1,1,1,0,0.879284144928883
"15447","1250","Ec_N",258,27,27,"Ec",16,1,1,1,1,0,0.879284144928883
"15448","1250","Ec_N",258,28,28,"Ec",16,1,1,1,1,0,0.879284144928883
"15449","1250","Ec_N",258,29,29,"Ec",16,1,1,1,1,0,0.879284144928883
"15450","1250","Ec_N",258,30,30,"Ec",16,1,1,1,1,0,0.879284144928883
"15451","1250","Ec_N",258,31,31,"Ec",16,1,1,1,1,0,0.879284144928883
"15452","1250","Ec_N",258,32,32,"Ec",16,1,1,1,1,0,0.879284144928883
"15453","1250","Ec_N",258,33,33,"Ec",16,1,1,1,1,0,0.879284144928883
"15454","1250","Ec_N",258,34,34,"Ec",16,1,1,1,1,0,0.879284144928883
"15455","1250","Ec_N",258,35,35,"Ec",16,1,1,1,1,0,0.879284144928883
"15456","1250","Ec_N",258,36,36,"Ec",16,1,1,1,1,0,0.879284144928883
"15457","1250","Ec_N",258,37,37,"Ec",16,1,1,1,1,0,0.879284144928883
"15458","1250","Ec_N",258,38,38,"Ec",16,1,1,1,1,0,0.879284144928883
"15459","1250","Ec_N",258,39,39,"Ec",16,1,1,1,1,0,0.879284144928883
"15460","1250","Ec_N",258,40,40,"Ec",16,1,1,1,1,0,0.879284144928883
"15461","1250","Ec_N",258,41,41,"Ec",16,1,1,1,1,0,0.879284144928883
"15462","1250","Ec_N",258,42,42,"Ec",16,1,1,1,1,0,0.879284144928883
"15463","1250","Ec_N",258,43,43,"Ec",16,1,1,1,1,0,0.879284144928883
"15464","1250","Ec_N",258,44,44,"Ec",16,1,1,1,1,0,0.879284144928883
"15465","1250","Ec_N",258,45,45,"Ec",16,1,1,1,1,0,0.879284144928883
"15466","1250","Ec_N",258,46,46,"Ec",16,1,1,1,1,0,0.879284144928883
"15467","1250","Ec_N",258,47,47,"Ec",32,1,1,1,1,1,1
"15468","1250","Ec_N",258,48,48,"Ec",32,1,1,1,1,1,1
"15469","1250","Ec_N",258,49,49,"Ec",32,1,1,1,1,1,1
"15470","1250","Ec_N",258,50,50,"Ec",32,1,1,1,1,1,1
"15471","1250","Ec_N",258,51,51,"Ec",32,1,1,1,1,1,1
"15472","1250","Ec_N",258,52,52,"Ec",32,1,1,1,1,1,1
"15473","1250","Ec_N",258,53,53,"Ec",32,1,1,1,1,1,1
"15474","1250","Ec_N",258,54,54,"Ec",32,1,1,1,1,1,1
"15475","1250","Ec_N",258,55,55,"Ec",32,1,1,1,1,1,1
"15476","1250","Ec_N",258,56,56,"Ec",32,1,1,1,1,1,1
"15477","1250","Ec_N",258,57,57,"Ec",32,1,1,1,1,1,1
"15478","1250","Ec_N",258,58,58,"Ec",32,1,1,1,1,1,1
"15479","1250","Ec_N",258,59,59,"Ec",32,1,1,1,1,1,1
"15480","1250","Ec_N",258,60,60,"Ec",32,1,1,1,1,1,1
"15481","1250","Ec_N",259,1,1,"Ec",1,0,0,0,0,0,0
"15482","1250","Ec_N",259,2,2,"Ec",1,0,0,0,0,0,0
"15483","1250","Ec_N",259,3,3,"Ec",1,0,0,0,0,0,0
"15484","1250","Ec_N",259,4,4,"Ec",1,0,0,0,0,0,0
"15485","1250","Ec_N",259,5,5,"Ec",1,0,0,0,0,0,0
"15486","1250","Ec_N",259,6,6,"Ec",1,0,0,0,0,0,0
"15487","1250","Ec_N",259,7,7,"Ec",1,0,0,0,0,0,0
"15488","1250","Ec_N",259,8,8,"Ec",1,0,0,0,0,0,0
"15489","1250","Ec_N",259,9,9,"Ec",1,0,0,0,0,0,0
"15490","1250","Ec_N",259,10,10,"Ec",17,0,0,0,0,1,0.14692246949649
"15491","1250","Ec_N",259,11,11,"Ec",17,0,0,0,0,1,0.14692246949649
"15492","1250","Ec_N",259,12,12,"Ec",17,0,0,0,0,1,0.14692246949649
"15493","1250","Ec_N",259,13,13,"Ec",18,1,0,0,0,1,0.417540278780587
"15494","1250","Ec_N",259,14,14,"Ec",18,1,0,0,0,1,0.417540278780587
"15495","1250","Ec_N",259,15,15,"Ec",18,1,0,0,0,1,0.417540278780587
"15496","1250","Ec_N",259,16,16,"Ec",26,1,0,0,1,1,0.685285928822162
"15497","1250","Ec_N",259,17,17,"Ec",28,1,1,0,1,1,0.770762719311211
"15498","1250","Ec_N",259,18,18,"Ec",28,1,1,0,1,1,0.770762719311211
"15499","1250","Ec_N",259,19,19,"Ec",28,1,1,0,1,1,0.770762719311211
"15500","1250","Ec_N",259,20,20,"Ec",28,1,1,0,1,1,0.770762719311211
"15501","1250","Ec_N",259,21,21,"Ec",28,1,1,0,1,1,0.770762719311211
"15502","1250","Ec_N",259,22,22,"Ec",28,1,1,0,1,1,0.770762719311211
"15503","1250","Ec_N",259,23,23,"Ec",32,1,1,1,1,1,1
"15504","1250","Ec_N",259,24,24,"Ec",32,1,1,1,1,1,1
"15505","1250","Ec_N",259,25,25,"Ec",32,1,1,1,1,1,1
"15506","1250","Ec_N",259,26,26,"Ec",32,1,1,1,1,1,1
"15507","1250","Ec_N",259,27,27,"Ec",32,1,1,1,1,1,1
"15508","1250","Ec_N",259,28,28,"Ec",32,1,1,1,1,1,1
"15509","1250","Ec_N",259,29,29,"Ec",32,1,1,1,1,1,1
"15510","1250","Ec_N",259,30,30,"Ec",32,1,1,1,1,1,1
"15511","1250","Ec_N",259,31,31,"Ec",32,1,1,1,1,1,1
"15512","1250","Ec_N",259,32,32,"Ec",32,1,1,1,1,1,1
"15513","1250","Ec_N",259,33,33,"Ec",32,1,1,1,1,1,1
"15514","1250","Ec_N",259,34,34,"Ec",32,1,1,1,1,1,1
"15515","1250","Ec_N",259,35,35,"Ec",32,1,1,1,1,1,1
"15516","1250","Ec_N",259,36,36,"Ec",32,1,1,1,1,1,1
"15517","1250","Ec_N",259,37,37,"Ec",32,1,1,1,1,1,1
"15518","1250","Ec_N",259,38,38,"Ec",32,1,1,1,1,1,1
"15519","1250","Ec_N",259,39,39,"Ec",32,1,1,1,1,1,1
"15520","1250","Ec_N",259,40,40,"Ec",32,1,1,1,1,1,1
"15521","1250","Ec_N",259,41,41,"Ec",32,1,1,1,1,1,1
"15522","1250","Ec_N",259,42,42,"Ec",32,1,1,1,1,1,1
"15523","1250","Ec_N",259,43,43,"Ec",32,1,1,1,1,1,1
"15524","1250","Ec_N",259,44,44,"Ec",32,1,1,1,1,1,1
"15525","1250","Ec_N",259,45,45,"Ec",32,1,1,1,1,1,1
"15526","1250","Ec_N",259,46,46,"Ec",32,1,1,1,1,1,1
"15527","1250","Ec_N",259,47,47,"Ec",32,1,1,1,1,1,1
"15528","1250","Ec_N",259,48,48,"Ec",32,1,1,1,1,1,1
"15529","1250","Ec_N",259,49,49,"Ec",32,1,1,1,1,1,1
"15530","1250","Ec_N",259,50,50,"Ec",32,1,1,1,1,1,1
"15531","1250","Ec_N",259,51,51,"Ec",32,1,1,1,1,1,1
"15532","1250","Ec_N",259,52,52,"Ec",32,1,1,1,1,1,1
"15533","1250","Ec_N",259,53,53,"Ec",32,1,1,1,1,1,1
"15534","1250","Ec_N",259,54,54,"Ec",32,1,1,1,1,1,1
"15535","1250","Ec_N",259,55,55,"Ec",32,1,1,1,1,1,1
"15536","1250","Ec_N",259,56,56,"Ec",32,1,1,1,1,1,1
"15537","1250","Ec_N",259,57,57,"Ec",32,1,1,1,1,1,1
"15538","1250","Ec_N",259,58,58,"Ec",32,1,1,1,1,1,1
"15539","1250","Ec_N",259,59,59,"Ec",32,1,1,1,1,1,1
"15540","1250","Ec_N",259,60,60,"Ec",32,1,1,1,1,1,1
"15541","1250","Ec_N",260,1,1,"Ec",1,0,0,0,0,0,0
"15542","1250","Ec_N",260,2,2,"Ec",5,0,0,1,0,0,0.232063491762724
"15543","1250","Ec_N",260,3,3,"Ec",5,0,0,1,0,0,0.232063491762724
"15544","1250","Ec_N",260,4,4,"Ec",13,0,0,1,1,0,0.499809141804299
"15545","1250","Ec_N",260,5,5,"Ec",13,0,0,1,1,0,0.499809141804299
"15546","1250","Ec_N",260,6,6,"Ec",13,0,0,1,1,0,0.499809141804299
"15547","1250","Ec_N",260,7,7,"Ec",14,1,0,1,1,0,0.720821796264067
"15548","1250","Ec_N",260,8,8,"Ec",14,1,0,1,1,0,0.720821796264067
"15549","1250","Ec_N",260,9,9,"Ec",14,1,0,1,1,0,0.720821796264067
"15550","1250","Ec_N",260,10,10,"Ec",14,1,0,1,1,0,0.720821796264067
"15551","1250","Ec_N",260,11,11,"Ec",14,1,0,1,1,0,0.720821796264067
"15552","1250","Ec_N",260,12,12,"Ec",14,1,0,1,1,0,0.720821796264067
"15553","1250","Ec_N",260,13,13,"Ec",14,1,0,1,1,0,0.720821796264067
"15554","1250","Ec_N",260,14,14,"Ec",14,1,0,1,1,0,0.720821796264067
"15555","1250","Ec_N",260,15,15,"Ec",14,1,0,1,1,0,0.720821796264067
"15556","1250","Ec_N",260,16,16,"Ec",14,1,0,1,1,0,0.720821796264067
"15557","1250","Ec_N",260,17,17,"Ec",14,1,0,1,1,0,0.720821796264067
"15558","1250","Ec_N",260,18,18,"Ec",16,1,1,1,1,0,0.879284144928883
"15559","1250","Ec_N",260,19,19,"Ec",16,1,1,1,1,0,0.879284144928883
"15560","1250","Ec_N",260,20,20,"Ec",16,1,1,1,1,0,0.879284144928883
"15561","1250","Ec_N",260,21,21,"Ec",16,1,1,1,1,0,0.879284144928883
"15562","1250","Ec_N",260,22,22,"Ec",16,1,1,1,1,0,0.879284144928883
"15563","1250","Ec_N",260,23,23,"Ec",16,1,1,1,1,0,0.879284144928883
"15564","1250","Ec_N",260,24,24,"Ec",16,1,1,1,1,0,0.879284144928883
"15565","1250","Ec_N",260,25,25,"Ec",32,1,1,1,1,1,1
"15566","1250","Ec_N",260,26,26,"Ec",32,1,1,1,1,1,1
"15567","1250","Ec_N",260,27,27,"Ec",32,1,1,1,1,1,1
"15568","1250","Ec_N",260,28,28,"Ec",32,1,1,1,1,1,1
"15569","1250","Ec_N",260,29,29,"Ec",32,1,1,1,1,1,1
"15570","1250","Ec_N",260,30,30,"Ec",32,1,1,1,1,1,1
"15571","1250","Ec_N",260,31,31,"Ec",32,1,1,1,1,1,1
"15572","1250","Ec_N",260,32,32,"Ec",32,1,1,1,1,1,1
"15573","1250","Ec_N",260,33,33,"Ec",32,1,1,1,1,1,1
"15574","1250","Ec_N",260,34,34,"Ec",32,1,1,1,1,1,1
"15575","1250","Ec_N",260,35,35,"Ec",32,1,1,1,1,1,1
"15576","1250","Ec_N",260,36,36,"Ec",32,1,1,1,1,1,1
"15577","1250","Ec_N",260,37,37,"Ec",32,1,1,1,1,1,1
"15578","1250","Ec_N",260,38,38,"Ec",32,1,1,1,1,1,1
"15579","1250","Ec_N",260,39,39,"Ec",32,1,1,1,1,1,1
"15580","1250","Ec_N",260,40,40,"Ec",32,1,1,1,1,1,1
"15581","1250","Ec_N",260,41,41,"Ec",32,1,1,1,1,1,1
"15582","1250","Ec_N",260,42,42,"Ec",32,1,1,1,1,1,1
"15583","1250","Ec_N",260,43,43,"Ec",32,1,1,1,1,1,1
"15584","1250","Ec_N",260,44,44,"Ec",32,1,1,1,1,1,1
"15585","1250","Ec_N",260,45,45,"Ec",32,1,1,1,1,1,1
"15586","1250","Ec_N",260,46,46,"Ec",32,1,1,1,1,1,1
"15587","1250","Ec_N",260,47,47,"Ec",32,1,1,1,1,1,1
"15588","1250","Ec_N",260,48,48,"Ec",32,1,1,1,1,1,1
"15589","1250","Ec_N",260,49,49,"Ec",32,1,1,1,1,1,1
"15590","1250","Ec_N",260,50,50,"Ec",32,1,1,1,1,1,1
"15591","1250","Ec_N",260,51,51,"Ec",32,1,1,1,1,1,1
"15592","1250","Ec_N",260,52,52,"Ec",32,1,1,1,1,1,1
"15593","1250","Ec_N",260,53,53,"Ec",32,1,1,1,1,1,1
"15594","1250","Ec_N",260,54,54,"Ec",32,1,1,1,1,1,1
"15595","1250","Ec_N",260,55,55,"Ec",32,1,1,1,1,1,1
"15596","1250","Ec_N",260,56,56,"Ec",32,1,1,1,1,1,1
"15597","1250","Ec_N",260,57,57,"Ec",32,1,1,1,1,1,1
"15598","1250","Ec_N",260,58,58,"Ec",32,1,1,1,1,1,1
"15599","1250","Ec_N",260,59,59,"Ec",32,1,1,1,1,1,1
"15600","1250","Ec_N",260,60,60,"Ec",32,1,1,1,1,1,1
"15601","1250","Ec_N",261,1,1,"Ec",1,0,0,0,0,0,0
"15602","1250","Ec_N",261,2,2,"Ec",1,0,0,0,0,0,0
"15603","1250","Ec_N",261,3,3,"Ec",1,0,0,0,0,0,0
"15604","1250","Ec_N",261,4,4,"Ec",1,0,0,0,0,0,0
"15605","1250","Ec_N",261,5,5,"Ec",17,0,0,0,0,1,0.14692246949649
"15606","1250","Ec_N",261,6,6,"Ec",17,0,0,0,0,1,0.14692246949649
"15607","1250","Ec_N",261,7,7,"Ec",18,1,0,0,0,1,0.417540278780587
"15608","1250","Ec_N",261,8,8,"Ec",18,1,0,0,0,1,0.417540278780587
"15609","1250","Ec_N",261,9,9,"Ec",18,1,0,0,0,1,0.417540278780587
"15610","1250","Ec_N",261,10,10,"Ec",18,1,0,0,0,1,0.417540278780587
"15611","1250","Ec_N",261,11,11,"Ec",20,1,1,0,0,1,0.500190858195701
"15612","1250","Ec_N",261,12,12,"Ec",20,1,1,0,0,1,0.500190858195701
"15613","1250","Ec_N",261,13,13,"Ec",20,1,1,0,0,1,0.500190858195701
"15614","1250","Ec_N",261,14,14,"Ec",20,1,1,0,0,1,0.500190858195701
"15615","1250","Ec_N",261,15,15,"Ec",20,1,1,0,0,1,0.500190858195701
"15616","1250","Ec_N",261,16,16,"Ec",28,1,1,0,1,1,0.770762719311211
"15617","1250","Ec_N",261,17,17,"Ec",28,1,1,0,1,1,0.770762719311211
"15618","1250","Ec_N",261,18,18,"Ec",28,1,1,0,1,1,0.770762719311211
"15619","1250","Ec_N",261,19,19,"Ec",28,1,1,0,1,1,0.770762719311211
"15620","1250","Ec_N",261,20,20,"Ec",28,1,1,0,1,1,0.770762719311211
"15621","1250","Ec_N",261,21,21,"Ec",28,1,1,0,1,1,0.770762719311211
"15622","1250","Ec_N",261,22,22,"Ec",28,1,1,0,1,1,0.770762719311211
"15623","1250","Ec_N",261,23,23,"Ec",28,1,1,0,1,1,0.770762719311211
"15624","1250","Ec_N",261,24,24,"Ec",28,1,1,0,1,1,0.770762719311211
"15625","1250","Ec_N",261,25,25,"Ec",28,1,1,0,1,1,0.770762719311211
"15626","1250","Ec_N",261,26,26,"Ec",28,1,1,0,1,1,0.770762719311211
"15627","1250","Ec_N",261,27,27,"Ec",28,1,1,0,1,1,0.770762719311211
"15628","1250","Ec_N",261,28,28,"Ec",28,1,1,0,1,1,0.770762719311211
"15629","1250","Ec_N",261,29,29,"Ec",28,1,1,0,1,1,0.770762719311211
"15630","1250","Ec_N",261,30,30,"Ec",28,1,1,0,1,1,0.770762719311211
"15631","1250","Ec_N",261,31,31,"Ec",28,1,1,0,1,1,0.770762719311211
"15632","1250","Ec_N",261,32,32,"Ec",28,1,1,0,1,1,0.770762719311211
"15633","1250","Ec_N",261,33,33,"Ec",28,1,1,0,1,1,0.770762719311211
"15634","1250","Ec_N",261,34,34,"Ec",28,1,1,0,1,1,0.770762719311211
"15635","1250","Ec_N",261,35,35,"Ec",28,1,1,0,1,1,0.770762719311211
"15636","1250","Ec_N",261,36,36,"Ec",28,1,1,0,1,1,0.770762719311211
"15637","1250","Ec_N",261,37,37,"Ec",28,1,1,0,1,1,0.770762719311211
"15638","1250","Ec_N",261,38,38,"Ec",28,1,1,0,1,1,0.770762719311211
"15639","1250","Ec_N",261,39,39,"Ec",28,1,1,0,1,1,0.770762719311211
"15640","1250","Ec_N",261,40,40,"Ec",28,1,1,0,1,1,0.770762719311211
"15641","1250","Ec_N",261,41,41,"Ec",28,1,1,0,1,1,0.770762719311211
"15642","1250","Ec_N",261,42,42,"Ec",28,1,1,0,1,1,0.770762719311211
"15643","1250","Ec_N",261,43,43,"Ec",28,1,1,0,1,1,0.770762719311211
"15644","1250","Ec_N",261,44,44,"Ec",28,1,1,0,1,1,0.770762719311211
"15645","1250","Ec_N",261,45,45,"Ec",28,1,1,0,1,1,0.770762719311211
"15646","1250","Ec_N",261,46,46,"Ec",28,1,1,0,1,1,0.770762719311211
"15647","1250","Ec_N",261,47,47,"Ec",28,1,1,0,1,1,0.770762719311211
"15648","1250","Ec_N",261,48,48,"Ec",28,1,1,0,1,1,0.770762719311211
"15649","1250","Ec_N",261,49,49,"Ec",32,1,1,1,1,1,1
"15650","1250","Ec_N",261,50,50,"Ec",32,1,1,1,1,1,1
"15651","1250","Ec_N",261,51,51,"Ec",32,1,1,1,1,1,1
"15652","1250","Ec_N",261,52,52,"Ec",32,1,1,1,1,1,1
"15653","1250","Ec_N",261,53,53,"Ec",32,1,1,1,1,1,1
"15654","1250","Ec_N",261,54,54,"Ec",32,1,1,1,1,1,1
"15655","1250","Ec_N",261,55,55,"Ec",32,1,1,1,1,1,1
"15656","1250","Ec_N",261,56,56,"Ec",32,1,1,1,1,1,1
"15657","1250","Ec_N",261,57,57,"Ec",32,1,1,1,1,1,1
"15658","1250","Ec_N",261,58,58,"Ec",32,1,1,1,1,1,1
"15659","1250","Ec_N",261,59,59,"Ec",32,1,1,1,1,1,1
"15660","1250","Ec_N",261,60,60,"Ec",32,1,1,1,1,1,1
"15661","1250","Ec_N",262,1,1,"Ec",1,0,0,0,0,0,0
"15662","1250","Ec_N",262,2,2,"Ec",1,0,0,0,0,0,0
"15663","1250","Ec_N",262,3,3,"Ec",17,0,0,0,0,1,0.14692246949649
"15664","1250","Ec_N",262,4,4,"Ec",17,0,0,0,0,1,0.14692246949649
"15665","1250","Ec_N",262,5,5,"Ec",17,0,0,0,0,1,0.14692246949649
"15666","1250","Ec_N",262,6,6,"Ec",17,0,0,0,0,1,0.14692246949649
"15667","1250","Ec_N",262,7,7,"Ec",17,0,0,0,0,1,0.14692246949649
"15668","1250","Ec_N",262,8,8,"Ec",21,0,0,1,0,1,0.428591116083543
"15669","1250","Ec_N",262,9,9,"Ec",21,0,0,1,0,1,0.428591116083543
"15670","1250","Ec_N",262,10,10,"Ec",21,0,0,1,0,1,0.428591116083543
"15671","1250","Ec_N",262,11,11,"Ec",21,0,0,1,0,1,0.428591116083543
"15672","1250","Ec_N",262,12,12,"Ec",21,0,0,1,0,1,0.428591116083543
"15673","1250","Ec_N",262,13,13,"Ec",21,0,0,1,0,1,0.428591116083543
"15674","1250","Ec_N",262,14,14,"Ec",23,0,1,1,0,1,0.511241695498657
"15675","1250","Ec_N",262,15,15,"Ec",23,0,1,1,0,1,0.511241695498657
"15676","1250","Ec_N",262,16,16,"Ec",23,0,1,1,0,1,0.511241695498657
"15677","1250","Ec_N",262,17,17,"Ec",23,0,1,1,0,1,0.511241695498657
"15678","1250","Ec_N",262,18,18,"Ec",23,0,1,1,0,1,0.511241695498657
"15679","1250","Ec_N",262,19,19,"Ec",23,0,1,1,0,1,0.511241695498657
"15680","1250","Ec_N",262,20,20,"Ec",23,0,1,1,0,1,0.511241695498657
"15681","1250","Ec_N",262,21,21,"Ec",23,0,1,1,0,1,0.511241695498657
"15682","1250","Ec_N",262,22,22,"Ec",23,0,1,1,0,1,0.511241695498657
"15683","1250","Ec_N",262,23,23,"Ec",23,0,1,1,0,1,0.511241695498657
"15684","1250","Ec_N",262,24,24,"Ec",23,0,1,1,0,1,0.511241695498657
"15685","1250","Ec_N",262,25,25,"Ec",24,1,1,1,0,1,0.732254349958425
"15686","1250","Ec_N",262,26,26,"Ec",24,1,1,1,0,1,0.732254349958425
"15687","1250","Ec_N",262,27,27,"Ec",24,1,1,1,0,1,0.732254349958425
"15688","1250","Ec_N",262,28,28,"Ec",24,1,1,1,0,1,0.732254349958425
"15689","1250","Ec_N",262,29,29,"Ec",24,1,1,1,0,1,0.732254349958425
"15690","1250","Ec_N",262,30,30,"Ec",24,1,1,1,0,1,0.732254349958425
"15691","1250","Ec_N",262,31,31,"Ec",24,1,1,1,0,1,0.732254349958425
"15692","1250","Ec_N",262,32,32,"Ec",24,1,1,1,0,1,0.732254349958425
"15693","1250","Ec_N",262,33,33,"Ec",24,1,1,1,0,1,0.732254349958425
"15694","1250","Ec_N",262,34,34,"Ec",24,1,1,1,0,1,0.732254349958425
"15695","1250","Ec_N",262,35,35,"Ec",32,1,1,1,1,1,1
"15696","1250","Ec_N",262,36,36,"Ec",32,1,1,1,1,1,1
"15697","1250","Ec_N",262,37,37,"Ec",32,1,1,1,1,1,1
"15698","1250","Ec_N",262,38,38,"Ec",32,1,1,1,1,1,1
"15699","1250","Ec_N",262,39,39,"Ec",32,1,1,1,1,1,1
"15700","1250","Ec_N",262,40,40,"Ec",32,1,1,1,1,1,1
"15701","1250","Ec_N",262,41,41,"Ec",32,1,1,1,1,1,1
"15702","1250","Ec_N",262,42,42,"Ec",32,1,1,1,1,1,1
"15703","1250","Ec_N",262,43,43,"Ec",32,1,1,1,1,1,1
"15704","1250","Ec_N",262,44,44,"Ec",32,1,1,1,1,1,1
"15705","1250","Ec_N",262,45,45,"Ec",32,1,1,1,1,1,1
"15706","1250","Ec_N",262,46,46,"Ec",32,1,1,1,1,1,1
"15707","1250","Ec_N",262,47,47,"Ec",32,1,1,1,1,1,1
"15708","1250","Ec_N",262,48,48,"Ec",32,1,1,1,1,1,1
"15709","1250","Ec_N",262,49,49,"Ec",32,1,1,1,1,1,1
"15710","1250","Ec_N",262,50,50,"Ec",32,1,1,1,1,1,1
"15711","1250","Ec_N",262,51,51,"Ec",32,1,1,1,1,1,1
"15712","1250","Ec_N",262,52,52,"Ec",32,1,1,1,1,1,1
"15713","1250","Ec_N",262,53,53,"Ec",32,1,1,1,1,1,1
"15714","1250","Ec_N",262,54,54,"Ec",32,1,1,1,1,1,1
"15715","1250","Ec_N",262,55,55,"Ec",32,1,1,1,1,1,1
"15716","1250","Ec_N",262,56,56,"Ec",32,1,1,1,1,1,1
"15717","1250","Ec_N",262,57,57,"Ec",32,1,1,1,1,1,1
"15718","1250","Ec_N",262,58,58,"Ec",32,1,1,1,1,1,1
"15719","1250","Ec_N",262,59,59,"Ec",32,1,1,1,1,1,1
"15720","1250","Ec_N",262,60,60,"Ec",32,1,1,1,1,1,1
"15721","1250","Ec_N",263,1,1,"Ec",1,0,0,0,0,0,0
"15722","1250","Ec_N",263,2,2,"Ec",1,0,0,0,0,0,0
"15723","1250","Ec_N",263,3,3,"Ec",1,0,0,0,0,0,0
"15724","1250","Ec_N",263,4,4,"Ec",2,1,0,0,0,0,0.221012654459768
"15725","1250","Ec_N",263,5,5,"Ec",2,1,0,0,0,0,0.221012654459768
"15726","1250","Ec_N",263,6,6,"Ec",2,1,0,0,0,0,0.221012654459768
"15727","1250","Ec_N",263,7,7,"Ec",2,1,0,0,0,0,0.221012654459768
"15728","1250","Ec_N",263,8,8,"Ec",2,1,0,0,0,0,0.221012654459768
"15729","1250","Ec_N",263,9,9,"Ec",2,1,0,0,0,0,0.221012654459768
"15730","1250","Ec_N",263,10,10,"Ec",2,1,0,0,0,0,0.221012654459768
"15731","1250","Ec_N",263,11,11,"Ec",2,1,0,0,0,0,0.221012654459768
"15732","1250","Ec_N",263,12,12,"Ec",2,1,0,0,0,0,0.221012654459768
"15733","1250","Ec_N",263,13,13,"Ec",2,1,0,0,0,0,0.221012654459768
"15734","1250","Ec_N",263,14,14,"Ec",2,1,0,0,0,0,0.221012654459768
"15735","1250","Ec_N",263,15,15,"Ec",2,1,0,0,0,0,0.221012654459768
"15736","1250","Ec_N",263,16,16,"Ec",2,1,0,0,0,0,0.221012654459768
"15737","1250","Ec_N",263,17,17,"Ec",2,1,0,0,0,0,0.221012654459768
"15738","1250","Ec_N",263,18,18,"Ec",2,1,0,0,0,0,0.221012654459768
"15739","1250","Ec_N",263,19,19,"Ec",2,1,0,0,0,0,0.221012654459768
"15740","1250","Ec_N",263,20,20,"Ec",2,1,0,0,0,0,0.221012654459768
"15741","1250","Ec_N",263,21,21,"Ec",18,1,0,0,0,1,0.417540278780587
"15742","1250","Ec_N",263,22,22,"Ec",22,1,0,1,0,1,0.649603770543311
"15743","1250","Ec_N",263,23,23,"Ec",22,1,0,1,0,1,0.649603770543311
"15744","1250","Ec_N",263,24,24,"Ec",24,1,1,1,0,1,0.732254349958425
"15745","1250","Ec_N",263,25,25,"Ec",24,1,1,1,0,1,0.732254349958425
"15746","1250","Ec_N",263,26,26,"Ec",24,1,1,1,0,1,0.732254349958425
"15747","1250","Ec_N",263,27,27,"Ec",24,1,1,1,0,1,0.732254349958425
"15748","1250","Ec_N",263,28,28,"Ec",24,1,1,1,0,1,0.732254349958425
"15749","1250","Ec_N",263,29,29,"Ec",24,1,1,1,0,1,0.732254349958425
"15750","1250","Ec_N",263,30,30,"Ec",24,1,1,1,0,1,0.732254349958425
"15751","1250","Ec_N",263,31,31,"Ec",24,1,1,1,0,1,0.732254349958425
"15752","1250","Ec_N",263,32,32,"Ec",24,1,1,1,0,1,0.732254349958425
"15753","1250","Ec_N",263,33,33,"Ec",24,1,1,1,0,1,0.732254349958425
"15754","1250","Ec_N",263,34,34,"Ec",24,1,1,1,0,1,0.732254349958425
"15755","1250","Ec_N",263,35,35,"Ec",24,1,1,1,0,1,0.732254349958425
"15756","1250","Ec_N",263,36,36,"Ec",24,1,1,1,0,1,0.732254349958425
"15757","1250","Ec_N",263,37,37,"Ec",32,1,1,1,1,1,1
"15758","1250","Ec_N",263,38,38,"Ec",32,1,1,1,1,1,1
"15759","1250","Ec_N",263,39,39,"Ec",32,1,1,1,1,1,1
"15760","1250","Ec_N",263,40,40,"Ec",32,1,1,1,1,1,1
"15761","1250","Ec_N",263,41,41,"Ec",32,1,1,1,1,1,1
"15762","1250","Ec_N",263,42,42,"Ec",32,1,1,1,1,1,1
"15763","1250","Ec_N",263,43,43,"Ec",32,1,1,1,1,1,1
"15764","1250","Ec_N",263,44,44,"Ec",32,1,1,1,1,1,1
"15765","1250","Ec_N",263,45,45,"Ec",32,1,1,1,1,1,1
"15766","1250","Ec_N",263,46,46,"Ec",32,1,1,1,1,1,1
"15767","1250","Ec_N",263,47,47,"Ec",32,1,1,1,1,1,1
"15768","1250","Ec_N",263,48,48,"Ec",32,1,1,1,1,1,1
"15769","1250","Ec_N",263,49,49,"Ec",32,1,1,1,1,1,1
"15770","1250","Ec_N",263,50,50,"Ec",32,1,1,1,1,1,1
"15771","1250","Ec_N",263,51,51,"Ec",32,1,1,1,1,1,1
"15772","1250","Ec_N",263,52,52,"Ec",32,1,1,1,1,1,1
"15773","1250","Ec_N",263,53,53,"Ec",32,1,1,1,1,1,1
"15774","1250","Ec_N",263,54,54,"Ec",32,1,1,1,1,1,1
"15775","1250","Ec_N",263,55,55,"Ec",32,1,1,1,1,1,1
"15776","1250","Ec_N",263,56,56,"Ec",32,1,1,1,1,1,1
"15777","1250","Ec_N",263,57,57,"Ec",32,1,1,1,1,1,1
"15778","1250","Ec_N",263,58,58,"Ec",32,1,1,1,1,1,1
"15779","1250","Ec_N",263,59,59,"Ec",32,1,1,1,1,1,1
"15780","1250","Ec_N",263,60,60,"Ec",32,1,1,1,1,1,1
"15781","1250","Ec_N",264,1,1,"Ec",1,0,0,0,0,0,0
"15782","1250","Ec_N",264,2,2,"Ec",1,0,0,0,0,0,0
"15783","1250","Ec_N",264,3,3,"Ec",1,0,0,0,0,0,0
"15784","1250","Ec_N",264,4,4,"Ec",1,0,0,0,0,0,0
"15785","1250","Ec_N",264,5,5,"Ec",1,0,0,0,0,0,0
"15786","1250","Ec_N",264,6,6,"Ec",1,0,0,0,0,0,0
"15787","1250","Ec_N",264,7,7,"Ec",1,0,0,0,0,0,0
"15788","1250","Ec_N",264,8,8,"Ec",1,0,0,0,0,0,0
"15789","1250","Ec_N",264,9,9,"Ec",1,0,0,0,0,0,0
"15790","1250","Ec_N",264,10,10,"Ec",1,0,0,0,0,0,0
"15791","1250","Ec_N",264,11,11,"Ec",1,0,0,0,0,0,0
"15792","1250","Ec_N",264,12,12,"Ec",3,0,1,0,0,0,0.082650579415114
"15793","1250","Ec_N",264,13,13,"Ec",3,0,1,0,0,0,0.082650579415114
"15794","1250","Ec_N",264,14,14,"Ec",7,0,1,1,0,0,0.314714071177838
"15795","1250","Ec_N",264,15,15,"Ec",7,0,1,1,0,0,0.314714071177838
"15796","1250","Ec_N",264,16,16,"Ec",7,0,1,1,0,0,0.314714071177838
"15797","1250","Ec_N",264,17,17,"Ec",7,0,1,1,0,0,0.314714071177838
"15798","1250","Ec_N",264,18,18,"Ec",7,0,1,1,0,0,0.314714071177838
"15799","1250","Ec_N",264,19,19,"Ec",15,0,1,1,1,0,0.582459721219413
"15800","1250","Ec_N",264,20,20,"Ec",16,1,1,1,1,0,0.879284144928883
"15801","1250","Ec_N",264,21,21,"Ec",16,1,1,1,1,0,0.879284144928883
"15802","1250","Ec_N",264,22,22,"Ec",16,1,1,1,1,0,0.879284144928883
"15803","1250","Ec_N",264,23,23,"Ec",16,1,1,1,1,0,0.879284144928883
"15804","1250","Ec_N",264,24,24,"Ec",16,1,1,1,1,0,0.879284144928883
"15805","1250","Ec_N",264,25,25,"Ec",16,1,1,1,1,0,0.879284144928883
"15806","1250","Ec_N",264,26,26,"Ec",16,1,1,1,1,0,0.879284144928883
"15807","1250","Ec_N",264,27,27,"Ec",16,1,1,1,1,0,0.879284144928883
"15808","1250","Ec_N",264,28,28,"Ec",16,1,1,1,1,0,0.879284144928883
"15809","1250","Ec_N",264,29,29,"Ec",16,1,1,1,1,0,0.879284144928883
"15810","1250","Ec_N",264,30,30,"Ec",16,1,1,1,1,0,0.879284144928883
"15811","1250","Ec_N",264,31,31,"Ec",16,1,1,1,1,0,0.879284144928883
"15812","1250","Ec_N",264,32,32,"Ec",16,1,1,1,1,0,0.879284144928883
"15813","1250","Ec_N",264,33,33,"Ec",16,1,1,1,1,0,0.879284144928883
"15814","1250","Ec_N",264,34,34,"Ec",16,1,1,1,1,0,0.879284144928883
"15815","1250","Ec_N",264,35,35,"Ec",16,1,1,1,1,0,0.879284144928883
"15816","1250","Ec_N",264,36,36,"Ec",16,1,1,1,1,0,0.879284144928883
"15817","1250","Ec_N",264,37,37,"Ec",16,1,1,1,1,0,0.879284144928883
"15818","1250","Ec_N",264,38,38,"Ec",16,1,1,1,1,0,0.879284144928883
"15819","1250","Ec_N",264,39,39,"Ec",16,1,1,1,1,0,0.879284144928883
"15820","1250","Ec_N",264,40,40,"Ec",16,1,1,1,1,0,0.879284144928883
"15821","1250","Ec_N",264,41,41,"Ec",16,1,1,1,1,0,0.879284144928883
"15822","1250","Ec_N",264,42,42,"Ec",16,1,1,1,1,0,0.879284144928883
"15823","1250","Ec_N",264,43,43,"Ec",16,1,1,1,1,0,0.879284144928883
"15824","1250","Ec_N",264,44,44,"Ec",16,1,1,1,1,0,0.879284144928883
"15825","1250","Ec_N",264,45,45,"Ec",16,1,1,1,1,0,0.879284144928883
"15826","1250","Ec_N",264,46,46,"Ec",16,1,1,1,1,0,0.879284144928883
"15827","1250","Ec_N",264,47,47,"Ec",16,1,1,1,1,0,0.879284144928883
"15828","1250","Ec_N",264,48,48,"Ec",32,1,1,1,1,1,1
"15829","1250","Ec_N",264,49,49,"Ec",32,1,1,1,1,1,1
"15830","1250","Ec_N",264,50,50,"Ec",32,1,1,1,1,1,1
"15831","1250","Ec_N",264,51,51,"Ec",32,1,1,1,1,1,1
"15832","1250","Ec_N",264,52,52,"Ec",32,1,1,1,1,1,1
"15833","1250","Ec_N",264,53,53,"Ec",32,1,1,1,1,1,1
"15834","1250","Ec_N",264,54,54,"Ec",32,1,1,1,1,1,1
"15835","1250","Ec_N",264,55,55,"Ec",32,1,1,1,1,1,1
"15836","1250","Ec_N",264,56,56,"Ec",32,1,1,1,1,1,1
"15837","1250","Ec_N",264,57,57,"Ec",32,1,1,1,1,1,1
"15838","1250","Ec_N",264,58,58,"Ec",32,1,1,1,1,1,1
"15839","1250","Ec_N",264,59,59,"Ec",32,1,1,1,1,1,1
"15840","1250","Ec_N",264,60,60,"Ec",32,1,1,1,1,1,1
"15841","1250","Ec_N",265,1,1,"Ec",1,0,0,0,0,0,0
"15842","1250","Ec_N",265,2,2,"Ec",1,0,0,0,0,0,0
"15843","1250","Ec_N",265,3,3,"Ec",1,0,0,0,0,0,0
"15844","1250","Ec_N",265,4,4,"Ec",2,1,0,0,0,0,0.221012654459768
"15845","1250","Ec_N",265,5,5,"Ec",2,1,0,0,0,0,0.221012654459768
"15846","1250","Ec_N",265,6,6,"Ec",2,1,0,0,0,0,0.221012654459768
"15847","1250","Ec_N",265,7,7,"Ec",2,1,0,0,0,0,0.221012654459768
"15848","1250","Ec_N",265,8,8,"Ec",2,1,0,0,0,0,0.221012654459768
"15849","1250","Ec_N",265,9,9,"Ec",2,1,0,0,0,0,0.221012654459768
"15850","1250","Ec_N",265,10,10,"Ec",2,1,0,0,0,0,0.221012654459768
"15851","1250","Ec_N",265,11,11,"Ec",2,1,0,0,0,0,0.221012654459768
"15852","1250","Ec_N",265,12,12,"Ec",6,1,0,1,0,0,0.453076146222492
"15853","1250","Ec_N",265,13,13,"Ec",6,1,0,1,0,0,0.453076146222492
"15854","1250","Ec_N",265,14,14,"Ec",6,1,0,1,0,0,0.453076146222492
"15855","1250","Ec_N",265,15,15,"Ec",6,1,0,1,0,0,0.453076146222492
"15856","1250","Ec_N",265,16,16,"Ec",6,1,0,1,0,0,0.453076146222492
"15857","1250","Ec_N",265,17,17,"Ec",6,1,0,1,0,0,0.453076146222492
"15858","1250","Ec_N",265,18,18,"Ec",6,1,0,1,0,0,0.453076146222492
"15859","1250","Ec_N",265,19,19,"Ec",6,1,0,1,0,0,0.453076146222492
"15860","1250","Ec_N",265,20,20,"Ec",6,1,0,1,0,0,0.453076146222492
"15861","1250","Ec_N",265,21,21,"Ec",6,1,0,1,0,0,0.453076146222492
"15862","1250","Ec_N",265,22,22,"Ec",6,1,0,1,0,0,0.453076146222492
"15863","1250","Ec_N",265,23,23,"Ec",6,1,0,1,0,0,0.453076146222492
"15864","1250","Ec_N",265,24,24,"Ec",6,1,0,1,0,0,0.453076146222492
"15865","1250","Ec_N",265,25,25,"Ec",6,1,0,1,0,0,0.453076146222492
"15866","1250","Ec_N",265,26,26,"Ec",6,1,0,1,0,0,0.453076146222492
"15867","1250","Ec_N",265,27,27,"Ec",6,1,0,1,0,0,0.453076146222492
"15868","1250","Ec_N",265,28,28,"Ec",6,1,0,1,0,0,0.453076146222492
"15869","1250","Ec_N",265,29,29,"Ec",6,1,0,1,0,0,0.453076146222492
"15870","1250","Ec_N",265,30,30,"Ec",6,1,0,1,0,0,0.453076146222492
"15871","1250","Ec_N",265,31,31,"Ec",22,1,0,1,0,1,0.649603770543311
"15872","1250","Ec_N",265,32,32,"Ec",22,1,0,1,0,1,0.649603770543311
"15873","1250","Ec_N",265,33,33,"Ec",22,1,0,1,0,1,0.649603770543311
"15874","1250","Ec_N",265,34,34,"Ec",30,1,0,1,1,1,0.981696467924213
"15875","1250","Ec_N",265,35,35,"Ec",30,1,0,1,1,1,0.981696467924213
"15876","1250","Ec_N",265,36,36,"Ec",30,1,0,1,1,1,0.981696467924213
"15877","1250","Ec_N",265,37,37,"Ec",30,1,0,1,1,1,0.981696467924213
"15878","1250","Ec_N",265,38,38,"Ec",30,1,0,1,1,1,0.981696467924213
"15879","1250","Ec_N",265,39,39,"Ec",30,1,0,1,1,1,0.981696467924213
"15880","1250","Ec_N",265,40,40,"Ec",30,1,0,1,1,1,0.981696467924213
"15881","1250","Ec_N",265,41,41,"Ec",30,1,0,1,1,1,0.981696467924213
"15882","1250","Ec_N",265,42,42,"Ec",30,1,0,1,1,1,0.981696467924213
"15883","1250","Ec_N",265,43,43,"Ec",30,1,0,1,1,1,0.981696467924213
"15884","1250","Ec_N",265,44,44,"Ec",30,1,0,1,1,1,0.981696467924213
"15885","1250","Ec_N",265,45,45,"Ec",30,1,0,1,1,1,0.981696467924213
"15886","1250","Ec_N",265,46,46,"Ec",30,1,0,1,1,1,0.981696467924213
"15887","1250","Ec_N",265,47,47,"Ec",30,1,0,1,1,1,0.981696467924213
"15888","1250","Ec_N",265,48,48,"Ec",30,1,0,1,1,1,0.981696467924213
"15889","1250","Ec_N",265,49,49,"Ec",30,1,0,1,1,1,0.981696467924213
"15890","1250","Ec_N",265,50,50,"Ec",30,1,0,1,1,1,0.981696467924213
"15891","1250","Ec_N",265,51,51,"Ec",30,1,0,1,1,1,0.981696467924213
"15892","1250","Ec_N",265,52,52,"Ec",30,1,0,1,1,1,0.981696467924213
"15893","1250","Ec_N",265,53,53,"Ec",30,1,0,1,1,1,0.981696467924213
"15894","1250","Ec_N",265,54,54,"Ec",30,1,0,1,1,1,0.981696467924213
"15895","1250","Ec_N",265,55,55,"Ec",30,1,0,1,1,1,0.981696467924213
"15896","1250","Ec_N",265,56,56,"Ec",30,1,0,1,1,1,0.981696467924213
"15897","1250","Ec_N",265,57,57,"Ec",32,1,1,1,1,1,1
"15898","1250","Ec_N",265,58,58,"Ec",32,1,1,1,1,1,1
"15899","1250","Ec_N",265,59,59,"Ec",32,1,1,1,1,1,1
"15900","1250","Ec_N",265,60,60,"Ec",32,1,1,1,1,1,1
"15901","1250","Ec_N",266,1,1,"Ec",1,0,0,0,0,0,0
"15902","1250","Ec_N",266,2,2,"Ec",5,0,0,1,0,0,0.232063491762724
"15903","1250","Ec_N",266,3,3,"Ec",5,0,0,1,0,0,0.232063491762724
"15904","1250","Ec_N",266,4,4,"Ec",5,0,0,1,0,0,0.232063491762724
"15905","1250","Ec_N",266,5,5,"Ec",5,0,0,1,0,0,0.232063491762724
"15906","1250","Ec_N",266,6,6,"Ec",5,0,0,1,0,0,0.232063491762724
"15907","1250","Ec_N",266,7,7,"Ec",5,0,0,1,0,0,0.232063491762724
"15908","1250","Ec_N",266,8,8,"Ec",5,0,0,1,0,0,0.232063491762724
"15909","1250","Ec_N",266,9,9,"Ec",13,0,0,1,1,0,0.499809141804299
"15910","1250","Ec_N",266,10,10,"Ec",13,0,0,1,1,0,0.499809141804299
"15911","1250","Ec_N",266,11,11,"Ec",13,0,0,1,1,0,0.499809141804299
"15912","1250","Ec_N",266,12,12,"Ec",13,0,0,1,1,0,0.499809141804299
"15913","1250","Ec_N",266,13,13,"Ec",15,0,1,1,1,0,0.582459721219413
"15914","1250","Ec_N",266,14,14,"Ec",15,0,1,1,1,0,0.582459721219413
"15915","1250","Ec_N",266,15,15,"Ec",15,0,1,1,1,0,0.582459721219413
"15916","1250","Ec_N",266,16,16,"Ec",15,0,1,1,1,0,0.582459721219413
"15917","1250","Ec_N",266,17,17,"Ec",15,0,1,1,1,0,0.582459721219413
"15918","1250","Ec_N",266,18,18,"Ec",15,0,1,1,1,0,0.582459721219413
"15919","1250","Ec_N",266,19,19,"Ec",15,0,1,1,1,0,0.582459721219413
"15920","1250","Ec_N",266,20,20,"Ec",15,0,1,1,1,0,0.582459721219413
"15921","1250","Ec_N",266,21,21,"Ec",15,0,1,1,1,0,0.582459721219413
"15922","1250","Ec_N",266,22,22,"Ec",15,0,1,1,1,0,0.582459721219413
"15923","1250","Ec_N",266,23,23,"Ec",16,1,1,1,1,0,0.879284144928883
"15924","1250","Ec_N",266,24,24,"Ec",16,1,1,1,1,0,0.879284144928883
"15925","1250","Ec_N",266,25,25,"Ec",16,1,1,1,1,0,0.879284144928883
"15926","1250","Ec_N",266,26,26,"Ec",16,1,1,1,1,0,0.879284144928883
"15927","1250","Ec_N",266,27,27,"Ec",16,1,1,1,1,0,0.879284144928883
"15928","1250","Ec_N",266,28,28,"Ec",16,1,1,1,1,0,0.879284144928883
"15929","1250","Ec_N",266,29,29,"Ec",16,1,1,1,1,0,0.879284144928883
"15930","1250","Ec_N",266,30,30,"Ec",16,1,1,1,1,0,0.879284144928883
"15931","1250","Ec_N",266,31,31,"Ec",16,1,1,1,1,0,0.879284144928883
"15932","1250","Ec_N",266,32,32,"Ec",16,1,1,1,1,0,0.879284144928883
"15933","1250","Ec_N",266,33,33,"Ec",16,1,1,1,1,0,0.879284144928883
"15934","1250","Ec_N",266,34,34,"Ec",16,1,1,1,1,0,0.879284144928883
"15935","1250","Ec_N",266,35,35,"Ec",16,1,1,1,1,0,0.879284144928883
"15936","1250","Ec_N",266,36,36,"Ec",16,1,1,1,1,0,0.879284144928883
"15937","1250","Ec_N",266,37,37,"Ec",16,1,1,1,1,0,0.879284144928883
"15938","1250","Ec_N",266,38,38,"Ec",16,1,1,1,1,0,0.879284144928883
"15939","1250","Ec_N",266,39,39,"Ec",16,1,1,1,1,0,0.879284144928883
"15940","1250","Ec_N",266,40,40,"Ec",16,1,1,1,1,0,0.879284144928883
"15941","1250","Ec_N",266,41,41,"Ec",16,1,1,1,1,0,0.879284144928883
"15942","1250","Ec_N",266,42,42,"Ec",16,1,1,1,1,0,0.879284144928883
"15943","1250","Ec_N",266,43,43,"Ec",16,1,1,1,1,0,0.879284144928883
"15944","1250","Ec_N",266,44,44,"Ec",16,1,1,1,1,0,0.879284144928883
"15945","1250","Ec_N",266,45,45,"Ec",32,1,1,1,1,1,1
"15946","1250","Ec_N",266,46,46,"Ec",32,1,1,1,1,1,1
"15947","1250","Ec_N",266,47,47,"Ec",32,1,1,1,1,1,1
"15948","1250","Ec_N",266,48,48,"Ec",32,1,1,1,1,1,1
"15949","1250","Ec_N",266,49,49,"Ec",32,1,1,1,1,1,1
"15950","1250","Ec_N",266,50,50,"Ec",32,1,1,1,1,1,1
"15951","1250","Ec_N",266,51,51,"Ec",32,1,1,1,1,1,1
"15952","1250","Ec_N",266,52,52,"Ec",32,1,1,1,1,1,1
"15953","1250","Ec_N",266,53,53,"Ec",32,1,1,1,1,1,1
"15954","1250","Ec_N",266,54,54,"Ec",32,1,1,1,1,1,1
"15955","1250","Ec_N",266,55,55,"Ec",32,1,1,1,1,1,1
"15956","1250","Ec_N",266,56,56,"Ec",32,1,1,1,1,1,1
"15957","1250","Ec_N",266,57,57,"Ec",32,1,1,1,1,1,1
"15958","1250","Ec_N",266,58,58,"Ec",32,1,1,1,1,1,1
"15959","1250","Ec_N",266,59,59,"Ec",32,1,1,1,1,1,1
"15960","1250","Ec_N",266,60,60,"Ec",32,1,1,1,1,1,1
"15961","1250","Ec_N",267,1,1,"Ec",1,0,0,0,0,0,0
"15962","1250","Ec_N",267,2,2,"Ec",5,0,0,1,0,0,0.232063491762724
"15963","1250","Ec_N",267,3,3,"Ec",5,0,0,1,0,0,0.232063491762724
"15964","1250","Ec_N",267,4,4,"Ec",5,0,0,1,0,0,0.232063491762724
"15965","1250","Ec_N",267,5,5,"Ec",21,0,0,1,0,1,0.428591116083543
"15966","1250","Ec_N",267,6,6,"Ec",21,0,0,1,0,1,0.428591116083543
"15967","1250","Ec_N",267,7,7,"Ec",21,0,0,1,0,1,0.428591116083543
"15968","1250","Ec_N",267,8,8,"Ec",21,0,0,1,0,1,0.428591116083543
"15969","1250","Ec_N",267,9,9,"Ec",21,0,0,1,0,1,0.428591116083543
"15970","1250","Ec_N",267,10,10,"Ec",22,1,0,1,0,1,0.649603770543311
"15971","1250","Ec_N",267,11,11,"Ec",22,1,0,1,0,1,0.649603770543311
"15972","1250","Ec_N",267,12,12,"Ec",22,1,0,1,0,1,0.649603770543311
"15973","1250","Ec_N",267,13,13,"Ec",22,1,0,1,0,1,0.649603770543311
"15974","1250","Ec_N",267,14,14,"Ec",22,1,0,1,0,1,0.649603770543311
"15975","1250","Ec_N",267,15,15,"Ec",22,1,0,1,0,1,0.649603770543311
"15976","1250","Ec_N",267,16,16,"Ec",22,1,0,1,0,1,0.649603770543311
"15977","1250","Ec_N",267,17,17,"Ec",22,1,0,1,0,1,0.649603770543311
"15978","1250","Ec_N",267,18,18,"Ec",22,1,0,1,0,1,0.649603770543311
"15979","1250","Ec_N",267,19,19,"Ec",22,1,0,1,0,1,0.649603770543311
"15980","1250","Ec_N",267,20,20,"Ec",22,1,0,1,0,1,0.649603770543311
"15981","1250","Ec_N",267,21,21,"Ec",22,1,0,1,0,1,0.649603770543311
"15982","1250","Ec_N",267,22,22,"Ec",22,1,0,1,0,1,0.649603770543311
"15983","1250","Ec_N",267,23,23,"Ec",22,1,0,1,0,1,0.649603770543311
"15984","1250","Ec_N",267,24,24,"Ec",22,1,0,1,0,1,0.649603770543311
"15985","1250","Ec_N",267,25,25,"Ec",22,1,0,1,0,1,0.649603770543311
"15986","1250","Ec_N",267,26,26,"Ec",22,1,0,1,0,1,0.649603770543311
"15987","1250","Ec_N",267,27,27,"Ec",22,1,0,1,0,1,0.649603770543311
"15988","1250","Ec_N",267,28,28,"Ec",22,1,0,1,0,1,0.649603770543311
"15989","1250","Ec_N",267,29,29,"Ec",22,1,0,1,0,1,0.649603770543311
"15990","1250","Ec_N",267,30,30,"Ec",22,1,0,1,0,1,0.649603770543311
"15991","1250","Ec_N",267,31,31,"Ec",22,1,0,1,0,1,0.649603770543311
"15992","1250","Ec_N",267,32,32,"Ec",22,1,0,1,0,1,0.649603770543311
"15993","1250","Ec_N",267,33,33,"Ec",22,1,0,1,0,1,0.649603770543311
"15994","1250","Ec_N",267,34,34,"Ec",22,1,0,1,0,1,0.649603770543311
"15995","1250","Ec_N",267,35,35,"Ec",22,1,0,1,0,1,0.649603770543311
"15996","1250","Ec_N",267,36,36,"Ec",22,1,0,1,0,1,0.649603770543311
"15997","1250","Ec_N",267,37,37,"Ec",24,1,1,1,0,1,0.732254349958425
"15998","1250","Ec_N",267,38,38,"Ec",24,1,1,1,0,1,0.732254349958425
"15999","1250","Ec_N",267,39,39,"Ec",24,1,1,1,0,1,0.732254349958425
"16000","1250","Ec_N",267,40,40,"Ec",32,1,1,1,1,1,1
"16001","1250","Ec_N",267,41,41,"Ec",32,1,1,1,1,1,1
"16002","1250","Ec_N",267,42,42,"Ec",32,1,1,1,1,1,1
"16003","1250","Ec_N",267,43,43,"Ec",32,1,1,1,1,1,1
"16004","1250","Ec_N",267,44,44,"Ec",32,1,1,1,1,1,1
"16005","1250","Ec_N",267,45,45,"Ec",32,1,1,1,1,1,1
"16006","1250","Ec_N",267,46,46,"Ec",32,1,1,1,1,1,1
"16007","1250","Ec_N",267,47,47,"Ec",32,1,1,1,1,1,1
"16008","1250","Ec_N",267,48,48,"Ec",32,1,1,1,1,1,1
"16009","1250","Ec_N",267,49,49,"Ec",32,1,1,1,1,1,1
"16010","1250","Ec_N",267,50,50,"Ec",32,1,1,1,1,1,1
"16011","1250","Ec_N",267,51,51,"Ec",32,1,1,1,1,1,1
"16012","1250","Ec_N",267,52,52,"Ec",32,1,1,1,1,1,1
"16013","1250","Ec_N",267,53,53,"Ec",32,1,1,1,1,1,1
"16014","1250","Ec_N",267,54,54,"Ec",32,1,1,1,1,1,1
"16015","1250","Ec_N",267,55,55,"Ec",32,1,1,1,1,1,1
"16016","1250","Ec_N",267,56,56,"Ec",32,1,1,1,1,1,1
"16017","1250","Ec_N",267,57,57,"Ec",32,1,1,1,1,1,1
"16018","1250","Ec_N",267,58,58,"Ec",32,1,1,1,1,1,1
"16019","1250","Ec_N",267,59,59,"Ec",32,1,1,1,1,1,1
"16020","1250","Ec_N",267,60,60,"Ec",32,1,1,1,1,1,1
"16021","1250","Ec_N",268,1,1,"Ec",1,0,0,0,0,0,0
"16022","1250","Ec_N",268,2,2,"Ec",1,0,0,0,0,0,0
"16023","1250","Ec_N",268,3,3,"Ec",1,0,0,0,0,0,0
"16024","1250","Ec_N",268,4,4,"Ec",1,0,0,0,0,0,0
"16025","1250","Ec_N",268,5,5,"Ec",1,0,0,0,0,0,0
"16026","1250","Ec_N",268,6,6,"Ec",2,1,0,0,0,0,0.221012654459768
"16027","1250","Ec_N",268,7,7,"Ec",2,1,0,0,0,0,0.221012654459768
"16028","1250","Ec_N",268,8,8,"Ec",2,1,0,0,0,0,0.221012654459768
"16029","1250","Ec_N",268,9,9,"Ec",2,1,0,0,0,0,0.221012654459768
"16030","1250","Ec_N",268,10,10,"Ec",10,1,0,0,1,0,0.488758304501343
"16031","1250","Ec_N",268,11,11,"Ec",12,1,1,0,1,0,0.552627762799163
"16032","1250","Ec_N",268,12,12,"Ec",12,1,1,0,1,0,0.552627762799163
"16033","1250","Ec_N",268,13,13,"Ec",12,1,1,0,1,0,0.552627762799163
"16034","1250","Ec_N",268,14,14,"Ec",12,1,1,0,1,0,0.552627762799163
"16035","1250","Ec_N",268,15,15,"Ec",12,1,1,0,1,0,0.552627762799163
"16036","1250","Ec_N",268,16,16,"Ec",16,1,1,1,1,0,0.879284144928883
"16037","1250","Ec_N",268,17,17,"Ec",16,1,1,1,1,0,0.879284144928883
"16038","1250","Ec_N",268,18,18,"Ec",16,1,1,1,1,0,0.879284144928883
"16039","1250","Ec_N",268,19,19,"Ec",16,1,1,1,1,0,0.879284144928883
"16040","1250","Ec_N",268,20,20,"Ec",16,1,1,1,1,0,0.879284144928883
"16041","1250","Ec_N",268,21,21,"Ec",16,1,1,1,1,0,0.879284144928883
"16042","1250","Ec_N",268,22,22,"Ec",32,1,1,1,1,1,1
"16043","1250","Ec_N",268,23,23,"Ec",32,1,1,1,1,1,1
"16044","1250","Ec_N",268,24,24,"Ec",32,1,1,1,1,1,1
"16045","1250","Ec_N",268,25,25,"Ec",32,1,1,1,1,1,1
"16046","1250","Ec_N",268,26,26,"Ec",32,1,1,1,1,1,1
"16047","1250","Ec_N",268,27,27,"Ec",32,1,1,1,1,1,1
"16048","1250","Ec_N",268,28,28,"Ec",32,1,1,1,1,1,1
"16049","1250","Ec_N",268,29,29,"Ec",32,1,1,1,1,1,1
"16050","1250","Ec_N",268,30,30,"Ec",32,1,1,1,1,1,1
"16051","1250","Ec_N",268,31,31,"Ec",32,1,1,1,1,1,1
"16052","1250","Ec_N",268,32,32,"Ec",32,1,1,1,1,1,1
"16053","1250","Ec_N",268,33,33,"Ec",32,1,1,1,1,1,1
"16054","1250","Ec_N",268,34,34,"Ec",32,1,1,1,1,1,1
"16055","1250","Ec_N",268,35,35,"Ec",32,1,1,1,1,1,1
"16056","1250","Ec_N",268,36,36,"Ec",32,1,1,1,1,1,1
"16057","1250","Ec_N",268,37,37,"Ec",32,1,1,1,1,1,1
"16058","1250","Ec_N",268,38,38,"Ec",32,1,1,1,1,1,1
"16059","1250","Ec_N",268,39,39,"Ec",32,1,1,1,1,1,1
"16060","1250","Ec_N",268,40,40,"Ec",32,1,1,1,1,1,1
"16061","1250","Ec_N",268,41,41,"Ec",32,1,1,1,1,1,1
"16062","1250","Ec_N",268,42,42,"Ec",32,1,1,1,1,1,1
"16063","1250","Ec_N",268,43,43,"Ec",32,1,1,1,1,1,1
"16064","1250","Ec_N",268,44,44,"Ec",32,1,1,1,1,1,1
"16065","1250","Ec_N",268,45,45,"Ec",32,1,1,1,1,1,1
"16066","1250","Ec_N",268,46,46,"Ec",32,1,1,1,1,1,1
"16067","1250","Ec_N",268,47,47,"Ec",32,1,1,1,1,1,1
"16068","1250","Ec_N",268,48,48,"Ec",32,1,1,1,1,1,1
"16069","1250","Ec_N",268,49,49,"Ec",32,1,1,1,1,1,1
"16070","1250","Ec_N",268,50,50,"Ec",32,1,1,1,1,1,1
"16071","1250","Ec_N",268,51,51,"Ec",32,1,1,1,1,1,1
"16072","1250","Ec_N",268,52,52,"Ec",32,1,1,1,1,1,1
"16073","1250","Ec_N",268,53,53,"Ec",32,1,1,1,1,1,1
"16074","1250","Ec_N",268,54,54,"Ec",32,1,1,1,1,1,1
"16075","1250","Ec_N",268,55,55,"Ec",32,1,1,1,1,1,1
"16076","1250","Ec_N",268,56,56,"Ec",32,1,1,1,1,1,1
"16077","1250","Ec_N",268,57,57,"Ec",32,1,1,1,1,1,1
"16078","1250","Ec_N",268,58,58,"Ec",32,1,1,1,1,1,1
"16079","1250","Ec_N",268,59,59,"Ec",32,1,1,1,1,1,1
"16080","1250","Ec_N",268,60,60,"Ec",32,1,1,1,1,1,1
"16081","1250","Ec_N",269,1,1,"Ec",1,0,0,0,0,0,0
"16082","1250","Ec_N",269,2,2,"Ec",1,0,0,0,0,0,0
"16083","1250","Ec_N",269,3,3,"Ec",3,0,1,0,0,0,0.082650579415114
"16084","1250","Ec_N",269,4,4,"Ec",3,0,1,0,0,0,0.082650579415114
"16085","1250","Ec_N",269,5,5,"Ec",3,0,1,0,0,0,0.082650579415114
"16086","1250","Ec_N",269,6,6,"Ec",3,0,1,0,0,0,0.082650579415114
"16087","1250","Ec_N",269,7,7,"Ec",3,0,1,0,0,0,0.082650579415114
"16088","1250","Ec_N",269,8,8,"Ec",11,0,1,0,1,0,0.168832555215222
"16089","1250","Ec_N",269,9,9,"Ec",11,0,1,0,1,0,0.168832555215222
"16090","1250","Ec_N",269,10,10,"Ec",11,0,1,0,1,0,0.168832555215222
"16091","1250","Ec_N",269,11,11,"Ec",11,0,1,0,1,0,0.168832555215222
"16092","1250","Ec_N",269,12,12,"Ec",11,0,1,0,1,0,0.168832555215222
"16093","1250","Ec_N",269,13,13,"Ec",27,0,1,0,1,1,0.50104458373578
"16094","1250","Ec_N",269,14,14,"Ec",27,0,1,0,1,1,0.50104458373578
"16095","1250","Ec_N",269,15,15,"Ec",27,0,1,0,1,1,0.50104458373578
"16096","1250","Ec_N",269,16,16,"Ec",27,0,1,0,1,1,0.50104458373578
"16097","1250","Ec_N",269,17,17,"Ec",27,0,1,0,1,1,0.50104458373578
"16098","1250","Ec_N",269,18,18,"Ec",27,0,1,0,1,1,0.50104458373578
"16099","1250","Ec_N",269,19,19,"Ec",27,0,1,0,1,1,0.50104458373578
"16100","1250","Ec_N",269,20,20,"Ec",27,0,1,0,1,1,0.50104458373578
"16101","1250","Ec_N",269,21,21,"Ec",27,0,1,0,1,1,0.50104458373578
"16102","1250","Ec_N",269,22,22,"Ec",27,0,1,0,1,1,0.50104458373578
"16103","1250","Ec_N",269,23,23,"Ec",27,0,1,0,1,1,0.50104458373578
"16104","1250","Ec_N",269,24,24,"Ec",31,0,1,1,1,1,0.778987345540232
"16105","1250","Ec_N",269,25,25,"Ec",31,0,1,1,1,1,0.778987345540232
"16106","1250","Ec_N",269,26,26,"Ec",31,0,1,1,1,1,0.778987345540232
"16107","1250","Ec_N",269,27,27,"Ec",32,1,1,1,1,1,1
"16108","1250","Ec_N",269,28,28,"Ec",32,1,1,1,1,1,1
"16109","1250","Ec_N",269,29,29,"Ec",32,1,1,1,1,1,1
"16110","1250","Ec_N",269,30,30,"Ec",32,1,1,1,1,1,1
"16111","1250","Ec_N",269,31,31,"Ec",32,1,1,1,1,1,1
"16112","1250","Ec_N",269,32,32,"Ec",32,1,1,1,1,1,1
"16113","1250","Ec_N",269,33,33,"Ec",32,1,1,1,1,1,1
"16114","1250","Ec_N",269,34,34,"Ec",32,1,1,1,1,1,1
"16115","1250","Ec_N",269,35,35,"Ec",32,1,1,1,1,1,1
"16116","1250","Ec_N",269,36,36,"Ec",32,1,1,1,1,1,1
"16117","1250","Ec_N",269,37,37,"Ec",32,1,1,1,1,1,1
"16118","1250","Ec_N",269,38,38,"Ec",32,1,1,1,1,1,1
"16119","1250","Ec_N",269,39,39,"Ec",32,1,1,1,1,1,1
"16120","1250","Ec_N",269,40,40,"Ec",32,1,1,1,1,1,1
"16121","1250","Ec_N",269,41,41,"Ec",32,1,1,1,1,1,1
"16122","1250","Ec_N",269,42,42,"Ec",32,1,1,1,1,1,1
"16123","1250","Ec_N",269,43,43,"Ec",32,1,1,1,1,1,1
"16124","1250","Ec_N",269,44,44,"Ec",32,1,1,1,1,1,1
"16125","1250","Ec_N",269,45,45,"Ec",32,1,1,1,1,1,1
"16126","1250","Ec_N",269,46,46,"Ec",32,1,1,1,1,1,1
"16127","1250","Ec_N",269,47,47,"Ec",32,1,1,1,1,1,1
"16128","1250","Ec_N",269,48,48,"Ec",32,1,1,1,1,1,1
"16129","1250","Ec_N",269,49,49,"Ec",32,1,1,1,1,1,1
"16130","1250","Ec_N",269,50,50,"Ec",32,1,1,1,1,1,1
"16131","1250","Ec_N",269,51,51,"Ec",32,1,1,1,1,1,1
"16132","1250","Ec_N",269,52,52,"Ec",32,1,1,1,1,1,1
"16133","1250","Ec_N",269,53,53,"Ec",32,1,1,1,1,1,1
"16134","1250","Ec_N",269,54,54,"Ec",32,1,1,1,1,1,1
"16135","1250","Ec_N",269,55,55,"Ec",32,1,1,1,1,1,1
"16136","1250","Ec_N",269,56,56,"Ec",32,1,1,1,1,1,1
"16137","1250","Ec_N",269,57,57,"Ec",32,1,1,1,1,1,1
"16138","1250","Ec_N",269,58,58,"Ec",32,1,1,1,1,1,1
"16139","1250","Ec_N",269,59,59,"Ec",32,1,1,1,1,1,1
"16140","1250","Ec_N",269,60,60,"Ec",32,1,1,1,1,1,1
"16141","1250","Ec_N",270,1,1,"Ec",1,0,0,0,0,0,0
"16142","1250","Ec_N",270,2,2,"Ec",1,0,0,0,0,0,0
"16143","1250","Ec_N",270,3,3,"Ec",1,0,0,0,0,0,0
"16144","1250","Ec_N",270,4,4,"Ec",1,0,0,0,0,0,0
"16145","1250","Ec_N",270,5,5,"Ec",17,0,0,0,0,1,0.14692246949649
"16146","1250","Ec_N",270,6,6,"Ec",17,0,0,0,0,1,0.14692246949649
"16147","1250","Ec_N",270,7,7,"Ec",17,0,0,0,0,1,0.14692246949649
"16148","1250","Ec_N",270,8,8,"Ec",17,0,0,0,0,1,0.14692246949649
"16149","1250","Ec_N",270,9,9,"Ec",17,0,0,0,0,1,0.14692246949649
"16150","1250","Ec_N",270,10,10,"Ec",17,0,0,0,0,1,0.14692246949649
"16151","1250","Ec_N",270,11,11,"Ec",17,0,0,0,0,1,0.14692246949649
"16152","1250","Ec_N",270,12,12,"Ec",17,0,0,0,0,1,0.14692246949649
"16153","1250","Ec_N",270,13,13,"Ec",17,0,0,0,0,1,0.14692246949649
"16154","1250","Ec_N",270,14,14,"Ec",17,0,0,0,0,1,0.14692246949649
"16155","1250","Ec_N",270,15,15,"Ec",19,0,1,0,0,1,0.179678659430889
"16156","1250","Ec_N",270,16,16,"Ec",19,0,1,0,0,1,0.179678659430889
"16157","1250","Ec_N",270,17,17,"Ec",19,0,1,0,0,1,0.179678659430889
"16158","1250","Ec_N",270,18,18,"Ec",19,0,1,0,0,1,0.179678659430889
"16159","1250","Ec_N",270,19,19,"Ec",19,0,1,0,0,1,0.179678659430889
"16160","1250","Ec_N",270,20,20,"Ec",19,0,1,0,0,1,0.179678659430889
"16161","1250","Ec_N",270,21,21,"Ec",19,0,1,0,0,1,0.179678659430889
"16162","1250","Ec_N",270,22,22,"Ec",19,0,1,0,0,1,0.179678659430889
"16163","1250","Ec_N",270,23,23,"Ec",19,0,1,0,0,1,0.179678659430889
"16164","1250","Ec_N",270,24,24,"Ec",19,0,1,0,0,1,0.179678659430889
"16165","1250","Ec_N",270,25,25,"Ec",19,0,1,0,0,1,0.179678659430889
"16166","1250","Ec_N",270,26,26,"Ec",19,0,1,0,0,1,0.179678659430889
"16167","1250","Ec_N",270,27,27,"Ec",19,0,1,0,0,1,0.179678659430889
"16168","1250","Ec_N",270,28,28,"Ec",19,0,1,0,0,1,0.179678659430889
"16169","1250","Ec_N",270,29,29,"Ec",19,0,1,0,0,1,0.179678659430889
"16170","1250","Ec_N",270,30,30,"Ec",19,0,1,0,0,1,0.179678659430889
"16171","1250","Ec_N",270,31,31,"Ec",19,0,1,0,0,1,0.179678659430889
"16172","1250","Ec_N",270,32,32,"Ec",19,0,1,0,0,1,0.179678659430889
"16173","1250","Ec_N",270,33,33,"Ec",19,0,1,0,0,1,0.179678659430889
"16174","1250","Ec_N",270,34,34,"Ec",19,0,1,0,0,1,0.179678659430889
"16175","1250","Ec_N",270,35,35,"Ec",19,0,1,0,0,1,0.179678659430889
"16176","1250","Ec_N",270,36,36,"Ec",20,1,1,0,0,1,0.500190858195701
"16177","1250","Ec_N",270,37,37,"Ec",20,1,1,0,0,1,0.500190858195701
"16178","1250","Ec_N",270,38,38,"Ec",20,1,1,0,0,1,0.500190858195701
"16179","1250","Ec_N",270,39,39,"Ec",20,1,1,0,0,1,0.500190858195701
"16180","1250","Ec_N",270,40,40,"Ec",20,1,1,0,0,1,0.500190858195701
"16181","1250","Ec_N",270,41,41,"Ec",20,1,1,0,0,1,0.500190858195701
"16182","1250","Ec_N",270,42,42,"Ec",20,1,1,0,0,1,0.500190858195701
"16183","1250","Ec_N",270,43,43,"Ec",20,1,1,0,0,1,0.500190858195701
"16184","1250","Ec_N",270,44,44,"Ec",20,1,1,0,0,1,0.500190858195701
"16185","1250","Ec_N",270,45,45,"Ec",20,1,1,0,0,1,0.500190858195701
"16186","1250","Ec_N",270,46,46,"Ec",20,1,1,0,0,1,0.500190858195701
"16187","1250","Ec_N",270,47,47,"Ec",20,1,1,0,0,1,0.500190858195701
"16188","1250","Ec_N",270,48,48,"Ec",20,1,1,0,0,1,0.500190858195701
"16189","1250","Ec_N",270,49,49,"Ec",20,1,1,0,0,1,0.500190858195701
"16190","1250","Ec_N",270,50,50,"Ec",20,1,1,0,0,1,0.500190858195701
"16191","1250","Ec_N",270,51,51,"Ec",20,1,1,0,0,1,0.500190858195701
"16192","1250","Ec_N",270,52,52,"Ec",20,1,1,0,0,1,0.500190858195701
"16193","1250","Ec_N",270,53,53,"Ec",20,1,1,0,0,1,0.500190858195701
"16194","1250","Ec_N",270,54,54,"Ec",20,1,1,0,0,1,0.500190858195701
"16195","1250","Ec_N",270,55,55,"Ec",20,1,1,0,0,1,0.500190858195701
"16196","1250","Ec_N",270,56,56,"Ec",20,1,1,0,0,1,0.500190858195701
"16197","1250","Ec_N",270,57,57,"Ec",20,1,1,0,0,1,0.500190858195701
"16198","1250","Ec_N",270,58,58,"Ec",20,1,1,0,0,1,0.500190858195701
"16199","1250","Ec_N",270,59,59,"Ec",20,1,1,0,0,1,0.500190858195701
"16200","1250","Ec_N",270,60,60,"Ec",20,1,1,0,0,1,0.500190858195701
"16201","1250","Ec_N",271,1,1,"Ec",1,0,0,0,0,0,0
"16202","1250","Ec_N",271,2,2,"Ec",5,0,0,1,0,0,0.232063491762724
"16203","1250","Ec_N",271,3,3,"Ec",5,0,0,1,0,0,0.232063491762724
"16204","1250","Ec_N",271,4,4,"Ec",5,0,0,1,0,0,0.232063491762724
"16205","1250","Ec_N",271,5,5,"Ec",5,0,0,1,0,0,0.232063491762724
"16206","1250","Ec_N",271,6,6,"Ec",5,0,0,1,0,0,0.232063491762724
"16207","1250","Ec_N",271,7,7,"Ec",5,0,0,1,0,0,0.232063491762724
"16208","1250","Ec_N",271,8,8,"Ec",13,0,0,1,1,0,0.499809141804299
"16209","1250","Ec_N",271,9,9,"Ec",13,0,0,1,1,0,0.499809141804299
"16210","1250","Ec_N",271,10,10,"Ec",13,0,0,1,1,0,0.499809141804299
"16211","1250","Ec_N",271,11,11,"Ec",13,0,0,1,1,0,0.499809141804299
"16212","1250","Ec_N",271,12,12,"Ec",14,1,0,1,1,0,0.720821796264067
"16213","1250","Ec_N",271,13,13,"Ec",14,1,0,1,1,0,0.720821796264067
"16214","1250","Ec_N",271,14,14,"Ec",14,1,0,1,1,0,0.720821796264067
"16215","1250","Ec_N",271,15,15,"Ec",14,1,0,1,1,0,0.720821796264067
"16216","1250","Ec_N",271,16,16,"Ec",14,1,0,1,1,0,0.720821796264067
"16217","1250","Ec_N",271,17,17,"Ec",14,1,0,1,1,0,0.720821796264067
"16218","1250","Ec_N",271,18,18,"Ec",14,1,0,1,1,0,0.720821796264067
"16219","1250","Ec_N",271,19,19,"Ec",14,1,0,1,1,0,0.720821796264067
"16220","1250","Ec_N",271,20,20,"Ec",14,1,0,1,1,0,0.720821796264067
"16221","1250","Ec_N",271,21,21,"Ec",14,1,0,1,1,0,0.720821796264067
"16222","1250","Ec_N",271,22,22,"Ec",14,1,0,1,1,0,0.720821796264067
"16223","1250","Ec_N",271,23,23,"Ec",14,1,0,1,1,0,0.720821796264067
"16224","1250","Ec_N",271,24,24,"Ec",14,1,0,1,1,0,0.720821796264067
"16225","1250","Ec_N",271,25,25,"Ec",14,1,0,1,1,0,0.720821796264067
"16226","1250","Ec_N",271,26,26,"Ec",14,1,0,1,1,0,0.720821796264067
"16227","1250","Ec_N",271,27,27,"Ec",14,1,0,1,1,0,0.720821796264067
"16228","1250","Ec_N",271,28,28,"Ec",14,1,0,1,1,0,0.720821796264067
"16229","1250","Ec_N",271,29,29,"Ec",14,1,0,1,1,0,0.720821796264067
"16230","1250","Ec_N",271,30,30,"Ec",14,1,0,1,1,0,0.720821796264067
"16231","1250","Ec_N",271,31,31,"Ec",14,1,0,1,1,0,0.720821796264067
"16232","1250","Ec_N",271,32,32,"Ec",14,1,0,1,1,0,0.720821796264067
"16233","1250","Ec_N",271,33,33,"Ec",14,1,0,1,1,0,0.720821796264067
"16234","1250","Ec_N",271,34,34,"Ec",14,1,0,1,1,0,0.720821796264067
"16235","1250","Ec_N",271,35,35,"Ec",14,1,0,1,1,0,0.720821796264067
"16236","1250","Ec_N",271,36,36,"Ec",14,1,0,1,1,0,0.720821796264067
"16237","1250","Ec_N",271,37,37,"Ec",14,1,0,1,1,0,0.720821796264067
"16238","1250","Ec_N",271,38,38,"Ec",14,1,0,1,1,0,0.720821796264067
"16239","1250","Ec_N",271,39,39,"Ec",14,1,0,1,1,0,0.720821796264067
"16240","1250","Ec_N",271,40,40,"Ec",14,1,0,1,1,0,0.720821796264067
"16241","1250","Ec_N",271,41,41,"Ec",14,1,0,1,1,0,0.720821796264067
"16242","1250","Ec_N",271,42,42,"Ec",14,1,0,1,1,0,0.720821796264067
"16243","1250","Ec_N",271,43,43,"Ec",14,1,0,1,1,0,0.720821796264067
"16244","1250","Ec_N",271,44,44,"Ec",14,1,0,1,1,0,0.720821796264067
"16245","1250","Ec_N",271,45,45,"Ec",14,1,0,1,1,0,0.720821796264067
"16246","1250","Ec_N",271,46,46,"Ec",14,1,0,1,1,0,0.720821796264067
"16247","1250","Ec_N",271,47,47,"Ec",14,1,0,1,1,0,0.720821796264067
"16248","1250","Ec_N",271,48,48,"Ec",14,1,0,1,1,0,0.720821796264067
"16249","1250","Ec_N",271,49,49,"Ec",14,1,0,1,1,0,0.720821796264067
"16250","1250","Ec_N",271,50,50,"Ec",14,1,0,1,1,0,0.720821796264067
"16251","1250","Ec_N",271,51,51,"Ec",16,1,1,1,1,0,0.879284144928883
"16252","1250","Ec_N",271,52,52,"Ec",16,1,1,1,1,0,0.879284144928883
"16253","1250","Ec_N",271,53,53,"Ec",16,1,1,1,1,0,0.879284144928883
"16254","1250","Ec_N",271,54,54,"Ec",16,1,1,1,1,0,0.879284144928883
"16255","1250","Ec_N",271,55,55,"Ec",16,1,1,1,1,0,0.879284144928883
"16256","1250","Ec_N",271,56,56,"Ec",16,1,1,1,1,0,0.879284144928883
"16257","1250","Ec_N",271,57,57,"Ec",16,1,1,1,1,0,0.879284144928883
"16258","1250","Ec_N",271,58,58,"Ec",16,1,1,1,1,0,0.879284144928883
"16259","1250","Ec_N",271,59,59,"Ec",16,1,1,1,1,0,0.879284144928883
"16260","1250","Ec_N",271,60,60,"Ec",16,1,1,1,1,0,0.879284144928883
"16261","1250","Ec_N",272,1,1,"Ec",1,0,0,0,0,0,0
"16262","1250","Ec_N",272,2,2,"Ec",1,0,0,0,0,0,0
"16263","1250","Ec_N",272,3,3,"Ec",1,0,0,0,0,0,0
"16264","1250","Ec_N",272,4,4,"Ec",1,0,0,0,0,0,0
"16265","1250","Ec_N",272,5,5,"Ec",1,0,0,0,0,0,0
"16266","1250","Ec_N",272,6,6,"Ec",1,0,0,0,0,0,0
"16267","1250","Ec_N",272,7,7,"Ec",1,0,0,0,0,0,0
"16268","1250","Ec_N",272,8,8,"Ec",1,0,0,0,0,0,0
"16269","1250","Ec_N",272,9,9,"Ec",3,0,1,0,0,0,0.082650579415114
"16270","1250","Ec_N",272,10,10,"Ec",3,0,1,0,0,0,0.082650579415114
"16271","1250","Ec_N",272,11,11,"Ec",3,0,1,0,0,0,0.082650579415114
"16272","1250","Ec_N",272,12,12,"Ec",3,0,1,0,0,0,0.082650579415114
"16273","1250","Ec_N",272,13,13,"Ec",4,1,1,0,0,0,0.303663233874882
"16274","1250","Ec_N",272,14,14,"Ec",4,1,1,0,0,0,0.303663233874882
"16275","1250","Ec_N",272,15,15,"Ec",4,1,1,0,0,0,0.303663233874882
"16276","1250","Ec_N",272,16,16,"Ec",4,1,1,0,0,0,0.303663233874882
"16277","1250","Ec_N",272,17,17,"Ec",20,1,1,0,0,1,0.500190858195701
"16278","1250","Ec_N",272,18,18,"Ec",20,1,1,0,0,1,0.500190858195701
"16279","1250","Ec_N",272,19,19,"Ec",20,1,1,0,0,1,0.500190858195701
"16280","1250","Ec_N",272,20,20,"Ec",20,1,1,0,0,1,0.500190858195701
"16281","1250","Ec_N",272,21,21,"Ec",20,1,1,0,0,1,0.500190858195701
"16282","1250","Ec_N",272,22,22,"Ec",20,1,1,0,0,1,0.500190858195701
"16283","1250","Ec_N",272,23,23,"Ec",20,1,1,0,0,1,0.500190858195701
"16284","1250","Ec_N",272,24,24,"Ec",20,1,1,0,0,1,0.500190858195701
"16285","1250","Ec_N",272,25,25,"Ec",20,1,1,0,0,1,0.500190858195701
"16286","1250","Ec_N",272,26,26,"Ec",20,1,1,0,0,1,0.500190858195701
"16287","1250","Ec_N",272,27,27,"Ec",20,1,1,0,0,1,0.500190858195701
"16288","1250","Ec_N",272,28,28,"Ec",20,1,1,0,0,1,0.500190858195701
"16289","1250","Ec_N",272,29,29,"Ec",20,1,1,0,0,1,0.500190858195701
"16290","1250","Ec_N",272,30,30,"Ec",20,1,1,0,0,1,0.500190858195701
"16291","1250","Ec_N",272,31,31,"Ec",20,1,1,0,0,1,0.500190858195701
"16292","1250","Ec_N",272,32,32,"Ec",20,1,1,0,0,1,0.500190858195701
"16293","1250","Ec_N",272,33,33,"Ec",20,1,1,0,0,1,0.500190858195701
"16294","1250","Ec_N",272,34,34,"Ec",20,1,1,0,0,1,0.500190858195701
"16295","1250","Ec_N",272,35,35,"Ec",20,1,1,0,0,1,0.500190858195701
"16296","1250","Ec_N",272,36,36,"Ec",20,1,1,0,0,1,0.500190858195701
"16297","1250","Ec_N",272,37,37,"Ec",20,1,1,0,0,1,0.500190858195701
"16298","1250","Ec_N",272,38,38,"Ec",20,1,1,0,0,1,0.500190858195701
"16299","1250","Ec_N",272,39,39,"Ec",20,1,1,0,0,1,0.500190858195701
"16300","1250","Ec_N",272,40,40,"Ec",20,1,1,0,0,1,0.500190858195701
"16301","1250","Ec_N",272,41,41,"Ec",20,1,1,0,0,1,0.500190858195701
"16302","1250","Ec_N",272,42,42,"Ec",20,1,1,0,0,1,0.500190858195701
"16303","1250","Ec_N",272,43,43,"Ec",20,1,1,0,0,1,0.500190858195701
"16304","1250","Ec_N",272,44,44,"Ec",20,1,1,0,0,1,0.500190858195701
"16305","1250","Ec_N",272,45,45,"Ec",20,1,1,0,0,1,0.500190858195701
"16306","1250","Ec_N",272,46,46,"Ec",20,1,1,0,0,1,0.500190858195701
"16307","1250","Ec_N",272,47,47,"Ec",20,1,1,0,0,1,0.500190858195701
"16308","1250","Ec_N",272,48,48,"Ec",20,1,1,0,0,1,0.500190858195701
"16309","1250","Ec_N",272,49,49,"Ec",20,1,1,0,0,1,0.500190858195701
"16310","1250","Ec_N",272,50,50,"Ec",20,1,1,0,0,1,0.500190858195701
"16311","1250","Ec_N",272,51,51,"Ec",20,1,1,0,0,1,0.500190858195701
"16312","1250","Ec_N",272,52,52,"Ec",20,1,1,0,0,1,0.500190858195701
"16313","1250","Ec_N",272,53,53,"Ec",20,1,1,0,0,1,0.500190858195701
"16314","1250","Ec_N",272,54,54,"Ec",20,1,1,0,0,1,0.500190858195701
"16315","1250","Ec_N",272,55,55,"Ec",20,1,1,0,0,1,0.500190858195701
"16316","1250","Ec_N",272,56,56,"Ec",20,1,1,0,0,1,0.500190858195701
"16317","1250","Ec_N",272,57,57,"Ec",20,1,1,0,0,1,0.500190858195701
"16318","1250","Ec_N",272,58,58,"Ec",24,1,1,1,0,1,0.732254349958425
"16319","1250","Ec_N",272,59,59,"Ec",32,1,1,1,1,1,1
"16320","1250","Ec_N",272,60,60,"Ec",32,1,1,1,1,1,1
"16321","1250","Ec_N",273,1,1,"Ec",1,0,0,0,0,0,0
"16322","1250","Ec_N",273,2,2,"Ec",9,0,0,0,1,0,0.267745650041575
"16323","1250","Ec_N",273,3,3,"Ec",9,0,0,0,1,0,0.267745650041575
"16324","1250","Ec_N",273,4,4,"Ec",9,0,0,0,1,0,0.267745650041575
"16325","1250","Ec_N",273,5,5,"Ec",9,0,0,0,1,0,0.267745650041575
"16326","1250","Ec_N",273,6,6,"Ec",9,0,0,0,1,0,0.267745650041575
"16327","1250","Ec_N",273,7,7,"Ec",9,0,0,0,1,0,0.267745650041575
"16328","1250","Ec_N",273,8,8,"Ec",13,0,0,1,1,0,0.499809141804299
"16329","1250","Ec_N",273,9,9,"Ec",15,0,1,1,1,0,0.582459721219413
"16330","1250","Ec_N",273,10,10,"Ec",15,0,1,1,1,0,0.582459721219413
"16331","1250","Ec_N",273,11,11,"Ec",15,0,1,1,1,0,0.582459721219413
"16332","1250","Ec_N",273,12,12,"Ec",15,0,1,1,1,0,0.582459721219413
"16333","1250","Ec_N",273,13,13,"Ec",15,0,1,1,1,0,0.582459721219413
"16334","1250","Ec_N",273,14,14,"Ec",15,0,1,1,1,0,0.582459721219413
"16335","1250","Ec_N",273,15,15,"Ec",15,0,1,1,1,0,0.582459721219413
"16336","1250","Ec_N",273,16,16,"Ec",15,0,1,1,1,0,0.582459721219413
"16337","1250","Ec_N",273,17,17,"Ec",15,0,1,1,1,0,0.582459721219413
"16338","1250","Ec_N",273,18,18,"Ec",15,0,1,1,1,0,0.582459721219413
"16339","1250","Ec_N",273,19,19,"Ec",15,0,1,1,1,0,0.582459721219413
"16340","1250","Ec_N",273,20,20,"Ec",15,0,1,1,1,0,0.582459721219413
"16341","1250","Ec_N",273,21,21,"Ec",15,0,1,1,1,0,0.582459721219413
"16342","1250","Ec_N",273,22,22,"Ec",15,0,1,1,1,0,0.582459721219413
"16343","1250","Ec_N",273,23,23,"Ec",15,0,1,1,1,0,0.582459721219413
"16344","1250","Ec_N",273,24,24,"Ec",15,0,1,1,1,0,0.582459721219413
"16345","1250","Ec_N",273,25,25,"Ec",16,1,1,1,1,0,0.879284144928883
"16346","1250","Ec_N",273,26,26,"Ec",16,1,1,1,1,0,0.879284144928883
"16347","1250","Ec_N",273,27,27,"Ec",16,1,1,1,1,0,0.879284144928883
"16348","1250","Ec_N",273,28,28,"Ec",16,1,1,1,1,0,0.879284144928883
"16349","1250","Ec_N",273,29,29,"Ec",16,1,1,1,1,0,0.879284144928883
"16350","1250","Ec_N",273,30,30,"Ec",16,1,1,1,1,0,0.879284144928883
"16351","1250","Ec_N",273,31,31,"Ec",16,1,1,1,1,0,0.879284144928883
"16352","1250","Ec_N",273,32,32,"Ec",16,1,1,1,1,0,0.879284144928883
"16353","1250","Ec_N",273,33,33,"Ec",16,1,1,1,1,0,0.879284144928883
"16354","1250","Ec_N",273,34,34,"Ec",16,1,1,1,1,0,0.879284144928883
"16355","1250","Ec_N",273,35,35,"Ec",16,1,1,1,1,0,0.879284144928883
"16356","1250","Ec_N",273,36,36,"Ec",16,1,1,1,1,0,0.879284144928883
"16357","1250","Ec_N",273,37,37,"Ec",16,1,1,1,1,0,0.879284144928883
"16358","1250","Ec_N",273,38,38,"Ec",16,1,1,1,1,0,0.879284144928883
"16359","1250","Ec_N",273,39,39,"Ec",16,1,1,1,1,0,0.879284144928883
"16360","1250","Ec_N",273,40,40,"Ec",16,1,1,1,1,0,0.879284144928883
"16361","1250","Ec_N",273,41,41,"Ec",16,1,1,1,1,0,0.879284144928883
"16362","1250","Ec_N",273,42,42,"Ec",16,1,1,1,1,0,0.879284144928883
"16363","1250","Ec_N",273,43,43,"Ec",16,1,1,1,1,0,0.879284144928883
"16364","1250","Ec_N",273,44,44,"Ec",16,1,1,1,1,0,0.879284144928883
"16365","1250","Ec_N",273,45,45,"Ec",16,1,1,1,1,0,0.879284144928883
"16366","1250","Ec_N",273,46,46,"Ec",16,1,1,1,1,0,0.879284144928883
"16367","1250","Ec_N",273,47,47,"Ec",16,1,1,1,1,0,0.879284144928883
"16368","1250","Ec_N",273,48,48,"Ec",16,1,1,1,1,0,0.879284144928883
"16369","1250","Ec_N",273,49,49,"Ec",16,1,1,1,1,0,0.879284144928883
"16370","1250","Ec_N",273,50,50,"Ec",16,1,1,1,1,0,0.879284144928883
"16371","1250","Ec_N",273,51,51,"Ec",16,1,1,1,1,0,0.879284144928883
"16372","1250","Ec_N",273,52,52,"Ec",16,1,1,1,1,0,0.879284144928883
"16373","1250","Ec_N",273,53,53,"Ec",16,1,1,1,1,0,0.879284144928883
"16374","1250","Ec_N",273,54,54,"Ec",16,1,1,1,1,0,0.879284144928883
"16375","1250","Ec_N",273,55,55,"Ec",16,1,1,1,1,0,0.879284144928883
"16376","1250","Ec_N",273,56,56,"Ec",16,1,1,1,1,0,0.879284144928883
"16377","1250","Ec_N",273,57,57,"Ec",16,1,1,1,1,0,0.879284144928883
"16378","1250","Ec_N",273,58,58,"Ec",16,1,1,1,1,0,0.879284144928883
"16379","1250","Ec_N",273,59,59,"Ec",16,1,1,1,1,0,0.879284144928883
"16380","1250","Ec_N",273,60,60,"Ec",16,1,1,1,1,0,0.879284144928883
"16381","1250","Ec_N",274,1,1,"Ec",1,0,0,0,0,0,0
"16382","1250","Ec_N",274,2,2,"Ec",17,0,0,0,0,1,0.14692246949649
"16383","1250","Ec_N",274,3,3,"Ec",17,0,0,0,0,1,0.14692246949649
"16384","1250","Ec_N",274,4,4,"Ec",17,0,0,0,0,1,0.14692246949649
"16385","1250","Ec_N",274,5,5,"Ec",17,0,0,0,0,1,0.14692246949649
"16386","1250","Ec_N",274,6,6,"Ec",17,0,0,0,0,1,0.14692246949649
"16387","1250","Ec_N",274,7,7,"Ec",17,0,0,0,0,1,0.14692246949649
"16388","1250","Ec_N",274,8,8,"Ec",17,0,0,0,0,1,0.14692246949649
"16389","1250","Ec_N",274,9,9,"Ec",21,0,0,1,0,1,0.428591116083543
"16390","1250","Ec_N",274,10,10,"Ec",21,0,0,1,0,1,0.428591116083543
"16391","1250","Ec_N",274,11,11,"Ec",22,1,0,1,0,1,0.649603770543311
"16392","1250","Ec_N",274,12,12,"Ec",22,1,0,1,0,1,0.649603770543311
"16393","1250","Ec_N",274,13,13,"Ec",22,1,0,1,0,1,0.649603770543311
"16394","1250","Ec_N",274,14,14,"Ec",22,1,0,1,0,1,0.649603770543311
"16395","1250","Ec_N",274,15,15,"Ec",22,1,0,1,0,1,0.649603770543311
"16396","1250","Ec_N",274,16,16,"Ec",30,1,0,1,1,1,0.981696467924213
"16397","1250","Ec_N",274,17,17,"Ec",30,1,0,1,1,1,0.981696467924213
"16398","1250","Ec_N",274,18,18,"Ec",30,1,0,1,1,1,0.981696467924213
"16399","1250","Ec_N",274,19,19,"Ec",30,1,0,1,1,1,0.981696467924213
"16400","1250","Ec_N",274,20,20,"Ec",30,1,0,1,1,1,0.981696467924213
"16401","1250","Ec_N",274,21,21,"Ec",32,1,1,1,1,1,1
"16402","1250","Ec_N",274,22,22,"Ec",32,1,1,1,1,1,1
"16403","1250","Ec_N",274,23,23,"Ec",32,1,1,1,1,1,1
"16404","1250","Ec_N",274,24,24,"Ec",32,1,1,1,1,1,1
"16405","1250","Ec_N",274,25,25,"Ec",32,1,1,1,1,1,1
"16406","1250","Ec_N",274,26,26,"Ec",32,1,1,1,1,1,1
"16407","1250","Ec_N",274,27,27,"Ec",32,1,1,1,1,1,1
"16408","1250","Ec_N",274,28,28,"Ec",32,1,1,1,1,1,1
"16409","1250","Ec_N",274,29,29,"Ec",32,1,1,1,1,1,1
"16410","1250","Ec_N",274,30,30,"Ec",32,1,1,1,1,1,1
"16411","1250","Ec_N",274,31,31,"Ec",32,1,1,1,1,1,1
"16412","1250","Ec_N",274,32,32,"Ec",32,1,1,1,1,1,1
"16413","1250","Ec_N",274,33,33,"Ec",32,1,1,1,1,1,1
"16414","1250","Ec_N",274,34,34,"Ec",32,1,1,1,1,1,1
"16415","1250","Ec_N",274,35,35,"Ec",32,1,1,1,1,1,1
"16416","1250","Ec_N",274,36,36,"Ec",32,1,1,1,1,1,1
"16417","1250","Ec_N",274,37,37,"Ec",32,1,1,1,1,1,1
"16418","1250","Ec_N",274,38,38,"Ec",32,1,1,1,1,1,1
"16419","1250","Ec_N",274,39,39,"Ec",32,1,1,1,1,1,1
"16420","1250","Ec_N",274,40,40,"Ec",32,1,1,1,1,1,1
"16421","1250","Ec_N",274,41,41,"Ec",32,1,1,1,1,1,1
"16422","1250","Ec_N",274,42,42,"Ec",32,1,1,1,1,1,1
"16423","1250","Ec_N",274,43,43,"Ec",32,1,1,1,1,1,1
"16424","1250","Ec_N",274,44,44,"Ec",32,1,1,1,1,1,1
"16425","1250","Ec_N",274,45,45,"Ec",32,1,1,1,1,1,1
"16426","1250","Ec_N",274,46,46,"Ec",32,1,1,1,1,1,1
"16427","1250","Ec_N",274,47,47,"Ec",32,1,1,1,1,1,1
"16428","1250","Ec_N",274,48,48,"Ec",32,1,1,1,1,1,1
"16429","1250","Ec_N",274,49,49,"Ec",32,1,1,1,1,1,1
"16430","1250","Ec_N",274,50,50,"Ec",32,1,1,1,1,1,1
"16431","1250","Ec_N",274,51,51,"Ec",32,1,1,1,1,1,1
"16432","1250","Ec_N",274,52,52,"Ec",32,1,1,1,1,1,1
"16433","1250","Ec_N",274,53,53,"Ec",32,1,1,1,1,1,1
"16434","1250","Ec_N",274,54,54,"Ec",32,1,1,1,1,1,1
"16435","1250","Ec_N",274,55,55,"Ec",32,1,1,1,1,1,1
"16436","1250","Ec_N",274,56,56,"Ec",32,1,1,1,1,1,1
"16437","1250","Ec_N",274,57,57,"Ec",32,1,1,1,1,1,1
"16438","1250","Ec_N",274,58,58,"Ec",32,1,1,1,1,1,1
"16439","1250","Ec_N",274,59,59,"Ec",32,1,1,1,1,1,1
"16440","1250","Ec_N",274,60,60,"Ec",32,1,1,1,1,1,1
"16441","1250","Ec_N",275,1,1,"Ec",1,0,0,0,0,0,0
"16442","1250","Ec_N",275,2,2,"Ec",1,0,0,0,0,0,0
"16443","1250","Ec_N",275,3,3,"Ec",9,0,0,0,1,0,0.267745650041575
"16444","1250","Ec_N",275,4,4,"Ec",9,0,0,0,1,0,0.267745650041575
"16445","1250","Ec_N",275,5,5,"Ec",13,0,0,1,1,0,0.499809141804299
"16446","1250","Ec_N",275,6,6,"Ec",13,0,0,1,1,0,0.499809141804299
"16447","1250","Ec_N",275,7,7,"Ec",13,0,0,1,1,0,0.499809141804299
"16448","1250","Ec_N",275,8,8,"Ec",13,0,0,1,1,0,0.499809141804299
"16449","1250","Ec_N",275,9,9,"Ec",13,0,0,1,1,0,0.499809141804299
"16450","1250","Ec_N",275,10,10,"Ec",13,0,0,1,1,0,0.499809141804299
"16451","1250","Ec_N",275,11,11,"Ec",13,0,0,1,1,0,0.499809141804299
"16452","1250","Ec_N",275,12,12,"Ec",13,0,0,1,1,0,0.499809141804299
"16453","1250","Ec_N",275,13,13,"Ec",13,0,0,1,1,0,0.499809141804299
"16454","1250","Ec_N",275,14,14,"Ec",13,0,0,1,1,0,0.499809141804299
"16455","1250","Ec_N",275,15,15,"Ec",14,1,0,1,1,0,0.720821796264067
"16456","1250","Ec_N",275,16,16,"Ec",14,1,0,1,1,0,0.720821796264067
"16457","1250","Ec_N",275,17,17,"Ec",16,1,1,1,1,0,0.879284144928883
"16458","1250","Ec_N",275,18,18,"Ec",16,1,1,1,1,0,0.879284144928883
"16459","1250","Ec_N",275,19,19,"Ec",16,1,1,1,1,0,0.879284144928883
"16460","1250","Ec_N",275,20,20,"Ec",16,1,1,1,1,0,0.879284144928883
"16461","1250","Ec_N",275,21,21,"Ec",16,1,1,1,1,0,0.879284144928883
"16462","1250","Ec_N",275,22,22,"Ec",16,1,1,1,1,0,0.879284144928883
"16463","1250","Ec_N",275,23,23,"Ec",16,1,1,1,1,0,0.879284144928883
"16464","1250","Ec_N",275,24,24,"Ec",16,1,1,1,1,0,0.879284144928883
"16465","1250","Ec_N",275,25,25,"Ec",16,1,1,1,1,0,0.879284144928883
"16466","1250","Ec_N",275,26,26,"Ec",16,1,1,1,1,0,0.879284144928883
"16467","1250","Ec_N",275,27,27,"Ec",16,1,1,1,1,0,0.879284144928883
"16468","1250","Ec_N",275,28,28,"Ec",16,1,1,1,1,0,0.879284144928883
"16469","1250","Ec_N",275,29,29,"Ec",16,1,1,1,1,0,0.879284144928883
"16470","1250","Ec_N",275,30,30,"Ec",16,1,1,1,1,0,0.879284144928883
"16471","1250","Ec_N",275,31,31,"Ec",16,1,1,1,1,0,0.879284144928883
"16472","1250","Ec_N",275,32,32,"Ec",16,1,1,1,1,0,0.879284144928883
"16473","1250","Ec_N",275,33,33,"Ec",16,1,1,1,1,0,0.879284144928883
"16474","1250","Ec_N",275,34,34,"Ec",32,1,1,1,1,1,1
"16475","1250","Ec_N",275,35,35,"Ec",32,1,1,1,1,1,1
"16476","1250","Ec_N",275,36,36,"Ec",32,1,1,1,1,1,1
"16477","1250","Ec_N",275,37,37,"Ec",32,1,1,1,1,1,1
"16478","1250","Ec_N",275,38,38,"Ec",32,1,1,1,1,1,1
"16479","1250","Ec_N",275,39,39,"Ec",32,1,1,1,1,1,1
"16480","1250","Ec_N",275,40,40,"Ec",32,1,1,1,1,1,1
"16481","1250","Ec_N",275,41,41,"Ec",32,1,1,1,1,1,1
"16482","1250","Ec_N",275,42,42,"Ec",32,1,1,1,1,1,1
"16483","1250","Ec_N",275,43,43,"Ec",32,1,1,1,1,1,1
"16484","1250","Ec_N",275,44,44,"Ec",32,1,1,1,1,1,1
"16485","1250","Ec_N",275,45,45,"Ec",32,1,1,1,1,1,1
"16486","1250","Ec_N",275,46,46,"Ec",32,1,1,1,1,1,1
"16487","1250","Ec_N",275,47,47,"Ec",32,1,1,1,1,1,1
"16488","1250","Ec_N",275,48,48,"Ec",32,1,1,1,1,1,1
"16489","1250","Ec_N",275,49,49,"Ec",32,1,1,1,1,1,1
"16490","1250","Ec_N",275,50,50,"Ec",32,1,1,1,1,1,1
"16491","1250","Ec_N",275,51,51,"Ec",32,1,1,1,1,1,1
"16492","1250","Ec_N",275,52,52,"Ec",32,1,1,1,1,1,1
"16493","1250","Ec_N",275,53,53,"Ec",32,1,1,1,1,1,1
"16494","1250","Ec_N",275,54,54,"Ec",32,1,1,1,1,1,1
"16495","1250","Ec_N",275,55,55,"Ec",32,1,1,1,1,1,1
"16496","1250","Ec_N",275,56,56,"Ec",32,1,1,1,1,1,1
"16497","1250","Ec_N",275,57,57,"Ec",32,1,1,1,1,1,1
"16498","1250","Ec_N",275,58,58,"Ec",32,1,1,1,1,1,1
"16499","1250","Ec_N",275,59,59,"Ec",32,1,1,1,1,1,1
"16500","1250","Ec_N",275,60,60,"Ec",32,1,1,1,1,1,1
"16501","1250","Ec_N",276,1,1,"Ec",1,0,0,0,0,0,0
"16502","1250","Ec_N",276,2,2,"Ec",1,0,0,0,0,0,0
"16503","1250","Ec_N",276,3,3,"Ec",1,0,0,0,0,0,0
"16504","1250","Ec_N",276,4,4,"Ec",1,0,0,0,0,0,0
"16505","1250","Ec_N",276,5,5,"Ec",1,0,0,0,0,0,0
"16506","1250","Ec_N",276,6,6,"Ec",1,0,0,0,0,0,0
"16507","1250","Ec_N",276,7,7,"Ec",1,0,0,0,0,0,0
"16508","1250","Ec_N",276,8,8,"Ec",1,0,0,0,0,0,0
"16509","1250","Ec_N",276,9,9,"Ec",1,0,0,0,0,0,0
"16510","1250","Ec_N",276,10,10,"Ec",1,0,0,0,0,0,0
"16511","1250","Ec_N",276,11,11,"Ec",1,0,0,0,0,0,0
"16512","1250","Ec_N",276,12,12,"Ec",1,0,0,0,0,0,0
"16513","1250","Ec_N",276,13,13,"Ec",9,0,0,0,1,0,0.267745650041575
"16514","1250","Ec_N",276,14,14,"Ec",9,0,0,0,1,0,0.267745650041575
"16515","1250","Ec_N",276,15,15,"Ec",9,0,0,0,1,0,0.267745650041575
"16516","1250","Ec_N",276,16,16,"Ec",9,0,0,0,1,0,0.267745650041575
"16517","1250","Ec_N",276,17,17,"Ec",9,0,0,0,1,0,0.267745650041575
"16518","1250","Ec_N",276,18,18,"Ec",9,0,0,0,1,0,0.267745650041575
"16519","1250","Ec_N",276,19,19,"Ec",9,0,0,0,1,0,0.267745650041575
"16520","1250","Ec_N",276,20,20,"Ec",9,0,0,0,1,0,0.267745650041575
"16521","1250","Ec_N",276,21,21,"Ec",9,0,0,0,1,0,0.267745650041575
"16522","1250","Ec_N",276,22,22,"Ec",9,0,0,0,1,0,0.267745650041575
"16523","1250","Ec_N",276,23,23,"Ec",9,0,0,0,1,0,0.267745650041575
"16524","1250","Ec_N",276,24,24,"Ec",9,0,0,0,1,0,0.267745650041575
"16525","1250","Ec_N",276,25,25,"Ec",9,0,0,0,1,0,0.267745650041575
"16526","1250","Ec_N",276,26,26,"Ec",9,0,0,0,1,0,0.267745650041575
"16527","1250","Ec_N",276,27,27,"Ec",9,0,0,0,1,0,0.267745650041575
"16528","1250","Ec_N",276,28,28,"Ec",9,0,0,0,1,0,0.267745650041575
"16529","1250","Ec_N",276,29,29,"Ec",9,0,0,0,1,0,0.267745650041575
"16530","1250","Ec_N",276,30,30,"Ec",13,0,0,1,1,0,0.499809141804299
"16531","1250","Ec_N",276,31,31,"Ec",13,0,0,1,1,0,0.499809141804299
"16532","1250","Ec_N",276,32,32,"Ec",13,0,0,1,1,0,0.499809141804299
"16533","1250","Ec_N",276,33,33,"Ec",13,0,0,1,1,0,0.499809141804299
"16534","1250","Ec_N",276,34,34,"Ec",13,0,0,1,1,0,0.499809141804299
"16535","1250","Ec_N",276,35,35,"Ec",13,0,0,1,1,0,0.499809141804299
"16536","1250","Ec_N",276,36,36,"Ec",13,0,0,1,1,0,0.499809141804299
"16537","1250","Ec_N",276,37,37,"Ec",13,0,0,1,1,0,0.499809141804299
"16538","1250","Ec_N",276,38,38,"Ec",13,0,0,1,1,0,0.499809141804299
"16539","1250","Ec_N",276,39,39,"Ec",13,0,0,1,1,0,0.499809141804299
"16540","1250","Ec_N",276,40,40,"Ec",13,0,0,1,1,0,0.499809141804299
"16541","1250","Ec_N",276,41,41,"Ec",13,0,0,1,1,0,0.499809141804299
"16542","1250","Ec_N",276,42,42,"Ec",13,0,0,1,1,0,0.499809141804299
"16543","1250","Ec_N",276,43,43,"Ec",13,0,0,1,1,0,0.499809141804299
"16544","1250","Ec_N",276,44,44,"Ec",13,0,0,1,1,0,0.499809141804299
"16545","1250","Ec_N",276,45,45,"Ec",13,0,0,1,1,0,0.499809141804299
"16546","1250","Ec_N",276,46,46,"Ec",13,0,0,1,1,0,0.499809141804299
"16547","1250","Ec_N",276,47,47,"Ec",13,0,0,1,1,0,0.499809141804299
"16548","1250","Ec_N",276,48,48,"Ec",13,0,0,1,1,0,0.499809141804299
"16549","1250","Ec_N",276,49,49,"Ec",13,0,0,1,1,0,0.499809141804299
"16550","1250","Ec_N",276,50,50,"Ec",13,0,0,1,1,0,0.499809141804299
"16551","1250","Ec_N",276,51,51,"Ec",13,0,0,1,1,0,0.499809141804299
"16552","1250","Ec_N",276,52,52,"Ec",13,0,0,1,1,0,0.499809141804299
"16553","1250","Ec_N",276,53,53,"Ec",13,0,0,1,1,0,0.499809141804299
"16554","1250","Ec_N",276,54,54,"Ec",13,0,0,1,1,0,0.499809141804299
"16555","1250","Ec_N",276,55,55,"Ec",13,0,0,1,1,0,0.499809141804299
"16556","1250","Ec_N",276,56,56,"Ec",13,0,0,1,1,0,0.499809141804299
"16557","1250","Ec_N",276,57,57,"Ec",13,0,0,1,1,0,0.499809141804299
"16558","1250","Ec_N",276,58,58,"Ec",14,1,0,1,1,0,0.720821796264067
"16559","1250","Ec_N",276,59,59,"Ec",14,1,0,1,1,0,0.720821796264067
"16560","1250","Ec_N",276,60,60,"Ec",14,1,0,1,1,0,0.720821796264067
"16561","1250","Ec_N",277,1,1,"Ec",1,0,0,0,0,0,0
"16562","1250","Ec_N",277,2,2,"Ec",1,0,0,0,0,0,0
"16563","1250","Ec_N",277,3,3,"Ec",1,0,0,0,0,0,0
"16564","1250","Ec_N",277,4,4,"Ec",1,0,0,0,0,0,0
"16565","1250","Ec_N",277,5,5,"Ec",1,0,0,0,0,0,0
"16566","1250","Ec_N",277,6,6,"Ec",17,0,0,0,0,1,0.14692246949649
"16567","1250","Ec_N",277,7,7,"Ec",21,0,0,1,0,1,0.428591116083543
"16568","1250","Ec_N",277,8,8,"Ec",21,0,0,1,0,1,0.428591116083543
"16569","1250","Ec_N",277,9,9,"Ec",21,0,0,1,0,1,0.428591116083543
"16570","1250","Ec_N",277,10,10,"Ec",21,0,0,1,0,1,0.428591116083543
"16571","1250","Ec_N",277,11,11,"Ec",21,0,0,1,0,1,0.428591116083543
"16572","1250","Ec_N",277,12,12,"Ec",21,0,0,1,0,1,0.428591116083543
"16573","1250","Ec_N",277,13,13,"Ec",21,0,0,1,0,1,0.428591116083543
"16574","1250","Ec_N",277,14,14,"Ec",21,0,0,1,0,1,0.428591116083543
"16575","1250","Ec_N",277,15,15,"Ec",21,0,0,1,0,1,0.428591116083543
"16576","1250","Ec_N",277,16,16,"Ec",29,0,0,1,1,1,0.696336766125118
"16577","1250","Ec_N",277,17,17,"Ec",29,0,0,1,1,1,0.696336766125118
"16578","1250","Ec_N",277,18,18,"Ec",29,0,0,1,1,1,0.696336766125118
"16579","1250","Ec_N",277,19,19,"Ec",29,0,0,1,1,1,0.696336766125118
"16580","1250","Ec_N",277,20,20,"Ec",29,0,0,1,1,1,0.696336766125118
"16581","1250","Ec_N",277,21,21,"Ec",29,0,0,1,1,1,0.696336766125118
"16582","1250","Ec_N",277,22,22,"Ec",29,0,0,1,1,1,0.696336766125118
"16583","1250","Ec_N",277,23,23,"Ec",29,0,0,1,1,1,0.696336766125118
"16584","1250","Ec_N",277,24,24,"Ec",29,0,0,1,1,1,0.696336766125118
"16585","1250","Ec_N",277,25,25,"Ec",29,0,0,1,1,1,0.696336766125118
"16586","1250","Ec_N",277,26,26,"Ec",29,0,0,1,1,1,0.696336766125118
"16587","1250","Ec_N",277,27,27,"Ec",29,0,0,1,1,1,0.696336766125118
"16588","1250","Ec_N",277,28,28,"Ec",29,0,0,1,1,1,0.696336766125118
"16589","1250","Ec_N",277,29,29,"Ec",29,0,0,1,1,1,0.696336766125118
"16590","1250","Ec_N",277,30,30,"Ec",29,0,0,1,1,1,0.696336766125118
"16591","1250","Ec_N",277,31,31,"Ec",29,0,0,1,1,1,0.696336766125118
"16592","1250","Ec_N",277,32,32,"Ec",29,0,0,1,1,1,0.696336766125118
"16593","1250","Ec_N",277,33,33,"Ec",29,0,0,1,1,1,0.696336766125118
"16594","1250","Ec_N",277,34,34,"Ec",29,0,0,1,1,1,0.696336766125118
"16595","1250","Ec_N",277,35,35,"Ec",31,0,1,1,1,1,0.778987345540232
"16596","1250","Ec_N",277,36,36,"Ec",31,0,1,1,1,1,0.778987345540232
"16597","1250","Ec_N",277,37,37,"Ec",31,0,1,1,1,1,0.778987345540232
"16598","1250","Ec_N",277,38,38,"Ec",31,0,1,1,1,1,0.778987345540232
"16599","1250","Ec_N",277,39,39,"Ec",32,1,1,1,1,1,1
"16600","1250","Ec_N",277,40,40,"Ec",32,1,1,1,1,1,1
"16601","1250","Ec_N",277,41,41,"Ec",32,1,1,1,1,1,1
"16602","1250","Ec_N",277,42,42,"Ec",32,1,1,1,1,1,1
"16603","1250","Ec_N",277,43,43,"Ec",32,1,1,1,1,1,1
"16604","1250","Ec_N",277,44,44,"Ec",32,1,1,1,1,1,1
"16605","1250","Ec_N",277,45,45,"Ec",32,1,1,1,1,1,1
"16606","1250","Ec_N",277,46,46,"Ec",32,1,1,1,1,1,1
"16607","1250","Ec_N",277,47,47,"Ec",32,1,1,1,1,1,1
"16608","1250","Ec_N",277,48,48,"Ec",32,1,1,1,1,1,1
"16609","1250","Ec_N",277,49,49,"Ec",32,1,1,1,1,1,1
"16610","1250","Ec_N",277,50,50,"Ec",32,1,1,1,1,1,1
"16611","1250","Ec_N",277,51,51,"Ec",32,1,1,1,1,1,1
"16612","1250","Ec_N",277,52,52,"Ec",32,1,1,1,1,1,1
"16613","1250","Ec_N",277,53,53,"Ec",32,1,1,1,1,1,1
"16614","1250","Ec_N",277,54,54,"Ec",32,1,1,1,1,1,1
"16615","1250","Ec_N",277,55,55,"Ec",32,1,1,1,1,1,1
"16616","1250","Ec_N",277,56,56,"Ec",32,1,1,1,1,1,1
"16617","1250","Ec_N",277,57,57,"Ec",32,1,1,1,1,1,1
"16618","1250","Ec_N",277,58,58,"Ec",32,1,1,1,1,1,1
"16619","1250","Ec_N",277,59,59,"Ec",32,1,1,1,1,1,1
"16620","1250","Ec_N",277,60,60,"Ec",32,1,1,1,1,1,1
"16621","1250","Ec_N",278,1,1,"Ec",1,0,0,0,0,0,0
"16622","1250","Ec_N",278,2,2,"Ec",1,0,0,0,0,0,0
"16623","1250","Ec_N",278,3,3,"Ec",1,0,0,0,0,0,0
"16624","1250","Ec_N",278,4,4,"Ec",1,0,0,0,0,0,0
"16625","1250","Ec_N",278,5,5,"Ec",1,0,0,0,0,0,0
"16626","1250","Ec_N",278,6,6,"Ec",1,0,0,0,0,0,0
"16627","1250","Ec_N",278,7,7,"Ec",5,0,0,1,0,0,0.232063491762724
"16628","1250","Ec_N",278,8,8,"Ec",5,0,0,1,0,0,0.232063491762724
"16629","1250","Ec_N",278,9,9,"Ec",13,0,0,1,1,0,0.499809141804299
"16630","1250","Ec_N",278,10,10,"Ec",13,0,0,1,1,0,0.499809141804299
"16631","1250","Ec_N",278,11,11,"Ec",13,0,0,1,1,0,0.499809141804299
"16632","1250","Ec_N",278,12,12,"Ec",13,0,0,1,1,0,0.499809141804299
"16633","1250","Ec_N",278,13,13,"Ec",13,0,0,1,1,0,0.499809141804299
"16634","1250","Ec_N",278,14,14,"Ec",13,0,0,1,1,0,0.499809141804299
"16635","1250","Ec_N",278,15,15,"Ec",13,0,0,1,1,0,0.499809141804299
"16636","1250","Ec_N",278,16,16,"Ec",13,0,0,1,1,0,0.499809141804299
"16637","1250","Ec_N",278,17,17,"Ec",13,0,0,1,1,0,0.499809141804299
"16638","1250","Ec_N",278,18,18,"Ec",13,0,0,1,1,0,0.499809141804299
"16639","1250","Ec_N",278,19,19,"Ec",13,0,0,1,1,0,0.499809141804299
"16640","1250","Ec_N",278,20,20,"Ec",13,0,0,1,1,0,0.499809141804299
"16641","1250","Ec_N",278,21,21,"Ec",14,1,0,1,1,0,0.720821796264067
"16642","1250","Ec_N",278,22,22,"Ec",16,1,1,1,1,0,0.879284144928883
"16643","1250","Ec_N",278,23,23,"Ec",16,1,1,1,1,0,0.879284144928883
"16644","1250","Ec_N",278,24,24,"Ec",16,1,1,1,1,0,0.879284144928883
"16645","1250","Ec_N",278,25,25,"Ec",16,1,1,1,1,0,0.879284144928883
"16646","1250","Ec_N",278,26,26,"Ec",16,1,1,1,1,0,0.879284144928883
"16647","1250","Ec_N",278,27,27,"Ec",32,1,1,1,1,1,1
"16648","1250","Ec_N",278,28,28,"Ec",32,1,1,1,1,1,1
"16649","1250","Ec_N",278,29,29,"Ec",32,1,1,1,1,1,1
"16650","1250","Ec_N",278,30,30,"Ec",32,1,1,1,1,1,1
"16651","1250","Ec_N",278,31,31,"Ec",32,1,1,1,1,1,1
"16652","1250","Ec_N",278,32,32,"Ec",32,1,1,1,1,1,1
"16653","1250","Ec_N",278,33,33,"Ec",32,1,1,1,1,1,1
"16654","1250","Ec_N",278,34,34,"Ec",32,1,1,1,1,1,1
"16655","1250","Ec_N",278,35,35,"Ec",32,1,1,1,1,1,1
"16656","1250","Ec_N",278,36,36,"Ec",32,1,1,1,1,1,1
"16657","1250","Ec_N",278,37,37,"Ec",32,1,1,1,1,1,1
"16658","1250","Ec_N",278,38,38,"Ec",32,1,1,1,1,1,1
"16659","1250","Ec_N",278,39,39,"Ec",32,1,1,1,1,1,1
"16660","1250","Ec_N",278,40,40,"Ec",32,1,1,1,1,1,1
"16661","1250","Ec_N",278,41,41,"Ec",32,1,1,1,1,1,1
"16662","1250","Ec_N",278,42,42,"Ec",32,1,1,1,1,1,1
"16663","1250","Ec_N",278,43,43,"Ec",32,1,1,1,1,1,1
"16664","1250","Ec_N",278,44,44,"Ec",32,1,1,1,1,1,1
"16665","1250","Ec_N",278,45,45,"Ec",32,1,1,1,1,1,1
"16666","1250","Ec_N",278,46,46,"Ec",32,1,1,1,1,1,1
"16667","1250","Ec_N",278,47,47,"Ec",32,1,1,1,1,1,1
"16668","1250","Ec_N",278,48,48,"Ec",32,1,1,1,1,1,1
"16669","1250","Ec_N",278,49,49,"Ec",32,1,1,1,1,1,1
"16670","1250","Ec_N",278,50,50,"Ec",32,1,1,1,1,1,1
"16671","1250","Ec_N",278,51,51,"Ec",32,1,1,1,1,1,1
"16672","1250","Ec_N",278,52,52,"Ec",32,1,1,1,1,1,1
"16673","1250","Ec_N",278,53,53,"Ec",32,1,1,1,1,1,1
"16674","1250","Ec_N",278,54,54,"Ec",32,1,1,1,1,1,1
"16675","1250","Ec_N",278,55,55,"Ec",32,1,1,1,1,1,1
"16676","1250","Ec_N",278,56,56,"Ec",32,1,1,1,1,1,1
"16677","1250","Ec_N",278,57,57,"Ec",32,1,1,1,1,1,1
"16678","1250","Ec_N",278,58,58,"Ec",32,1,1,1,1,1,1
"16679","1250","Ec_N",278,59,59,"Ec",32,1,1,1,1,1,1
"16680","1250","Ec_N",278,60,60,"Ec",32,1,1,1,1,1,1
"16681","1250","Ec_N",279,1,1,"Ec",1,0,0,0,0,0,0
"16682","1250","Ec_N",279,2,2,"Ec",1,0,0,0,0,0,0
"16683","1250","Ec_N",279,3,3,"Ec",5,0,0,1,0,0,0.232063491762724
"16684","1250","Ec_N",279,4,4,"Ec",5,0,0,1,0,0,0.232063491762724
"16685","1250","Ec_N",279,5,5,"Ec",5,0,0,1,0,0,0.232063491762724
"16686","1250","Ec_N",279,6,6,"Ec",5,0,0,1,0,0,0.232063491762724
"16687","1250","Ec_N",279,7,7,"Ec",5,0,0,1,0,0,0.232063491762724
"16688","1250","Ec_N",279,8,8,"Ec",5,0,0,1,0,0,0.232063491762724
"16689","1250","Ec_N",279,9,9,"Ec",5,0,0,1,0,0,0.232063491762724
"16690","1250","Ec_N",279,10,10,"Ec",21,0,0,1,0,1,0.428591116083543
"16691","1250","Ec_N",279,11,11,"Ec",21,0,0,1,0,1,0.428591116083543
"16692","1250","Ec_N",279,12,12,"Ec",21,0,0,1,0,1,0.428591116083543
"16693","1250","Ec_N",279,13,13,"Ec",21,0,0,1,0,1,0.428591116083543
"16694","1250","Ec_N",279,14,14,"Ec",21,0,0,1,0,1,0.428591116083543
"16695","1250","Ec_N",279,15,15,"Ec",21,0,0,1,0,1,0.428591116083543
"16696","1250","Ec_N",279,16,16,"Ec",21,0,0,1,0,1,0.428591116083543
"16697","1250","Ec_N",279,17,17,"Ec",29,0,0,1,1,1,0.696336766125118
"16698","1250","Ec_N",279,18,18,"Ec",29,0,0,1,1,1,0.696336766125118
"16699","1250","Ec_N",279,19,19,"Ec",29,0,0,1,1,1,0.696336766125118
"16700","1250","Ec_N",279,20,20,"Ec",29,0,0,1,1,1,0.696336766125118
"16701","1250","Ec_N",279,21,21,"Ec",29,0,0,1,1,1,0.696336766125118
"16702","1250","Ec_N",279,22,22,"Ec",29,0,0,1,1,1,0.696336766125118
"16703","1250","Ec_N",279,23,23,"Ec",29,0,0,1,1,1,0.696336766125118
"16704","1250","Ec_N",279,24,24,"Ec",29,0,0,1,1,1,0.696336766125118
"16705","1250","Ec_N",279,25,25,"Ec",29,0,0,1,1,1,0.696336766125118
"16706","1250","Ec_N",279,26,26,"Ec",29,0,0,1,1,1,0.696336766125118
"16707","1250","Ec_N",279,27,27,"Ec",29,0,0,1,1,1,0.696336766125118
"16708","1250","Ec_N",279,28,28,"Ec",29,0,0,1,1,1,0.696336766125118
"16709","1250","Ec_N",279,29,29,"Ec",29,0,0,1,1,1,0.696336766125118
"16710","1250","Ec_N",279,30,30,"Ec",29,0,0,1,1,1,0.696336766125118
"16711","1250","Ec_N",279,31,31,"Ec",31,0,1,1,1,1,0.778987345540232
"16712","1250","Ec_N",279,32,32,"Ec",31,0,1,1,1,1,0.778987345540232
"16713","1250","Ec_N",279,33,33,"Ec",31,0,1,1,1,1,0.778987345540232
"16714","1250","Ec_N",279,34,34,"Ec",31,0,1,1,1,1,0.778987345540232
"16715","1250","Ec_N",279,35,35,"Ec",32,1,1,1,1,1,1
"16716","1250","Ec_N",279,36,36,"Ec",32,1,1,1,1,1,1
"16717","1250","Ec_N",279,37,37,"Ec",32,1,1,1,1,1,1
"16718","1250","Ec_N",279,38,38,"Ec",32,1,1,1,1,1,1
"16719","1250","Ec_N",279,39,39,"Ec",32,1,1,1,1,1,1
"16720","1250","Ec_N",279,40,40,"Ec",32,1,1,1,1,1,1
"16721","1250","Ec_N",279,41,41,"Ec",32,1,1,1,1,1,1
"16722","1250","Ec_N",279,42,42,"Ec",32,1,1,1,1,1,1
"16723","1250","Ec_N",279,43,43,"Ec",32,1,1,1,1,1,1
"16724","1250","Ec_N",279,44,44,"Ec",32,1,1,1,1,1,1
"16725","1250","Ec_N",279,45,45,"Ec",32,1,1,1,1,1,1
"16726","1250","Ec_N",279,46,46,"Ec",32,1,1,1,1,1,1
"16727","1250","Ec_N",279,47,47,"Ec",32,1,1,1,1,1,1
"16728","1250","Ec_N",279,48,48,"Ec",32,1,1,1,1,1,1
"16729","1250","Ec_N",279,49,49,"Ec",32,1,1,1,1,1,1
"16730","1250","Ec_N",279,50,50,"Ec",32,1,1,1,1,1,1
"16731","1250","Ec_N",279,51,51,"Ec",32,1,1,1,1,1,1
"16732","1250","Ec_N",279,52,52,"Ec",32,1,1,1,1,1,1
"16733","1250","Ec_N",279,53,53,"Ec",32,1,1,1,1,1,1
"16734","1250","Ec_N",279,54,54,"Ec",32,1,1,1,1,1,1
"16735","1250","Ec_N",279,55,55,"Ec",32,1,1,1,1,1,1
"16736","1250","Ec_N",279,56,56,"Ec",32,1,1,1,1,1,1
"16737","1250","Ec_N",279,57,57,"Ec",32,1,1,1,1,1,1
"16738","1250","Ec_N",279,58,58,"Ec",32,1,1,1,1,1,1
"16739","1250","Ec_N",279,59,59,"Ec",32,1,1,1,1,1,1
"16740","1250","Ec_N",279,60,60,"Ec",32,1,1,1,1,1,1
"16741","1250","Ec_N",280,1,1,"Ec",1,0,0,0,0,0,0
"16742","1250","Ec_N",280,2,2,"Ec",1,0,0,0,0,0,0
"16743","1250","Ec_N",280,3,3,"Ec",1,0,0,0,0,0,0
"16744","1250","Ec_N",280,4,4,"Ec",2,1,0,0,0,0,0.221012654459768
"16745","1250","Ec_N",280,5,5,"Ec",2,1,0,0,0,0,0.221012654459768
"16746","1250","Ec_N",280,6,6,"Ec",18,1,0,0,0,1,0.417540278780587
"16747","1250","Ec_N",280,7,7,"Ec",18,1,0,0,0,1,0.417540278780587
"16748","1250","Ec_N",280,8,8,"Ec",18,1,0,0,0,1,0.417540278780587
"16749","1250","Ec_N",280,9,9,"Ec",20,1,1,0,0,1,0.500190858195701
"16750","1250","Ec_N",280,10,10,"Ec",20,1,1,0,0,1,0.500190858195701
"16751","1250","Ec_N",280,11,11,"Ec",20,1,1,0,0,1,0.500190858195701
"16752","1250","Ec_N",280,12,12,"Ec",20,1,1,0,0,1,0.500190858195701
"16753","1250","Ec_N",280,13,13,"Ec",20,1,1,0,0,1,0.500190858195701
"16754","1250","Ec_N",280,14,14,"Ec",20,1,1,0,0,1,0.500190858195701
"16755","1250","Ec_N",280,15,15,"Ec",20,1,1,0,0,1,0.500190858195701
"16756","1250","Ec_N",280,16,16,"Ec",20,1,1,0,0,1,0.500190858195701
"16757","1250","Ec_N",280,17,17,"Ec",20,1,1,0,0,1,0.500190858195701
"16758","1250","Ec_N",280,18,18,"Ec",20,1,1,0,0,1,0.500190858195701
"16759","1250","Ec_N",280,19,19,"Ec",20,1,1,0,0,1,0.500190858195701
"16760","1250","Ec_N",280,20,20,"Ec",20,1,1,0,0,1,0.500190858195701
"16761","1250","Ec_N",280,21,21,"Ec",20,1,1,0,0,1,0.500190858195701
"16762","1250","Ec_N",280,22,22,"Ec",20,1,1,0,0,1,0.500190858195701
"16763","1250","Ec_N",280,23,23,"Ec",20,1,1,0,0,1,0.500190858195701
"16764","1250","Ec_N",280,24,24,"Ec",20,1,1,0,0,1,0.500190858195701
"16765","1250","Ec_N",280,25,25,"Ec",28,1,1,0,1,1,0.770762719311211
"16766","1250","Ec_N",280,26,26,"Ec",28,1,1,0,1,1,0.770762719311211
"16767","1250","Ec_N",280,27,27,"Ec",28,1,1,0,1,1,0.770762719311211
"16768","1250","Ec_N",280,28,28,"Ec",28,1,1,0,1,1,0.770762719311211
"16769","1250","Ec_N",280,29,29,"Ec",28,1,1,0,1,1,0.770762719311211
"16770","1250","Ec_N",280,30,30,"Ec",28,1,1,0,1,1,0.770762719311211
"16771","1250","Ec_N",280,31,31,"Ec",28,1,1,0,1,1,0.770762719311211
"16772","1250","Ec_N",280,32,32,"Ec",28,1,1,0,1,1,0.770762719311211
"16773","1250","Ec_N",280,33,33,"Ec",28,1,1,0,1,1,0.770762719311211
"16774","1250","Ec_N",280,34,34,"Ec",28,1,1,0,1,1,0.770762719311211
"16775","1250","Ec_N",280,35,35,"Ec",28,1,1,0,1,1,0.770762719311211
"16776","1250","Ec_N",280,36,36,"Ec",28,1,1,0,1,1,0.770762719311211
"16777","1250","Ec_N",280,37,37,"Ec",28,1,1,0,1,1,0.770762719311211
"16778","1250","Ec_N",280,38,38,"Ec",28,1,1,0,1,1,0.770762719311211
"16779","1250","Ec_N",280,39,39,"Ec",28,1,1,0,1,1,0.770762719311211
"16780","1250","Ec_N",280,40,40,"Ec",28,1,1,0,1,1,0.770762719311211
"16781","1250","Ec_N",280,41,41,"Ec",28,1,1,0,1,1,0.770762719311211
"16782","1250","Ec_N",280,42,42,"Ec",28,1,1,0,1,1,0.770762719311211
"16783","1250","Ec_N",280,43,43,"Ec",28,1,1,0,1,1,0.770762719311211
"16784","1250","Ec_N",280,44,44,"Ec",28,1,1,0,1,1,0.770762719311211
"16785","1250","Ec_N",280,45,45,"Ec",28,1,1,0,1,1,0.770762719311211
"16786","1250","Ec_N",280,46,46,"Ec",28,1,1,0,1,1,0.770762719311211
"16787","1250","Ec_N",280,47,47,"Ec",28,1,1,0,1,1,0.770762719311211
"16788","1250","Ec_N",280,48,48,"Ec",28,1,1,0,1,1,0.770762719311211
"16789","1250","Ec_N",280,49,49,"Ec",28,1,1,0,1,1,0.770762719311211
"16790","1250","Ec_N",280,50,50,"Ec",28,1,1,0,1,1,0.770762719311211
"16791","1250","Ec_N",280,51,51,"Ec",28,1,1,0,1,1,0.770762719311211
"16792","1250","Ec_N",280,52,52,"Ec",28,1,1,0,1,1,0.770762719311211
"16793","1250","Ec_N",280,53,53,"Ec",28,1,1,0,1,1,0.770762719311211
"16794","1250","Ec_N",280,54,54,"Ec",28,1,1,0,1,1,0.770762719311211
"16795","1250","Ec_N",280,55,55,"Ec",28,1,1,0,1,1,0.770762719311211
"16796","1250","Ec_N",280,56,56,"Ec",28,1,1,0,1,1,0.770762719311211
"16797","1250","Ec_N",280,57,57,"Ec",28,1,1,0,1,1,0.770762719311211
"16798","1250","Ec_N",280,58,58,"Ec",28,1,1,0,1,1,0.770762719311211
"16799","1250","Ec_N",280,59,59,"Ec",28,1,1,0,1,1,0.770762719311211
"16800","1250","Ec_N",280,60,60,"Ec",28,1,1,0,1,1,0.770762719311211
"16801","1250","Ec_N",281,1,1,"Ec",1,0,0,0,0,0,0
"16802","1250","Ec_N",281,2,2,"Ec",1,0,0,0,0,0,0
"16803","1250","Ec_N",281,3,3,"Ec",1,0,0,0,0,0,0
"16804","1250","Ec_N",281,4,4,"Ec",17,0,0,0,0,1,0.14692246949649
"16805","1250","Ec_N",281,5,5,"Ec",17,0,0,0,0,1,0.14692246949649
"16806","1250","Ec_N",281,6,6,"Ec",17,0,0,0,0,1,0.14692246949649
"16807","1250","Ec_N",281,7,7,"Ec",17,0,0,0,0,1,0.14692246949649
"16808","1250","Ec_N",281,8,8,"Ec",17,0,0,0,0,1,0.14692246949649
"16809","1250","Ec_N",281,9,9,"Ec",18,1,0,0,0,1,0.417540278780587
"16810","1250","Ec_N",281,10,10,"Ec",18,1,0,0,0,1,0.417540278780587
"16811","1250","Ec_N",281,11,11,"Ec",18,1,0,0,0,1,0.417540278780587
"16812","1250","Ec_N",281,12,12,"Ec",18,1,0,0,0,1,0.417540278780587
"16813","1250","Ec_N",281,13,13,"Ec",18,1,0,0,0,1,0.417540278780587
"16814","1250","Ec_N",281,14,14,"Ec",18,1,0,0,0,1,0.417540278780587
"16815","1250","Ec_N",281,15,15,"Ec",18,1,0,0,0,1,0.417540278780587
"16816","1250","Ec_N",281,16,16,"Ec",18,1,0,0,0,1,0.417540278780587
"16817","1250","Ec_N",281,17,17,"Ec",18,1,0,0,0,1,0.417540278780587
"16818","1250","Ec_N",281,18,18,"Ec",18,1,0,0,0,1,0.417540278780587
"16819","1250","Ec_N",281,19,19,"Ec",20,1,1,0,0,1,0.500190858195701
"16820","1250","Ec_N",281,20,20,"Ec",20,1,1,0,0,1,0.500190858195701
"16821","1250","Ec_N",281,21,21,"Ec",28,1,1,0,1,1,0.770762719311211
"16822","1250","Ec_N",281,22,22,"Ec",28,1,1,0,1,1,0.770762719311211
"16823","1250","Ec_N",281,23,23,"Ec",28,1,1,0,1,1,0.770762719311211
"16824","1250","Ec_N",281,24,24,"Ec",28,1,1,0,1,1,0.770762719311211
"16825","1250","Ec_N",281,25,25,"Ec",28,1,1,0,1,1,0.770762719311211
"16826","1250","Ec_N",281,26,26,"Ec",28,1,1,0,1,1,0.770762719311211
"16827","1250","Ec_N",281,27,27,"Ec",28,1,1,0,1,1,0.770762719311211
"16828","1250","Ec_N",281,28,28,"Ec",28,1,1,0,1,1,0.770762719311211
"16829","1250","Ec_N",281,29,29,"Ec",28,1,1,0,1,1,0.770762719311211
"16830","1250","Ec_N",281,30,30,"Ec",28,1,1,0,1,1,0.770762719311211
"16831","1250","Ec_N",281,31,31,"Ec",28,1,1,0,1,1,0.770762719311211
"16832","1250","Ec_N",281,32,32,"Ec",28,1,1,0,1,1,0.770762719311211
"16833","1250","Ec_N",281,33,33,"Ec",28,1,1,0,1,1,0.770762719311211
"16834","1250","Ec_N",281,34,34,"Ec",28,1,1,0,1,1,0.770762719311211
"16835","1250","Ec_N",281,35,35,"Ec",28,1,1,0,1,1,0.770762719311211
"16836","1250","Ec_N",281,36,36,"Ec",28,1,1,0,1,1,0.770762719311211
"16837","1250","Ec_N",281,37,37,"Ec",28,1,1,0,1,1,0.770762719311211
"16838","1250","Ec_N",281,38,38,"Ec",28,1,1,0,1,1,0.770762719311211
"16839","1250","Ec_N",281,39,39,"Ec",28,1,1,0,1,1,0.770762719311211
"16840","1250","Ec_N",281,40,40,"Ec",28,1,1,0,1,1,0.770762719311211
"16841","1250","Ec_N",281,41,41,"Ec",28,1,1,0,1,1,0.770762719311211
"16842","1250","Ec_N",281,42,42,"Ec",28,1,1,0,1,1,0.770762719311211
"16843","1250","Ec_N",281,43,43,"Ec",28,1,1,0,1,1,0.770762719311211
"16844","1250","Ec_N",281,44,44,"Ec",28,1,1,0,1,1,0.770762719311211
"16845","1250","Ec_N",281,45,45,"Ec",28,1,1,0,1,1,0.770762719311211
"16846","1250","Ec_N",281,46,46,"Ec",28,1,1,0,1,1,0.770762719311211
"16847","1250","Ec_N",281,47,47,"Ec",28,1,1,0,1,1,0.770762719311211
"16848","1250","Ec_N",281,48,48,"Ec",32,1,1,1,1,1,1
"16849","1250","Ec_N",281,49,49,"Ec",32,1,1,1,1,1,1
"16850","1250","Ec_N",281,50,50,"Ec",32,1,1,1,1,1,1
"16851","1250","Ec_N",281,51,51,"Ec",32,1,1,1,1,1,1
"16852","1250","Ec_N",281,52,52,"Ec",32,1,1,1,1,1,1
"16853","1250","Ec_N",281,53,53,"Ec",32,1,1,1,1,1,1
"16854","1250","Ec_N",281,54,54,"Ec",32,1,1,1,1,1,1
"16855","1250","Ec_N",281,55,55,"Ec",32,1,1,1,1,1,1
"16856","1250","Ec_N",281,56,56,"Ec",32,1,1,1,1,1,1
"16857","1250","Ec_N",281,57,57,"Ec",32,1,1,1,1,1,1
"16858","1250","Ec_N",281,58,58,"Ec",32,1,1,1,1,1,1
"16859","1250","Ec_N",281,59,59,"Ec",32,1,1,1,1,1,1
"16860","1250","Ec_N",281,60,60,"Ec",32,1,1,1,1,1,1
"16861","1250","Ec_N",282,1,1,"Ec",1,0,0,0,0,0,0
"16862","1250","Ec_N",282,2,2,"Ec",1,0,0,0,0,0,0
"16863","1250","Ec_N",282,3,3,"Ec",1,0,0,0,0,0,0
"16864","1250","Ec_N",282,4,4,"Ec",1,0,0,0,0,0,0
"16865","1250","Ec_N",282,5,5,"Ec",9,0,0,0,1,0,0.267745650041575
"16866","1250","Ec_N",282,6,6,"Ec",9,0,0,0,1,0,0.267745650041575
"16867","1250","Ec_N",282,7,7,"Ec",9,0,0,0,1,0,0.267745650041575
"16868","1250","Ec_N",282,8,8,"Ec",9,0,0,0,1,0,0.267745650041575
"16869","1250","Ec_N",282,9,9,"Ec",9,0,0,0,1,0,0.267745650041575
"16870","1250","Ec_N",282,10,10,"Ec",25,0,0,0,1,1,0.464273274362394
"16871","1250","Ec_N",282,11,11,"Ec",25,0,0,0,1,1,0.464273274362394
"16872","1250","Ec_N",282,12,12,"Ec",29,0,0,1,1,1,0.696336766125118
"16873","1250","Ec_N",282,13,13,"Ec",30,1,0,1,1,1,0.981696467924213
"16874","1250","Ec_N",282,14,14,"Ec",30,1,0,1,1,1,0.981696467924213
"16875","1250","Ec_N",282,15,15,"Ec",30,1,0,1,1,1,0.981696467924213
"16876","1250","Ec_N",282,16,16,"Ec",30,1,0,1,1,1,0.981696467924213
"16877","1250","Ec_N",282,17,17,"Ec",30,1,0,1,1,1,0.981696467924213
"16878","1250","Ec_N",282,18,18,"Ec",30,1,0,1,1,1,0.981696467924213
"16879","1250","Ec_N",282,19,19,"Ec",30,1,0,1,1,1,0.981696467924213
"16880","1250","Ec_N",282,20,20,"Ec",30,1,0,1,1,1,0.981696467924213
"16881","1250","Ec_N",282,21,21,"Ec",30,1,0,1,1,1,0.981696467924213
"16882","1250","Ec_N",282,22,22,"Ec",30,1,0,1,1,1,0.981696467924213
"16883","1250","Ec_N",282,23,23,"Ec",30,1,0,1,1,1,0.981696467924213
"16884","1250","Ec_N",282,24,24,"Ec",30,1,0,1,1,1,0.981696467924213
"16885","1250","Ec_N",282,25,25,"Ec",30,1,0,1,1,1,0.981696467924213
"16886","1250","Ec_N",282,26,26,"Ec",30,1,0,1,1,1,0.981696467924213
"16887","1250","Ec_N",282,27,27,"Ec",30,1,0,1,1,1,0.981696467924213
"16888","1250","Ec_N",282,28,28,"Ec",30,1,0,1,1,1,0.981696467924213
"16889","1250","Ec_N",282,29,29,"Ec",30,1,0,1,1,1,0.981696467924213
"16890","1250","Ec_N",282,30,30,"Ec",30,1,0,1,1,1,0.981696467924213
"16891","1250","Ec_N",282,31,31,"Ec",30,1,0,1,1,1,0.981696467924213
"16892","1250","Ec_N",282,32,32,"Ec",30,1,0,1,1,1,0.981696467924213
"16893","1250","Ec_N",282,33,33,"Ec",30,1,0,1,1,1,0.981696467924213
"16894","1250","Ec_N",282,34,34,"Ec",30,1,0,1,1,1,0.981696467924213
"16895","1250","Ec_N",282,35,35,"Ec",30,1,0,1,1,1,0.981696467924213
"16896","1250","Ec_N",282,36,36,"Ec",30,1,0,1,1,1,0.981696467924213
"16897","1250","Ec_N",282,37,37,"Ec",30,1,0,1,1,1,0.981696467924213
"16898","1250","Ec_N",282,38,38,"Ec",30,1,0,1,1,1,0.981696467924213
"16899","1250","Ec_N",282,39,39,"Ec",30,1,0,1,1,1,0.981696467924213
"16900","1250","Ec_N",282,40,40,"Ec",32,1,1,1,1,1,1
"16901","1250","Ec_N",282,41,41,"Ec",32,1,1,1,1,1,1
"16902","1250","Ec_N",282,42,42,"Ec",32,1,1,1,1,1,1
"16903","1250","Ec_N",282,43,43,"Ec",32,1,1,1,1,1,1
"16904","1250","Ec_N",282,44,44,"Ec",32,1,1,1,1,1,1
"16905","1250","Ec_N",282,45,45,"Ec",32,1,1,1,1,1,1
"16906","1250","Ec_N",282,46,46,"Ec",32,1,1,1,1,1,1
"16907","1250","Ec_N",282,47,47,"Ec",32,1,1,1,1,1,1
"16908","1250","Ec_N",282,48,48,"Ec",32,1,1,1,1,1,1
"16909","1250","Ec_N",282,49,49,"Ec",32,1,1,1,1,1,1
"16910","1250","Ec_N",282,50,50,"Ec",32,1,1,1,1,1,1
"16911","1250","Ec_N",282,51,51,"Ec",32,1,1,1,1,1,1
"16912","1250","Ec_N",282,52,52,"Ec",32,1,1,1,1,1,1
"16913","1250","Ec_N",282,53,53,"Ec",32,1,1,1,1,1,1
"16914","1250","Ec_N",282,54,54,"Ec",32,1,1,1,1,1,1
"16915","1250","Ec_N",282,55,55,"Ec",32,1,1,1,1,1,1
"16916","1250","Ec_N",282,56,56,"Ec",32,1,1,1,1,1,1
"16917","1250","Ec_N",282,57,57,"Ec",32,1,1,1,1,1,1
"16918","1250","Ec_N",282,58,58,"Ec",32,1,1,1,1,1,1
"16919","1250","Ec_N",282,59,59,"Ec",32,1,1,1,1,1,1
"16920","1250","Ec_N",282,60,60,"Ec",32,1,1,1,1,1,1
"16921","1250","Ec_N",283,1,1,"Ec",1,0,0,0,0,0,0
"16922","1250","Ec_N",283,2,2,"Ec",5,0,0,1,0,0,0.232063491762724
"16923","1250","Ec_N",283,3,3,"Ec",5,0,0,1,0,0,0.232063491762724
"16924","1250","Ec_N",283,4,4,"Ec",5,0,0,1,0,0,0.232063491762724
"16925","1250","Ec_N",283,5,5,"Ec",5,0,0,1,0,0,0.232063491762724
"16926","1250","Ec_N",283,6,6,"Ec",5,0,0,1,0,0,0.232063491762724
"16927","1250","Ec_N",283,7,7,"Ec",5,0,0,1,0,0,0.232063491762724
"16928","1250","Ec_N",283,8,8,"Ec",5,0,0,1,0,0,0.232063491762724
"16929","1250","Ec_N",283,9,9,"Ec",5,0,0,1,0,0,0.232063491762724
"16930","1250","Ec_N",283,10,10,"Ec",5,0,0,1,0,0,0.232063491762724
"16931","1250","Ec_N",283,11,11,"Ec",5,0,0,1,0,0,0.232063491762724
"16932","1250","Ec_N",283,12,12,"Ec",5,0,0,1,0,0,0.232063491762724
"16933","1250","Ec_N",283,13,13,"Ec",5,0,0,1,0,0,0.232063491762724
"16934","1250","Ec_N",283,14,14,"Ec",5,0,0,1,0,0,0.232063491762724
"16935","1250","Ec_N",283,15,15,"Ec",5,0,0,1,0,0,0.232063491762724
"16936","1250","Ec_N",283,16,16,"Ec",5,0,0,1,0,0,0.232063491762724
"16937","1250","Ec_N",283,17,17,"Ec",5,0,0,1,0,0,0.232063491762724
"16938","1250","Ec_N",283,18,18,"Ec",5,0,0,1,0,0,0.232063491762724
"16939","1250","Ec_N",283,19,19,"Ec",21,0,0,1,0,1,0.428591116083543
"16940","1250","Ec_N",283,20,20,"Ec",21,0,0,1,0,1,0.428591116083543
"16941","1250","Ec_N",283,21,21,"Ec",21,0,0,1,0,1,0.428591116083543
"16942","1250","Ec_N",283,22,22,"Ec",21,0,0,1,0,1,0.428591116083543
"16943","1250","Ec_N",283,23,23,"Ec",21,0,0,1,0,1,0.428591116083543
"16944","1250","Ec_N",283,24,24,"Ec",21,0,0,1,0,1,0.428591116083543
"16945","1250","Ec_N",283,25,25,"Ec",23,0,1,1,0,1,0.511241695498657
"16946","1250","Ec_N",283,26,26,"Ec",31,0,1,1,1,1,0.778987345540232
"16947","1250","Ec_N",283,27,27,"Ec",31,0,1,1,1,1,0.778987345540232
"16948","1250","Ec_N",283,28,28,"Ec",31,0,1,1,1,1,0.778987345540232
"16949","1250","Ec_N",283,29,29,"Ec",32,1,1,1,1,1,1
"16950","1250","Ec_N",283,30,30,"Ec",32,1,1,1,1,1,1
"16951","1250","Ec_N",283,31,31,"Ec",32,1,1,1,1,1,1
"16952","1250","Ec_N",283,32,32,"Ec",32,1,1,1,1,1,1
"16953","1250","Ec_N",283,33,33,"Ec",32,1,1,1,1,1,1
"16954","1250","Ec_N",283,34,34,"Ec",32,1,1,1,1,1,1
"16955","1250","Ec_N",283,35,35,"Ec",32,1,1,1,1,1,1
"16956","1250","Ec_N",283,36,36,"Ec",32,1,1,1,1,1,1
"16957","1250","Ec_N",283,37,37,"Ec",32,1,1,1,1,1,1
"16958","1250","Ec_N",283,38,38,"Ec",32,1,1,1,1,1,1
"16959","1250","Ec_N",283,39,39,"Ec",32,1,1,1,1,1,1
"16960","1250","Ec_N",283,40,40,"Ec",32,1,1,1,1,1,1
"16961","1250","Ec_N",283,41,41,"Ec",32,1,1,1,1,1,1
"16962","1250","Ec_N",283,42,42,"Ec",32,1,1,1,1,1,1
"16963","1250","Ec_N",283,43,43,"Ec",32,1,1,1,1,1,1
"16964","1250","Ec_N",283,44,44,"Ec",32,1,1,1,1,1,1
"16965","1250","Ec_N",283,45,45,"Ec",32,1,1,1,1,1,1
"16966","1250","Ec_N",283,46,46,"Ec",32,1,1,1,1,1,1
"16967","1250","Ec_N",283,47,47,"Ec",32,1,1,1,1,1,1
"16968","1250","Ec_N",283,48,48,"Ec",32,1,1,1,1,1,1
"16969","1250","Ec_N",283,49,49,"Ec",32,1,1,1,1,1,1
"16970","1250","Ec_N",283,50,50,"Ec",32,1,1,1,1,1,1
"16971","1250","Ec_N",283,51,51,"Ec",32,1,1,1,1,1,1
"16972","1250","Ec_N",283,52,52,"Ec",32,1,1,1,1,1,1
"16973","1250","Ec_N",283,53,53,"Ec",32,1,1,1,1,1,1
"16974","1250","Ec_N",283,54,54,"Ec",32,1,1,1,1,1,1
"16975","1250","Ec_N",283,55,55,"Ec",32,1,1,1,1,1,1
"16976","1250","Ec_N",283,56,56,"Ec",32,1,1,1,1,1,1
"16977","1250","Ec_N",283,57,57,"Ec",32,1,1,1,1,1,1
"16978","1250","Ec_N",283,58,58,"Ec",32,1,1,1,1,1,1
"16979","1250","Ec_N",283,59,59,"Ec",32,1,1,1,1,1,1
"16980","1250","Ec_N",283,60,60,"Ec",32,1,1,1,1,1,1
"16981","1250","Ec_N",284,1,1,"Ec",1,0,0,0,0,0,0
"16982","1250","Ec_N",284,2,2,"Ec",1,0,0,0,0,0,0
"16983","1250","Ec_N",284,3,3,"Ec",1,0,0,0,0,0,0
"16984","1250","Ec_N",284,4,4,"Ec",3,0,1,0,0,0,0.082650579415114
"16985","1250","Ec_N",284,5,5,"Ec",3,0,1,0,0,0,0.082650579415114
"16986","1250","Ec_N",284,6,6,"Ec",3,0,1,0,0,0,0.082650579415114
"16987","1250","Ec_N",284,7,7,"Ec",3,0,1,0,0,0,0.082650579415114
"16988","1250","Ec_N",284,8,8,"Ec",3,0,1,0,0,0,0.082650579415114
"16989","1250","Ec_N",284,9,9,"Ec",3,0,1,0,0,0,0.082650579415114
"16990","1250","Ec_N",284,10,10,"Ec",19,0,1,0,0,1,0.179678659430889
"16991","1250","Ec_N",284,11,11,"Ec",19,0,1,0,0,1,0.179678659430889
"16992","1250","Ec_N",284,12,12,"Ec",19,0,1,0,0,1,0.179678659430889
"16993","1250","Ec_N",284,13,13,"Ec",19,0,1,0,0,1,0.179678659430889
"16994","1250","Ec_N",284,14,14,"Ec",19,0,1,0,0,1,0.179678659430889
"16995","1250","Ec_N",284,15,15,"Ec",19,0,1,0,0,1,0.179678659430889
"16996","1250","Ec_N",284,16,16,"Ec",19,0,1,0,0,1,0.179678659430889
"16997","1250","Ec_N",284,17,17,"Ec",19,0,1,0,0,1,0.179678659430889
"16998","1250","Ec_N",284,18,18,"Ec",19,0,1,0,0,1,0.179678659430889
"16999","1250","Ec_N",284,19,19,"Ec",19,0,1,0,0,1,0.179678659430889
"17000","1250","Ec_N",284,20,20,"Ec",19,0,1,0,0,1,0.179678659430889
"17001","1250","Ec_N",284,21,21,"Ec",19,0,1,0,0,1,0.179678659430889
"17002","1250","Ec_N",284,22,22,"Ec",19,0,1,0,0,1,0.179678659430889
"17003","1250","Ec_N",284,23,23,"Ec",19,0,1,0,0,1,0.179678659430889
"17004","1250","Ec_N",284,24,24,"Ec",23,0,1,1,0,1,0.511241695498657
"17005","1250","Ec_N",284,25,25,"Ec",23,0,1,1,0,1,0.511241695498657
"17006","1250","Ec_N",284,26,26,"Ec",23,0,1,1,0,1,0.511241695498657
"17007","1250","Ec_N",284,27,27,"Ec",23,0,1,1,0,1,0.511241695498657
"17008","1250","Ec_N",284,28,28,"Ec",23,0,1,1,0,1,0.511241695498657
"17009","1250","Ec_N",284,29,29,"Ec",23,0,1,1,0,1,0.511241695498657
"17010","1250","Ec_N",284,30,30,"Ec",23,0,1,1,0,1,0.511241695498657
"17011","1250","Ec_N",284,31,31,"Ec",23,0,1,1,0,1,0.511241695498657
"17012","1250","Ec_N",284,32,32,"Ec",23,0,1,1,0,1,0.511241695498657
"17013","1250","Ec_N",284,33,33,"Ec",23,0,1,1,0,1,0.511241695498657
"17014","1250","Ec_N",284,34,34,"Ec",23,0,1,1,0,1,0.511241695498657
"17015","1250","Ec_N",284,35,35,"Ec",23,0,1,1,0,1,0.511241695498657
"17016","1250","Ec_N",284,36,36,"Ec",23,0,1,1,0,1,0.511241695498657
"17017","1250","Ec_N",284,37,37,"Ec",23,0,1,1,0,1,0.511241695498657
"17018","1250","Ec_N",284,38,38,"Ec",23,0,1,1,0,1,0.511241695498657
"17019","1250","Ec_N",284,39,39,"Ec",31,0,1,1,1,1,0.778987345540232
"17020","1250","Ec_N",284,40,40,"Ec",32,1,1,1,1,1,1
"17021","1250","Ec_N",284,41,41,"Ec",32,1,1,1,1,1,1
"17022","1250","Ec_N",284,42,42,"Ec",32,1,1,1,1,1,1
"17023","1250","Ec_N",284,43,43,"Ec",32,1,1,1,1,1,1
"17024","1250","Ec_N",284,44,44,"Ec",32,1,1,1,1,1,1
"17025","1250","Ec_N",284,45,45,"Ec",32,1,1,1,1,1,1
"17026","1250","Ec_N",284,46,46,"Ec",32,1,1,1,1,1,1
"17027","1250","Ec_N",284,47,47,"Ec",32,1,1,1,1,1,1
"17028","1250","Ec_N",284,48,48,"Ec",32,1,1,1,1,1,1
"17029","1250","Ec_N",284,49,49,"Ec",32,1,1,1,1,1,1
"17030","1250","Ec_N",284,50,50,"Ec",32,1,1,1,1,1,1
"17031","1250","Ec_N",284,51,51,"Ec",32,1,1,1,1,1,1
"17032","1250","Ec_N",284,52,52,"Ec",32,1,1,1,1,1,1
"17033","1250","Ec_N",284,53,53,"Ec",32,1,1,1,1,1,1
"17034","1250","Ec_N",284,54,54,"Ec",32,1,1,1,1,1,1
"17035","1250","Ec_N",284,55,55,"Ec",32,1,1,1,1,1,1
"17036","1250","Ec_N",284,56,56,"Ec",32,1,1,1,1,1,1
"17037","1250","Ec_N",284,57,57,"Ec",32,1,1,1,1,1,1
"17038","1250","Ec_N",284,58,58,"Ec",32,1,1,1,1,1,1
"17039","1250","Ec_N",284,59,59,"Ec",32,1,1,1,1,1,1
"17040","1250","Ec_N",284,60,60,"Ec",32,1,1,1,1,1,1
"17041","1250","Ec_N",285,1,1,"Ec",1,0,0,0,0,0,0
"17042","1250","Ec_N",285,2,2,"Ec",1,0,0,0,0,0,0
"17043","1250","Ec_N",285,3,3,"Ec",5,0,0,1,0,0,0.232063491762724
"17044","1250","Ec_N",285,4,4,"Ec",5,0,0,1,0,0,0.232063491762724
"17045","1250","Ec_N",285,5,5,"Ec",5,0,0,1,0,0,0.232063491762724
"17046","1250","Ec_N",285,6,6,"Ec",5,0,0,1,0,0,0.232063491762724
"17047","1250","Ec_N",285,7,7,"Ec",5,0,0,1,0,0,0.232063491762724
"17048","1250","Ec_N",285,8,8,"Ec",5,0,0,1,0,0,0.232063491762724
"17049","1250","Ec_N",285,9,9,"Ec",5,0,0,1,0,0,0.232063491762724
"17050","1250","Ec_N",285,10,10,"Ec",5,0,0,1,0,0,0.232063491762724
"17051","1250","Ec_N",285,11,11,"Ec",5,0,0,1,0,0,0.232063491762724
"17052","1250","Ec_N",285,12,12,"Ec",5,0,0,1,0,0,0.232063491762724
"17053","1250","Ec_N",285,13,13,"Ec",5,0,0,1,0,0,0.232063491762724
"17054","1250","Ec_N",285,14,14,"Ec",5,0,0,1,0,0,0.232063491762724
"17055","1250","Ec_N",285,15,15,"Ec",5,0,0,1,0,0,0.232063491762724
"17056","1250","Ec_N",285,16,16,"Ec",21,0,0,1,0,1,0.428591116083543
"17057","1250","Ec_N",285,17,17,"Ec",21,0,0,1,0,1,0.428591116083543
"17058","1250","Ec_N",285,18,18,"Ec",21,0,0,1,0,1,0.428591116083543
"17059","1250","Ec_N",285,19,19,"Ec",21,0,0,1,0,1,0.428591116083543
"17060","1250","Ec_N",285,20,20,"Ec",23,0,1,1,0,1,0.511241695498657
"17061","1250","Ec_N",285,21,21,"Ec",24,1,1,1,0,1,0.732254349958425
"17062","1250","Ec_N",285,22,22,"Ec",24,1,1,1,0,1,0.732254349958425
"17063","1250","Ec_N",285,23,23,"Ec",24,1,1,1,0,1,0.732254349958425
"17064","1250","Ec_N",285,24,24,"Ec",24,1,1,1,0,1,0.732254349958425
"17065","1250","Ec_N",285,25,25,"Ec",24,1,1,1,0,1,0.732254349958425
"17066","1250","Ec_N",285,26,26,"Ec",24,1,1,1,0,1,0.732254349958425
"17067","1250","Ec_N",285,27,27,"Ec",24,1,1,1,0,1,0.732254349958425
"17068","1250","Ec_N",285,28,28,"Ec",24,1,1,1,0,1,0.732254349958425
"17069","1250","Ec_N",285,29,29,"Ec",24,1,1,1,0,1,0.732254349958425
"17070","1250","Ec_N",285,30,30,"Ec",24,1,1,1,0,1,0.732254349958425
"17071","1250","Ec_N",285,31,31,"Ec",24,1,1,1,0,1,0.732254349958425
"17072","1250","Ec_N",285,32,32,"Ec",24,1,1,1,0,1,0.732254349958425
"17073","1250","Ec_N",285,33,33,"Ec",24,1,1,1,0,1,0.732254349958425
"17074","1250","Ec_N",285,34,34,"Ec",24,1,1,1,0,1,0.732254349958425
"17075","1250","Ec_N",285,35,35,"Ec",24,1,1,1,0,1,0.732254349958425
"17076","1250","Ec_N",285,36,36,"Ec",24,1,1,1,0,1,0.732254349958425
"17077","1250","Ec_N",285,37,37,"Ec",24,1,1,1,0,1,0.732254349958425
"17078","1250","Ec_N",285,38,38,"Ec",24,1,1,1,0,1,0.732254349958425
"17079","1250","Ec_N",285,39,39,"Ec",24,1,1,1,0,1,0.732254349958425
"17080","1250","Ec_N",285,40,40,"Ec",24,1,1,1,0,1,0.732254349958425
"17081","1250","Ec_N",285,41,41,"Ec",24,1,1,1,0,1,0.732254349958425
"17082","1250","Ec_N",285,42,42,"Ec",32,1,1,1,1,1,1
"17083","1250","Ec_N",285,43,43,"Ec",32,1,1,1,1,1,1
"17084","1250","Ec_N",285,44,44,"Ec",32,1,1,1,1,1,1
"17085","1250","Ec_N",285,45,45,"Ec",32,1,1,1,1,1,1
"17086","1250","Ec_N",285,46,46,"Ec",32,1,1,1,1,1,1
"17087","1250","Ec_N",285,47,47,"Ec",32,1,1,1,1,1,1
"17088","1250","Ec_N",285,48,48,"Ec",32,1,1,1,1,1,1
"17089","1250","Ec_N",285,49,49,"Ec",32,1,1,1,1,1,1
"17090","1250","Ec_N",285,50,50,"Ec",32,1,1,1,1,1,1
"17091","1250","Ec_N",285,51,51,"Ec",32,1,1,1,1,1,1
"17092","1250","Ec_N",285,52,52,"Ec",32,1,1,1,1,1,1
"17093","1250","Ec_N",285,53,53,"Ec",32,1,1,1,1,1,1
"17094","1250","Ec_N",285,54,54,"Ec",32,1,1,1,1,1,1
"17095","1250","Ec_N",285,55,55,"Ec",32,1,1,1,1,1,1
"17096","1250","Ec_N",285,56,56,"Ec",32,1,1,1,1,1,1
"17097","1250","Ec_N",285,57,57,"Ec",32,1,1,1,1,1,1
"17098","1250","Ec_N",285,58,58,"Ec",32,1,1,1,1,1,1
"17099","1250","Ec_N",285,59,59,"Ec",32,1,1,1,1,1,1
"17100","1250","Ec_N",285,60,60,"Ec",32,1,1,1,1,1,1
"17101","1250","Ec_N",286,1,1,"Ec",1,0,0,0,0,0,0
"17102","1250","Ec_N",286,2,2,"Ec",1,0,0,0,0,0,0
"17103","1250","Ec_N",286,3,3,"Ec",1,0,0,0,0,0,0
"17104","1250","Ec_N",286,4,4,"Ec",1,0,0,0,0,0,0
"17105","1250","Ec_N",286,5,5,"Ec",1,0,0,0,0,0,0
"17106","1250","Ec_N",286,6,6,"Ec",1,0,0,0,0,0,0
"17107","1250","Ec_N",286,7,7,"Ec",9,0,0,0,1,0,0.267745650041575
"17108","1250","Ec_N",286,8,8,"Ec",9,0,0,0,1,0,0.267745650041575
"17109","1250","Ec_N",286,9,9,"Ec",9,0,0,0,1,0,0.267745650041575
"17110","1250","Ec_N",286,10,10,"Ec",25,0,0,0,1,1,0.464273274362394
"17111","1250","Ec_N",286,11,11,"Ec",25,0,0,0,1,1,0.464273274362394
"17112","1250","Ec_N",286,12,12,"Ec",25,0,0,0,1,1,0.464273274362394
"17113","1250","Ec_N",286,13,13,"Ec",25,0,0,0,1,1,0.464273274362394
"17114","1250","Ec_N",286,14,14,"Ec",25,0,0,0,1,1,0.464273274362394
"17115","1250","Ec_N",286,15,15,"Ec",25,0,0,0,1,1,0.464273274362394
"17116","1250","Ec_N",286,16,16,"Ec",25,0,0,0,1,1,0.464273274362394
"17117","1250","Ec_N",286,17,17,"Ec",25,0,0,0,1,1,0.464273274362394
"17118","1250","Ec_N",286,18,18,"Ec",27,0,1,0,1,1,0.50104458373578
"17119","1250","Ec_N",286,19,19,"Ec",27,0,1,0,1,1,0.50104458373578
"17120","1250","Ec_N",286,20,20,"Ec",27,0,1,0,1,1,0.50104458373578
"17121","1250","Ec_N",286,21,21,"Ec",27,0,1,0,1,1,0.50104458373578
"17122","1250","Ec_N",286,22,22,"Ec",27,0,1,0,1,1,0.50104458373578
"17123","1250","Ec_N",286,23,23,"Ec",27,0,1,0,1,1,0.50104458373578
"17124","1250","Ec_N",286,24,24,"Ec",27,0,1,0,1,1,0.50104458373578
"17125","1250","Ec_N",286,25,25,"Ec",27,0,1,0,1,1,0.50104458373578
"17126","1250","Ec_N",286,26,26,"Ec",27,0,1,0,1,1,0.50104458373578
"17127","1250","Ec_N",286,27,27,"Ec",28,1,1,0,1,1,0.770762719311211
"17128","1250","Ec_N",286,28,28,"Ec",28,1,1,0,1,1,0.770762719311211
"17129","1250","Ec_N",286,29,29,"Ec",28,1,1,0,1,1,0.770762719311211
"17130","1250","Ec_N",286,30,30,"Ec",28,1,1,0,1,1,0.770762719311211
"17131","1250","Ec_N",286,31,31,"Ec",28,1,1,0,1,1,0.770762719311211
"17132","1250","Ec_N",286,32,32,"Ec",28,1,1,0,1,1,0.770762719311211
"17133","1250","Ec_N",286,33,33,"Ec",28,1,1,0,1,1,0.770762719311211
"17134","1250","Ec_N",286,34,34,"Ec",28,1,1,0,1,1,0.770762719311211
"17135","1250","Ec_N",286,35,35,"Ec",28,1,1,0,1,1,0.770762719311211
"17136","1250","Ec_N",286,36,36,"Ec",28,1,1,0,1,1,0.770762719311211
"17137","1250","Ec_N",286,37,37,"Ec",28,1,1,0,1,1,0.770762719311211
"17138","1250","Ec_N",286,38,38,"Ec",32,1,1,1,1,1,1
"17139","1250","Ec_N",286,39,39,"Ec",32,1,1,1,1,1,1
"17140","1250","Ec_N",286,40,40,"Ec",32,1,1,1,1,1,1
"17141","1250","Ec_N",286,41,41,"Ec",32,1,1,1,1,1,1
"17142","1250","Ec_N",286,42,42,"Ec",32,1,1,1,1,1,1
"17143","1250","Ec_N",286,43,43,"Ec",32,1,1,1,1,1,1
"17144","1250","Ec_N",286,44,44,"Ec",32,1,1,1,1,1,1
"17145","1250","Ec_N",286,45,45,"Ec",32,1,1,1,1,1,1
"17146","1250","Ec_N",286,46,46,"Ec",32,1,1,1,1,1,1
"17147","1250","Ec_N",286,47,47,"Ec",32,1,1,1,1,1,1
"17148","1250","Ec_N",286,48,48,"Ec",32,1,1,1,1,1,1
"17149","1250","Ec_N",286,49,49,"Ec",32,1,1,1,1,1,1
"17150","1250","Ec_N",286,50,50,"Ec",32,1,1,1,1,1,1
"17151","1250","Ec_N",286,51,51,"Ec",32,1,1,1,1,1,1
"17152","1250","Ec_N",286,52,52,"Ec",32,1,1,1,1,1,1
"17153","1250","Ec_N",286,53,53,"Ec",32,1,1,1,1,1,1
"17154","1250","Ec_N",286,54,54,"Ec",32,1,1,1,1,1,1
"17155","1250","Ec_N",286,55,55,"Ec",32,1,1,1,1,1,1
"17156","1250","Ec_N",286,56,56,"Ec",32,1,1,1,1,1,1
"17157","1250","Ec_N",286,57,57,"Ec",32,1,1,1,1,1,1
"17158","1250","Ec_N",286,58,58,"Ec",32,1,1,1,1,1,1
"17159","1250","Ec_N",286,59,59,"Ec",32,1,1,1,1,1,1
"17160","1250","Ec_N",286,60,60,"Ec",32,1,1,1,1,1,1
"17161","1250","Ec_N",287,1,1,"Ec",1,0,0,0,0,0,0
"17162","1250","Ec_N",287,2,2,"Ec",1,0,0,0,0,0,0
"17163","1250","Ec_N",287,3,3,"Ec",1,0,0,0,0,0,0
"17164","1250","Ec_N",287,4,4,"Ec",1,0,0,0,0,0,0
"17165","1250","Ec_N",287,5,5,"Ec",9,0,0,0,1,0,0.267745650041575
"17166","1250","Ec_N",287,6,6,"Ec",9,0,0,0,1,0,0.267745650041575
"17167","1250","Ec_N",287,7,7,"Ec",9,0,0,0,1,0,0.267745650041575
"17168","1250","Ec_N",287,8,8,"Ec",9,0,0,0,1,0,0.267745650041575
"17169","1250","Ec_N",287,9,9,"Ec",9,0,0,0,1,0,0.267745650041575
"17170","1250","Ec_N",287,10,10,"Ec",9,0,0,0,1,0,0.267745650041575
"17171","1250","Ec_N",287,11,11,"Ec",9,0,0,0,1,0,0.267745650041575
"17172","1250","Ec_N",287,12,12,"Ec",9,0,0,0,1,0,0.267745650041575
"17173","1250","Ec_N",287,13,13,"Ec",9,0,0,0,1,0,0.267745650041575
"17174","1250","Ec_N",287,14,14,"Ec",9,0,0,0,1,0,0.267745650041575
"17175","1250","Ec_N",287,15,15,"Ec",9,0,0,0,1,0,0.267745650041575
"17176","1250","Ec_N",287,16,16,"Ec",25,0,0,0,1,1,0.464273274362394
"17177","1250","Ec_N",287,17,17,"Ec",25,0,0,0,1,1,0.464273274362394
"17178","1250","Ec_N",287,18,18,"Ec",25,0,0,0,1,1,0.464273274362394
"17179","1250","Ec_N",287,19,19,"Ec",25,0,0,0,1,1,0.464273274362394
"17180","1250","Ec_N",287,20,20,"Ec",26,1,0,0,1,1,0.685285928822162
"17181","1250","Ec_N",287,21,21,"Ec",30,1,0,1,1,1,0.981696467924213
"17182","1250","Ec_N",287,22,22,"Ec",30,1,0,1,1,1,0.981696467924213
"17183","1250","Ec_N",287,23,23,"Ec",30,1,0,1,1,1,0.981696467924213
"17184","1250","Ec_N",287,24,24,"Ec",30,1,0,1,1,1,0.981696467924213
"17185","1250","Ec_N",287,25,25,"Ec",30,1,0,1,1,1,0.981696467924213
"17186","1250","Ec_N",287,26,26,"Ec",30,1,0,1,1,1,0.981696467924213
"17187","1250","Ec_N",287,27,27,"Ec",30,1,0,1,1,1,0.981696467924213
"17188","1250","Ec_N",287,28,28,"Ec",30,1,0,1,1,1,0.981696467924213
"17189","1250","Ec_N",287,29,29,"Ec",30,1,0,1,1,1,0.981696467924213
"17190","1250","Ec_N",287,30,30,"Ec",30,1,0,1,1,1,0.981696467924213
"17191","1250","Ec_N",287,31,31,"Ec",30,1,0,1,1,1,0.981696467924213
"17192","1250","Ec_N",287,32,32,"Ec",30,1,0,1,1,1,0.981696467924213
"17193","1250","Ec_N",287,33,33,"Ec",30,1,0,1,1,1,0.981696467924213
"17194","1250","Ec_N",287,34,34,"Ec",30,1,0,1,1,1,0.981696467924213
"17195","1250","Ec_N",287,35,35,"Ec",30,1,0,1,1,1,0.981696467924213
"17196","1250","Ec_N",287,36,36,"Ec",30,1,0,1,1,1,0.981696467924213
"17197","1250","Ec_N",287,37,37,"Ec",30,1,0,1,1,1,0.981696467924213
"17198","1250","Ec_N",287,38,38,"Ec",30,1,0,1,1,1,0.981696467924213
"17199","1250","Ec_N",287,39,39,"Ec",30,1,0,1,1,1,0.981696467924213
"17200","1250","Ec_N",287,40,40,"Ec",30,1,0,1,1,1,0.981696467924213
"17201","1250","Ec_N",287,41,41,"Ec",30,1,0,1,1,1,0.981696467924213
"17202","1250","Ec_N",287,42,42,"Ec",30,1,0,1,1,1,0.981696467924213
"17203","1250","Ec_N",287,43,43,"Ec",30,1,0,1,1,1,0.981696467924213
"17204","1250","Ec_N",287,44,44,"Ec",30,1,0,1,1,1,0.981696467924213
"17205","1250","Ec_N",287,45,45,"Ec",30,1,0,1,1,1,0.981696467924213
"17206","1250","Ec_N",287,46,46,"Ec",30,1,0,1,1,1,0.981696467924213
"17207","1250","Ec_N",287,47,47,"Ec",30,1,0,1,1,1,0.981696467924213
"17208","1250","Ec_N",287,48,48,"Ec",30,1,0,1,1,1,0.981696467924213
"17209","1250","Ec_N",287,49,49,"Ec",30,1,0,1,1,1,0.981696467924213
"17210","1250","Ec_N",287,50,50,"Ec",32,1,1,1,1,1,1
"17211","1250","Ec_N",287,51,51,"Ec",32,1,1,1,1,1,1
"17212","1250","Ec_N",287,52,52,"Ec",32,1,1,1,1,1,1
"17213","1250","Ec_N",287,53,53,"Ec",32,1,1,1,1,1,1
"17214","1250","Ec_N",287,54,54,"Ec",32,1,1,1,1,1,1
"17215","1250","Ec_N",287,55,55,"Ec",32,1,1,1,1,1,1
"17216","1250","Ec_N",287,56,56,"Ec",32,1,1,1,1,1,1
"17217","1250","Ec_N",287,57,57,"Ec",32,1,1,1,1,1,1
"17218","1250","Ec_N",287,58,58,"Ec",32,1,1,1,1,1,1
"17219","1250","Ec_N",287,59,59,"Ec",32,1,1,1,1,1,1
"17220","1250","Ec_N",287,60,60,"Ec",32,1,1,1,1,1,1
"17221","1250","Ec_N",288,1,1,"Ec",1,0,0,0,0,0,0
"17222","1250","Ec_N",288,2,2,"Ec",1,0,0,0,0,0,0
"17223","1250","Ec_N",288,3,3,"Ec",1,0,0,0,0,0,0
"17224","1250","Ec_N",288,4,4,"Ec",1,0,0,0,0,0,0
"17225","1250","Ec_N",288,5,5,"Ec",1,0,0,0,0,0,0
"17226","1250","Ec_N",288,6,6,"Ec",3,0,1,0,0,0,0.082650579415114
"17227","1250","Ec_N",288,7,7,"Ec",3,0,1,0,0,0,0.082650579415114
"17228","1250","Ec_N",288,8,8,"Ec",3,0,1,0,0,0,0.082650579415114
"17229","1250","Ec_N",288,9,9,"Ec",3,0,1,0,0,0,0.082650579415114
"17230","1250","Ec_N",288,10,10,"Ec",19,0,1,0,0,1,0.179678659430889
"17231","1250","Ec_N",288,11,11,"Ec",19,0,1,0,0,1,0.179678659430889
"17232","1250","Ec_N",288,12,12,"Ec",20,1,1,0,0,1,0.500190858195701
"17233","1250","Ec_N",288,13,13,"Ec",24,1,1,1,0,1,0.732254349958425
"17234","1250","Ec_N",288,14,14,"Ec",24,1,1,1,0,1,0.732254349958425
"17235","1250","Ec_N",288,15,15,"Ec",24,1,1,1,0,1,0.732254349958425
"17236","1250","Ec_N",288,16,16,"Ec",24,1,1,1,0,1,0.732254349958425
"17237","1250","Ec_N",288,17,17,"Ec",24,1,1,1,0,1,0.732254349958425
"17238","1250","Ec_N",288,18,18,"Ec",24,1,1,1,0,1,0.732254349958425
"17239","1250","Ec_N",288,19,19,"Ec",24,1,1,1,0,1,0.732254349958425
"17240","1250","Ec_N",288,20,20,"Ec",24,1,1,1,0,1,0.732254349958425
"17241","1250","Ec_N",288,21,21,"Ec",24,1,1,1,0,1,0.732254349958425
"17242","1250","Ec_N",288,22,22,"Ec",24,1,1,1,0,1,0.732254349958425
"17243","1250","Ec_N",288,23,23,"Ec",24,1,1,1,0,1,0.732254349958425
"17244","1250","Ec_N",288,24,24,"Ec",24,1,1,1,0,1,0.732254349958425
"17245","1250","Ec_N",288,25,25,"Ec",24,1,1,1,0,1,0.732254349958425
"17246","1250","Ec_N",288,26,26,"Ec",24,1,1,1,0,1,0.732254349958425
"17247","1250","Ec_N",288,27,27,"Ec",24,1,1,1,0,1,0.732254349958425
"17248","1250","Ec_N",288,28,28,"Ec",24,1,1,1,0,1,0.732254349958425
"17249","1250","Ec_N",288,29,29,"Ec",24,1,1,1,0,1,0.732254349958425
"17250","1250","Ec_N",288,30,30,"Ec",24,1,1,1,0,1,0.732254349958425
"17251","1250","Ec_N",288,31,31,"Ec",24,1,1,1,0,1,0.732254349958425
"17252","1250","Ec_N",288,32,32,"Ec",24,1,1,1,0,1,0.732254349958425
"17253","1250","Ec_N",288,33,33,"Ec",24,1,1,1,0,1,0.732254349958425
"17254","1250","Ec_N",288,34,34,"Ec",32,1,1,1,1,1,1
"17255","1250","Ec_N",288,35,35,"Ec",32,1,1,1,1,1,1
"17256","1250","Ec_N",288,36,36,"Ec",32,1,1,1,1,1,1
"17257","1250","Ec_N",288,37,37,"Ec",32,1,1,1,1,1,1
"17258","1250","Ec_N",288,38,38,"Ec",32,1,1,1,1,1,1
"17259","1250","Ec_N",288,39,39,"Ec",32,1,1,1,1,1,1
"17260","1250","Ec_N",288,40,40,"Ec",32,1,1,1,1,1,1
"17261","1250","Ec_N",288,41,41,"Ec",32,1,1,1,1,1,1
"17262","1250","Ec_N",288,42,42,"Ec",32,1,1,1,1,1,1
"17263","1250","Ec_N",288,43,43,"Ec",32,1,1,1,1,1,1
"17264","1250","Ec_N",288,44,44,"Ec",32,1,1,1,1,1,1
"17265","1250","Ec_N",288,45,45,"Ec",32,1,1,1,1,1,1
"17266","1250","Ec_N",288,46,46,"Ec",32,1,1,1,1,1,1
"17267","1250","Ec_N",288,47,47,"Ec",32,1,1,1,1,1,1
"17268","1250","Ec_N",288,48,48,"Ec",32,1,1,1,1,1,1
"17269","1250","Ec_N",288,49,49,"Ec",32,1,1,1,1,1,1
"17270","1250","Ec_N",288,50,50,"Ec",32,1,1,1,1,1,1
"17271","1250","Ec_N",288,51,51,"Ec",32,1,1,1,1,1,1
"17272","1250","Ec_N",288,52,52,"Ec",32,1,1,1,1,1,1
"17273","1250","Ec_N",288,53,53,"Ec",32,1,1,1,1,1,1
"17274","1250","Ec_N",288,54,54,"Ec",32,1,1,1,1,1,1
"17275","1250","Ec_N",288,55,55,"Ec",32,1,1,1,1,1,1
"17276","1250","Ec_N",288,56,56,"Ec",32,1,1,1,1,1,1
"17277","1250","Ec_N",288,57,57,"Ec",32,1,1,1,1,1,1
"17278","1250","Ec_N",288,58,58,"Ec",32,1,1,1,1,1,1
"17279","1250","Ec_N",288,59,59,"Ec",32,1,1,1,1,1,1
"17280","1250","Ec_N",288,60,60,"Ec",32,1,1,1,1,1,1
"17281","1250","Ec_N",289,1,1,"Ec",1,0,0,0,0,0,0
"17282","1250","Ec_N",289,2,2,"Ec",2,1,0,0,0,0,0.221012654459768
"17283","1250","Ec_N",289,3,3,"Ec",2,1,0,0,0,0,0.221012654459768
"17284","1250","Ec_N",289,4,4,"Ec",2,1,0,0,0,0,0.221012654459768
"17285","1250","Ec_N",289,5,5,"Ec",2,1,0,0,0,0,0.221012654459768
"17286","1250","Ec_N",289,6,6,"Ec",2,1,0,0,0,0,0.221012654459768
"17287","1250","Ec_N",289,7,7,"Ec",2,1,0,0,0,0,0.221012654459768
"17288","1250","Ec_N",289,8,8,"Ec",2,1,0,0,0,0,0.221012654459768
"17289","1250","Ec_N",289,9,9,"Ec",10,1,0,0,1,0,0.488758304501343
"17290","1250","Ec_N",289,10,10,"Ec",10,1,0,0,1,0,0.488758304501343
"17291","1250","Ec_N",289,11,11,"Ec",10,1,0,0,1,0,0.488758304501343
"17292","1250","Ec_N",289,12,12,"Ec",10,1,0,0,1,0,0.488758304501343
"17293","1250","Ec_N",289,13,13,"Ec",10,1,0,0,1,0,0.488758304501343
"17294","1250","Ec_N",289,14,14,"Ec",10,1,0,0,1,0,0.488758304501343
"17295","1250","Ec_N",289,15,15,"Ec",10,1,0,0,1,0,0.488758304501343
"17296","1250","Ec_N",289,16,16,"Ec",10,1,0,0,1,0,0.488758304501343
"17297","1250","Ec_N",289,17,17,"Ec",10,1,0,0,1,0,0.488758304501343
"17298","1250","Ec_N",289,18,18,"Ec",26,1,0,0,1,1,0.685285928822162
"17299","1250","Ec_N",289,19,19,"Ec",26,1,0,0,1,1,0.685285928822162
"17300","1250","Ec_N",289,20,20,"Ec",26,1,0,0,1,1,0.685285928822162
"17301","1250","Ec_N",289,21,21,"Ec",26,1,0,0,1,1,0.685285928822162
"17302","1250","Ec_N",289,22,22,"Ec",26,1,0,0,1,1,0.685285928822162
"17303","1250","Ec_N",289,23,23,"Ec",26,1,0,0,1,1,0.685285928822162
"17304","1250","Ec_N",289,24,24,"Ec",26,1,0,0,1,1,0.685285928822162
"17305","1250","Ec_N",289,25,25,"Ec",26,1,0,0,1,1,0.685285928822162
"17306","1250","Ec_N",289,26,26,"Ec",26,1,0,0,1,1,0.685285928822162
"17307","1250","Ec_N",289,27,27,"Ec",26,1,0,0,1,1,0.685285928822162
"17308","1250","Ec_N",289,28,28,"Ec",26,1,0,0,1,1,0.685285928822162
"17309","1250","Ec_N",289,29,29,"Ec",26,1,0,0,1,1,0.685285928822162
"17310","1250","Ec_N",289,30,30,"Ec",26,1,0,0,1,1,0.685285928822162
"17311","1250","Ec_N",289,31,31,"Ec",26,1,0,0,1,1,0.685285928822162
"17312","1250","Ec_N",289,32,32,"Ec",26,1,0,0,1,1,0.685285928822162
"17313","1250","Ec_N",289,33,33,"Ec",26,1,0,0,1,1,0.685285928822162
"17314","1250","Ec_N",289,34,34,"Ec",26,1,0,0,1,1,0.685285928822162
"17315","1250","Ec_N",289,35,35,"Ec",26,1,0,0,1,1,0.685285928822162
"17316","1250","Ec_N",289,36,36,"Ec",26,1,0,0,1,1,0.685285928822162
"17317","1250","Ec_N",289,37,37,"Ec",26,1,0,0,1,1,0.685285928822162
"17318","1250","Ec_N",289,38,38,"Ec",26,1,0,0,1,1,0.685285928822162
"17319","1250","Ec_N",289,39,39,"Ec",26,1,0,0,1,1,0.685285928822162
"17320","1250","Ec_N",289,40,40,"Ec",26,1,0,0,1,1,0.685285928822162
"17321","1250","Ec_N",289,41,41,"Ec",28,1,1,0,1,1,0.770762719311211
"17322","1250","Ec_N",289,42,42,"Ec",28,1,1,0,1,1,0.770762719311211
"17323","1250","Ec_N",289,43,43,"Ec",28,1,1,0,1,1,0.770762719311211
"17324","1250","Ec_N",289,44,44,"Ec",28,1,1,0,1,1,0.770762719311211
"17325","1250","Ec_N",289,45,45,"Ec",28,1,1,0,1,1,0.770762719311211
"17326","1250","Ec_N",289,46,46,"Ec",28,1,1,0,1,1,0.770762719311211
"17327","1250","Ec_N",289,47,47,"Ec",28,1,1,0,1,1,0.770762719311211
"17328","1250","Ec_N",289,48,48,"Ec",28,1,1,0,1,1,0.770762719311211
"17329","1250","Ec_N",289,49,49,"Ec",28,1,1,0,1,1,0.770762719311211
"17330","1250","Ec_N",289,50,50,"Ec",28,1,1,0,1,1,0.770762719311211
"17331","1250","Ec_N",289,51,51,"Ec",28,1,1,0,1,1,0.770762719311211
"17332","1250","Ec_N",289,52,52,"Ec",28,1,1,0,1,1,0.770762719311211
"17333","1250","Ec_N",289,53,53,"Ec",28,1,1,0,1,1,0.770762719311211
"17334","1250","Ec_N",289,54,54,"Ec",28,1,1,0,1,1,0.770762719311211
"17335","1250","Ec_N",289,55,55,"Ec",28,1,1,0,1,1,0.770762719311211
"17336","1250","Ec_N",289,56,56,"Ec",28,1,1,0,1,1,0.770762719311211
"17337","1250","Ec_N",289,57,57,"Ec",28,1,1,0,1,1,0.770762719311211
"17338","1250","Ec_N",289,58,58,"Ec",28,1,1,0,1,1,0.770762719311211
"17339","1250","Ec_N",289,59,59,"Ec",28,1,1,0,1,1,0.770762719311211
"17340","1250","Ec_N",289,60,60,"Ec",28,1,1,0,1,1,0.770762719311211
"17341","1250","Ec_N",290,1,1,"Ec",1,0,0,0,0,0,0
"17342","1250","Ec_N",290,2,2,"Ec",1,0,0,0,0,0,0
"17343","1250","Ec_N",290,3,3,"Ec",1,0,0,0,0,0,0
"17344","1250","Ec_N",290,4,4,"Ec",5,0,0,1,0,0,0.232063491762724
"17345","1250","Ec_N",290,5,5,"Ec",5,0,0,1,0,0,0.232063491762724
"17346","1250","Ec_N",290,6,6,"Ec",5,0,0,1,0,0,0.232063491762724
"17347","1250","Ec_N",290,7,7,"Ec",5,0,0,1,0,0,0.232063491762724
"17348","1250","Ec_N",290,8,8,"Ec",5,0,0,1,0,0,0.232063491762724
"17349","1250","Ec_N",290,9,9,"Ec",13,0,0,1,1,0,0.499809141804299
"17350","1250","Ec_N",290,10,10,"Ec",13,0,0,1,1,0,0.499809141804299
"17351","1250","Ec_N",290,11,11,"Ec",29,0,0,1,1,1,0.696336766125118
"17352","1250","Ec_N",290,12,12,"Ec",29,0,0,1,1,1,0.696336766125118
"17353","1250","Ec_N",290,13,13,"Ec",29,0,0,1,1,1,0.696336766125118
"17354","1250","Ec_N",290,14,14,"Ec",29,0,0,1,1,1,0.696336766125118
"17355","1250","Ec_N",290,15,15,"Ec",29,0,0,1,1,1,0.696336766125118
"17356","1250","Ec_N",290,16,16,"Ec",29,0,0,1,1,1,0.696336766125118
"17357","1250","Ec_N",290,17,17,"Ec",29,0,0,1,1,1,0.696336766125118
"17358","1250","Ec_N",290,18,18,"Ec",29,0,0,1,1,1,0.696336766125118
"17359","1250","Ec_N",290,19,19,"Ec",29,0,0,1,1,1,0.696336766125118
"17360","1250","Ec_N",290,20,20,"Ec",29,0,0,1,1,1,0.696336766125118
"17361","1250","Ec_N",290,21,21,"Ec",29,0,0,1,1,1,0.696336766125118
"17362","1250","Ec_N",290,22,22,"Ec",29,0,0,1,1,1,0.696336766125118
"17363","1250","Ec_N",290,23,23,"Ec",29,0,0,1,1,1,0.696336766125118
"17364","1250","Ec_N",290,24,24,"Ec",29,0,0,1,1,1,0.696336766125118
"17365","1250","Ec_N",290,25,25,"Ec",29,0,0,1,1,1,0.696336766125118
"17366","1250","Ec_N",290,26,26,"Ec",29,0,0,1,1,1,0.696336766125118
"17367","1250","Ec_N",290,27,27,"Ec",29,0,0,1,1,1,0.696336766125118
"17368","1250","Ec_N",290,28,28,"Ec",29,0,0,1,1,1,0.696336766125118
"17369","1250","Ec_N",290,29,29,"Ec",29,0,0,1,1,1,0.696336766125118
"17370","1250","Ec_N",290,30,30,"Ec",29,0,0,1,1,1,0.696336766125118
"17371","1250","Ec_N",290,31,31,"Ec",29,0,0,1,1,1,0.696336766125118
"17372","1250","Ec_N",290,32,32,"Ec",29,0,0,1,1,1,0.696336766125118
"17373","1250","Ec_N",290,33,33,"Ec",29,0,0,1,1,1,0.696336766125118
"17374","1250","Ec_N",290,34,34,"Ec",29,0,0,1,1,1,0.696336766125118
"17375","1250","Ec_N",290,35,35,"Ec",31,0,1,1,1,1,0.778987345540232
"17376","1250","Ec_N",290,36,36,"Ec",31,0,1,1,1,1,0.778987345540232
"17377","1250","Ec_N",290,37,37,"Ec",31,0,1,1,1,1,0.778987345540232
"17378","1250","Ec_N",290,38,38,"Ec",31,0,1,1,1,1,0.778987345540232
"17379","1250","Ec_N",290,39,39,"Ec",31,0,1,1,1,1,0.778987345540232
"17380","1250","Ec_N",290,40,40,"Ec",31,0,1,1,1,1,0.778987345540232
"17381","1250","Ec_N",290,41,41,"Ec",31,0,1,1,1,1,0.778987345540232
"17382","1250","Ec_N",290,42,42,"Ec",31,0,1,1,1,1,0.778987345540232
"17383","1250","Ec_N",290,43,43,"Ec",31,0,1,1,1,1,0.778987345540232
"17384","1250","Ec_N",290,44,44,"Ec",31,0,1,1,1,1,0.778987345540232
"17385","1250","Ec_N",290,45,45,"Ec",31,0,1,1,1,1,0.778987345540232
"17386","1250","Ec_N",290,46,46,"Ec",31,0,1,1,1,1,0.778987345540232
"17387","1250","Ec_N",290,47,47,"Ec",31,0,1,1,1,1,0.778987345540232
"17388","1250","Ec_N",290,48,48,"Ec",31,0,1,1,1,1,0.778987345540232
"17389","1250","Ec_N",290,49,49,"Ec",31,0,1,1,1,1,0.778987345540232
"17390","1250","Ec_N",290,50,50,"Ec",31,0,1,1,1,1,0.778987345540232
"17391","1250","Ec_N",290,51,51,"Ec",31,0,1,1,1,1,0.778987345540232
"17392","1250","Ec_N",290,52,52,"Ec",31,0,1,1,1,1,0.778987345540232
"17393","1250","Ec_N",290,53,53,"Ec",31,0,1,1,1,1,0.778987345540232
"17394","1250","Ec_N",290,54,54,"Ec",31,0,1,1,1,1,0.778987345540232
"17395","1250","Ec_N",290,55,55,"Ec",31,0,1,1,1,1,0.778987345540232
"17396","1250","Ec_N",290,56,56,"Ec",31,0,1,1,1,1,0.778987345540232
"17397","1250","Ec_N",290,57,57,"Ec",31,0,1,1,1,1,0.778987345540232
"17398","1250","Ec_N",290,58,58,"Ec",31,0,1,1,1,1,0.778987345540232
"17399","1250","Ec_N",290,59,59,"Ec",31,0,1,1,1,1,0.778987345540232
"17400","1250","Ec_N",290,60,60,"Ec",31,0,1,1,1,1,0.778987345540232
"17401","1250","Ec_N",291,1,1,"Ec",1,0,0,0,0,0,0
"17402","1250","Ec_N",291,2,2,"Ec",1,0,0,0,0,0,0
"17403","1250","Ec_N",291,3,3,"Ec",1,0,0,0,0,0,0
"17404","1250","Ec_N",291,4,4,"Ec",1,0,0,0,0,0,0
"17405","1250","Ec_N",291,5,5,"Ec",1,0,0,0,0,0,0
"17406","1250","Ec_N",291,6,6,"Ec",2,1,0,0,0,0,0.221012654459768
"17407","1250","Ec_N",291,7,7,"Ec",2,1,0,0,0,0,0.221012654459768
"17408","1250","Ec_N",291,8,8,"Ec",2,1,0,0,0,0,0.221012654459768
"17409","1250","Ec_N",291,9,9,"Ec",2,1,0,0,0,0,0.221012654459768
"17410","1250","Ec_N",291,10,10,"Ec",10,1,0,0,1,0,0.488758304501343
"17411","1250","Ec_N",291,11,11,"Ec",10,1,0,0,1,0,0.488758304501343
"17412","1250","Ec_N",291,12,12,"Ec",10,1,0,0,1,0,0.488758304501343
"17413","1250","Ec_N",291,13,13,"Ec",10,1,0,0,1,0,0.488758304501343
"17414","1250","Ec_N",291,14,14,"Ec",10,1,0,0,1,0,0.488758304501343
"17415","1250","Ec_N",291,15,15,"Ec",10,1,0,0,1,0,0.488758304501343
"17416","1250","Ec_N",291,16,16,"Ec",10,1,0,0,1,0,0.488758304501343
"17417","1250","Ec_N",291,17,17,"Ec",10,1,0,0,1,0,0.488758304501343
"17418","1250","Ec_N",291,18,18,"Ec",10,1,0,0,1,0,0.488758304501343
"17419","1250","Ec_N",291,19,19,"Ec",10,1,0,0,1,0,0.488758304501343
"17420","1250","Ec_N",291,20,20,"Ec",10,1,0,0,1,0,0.488758304501343
"17421","1250","Ec_N",291,21,21,"Ec",10,1,0,0,1,0,0.488758304501343
"17422","1250","Ec_N",291,22,22,"Ec",10,1,0,0,1,0,0.488758304501343
"17423","1250","Ec_N",291,23,23,"Ec",26,1,0,0,1,1,0.685285928822162
"17424","1250","Ec_N",291,24,24,"Ec",26,1,0,0,1,1,0.685285928822162
"17425","1250","Ec_N",291,25,25,"Ec",26,1,0,0,1,1,0.685285928822162
"17426","1250","Ec_N",291,26,26,"Ec",26,1,0,0,1,1,0.685285928822162
"17427","1250","Ec_N",291,27,27,"Ec",26,1,0,0,1,1,0.685285928822162
"17428","1250","Ec_N",291,28,28,"Ec",26,1,0,0,1,1,0.685285928822162
"17429","1250","Ec_N",291,29,29,"Ec",26,1,0,0,1,1,0.685285928822162
"17430","1250","Ec_N",291,30,30,"Ec",26,1,0,0,1,1,0.685285928822162
"17431","1250","Ec_N",291,31,31,"Ec",26,1,0,0,1,1,0.685285928822162
"17432","1250","Ec_N",291,32,32,"Ec",26,1,0,0,1,1,0.685285928822162
"17433","1250","Ec_N",291,33,33,"Ec",26,1,0,0,1,1,0.685285928822162
"17434","1250","Ec_N",291,34,34,"Ec",26,1,0,0,1,1,0.685285928822162
"17435","1250","Ec_N",291,35,35,"Ec",26,1,0,0,1,1,0.685285928822162
"17436","1250","Ec_N",291,36,36,"Ec",26,1,0,0,1,1,0.685285928822162
"17437","1250","Ec_N",291,37,37,"Ec",26,1,0,0,1,1,0.685285928822162
"17438","1250","Ec_N",291,38,38,"Ec",26,1,0,0,1,1,0.685285928822162
"17439","1250","Ec_N",291,39,39,"Ec",26,1,0,0,1,1,0.685285928822162
"17440","1250","Ec_N",291,40,40,"Ec",26,1,0,0,1,1,0.685285928822162
"17441","1250","Ec_N",291,41,41,"Ec",26,1,0,0,1,1,0.685285928822162
"17442","1250","Ec_N",291,42,42,"Ec",26,1,0,0,1,1,0.685285928822162
"17443","1250","Ec_N",291,43,43,"Ec",26,1,0,0,1,1,0.685285928822162
"17444","1250","Ec_N",291,44,44,"Ec",28,1,1,0,1,1,0.770762719311211
"17445","1250","Ec_N",291,45,45,"Ec",28,1,1,0,1,1,0.770762719311211
"17446","1250","Ec_N",291,46,46,"Ec",28,1,1,0,1,1,0.770762719311211
"17447","1250","Ec_N",291,47,47,"Ec",28,1,1,0,1,1,0.770762719311211
"17448","1250","Ec_N",291,48,48,"Ec",28,1,1,0,1,1,0.770762719311211
"17449","1250","Ec_N",291,49,49,"Ec",28,1,1,0,1,1,0.770762719311211
"17450","1250","Ec_N",291,50,50,"Ec",28,1,1,0,1,1,0.770762719311211
"17451","1250","Ec_N",291,51,51,"Ec",28,1,1,0,1,1,0.770762719311211
"17452","1250","Ec_N",291,52,52,"Ec",28,1,1,0,1,1,0.770762719311211
"17453","1250","Ec_N",291,53,53,"Ec",28,1,1,0,1,1,0.770762719311211
"17454","1250","Ec_N",291,54,54,"Ec",28,1,1,0,1,1,0.770762719311211
"17455","1250","Ec_N",291,55,55,"Ec",32,1,1,1,1,1,1
"17456","1250","Ec_N",291,56,56,"Ec",32,1,1,1,1,1,1
"17457","1250","Ec_N",291,57,57,"Ec",32,1,1,1,1,1,1
"17458","1250","Ec_N",291,58,58,"Ec",32,1,1,1,1,1,1
"17459","1250","Ec_N",291,59,59,"Ec",32,1,1,1,1,1,1
"17460","1250","Ec_N",291,60,60,"Ec",32,1,1,1,1,1,1
"17461","1250","Ec_N",292,1,1,"Ec",1,0,0,0,0,0,0
"17462","1250","Ec_N",292,2,2,"Ec",1,0,0,0,0,0,0
"17463","1250","Ec_N",292,3,3,"Ec",1,0,0,0,0,0,0
"17464","1250","Ec_N",292,4,4,"Ec",1,0,0,0,0,0,0
"17465","1250","Ec_N",292,5,5,"Ec",1,0,0,0,0,0,0
"17466","1250","Ec_N",292,6,6,"Ec",1,0,0,0,0,0,0
"17467","1250","Ec_N",292,7,7,"Ec",1,0,0,0,0,0,0
"17468","1250","Ec_N",292,8,8,"Ec",5,0,0,1,0,0,0.232063491762724
"17469","1250","Ec_N",292,9,9,"Ec",5,0,0,1,0,0,0.232063491762724
"17470","1250","Ec_N",292,10,10,"Ec",5,0,0,1,0,0,0.232063491762724
"17471","1250","Ec_N",292,11,11,"Ec",7,0,1,1,0,0,0.314714071177838
"17472","1250","Ec_N",292,12,12,"Ec",7,0,1,1,0,0,0.314714071177838
"17473","1250","Ec_N",292,13,13,"Ec",7,0,1,1,0,0,0.314714071177838
"17474","1250","Ec_N",292,14,14,"Ec",7,0,1,1,0,0,0.314714071177838
"17475","1250","Ec_N",292,15,15,"Ec",7,0,1,1,0,0,0.314714071177838
"17476","1250","Ec_N",292,16,16,"Ec",7,0,1,1,0,0,0.314714071177838
"17477","1250","Ec_N",292,17,17,"Ec",7,0,1,1,0,0,0.314714071177838
"17478","1250","Ec_N",292,18,18,"Ec",7,0,1,1,0,0,0.314714071177838
"17479","1250","Ec_N",292,19,19,"Ec",8,1,1,1,0,0,0.440600849145421
"17480","1250","Ec_N",292,20,20,"Ec",16,1,1,1,1,0,0.879284144928883
"17481","1250","Ec_N",292,21,21,"Ec",16,1,1,1,1,0,0.879284144928883
"17482","1250","Ec_N",292,22,22,"Ec",16,1,1,1,1,0,0.879284144928883
"17483","1250","Ec_N",292,23,23,"Ec",16,1,1,1,1,0,0.879284144928883
"17484","1250","Ec_N",292,24,24,"Ec",16,1,1,1,1,0,0.879284144928883
"17485","1250","Ec_N",292,25,25,"Ec",16,1,1,1,1,0,0.879284144928883
"17486","1250","Ec_N",292,26,26,"Ec",16,1,1,1,1,0,0.879284144928883
"17487","1250","Ec_N",292,27,27,"Ec",16,1,1,1,1,0,0.879284144928883
"17488","1250","Ec_N",292,28,28,"Ec",16,1,1,1,1,0,0.879284144928883
"17489","1250","Ec_N",292,29,29,"Ec",32,1,1,1,1,1,1
"17490","1250","Ec_N",292,30,30,"Ec",32,1,1,1,1,1,1
"17491","1250","Ec_N",292,31,31,"Ec",32,1,1,1,1,1,1
"17492","1250","Ec_N",292,32,32,"Ec",32,1,1,1,1,1,1
"17493","1250","Ec_N",292,33,33,"Ec",32,1,1,1,1,1,1
"17494","1250","Ec_N",292,34,34,"Ec",32,1,1,1,1,1,1
"17495","1250","Ec_N",292,35,35,"Ec",32,1,1,1,1,1,1
"17496","1250","Ec_N",292,36,36,"Ec",32,1,1,1,1,1,1
"17497","1250","Ec_N",292,37,37,"Ec",32,1,1,1,1,1,1
"17498","1250","Ec_N",292,38,38,"Ec",32,1,1,1,1,1,1
"17499","1250","Ec_N",292,39,39,"Ec",32,1,1,1,1,1,1
"17500","1250","Ec_N",292,40,40,"Ec",32,1,1,1,1,1,1
"17501","1250","Ec_N",292,41,41,"Ec",32,1,1,1,1,1,1
"17502","1250","Ec_N",292,42,42,"Ec",32,1,1,1,1,1,1
"17503","1250","Ec_N",292,43,43,"Ec",32,1,1,1,1,1,1
"17504","1250","Ec_N",292,44,44,"Ec",32,1,1,1,1,1,1
"17505","1250","Ec_N",292,45,45,"Ec",32,1,1,1,1,1,1
"17506","1250","Ec_N",292,46,46,"Ec",32,1,1,1,1,1,1
"17507","1250","Ec_N",292,47,47,"Ec",32,1,1,1,1,1,1
"17508","1250","Ec_N",292,48,48,"Ec",32,1,1,1,1,1,1
"17509","1250","Ec_N",292,49,49,"Ec",32,1,1,1,1,1,1
"17510","1250","Ec_N",292,50,50,"Ec",32,1,1,1,1,1,1
"17511","1250","Ec_N",292,51,51,"Ec",32,1,1,1,1,1,1
"17512","1250","Ec_N",292,52,52,"Ec",32,1,1,1,1,1,1
"17513","1250","Ec_N",292,53,53,"Ec",32,1,1,1,1,1,1
"17514","1250","Ec_N",292,54,54,"Ec",32,1,1,1,1,1,1
"17515","1250","Ec_N",292,55,55,"Ec",32,1,1,1,1,1,1
"17516","1250","Ec_N",292,56,56,"Ec",32,1,1,1,1,1,1
"17517","1250","Ec_N",292,57,57,"Ec",32,1,1,1,1,1,1
"17518","1250","Ec_N",292,58,58,"Ec",32,1,1,1,1,1,1
"17519","1250","Ec_N",292,59,59,"Ec",32,1,1,1,1,1,1
"17520","1250","Ec_N",292,60,60,"Ec",32,1,1,1,1,1,1
"17521","1250","Ec_N",293,1,1,"Ec",1,0,0,0,0,0,0
"17522","1250","Ec_N",293,2,2,"Ec",1,0,0,0,0,0,0
"17523","1250","Ec_N",293,3,3,"Ec",5,0,0,1,0,0,0.232063491762724
"17524","1250","Ec_N",293,4,4,"Ec",5,0,0,1,0,0,0.232063491762724
"17525","1250","Ec_N",293,5,5,"Ec",5,0,0,1,0,0,0.232063491762724
"17526","1250","Ec_N",293,6,6,"Ec",5,0,0,1,0,0,0.232063491762724
"17527","1250","Ec_N",293,7,7,"Ec",6,1,0,1,0,0,0.453076146222492
"17528","1250","Ec_N",293,8,8,"Ec",6,1,0,1,0,0,0.453076146222492
"17529","1250","Ec_N",293,9,9,"Ec",6,1,0,1,0,0,0.453076146222492
"17530","1250","Ec_N",293,10,10,"Ec",6,1,0,1,0,0,0.453076146222492
"17531","1250","Ec_N",293,11,11,"Ec",6,1,0,1,0,0,0.453076146222492
"17532","1250","Ec_N",293,12,12,"Ec",6,1,0,1,0,0,0.453076146222492
"17533","1250","Ec_N",293,13,13,"Ec",6,1,0,1,0,0,0.453076146222492
"17534","1250","Ec_N",293,14,14,"Ec",22,1,0,1,0,1,0.649603770543311
"17535","1250","Ec_N",293,15,15,"Ec",22,1,0,1,0,1,0.649603770543311
"17536","1250","Ec_N",293,16,16,"Ec",22,1,0,1,0,1,0.649603770543311
"17537","1250","Ec_N",293,17,17,"Ec",22,1,0,1,0,1,0.649603770543311
"17538","1250","Ec_N",293,18,18,"Ec",22,1,0,1,0,1,0.649603770543311
"17539","1250","Ec_N",293,19,19,"Ec",22,1,0,1,0,1,0.649603770543311
"17540","1250","Ec_N",293,20,20,"Ec",22,1,0,1,0,1,0.649603770543311
"17541","1250","Ec_N",293,21,21,"Ec",22,1,0,1,0,1,0.649603770543311
"17542","1250","Ec_N",293,22,22,"Ec",22,1,0,1,0,1,0.649603770543311
"17543","1250","Ec_N",293,23,23,"Ec",22,1,0,1,0,1,0.649603770543311
"17544","1250","Ec_N",293,24,24,"Ec",22,1,0,1,0,1,0.649603770543311
"17545","1250","Ec_N",293,25,25,"Ec",22,1,0,1,0,1,0.649603770543311
"17546","1250","Ec_N",293,26,26,"Ec",22,1,0,1,0,1,0.649603770543311
"17547","1250","Ec_N",293,27,27,"Ec",22,1,0,1,0,1,0.649603770543311
"17548","1250","Ec_N",293,28,28,"Ec",22,1,0,1,0,1,0.649603770543311
"17549","1250","Ec_N",293,29,29,"Ec",22,1,0,1,0,1,0.649603770543311
"17550","1250","Ec_N",293,30,30,"Ec",24,1,1,1,0,1,0.732254349958425
"17551","1250","Ec_N",293,31,31,"Ec",24,1,1,1,0,1,0.732254349958425
"17552","1250","Ec_N",293,32,32,"Ec",24,1,1,1,0,1,0.732254349958425
"17553","1250","Ec_N",293,33,33,"Ec",24,1,1,1,0,1,0.732254349958425
"17554","1250","Ec_N",293,34,34,"Ec",24,1,1,1,0,1,0.732254349958425
"17555","1250","Ec_N",293,35,35,"Ec",24,1,1,1,0,1,0.732254349958425
"17556","1250","Ec_N",293,36,36,"Ec",24,1,1,1,0,1,0.732254349958425
"17557","1250","Ec_N",293,37,37,"Ec",24,1,1,1,0,1,0.732254349958425
"17558","1250","Ec_N",293,38,38,"Ec",24,1,1,1,0,1,0.732254349958425
"17559","1250","Ec_N",293,39,39,"Ec",24,1,1,1,0,1,0.732254349958425
"17560","1250","Ec_N",293,40,40,"Ec",24,1,1,1,0,1,0.732254349958425
"17561","1250","Ec_N",293,41,41,"Ec",24,1,1,1,0,1,0.732254349958425
"17562","1250","Ec_N",293,42,42,"Ec",24,1,1,1,0,1,0.732254349958425
"17563","1250","Ec_N",293,43,43,"Ec",24,1,1,1,0,1,0.732254349958425
"17564","1250","Ec_N",293,44,44,"Ec",24,1,1,1,0,1,0.732254349958425
"17565","1250","Ec_N",293,45,45,"Ec",24,1,1,1,0,1,0.732254349958425
"17566","1250","Ec_N",293,46,46,"Ec",24,1,1,1,0,1,0.732254349958425
"17567","1250","Ec_N",293,47,47,"Ec",24,1,1,1,0,1,0.732254349958425
"17568","1250","Ec_N",293,48,48,"Ec",24,1,1,1,0,1,0.732254349958425
"17569","1250","Ec_N",293,49,49,"Ec",24,1,1,1,0,1,0.732254349958425
"17570","1250","Ec_N",293,50,50,"Ec",24,1,1,1,0,1,0.732254349958425
"17571","1250","Ec_N",293,51,51,"Ec",24,1,1,1,0,1,0.732254349958425
"17572","1250","Ec_N",293,52,52,"Ec",32,1,1,1,1,1,1
"17573","1250","Ec_N",293,53,53,"Ec",32,1,1,1,1,1,1
"17574","1250","Ec_N",293,54,54,"Ec",32,1,1,1,1,1,1
"17575","1250","Ec_N",293,55,55,"Ec",32,1,1,1,1,1,1
"17576","1250","Ec_N",293,56,56,"Ec",32,1,1,1,1,1,1
"17577","1250","Ec_N",293,57,57,"Ec",32,1,1,1,1,1,1
"17578","1250","Ec_N",293,58,58,"Ec",32,1,1,1,1,1,1
"17579","1250","Ec_N",293,59,59,"Ec",32,1,1,1,1,1,1
"17580","1250","Ec_N",293,60,60,"Ec",32,1,1,1,1,1,1
"17581","1250","Ec_N",294,1,1,"Ec",1,0,0,0,0,0,0
"17582","1250","Ec_N",294,2,2,"Ec",1,0,0,0,0,0,0
"17583","1250","Ec_N",294,3,3,"Ec",1,0,0,0,0,0,0
"17584","1250","Ec_N",294,4,4,"Ec",9,0,0,0,1,0,0.267745650041575
"17585","1250","Ec_N",294,5,5,"Ec",25,0,0,0,1,1,0.464273274362394
"17586","1250","Ec_N",294,6,6,"Ec",25,0,0,0,1,1,0.464273274362394
"17587","1250","Ec_N",294,7,7,"Ec",26,1,0,0,1,1,0.685285928822162
"17588","1250","Ec_N",294,8,8,"Ec",26,1,0,0,1,1,0.685285928822162
"17589","1250","Ec_N",294,9,9,"Ec",26,1,0,0,1,1,0.685285928822162
"17590","1250","Ec_N",294,10,10,"Ec",26,1,0,0,1,1,0.685285928822162
"17591","1250","Ec_N",294,11,11,"Ec",26,1,0,0,1,1,0.685285928822162
"17592","1250","Ec_N",294,12,12,"Ec",26,1,0,0,1,1,0.685285928822162
"17593","1250","Ec_N",294,13,13,"Ec",26,1,0,0,1,1,0.685285928822162
"17594","1250","Ec_N",294,14,14,"Ec",26,1,0,0,1,1,0.685285928822162
"17595","1250","Ec_N",294,15,15,"Ec",26,1,0,0,1,1,0.685285928822162
"17596","1250","Ec_N",294,16,16,"Ec",26,1,0,0,1,1,0.685285928822162
"17597","1250","Ec_N",294,17,17,"Ec",26,1,0,0,1,1,0.685285928822162
"17598","1250","Ec_N",294,18,18,"Ec",30,1,0,1,1,1,0.981696467924213
"17599","1250","Ec_N",294,19,19,"Ec",32,1,1,1,1,1,1
"17600","1250","Ec_N",294,20,20,"Ec",32,1,1,1,1,1,1
"17601","1250","Ec_N",294,21,21,"Ec",32,1,1,1,1,1,1
"17602","1250","Ec_N",294,22,22,"Ec",32,1,1,1,1,1,1
"17603","1250","Ec_N",294,23,23,"Ec",32,1,1,1,1,1,1
"17604","1250","Ec_N",294,24,24,"Ec",32,1,1,1,1,1,1
"17605","1250","Ec_N",294,25,25,"Ec",32,1,1,1,1,1,1
"17606","1250","Ec_N",294,26,26,"Ec",32,1,1,1,1,1,1
"17607","1250","Ec_N",294,27,27,"Ec",32,1,1,1,1,1,1
"17608","1250","Ec_N",294,28,28,"Ec",32,1,1,1,1,1,1
"17609","1250","Ec_N",294,29,29,"Ec",32,1,1,1,1,1,1
"17610","1250","Ec_N",294,30,30,"Ec",32,1,1,1,1,1,1
"17611","1250","Ec_N",294,31,31,"Ec",32,1,1,1,1,1,1
"17612","1250","Ec_N",294,32,32,"Ec",32,1,1,1,1,1,1
"17613","1250","Ec_N",294,33,33,"Ec",32,1,1,1,1,1,1
"17614","1250","Ec_N",294,34,34,"Ec",32,1,1,1,1,1,1
"17615","1250","Ec_N",294,35,35,"Ec",32,1,1,1,1,1,1
"17616","1250","Ec_N",294,36,36,"Ec",32,1,1,1,1,1,1
"17617","1250","Ec_N",294,37,37,"Ec",32,1,1,1,1,1,1
"17618","1250","Ec_N",294,38,38,"Ec",32,1,1,1,1,1,1
"17619","1250","Ec_N",294,39,39,"Ec",32,1,1,1,1,1,1
"17620","1250","Ec_N",294,40,40,"Ec",32,1,1,1,1,1,1
"17621","1250","Ec_N",294,41,41,"Ec",32,1,1,1,1,1,1
"17622","1250","Ec_N",294,42,42,"Ec",32,1,1,1,1,1,1
"17623","1250","Ec_N",294,43,43,"Ec",32,1,1,1,1,1,1
"17624","1250","Ec_N",294,44,44,"Ec",32,1,1,1,1,1,1
"17625","1250","Ec_N",294,45,45,"Ec",32,1,1,1,1,1,1
"17626","1250","Ec_N",294,46,46,"Ec",32,1,1,1,1,1,1
"17627","1250","Ec_N",294,47,47,"Ec",32,1,1,1,1,1,1
"17628","1250","Ec_N",294,48,48,"Ec",32,1,1,1,1,1,1
"17629","1250","Ec_N",294,49,49,"Ec",32,1,1,1,1,1,1
"17630","1250","Ec_N",294,50,50,"Ec",32,1,1,1,1,1,1
"17631","1250","Ec_N",294,51,51,"Ec",32,1,1,1,1,1,1
"17632","1250","Ec_N",294,52,52,"Ec",32,1,1,1,1,1,1
"17633","1250","Ec_N",294,53,53,"Ec",32,1,1,1,1,1,1
"17634","1250","Ec_N",294,54,54,"Ec",32,1,1,1,1,1,1
"17635","1250","Ec_N",294,55,55,"Ec",32,1,1,1,1,1,1
"17636","1250","Ec_N",294,56,56,"Ec",32,1,1,1,1,1,1
"17637","1250","Ec_N",294,57,57,"Ec",32,1,1,1,1,1,1
"17638","1250","Ec_N",294,58,58,"Ec",32,1,1,1,1,1,1
"17639","1250","Ec_N",294,59,59,"Ec",32,1,1,1,1,1,1
"17640","1250","Ec_N",294,60,60,"Ec",32,1,1,1,1,1,1
"17641","1250","Ec_N",295,1,1,"Ec",1,0,0,0,0,0,0
"17642","1250","Ec_N",295,2,2,"Ec",1,0,0,0,0,0,0
"17643","1250","Ec_N",295,3,3,"Ec",1,0,0,0,0,0,0
"17644","1250","Ec_N",295,4,4,"Ec",1,0,0,0,0,0,0
"17645","1250","Ec_N",295,5,5,"Ec",1,0,0,0,0,0,0
"17646","1250","Ec_N",295,6,6,"Ec",1,0,0,0,0,0,0
"17647","1250","Ec_N",295,7,7,"Ec",1,0,0,0,0,0,0
"17648","1250","Ec_N",295,8,8,"Ec",1,0,0,0,0,0,0
"17649","1250","Ec_N",295,9,9,"Ec",1,0,0,0,0,0,0
"17650","1250","Ec_N",295,10,10,"Ec",1,0,0,0,0,0,0
"17651","1250","Ec_N",295,11,11,"Ec",1,0,0,0,0,0,0
"17652","1250","Ec_N",295,12,12,"Ec",1,0,0,0,0,0,0
"17653","1250","Ec_N",295,13,13,"Ec",1,0,0,0,0,0,0
"17654","1250","Ec_N",295,14,14,"Ec",9,0,0,0,1,0,0.267745650041575
"17655","1250","Ec_N",295,15,15,"Ec",10,1,0,0,1,0,0.488758304501343
"17656","1250","Ec_N",295,16,16,"Ec",10,1,0,0,1,0,0.488758304501343
"17657","1250","Ec_N",295,17,17,"Ec",10,1,0,0,1,0,0.488758304501343
"17658","1250","Ec_N",295,18,18,"Ec",10,1,0,0,1,0,0.488758304501343
"17659","1250","Ec_N",295,19,19,"Ec",10,1,0,0,1,0,0.488758304501343
"17660","1250","Ec_N",295,20,20,"Ec",10,1,0,0,1,0,0.488758304501343
"17661","1250","Ec_N",295,21,21,"Ec",10,1,0,0,1,0,0.488758304501343
"17662","1250","Ec_N",295,22,22,"Ec",26,1,0,0,1,1,0.685285928822162
"17663","1250","Ec_N",295,23,23,"Ec",26,1,0,0,1,1,0.685285928822162
"17664","1250","Ec_N",295,24,24,"Ec",26,1,0,0,1,1,0.685285928822162
"17665","1250","Ec_N",295,25,25,"Ec",26,1,0,0,1,1,0.685285928822162
"17666","1250","Ec_N",295,26,26,"Ec",26,1,0,0,1,1,0.685285928822162
"17667","1250","Ec_N",295,27,27,"Ec",26,1,0,0,1,1,0.685285928822162
"17668","1250","Ec_N",295,28,28,"Ec",30,1,0,1,1,1,0.981696467924213
"17669","1250","Ec_N",295,29,29,"Ec",30,1,0,1,1,1,0.981696467924213
"17670","1250","Ec_N",295,30,30,"Ec",30,1,0,1,1,1,0.981696467924213
"17671","1250","Ec_N",295,31,31,"Ec",30,1,0,1,1,1,0.981696467924213
"17672","1250","Ec_N",295,32,32,"Ec",30,1,0,1,1,1,0.981696467924213
"17673","1250","Ec_N",295,33,33,"Ec",30,1,0,1,1,1,0.981696467924213
"17674","1250","Ec_N",295,34,34,"Ec",30,1,0,1,1,1,0.981696467924213
"17675","1250","Ec_N",295,35,35,"Ec",30,1,0,1,1,1,0.981696467924213
"17676","1250","Ec_N",295,36,36,"Ec",30,1,0,1,1,1,0.981696467924213
"17677","1250","Ec_N",295,37,37,"Ec",32,1,1,1,1,1,1
"17678","1250","Ec_N",295,38,38,"Ec",32,1,1,1,1,1,1
"17679","1250","Ec_N",295,39,39,"Ec",32,1,1,1,1,1,1
"17680","1250","Ec_N",295,40,40,"Ec",32,1,1,1,1,1,1
"17681","1250","Ec_N",295,41,41,"Ec",32,1,1,1,1,1,1
"17682","1250","Ec_N",295,42,42,"Ec",32,1,1,1,1,1,1
"17683","1250","Ec_N",295,43,43,"Ec",32,1,1,1,1,1,1
"17684","1250","Ec_N",295,44,44,"Ec",32,1,1,1,1,1,1
"17685","1250","Ec_N",295,45,45,"Ec",32,1,1,1,1,1,1
"17686","1250","Ec_N",295,46,46,"Ec",32,1,1,1,1,1,1
"17687","1250","Ec_N",295,47,47,"Ec",32,1,1,1,1,1,1
"17688","1250","Ec_N",295,48,48,"Ec",32,1,1,1,1,1,1
"17689","1250","Ec_N",295,49,49,"Ec",32,1,1,1,1,1,1
"17690","1250","Ec_N",295,50,50,"Ec",32,1,1,1,1,1,1
"17691","1250","Ec_N",295,51,51,"Ec",32,1,1,1,1,1,1
"17692","1250","Ec_N",295,52,52,"Ec",32,1,1,1,1,1,1
"17693","1250","Ec_N",295,53,53,"Ec",32,1,1,1,1,1,1
"17694","1250","Ec_N",295,54,54,"Ec",32,1,1,1,1,1,1
"17695","1250","Ec_N",295,55,55,"Ec",32,1,1,1,1,1,1
"17696","1250","Ec_N",295,56,56,"Ec",32,1,1,1,1,1,1
"17697","1250","Ec_N",295,57,57,"Ec",32,1,1,1,1,1,1
"17698","1250","Ec_N",295,58,58,"Ec",32,1,1,1,1,1,1
"17699","1250","Ec_N",295,59,59,"Ec",32,1,1,1,1,1,1
"17700","1250","Ec_N",295,60,60,"Ec",32,1,1,1,1,1,1
"17701","1250","Ec_N",296,1,1,"Ec",1,0,0,0,0,0,0
"17702","1250","Ec_N",296,2,2,"Ec",1,0,0,0,0,0,0
"17703","1250","Ec_N",296,3,3,"Ec",1,0,0,0,0,0,0
"17704","1250","Ec_N",296,4,4,"Ec",3,0,1,0,0,0,0.082650579415114
"17705","1250","Ec_N",296,5,5,"Ec",3,0,1,0,0,0,0.082650579415114
"17706","1250","Ec_N",296,6,6,"Ec",3,0,1,0,0,0,0.082650579415114
"17707","1250","Ec_N",296,7,7,"Ec",3,0,1,0,0,0,0.082650579415114
"17708","1250","Ec_N",296,8,8,"Ec",3,0,1,0,0,0,0.082650579415114
"17709","1250","Ec_N",296,9,9,"Ec",3,0,1,0,0,0,0.082650579415114
"17710","1250","Ec_N",296,10,10,"Ec",19,0,1,0,0,1,0.179678659430889
"17711","1250","Ec_N",296,11,11,"Ec",19,0,1,0,0,1,0.179678659430889
"17712","1250","Ec_N",296,12,12,"Ec",19,0,1,0,0,1,0.179678659430889
"17713","1250","Ec_N",296,13,13,"Ec",19,0,1,0,0,1,0.179678659430889
"17714","1250","Ec_N",296,14,14,"Ec",19,0,1,0,0,1,0.179678659430889
"17715","1250","Ec_N",296,15,15,"Ec",19,0,1,0,0,1,0.179678659430889
"17716","1250","Ec_N",296,16,16,"Ec",19,0,1,0,0,1,0.179678659430889
"17717","1250","Ec_N",296,17,17,"Ec",19,0,1,0,0,1,0.179678659430889
"17718","1250","Ec_N",296,18,18,"Ec",19,0,1,0,0,1,0.179678659430889
"17719","1250","Ec_N",296,19,19,"Ec",19,0,1,0,0,1,0.179678659430889
"17720","1250","Ec_N",296,20,20,"Ec",19,0,1,0,0,1,0.179678659430889
"17721","1250","Ec_N",296,21,21,"Ec",19,0,1,0,0,1,0.179678659430889
"17722","1250","Ec_N",296,22,22,"Ec",19,0,1,0,0,1,0.179678659430889
"17723","1250","Ec_N",296,23,23,"Ec",27,0,1,0,1,1,0.50104458373578
"17724","1250","Ec_N",296,24,24,"Ec",27,0,1,0,1,1,0.50104458373578
"17725","1250","Ec_N",296,25,25,"Ec",27,0,1,0,1,1,0.50104458373578
"17726","1250","Ec_N",296,26,26,"Ec",27,0,1,0,1,1,0.50104458373578
"17727","1250","Ec_N",296,27,27,"Ec",27,0,1,0,1,1,0.50104458373578
"17728","1250","Ec_N",296,28,28,"Ec",27,0,1,0,1,1,0.50104458373578
"17729","1250","Ec_N",296,29,29,"Ec",27,0,1,0,1,1,0.50104458373578
"17730","1250","Ec_N",296,30,30,"Ec",27,0,1,0,1,1,0.50104458373578
"17731","1250","Ec_N",296,31,31,"Ec",27,0,1,0,1,1,0.50104458373578
"17732","1250","Ec_N",296,32,32,"Ec",27,0,1,0,1,1,0.50104458373578
"17733","1250","Ec_N",296,33,33,"Ec",27,0,1,0,1,1,0.50104458373578
"17734","1250","Ec_N",296,34,34,"Ec",27,0,1,0,1,1,0.50104458373578
"17735","1250","Ec_N",296,35,35,"Ec",27,0,1,0,1,1,0.50104458373578
"17736","1250","Ec_N",296,36,36,"Ec",27,0,1,0,1,1,0.50104458373578
"17737","1250","Ec_N",296,37,37,"Ec",27,0,1,0,1,1,0.50104458373578
"17738","1250","Ec_N",296,38,38,"Ec",27,0,1,0,1,1,0.50104458373578
"17739","1250","Ec_N",296,39,39,"Ec",28,1,1,0,1,1,0.770762719311211
"17740","1250","Ec_N",296,40,40,"Ec",28,1,1,0,1,1,0.770762719311211
"17741","1250","Ec_N",296,41,41,"Ec",28,1,1,0,1,1,0.770762719311211
"17742","1250","Ec_N",296,42,42,"Ec",28,1,1,0,1,1,0.770762719311211
"17743","1250","Ec_N",296,43,43,"Ec",28,1,1,0,1,1,0.770762719311211
"17744","1250","Ec_N",296,44,44,"Ec",28,1,1,0,1,1,0.770762719311211
"17745","1250","Ec_N",296,45,45,"Ec",28,1,1,0,1,1,0.770762719311211
"17746","1250","Ec_N",296,46,46,"Ec",28,1,1,0,1,1,0.770762719311211
"17747","1250","Ec_N",296,47,47,"Ec",28,1,1,0,1,1,0.770762719311211
"17748","1250","Ec_N",296,48,48,"Ec",28,1,1,0,1,1,0.770762719311211
"17749","1250","Ec_N",296,49,49,"Ec",32,1,1,1,1,1,1
"17750","1250","Ec_N",296,50,50,"Ec",32,1,1,1,1,1,1
"17751","1250","Ec_N",296,51,51,"Ec",32,1,1,1,1,1,1
"17752","1250","Ec_N",296,52,52,"Ec",32,1,1,1,1,1,1
"17753","1250","Ec_N",296,53,53,"Ec",32,1,1,1,1,1,1
"17754","1250","Ec_N",296,54,54,"Ec",32,1,1,1,1,1,1
"17755","1250","Ec_N",296,55,55,"Ec",32,1,1,1,1,1,1
"17756","1250","Ec_N",296,56,56,"Ec",32,1,1,1,1,1,1
"17757","1250","Ec_N",296,57,57,"Ec",32,1,1,1,1,1,1
"17758","1250","Ec_N",296,58,58,"Ec",32,1,1,1,1,1,1
"17759","1250","Ec_N",296,59,59,"Ec",32,1,1,1,1,1,1
"17760","1250","Ec_N",296,60,60,"Ec",32,1,1,1,1,1,1
"17761","1250","Ec_N",297,1,1,"Ec",1,0,0,0,0,0,0
"17762","1250","Ec_N",297,2,2,"Ec",9,0,0,0,1,0,0.267745650041575
"17763","1250","Ec_N",297,3,3,"Ec",9,0,0,0,1,0,0.267745650041575
"17764","1250","Ec_N",297,4,4,"Ec",9,0,0,0,1,0,0.267745650041575
"17765","1250","Ec_N",297,5,5,"Ec",9,0,0,0,1,0,0.267745650041575
"17766","1250","Ec_N",297,6,6,"Ec",9,0,0,0,1,0,0.267745650041575
"17767","1250","Ec_N",297,7,7,"Ec",9,0,0,0,1,0,0.267745650041575
"17768","1250","Ec_N",297,8,8,"Ec",9,0,0,0,1,0,0.267745650041575
"17769","1250","Ec_N",297,9,9,"Ec",9,0,0,0,1,0,0.267745650041575
"17770","1250","Ec_N",297,10,10,"Ec",9,0,0,0,1,0,0.267745650041575
"17771","1250","Ec_N",297,11,11,"Ec",9,0,0,0,1,0,0.267745650041575
"17772","1250","Ec_N",297,12,12,"Ec",9,0,0,0,1,0,0.267745650041575
"17773","1250","Ec_N",297,13,13,"Ec",9,0,0,0,1,0,0.267745650041575
"17774","1250","Ec_N",297,14,14,"Ec",13,0,0,1,1,0,0.499809141804299
"17775","1250","Ec_N",297,15,15,"Ec",13,0,0,1,1,0,0.499809141804299
"17776","1250","Ec_N",297,16,16,"Ec",13,0,0,1,1,0,0.499809141804299
"17777","1250","Ec_N",297,17,17,"Ec",13,0,0,1,1,0,0.499809141804299
"17778","1250","Ec_N",297,18,18,"Ec",14,1,0,1,1,0,0.720821796264067
"17779","1250","Ec_N",297,19,19,"Ec",14,1,0,1,1,0,0.720821796264067
"17780","1250","Ec_N",297,20,20,"Ec",14,1,0,1,1,0,0.720821796264067
"17781","1250","Ec_N",297,21,21,"Ec",14,1,0,1,1,0,0.720821796264067
"17782","1250","Ec_N",297,22,22,"Ec",14,1,0,1,1,0,0.720821796264067
"17783","1250","Ec_N",297,23,23,"Ec",14,1,0,1,1,0,0.720821796264067
"17784","1250","Ec_N",297,24,24,"Ec",14,1,0,1,1,0,0.720821796264067
"17785","1250","Ec_N",297,25,25,"Ec",14,1,0,1,1,0,0.720821796264067
"17786","1250","Ec_N",297,26,26,"Ec",14,1,0,1,1,0,0.720821796264067
"17787","1250","Ec_N",297,27,27,"Ec",14,1,0,1,1,0,0.720821796264067
"17788","1250","Ec_N",297,28,28,"Ec",14,1,0,1,1,0,0.720821796264067
"17789","1250","Ec_N",297,29,29,"Ec",14,1,0,1,1,0,0.720821796264067
"17790","1250","Ec_N",297,30,30,"Ec",14,1,0,1,1,0,0.720821796264067
"17791","1250","Ec_N",297,31,31,"Ec",14,1,0,1,1,0,0.720821796264067
"17792","1250","Ec_N",297,32,32,"Ec",14,1,0,1,1,0,0.720821796264067
"17793","1250","Ec_N",297,33,33,"Ec",14,1,0,1,1,0,0.720821796264067
"17794","1250","Ec_N",297,34,34,"Ec",14,1,0,1,1,0,0.720821796264067
"17795","1250","Ec_N",297,35,35,"Ec",14,1,0,1,1,0,0.720821796264067
"17796","1250","Ec_N",297,36,36,"Ec",14,1,0,1,1,0,0.720821796264067
"17797","1250","Ec_N",297,37,37,"Ec",14,1,0,1,1,0,0.720821796264067
"17798","1250","Ec_N",297,38,38,"Ec",14,1,0,1,1,0,0.720821796264067
"17799","1250","Ec_N",297,39,39,"Ec",14,1,0,1,1,0,0.720821796264067
"17800","1250","Ec_N",297,40,40,"Ec",14,1,0,1,1,0,0.720821796264067
"17801","1250","Ec_N",297,41,41,"Ec",14,1,0,1,1,0,0.720821796264067
"17802","1250","Ec_N",297,42,42,"Ec",14,1,0,1,1,0,0.720821796264067
"17803","1250","Ec_N",297,43,43,"Ec",14,1,0,1,1,0,0.720821796264067
"17804","1250","Ec_N",297,44,44,"Ec",30,1,0,1,1,1,0.981696467924213
"17805","1250","Ec_N",297,45,45,"Ec",30,1,0,1,1,1,0.981696467924213
"17806","1250","Ec_N",297,46,46,"Ec",30,1,0,1,1,1,0.981696467924213
"17807","1250","Ec_N",297,47,47,"Ec",30,1,0,1,1,1,0.981696467924213
"17808","1250","Ec_N",297,48,48,"Ec",30,1,0,1,1,1,0.981696467924213
"17809","1250","Ec_N",297,49,49,"Ec",30,1,0,1,1,1,0.981696467924213
"17810","1250","Ec_N",297,50,50,"Ec",30,1,0,1,1,1,0.981696467924213
"17811","1250","Ec_N",297,51,51,"Ec",30,1,0,1,1,1,0.981696467924213
"17812","1250","Ec_N",297,52,52,"Ec",30,1,0,1,1,1,0.981696467924213
"17813","1250","Ec_N",297,53,53,"Ec",30,1,0,1,1,1,0.981696467924213
"17814","1250","Ec_N",297,54,54,"Ec",30,1,0,1,1,1,0.981696467924213
"17815","1250","Ec_N",297,55,55,"Ec",30,1,0,1,1,1,0.981696467924213
"17816","1250","Ec_N",297,56,56,"Ec",30,1,0,1,1,1,0.981696467924213
"17817","1250","Ec_N",297,57,57,"Ec",30,1,0,1,1,1,0.981696467924213
"17818","1250","Ec_N",297,58,58,"Ec",30,1,0,1,1,1,0.981696467924213
"17819","1250","Ec_N",297,59,59,"Ec",30,1,0,1,1,1,0.981696467924213
"17820","1250","Ec_N",297,60,60,"Ec",30,1,0,1,1,1,0.981696467924213
"17821","1250","Ec_N",298,1,1,"Ec",1,0,0,0,0,0,0
"17822","1250","Ec_N",298,2,2,"Ec",1,0,0,0,0,0,0
"17823","1250","Ec_N",298,3,3,"Ec",1,0,0,0,0,0,0
"17824","1250","Ec_N",298,4,4,"Ec",1,0,0,0,0,0,0
"17825","1250","Ec_N",298,5,5,"Ec",1,0,0,0,0,0,0
"17826","1250","Ec_N",298,6,6,"Ec",1,0,0,0,0,0,0
"17827","1250","Ec_N",298,7,7,"Ec",1,0,0,0,0,0,0
"17828","1250","Ec_N",298,8,8,"Ec",1,0,0,0,0,0,0
"17829","1250","Ec_N",298,9,9,"Ec",5,0,0,1,0,0,0.232063491762724
"17830","1250","Ec_N",298,10,10,"Ec",5,0,0,1,0,0,0.232063491762724
"17831","1250","Ec_N",298,11,11,"Ec",5,0,0,1,0,0,0.232063491762724
"17832","1250","Ec_N",298,12,12,"Ec",5,0,0,1,0,0,0.232063491762724
"17833","1250","Ec_N",298,13,13,"Ec",5,0,0,1,0,0,0.232063491762724
"17834","1250","Ec_N",298,14,14,"Ec",5,0,0,1,0,0,0.232063491762724
"17835","1250","Ec_N",298,15,15,"Ec",5,0,0,1,0,0,0.232063491762724
"17836","1250","Ec_N",298,16,16,"Ec",5,0,0,1,0,0,0.232063491762724
"17837","1250","Ec_N",298,17,17,"Ec",5,0,0,1,0,0,0.232063491762724
"17838","1250","Ec_N",298,18,18,"Ec",5,0,0,1,0,0,0.232063491762724
"17839","1250","Ec_N",298,19,19,"Ec",21,0,0,1,0,1,0.428591116083543
"17840","1250","Ec_N",298,20,20,"Ec",21,0,0,1,0,1,0.428591116083543
"17841","1250","Ec_N",298,21,21,"Ec",21,0,0,1,0,1,0.428591116083543
"17842","1250","Ec_N",298,22,22,"Ec",21,0,0,1,0,1,0.428591116083543
"17843","1250","Ec_N",298,23,23,"Ec",21,0,0,1,0,1,0.428591116083543
"17844","1250","Ec_N",298,24,24,"Ec",22,1,0,1,0,1,0.649603770543311
"17845","1250","Ec_N",298,25,25,"Ec",22,1,0,1,0,1,0.649603770543311
"17846","1250","Ec_N",298,26,26,"Ec",24,1,1,1,0,1,0.732254349958425
"17847","1250","Ec_N",298,27,27,"Ec",32,1,1,1,1,1,1
"17848","1250","Ec_N",298,28,28,"Ec",32,1,1,1,1,1,1
"17849","1250","Ec_N",298,29,29,"Ec",32,1,1,1,1,1,1
"17850","1250","Ec_N",298,30,30,"Ec",32,1,1,1,1,1,1
"17851","1250","Ec_N",298,31,31,"Ec",32,1,1,1,1,1,1
"17852","1250","Ec_N",298,32,32,"Ec",32,1,1,1,1,1,1
"17853","1250","Ec_N",298,33,33,"Ec",32,1,1,1,1,1,1
"17854","1250","Ec_N",298,34,34,"Ec",32,1,1,1,1,1,1
"17855","1250","Ec_N",298,35,35,"Ec",32,1,1,1,1,1,1
"17856","1250","Ec_N",298,36,36,"Ec",32,1,1,1,1,1,1
"17857","1250","Ec_N",298,37,37,"Ec",32,1,1,1,1,1,1
"17858","1250","Ec_N",298,38,38,"Ec",32,1,1,1,1,1,1
"17859","1250","Ec_N",298,39,39,"Ec",32,1,1,1,1,1,1
"17860","1250","Ec_N",298,40,40,"Ec",32,1,1,1,1,1,1
"17861","1250","Ec_N",298,41,41,"Ec",32,1,1,1,1,1,1
"17862","1250","Ec_N",298,42,42,"Ec",32,1,1,1,1,1,1
"17863","1250","Ec_N",298,43,43,"Ec",32,1,1,1,1,1,1
"17864","1250","Ec_N",298,44,44,"Ec",32,1,1,1,1,1,1
"17865","1250","Ec_N",298,45,45,"Ec",32,1,1,1,1,1,1
"17866","1250","Ec_N",298,46,46,"Ec",32,1,1,1,1,1,1
"17867","1250","Ec_N",298,47,47,"Ec",32,1,1,1,1,1,1
"17868","1250","Ec_N",298,48,48,"Ec",32,1,1,1,1,1,1
"17869","1250","Ec_N",298,49,49,"Ec",32,1,1,1,1,1,1
"17870","1250","Ec_N",298,50,50,"Ec",32,1,1,1,1,1,1
"17871","1250","Ec_N",298,51,51,"Ec",32,1,1,1,1,1,1
"17872","1250","Ec_N",298,52,52,"Ec",32,1,1,1,1,1,1
"17873","1250","Ec_N",298,53,53,"Ec",32,1,1,1,1,1,1
"17874","1250","Ec_N",298,54,54,"Ec",32,1,1,1,1,1,1
"17875","1250","Ec_N",298,55,55,"Ec",32,1,1,1,1,1,1
"17876","1250","Ec_N",298,56,56,"Ec",32,1,1,1,1,1,1
"17877","1250","Ec_N",298,57,57,"Ec",32,1,1,1,1,1,1
"17878","1250","Ec_N",298,58,58,"Ec",32,1,1,1,1,1,1
"17879","1250","Ec_N",298,59,59,"Ec",32,1,1,1,1,1,1
"17880","1250","Ec_N",298,60,60,"Ec",32,1,1,1,1,1,1
"17881","1250","Ec_N",299,1,1,"Ec",1,0,0,0,0,0,0
"17882","1250","Ec_N",299,2,2,"Ec",1,0,0,0,0,0,0
"17883","1250","Ec_N",299,3,3,"Ec",1,0,0,0,0,0,0
"17884","1250","Ec_N",299,4,4,"Ec",1,0,0,0,0,0,0
"17885","1250","Ec_N",299,5,5,"Ec",1,0,0,0,0,0,0
"17886","1250","Ec_N",299,6,6,"Ec",1,0,0,0,0,0,0
"17887","1250","Ec_N",299,7,7,"Ec",1,0,0,0,0,0,0
"17888","1250","Ec_N",299,8,8,"Ec",1,0,0,0,0,0,0
"17889","1250","Ec_N",299,9,9,"Ec",1,0,0,0,0,0,0
"17890","1250","Ec_N",299,10,10,"Ec",1,0,0,0,0,0,0
"17891","1250","Ec_N",299,11,11,"Ec",1,0,0,0,0,0,0
"17892","1250","Ec_N",299,12,12,"Ec",1,0,0,0,0,0,0
"17893","1250","Ec_N",299,13,13,"Ec",1,0,0,0,0,0,0
"17894","1250","Ec_N",299,14,14,"Ec",1,0,0,0,0,0,0
"17895","1250","Ec_N",299,15,15,"Ec",1,0,0,0,0,0,0
"17896","1250","Ec_N",299,16,16,"Ec",1,0,0,0,0,0,0
"17897","1250","Ec_N",299,17,17,"Ec",1,0,0,0,0,0,0
"17898","1250","Ec_N",299,18,18,"Ec",1,0,0,0,0,0,0
"17899","1250","Ec_N",299,19,19,"Ec",1,0,0,0,0,0,0
"17900","1250","Ec_N",299,20,20,"Ec",1,0,0,0,0,0,0
"17901","1250","Ec_N",299,21,21,"Ec",1,0,0,0,0,0,0
"17902","1250","Ec_N",299,22,22,"Ec",1,0,0,0,0,0,0
"17903","1250","Ec_N",299,23,23,"Ec",1,0,0,0,0,0,0
"17904","1250","Ec_N",299,24,24,"Ec",1,0,0,0,0,0,0
"17905","1250","Ec_N",299,25,25,"Ec",5,0,0,1,0,0,0.232063491762724
"17906","1250","Ec_N",299,26,26,"Ec",7,0,1,1,0,0,0.314714071177838
"17907","1250","Ec_N",299,27,27,"Ec",7,0,1,1,0,0,0.314714071177838
"17908","1250","Ec_N",299,28,28,"Ec",23,0,1,1,0,1,0.511241695498657
"17909","1250","Ec_N",299,29,29,"Ec",23,0,1,1,0,1,0.511241695498657
"17910","1250","Ec_N",299,30,30,"Ec",23,0,1,1,0,1,0.511241695498657
"17911","1250","Ec_N",299,31,31,"Ec",23,0,1,1,0,1,0.511241695498657
"17912","1250","Ec_N",299,32,32,"Ec",23,0,1,1,0,1,0.511241695498657
"17913","1250","Ec_N",299,33,33,"Ec",31,0,1,1,1,1,0.778987345540232
"17914","1250","Ec_N",299,34,34,"Ec",31,0,1,1,1,1,0.778987345540232
"17915","1250","Ec_N",299,35,35,"Ec",31,0,1,1,1,1,0.778987345540232
"17916","1250","Ec_N",299,36,36,"Ec",31,0,1,1,1,1,0.778987345540232
"17917","1250","Ec_N",299,37,37,"Ec",31,0,1,1,1,1,0.778987345540232
"17918","1250","Ec_N",299,38,38,"Ec",31,0,1,1,1,1,0.778987345540232
"17919","1250","Ec_N",299,39,39,"Ec",31,0,1,1,1,1,0.778987345540232
"17920","1250","Ec_N",299,40,40,"Ec",31,0,1,1,1,1,0.778987345540232
"17921","1250","Ec_N",299,41,41,"Ec",32,1,1,1,1,1,1
"17922","1250","Ec_N",299,42,42,"Ec",32,1,1,1,1,1,1
"17923","1250","Ec_N",299,43,43,"Ec",32,1,1,1,1,1,1
"17924","1250","Ec_N",299,44,44,"Ec",32,1,1,1,1,1,1
"17925","1250","Ec_N",299,45,45,"Ec",32,1,1,1,1,1,1
"17926","1250","Ec_N",299,46,46,"Ec",32,1,1,1,1,1,1
"17927","1250","Ec_N",299,47,47,"Ec",32,1,1,1,1,1,1
"17928","1250","Ec_N",299,48,48,"Ec",32,1,1,1,1,1,1
"17929","1250","Ec_N",299,49,49,"Ec",32,1,1,1,1,1,1
"17930","1250","Ec_N",299,50,50,"Ec",32,1,1,1,1,1,1
"17931","1250","Ec_N",299,51,51,"Ec",32,1,1,1,1,1,1
"17932","1250","Ec_N",299,52,52,"Ec",32,1,1,1,1,1,1
"17933","1250","Ec_N",299,53,53,"Ec",32,1,1,1,1,1,1
"17934","1250","Ec_N",299,54,54,"Ec",32,1,1,1,1,1,1
"17935","1250","Ec_N",299,55,55,"Ec",32,1,1,1,1,1,1
"17936","1250","Ec_N",299,56,56,"Ec",32,1,1,1,1,1,1
"17937","1250","Ec_N",299,57,57,"Ec",32,1,1,1,1,1,1
"17938","1250","Ec_N",299,58,58,"Ec",32,1,1,1,1,1,1
"17939","1250","Ec_N",299,59,59,"Ec",32,1,1,1,1,1,1
"17940","1250","Ec_N",299,60,60,"Ec",32,1,1,1,1,1,1
"17941","1250","Ec_N",300,1,1,"Ec",1,0,0,0,0,0,0
"17942","1250","Ec_N",300,2,2,"Ec",1,0,0,0,0,0,0
"17943","1250","Ec_N",300,3,3,"Ec",1,0,0,0,0,0,0
"17944","1250","Ec_N",300,4,4,"Ec",1,0,0,0,0,0,0
"17945","1250","Ec_N",300,5,5,"Ec",1,0,0,0,0,0,0
"17946","1250","Ec_N",300,6,6,"Ec",5,0,0,1,0,0,0.232063491762724
"17947","1250","Ec_N",300,7,7,"Ec",6,1,0,1,0,0,0.453076146222492
"17948","1250","Ec_N",300,8,8,"Ec",6,1,0,1,0,0,0.453076146222492
"17949","1250","Ec_N",300,9,9,"Ec",14,1,0,1,1,0,0.720821796264067
"17950","1250","Ec_N",300,10,10,"Ec",14,1,0,1,1,0,0.720821796264067
"17951","1250","Ec_N",300,11,11,"Ec",14,1,0,1,1,0,0.720821796264067
"17952","1250","Ec_N",300,12,12,"Ec",14,1,0,1,1,0,0.720821796264067
"17953","1250","Ec_N",300,13,13,"Ec",14,1,0,1,1,0,0.720821796264067
"17954","1250","Ec_N",300,14,14,"Ec",14,1,0,1,1,0,0.720821796264067
"17955","1250","Ec_N",300,15,15,"Ec",14,1,0,1,1,0,0.720821796264067
"17956","1250","Ec_N",300,16,16,"Ec",14,1,0,1,1,0,0.720821796264067
"17957","1250","Ec_N",300,17,17,"Ec",14,1,0,1,1,0,0.720821796264067
"17958","1250","Ec_N",300,18,18,"Ec",14,1,0,1,1,0,0.720821796264067
"17959","1250","Ec_N",300,19,19,"Ec",14,1,0,1,1,0,0.720821796264067
"17960","1250","Ec_N",300,20,20,"Ec",16,1,1,1,1,0,0.879284144928883
"17961","1250","Ec_N",300,21,21,"Ec",16,1,1,1,1,0,0.879284144928883
"17962","1250","Ec_N",300,22,22,"Ec",16,1,1,1,1,0,0.879284144928883
"17963","1250","Ec_N",300,23,23,"Ec",16,1,1,1,1,0,0.879284144928883
"17964","1250","Ec_N",300,24,24,"Ec",16,1,1,1,1,0,0.879284144928883
"17965","1250","Ec_N",300,25,25,"Ec",16,1,1,1,1,0,0.879284144928883
"17966","1250","Ec_N",300,26,26,"Ec",16,1,1,1,1,0,0.879284144928883
"17967","1250","Ec_N",300,27,27,"Ec",16,1,1,1,1,0,0.879284144928883
"17968","1250","Ec_N",300,28,28,"Ec",16,1,1,1,1,0,0.879284144928883
"17969","1250","Ec_N",300,29,29,"Ec",16,1,1,1,1,0,0.879284144928883
"17970","1250","Ec_N",300,30,30,"Ec",16,1,1,1,1,0,0.879284144928883
"17971","1250","Ec_N",300,31,31,"Ec",16,1,1,1,1,0,0.879284144928883
"17972","1250","Ec_N",300,32,32,"Ec",16,1,1,1,1,0,0.879284144928883
"17973","1250","Ec_N",300,33,33,"Ec",32,1,1,1,1,1,1
"17974","1250","Ec_N",300,34,34,"Ec",32,1,1,1,1,1,1
"17975","1250","Ec_N",300,35,35,"Ec",32,1,1,1,1,1,1
"17976","1250","Ec_N",300,36,36,"Ec",32,1,1,1,1,1,1
"17977","1250","Ec_N",300,37,37,"Ec",32,1,1,1,1,1,1
"17978","1250","Ec_N",300,38,38,"Ec",32,1,1,1,1,1,1
"17979","1250","Ec_N",300,39,39,"Ec",32,1,1,1,1,1,1
"17980","1250","Ec_N",300,40,40,"Ec",32,1,1,1,1,1,1
"17981","1250","Ec_N",300,41,41,"Ec",32,1,1,1,1,1,1
"17982","1250","Ec_N",300,42,42,"Ec",32,1,1,1,1,1,1
"17983","1250","Ec_N",300,43,43,"Ec",32,1,1,1,1,1,1
"17984","1250","Ec_N",300,44,44,"Ec",32,1,1,1,1,1,1
"17985","1250","Ec_N",300,45,45,"Ec",32,1,1,1,1,1,1
"17986","1250","Ec_N",300,46,46,"Ec",32,1,1,1,1,1,1
"17987","1250","Ec_N",300,47,47,"Ec",32,1,1,1,1,1,1
"17988","1250","Ec_N",300,48,48,"Ec",32,1,1,1,1,1,1
"17989","1250","Ec_N",300,49,49,"Ec",32,1,1,1,1,1,1
"17990","1250","Ec_N",300,50,50,"Ec",32,1,1,1,1,1,1
"17991","1250","Ec_N",300,51,51,"Ec",32,1,1,1,1,1,1
"17992","1250","Ec_N",300,52,52,"Ec",32,1,1,1,1,1,1
"17993","1250","Ec_N",300,53,53,"Ec",32,1,1,1,1,1,1
"17994","1250","Ec_N",300,54,54,"Ec",32,1,1,1,1,1,1
"17995","1250","Ec_N",300,55,55,"Ec",32,1,1,1,1,1,1
"17996","1250","Ec_N",300,56,56,"Ec",32,1,1,1,1,1,1
"17997","1250","Ec_N",300,57,57,"Ec",32,1,1,1,1,1,1
"17998","1250","Ec_N",300,58,58,"Ec",32,1,1,1,1,1,1
"17999","1250","Ec_N",300,59,59,"Ec",32,1,1,1,1,1,1
"18000","1250","Ec_N",300,60,60,"Ec",32,1,1,1,1,1,1
"18001","1250","Ec_N",301,1,1,"Ec",1,0,0,0,0,0,0
"18002","1250","Ec_N",301,2,2,"Ec",1,0,0,0,0,0,0
"18003","1250","Ec_N",301,3,3,"Ec",1,0,0,0,0,0,0
"18004","1250","Ec_N",301,4,4,"Ec",9,0,0,0,1,0,0.267745650041575
"18005","1250","Ec_N",301,5,5,"Ec",25,0,0,0,1,1,0.464273274362394
"18006","1250","Ec_N",301,6,6,"Ec",25,0,0,0,1,1,0.464273274362394
"18007","1250","Ec_N",301,7,7,"Ec",29,0,0,1,1,1,0.696336766125118
"18008","1250","Ec_N",301,8,8,"Ec",31,0,1,1,1,1,0.778987345540232
"18009","1250","Ec_N",301,9,9,"Ec",31,0,1,1,1,1,0.778987345540232
"18010","1250","Ec_N",301,10,10,"Ec",31,0,1,1,1,1,0.778987345540232
"18011","1250","Ec_N",301,11,11,"Ec",31,0,1,1,1,1,0.778987345540232
"18012","1250","Ec_N",301,12,12,"Ec",31,0,1,1,1,1,0.778987345540232
"18013","1250","Ec_N",301,13,13,"Ec",31,0,1,1,1,1,0.778987345540232
"18014","1250","Ec_N",301,14,14,"Ec",31,0,1,1,1,1,0.778987345540232
"18015","1250","Ec_N",301,15,15,"Ec",31,0,1,1,1,1,0.778987345540232
"18016","1250","Ec_N",301,16,16,"Ec",31,0,1,1,1,1,0.778987345540232
"18017","1250","Ec_N",301,17,17,"Ec",31,0,1,1,1,1,0.778987345540232
"18018","1250","Ec_N",301,18,18,"Ec",31,0,1,1,1,1,0.778987345540232
"18019","1250","Ec_N",301,19,19,"Ec",31,0,1,1,1,1,0.778987345540232
"18020","1250","Ec_N",301,20,20,"Ec",31,0,1,1,1,1,0.778987345540232
"18021","1250","Ec_N",301,21,21,"Ec",32,1,1,1,1,1,1
"18022","1250","Ec_N",301,22,22,"Ec",32,1,1,1,1,1,1
"18023","1250","Ec_N",301,23,23,"Ec",32,1,1,1,1,1,1
"18024","1250","Ec_N",301,24,24,"Ec",32,1,1,1,1,1,1
"18025","1250","Ec_N",301,25,25,"Ec",32,1,1,1,1,1,1
"18026","1250","Ec_N",301,26,26,"Ec",32,1,1,1,1,1,1
"18027","1250","Ec_N",301,27,27,"Ec",32,1,1,1,1,1,1
"18028","1250","Ec_N",301,28,28,"Ec",32,1,1,1,1,1,1
"18029","1250","Ec_N",301,29,29,"Ec",32,1,1,1,1,1,1
"18030","1250","Ec_N",301,30,30,"Ec",32,1,1,1,1,1,1
"18031","1250","Ec_N",301,31,31,"Ec",32,1,1,1,1,1,1
"18032","1250","Ec_N",301,32,32,"Ec",32,1,1,1,1,1,1
"18033","1250","Ec_N",301,33,33,"Ec",32,1,1,1,1,1,1
"18034","1250","Ec_N",301,34,34,"Ec",32,1,1,1,1,1,1
"18035","1250","Ec_N",301,35,35,"Ec",32,1,1,1,1,1,1
"18036","1250","Ec_N",301,36,36,"Ec",32,1,1,1,1,1,1
"18037","1250","Ec_N",301,37,37,"Ec",32,1,1,1,1,1,1
"18038","1250","Ec_N",301,38,38,"Ec",32,1,1,1,1,1,1
"18039","1250","Ec_N",301,39,39,"Ec",32,1,1,1,1,1,1
"18040","1250","Ec_N",301,40,40,"Ec",32,1,1,1,1,1,1
"18041","1250","Ec_N",301,41,41,"Ec",32,1,1,1,1,1,1
"18042","1250","Ec_N",301,42,42,"Ec",32,1,1,1,1,1,1
"18043","1250","Ec_N",301,43,43,"Ec",32,1,1,1,1,1,1
"18044","1250","Ec_N",301,44,44,"Ec",32,1,1,1,1,1,1
"18045","1250","Ec_N",301,45,45,"Ec",32,1,1,1,1,1,1
"18046","1250","Ec_N",301,46,46,"Ec",32,1,1,1,1,1,1
"18047","1250","Ec_N",301,47,47,"Ec",32,1,1,1,1,1,1
"18048","1250","Ec_N",301,48,48,"Ec",32,1,1,1,1,1,1
"18049","1250","Ec_N",301,49,49,"Ec",32,1,1,1,1,1,1
"18050","1250","Ec_N",301,50,50,"Ec",32,1,1,1,1,1,1
"18051","1250","Ec_N",301,51,51,"Ec",32,1,1,1,1,1,1
"18052","1250","Ec_N",301,52,52,"Ec",32,1,1,1,1,1,1
"18053","1250","Ec_N",301,53,53,"Ec",32,1,1,1,1,1,1
"18054","1250","Ec_N",301,54,54,"Ec",32,1,1,1,1,1,1
"18055","1250","Ec_N",301,55,55,"Ec",32,1,1,1,1,1,1
"18056","1250","Ec_N",301,56,56,"Ec",32,1,1,1,1,1,1
"18057","1250","Ec_N",301,57,57,"Ec",32,1,1,1,1,1,1
"18058","1250","Ec_N",301,58,58,"Ec",32,1,1,1,1,1,1
"18059","1250","Ec_N",301,59,59,"Ec",32,1,1,1,1,1,1
"18060","1250","Ec_N",301,60,60,"Ec",32,1,1,1,1,1,1
"18061","1250","Ec_N",302,1,1,"Ec",1,0,0,0,0,0,0
"18062","1250","Ec_N",302,2,2,"Ec",1,0,0,0,0,0,0
"18063","1250","Ec_N",302,3,3,"Ec",1,0,0,0,0,0,0
"18064","1250","Ec_N",302,4,4,"Ec",1,0,0,0,0,0,0
"18065","1250","Ec_N",302,5,5,"Ec",17,0,0,0,0,1,0.14692246949649
"18066","1250","Ec_N",302,6,6,"Ec",25,0,0,0,1,1,0.464273274362394
"18067","1250","Ec_N",302,7,7,"Ec",29,0,0,1,1,1,0.696336766125118
"18068","1250","Ec_N",302,8,8,"Ec",29,0,0,1,1,1,0.696336766125118
"18069","1250","Ec_N",302,9,9,"Ec",29,0,0,1,1,1,0.696336766125118
"18070","1250","Ec_N",302,10,10,"Ec",29,0,0,1,1,1,0.696336766125118
"18071","1250","Ec_N",302,11,11,"Ec",29,0,0,1,1,1,0.696336766125118
"18072","1250","Ec_N",302,12,12,"Ec",29,0,0,1,1,1,0.696336766125118
"18073","1250","Ec_N",302,13,13,"Ec",29,0,0,1,1,1,0.696336766125118
"18074","1250","Ec_N",302,14,14,"Ec",29,0,0,1,1,1,0.696336766125118
"18075","1250","Ec_N",302,15,15,"Ec",29,0,0,1,1,1,0.696336766125118
"18076","1250","Ec_N",302,16,16,"Ec",29,0,0,1,1,1,0.696336766125118
"18077","1250","Ec_N",302,17,17,"Ec",29,0,0,1,1,1,0.696336766125118
"18078","1250","Ec_N",302,18,18,"Ec",29,0,0,1,1,1,0.696336766125118
"18079","1250","Ec_N",302,19,19,"Ec",29,0,0,1,1,1,0.696336766125118
"18080","1250","Ec_N",302,20,20,"Ec",29,0,0,1,1,1,0.696336766125118
"18081","1250","Ec_N",302,21,21,"Ec",29,0,0,1,1,1,0.696336766125118
"18082","1250","Ec_N",302,22,22,"Ec",29,0,0,1,1,1,0.696336766125118
"18083","1250","Ec_N",302,23,23,"Ec",29,0,0,1,1,1,0.696336766125118
"18084","1250","Ec_N",302,24,24,"Ec",29,0,0,1,1,1,0.696336766125118
"18085","1250","Ec_N",302,25,25,"Ec",29,0,0,1,1,1,0.696336766125118
"18086","1250","Ec_N",302,26,26,"Ec",29,0,0,1,1,1,0.696336766125118
"18087","1250","Ec_N",302,27,27,"Ec",29,0,0,1,1,1,0.696336766125118
"18088","1250","Ec_N",302,28,28,"Ec",29,0,0,1,1,1,0.696336766125118
"18089","1250","Ec_N",302,29,29,"Ec",29,0,0,1,1,1,0.696336766125118
"18090","1250","Ec_N",302,30,30,"Ec",29,0,0,1,1,1,0.696336766125118
"18091","1250","Ec_N",302,31,31,"Ec",29,0,0,1,1,1,0.696336766125118
"18092","1250","Ec_N",302,32,32,"Ec",29,0,0,1,1,1,0.696336766125118
"18093","1250","Ec_N",302,33,33,"Ec",29,0,0,1,1,1,0.696336766125118
"18094","1250","Ec_N",302,34,34,"Ec",29,0,0,1,1,1,0.696336766125118
"18095","1250","Ec_N",302,35,35,"Ec",29,0,0,1,1,1,0.696336766125118
"18096","1250","Ec_N",302,36,36,"Ec",29,0,0,1,1,1,0.696336766125118
"18097","1250","Ec_N",302,37,37,"Ec",31,0,1,1,1,1,0.778987345540232
"18098","1250","Ec_N",302,38,38,"Ec",31,0,1,1,1,1,0.778987345540232
"18099","1250","Ec_N",302,39,39,"Ec",31,0,1,1,1,1,0.778987345540232
"18100","1250","Ec_N",302,40,40,"Ec",31,0,1,1,1,1,0.778987345540232
"18101","1250","Ec_N",302,41,41,"Ec",31,0,1,1,1,1,0.778987345540232
"18102","1250","Ec_N",302,42,42,"Ec",31,0,1,1,1,1,0.778987345540232
"18103","1250","Ec_N",302,43,43,"Ec",31,0,1,1,1,1,0.778987345540232
"18104","1250","Ec_N",302,44,44,"Ec",31,0,1,1,1,1,0.778987345540232
"18105","1250","Ec_N",302,45,45,"Ec",31,0,1,1,1,1,0.778987345540232
"18106","1250","Ec_N",302,46,46,"Ec",31,0,1,1,1,1,0.778987345540232
"18107","1250","Ec_N",302,47,47,"Ec",32,1,1,1,1,1,1
"18108","1250","Ec_N",302,48,48,"Ec",32,1,1,1,1,1,1
"18109","1250","Ec_N",302,49,49,"Ec",32,1,1,1,1,1,1
"18110","1250","Ec_N",302,50,50,"Ec",32,1,1,1,1,1,1
"18111","1250","Ec_N",302,51,51,"Ec",32,1,1,1,1,1,1
"18112","1250","Ec_N",302,52,52,"Ec",32,1,1,1,1,1,1
"18113","1250","Ec_N",302,53,53,"Ec",32,1,1,1,1,1,1
"18114","1250","Ec_N",302,54,54,"Ec",32,1,1,1,1,1,1
"18115","1250","Ec_N",302,55,55,"Ec",32,1,1,1,1,1,1
"18116","1250","Ec_N",302,56,56,"Ec",32,1,1,1,1,1,1
"18117","1250","Ec_N",302,57,57,"Ec",32,1,1,1,1,1,1
"18118","1250","Ec_N",302,58,58,"Ec",32,1,1,1,1,1,1
"18119","1250","Ec_N",302,59,59,"Ec",32,1,1,1,1,1,1
"18120","1250","Ec_N",302,60,60,"Ec",32,1,1,1,1,1,1
"18121","1250","Ec_N",303,1,1,"Ec",1,0,0,0,0,0,0
"18122","1250","Ec_N",303,2,2,"Ec",2,1,0,0,0,0,0.221012654459768
"18123","1250","Ec_N",303,3,3,"Ec",2,1,0,0,0,0,0.221012654459768
"18124","1250","Ec_N",303,4,4,"Ec",2,1,0,0,0,0,0.221012654459768
"18125","1250","Ec_N",303,5,5,"Ec",2,1,0,0,0,0,0.221012654459768
"18126","1250","Ec_N",303,6,6,"Ec",18,1,0,0,0,1,0.417540278780587
"18127","1250","Ec_N",303,7,7,"Ec",18,1,0,0,0,1,0.417540278780587
"18128","1250","Ec_N",303,8,8,"Ec",18,1,0,0,0,1,0.417540278780587
"18129","1250","Ec_N",303,9,9,"Ec",18,1,0,0,0,1,0.417540278780587
"18130","1250","Ec_N",303,10,10,"Ec",18,1,0,0,0,1,0.417540278780587
"18131","1250","Ec_N",303,11,11,"Ec",18,1,0,0,0,1,0.417540278780587
"18132","1250","Ec_N",303,12,12,"Ec",18,1,0,0,0,1,0.417540278780587
"18133","1250","Ec_N",303,13,13,"Ec",18,1,0,0,0,1,0.417540278780587
"18134","1250","Ec_N",303,14,14,"Ec",26,1,0,0,1,1,0.685285928822162
"18135","1250","Ec_N",303,15,15,"Ec",26,1,0,0,1,1,0.685285928822162
"18136","1250","Ec_N",303,16,16,"Ec",26,1,0,0,1,1,0.685285928822162
"18137","1250","Ec_N",303,17,17,"Ec",26,1,0,0,1,1,0.685285928822162
"18138","1250","Ec_N",303,18,18,"Ec",26,1,0,0,1,1,0.685285928822162
"18139","1250","Ec_N",303,19,19,"Ec",26,1,0,0,1,1,0.685285928822162
"18140","1250","Ec_N",303,20,20,"Ec",26,1,0,0,1,1,0.685285928822162
"18141","1250","Ec_N",303,21,21,"Ec",28,1,1,0,1,1,0.770762719311211
"18142","1250","Ec_N",303,22,22,"Ec",28,1,1,0,1,1,0.770762719311211
"18143","1250","Ec_N",303,23,23,"Ec",28,1,1,0,1,1,0.770762719311211
"18144","1250","Ec_N",303,24,24,"Ec",28,1,1,0,1,1,0.770762719311211
"18145","1250","Ec_N",303,25,25,"Ec",28,1,1,0,1,1,0.770762719311211
"18146","1250","Ec_N",303,26,26,"Ec",28,1,1,0,1,1,0.770762719311211
"18147","1250","Ec_N",303,27,27,"Ec",28,1,1,0,1,1,0.770762719311211
"18148","1250","Ec_N",303,28,28,"Ec",28,1,1,0,1,1,0.770762719311211
"18149","1250","Ec_N",303,29,29,"Ec",28,1,1,0,1,1,0.770762719311211
"18150","1250","Ec_N",303,30,30,"Ec",28,1,1,0,1,1,0.770762719311211
"18151","1250","Ec_N",303,31,31,"Ec",28,1,1,0,1,1,0.770762719311211
"18152","1250","Ec_N",303,32,32,"Ec",28,1,1,0,1,1,0.770762719311211
"18153","1250","Ec_N",303,33,33,"Ec",32,1,1,1,1,1,1
"18154","1250","Ec_N",303,34,34,"Ec",32,1,1,1,1,1,1
"18155","1250","Ec_N",303,35,35,"Ec",32,1,1,1,1,1,1
"18156","1250","Ec_N",303,36,36,"Ec",32,1,1,1,1,1,1
"18157","1250","Ec_N",303,37,37,"Ec",32,1,1,1,1,1,1
"18158","1250","Ec_N",303,38,38,"Ec",32,1,1,1,1,1,1
"18159","1250","Ec_N",303,39,39,"Ec",32,1,1,1,1,1,1
"18160","1250","Ec_N",303,40,40,"Ec",32,1,1,1,1,1,1
"18161","1250","Ec_N",303,41,41,"Ec",32,1,1,1,1,1,1
"18162","1250","Ec_N",303,42,42,"Ec",32,1,1,1,1,1,1
"18163","1250","Ec_N",303,43,43,"Ec",32,1,1,1,1,1,1
"18164","1250","Ec_N",303,44,44,"Ec",32,1,1,1,1,1,1
"18165","1250","Ec_N",303,45,45,"Ec",32,1,1,1,1,1,1
"18166","1250","Ec_N",303,46,46,"Ec",32,1,1,1,1,1,1
"18167","1250","Ec_N",303,47,47,"Ec",32,1,1,1,1,1,1
"18168","1250","Ec_N",303,48,48,"Ec",32,1,1,1,1,1,1
"18169","1250","Ec_N",303,49,49,"Ec",32,1,1,1,1,1,1
"18170","1250","Ec_N",303,50,50,"Ec",32,1,1,1,1,1,1
"18171","1250","Ec_N",303,51,51,"Ec",32,1,1,1,1,1,1
"18172","1250","Ec_N",303,52,52,"Ec",32,1,1,1,1,1,1
"18173","1250","Ec_N",303,53,53,"Ec",32,1,1,1,1,1,1
"18174","1250","Ec_N",303,54,54,"Ec",32,1,1,1,1,1,1
"18175","1250","Ec_N",303,55,55,"Ec",32,1,1,1,1,1,1
"18176","1250","Ec_N",303,56,56,"Ec",32,1,1,1,1,1,1
"18177","1250","Ec_N",303,57,57,"Ec",32,1,1,1,1,1,1
"18178","1250","Ec_N",303,58,58,"Ec",32,1,1,1,1,1,1
"18179","1250","Ec_N",303,59,59,"Ec",32,1,1,1,1,1,1
"18180","1250","Ec_N",303,60,60,"Ec",32,1,1,1,1,1,1
"18181","1250","Ec_N",304,1,1,"Ec",1,0,0,0,0,0,0
"18182","1250","Ec_N",304,2,2,"Ec",1,0,0,0,0,0,0
"18183","1250","Ec_N",304,3,3,"Ec",1,0,0,0,0,0,0
"18184","1250","Ec_N",304,4,4,"Ec",1,0,0,0,0,0,0
"18185","1250","Ec_N",304,5,5,"Ec",1,0,0,0,0,0,0
"18186","1250","Ec_N",304,6,6,"Ec",1,0,0,0,0,0,0
"18187","1250","Ec_N",304,7,7,"Ec",1,0,0,0,0,0,0
"18188","1250","Ec_N",304,8,8,"Ec",1,0,0,0,0,0,0
"18189","1250","Ec_N",304,9,9,"Ec",2,1,0,0,0,0,0.221012654459768
"18190","1250","Ec_N",304,10,10,"Ec",2,1,0,0,0,0,0.221012654459768
"18191","1250","Ec_N",304,11,11,"Ec",2,1,0,0,0,0,0.221012654459768
"18192","1250","Ec_N",304,12,12,"Ec",2,1,0,0,0,0,0.221012654459768
"18193","1250","Ec_N",304,13,13,"Ec",2,1,0,0,0,0,0.221012654459768
"18194","1250","Ec_N",304,14,14,"Ec",2,1,0,0,0,0,0.221012654459768
"18195","1250","Ec_N",304,15,15,"Ec",2,1,0,0,0,0,0.221012654459768
"18196","1250","Ec_N",304,16,16,"Ec",2,1,0,0,0,0,0.221012654459768
"18197","1250","Ec_N",304,17,17,"Ec",2,1,0,0,0,0,0.221012654459768
"18198","1250","Ec_N",304,18,18,"Ec",2,1,0,0,0,0,0.221012654459768
"18199","1250","Ec_N",304,19,19,"Ec",2,1,0,0,0,0,0.221012654459768
"18200","1250","Ec_N",304,20,20,"Ec",2,1,0,0,0,0,0.221012654459768
"18201","1250","Ec_N",304,21,21,"Ec",2,1,0,0,0,0,0.221012654459768
"18202","1250","Ec_N",304,22,22,"Ec",2,1,0,0,0,0,0.221012654459768
"18203","1250","Ec_N",304,23,23,"Ec",2,1,0,0,0,0,0.221012654459768
"18204","1250","Ec_N",304,24,24,"Ec",4,1,1,0,0,0,0.303663233874882
"18205","1250","Ec_N",304,25,25,"Ec",4,1,1,0,0,0,0.303663233874882
"18206","1250","Ec_N",304,26,26,"Ec",4,1,1,0,0,0,0.303663233874882
"18207","1250","Ec_N",304,27,27,"Ec",4,1,1,0,0,0,0.303663233874882
"18208","1250","Ec_N",304,28,28,"Ec",4,1,1,0,0,0,0.303663233874882
"18209","1250","Ec_N",304,29,29,"Ec",4,1,1,0,0,0,0.303663233874882
"18210","1250","Ec_N",304,30,30,"Ec",4,1,1,0,0,0,0.303663233874882
"18211","1250","Ec_N",304,31,31,"Ec",4,1,1,0,0,0,0.303663233874882
"18212","1250","Ec_N",304,32,32,"Ec",4,1,1,0,0,0,0.303663233874882
"18213","1250","Ec_N",304,33,33,"Ec",4,1,1,0,0,0,0.303663233874882
"18214","1250","Ec_N",304,34,34,"Ec",4,1,1,0,0,0,0.303663233874882
"18215","1250","Ec_N",304,35,35,"Ec",12,1,1,0,1,0,0.552627762799163
"18216","1250","Ec_N",304,36,36,"Ec",12,1,1,0,1,0,0.552627762799163
"18217","1250","Ec_N",304,37,37,"Ec",12,1,1,0,1,0,0.552627762799163
"18218","1250","Ec_N",304,38,38,"Ec",12,1,1,0,1,0,0.552627762799163
"18219","1250","Ec_N",304,39,39,"Ec",12,1,1,0,1,0,0.552627762799163
"18220","1250","Ec_N",304,40,40,"Ec",12,1,1,0,1,0,0.552627762799163
"18221","1250","Ec_N",304,41,41,"Ec",12,1,1,0,1,0,0.552627762799163
"18222","1250","Ec_N",304,42,42,"Ec",12,1,1,0,1,0,0.552627762799163
"18223","1250","Ec_N",304,43,43,"Ec",12,1,1,0,1,0,0.552627762799163
"18224","1250","Ec_N",304,44,44,"Ec",12,1,1,0,1,0,0.552627762799163
"18225","1250","Ec_N",304,45,45,"Ec",12,1,1,0,1,0,0.552627762799163
"18226","1250","Ec_N",304,46,46,"Ec",12,1,1,0,1,0,0.552627762799163
"18227","1250","Ec_N",304,47,47,"Ec",12,1,1,0,1,0,0.552627762799163
"18228","1250","Ec_N",304,48,48,"Ec",12,1,1,0,1,0,0.552627762799163
"18229","1250","Ec_N",304,49,49,"Ec",12,1,1,0,1,0,0.552627762799163
"18230","1250","Ec_N",304,50,50,"Ec",12,1,1,0,1,0,0.552627762799163
"18231","1250","Ec_N",304,51,51,"Ec",12,1,1,0,1,0,0.552627762799163
"18232","1250","Ec_N",304,52,52,"Ec",12,1,1,0,1,0,0.552627762799163
"18233","1250","Ec_N",304,53,53,"Ec",12,1,1,0,1,0,0.552627762799163
"18234","1250","Ec_N",304,54,54,"Ec",12,1,1,0,1,0,0.552627762799163
"18235","1250","Ec_N",304,55,55,"Ec",12,1,1,0,1,0,0.552627762799163
"18236","1250","Ec_N",304,56,56,"Ec",12,1,1,0,1,0,0.552627762799163
"18237","1250","Ec_N",304,57,57,"Ec",12,1,1,0,1,0,0.552627762799163
"18238","1250","Ec_N",304,58,58,"Ec",28,1,1,0,1,1,0.770762719311211
"18239","1250","Ec_N",304,59,59,"Ec",28,1,1,0,1,1,0.770762719311211
"18240","1250","Ec_N",304,60,60,"Ec",28,1,1,0,1,1,0.770762719311211
"18241","1250","Ec_N",305,1,1,"Ec",1,0,0,0,0,0,0
"18242","1250","Ec_N",305,2,2,"Ec",1,0,0,0,0,0,0
"18243","1250","Ec_N",305,3,3,"Ec",1,0,0,0,0,0,0
"18244","1250","Ec_N",305,4,4,"Ec",5,0,0,1,0,0,0.232063491762724
"18245","1250","Ec_N",305,5,5,"Ec",5,0,0,1,0,0,0.232063491762724
"18246","1250","Ec_N",305,6,6,"Ec",5,0,0,1,0,0,0.232063491762724
"18247","1250","Ec_N",305,7,7,"Ec",5,0,0,1,0,0,0.232063491762724
"18248","1250","Ec_N",305,8,8,"Ec",5,0,0,1,0,0,0.232063491762724
"18249","1250","Ec_N",305,9,9,"Ec",5,0,0,1,0,0,0.232063491762724
"18250","1250","Ec_N",305,10,10,"Ec",5,0,0,1,0,0,0.232063491762724
"18251","1250","Ec_N",305,11,11,"Ec",7,0,1,1,0,0,0.314714071177838
"18252","1250","Ec_N",305,12,12,"Ec",8,1,1,1,0,0,0.440600849145421
"18253","1250","Ec_N",305,13,13,"Ec",8,1,1,1,0,0,0.440600849145421
"18254","1250","Ec_N",305,14,14,"Ec",8,1,1,1,0,0,0.440600849145421
"18255","1250","Ec_N",305,15,15,"Ec",8,1,1,1,0,0,0.440600849145421
"18256","1250","Ec_N",305,16,16,"Ec",8,1,1,1,0,0,0.440600849145421
"18257","1250","Ec_N",305,17,17,"Ec",8,1,1,1,0,0,0.440600849145421
"18258","1250","Ec_N",305,18,18,"Ec",8,1,1,1,0,0,0.440600849145421
"18259","1250","Ec_N",305,19,19,"Ec",24,1,1,1,0,1,0.732254349958425
"18260","1250","Ec_N",305,20,20,"Ec",24,1,1,1,0,1,0.732254349958425
"18261","1250","Ec_N",305,21,21,"Ec",24,1,1,1,0,1,0.732254349958425
"18262","1250","Ec_N",305,22,22,"Ec",24,1,1,1,0,1,0.732254349958425
"18263","1250","Ec_N",305,23,23,"Ec",24,1,1,1,0,1,0.732254349958425
"18264","1250","Ec_N",305,24,24,"Ec",24,1,1,1,0,1,0.732254349958425
"18265","1250","Ec_N",305,25,25,"Ec",24,1,1,1,0,1,0.732254349958425
"18266","1250","Ec_N",305,26,26,"Ec",24,1,1,1,0,1,0.732254349958425
"18267","1250","Ec_N",305,27,27,"Ec",24,1,1,1,0,1,0.732254349958425
"18268","1250","Ec_N",305,28,28,"Ec",24,1,1,1,0,1,0.732254349958425
"18269","1250","Ec_N",305,29,29,"Ec",24,1,1,1,0,1,0.732254349958425
"18270","1250","Ec_N",305,30,30,"Ec",24,1,1,1,0,1,0.732254349958425
"18271","1250","Ec_N",305,31,31,"Ec",24,1,1,1,0,1,0.732254349958425
"18272","1250","Ec_N",305,32,32,"Ec",24,1,1,1,0,1,0.732254349958425
"18273","1250","Ec_N",305,33,33,"Ec",24,1,1,1,0,1,0.732254349958425
"18274","1250","Ec_N",305,34,34,"Ec",24,1,1,1,0,1,0.732254349958425
"18275","1250","Ec_N",305,35,35,"Ec",32,1,1,1,1,1,1
"18276","1250","Ec_N",305,36,36,"Ec",32,1,1,1,1,1,1
"18277","1250","Ec_N",305,37,37,"Ec",32,1,1,1,1,1,1
"18278","1250","Ec_N",305,38,38,"Ec",32,1,1,1,1,1,1
"18279","1250","Ec_N",305,39,39,"Ec",32,1,1,1,1,1,1
"18280","1250","Ec_N",305,40,40,"Ec",32,1,1,1,1,1,1
"18281","1250","Ec_N",305,41,41,"Ec",32,1,1,1,1,1,1
"18282","1250","Ec_N",305,42,42,"Ec",32,1,1,1,1,1,1
"18283","1250","Ec_N",305,43,43,"Ec",32,1,1,1,1,1,1
"18284","1250","Ec_N",305,44,44,"Ec",32,1,1,1,1,1,1
"18285","1250","Ec_N",305,45,45,"Ec",32,1,1,1,1,1,1
"18286","1250","Ec_N",305,46,46,"Ec",32,1,1,1,1,1,1
"18287","1250","Ec_N",305,47,47,"Ec",32,1,1,1,1,1,1
"18288","1250","Ec_N",305,48,48,"Ec",32,1,1,1,1,1,1
"18289","1250","Ec_N",305,49,49,"Ec",32,1,1,1,1,1,1
"18290","1250","Ec_N",305,50,50,"Ec",32,1,1,1,1,1,1
"18291","1250","Ec_N",305,51,51,"Ec",32,1,1,1,1,1,1
"18292","1250","Ec_N",305,52,52,"Ec",32,1,1,1,1,1,1
"18293","1250","Ec_N",305,53,53,"Ec",32,1,1,1,1,1,1
"18294","1250","Ec_N",305,54,54,"Ec",32,1,1,1,1,1,1
"18295","1250","Ec_N",305,55,55,"Ec",32,1,1,1,1,1,1
"18296","1250","Ec_N",305,56,56,"Ec",32,1,1,1,1,1,1
"18297","1250","Ec_N",305,57,57,"Ec",32,1,1,1,1,1,1
"18298","1250","Ec_N",305,58,58,"Ec",32,1,1,1,1,1,1
"18299","1250","Ec_N",305,59,59,"Ec",32,1,1,1,1,1,1
"18300","1250","Ec_N",305,60,60,"Ec",32,1,1,1,1,1,1
"18301","1250","Ec_N",306,1,1,"Ec",1,0,0,0,0,0,0
"18302","1250","Ec_N",306,2,2,"Ec",2,1,0,0,0,0,0.221012654459768
"18303","1250","Ec_N",306,3,3,"Ec",2,1,0,0,0,0,0.221012654459768
"18304","1250","Ec_N",306,4,4,"Ec",2,1,0,0,0,0,0.221012654459768
"18305","1250","Ec_N",306,5,5,"Ec",4,1,1,0,0,0,0.303663233874882
"18306","1250","Ec_N",306,6,6,"Ec",4,1,1,0,0,0,0.303663233874882
"18307","1250","Ec_N",306,7,7,"Ec",4,1,1,0,0,0,0.303663233874882
"18308","1250","Ec_N",306,8,8,"Ec",4,1,1,0,0,0,0.303663233874882
"18309","1250","Ec_N",306,9,9,"Ec",4,1,1,0,0,0,0.303663233874882
"18310","1250","Ec_N",306,10,10,"Ec",20,1,1,0,0,1,0.500190858195701
"18311","1250","Ec_N",306,11,11,"Ec",20,1,1,0,0,1,0.500190858195701
"18312","1250","Ec_N",306,12,12,"Ec",20,1,1,0,0,1,0.500190858195701
"18313","1250","Ec_N",306,13,13,"Ec",20,1,1,0,0,1,0.500190858195701
"18314","1250","Ec_N",306,14,14,"Ec",20,1,1,0,0,1,0.500190858195701
"18315","1250","Ec_N",306,15,15,"Ec",20,1,1,0,0,1,0.500190858195701
"18316","1250","Ec_N",306,16,16,"Ec",24,1,1,1,0,1,0.732254349958425
"18317","1250","Ec_N",306,17,17,"Ec",24,1,1,1,0,1,0.732254349958425
"18318","1250","Ec_N",306,18,18,"Ec",24,1,1,1,0,1,0.732254349958425
"18319","1250","Ec_N",306,19,19,"Ec",24,1,1,1,0,1,0.732254349958425
"18320","1250","Ec_N",306,20,20,"Ec",24,1,1,1,0,1,0.732254349958425
"18321","1250","Ec_N",306,21,21,"Ec",24,1,1,1,0,1,0.732254349958425
"18322","1250","Ec_N",306,22,22,"Ec",24,1,1,1,0,1,0.732254349958425
"18323","1250","Ec_N",306,23,23,"Ec",24,1,1,1,0,1,0.732254349958425
"18324","1250","Ec_N",306,24,24,"Ec",24,1,1,1,0,1,0.732254349958425
"18325","1250","Ec_N",306,25,25,"Ec",24,1,1,1,0,1,0.732254349958425
"18326","1250","Ec_N",306,26,26,"Ec",24,1,1,1,0,1,0.732254349958425
"18327","1250","Ec_N",306,27,27,"Ec",24,1,1,1,0,1,0.732254349958425
"18328","1250","Ec_N",306,28,28,"Ec",24,1,1,1,0,1,0.732254349958425
"18329","1250","Ec_N",306,29,29,"Ec",24,1,1,1,0,1,0.732254349958425
"18330","1250","Ec_N",306,30,30,"Ec",24,1,1,1,0,1,0.732254349958425
"18331","1250","Ec_N",306,31,31,"Ec",24,1,1,1,0,1,0.732254349958425
"18332","1250","Ec_N",306,32,32,"Ec",24,1,1,1,0,1,0.732254349958425
"18333","1250","Ec_N",306,33,33,"Ec",24,1,1,1,0,1,0.732254349958425
"18334","1250","Ec_N",306,34,34,"Ec",24,1,1,1,0,1,0.732254349958425
"18335","1250","Ec_N",306,35,35,"Ec",24,1,1,1,0,1,0.732254349958425
"18336","1250","Ec_N",306,36,36,"Ec",24,1,1,1,0,1,0.732254349958425
"18337","1250","Ec_N",306,37,37,"Ec",32,1,1,1,1,1,1
"18338","1250","Ec_N",306,38,38,"Ec",32,1,1,1,1,1,1
"18339","1250","Ec_N",306,39,39,"Ec",32,1,1,1,1,1,1
"18340","1250","Ec_N",306,40,40,"Ec",32,1,1,1,1,1,1
"18341","1250","Ec_N",306,41,41,"Ec",32,1,1,1,1,1,1
"18342","1250","Ec_N",306,42,42,"Ec",32,1,1,1,1,1,1
"18343","1250","Ec_N",306,43,43,"Ec",32,1,1,1,1,1,1
"18344","1250","Ec_N",306,44,44,"Ec",32,1,1,1,1,1,1
"18345","1250","Ec_N",306,45,45,"Ec",32,1,1,1,1,1,1
"18346","1250","Ec_N",306,46,46,"Ec",32,1,1,1,1,1,1
"18347","1250","Ec_N",306,47,47,"Ec",32,1,1,1,1,1,1
"18348","1250","Ec_N",306,48,48,"Ec",32,1,1,1,1,1,1
"18349","1250","Ec_N",306,49,49,"Ec",32,1,1,1,1,1,1
"18350","1250","Ec_N",306,50,50,"Ec",32,1,1,1,1,1,1
"18351","1250","Ec_N",306,51,51,"Ec",32,1,1,1,1,1,1
"18352","1250","Ec_N",306,52,52,"Ec",32,1,1,1,1,1,1
"18353","1250","Ec_N",306,53,53,"Ec",32,1,1,1,1,1,1
"18354","1250","Ec_N",306,54,54,"Ec",32,1,1,1,1,1,1
"18355","1250","Ec_N",306,55,55,"Ec",32,1,1,1,1,1,1
"18356","1250","Ec_N",306,56,56,"Ec",32,1,1,1,1,1,1
"18357","1250","Ec_N",306,57,57,"Ec",32,1,1,1,1,1,1
"18358","1250","Ec_N",306,58,58,"Ec",32,1,1,1,1,1,1
"18359","1250","Ec_N",306,59,59,"Ec",32,1,1,1,1,1,1
"18360","1250","Ec_N",306,60,60,"Ec",32,1,1,1,1,1,1
"18361","1250","Ec_N",307,1,1,"Ec",1,0,0,0,0,0,0
"18362","1250","Ec_N",307,2,2,"Ec",1,0,0,0,0,0,0
"18363","1250","Ec_N",307,3,3,"Ec",1,0,0,0,0,0,0
"18364","1250","Ec_N",307,4,4,"Ec",1,0,0,0,0,0,0
"18365","1250","Ec_N",307,5,5,"Ec",1,0,0,0,0,0,0
"18366","1250","Ec_N",307,6,6,"Ec",1,0,0,0,0,0,0
"18367","1250","Ec_N",307,7,7,"Ec",1,0,0,0,0,0,0
"18368","1250","Ec_N",307,8,8,"Ec",2,1,0,0,0,0,0.221012654459768
"18369","1250","Ec_N",307,9,9,"Ec",2,1,0,0,0,0,0.221012654459768
"18370","1250","Ec_N",307,10,10,"Ec",2,1,0,0,0,0,0.221012654459768
"18371","1250","Ec_N",307,11,11,"Ec",18,1,0,0,0,1,0.417540278780587
"18372","1250","Ec_N",307,12,12,"Ec",18,1,0,0,0,1,0.417540278780587
"18373","1250","Ec_N",307,13,13,"Ec",26,1,0,0,1,1,0.685285928822162
"18374","1250","Ec_N",307,14,14,"Ec",30,1,0,1,1,1,0.981696467924213
"18375","1250","Ec_N",307,15,15,"Ec",30,1,0,1,1,1,0.981696467924213
"18376","1250","Ec_N",307,16,16,"Ec",30,1,0,1,1,1,0.981696467924213
"18377","1250","Ec_N",307,17,17,"Ec",30,1,0,1,1,1,0.981696467924213
"18378","1250","Ec_N",307,18,18,"Ec",30,1,0,1,1,1,0.981696467924213
"18379","1250","Ec_N",307,19,19,"Ec",30,1,0,1,1,1,0.981696467924213
"18380","1250","Ec_N",307,20,20,"Ec",30,1,0,1,1,1,0.981696467924213
"18381","1250","Ec_N",307,21,21,"Ec",30,1,0,1,1,1,0.981696467924213
"18382","1250","Ec_N",307,22,22,"Ec",30,1,0,1,1,1,0.981696467924213
"18383","1250","Ec_N",307,23,23,"Ec",30,1,0,1,1,1,0.981696467924213
"18384","1250","Ec_N",307,24,24,"Ec",30,1,0,1,1,1,0.981696467924213
"18385","1250","Ec_N",307,25,25,"Ec",30,1,0,1,1,1,0.981696467924213
"18386","1250","Ec_N",307,26,26,"Ec",30,1,0,1,1,1,0.981696467924213
"18387","1250","Ec_N",307,27,27,"Ec",30,1,0,1,1,1,0.981696467924213
"18388","1250","Ec_N",307,28,28,"Ec",30,1,0,1,1,1,0.981696467924213
"18389","1250","Ec_N",307,29,29,"Ec",30,1,0,1,1,1,0.981696467924213
"18390","1250","Ec_N",307,30,30,"Ec",30,1,0,1,1,1,0.981696467924213
"18391","1250","Ec_N",307,31,31,"Ec",30,1,0,1,1,1,0.981696467924213
"18392","1250","Ec_N",307,32,32,"Ec",30,1,0,1,1,1,0.981696467924213
"18393","1250","Ec_N",307,33,33,"Ec",30,1,0,1,1,1,0.981696467924213
"18394","1250","Ec_N",307,34,34,"Ec",30,1,0,1,1,1,0.981696467924213
"18395","1250","Ec_N",307,35,35,"Ec",30,1,0,1,1,1,0.981696467924213
"18396","1250","Ec_N",307,36,36,"Ec",30,1,0,1,1,1,0.981696467924213
"18397","1250","Ec_N",307,37,37,"Ec",30,1,0,1,1,1,0.981696467924213
"18398","1250","Ec_N",307,38,38,"Ec",30,1,0,1,1,1,0.981696467924213
"18399","1250","Ec_N",307,39,39,"Ec",30,1,0,1,1,1,0.981696467924213
"18400","1250","Ec_N",307,40,40,"Ec",30,1,0,1,1,1,0.981696467924213
"18401","1250","Ec_N",307,41,41,"Ec",30,1,0,1,1,1,0.981696467924213
"18402","1250","Ec_N",307,42,42,"Ec",30,1,0,1,1,1,0.981696467924213
"18403","1250","Ec_N",307,43,43,"Ec",30,1,0,1,1,1,0.981696467924213
"18404","1250","Ec_N",307,44,44,"Ec",30,1,0,1,1,1,0.981696467924213
"18405","1250","Ec_N",307,45,45,"Ec",30,1,0,1,1,1,0.981696467924213
"18406","1250","Ec_N",307,46,46,"Ec",30,1,0,1,1,1,0.981696467924213
"18407","1250","Ec_N",307,47,47,"Ec",30,1,0,1,1,1,0.981696467924213
"18408","1250","Ec_N",307,48,48,"Ec",30,1,0,1,1,1,0.981696467924213
"18409","1250","Ec_N",307,49,49,"Ec",30,1,0,1,1,1,0.981696467924213
"18410","1250","Ec_N",307,50,50,"Ec",30,1,0,1,1,1,0.981696467924213
"18411","1250","Ec_N",307,51,51,"Ec",30,1,0,1,1,1,0.981696467924213
"18412","1250","Ec_N",307,52,52,"Ec",30,1,0,1,1,1,0.981696467924213
"18413","1250","Ec_N",307,53,53,"Ec",32,1,1,1,1,1,1
"18414","1250","Ec_N",307,54,54,"Ec",32,1,1,1,1,1,1
"18415","1250","Ec_N",307,55,55,"Ec",32,1,1,1,1,1,1
"18416","1250","Ec_N",307,56,56,"Ec",32,1,1,1,1,1,1
"18417","1250","Ec_N",307,57,57,"Ec",32,1,1,1,1,1,1
"18418","1250","Ec_N",307,58,58,"Ec",32,1,1,1,1,1,1
"18419","1250","Ec_N",307,59,59,"Ec",32,1,1,1,1,1,1
"18420","1250","Ec_N",307,60,60,"Ec",32,1,1,1,1,1,1
"18421","1250","Ec_N",308,1,1,"Ec",1,0,0,0,0,0,0
"18422","1250","Ec_N",308,2,2,"Ec",1,0,0,0,0,0,0
"18423","1250","Ec_N",308,3,3,"Ec",1,0,0,0,0,0,0
"18424","1250","Ec_N",308,4,4,"Ec",1,0,0,0,0,0,0
"18425","1250","Ec_N",308,5,5,"Ec",1,0,0,0,0,0,0
"18426","1250","Ec_N",308,6,6,"Ec",1,0,0,0,0,0,0
"18427","1250","Ec_N",308,7,7,"Ec",9,0,0,0,1,0,0.267745650041575
"18428","1250","Ec_N",308,8,8,"Ec",9,0,0,0,1,0,0.267745650041575
"18429","1250","Ec_N",308,9,9,"Ec",13,0,0,1,1,0,0.499809141804299
"18430","1250","Ec_N",308,10,10,"Ec",13,0,0,1,1,0,0.499809141804299
"18431","1250","Ec_N",308,11,11,"Ec",13,0,0,1,1,0,0.499809141804299
"18432","1250","Ec_N",308,12,12,"Ec",14,1,0,1,1,0,0.720821796264067
"18433","1250","Ec_N",308,13,13,"Ec",14,1,0,1,1,0,0.720821796264067
"18434","1250","Ec_N",308,14,14,"Ec",30,1,0,1,1,1,0.981696467924213
"18435","1250","Ec_N",308,15,15,"Ec",32,1,1,1,1,1,1
"18436","1250","Ec_N",308,16,16,"Ec",32,1,1,1,1,1,1
"18437","1250","Ec_N",308,17,17,"Ec",32,1,1,1,1,1,1
"18438","1250","Ec_N",308,18,18,"Ec",32,1,1,1,1,1,1
"18439","1250","Ec_N",308,19,19,"Ec",32,1,1,1,1,1,1
"18440","1250","Ec_N",308,20,20,"Ec",32,1,1,1,1,1,1
"18441","1250","Ec_N",308,21,21,"Ec",32,1,1,1,1,1,1
"18442","1250","Ec_N",308,22,22,"Ec",32,1,1,1,1,1,1
"18443","1250","Ec_N",308,23,23,"Ec",32,1,1,1,1,1,1
"18444","1250","Ec_N",308,24,24,"Ec",32,1,1,1,1,1,1
"18445","1250","Ec_N",308,25,25,"Ec",32,1,1,1,1,1,1
"18446","1250","Ec_N",308,26,26,"Ec",32,1,1,1,1,1,1
"18447","1250","Ec_N",308,27,27,"Ec",32,1,1,1,1,1,1
"18448","1250","Ec_N",308,28,28,"Ec",32,1,1,1,1,1,1
"18449","1250","Ec_N",308,29,29,"Ec",32,1,1,1,1,1,1
"18450","1250","Ec_N",308,30,30,"Ec",32,1,1,1,1,1,1
"18451","1250","Ec_N",308,31,31,"Ec",32,1,1,1,1,1,1
"18452","1250","Ec_N",308,32,32,"Ec",32,1,1,1,1,1,1
"18453","1250","Ec_N",308,33,33,"Ec",32,1,1,1,1,1,1
"18454","1250","Ec_N",308,34,34,"Ec",32,1,1,1,1,1,1
"18455","1250","Ec_N",308,35,35,"Ec",32,1,1,1,1,1,1
"18456","1250","Ec_N",308,36,36,"Ec",32,1,1,1,1,1,1
"18457","1250","Ec_N",308,37,37,"Ec",32,1,1,1,1,1,1
"18458","1250","Ec_N",308,38,38,"Ec",32,1,1,1,1,1,1
"18459","1250","Ec_N",308,39,39,"Ec",32,1,1,1,1,1,1
"18460","1250","Ec_N",308,40,40,"Ec",32,1,1,1,1,1,1
"18461","1250","Ec_N",308,41,41,"Ec",32,1,1,1,1,1,1
"18462","1250","Ec_N",308,42,42,"Ec",32,1,1,1,1,1,1
"18463","1250","Ec_N",308,43,43,"Ec",32,1,1,1,1,1,1
"18464","1250","Ec_N",308,44,44,"Ec",32,1,1,1,1,1,1
"18465","1250","Ec_N",308,45,45,"Ec",32,1,1,1,1,1,1
"18466","1250","Ec_N",308,46,46,"Ec",32,1,1,1,1,1,1
"18467","1250","Ec_N",308,47,47,"Ec",32,1,1,1,1,1,1
"18468","1250","Ec_N",308,48,48,"Ec",32,1,1,1,1,1,1
"18469","1250","Ec_N",308,49,49,"Ec",32,1,1,1,1,1,1
"18470","1250","Ec_N",308,50,50,"Ec",32,1,1,1,1,1,1
"18471","1250","Ec_N",308,51,51,"Ec",32,1,1,1,1,1,1
"18472","1250","Ec_N",308,52,52,"Ec",32,1,1,1,1,1,1
"18473","1250","Ec_N",308,53,53,"Ec",32,1,1,1,1,1,1
"18474","1250","Ec_N",308,54,54,"Ec",32,1,1,1,1,1,1
"18475","1250","Ec_N",308,55,55,"Ec",32,1,1,1,1,1,1
"18476","1250","Ec_N",308,56,56,"Ec",32,1,1,1,1,1,1
"18477","1250","Ec_N",308,57,57,"Ec",32,1,1,1,1,1,1
"18478","1250","Ec_N",308,58,58,"Ec",32,1,1,1,1,1,1
"18479","1250","Ec_N",308,59,59,"Ec",32,1,1,1,1,1,1
"18480","1250","Ec_N",308,60,60,"Ec",32,1,1,1,1,1,1
"18481","1250","Ec_N",309,1,1,"Ec",1,0,0,0,0,0,0
"18482","1250","Ec_N",309,2,2,"Ec",9,0,0,0,1,0,0.267745650041575
"18483","1250","Ec_N",309,3,3,"Ec",9,0,0,0,1,0,0.267745650041575
"18484","1250","Ec_N",309,4,4,"Ec",9,0,0,0,1,0,0.267745650041575
"18485","1250","Ec_N",309,5,5,"Ec",9,0,0,0,1,0,0.267745650041575
"18486","1250","Ec_N",309,6,6,"Ec",9,0,0,0,1,0,0.267745650041575
"18487","1250","Ec_N",309,7,7,"Ec",9,0,0,0,1,0,0.267745650041575
"18488","1250","Ec_N",309,8,8,"Ec",9,0,0,0,1,0,0.267745650041575
"18489","1250","Ec_N",309,9,9,"Ec",9,0,0,0,1,0,0.267745650041575
"18490","1250","Ec_N",309,10,10,"Ec",9,0,0,0,1,0,0.267745650041575
"18491","1250","Ec_N",309,11,11,"Ec",9,0,0,0,1,0,0.267745650041575
"18492","1250","Ec_N",309,12,12,"Ec",9,0,0,0,1,0,0.267745650041575
"18493","1250","Ec_N",309,13,13,"Ec",9,0,0,0,1,0,0.267745650041575
"18494","1250","Ec_N",309,14,14,"Ec",13,0,0,1,1,0,0.499809141804299
"18495","1250","Ec_N",309,15,15,"Ec",13,0,0,1,1,0,0.499809141804299
"18496","1250","Ec_N",309,16,16,"Ec",13,0,0,1,1,0,0.499809141804299
"18497","1250","Ec_N",309,17,17,"Ec",13,0,0,1,1,0,0.499809141804299
"18498","1250","Ec_N",309,18,18,"Ec",13,0,0,1,1,0,0.499809141804299
"18499","1250","Ec_N",309,19,19,"Ec",13,0,0,1,1,0,0.499809141804299
"18500","1250","Ec_N",309,20,20,"Ec",13,0,0,1,1,0,0.499809141804299
"18501","1250","Ec_N",309,21,21,"Ec",13,0,0,1,1,0,0.499809141804299
"18502","1250","Ec_N",309,22,22,"Ec",14,1,0,1,1,0,0.720821796264067
"18503","1250","Ec_N",309,23,23,"Ec",14,1,0,1,1,0,0.720821796264067
"18504","1250","Ec_N",309,24,24,"Ec",14,1,0,1,1,0,0.720821796264067
"18505","1250","Ec_N",309,25,25,"Ec",14,1,0,1,1,0,0.720821796264067
"18506","1250","Ec_N",309,26,26,"Ec",14,1,0,1,1,0,0.720821796264067
"18507","1250","Ec_N",309,27,27,"Ec",14,1,0,1,1,0,0.720821796264067
"18508","1250","Ec_N",309,28,28,"Ec",14,1,0,1,1,0,0.720821796264067
"18509","1250","Ec_N",309,29,29,"Ec",16,1,1,1,1,0,0.879284144928883
"18510","1250","Ec_N",309,30,30,"Ec",16,1,1,1,1,0,0.879284144928883
"18511","1250","Ec_N",309,31,31,"Ec",16,1,1,1,1,0,0.879284144928883
"18512","1250","Ec_N",309,32,32,"Ec",16,1,1,1,1,0,0.879284144928883
"18513","1250","Ec_N",309,33,33,"Ec",16,1,1,1,1,0,0.879284144928883
"18514","1250","Ec_N",309,34,34,"Ec",16,1,1,1,1,0,0.879284144928883
"18515","1250","Ec_N",309,35,35,"Ec",16,1,1,1,1,0,0.879284144928883
"18516","1250","Ec_N",309,36,36,"Ec",16,1,1,1,1,0,0.879284144928883
"18517","1250","Ec_N",309,37,37,"Ec",16,1,1,1,1,0,0.879284144928883
"18518","1250","Ec_N",309,38,38,"Ec",16,1,1,1,1,0,0.879284144928883
"18519","1250","Ec_N",309,39,39,"Ec",16,1,1,1,1,0,0.879284144928883
"18520","1250","Ec_N",309,40,40,"Ec",16,1,1,1,1,0,0.879284144928883
"18521","1250","Ec_N",309,41,41,"Ec",32,1,1,1,1,1,1
"18522","1250","Ec_N",309,42,42,"Ec",32,1,1,1,1,1,1
"18523","1250","Ec_N",309,43,43,"Ec",32,1,1,1,1,1,1
"18524","1250","Ec_N",309,44,44,"Ec",32,1,1,1,1,1,1
"18525","1250","Ec_N",309,45,45,"Ec",32,1,1,1,1,1,1
"18526","1250","Ec_N",309,46,46,"Ec",32,1,1,1,1,1,1
"18527","1250","Ec_N",309,47,47,"Ec",32,1,1,1,1,1,1
"18528","1250","Ec_N",309,48,48,"Ec",32,1,1,1,1,1,1
"18529","1250","Ec_N",309,49,49,"Ec",32,1,1,1,1,1,1
"18530","1250","Ec_N",309,50,50,"Ec",32,1,1,1,1,1,1
"18531","1250","Ec_N",309,51,51,"Ec",32,1,1,1,1,1,1
"18532","1250","Ec_N",309,52,52,"Ec",32,1,1,1,1,1,1
"18533","1250","Ec_N",309,53,53,"Ec",32,1,1,1,1,1,1
"18534","1250","Ec_N",309,54,54,"Ec",32,1,1,1,1,1,1
"18535","1250","Ec_N",309,55,55,"Ec",32,1,1,1,1,1,1
"18536","1250","Ec_N",309,56,56,"Ec",32,1,1,1,1,1,1
"18537","1250","Ec_N",309,57,57,"Ec",32,1,1,1,1,1,1
"18538","1250","Ec_N",309,58,58,"Ec",32,1,1,1,1,1,1
"18539","1250","Ec_N",309,59,59,"Ec",32,1,1,1,1,1,1
"18540","1250","Ec_N",309,60,60,"Ec",32,1,1,1,1,1,1
"18541","1250","Ec_N",310,1,1,"Ec",1,0,0,0,0,0,0
"18542","1250","Ec_N",310,2,2,"Ec",1,0,0,0,0,0,0
"18543","1250","Ec_N",310,3,3,"Ec",1,0,0,0,0,0,0
"18544","1250","Ec_N",310,4,4,"Ec",1,0,0,0,0,0,0
"18545","1250","Ec_N",310,5,5,"Ec",3,0,1,0,0,0,0.082650579415114
"18546","1250","Ec_N",310,6,6,"Ec",3,0,1,0,0,0,0.082650579415114
"18547","1250","Ec_N",310,7,7,"Ec",4,1,1,0,0,0,0.303663233874882
"18548","1250","Ec_N",310,8,8,"Ec",4,1,1,0,0,0,0.303663233874882
"18549","1250","Ec_N",310,9,9,"Ec",20,1,1,0,0,1,0.500190858195701
"18550","1250","Ec_N",310,10,10,"Ec",20,1,1,0,0,1,0.500190858195701
"18551","1250","Ec_N",310,11,11,"Ec",20,1,1,0,0,1,0.500190858195701
"18552","1250","Ec_N",310,12,12,"Ec",20,1,1,0,0,1,0.500190858195701
"18553","1250","Ec_N",310,13,13,"Ec",20,1,1,0,0,1,0.500190858195701
"18554","1250","Ec_N",310,14,14,"Ec",24,1,1,1,0,1,0.732254349958425
"18555","1250","Ec_N",310,15,15,"Ec",24,1,1,1,0,1,0.732254349958425
"18556","1250","Ec_N",310,16,16,"Ec",24,1,1,1,0,1,0.732254349958425
"18557","1250","Ec_N",310,17,17,"Ec",24,1,1,1,0,1,0.732254349958425
"18558","1250","Ec_N",310,18,18,"Ec",24,1,1,1,0,1,0.732254349958425
"18559","1250","Ec_N",310,19,19,"Ec",24,1,1,1,0,1,0.732254349958425
"18560","1250","Ec_N",310,20,20,"Ec",24,1,1,1,0,1,0.732254349958425
"18561","1250","Ec_N",310,21,21,"Ec",24,1,1,1,0,1,0.732254349958425
"18562","1250","Ec_N",310,22,22,"Ec",24,1,1,1,0,1,0.732254349958425
"18563","1250","Ec_N",310,23,23,"Ec",24,1,1,1,0,1,0.732254349958425
"18564","1250","Ec_N",310,24,24,"Ec",32,1,1,1,1,1,1
"18565","1250","Ec_N",310,25,25,"Ec",32,1,1,1,1,1,1
"18566","1250","Ec_N",310,26,26,"Ec",32,1,1,1,1,1,1
"18567","1250","Ec_N",310,27,27,"Ec",32,1,1,1,1,1,1
"18568","1250","Ec_N",310,28,28,"Ec",32,1,1,1,1,1,1
"18569","1250","Ec_N",310,29,29,"Ec",32,1,1,1,1,1,1
"18570","1250","Ec_N",310,30,30,"Ec",32,1,1,1,1,1,1
"18571","1250","Ec_N",310,31,31,"Ec",32,1,1,1,1,1,1
"18572","1250","Ec_N",310,32,32,"Ec",32,1,1,1,1,1,1
"18573","1250","Ec_N",310,33,33,"Ec",32,1,1,1,1,1,1
"18574","1250","Ec_N",310,34,34,"Ec",32,1,1,1,1,1,1
"18575","1250","Ec_N",310,35,35,"Ec",32,1,1,1,1,1,1
"18576","1250","Ec_N",310,36,36,"Ec",32,1,1,1,1,1,1
"18577","1250","Ec_N",310,37,37,"Ec",32,1,1,1,1,1,1
"18578","1250","Ec_N",310,38,38,"Ec",32,1,1,1,1,1,1
"18579","1250","Ec_N",310,39,39,"Ec",32,1,1,1,1,1,1
"18580","1250","Ec_N",310,40,40,"Ec",32,1,1,1,1,1,1
"18581","1250","Ec_N",310,41,41,"Ec",32,1,1,1,1,1,1
"18582","1250","Ec_N",310,42,42,"Ec",32,1,1,1,1,1,1
"18583","1250","Ec_N",310,43,43,"Ec",32,1,1,1,1,1,1
"18584","1250","Ec_N",310,44,44,"Ec",32,1,1,1,1,1,1
"18585","1250","Ec_N",310,45,45,"Ec",32,1,1,1,1,1,1
"18586","1250","Ec_N",310,46,46,"Ec",32,1,1,1,1,1,1
"18587","1250","Ec_N",310,47,47,"Ec",32,1,1,1,1,1,1
"18588","1250","Ec_N",310,48,48,"Ec",32,1,1,1,1,1,1
"18589","1250","Ec_N",310,49,49,"Ec",32,1,1,1,1,1,1
"18590","1250","Ec_N",310,50,50,"Ec",32,1,1,1,1,1,1
"18591","1250","Ec_N",310,51,51,"Ec",32,1,1,1,1,1,1
"18592","1250","Ec_N",310,52,52,"Ec",32,1,1,1,1,1,1
"18593","1250","Ec_N",310,53,53,"Ec",32,1,1,1,1,1,1
"18594","1250","Ec_N",310,54,54,"Ec",32,1,1,1,1,1,1
"18595","1250","Ec_N",310,55,55,"Ec",32,1,1,1,1,1,1
"18596","1250","Ec_N",310,56,56,"Ec",32,1,1,1,1,1,1
"18597","1250","Ec_N",310,57,57,"Ec",32,1,1,1,1,1,1
"18598","1250","Ec_N",310,58,58,"Ec",32,1,1,1,1,1,1
"18599","1250","Ec_N",310,59,59,"Ec",32,1,1,1,1,1,1
"18600","1250","Ec_N",310,60,60,"Ec",32,1,1,1,1,1,1
"18601","1250","Ec_N",311,1,1,"Ec",1,0,0,0,0,0,0
"18602","1250","Ec_N",311,2,2,"Ec",1,0,0,0,0,0,0
"18603","1250","Ec_N",311,3,3,"Ec",1,0,0,0,0,0,0
"18604","1250","Ec_N",311,4,4,"Ec",1,0,0,0,0,0,0
"18605","1250","Ec_N",311,5,5,"Ec",1,0,0,0,0,0,0
"18606","1250","Ec_N",311,6,6,"Ec",1,0,0,0,0,0,0
"18607","1250","Ec_N",311,7,7,"Ec",1,0,0,0,0,0,0
"18608","1250","Ec_N",311,8,8,"Ec",1,0,0,0,0,0,0
"18609","1250","Ec_N",311,9,9,"Ec",1,0,0,0,0,0,0
"18610","1250","Ec_N",311,10,10,"Ec",3,0,1,0,0,0,0.082650579415114
"18611","1250","Ec_N",311,11,11,"Ec",3,0,1,0,0,0,0.082650579415114
"18612","1250","Ec_N",311,12,12,"Ec",3,0,1,0,0,0,0.082650579415114
"18613","1250","Ec_N",311,13,13,"Ec",3,0,1,0,0,0,0.082650579415114
"18614","1250","Ec_N",311,14,14,"Ec",3,0,1,0,0,0,0.082650579415114
"18615","1250","Ec_N",311,15,15,"Ec",3,0,1,0,0,0,0.082650579415114
"18616","1250","Ec_N",311,16,16,"Ec",3,0,1,0,0,0,0.082650579415114
"18617","1250","Ec_N",311,17,17,"Ec",3,0,1,0,0,0,0.082650579415114
"18618","1250","Ec_N",311,18,18,"Ec",11,0,1,0,1,0,0.168832555215222
"18619","1250","Ec_N",311,19,19,"Ec",12,1,1,0,1,0,0.552627762799163
"18620","1250","Ec_N",311,20,20,"Ec",16,1,1,1,1,0,0.879284144928883
"18621","1250","Ec_N",311,21,21,"Ec",16,1,1,1,1,0,0.879284144928883
"18622","1250","Ec_N",311,22,22,"Ec",16,1,1,1,1,0,0.879284144928883
"18623","1250","Ec_N",311,23,23,"Ec",16,1,1,1,1,0,0.879284144928883
"18624","1250","Ec_N",311,24,24,"Ec",16,1,1,1,1,0,0.879284144928883
"18625","1250","Ec_N",311,25,25,"Ec",16,1,1,1,1,0,0.879284144928883
"18626","1250","Ec_N",311,26,26,"Ec",16,1,1,1,1,0,0.879284144928883
"18627","1250","Ec_N",311,27,27,"Ec",16,1,1,1,1,0,0.879284144928883
"18628","1250","Ec_N",311,28,28,"Ec",16,1,1,1,1,0,0.879284144928883
"18629","1250","Ec_N",311,29,29,"Ec",16,1,1,1,1,0,0.879284144928883
"18630","1250","Ec_N",311,30,30,"Ec",16,1,1,1,1,0,0.879284144928883
"18631","1250","Ec_N",311,31,31,"Ec",16,1,1,1,1,0,0.879284144928883
"18632","1250","Ec_N",311,32,32,"Ec",16,1,1,1,1,0,0.879284144928883
"18633","1250","Ec_N",311,33,33,"Ec",16,1,1,1,1,0,0.879284144928883
"18634","1250","Ec_N",311,34,34,"Ec",32,1,1,1,1,1,1
"18635","1250","Ec_N",311,35,35,"Ec",32,1,1,1,1,1,1
"18636","1250","Ec_N",311,36,36,"Ec",32,1,1,1,1,1,1
"18637","1250","Ec_N",311,37,37,"Ec",32,1,1,1,1,1,1
"18638","1250","Ec_N",311,38,38,"Ec",32,1,1,1,1,1,1
"18639","1250","Ec_N",311,39,39,"Ec",32,1,1,1,1,1,1
"18640","1250","Ec_N",311,40,40,"Ec",32,1,1,1,1,1,1
"18641","1250","Ec_N",311,41,41,"Ec",32,1,1,1,1,1,1
"18642","1250","Ec_N",311,42,42,"Ec",32,1,1,1,1,1,1
"18643","1250","Ec_N",311,43,43,"Ec",32,1,1,1,1,1,1
"18644","1250","Ec_N",311,44,44,"Ec",32,1,1,1,1,1,1
"18645","1250","Ec_N",311,45,45,"Ec",32,1,1,1,1,1,1
"18646","1250","Ec_N",311,46,46,"Ec",32,1,1,1,1,1,1
"18647","1250","Ec_N",311,47,47,"Ec",32,1,1,1,1,1,1
"18648","1250","Ec_N",311,48,48,"Ec",32,1,1,1,1,1,1
"18649","1250","Ec_N",311,49,49,"Ec",32,1,1,1,1,1,1
"18650","1250","Ec_N",311,50,50,"Ec",32,1,1,1,1,1,1
"18651","1250","Ec_N",311,51,51,"Ec",32,1,1,1,1,1,1
"18652","1250","Ec_N",311,52,52,"Ec",32,1,1,1,1,1,1
"18653","1250","Ec_N",311,53,53,"Ec",32,1,1,1,1,1,1
"18654","1250","Ec_N",311,54,54,"Ec",32,1,1,1,1,1,1
"18655","1250","Ec_N",311,55,55,"Ec",32,1,1,1,1,1,1
"18656","1250","Ec_N",311,56,56,"Ec",32,1,1,1,1,1,1
"18657","1250","Ec_N",311,57,57,"Ec",32,1,1,1,1,1,1
"18658","1250","Ec_N",311,58,58,"Ec",32,1,1,1,1,1,1
"18659","1250","Ec_N",311,59,59,"Ec",32,1,1,1,1,1,1
"18660","1250","Ec_N",311,60,60,"Ec",32,1,1,1,1,1,1
"18661","1250","Ec_N",312,1,1,"Ec",1,0,0,0,0,0,0
"18662","1250","Ec_N",312,2,2,"Ec",1,0,0,0,0,0,0
"18663","1250","Ec_N",312,3,3,"Ec",9,0,0,0,1,0,0.267745650041575
"18664","1250","Ec_N",312,4,4,"Ec",9,0,0,0,1,0,0.267745650041575
"18665","1250","Ec_N",312,5,5,"Ec",9,0,0,0,1,0,0.267745650041575
"18666","1250","Ec_N",312,6,6,"Ec",9,0,0,0,1,0,0.267745650041575
"18667","1250","Ec_N",312,7,7,"Ec",9,0,0,0,1,0,0.267745650041575
"18668","1250","Ec_N",312,8,8,"Ec",9,0,0,0,1,0,0.267745650041575
"18669","1250","Ec_N",312,9,9,"Ec",9,0,0,0,1,0,0.267745650041575
"18670","1250","Ec_N",312,10,10,"Ec",25,0,0,0,1,1,0.464273274362394
"18671","1250","Ec_N",312,11,11,"Ec",25,0,0,0,1,1,0.464273274362394
"18672","1250","Ec_N",312,12,12,"Ec",25,0,0,0,1,1,0.464273274362394
"18673","1250","Ec_N",312,13,13,"Ec",25,0,0,0,1,1,0.464273274362394
"18674","1250","Ec_N",312,14,14,"Ec",25,0,0,0,1,1,0.464273274362394
"18675","1250","Ec_N",312,15,15,"Ec",25,0,0,0,1,1,0.464273274362394
"18676","1250","Ec_N",312,16,16,"Ec",27,0,1,0,1,1,0.50104458373578
"18677","1250","Ec_N",312,17,17,"Ec",31,0,1,1,1,1,0.778987345540232
"18678","1250","Ec_N",312,18,18,"Ec",31,0,1,1,1,1,0.778987345540232
"18679","1250","Ec_N",312,19,19,"Ec",31,0,1,1,1,1,0.778987345540232
"18680","1250","Ec_N",312,20,20,"Ec",31,0,1,1,1,1,0.778987345540232
"18681","1250","Ec_N",312,21,21,"Ec",31,0,1,1,1,1,0.778987345540232
"18682","1250","Ec_N",312,22,22,"Ec",31,0,1,1,1,1,0.778987345540232
"18683","1250","Ec_N",312,23,23,"Ec",31,0,1,1,1,1,0.778987345540232
"18684","1250","Ec_N",312,24,24,"Ec",31,0,1,1,1,1,0.778987345540232
"18685","1250","Ec_N",312,25,25,"Ec",31,0,1,1,1,1,0.778987345540232
"18686","1250","Ec_N",312,26,26,"Ec",31,0,1,1,1,1,0.778987345540232
"18687","1250","Ec_N",312,27,27,"Ec",31,0,1,1,1,1,0.778987345540232
"18688","1250","Ec_N",312,28,28,"Ec",31,0,1,1,1,1,0.778987345540232
"18689","1250","Ec_N",312,29,29,"Ec",31,0,1,1,1,1,0.778987345540232
"18690","1250","Ec_N",312,30,30,"Ec",31,0,1,1,1,1,0.778987345540232
"18691","1250","Ec_N",312,31,31,"Ec",31,0,1,1,1,1,0.778987345540232
"18692","1250","Ec_N",312,32,32,"Ec",31,0,1,1,1,1,0.778987345540232
"18693","1250","Ec_N",312,33,33,"Ec",31,0,1,1,1,1,0.778987345540232
"18694","1250","Ec_N",312,34,34,"Ec",31,0,1,1,1,1,0.778987345540232
"18695","1250","Ec_N",312,35,35,"Ec",31,0,1,1,1,1,0.778987345540232
"18696","1250","Ec_N",312,36,36,"Ec",31,0,1,1,1,1,0.778987345540232
"18697","1250","Ec_N",312,37,37,"Ec",31,0,1,1,1,1,0.778987345540232
"18698","1250","Ec_N",312,38,38,"Ec",32,1,1,1,1,1,1
"18699","1250","Ec_N",312,39,39,"Ec",32,1,1,1,1,1,1
"18700","1250","Ec_N",312,40,40,"Ec",32,1,1,1,1,1,1
"18701","1250","Ec_N",312,41,41,"Ec",32,1,1,1,1,1,1
"18702","1250","Ec_N",312,42,42,"Ec",32,1,1,1,1,1,1
"18703","1250","Ec_N",312,43,43,"Ec",32,1,1,1,1,1,1
"18704","1250","Ec_N",312,44,44,"Ec",32,1,1,1,1,1,1
"18705","1250","Ec_N",312,45,45,"Ec",32,1,1,1,1,1,1
"18706","1250","Ec_N",312,46,46,"Ec",32,1,1,1,1,1,1
"18707","1250","Ec_N",312,47,47,"Ec",32,1,1,1,1,1,1
"18708","1250","Ec_N",312,48,48,"Ec",32,1,1,1,1,1,1
"18709","1250","Ec_N",312,49,49,"Ec",32,1,1,1,1,1,1
"18710","1250","Ec_N",312,50,50,"Ec",32,1,1,1,1,1,1
"18711","1250","Ec_N",312,51,51,"Ec",32,1,1,1,1,1,1
"18712","1250","Ec_N",312,52,52,"Ec",32,1,1,1,1,1,1
"18713","1250","Ec_N",312,53,53,"Ec",32,1,1,1,1,1,1
"18714","1250","Ec_N",312,54,54,"Ec",32,1,1,1,1,1,1
"18715","1250","Ec_N",312,55,55,"Ec",32,1,1,1,1,1,1
"18716","1250","Ec_N",312,56,56,"Ec",32,1,1,1,1,1,1
"18717","1250","Ec_N",312,57,57,"Ec",32,1,1,1,1,1,1
"18718","1250","Ec_N",312,58,58,"Ec",32,1,1,1,1,1,1
"18719","1250","Ec_N",312,59,59,"Ec",32,1,1,1,1,1,1
"18720","1250","Ec_N",312,60,60,"Ec",32,1,1,1,1,1,1
"18721","1250","Ec_N",313,1,1,"Ec",1,0,0,0,0,0,0
"18722","1250","Ec_N",313,2,2,"Ec",1,0,0,0,0,0,0
"18723","1250","Ec_N",313,3,3,"Ec",3,0,1,0,0,0,0.082650579415114
"18724","1250","Ec_N",313,4,4,"Ec",3,0,1,0,0,0,0.082650579415114
"18725","1250","Ec_N",313,5,5,"Ec",3,0,1,0,0,0,0.082650579415114
"18726","1250","Ec_N",313,6,6,"Ec",3,0,1,0,0,0,0.082650579415114
"18727","1250","Ec_N",313,7,7,"Ec",3,0,1,0,0,0,0.082650579415114
"18728","1250","Ec_N",313,8,8,"Ec",11,0,1,0,1,0,0.168832555215222
"18729","1250","Ec_N",313,9,9,"Ec",11,0,1,0,1,0,0.168832555215222
"18730","1250","Ec_N",313,10,10,"Ec",11,0,1,0,1,0,0.168832555215222
"18731","1250","Ec_N",313,11,11,"Ec",11,0,1,0,1,0,0.168832555215222
"18732","1250","Ec_N",313,12,12,"Ec",11,0,1,0,1,0,0.168832555215222
"18733","1250","Ec_N",313,13,13,"Ec",11,0,1,0,1,0,0.168832555215222
"18734","1250","Ec_N",313,14,14,"Ec",11,0,1,0,1,0,0.168832555215222
"18735","1250","Ec_N",313,15,15,"Ec",11,0,1,0,1,0,0.168832555215222
"18736","1250","Ec_N",313,16,16,"Ec",11,0,1,0,1,0,0.168832555215222
"18737","1250","Ec_N",313,17,17,"Ec",12,1,1,0,1,0,0.552627762799163
"18738","1250","Ec_N",313,18,18,"Ec",12,1,1,0,1,0,0.552627762799163
"18739","1250","Ec_N",313,19,19,"Ec",12,1,1,0,1,0,0.552627762799163
"18740","1250","Ec_N",313,20,20,"Ec",12,1,1,0,1,0,0.552627762799163
"18741","1250","Ec_N",313,21,21,"Ec",12,1,1,0,1,0,0.552627762799163
"18742","1250","Ec_N",313,22,22,"Ec",12,1,1,0,1,0,0.552627762799163
"18743","1250","Ec_N",313,23,23,"Ec",12,1,1,0,1,0,0.552627762799163
"18744","1250","Ec_N",313,24,24,"Ec",12,1,1,0,1,0,0.552627762799163
"18745","1250","Ec_N",313,25,25,"Ec",12,1,1,0,1,0,0.552627762799163
"18746","1250","Ec_N",313,26,26,"Ec",16,1,1,1,1,0,0.879284144928883
"18747","1250","Ec_N",313,27,27,"Ec",32,1,1,1,1,1,1
"18748","1250","Ec_N",313,28,28,"Ec",32,1,1,1,1,1,1
"18749","1250","Ec_N",313,29,29,"Ec",32,1,1,1,1,1,1
"18750","1250","Ec_N",313,30,30,"Ec",32,1,1,1,1,1,1
"18751","1250","Ec_N",313,31,31,"Ec",32,1,1,1,1,1,1
"18752","1250","Ec_N",313,32,32,"Ec",32,1,1,1,1,1,1
"18753","1250","Ec_N",313,33,33,"Ec",32,1,1,1,1,1,1
"18754","1250","Ec_N",313,34,34,"Ec",32,1,1,1,1,1,1
"18755","1250","Ec_N",313,35,35,"Ec",32,1,1,1,1,1,1
"18756","1250","Ec_N",313,36,36,"Ec",32,1,1,1,1,1,1
"18757","1250","Ec_N",313,37,37,"Ec",32,1,1,1,1,1,1
"18758","1250","Ec_N",313,38,38,"Ec",32,1,1,1,1,1,1
"18759","1250","Ec_N",313,39,39,"Ec",32,1,1,1,1,1,1
"18760","1250","Ec_N",313,40,40,"Ec",32,1,1,1,1,1,1
"18761","1250","Ec_N",313,41,41,"Ec",32,1,1,1,1,1,1
"18762","1250","Ec_N",313,42,42,"Ec",32,1,1,1,1,1,1
"18763","1250","Ec_N",313,43,43,"Ec",32,1,1,1,1,1,1
"18764","1250","Ec_N",313,44,44,"Ec",32,1,1,1,1,1,1
"18765","1250","Ec_N",313,45,45,"Ec",32,1,1,1,1,1,1
"18766","1250","Ec_N",313,46,46,"Ec",32,1,1,1,1,1,1
"18767","1250","Ec_N",313,47,47,"Ec",32,1,1,1,1,1,1
"18768","1250","Ec_N",313,48,48,"Ec",32,1,1,1,1,1,1
"18769","1250","Ec_N",313,49,49,"Ec",32,1,1,1,1,1,1
"18770","1250","Ec_N",313,50,50,"Ec",32,1,1,1,1,1,1
"18771","1250","Ec_N",313,51,51,"Ec",32,1,1,1,1,1,1
"18772","1250","Ec_N",313,52,52,"Ec",32,1,1,1,1,1,1
"18773","1250","Ec_N",313,53,53,"Ec",32,1,1,1,1,1,1
"18774","1250","Ec_N",313,54,54,"Ec",32,1,1,1,1,1,1
"18775","1250","Ec_N",313,55,55,"Ec",32,1,1,1,1,1,1
"18776","1250","Ec_N",313,56,56,"Ec",32,1,1,1,1,1,1
"18777","1250","Ec_N",313,57,57,"Ec",32,1,1,1,1,1,1
"18778","1250","Ec_N",313,58,58,"Ec",32,1,1,1,1,1,1
"18779","1250","Ec_N",313,59,59,"Ec",32,1,1,1,1,1,1
"18780","1250","Ec_N",313,60,60,"Ec",32,1,1,1,1,1,1
"18781","1250","Ec_N",314,1,1,"Ec",1,0,0,0,0,0,0
"18782","1250","Ec_N",314,2,2,"Ec",1,0,0,0,0,0,0
"18783","1250","Ec_N",314,3,3,"Ec",1,0,0,0,0,0,0
"18784","1250","Ec_N",314,4,4,"Ec",1,0,0,0,0,0,0
"18785","1250","Ec_N",314,5,5,"Ec",2,1,0,0,0,0,0.221012654459768
"18786","1250","Ec_N",314,6,6,"Ec",2,1,0,0,0,0,0.221012654459768
"18787","1250","Ec_N",314,7,7,"Ec",2,1,0,0,0,0,0.221012654459768
"18788","1250","Ec_N",314,8,8,"Ec",2,1,0,0,0,0,0.221012654459768
"18789","1250","Ec_N",314,9,9,"Ec",2,1,0,0,0,0,0.221012654459768
"18790","1250","Ec_N",314,10,10,"Ec",2,1,0,0,0,0,0.221012654459768
"18791","1250","Ec_N",314,11,11,"Ec",2,1,0,0,0,0,0.221012654459768
"18792","1250","Ec_N",314,12,12,"Ec",2,1,0,0,0,0,0.221012654459768
"18793","1250","Ec_N",314,13,13,"Ec",2,1,0,0,0,0,0.221012654459768
"18794","1250","Ec_N",314,14,14,"Ec",2,1,0,0,0,0,0.221012654459768
"18795","1250","Ec_N",314,15,15,"Ec",4,1,1,0,0,0,0.303663233874882
"18796","1250","Ec_N",314,16,16,"Ec",20,1,1,0,0,1,0.500190858195701
"18797","1250","Ec_N",314,17,17,"Ec",20,1,1,0,0,1,0.500190858195701
"18798","1250","Ec_N",314,18,18,"Ec",20,1,1,0,0,1,0.500190858195701
"18799","1250","Ec_N",314,19,19,"Ec",20,1,1,0,0,1,0.500190858195701
"18800","1250","Ec_N",314,20,20,"Ec",20,1,1,0,0,1,0.500190858195701
"18801","1250","Ec_N",314,21,21,"Ec",20,1,1,0,0,1,0.500190858195701
"18802","1250","Ec_N",314,22,22,"Ec",20,1,1,0,0,1,0.500190858195701
"18803","1250","Ec_N",314,23,23,"Ec",20,1,1,0,0,1,0.500190858195701
"18804","1250","Ec_N",314,24,24,"Ec",20,1,1,0,0,1,0.500190858195701
"18805","1250","Ec_N",314,25,25,"Ec",20,1,1,0,0,1,0.500190858195701
"18806","1250","Ec_N",314,26,26,"Ec",20,1,1,0,0,1,0.500190858195701
"18807","1250","Ec_N",314,27,27,"Ec",20,1,1,0,0,1,0.500190858195701
"18808","1250","Ec_N",314,28,28,"Ec",20,1,1,0,0,1,0.500190858195701
"18809","1250","Ec_N",314,29,29,"Ec",20,1,1,0,0,1,0.500190858195701
"18810","1250","Ec_N",314,30,30,"Ec",20,1,1,0,0,1,0.500190858195701
"18811","1250","Ec_N",314,31,31,"Ec",20,1,1,0,0,1,0.500190858195701
"18812","1250","Ec_N",314,32,32,"Ec",20,1,1,0,0,1,0.500190858195701
"18813","1250","Ec_N",314,33,33,"Ec",20,1,1,0,0,1,0.500190858195701
"18814","1250","Ec_N",314,34,34,"Ec",20,1,1,0,0,1,0.500190858195701
"18815","1250","Ec_N",314,35,35,"Ec",20,1,1,0,0,1,0.500190858195701
"18816","1250","Ec_N",314,36,36,"Ec",20,1,1,0,0,1,0.500190858195701
"18817","1250","Ec_N",314,37,37,"Ec",20,1,1,0,0,1,0.500190858195701
"18818","1250","Ec_N",314,38,38,"Ec",20,1,1,0,0,1,0.500190858195701
"18819","1250","Ec_N",314,39,39,"Ec",20,1,1,0,0,1,0.500190858195701
"18820","1250","Ec_N",314,40,40,"Ec",28,1,1,0,1,1,0.770762719311211
"18821","1250","Ec_N",314,41,41,"Ec",28,1,1,0,1,1,0.770762719311211
"18822","1250","Ec_N",314,42,42,"Ec",28,1,1,0,1,1,0.770762719311211
"18823","1250","Ec_N",314,43,43,"Ec",28,1,1,0,1,1,0.770762719311211
"18824","1250","Ec_N",314,44,44,"Ec",28,1,1,0,1,1,0.770762719311211
"18825","1250","Ec_N",314,45,45,"Ec",28,1,1,0,1,1,0.770762719311211
"18826","1250","Ec_N",314,46,46,"Ec",28,1,1,0,1,1,0.770762719311211
"18827","1250","Ec_N",314,47,47,"Ec",28,1,1,0,1,1,0.770762719311211
"18828","1250","Ec_N",314,48,48,"Ec",28,1,1,0,1,1,0.770762719311211
"18829","1250","Ec_N",314,49,49,"Ec",28,1,1,0,1,1,0.770762719311211
"18830","1250","Ec_N",314,50,50,"Ec",28,1,1,0,1,1,0.770762719311211
"18831","1250","Ec_N",314,51,51,"Ec",28,1,1,0,1,1,0.770762719311211
"18832","1250","Ec_N",314,52,52,"Ec",28,1,1,0,1,1,0.770762719311211
"18833","1250","Ec_N",314,53,53,"Ec",28,1,1,0,1,1,0.770762719311211
"18834","1250","Ec_N",314,54,54,"Ec",28,1,1,0,1,1,0.770762719311211
"18835","1250","Ec_N",314,55,55,"Ec",28,1,1,0,1,1,0.770762719311211
"18836","1250","Ec_N",314,56,56,"Ec",28,1,1,0,1,1,0.770762719311211
"18837","1250","Ec_N",314,57,57,"Ec",28,1,1,0,1,1,0.770762719311211
"18838","1250","Ec_N",314,58,58,"Ec",28,1,1,0,1,1,0.770762719311211
"18839","1250","Ec_N",314,59,59,"Ec",28,1,1,0,1,1,0.770762719311211
"18840","1250","Ec_N",314,60,60,"Ec",28,1,1,0,1,1,0.770762719311211
"18841","1250","Ec_N",315,1,1,"Ec",1,0,0,0,0,0,0
"18842","1250","Ec_N",315,2,2,"Ec",1,0,0,0,0,0,0
"18843","1250","Ec_N",315,3,3,"Ec",1,0,0,0,0,0,0
"18844","1250","Ec_N",315,4,4,"Ec",1,0,0,0,0,0,0
"18845","1250","Ec_N",315,5,5,"Ec",3,0,1,0,0,0,0.082650579415114
"18846","1250","Ec_N",315,6,6,"Ec",3,0,1,0,0,0,0.082650579415114
"18847","1250","Ec_N",315,7,7,"Ec",3,0,1,0,0,0,0.082650579415114
"18848","1250","Ec_N",315,8,8,"Ec",3,0,1,0,0,0,0.082650579415114
"18849","1250","Ec_N",315,9,9,"Ec",3,0,1,0,0,0,0.082650579415114
"18850","1250","Ec_N",315,10,10,"Ec",3,0,1,0,0,0,0.082650579415114
"18851","1250","Ec_N",315,11,11,"Ec",3,0,1,0,0,0,0.082650579415114
"18852","1250","Ec_N",315,12,12,"Ec",11,0,1,0,1,0,0.168832555215222
"18853","1250","Ec_N",315,13,13,"Ec",11,0,1,0,1,0,0.168832555215222
"18854","1250","Ec_N",315,14,14,"Ec",9,0,0,0,1,0,0.267745650041575
"18855","1250","Ec_N",315,15,15,"Ec",9,0,0,0,1,0,0.267745650041575
"18856","1250","Ec_N",315,16,16,"Ec",9,0,0,0,1,0,0.267745650041575
"18857","1250","Ec_N",315,17,17,"Ec",9,0,0,0,1,0,0.267745650041575
"18858","1250","Ec_N",315,18,18,"Ec",9,0,0,0,1,0,0.267745650041575
"18859","1250","Ec_N",315,19,19,"Ec",9,0,0,0,1,0,0.267745650041575
"18860","1250","Ec_N",315,20,20,"Ec",9,0,0,0,1,0,0.267745650041575
"18861","1250","Ec_N",315,21,21,"Ec",9,0,0,0,1,0,0.267745650041575
"18862","1250","Ec_N",315,22,22,"Ec",9,0,0,0,1,0,0.267745650041575
"18863","1250","Ec_N",315,23,23,"Ec",9,0,0,0,1,0,0.267745650041575
"18864","1250","Ec_N",315,24,24,"Ec",9,0,0,0,1,0,0.267745650041575
"18865","1250","Ec_N",315,25,25,"Ec",9,0,0,0,1,0,0.267745650041575
"18866","1250","Ec_N",315,26,26,"Ec",13,0,0,1,1,0,0.499809141804299
"18867","1250","Ec_N",315,27,27,"Ec",13,0,0,1,1,0,0.499809141804299
"18868","1250","Ec_N",315,28,28,"Ec",13,0,0,1,1,0,0.499809141804299
"18869","1250","Ec_N",315,29,29,"Ec",13,0,0,1,1,0,0.499809141804299
"18870","1250","Ec_N",315,30,30,"Ec",29,0,0,1,1,1,0.696336766125118
"18871","1250","Ec_N",315,31,31,"Ec",29,0,0,1,1,1,0.696336766125118
"18872","1250","Ec_N",315,32,32,"Ec",29,0,0,1,1,1,0.696336766125118
"18873","1250","Ec_N",315,33,33,"Ec",29,0,0,1,1,1,0.696336766125118
"18874","1250","Ec_N",315,34,34,"Ec",29,0,0,1,1,1,0.696336766125118
"18875","1250","Ec_N",315,35,35,"Ec",29,0,0,1,1,1,0.696336766125118
"18876","1250","Ec_N",315,36,36,"Ec",29,0,0,1,1,1,0.696336766125118
"18877","1250","Ec_N",315,37,37,"Ec",29,0,0,1,1,1,0.696336766125118
"18878","1250","Ec_N",315,38,38,"Ec",29,0,0,1,1,1,0.696336766125118
"18879","1250","Ec_N",315,39,39,"Ec",29,0,0,1,1,1,0.696336766125118
"18880","1250","Ec_N",315,40,40,"Ec",29,0,0,1,1,1,0.696336766125118
"18881","1250","Ec_N",315,41,41,"Ec",29,0,0,1,1,1,0.696336766125118
"18882","1250","Ec_N",315,42,42,"Ec",29,0,0,1,1,1,0.696336766125118
"18883","1250","Ec_N",315,43,43,"Ec",29,0,0,1,1,1,0.696336766125118
"18884","1250","Ec_N",315,44,44,"Ec",29,0,0,1,1,1,0.696336766125118
"18885","1250","Ec_N",315,45,45,"Ec",29,0,0,1,1,1,0.696336766125118
"18886","1250","Ec_N",315,46,46,"Ec",30,1,0,1,1,1,0.981696467924213
"18887","1250","Ec_N",315,47,47,"Ec",30,1,0,1,1,1,0.981696467924213
"18888","1250","Ec_N",315,48,48,"Ec",30,1,0,1,1,1,0.981696467924213
"18889","1250","Ec_N",315,49,49,"Ec",30,1,0,1,1,1,0.981696467924213
"18890","1250","Ec_N",315,50,50,"Ec",30,1,0,1,1,1,0.981696467924213
"18891","1250","Ec_N",315,51,51,"Ec",32,1,1,1,1,1,1
"18892","1250","Ec_N",315,52,52,"Ec",32,1,1,1,1,1,1
"18893","1250","Ec_N",315,53,53,"Ec",32,1,1,1,1,1,1
"18894","1250","Ec_N",315,54,54,"Ec",32,1,1,1,1,1,1
"18895","1250","Ec_N",315,55,55,"Ec",32,1,1,1,1,1,1
"18896","1250","Ec_N",315,56,56,"Ec",32,1,1,1,1,1,1
"18897","1250","Ec_N",315,57,57,"Ec",32,1,1,1,1,1,1
"18898","1250","Ec_N",315,58,58,"Ec",32,1,1,1,1,1,1
"18899","1250","Ec_N",315,59,59,"Ec",32,1,1,1,1,1,1
"18900","1250","Ec_N",315,60,60,"Ec",32,1,1,1,1,1,1
"18901","1250","Ec_N",316,1,1,"Ec",1,0,0,0,0,0,0
"18902","1250","Ec_N",316,2,2,"Ec",1,0,0,0,0,0,0
"18903","1250","Ec_N",316,3,3,"Ec",1,0,0,0,0,0,0
"18904","1250","Ec_N",316,4,4,"Ec",9,0,0,0,1,0,0.267745650041575
"18905","1250","Ec_N",316,5,5,"Ec",9,0,0,0,1,0,0.267745650041575
"18906","1250","Ec_N",316,6,6,"Ec",9,0,0,0,1,0,0.267745650041575
"18907","1250","Ec_N",316,7,7,"Ec",9,0,0,0,1,0,0.267745650041575
"18908","1250","Ec_N",316,8,8,"Ec",9,0,0,0,1,0,0.267745650041575
"18909","1250","Ec_N",316,9,9,"Ec",9,0,0,0,1,0,0.267745650041575
"18910","1250","Ec_N",316,10,10,"Ec",9,0,0,0,1,0,0.267745650041575
"18911","1250","Ec_N",316,11,11,"Ec",9,0,0,0,1,0,0.267745650041575
"18912","1250","Ec_N",316,12,12,"Ec",9,0,0,0,1,0,0.267745650041575
"18913","1250","Ec_N",316,13,13,"Ec",10,1,0,0,1,0,0.488758304501343
"18914","1250","Ec_N",316,14,14,"Ec",12,1,1,0,1,0,0.552627762799163
"18915","1250","Ec_N",316,15,15,"Ec",12,1,1,0,1,0,0.552627762799163
"18916","1250","Ec_N",316,16,16,"Ec",12,1,1,0,1,0,0.552627762799163
"18917","1250","Ec_N",316,17,17,"Ec",12,1,1,0,1,0,0.552627762799163
"18918","1250","Ec_N",316,18,18,"Ec",12,1,1,0,1,0,0.552627762799163
"18919","1250","Ec_N",316,19,19,"Ec",12,1,1,0,1,0,0.552627762799163
"18920","1250","Ec_N",316,20,20,"Ec",12,1,1,0,1,0,0.552627762799163
"18921","1250","Ec_N",316,21,21,"Ec",12,1,1,0,1,0,0.552627762799163
"18922","1250","Ec_N",316,22,22,"Ec",12,1,1,0,1,0,0.552627762799163
"18923","1250","Ec_N",316,23,23,"Ec",12,1,1,0,1,0,0.552627762799163
"18924","1250","Ec_N",316,24,24,"Ec",12,1,1,0,1,0,0.552627762799163
"18925","1250","Ec_N",316,25,25,"Ec",12,1,1,0,1,0,0.552627762799163
"18926","1250","Ec_N",316,26,26,"Ec",12,1,1,0,1,0,0.552627762799163
"18927","1250","Ec_N",316,27,27,"Ec",12,1,1,0,1,0,0.552627762799163
"18928","1250","Ec_N",316,28,28,"Ec",12,1,1,0,1,0,0.552627762799163
"18929","1250","Ec_N",316,29,29,"Ec",28,1,1,0,1,1,0.770762719311211
"18930","1250","Ec_N",316,30,30,"Ec",28,1,1,0,1,1,0.770762719311211
"18931","1250","Ec_N",316,31,31,"Ec",28,1,1,0,1,1,0.770762719311211
"18932","1250","Ec_N",316,32,32,"Ec",28,1,1,0,1,1,0.770762719311211
"18933","1250","Ec_N",316,33,33,"Ec",28,1,1,0,1,1,0.770762719311211
"18934","1250","Ec_N",316,34,34,"Ec",28,1,1,0,1,1,0.770762719311211
"18935","1250","Ec_N",316,35,35,"Ec",28,1,1,0,1,1,0.770762719311211
"18936","1250","Ec_N",316,36,36,"Ec",28,1,1,0,1,1,0.770762719311211
"18937","1250","Ec_N",316,37,37,"Ec",28,1,1,0,1,1,0.770762719311211
"18938","1250","Ec_N",316,38,38,"Ec",28,1,1,0,1,1,0.770762719311211
"18939","1250","Ec_N",316,39,39,"Ec",28,1,1,0,1,1,0.770762719311211
"18940","1250","Ec_N",316,40,40,"Ec",28,1,1,0,1,1,0.770762719311211
"18941","1250","Ec_N",316,41,41,"Ec",28,1,1,0,1,1,0.770762719311211
"18942","1250","Ec_N",316,42,42,"Ec",28,1,1,0,1,1,0.770762719311211
"18943","1250","Ec_N",316,43,43,"Ec",28,1,1,0,1,1,0.770762719311211
"18944","1250","Ec_N",316,44,44,"Ec",28,1,1,0,1,1,0.770762719311211
"18945","1250","Ec_N",316,45,45,"Ec",28,1,1,0,1,1,0.770762719311211
"18946","1250","Ec_N",316,46,46,"Ec",28,1,1,0,1,1,0.770762719311211
"18947","1250","Ec_N",316,47,47,"Ec",28,1,1,0,1,1,0.770762719311211
"18948","1250","Ec_N",316,48,48,"Ec",28,1,1,0,1,1,0.770762719311211
"18949","1250","Ec_N",316,49,49,"Ec",28,1,1,0,1,1,0.770762719311211
"18950","1250","Ec_N",316,50,50,"Ec",28,1,1,0,1,1,0.770762719311211
"18951","1250","Ec_N",316,51,51,"Ec",28,1,1,0,1,1,0.770762719311211
"18952","1250","Ec_N",316,52,52,"Ec",28,1,1,0,1,1,0.770762719311211
"18953","1250","Ec_N",316,53,53,"Ec",28,1,1,0,1,1,0.770762719311211
"18954","1250","Ec_N",316,54,54,"Ec",28,1,1,0,1,1,0.770762719311211
"18955","1250","Ec_N",316,55,55,"Ec",28,1,1,0,1,1,0.770762719311211
"18956","1250","Ec_N",316,56,56,"Ec",28,1,1,0,1,1,0.770762719311211
"18957","1250","Ec_N",316,57,57,"Ec",28,1,1,0,1,1,0.770762719311211
"18958","1250","Ec_N",316,58,58,"Ec",28,1,1,0,1,1,0.770762719311211
"18959","1250","Ec_N",316,59,59,"Ec",28,1,1,0,1,1,0.770762719311211
"18960","1250","Ec_N",316,60,60,"Ec",28,1,1,0,1,1,0.770762719311211
"18961","1250","Ec_N",317,1,1,"Ec",1,0,0,0,0,0,0
"18962","1250","Ec_N",317,2,2,"Ec",1,0,0,0,0,0,0
"18963","1250","Ec_N",317,3,3,"Ec",1,0,0,0,0,0,0
"18964","1250","Ec_N",317,4,4,"Ec",1,0,0,0,0,0,0
"18965","1250","Ec_N",317,5,5,"Ec",2,1,0,0,0,0,0.221012654459768
"18966","1250","Ec_N",317,6,6,"Ec",6,1,0,1,0,0,0.453076146222492
"18967","1250","Ec_N",317,7,7,"Ec",6,1,0,1,0,0,0.453076146222492
"18968","1250","Ec_N",317,8,8,"Ec",6,1,0,1,0,0,0.453076146222492
"18969","1250","Ec_N",317,9,9,"Ec",14,1,0,1,1,0,0.720821796264067
"18970","1250","Ec_N",317,10,10,"Ec",14,1,0,1,1,0,0.720821796264067
"18971","1250","Ec_N",317,11,11,"Ec",14,1,0,1,1,0,0.720821796264067
"18972","1250","Ec_N",317,12,12,"Ec",14,1,0,1,1,0,0.720821796264067
"18973","1250","Ec_N",317,13,13,"Ec",14,1,0,1,1,0,0.720821796264067
"18974","1250","Ec_N",317,14,14,"Ec",30,1,0,1,1,1,0.981696467924213
"18975","1250","Ec_N",317,15,15,"Ec",30,1,0,1,1,1,0.981696467924213
"18976","1250","Ec_N",317,16,16,"Ec",30,1,0,1,1,1,0.981696467924213
"18977","1250","Ec_N",317,17,17,"Ec",30,1,0,1,1,1,0.981696467924213
"18978","1250","Ec_N",317,18,18,"Ec",30,1,0,1,1,1,0.981696467924213
"18979","1250","Ec_N",317,19,19,"Ec",30,1,0,1,1,1,0.981696467924213
"18980","1250","Ec_N",317,20,20,"Ec",30,1,0,1,1,1,0.981696467924213
"18981","1250","Ec_N",317,21,21,"Ec",30,1,0,1,1,1,0.981696467924213
"18982","1250","Ec_N",317,22,22,"Ec",30,1,0,1,1,1,0.981696467924213
"18983","1250","Ec_N",317,23,23,"Ec",30,1,0,1,1,1,0.981696467924213
"18984","1250","Ec_N",317,24,24,"Ec",30,1,0,1,1,1,0.981696467924213
"18985","1250","Ec_N",317,25,25,"Ec",30,1,0,1,1,1,0.981696467924213
"18986","1250","Ec_N",317,26,26,"Ec",30,1,0,1,1,1,0.981696467924213
"18987","1250","Ec_N",317,27,27,"Ec",30,1,0,1,1,1,0.981696467924213
"18988","1250","Ec_N",317,28,28,"Ec",30,1,0,1,1,1,0.981696467924213
"18989","1250","Ec_N",317,29,29,"Ec",30,1,0,1,1,1,0.981696467924213
"18990","1250","Ec_N",317,30,30,"Ec",30,1,0,1,1,1,0.981696467924213
"18991","1250","Ec_N",317,31,31,"Ec",30,1,0,1,1,1,0.981696467924213
"18992","1250","Ec_N",317,32,32,"Ec",30,1,0,1,1,1,0.981696467924213
"18993","1250","Ec_N",317,33,33,"Ec",30,1,0,1,1,1,0.981696467924213
"18994","1250","Ec_N",317,34,34,"Ec",30,1,0,1,1,1,0.981696467924213
"18995","1250","Ec_N",317,35,35,"Ec",30,1,0,1,1,1,0.981696467924213
"18996","1250","Ec_N",317,36,36,"Ec",30,1,0,1,1,1,0.981696467924213
"18997","1250","Ec_N",317,37,37,"Ec",30,1,0,1,1,1,0.981696467924213
"18998","1250","Ec_N",317,38,38,"Ec",30,1,0,1,1,1,0.981696467924213
"18999","1250","Ec_N",317,39,39,"Ec",30,1,0,1,1,1,0.981696467924213
"19000","1250","Ec_N",317,40,40,"Ec",30,1,0,1,1,1,0.981696467924213
"19001","1250","Ec_N",317,41,41,"Ec",30,1,0,1,1,1,0.981696467924213
"19002","1250","Ec_N",317,42,42,"Ec",30,1,0,1,1,1,0.981696467924213
"19003","1250","Ec_N",317,43,43,"Ec",30,1,0,1,1,1,0.981696467924213
"19004","1250","Ec_N",317,44,44,"Ec",30,1,0,1,1,1,0.981696467924213
"19005","1250","Ec_N",317,45,45,"Ec",30,1,0,1,1,1,0.981696467924213
"19006","1250","Ec_N",317,46,46,"Ec",30,1,0,1,1,1,0.981696467924213
"19007","1250","Ec_N",317,47,47,"Ec",30,1,0,1,1,1,0.981696467924213
"19008","1250","Ec_N",317,48,48,"Ec",30,1,0,1,1,1,0.981696467924213
"19009","1250","Ec_N",317,49,49,"Ec",30,1,0,1,1,1,0.981696467924213
"19010","1250","Ec_N",317,50,50,"Ec",30,1,0,1,1,1,0.981696467924213
"19011","1250","Ec_N",317,51,51,"Ec",30,1,0,1,1,1,0.981696467924213
"19012","1250","Ec_N",317,52,52,"Ec",30,1,0,1,1,1,0.981696467924213
"19013","1250","Ec_N",317,53,53,"Ec",32,1,1,1,1,1,1
"19014","1250","Ec_N",317,54,54,"Ec",32,1,1,1,1,1,1
"19015","1250","Ec_N",317,55,55,"Ec",32,1,1,1,1,1,1
"19016","1250","Ec_N",317,56,56,"Ec",32,1,1,1,1,1,1
"19017","1250","Ec_N",317,57,57,"Ec",32,1,1,1,1,1,1
"19018","1250","Ec_N",317,58,58,"Ec",32,1,1,1,1,1,1
"19019","1250","Ec_N",317,59,59,"Ec",32,1,1,1,1,1,1
"19020","1250","Ec_N",317,60,60,"Ec",32,1,1,1,1,1,1
"19021","1250","Ec_N",318,1,1,"Ec",1,0,0,0,0,0,0
"19022","1250","Ec_N",318,2,2,"Ec",1,0,0,0,0,0,0
"19023","1250","Ec_N",318,3,3,"Ec",1,0,0,0,0,0,0
"19024","1250","Ec_N",318,4,4,"Ec",1,0,0,0,0,0,0
"19025","1250","Ec_N",318,5,5,"Ec",1,0,0,0,0,0,0
"19026","1250","Ec_N",318,6,6,"Ec",9,0,0,0,1,0,0.267745650041575
"19027","1250","Ec_N",318,7,7,"Ec",9,0,0,0,1,0,0.267745650041575
"19028","1250","Ec_N",318,8,8,"Ec",9,0,0,0,1,0,0.267745650041575
"19029","1250","Ec_N",318,9,9,"Ec",9,0,0,0,1,0,0.267745650041575
"19030","1250","Ec_N",318,10,10,"Ec",9,0,0,0,1,0,0.267745650041575
"19031","1250","Ec_N",318,11,11,"Ec",9,0,0,0,1,0,0.267745650041575
"19032","1250","Ec_N",318,12,12,"Ec",9,0,0,0,1,0,0.267745650041575
"19033","1250","Ec_N",318,13,13,"Ec",9,0,0,0,1,0,0.267745650041575
"19034","1250","Ec_N",318,14,14,"Ec",13,0,0,1,1,0,0.499809141804299
"19035","1250","Ec_N",318,15,15,"Ec",13,0,0,1,1,0,0.499809141804299
"19036","1250","Ec_N",318,16,16,"Ec",13,0,0,1,1,0,0.499809141804299
"19037","1250","Ec_N",318,17,17,"Ec",13,0,0,1,1,0,0.499809141804299
"19038","1250","Ec_N",318,18,18,"Ec",13,0,0,1,1,0,0.499809141804299
"19039","1250","Ec_N",318,19,19,"Ec",13,0,0,1,1,0,0.499809141804299
"19040","1250","Ec_N",318,20,20,"Ec",13,0,0,1,1,0,0.499809141804299
"19041","1250","Ec_N",318,21,21,"Ec",13,0,0,1,1,0,0.499809141804299
"19042","1250","Ec_N",318,22,22,"Ec",13,0,0,1,1,0,0.499809141804299
"19043","1250","Ec_N",318,23,23,"Ec",15,0,1,1,1,0,0.582459721219413
"19044","1250","Ec_N",318,24,24,"Ec",15,0,1,1,1,0,0.582459721219413
"19045","1250","Ec_N",318,25,25,"Ec",15,0,1,1,1,0,0.582459721219413
"19046","1250","Ec_N",318,26,26,"Ec",15,0,1,1,1,0,0.582459721219413
"19047","1250","Ec_N",318,27,27,"Ec",15,0,1,1,1,0,0.582459721219413
"19048","1250","Ec_N",318,28,28,"Ec",15,0,1,1,1,0,0.582459721219413
"19049","1250","Ec_N",318,29,29,"Ec",15,0,1,1,1,0,0.582459721219413
"19050","1250","Ec_N",318,30,30,"Ec",15,0,1,1,1,0,0.582459721219413
"19051","1250","Ec_N",318,31,31,"Ec",15,0,1,1,1,0,0.582459721219413
"19052","1250","Ec_N",318,32,32,"Ec",15,0,1,1,1,0,0.582459721219413
"19053","1250","Ec_N",318,33,33,"Ec",15,0,1,1,1,0,0.582459721219413
"19054","1250","Ec_N",318,34,34,"Ec",15,0,1,1,1,0,0.582459721219413
"19055","1250","Ec_N",318,35,35,"Ec",15,0,1,1,1,0,0.582459721219413
"19056","1250","Ec_N",318,36,36,"Ec",15,0,1,1,1,0,0.582459721219413
"19057","1250","Ec_N",318,37,37,"Ec",15,0,1,1,1,0,0.582459721219413
"19058","1250","Ec_N",318,38,38,"Ec",15,0,1,1,1,0,0.582459721219413
"19059","1250","Ec_N",318,39,39,"Ec",15,0,1,1,1,0,0.582459721219413
"19060","1250","Ec_N",318,40,40,"Ec",15,0,1,1,1,0,0.582459721219413
"19061","1250","Ec_N",318,41,41,"Ec",15,0,1,1,1,0,0.582459721219413
"19062","1250","Ec_N",318,42,42,"Ec",15,0,1,1,1,0,0.582459721219413
"19063","1250","Ec_N",318,43,43,"Ec",15,0,1,1,1,0,0.582459721219413
"19064","1250","Ec_N",318,44,44,"Ec",15,0,1,1,1,0,0.582459721219413
"19065","1250","Ec_N",318,45,45,"Ec",15,0,1,1,1,0,0.582459721219413
"19066","1250","Ec_N",318,46,46,"Ec",15,0,1,1,1,0,0.582459721219413
"19067","1250","Ec_N",318,47,47,"Ec",15,0,1,1,1,0,0.582459721219413
"19068","1250","Ec_N",318,48,48,"Ec",15,0,1,1,1,0,0.582459721219413
"19069","1250","Ec_N",318,49,49,"Ec",15,0,1,1,1,0,0.582459721219413
"19070","1250","Ec_N",318,50,50,"Ec",31,0,1,1,1,1,0.778987345540232
"19071","1250","Ec_N",318,51,51,"Ec",31,0,1,1,1,1,0.778987345540232
"19072","1250","Ec_N",318,52,52,"Ec",31,0,1,1,1,1,0.778987345540232
"19073","1250","Ec_N",318,53,53,"Ec",31,0,1,1,1,1,0.778987345540232
"19074","1250","Ec_N",318,54,54,"Ec",31,0,1,1,1,1,0.778987345540232
"19075","1250","Ec_N",318,55,55,"Ec",31,0,1,1,1,1,0.778987345540232
"19076","1250","Ec_N",318,56,56,"Ec",31,0,1,1,1,1,0.778987345540232
"19077","1250","Ec_N",318,57,57,"Ec",31,0,1,1,1,1,0.778987345540232
"19078","1250","Ec_N",318,58,58,"Ec",31,0,1,1,1,1,0.778987345540232
"19079","1250","Ec_N",318,59,59,"Ec",31,0,1,1,1,1,0.778987345540232
"19080","1250","Ec_N",318,60,60,"Ec",31,0,1,1,1,1,0.778987345540232
"19081","1250","Ec_N",319,1,1,"Ec",1,0,0,0,0,0,0
"19082","1250","Ec_N",319,2,2,"Ec",1,0,0,0,0,0,0
"19083","1250","Ec_N",319,3,3,"Ec",1,0,0,0,0,0,0
"19084","1250","Ec_N",319,4,4,"Ec",1,0,0,0,0,0,0
"19085","1250","Ec_N",319,5,5,"Ec",1,0,0,0,0,0,0
"19086","1250","Ec_N",319,6,6,"Ec",1,0,0,0,0,0,0
"19087","1250","Ec_N",319,7,7,"Ec",1,0,0,0,0,0,0
"19088","1250","Ec_N",319,8,8,"Ec",1,0,0,0,0,0,0
"19089","1250","Ec_N",319,9,9,"Ec",1,0,0,0,0,0,0
"19090","1250","Ec_N",319,10,10,"Ec",17,0,0,0,0,1,0.14692246949649
"19091","1250","Ec_N",319,11,11,"Ec",17,0,0,0,0,1,0.14692246949649
"19092","1250","Ec_N",319,12,12,"Ec",17,0,0,0,0,1,0.14692246949649
"19093","1250","Ec_N",319,13,13,"Ec",17,0,0,0,0,1,0.14692246949649
"19094","1250","Ec_N",319,14,14,"Ec",17,0,0,0,0,1,0.14692246949649
"19095","1250","Ec_N",319,15,15,"Ec",17,0,0,0,0,1,0.14692246949649
"19096","1250","Ec_N",319,16,16,"Ec",17,0,0,0,0,1,0.14692246949649
"19097","1250","Ec_N",319,17,17,"Ec",17,0,0,0,0,1,0.14692246949649
"19098","1250","Ec_N",319,18,18,"Ec",25,0,0,0,1,1,0.464273274362394
"19099","1250","Ec_N",319,19,19,"Ec",25,0,0,0,1,1,0.464273274362394
"19100","1250","Ec_N",319,20,20,"Ec",25,0,0,0,1,1,0.464273274362394
"19101","1250","Ec_N",319,21,21,"Ec",25,0,0,0,1,1,0.464273274362394
"19102","1250","Ec_N",319,22,22,"Ec",25,0,0,0,1,1,0.464273274362394
"19103","1250","Ec_N",319,23,23,"Ec",25,0,0,0,1,1,0.464273274362394
"19104","1250","Ec_N",319,24,24,"Ec",25,0,0,0,1,1,0.464273274362394
"19105","1250","Ec_N",319,25,25,"Ec",29,0,0,1,1,1,0.696336766125118
"19106","1250","Ec_N",319,26,26,"Ec",29,0,0,1,1,1,0.696336766125118
"19107","1250","Ec_N",319,27,27,"Ec",29,0,0,1,1,1,0.696336766125118
"19108","1250","Ec_N",319,28,28,"Ec",29,0,0,1,1,1,0.696336766125118
"19109","1250","Ec_N",319,29,29,"Ec",29,0,0,1,1,1,0.696336766125118
"19110","1250","Ec_N",319,30,30,"Ec",29,0,0,1,1,1,0.696336766125118
"19111","1250","Ec_N",319,31,31,"Ec",29,0,0,1,1,1,0.696336766125118
"19112","1250","Ec_N",319,32,32,"Ec",29,0,0,1,1,1,0.696336766125118
"19113","1250","Ec_N",319,33,33,"Ec",29,0,0,1,1,1,0.696336766125118
"19114","1250","Ec_N",319,34,34,"Ec",29,0,0,1,1,1,0.696336766125118
"19115","1250","Ec_N",319,35,35,"Ec",29,0,0,1,1,1,0.696336766125118
"19116","1250","Ec_N",319,36,36,"Ec",29,0,0,1,1,1,0.696336766125118
"19117","1250","Ec_N",319,37,37,"Ec",29,0,0,1,1,1,0.696336766125118
"19118","1250","Ec_N",319,38,38,"Ec",29,0,0,1,1,1,0.696336766125118
"19119","1250","Ec_N",319,39,39,"Ec",30,1,0,1,1,1,0.981696467924213
"19120","1250","Ec_N",319,40,40,"Ec",30,1,0,1,1,1,0.981696467924213
"19121","1250","Ec_N",319,41,41,"Ec",30,1,0,1,1,1,0.981696467924213
"19122","1250","Ec_N",319,42,42,"Ec",32,1,1,1,1,1,1
"19123","1250","Ec_N",319,43,43,"Ec",32,1,1,1,1,1,1
"19124","1250","Ec_N",319,44,44,"Ec",32,1,1,1,1,1,1
"19125","1250","Ec_N",319,45,45,"Ec",32,1,1,1,1,1,1
"19126","1250","Ec_N",319,46,46,"Ec",32,1,1,1,1,1,1
"19127","1250","Ec_N",319,47,47,"Ec",32,1,1,1,1,1,1
"19128","1250","Ec_N",319,48,48,"Ec",32,1,1,1,1,1,1
"19129","1250","Ec_N",319,49,49,"Ec",32,1,1,1,1,1,1
"19130","1250","Ec_N",319,50,50,"Ec",32,1,1,1,1,1,1
"19131","1250","Ec_N",319,51,51,"Ec",32,1,1,1,1,1,1
"19132","1250","Ec_N",319,52,52,"Ec",32,1,1,1,1,1,1
"19133","1250","Ec_N",319,53,53,"Ec",32,1,1,1,1,1,1
"19134","1250","Ec_N",319,54,54,"Ec",32,1,1,1,1,1,1
"19135","1250","Ec_N",319,55,55,"Ec",32,1,1,1,1,1,1
"19136","1250","Ec_N",319,56,56,"Ec",32,1,1,1,1,1,1
"19137","1250","Ec_N",319,57,57,"Ec",32,1,1,1,1,1,1
"19138","1250","Ec_N",319,58,58,"Ec",32,1,1,1,1,1,1
"19139","1250","Ec_N",319,59,59,"Ec",32,1,1,1,1,1,1
"19140","1250","Ec_N",319,60,60,"Ec",32,1,1,1,1,1,1
"19141","1250","Ec_N",320,1,1,"Ec",1,0,0,0,0,0,0
"19142","1250","Ec_N",320,2,2,"Ec",1,0,0,0,0,0,0
"19143","1250","Ec_N",320,3,3,"Ec",1,0,0,0,0,0,0
"19144","1250","Ec_N",320,4,4,"Ec",1,0,0,0,0,0,0
"19145","1250","Ec_N",320,5,5,"Ec",1,0,0,0,0,0,0
"19146","1250","Ec_N",320,6,6,"Ec",1,0,0,0,0,0,0
"19147","1250","Ec_N",320,7,7,"Ec",1,0,0,0,0,0,0
"19148","1250","Ec_N",320,8,8,"Ec",9,0,0,0,1,0,0.267745650041575
"19149","1250","Ec_N",320,9,9,"Ec",25,0,0,0,1,1,0.464273274362394
"19150","1250","Ec_N",320,10,10,"Ec",25,0,0,0,1,1,0.464273274362394
"19151","1250","Ec_N",320,11,11,"Ec",25,0,0,0,1,1,0.464273274362394
"19152","1250","Ec_N",320,12,12,"Ec",25,0,0,0,1,1,0.464273274362394
"19153","1250","Ec_N",320,13,13,"Ec",25,0,0,0,1,1,0.464273274362394
"19154","1250","Ec_N",320,14,14,"Ec",25,0,0,0,1,1,0.464273274362394
"19155","1250","Ec_N",320,15,15,"Ec",25,0,0,0,1,1,0.464273274362394
"19156","1250","Ec_N",320,16,16,"Ec",25,0,0,0,1,1,0.464273274362394
"19157","1250","Ec_N",320,17,17,"Ec",29,0,0,1,1,1,0.696336766125118
"19158","1250","Ec_N",320,18,18,"Ec",29,0,0,1,1,1,0.696336766125118
"19159","1250","Ec_N",320,19,19,"Ec",29,0,0,1,1,1,0.696336766125118
"19160","1250","Ec_N",320,20,20,"Ec",29,0,0,1,1,1,0.696336766125118
"19161","1250","Ec_N",320,21,21,"Ec",29,0,0,1,1,1,0.696336766125118
"19162","1250","Ec_N",320,22,22,"Ec",29,0,0,1,1,1,0.696336766125118
"19163","1250","Ec_N",320,23,23,"Ec",29,0,0,1,1,1,0.696336766125118
"19164","1250","Ec_N",320,24,24,"Ec",29,0,0,1,1,1,0.696336766125118
"19165","1250","Ec_N",320,25,25,"Ec",31,0,1,1,1,1,0.778987345540232
"19166","1250","Ec_N",320,26,26,"Ec",31,0,1,1,1,1,0.778987345540232
"19167","1250","Ec_N",320,27,27,"Ec",31,0,1,1,1,1,0.778987345540232
"19168","1250","Ec_N",320,28,28,"Ec",31,0,1,1,1,1,0.778987345540232
"19169","1250","Ec_N",320,29,29,"Ec",31,0,1,1,1,1,0.778987345540232
"19170","1250","Ec_N",320,30,30,"Ec",31,0,1,1,1,1,0.778987345540232
"19171","1250","Ec_N",320,31,31,"Ec",31,0,1,1,1,1,0.778987345540232
"19172","1250","Ec_N",320,32,32,"Ec",31,0,1,1,1,1,0.778987345540232
"19173","1250","Ec_N",320,33,33,"Ec",31,0,1,1,1,1,0.778987345540232
"19174","1250","Ec_N",320,34,34,"Ec",31,0,1,1,1,1,0.778987345540232
"19175","1250","Ec_N",320,35,35,"Ec",31,0,1,1,1,1,0.778987345540232
"19176","1250","Ec_N",320,36,36,"Ec",31,0,1,1,1,1,0.778987345540232
"19177","1250","Ec_N",320,37,37,"Ec",31,0,1,1,1,1,0.778987345540232
"19178","1250","Ec_N",320,38,38,"Ec",31,0,1,1,1,1,0.778987345540232
"19179","1250","Ec_N",320,39,39,"Ec",31,0,1,1,1,1,0.778987345540232
"19180","1250","Ec_N",320,40,40,"Ec",31,0,1,1,1,1,0.778987345540232
"19181","1250","Ec_N",320,41,41,"Ec",31,0,1,1,1,1,0.778987345540232
"19182","1250","Ec_N",320,42,42,"Ec",31,0,1,1,1,1,0.778987345540232
"19183","1250","Ec_N",320,43,43,"Ec",31,0,1,1,1,1,0.778987345540232
"19184","1250","Ec_N",320,44,44,"Ec",31,0,1,1,1,1,0.778987345540232
"19185","1250","Ec_N",320,45,45,"Ec",31,0,1,1,1,1,0.778987345540232
"19186","1250","Ec_N",320,46,46,"Ec",31,0,1,1,1,1,0.778987345540232
"19187","1250","Ec_N",320,47,47,"Ec",31,0,1,1,1,1,0.778987345540232
"19188","1250","Ec_N",320,48,48,"Ec",31,0,1,1,1,1,0.778987345540232
"19189","1250","Ec_N",320,49,49,"Ec",31,0,1,1,1,1,0.778987345540232
"19190","1250","Ec_N",320,50,50,"Ec",32,1,1,1,1,1,1
"19191","1250","Ec_N",320,51,51,"Ec",32,1,1,1,1,1,1
"19192","1250","Ec_N",320,52,52,"Ec",32,1,1,1,1,1,1
"19193","1250","Ec_N",320,53,53,"Ec",32,1,1,1,1,1,1
"19194","1250","Ec_N",320,54,54,"Ec",32,1,1,1,1,1,1
"19195","1250","Ec_N",320,55,55,"Ec",32,1,1,1,1,1,1
"19196","1250","Ec_N",320,56,56,"Ec",32,1,1,1,1,1,1
"19197","1250","Ec_N",320,57,57,"Ec",32,1,1,1,1,1,1
"19198","1250","Ec_N",320,58,58,"Ec",32,1,1,1,1,1,1
"19199","1250","Ec_N",320,59,59,"Ec",32,1,1,1,1,1,1
"19200","1250","Ec_N",320,60,60,"Ec",32,1,1,1,1,1,1
"19201","1250","Ec_N",321,1,1,"Ec",1,0,0,0,0,0,0
"19202","1250","Ec_N",321,2,2,"Ec",1,0,0,0,0,0,0
"19203","1250","Ec_N",321,3,3,"Ec",1,0,0,0,0,0,0
"19204","1250","Ec_N",321,4,4,"Ec",1,0,0,0,0,0,0
"19205","1250","Ec_N",321,5,5,"Ec",9,0,0,0,1,0,0.267745650041575
"19206","1250","Ec_N",321,6,6,"Ec",9,0,0,0,1,0,0.267745650041575
"19207","1250","Ec_N",321,7,7,"Ec",13,0,0,1,1,0,0.499809141804299
"19208","1250","Ec_N",321,8,8,"Ec",13,0,0,1,1,0,0.499809141804299
"19209","1250","Ec_N",321,9,9,"Ec",13,0,0,1,1,0,0.499809141804299
"19210","1250","Ec_N",321,10,10,"Ec",13,0,0,1,1,0,0.499809141804299
"19211","1250","Ec_N",321,11,11,"Ec",14,1,0,1,1,0,0.720821796264067
"19212","1250","Ec_N",321,12,12,"Ec",14,1,0,1,1,0,0.720821796264067
"19213","1250","Ec_N",321,13,13,"Ec",14,1,0,1,1,0,0.720821796264067
"19214","1250","Ec_N",321,14,14,"Ec",14,1,0,1,1,0,0.720821796264067
"19215","1250","Ec_N",321,15,15,"Ec",14,1,0,1,1,0,0.720821796264067
"19216","1250","Ec_N",321,16,16,"Ec",14,1,0,1,1,0,0.720821796264067
"19217","1250","Ec_N",321,17,17,"Ec",14,1,0,1,1,0,0.720821796264067
"19218","1250","Ec_N",321,18,18,"Ec",14,1,0,1,1,0,0.720821796264067
"19219","1250","Ec_N",321,19,19,"Ec",14,1,0,1,1,0,0.720821796264067
"19220","1250","Ec_N",321,20,20,"Ec",14,1,0,1,1,0,0.720821796264067
"19221","1250","Ec_N",321,21,21,"Ec",14,1,0,1,1,0,0.720821796264067
"19222","1250","Ec_N",321,22,22,"Ec",14,1,0,1,1,0,0.720821796264067
"19223","1250","Ec_N",321,23,23,"Ec",14,1,0,1,1,0,0.720821796264067
"19224","1250","Ec_N",321,24,24,"Ec",14,1,0,1,1,0,0.720821796264067
"19225","1250","Ec_N",321,25,25,"Ec",14,1,0,1,1,0,0.720821796264067
"19226","1250","Ec_N",321,26,26,"Ec",14,1,0,1,1,0,0.720821796264067
"19227","1250","Ec_N",321,27,27,"Ec",14,1,0,1,1,0,0.720821796264067
"19228","1250","Ec_N",321,28,28,"Ec",14,1,0,1,1,0,0.720821796264067
"19229","1250","Ec_N",321,29,29,"Ec",16,1,1,1,1,0,0.879284144928883
"19230","1250","Ec_N",321,30,30,"Ec",16,1,1,1,1,0,0.879284144928883
"19231","1250","Ec_N",321,31,31,"Ec",16,1,1,1,1,0,0.879284144928883
"19232","1250","Ec_N",321,32,32,"Ec",16,1,1,1,1,0,0.879284144928883
"19233","1250","Ec_N",321,33,33,"Ec",32,1,1,1,1,1,1
"19234","1250","Ec_N",321,34,34,"Ec",32,1,1,1,1,1,1
"19235","1250","Ec_N",321,35,35,"Ec",32,1,1,1,1,1,1
"19236","1250","Ec_N",321,36,36,"Ec",32,1,1,1,1,1,1
"19237","1250","Ec_N",321,37,37,"Ec",32,1,1,1,1,1,1
"19238","1250","Ec_N",321,38,38,"Ec",32,1,1,1,1,1,1
"19239","1250","Ec_N",321,39,39,"Ec",32,1,1,1,1,1,1
"19240","1250","Ec_N",321,40,40,"Ec",32,1,1,1,1,1,1
"19241","1250","Ec_N",321,41,41,"Ec",32,1,1,1,1,1,1
"19242","1250","Ec_N",321,42,42,"Ec",32,1,1,1,1,1,1
"19243","1250","Ec_N",321,43,43,"Ec",32,1,1,1,1,1,1
"19244","1250","Ec_N",321,44,44,"Ec",32,1,1,1,1,1,1
"19245","1250","Ec_N",321,45,45,"Ec",32,1,1,1,1,1,1
"19246","1250","Ec_N",321,46,46,"Ec",32,1,1,1,1,1,1
"19247","1250","Ec_N",321,47,47,"Ec",32,1,1,1,1,1,1
"19248","1250","Ec_N",321,48,48,"Ec",32,1,1,1,1,1,1
"19249","1250","Ec_N",321,49,49,"Ec",32,1,1,1,1,1,1
"19250","1250","Ec_N",321,50,50,"Ec",32,1,1,1,1,1,1
"19251","1250","Ec_N",321,51,51,"Ec",32,1,1,1,1,1,1
"19252","1250","Ec_N",321,52,52,"Ec",32,1,1,1,1,1,1
"19253","1250","Ec_N",321,53,53,"Ec",32,1,1,1,1,1,1
"19254","1250","Ec_N",321,54,54,"Ec",32,1,1,1,1,1,1
"19255","1250","Ec_N",321,55,55,"Ec",32,1,1,1,1,1,1
"19256","1250","Ec_N",321,56,56,"Ec",32,1,1,1,1,1,1
"19257","1250","Ec_N",321,57,57,"Ec",32,1,1,1,1,1,1
"19258","1250","Ec_N",321,58,58,"Ec",32,1,1,1,1,1,1
"19259","1250","Ec_N",321,59,59,"Ec",32,1,1,1,1,1,1
"19260","1250","Ec_N",321,60,60,"Ec",32,1,1,1,1,1,1
"19261","1250","Ec_N",322,1,1,"Ec",1,0,0,0,0,0,0
"19262","1250","Ec_N",322,2,2,"Ec",1,0,0,0,0,0,0
"19263","1250","Ec_N",322,3,3,"Ec",1,0,0,0,0,0,0
"19264","1250","Ec_N",322,4,4,"Ec",1,0,0,0,0,0,0
"19265","1250","Ec_N",322,5,5,"Ec",1,0,0,0,0,0,0
"19266","1250","Ec_N",322,6,6,"Ec",1,0,0,0,0,0,0
"19267","1250","Ec_N",322,7,7,"Ec",1,0,0,0,0,0,0
"19268","1250","Ec_N",322,8,8,"Ec",1,0,0,0,0,0,0
"19269","1250","Ec_N",322,9,9,"Ec",1,0,0,0,0,0,0
"19270","1250","Ec_N",322,10,10,"Ec",1,0,0,0,0,0,0
"19271","1250","Ec_N",322,11,11,"Ec",1,0,0,0,0,0,0
"19272","1250","Ec_N",322,12,12,"Ec",9,0,0,0,1,0,0.267745650041575
"19273","1250","Ec_N",322,13,13,"Ec",13,0,0,1,1,0,0.499809141804299
"19274","1250","Ec_N",322,14,14,"Ec",13,0,0,1,1,0,0.499809141804299
"19275","1250","Ec_N",322,15,15,"Ec",13,0,0,1,1,0,0.499809141804299
"19276","1250","Ec_N",322,16,16,"Ec",13,0,0,1,1,0,0.499809141804299
"19277","1250","Ec_N",322,17,17,"Ec",13,0,0,1,1,0,0.499809141804299
"19278","1250","Ec_N",322,18,18,"Ec",13,0,0,1,1,0,0.499809141804299
"19279","1250","Ec_N",322,19,19,"Ec",13,0,0,1,1,0,0.499809141804299
"19280","1250","Ec_N",322,20,20,"Ec",15,0,1,1,1,0,0.582459721219413
"19281","1250","Ec_N",322,21,21,"Ec",15,0,1,1,1,0,0.582459721219413
"19282","1250","Ec_N",322,22,22,"Ec",15,0,1,1,1,0,0.582459721219413
"19283","1250","Ec_N",322,23,23,"Ec",15,0,1,1,1,0,0.582459721219413
"19284","1250","Ec_N",322,24,24,"Ec",15,0,1,1,1,0,0.582459721219413
"19285","1250","Ec_N",322,25,25,"Ec",15,0,1,1,1,0,0.582459721219413
"19286","1250","Ec_N",322,26,26,"Ec",16,1,1,1,1,0,0.879284144928883
"19287","1250","Ec_N",322,27,27,"Ec",16,1,1,1,1,0,0.879284144928883
"19288","1250","Ec_N",322,28,28,"Ec",16,1,1,1,1,0,0.879284144928883
"19289","1250","Ec_N",322,29,29,"Ec",16,1,1,1,1,0,0.879284144928883
"19290","1250","Ec_N",322,30,30,"Ec",16,1,1,1,1,0,0.879284144928883
"19291","1250","Ec_N",322,31,31,"Ec",16,1,1,1,1,0,0.879284144928883
"19292","1250","Ec_N",322,32,32,"Ec",16,1,1,1,1,0,0.879284144928883
"19293","1250","Ec_N",322,33,33,"Ec",16,1,1,1,1,0,0.879284144928883
"19294","1250","Ec_N",322,34,34,"Ec",16,1,1,1,1,0,0.879284144928883
"19295","1250","Ec_N",322,35,35,"Ec",16,1,1,1,1,0,0.879284144928883
"19296","1250","Ec_N",322,36,36,"Ec",16,1,1,1,1,0,0.879284144928883
"19297","1250","Ec_N",322,37,37,"Ec",16,1,1,1,1,0,0.879284144928883
"19298","1250","Ec_N",322,38,38,"Ec",16,1,1,1,1,0,0.879284144928883
"19299","1250","Ec_N",322,39,39,"Ec",16,1,1,1,1,0,0.879284144928883
"19300","1250","Ec_N",322,40,40,"Ec",16,1,1,1,1,0,0.879284144928883
"19301","1250","Ec_N",322,41,41,"Ec",16,1,1,1,1,0,0.879284144928883
"19302","1250","Ec_N",322,42,42,"Ec",16,1,1,1,1,0,0.879284144928883
"19303","1250","Ec_N",322,43,43,"Ec",16,1,1,1,1,0,0.879284144928883
"19304","1250","Ec_N",322,44,44,"Ec",16,1,1,1,1,0,0.879284144928883
"19305","1250","Ec_N",322,45,45,"Ec",16,1,1,1,1,0,0.879284144928883
"19306","1250","Ec_N",322,46,46,"Ec",16,1,1,1,1,0,0.879284144928883
"19307","1250","Ec_N",322,47,47,"Ec",16,1,1,1,1,0,0.879284144928883
"19308","1250","Ec_N",322,48,48,"Ec",16,1,1,1,1,0,0.879284144928883
"19309","1250","Ec_N",322,49,49,"Ec",16,1,1,1,1,0,0.879284144928883
"19310","1250","Ec_N",322,50,50,"Ec",16,1,1,1,1,0,0.879284144928883
"19311","1250","Ec_N",322,51,51,"Ec",16,1,1,1,1,0,0.879284144928883
"19312","1250","Ec_N",322,52,52,"Ec",16,1,1,1,1,0,0.879284144928883
"19313","1250","Ec_N",322,53,53,"Ec",16,1,1,1,1,0,0.879284144928883
"19314","1250","Ec_N",322,54,54,"Ec",16,1,1,1,1,0,0.879284144928883
"19315","1250","Ec_N",322,55,55,"Ec",16,1,1,1,1,0,0.879284144928883
"19316","1250","Ec_N",322,56,56,"Ec",16,1,1,1,1,0,0.879284144928883
"19317","1250","Ec_N",322,57,57,"Ec",16,1,1,1,1,0,0.879284144928883
"19318","1250","Ec_N",322,58,58,"Ec",16,1,1,1,1,0,0.879284144928883
"19319","1250","Ec_N",322,59,59,"Ec",16,1,1,1,1,0,0.879284144928883
"19320","1250","Ec_N",322,60,60,"Ec",16,1,1,1,1,0,0.879284144928883
"19321","1250","Ec_N",323,1,1,"Ec",1,0,0,0,0,0,0
"19322","1250","Ec_N",323,2,2,"Ec",1,0,0,0,0,0,0
"19323","1250","Ec_N",323,3,3,"Ec",2,1,0,0,0,0,0.221012654459768
"19324","1250","Ec_N",323,4,4,"Ec",18,1,0,0,0,1,0.417540278780587
"19325","1250","Ec_N",323,5,5,"Ec",18,1,0,0,0,1,0.417540278780587
"19326","1250","Ec_N",323,6,6,"Ec",18,1,0,0,0,1,0.417540278780587
"19327","1250","Ec_N",323,7,7,"Ec",18,1,0,0,0,1,0.417540278780587
"19328","1250","Ec_N",323,8,8,"Ec",18,1,0,0,0,1,0.417540278780587
"19329","1250","Ec_N",323,9,9,"Ec",18,1,0,0,0,1,0.417540278780587
"19330","1250","Ec_N",323,10,10,"Ec",18,1,0,0,0,1,0.417540278780587
"19331","1250","Ec_N",323,11,11,"Ec",18,1,0,0,0,1,0.417540278780587
"19332","1250","Ec_N",323,12,12,"Ec",18,1,0,0,0,1,0.417540278780587
"19333","1250","Ec_N",323,13,13,"Ec",20,1,1,0,0,1,0.500190858195701
"19334","1250","Ec_N",323,14,14,"Ec",20,1,1,0,0,1,0.500190858195701
"19335","1250","Ec_N",323,15,15,"Ec",20,1,1,0,0,1,0.500190858195701
"19336","1250","Ec_N",323,16,16,"Ec",20,1,1,0,0,1,0.500190858195701
"19337","1250","Ec_N",323,17,17,"Ec",20,1,1,0,0,1,0.500190858195701
"19338","1250","Ec_N",323,18,18,"Ec",20,1,1,0,0,1,0.500190858195701
"19339","1250","Ec_N",323,19,19,"Ec",20,1,1,0,0,1,0.500190858195701
"19340","1250","Ec_N",323,20,20,"Ec",20,1,1,0,0,1,0.500190858195701
"19341","1250","Ec_N",323,21,21,"Ec",20,1,1,0,0,1,0.500190858195701
"19342","1250","Ec_N",323,22,22,"Ec",20,1,1,0,0,1,0.500190858195701
"19343","1250","Ec_N",323,23,23,"Ec",20,1,1,0,0,1,0.500190858195701
"19344","1250","Ec_N",323,24,24,"Ec",20,1,1,0,0,1,0.500190858195701
"19345","1250","Ec_N",323,25,25,"Ec",20,1,1,0,0,1,0.500190858195701
"19346","1250","Ec_N",323,26,26,"Ec",20,1,1,0,0,1,0.500190858195701
"19347","1250","Ec_N",323,27,27,"Ec",20,1,1,0,0,1,0.500190858195701
"19348","1250","Ec_N",323,28,28,"Ec",20,1,1,0,0,1,0.500190858195701
"19349","1250","Ec_N",323,29,29,"Ec",20,1,1,0,0,1,0.500190858195701
"19350","1250","Ec_N",323,30,30,"Ec",20,1,1,0,0,1,0.500190858195701
"19351","1250","Ec_N",323,31,31,"Ec",20,1,1,0,0,1,0.500190858195701
"19352","1250","Ec_N",323,32,32,"Ec",20,1,1,0,0,1,0.500190858195701
"19353","1250","Ec_N",323,33,33,"Ec",20,1,1,0,0,1,0.500190858195701
"19354","1250","Ec_N",323,34,34,"Ec",20,1,1,0,0,1,0.500190858195701
"19355","1250","Ec_N",323,35,35,"Ec",28,1,1,0,1,1,0.770762719311211
"19356","1250","Ec_N",323,36,36,"Ec",28,1,1,0,1,1,0.770762719311211
"19357","1250","Ec_N",323,37,37,"Ec",28,1,1,0,1,1,0.770762719311211
"19358","1250","Ec_N",323,38,38,"Ec",28,1,1,0,1,1,0.770762719311211
"19359","1250","Ec_N",323,39,39,"Ec",28,1,1,0,1,1,0.770762719311211
"19360","1250","Ec_N",323,40,40,"Ec",28,1,1,0,1,1,0.770762719311211
"19361","1250","Ec_N",323,41,41,"Ec",28,1,1,0,1,1,0.770762719311211
"19362","1250","Ec_N",323,42,42,"Ec",28,1,1,0,1,1,0.770762719311211
"19363","1250","Ec_N",323,43,43,"Ec",28,1,1,0,1,1,0.770762719311211
"19364","1250","Ec_N",323,44,44,"Ec",28,1,1,0,1,1,0.770762719311211
"19365","1250","Ec_N",323,45,45,"Ec",28,1,1,0,1,1,0.770762719311211
"19366","1250","Ec_N",323,46,46,"Ec",28,1,1,0,1,1,0.770762719311211
"19367","1250","Ec_N",323,47,47,"Ec",28,1,1,0,1,1,0.770762719311211
"19368","1250","Ec_N",323,48,48,"Ec",28,1,1,0,1,1,0.770762719311211
"19369","1250","Ec_N",323,49,49,"Ec",28,1,1,0,1,1,0.770762719311211
"19370","1250","Ec_N",323,50,50,"Ec",28,1,1,0,1,1,0.770762719311211
"19371","1250","Ec_N",323,51,51,"Ec",28,1,1,0,1,1,0.770762719311211
"19372","1250","Ec_N",323,52,52,"Ec",28,1,1,0,1,1,0.770762719311211
"19373","1250","Ec_N",323,53,53,"Ec",28,1,1,0,1,1,0.770762719311211
"19374","1250","Ec_N",323,54,54,"Ec",28,1,1,0,1,1,0.770762719311211
"19375","1250","Ec_N",323,55,55,"Ec",28,1,1,0,1,1,0.770762719311211
"19376","1250","Ec_N",323,56,56,"Ec",32,1,1,1,1,1,1
"19377","1250","Ec_N",323,57,57,"Ec",32,1,1,1,1,1,1
"19378","1250","Ec_N",323,58,58,"Ec",32,1,1,1,1,1,1
"19379","1250","Ec_N",323,59,59,"Ec",32,1,1,1,1,1,1
"19380","1250","Ec_N",323,60,60,"Ec",32,1,1,1,1,1,1
"19381","1250","Ec_N",324,1,1,"Ec",1,0,0,0,0,0,0
"19382","1250","Ec_N",324,2,2,"Ec",9,0,0,0,1,0,0.267745650041575
"19383","1250","Ec_N",324,3,3,"Ec",9,0,0,0,1,0,0.267745650041575
"19384","1250","Ec_N",324,4,4,"Ec",9,0,0,0,1,0,0.267745650041575
"19385","1250","Ec_N",324,5,5,"Ec",9,0,0,0,1,0,0.267745650041575
"19386","1250","Ec_N",324,6,6,"Ec",25,0,0,0,1,1,0.464273274362394
"19387","1250","Ec_N",324,7,7,"Ec",25,0,0,0,1,1,0.464273274362394
"19388","1250","Ec_N",324,8,8,"Ec",25,0,0,0,1,1,0.464273274362394
"19389","1250","Ec_N",324,9,9,"Ec",25,0,0,0,1,1,0.464273274362394
"19390","1250","Ec_N",324,10,10,"Ec",25,0,0,0,1,1,0.464273274362394
"19391","1250","Ec_N",324,11,11,"Ec",25,0,0,0,1,1,0.464273274362394
"19392","1250","Ec_N",324,12,12,"Ec",25,0,0,0,1,1,0.464273274362394
"19393","1250","Ec_N",324,13,13,"Ec",25,0,0,0,1,1,0.464273274362394
"19394","1250","Ec_N",324,14,14,"Ec",25,0,0,0,1,1,0.464273274362394
"19395","1250","Ec_N",324,15,15,"Ec",25,0,0,0,1,1,0.464273274362394
"19396","1250","Ec_N",324,16,16,"Ec",25,0,0,0,1,1,0.464273274362394
"19397","1250","Ec_N",324,17,17,"Ec",25,0,0,0,1,1,0.464273274362394
"19398","1250","Ec_N",324,18,18,"Ec",25,0,0,0,1,1,0.464273274362394
"19399","1250","Ec_N",324,19,19,"Ec",25,0,0,0,1,1,0.464273274362394
"19400","1250","Ec_N",324,20,20,"Ec",29,0,0,1,1,1,0.696336766125118
"19401","1250","Ec_N",324,21,21,"Ec",29,0,0,1,1,1,0.696336766125118
"19402","1250","Ec_N",324,22,22,"Ec",29,0,0,1,1,1,0.696336766125118
"19403","1250","Ec_N",324,23,23,"Ec",29,0,0,1,1,1,0.696336766125118
"19404","1250","Ec_N",324,24,24,"Ec",29,0,0,1,1,1,0.696336766125118
"19405","1250","Ec_N",324,25,25,"Ec",29,0,0,1,1,1,0.696336766125118
"19406","1250","Ec_N",324,26,26,"Ec",29,0,0,1,1,1,0.696336766125118
"19407","1250","Ec_N",324,27,27,"Ec",31,0,1,1,1,1,0.778987345540232
"19408","1250","Ec_N",324,28,28,"Ec",31,0,1,1,1,1,0.778987345540232
"19409","1250","Ec_N",324,29,29,"Ec",31,0,1,1,1,1,0.778987345540232
"19410","1250","Ec_N",324,30,30,"Ec",32,1,1,1,1,1,1
"19411","1250","Ec_N",324,31,31,"Ec",32,1,1,1,1,1,1
"19412","1250","Ec_N",324,32,32,"Ec",32,1,1,1,1,1,1
"19413","1250","Ec_N",324,33,33,"Ec",32,1,1,1,1,1,1
"19414","1250","Ec_N",324,34,34,"Ec",32,1,1,1,1,1,1
"19415","1250","Ec_N",324,35,35,"Ec",32,1,1,1,1,1,1
"19416","1250","Ec_N",324,36,36,"Ec",32,1,1,1,1,1,1
"19417","1250","Ec_N",324,37,37,"Ec",32,1,1,1,1,1,1
"19418","1250","Ec_N",324,38,38,"Ec",32,1,1,1,1,1,1
"19419","1250","Ec_N",324,39,39,"Ec",32,1,1,1,1,1,1
"19420","1250","Ec_N",324,40,40,"Ec",32,1,1,1,1,1,1
"19421","1250","Ec_N",324,41,41,"Ec",32,1,1,1,1,1,1
"19422","1250","Ec_N",324,42,42,"Ec",32,1,1,1,1,1,1
"19423","1250","Ec_N",324,43,43,"Ec",32,1,1,1,1,1,1
"19424","1250","Ec_N",324,44,44,"Ec",32,1,1,1,1,1,1
"19425","1250","Ec_N",324,45,45,"Ec",32,1,1,1,1,1,1
"19426","1250","Ec_N",324,46,46,"Ec",32,1,1,1,1,1,1
"19427","1250","Ec_N",324,47,47,"Ec",32,1,1,1,1,1,1
"19428","1250","Ec_N",324,48,48,"Ec",32,1,1,1,1,1,1
"19429","1250","Ec_N",324,49,49,"Ec",32,1,1,1,1,1,1
"19430","1250","Ec_N",324,50,50,"Ec",32,1,1,1,1,1,1
"19431","1250","Ec_N",324,51,51,"Ec",32,1,1,1,1,1,1
"19432","1250","Ec_N",324,52,52,"Ec",32,1,1,1,1,1,1
"19433","1250","Ec_N",324,53,53,"Ec",32,1,1,1,1,1,1
"19434","1250","Ec_N",324,54,54,"Ec",32,1,1,1,1,1,1
"19435","1250","Ec_N",324,55,55,"Ec",32,1,1,1,1,1,1
"19436","1250","Ec_N",324,56,56,"Ec",32,1,1,1,1,1,1
"19437","1250","Ec_N",324,57,57,"Ec",32,1,1,1,1,1,1
"19438","1250","Ec_N",324,58,58,"Ec",32,1,1,1,1,1,1
"19439","1250","Ec_N",324,59,59,"Ec",32,1,1,1,1,1,1
"19440","1250","Ec_N",324,60,60,"Ec",32,1,1,1,1,1,1
"19441","1250","Ec_N",325,1,1,"Ec",1,0,0,0,0,0,0
"19442","1250","Ec_N",325,2,2,"Ec",1,0,0,0,0,0,0
"19443","1250","Ec_N",325,3,3,"Ec",3,0,1,0,0,0,0.082650579415114
"19444","1250","Ec_N",325,4,4,"Ec",3,0,1,0,0,0,0.082650579415114
"19445","1250","Ec_N",325,5,5,"Ec",3,0,1,0,0,0,0.082650579415114
"19446","1250","Ec_N",325,6,6,"Ec",3,0,1,0,0,0,0.082650579415114
"19447","1250","Ec_N",325,7,7,"Ec",3,0,1,0,0,0,0.082650579415114
"19448","1250","Ec_N",325,8,8,"Ec",11,0,1,0,1,0,0.168832555215222
"19449","1250","Ec_N",325,9,9,"Ec",11,0,1,0,1,0,0.168832555215222
"19450","1250","Ec_N",325,10,10,"Ec",11,0,1,0,1,0,0.168832555215222
"19451","1250","Ec_N",325,11,11,"Ec",11,0,1,0,1,0,0.168832555215222
"19452","1250","Ec_N",325,12,12,"Ec",11,0,1,0,1,0,0.168832555215222
"19453","1250","Ec_N",325,13,13,"Ec",11,0,1,0,1,0,0.168832555215222
"19454","1250","Ec_N",325,14,14,"Ec",11,0,1,0,1,0,0.168832555215222
"19455","1250","Ec_N",325,15,15,"Ec",11,0,1,0,1,0,0.168832555215222
"19456","1250","Ec_N",325,16,16,"Ec",11,0,1,0,1,0,0.168832555215222
"19457","1250","Ec_N",325,17,17,"Ec",11,0,1,0,1,0,0.168832555215222
"19458","1250","Ec_N",325,18,18,"Ec",12,1,1,0,1,0,0.552627762799163
"19459","1250","Ec_N",325,19,19,"Ec",12,1,1,0,1,0,0.552627762799163
"19460","1250","Ec_N",325,20,20,"Ec",16,1,1,1,1,0,0.879284144928883
"19461","1250","Ec_N",325,21,21,"Ec",16,1,1,1,1,0,0.879284144928883
"19462","1250","Ec_N",325,22,22,"Ec",16,1,1,1,1,0,0.879284144928883
"19463","1250","Ec_N",325,23,23,"Ec",16,1,1,1,1,0,0.879284144928883
"19464","1250","Ec_N",325,24,24,"Ec",16,1,1,1,1,0,0.879284144928883
"19465","1250","Ec_N",325,25,25,"Ec",32,1,1,1,1,1,1
"19466","1250","Ec_N",325,26,26,"Ec",32,1,1,1,1,1,1
"19467","1250","Ec_N",325,27,27,"Ec",32,1,1,1,1,1,1
"19468","1250","Ec_N",325,28,28,"Ec",32,1,1,1,1,1,1
"19469","1250","Ec_N",325,29,29,"Ec",32,1,1,1,1,1,1
"19470","1250","Ec_N",325,30,30,"Ec",32,1,1,1,1,1,1
"19471","1250","Ec_N",325,31,31,"Ec",32,1,1,1,1,1,1
"19472","1250","Ec_N",325,32,32,"Ec",32,1,1,1,1,1,1
"19473","1250","Ec_N",325,33,33,"Ec",32,1,1,1,1,1,1
"19474","1250","Ec_N",325,34,34,"Ec",32,1,1,1,1,1,1
"19475","1250","Ec_N",325,35,35,"Ec",32,1,1,1,1,1,1
"19476","1250","Ec_N",325,36,36,"Ec",32,1,1,1,1,1,1
"19477","1250","Ec_N",325,37,37,"Ec",32,1,1,1,1,1,1
"19478","1250","Ec_N",325,38,38,"Ec",32,1,1,1,1,1,1
"19479","1250","Ec_N",325,39,39,"Ec",32,1,1,1,1,1,1
"19480","1250","Ec_N",325,40,40,"Ec",32,1,1,1,1,1,1
"19481","1250","Ec_N",325,41,41,"Ec",32,1,1,1,1,1,1
"19482","1250","Ec_N",325,42,42,"Ec",32,1,1,1,1,1,1
"19483","1250","Ec_N",325,43,43,"Ec",32,1,1,1,1,1,1
"19484","1250","Ec_N",325,44,44,"Ec",32,1,1,1,1,1,1
"19485","1250","Ec_N",325,45,45,"Ec",32,1,1,1,1,1,1
"19486","1250","Ec_N",325,46,46,"Ec",32,1,1,1,1,1,1
"19487","1250","Ec_N",325,47,47,"Ec",32,1,1,1,1,1,1
"19488","1250","Ec_N",325,48,48,"Ec",32,1,1,1,1,1,1
"19489","1250","Ec_N",325,49,49,"Ec",32,1,1,1,1,1,1
"19490","1250","Ec_N",325,50,50,"Ec",32,1,1,1,1,1,1
"19491","1250","Ec_N",325,51,51,"Ec",32,1,1,1,1,1,1
"19492","1250","Ec_N",325,52,52,"Ec",32,1,1,1,1,1,1
"19493","1250","Ec_N",325,53,53,"Ec",32,1,1,1,1,1,1
"19494","1250","Ec_N",325,54,54,"Ec",32,1,1,1,1,1,1
"19495","1250","Ec_N",325,55,55,"Ec",32,1,1,1,1,1,1
"19496","1250","Ec_N",325,56,56,"Ec",32,1,1,1,1,1,1
"19497","1250","Ec_N",325,57,57,"Ec",32,1,1,1,1,1,1
"19498","1250","Ec_N",325,58,58,"Ec",32,1,1,1,1,1,1
"19499","1250","Ec_N",325,59,59,"Ec",32,1,1,1,1,1,1
"19500","1250","Ec_N",325,60,60,"Ec",32,1,1,1,1,1,1
"19501","1250","Ec_N",326,1,1,"Ec",1,0,0,0,0,0,0
"19502","1250","Ec_N",326,2,2,"Ec",5,0,0,1,0,0,0.232063491762724
"19503","1250","Ec_N",326,3,3,"Ec",5,0,0,1,0,0,0.232063491762724
"19504","1250","Ec_N",326,4,4,"Ec",5,0,0,1,0,0,0.232063491762724
"19505","1250","Ec_N",326,5,5,"Ec",5,0,0,1,0,0,0.232063491762724
"19506","1250","Ec_N",326,6,6,"Ec",5,0,0,1,0,0,0.232063491762724
"19507","1250","Ec_N",326,7,7,"Ec",5,0,0,1,0,0,0.232063491762724
"19508","1250","Ec_N",326,8,8,"Ec",5,0,0,1,0,0,0.232063491762724
"19509","1250","Ec_N",326,9,9,"Ec",5,0,0,1,0,0,0.232063491762724
"19510","1250","Ec_N",326,10,10,"Ec",5,0,0,1,0,0,0.232063491762724
"19511","1250","Ec_N",326,11,11,"Ec",5,0,0,1,0,0,0.232063491762724
"19512","1250","Ec_N",326,12,12,"Ec",5,0,0,1,0,0,0.232063491762724
"19513","1250","Ec_N",326,13,13,"Ec",5,0,0,1,0,0,0.232063491762724
"19514","1250","Ec_N",326,14,14,"Ec",5,0,0,1,0,0,0.232063491762724
"19515","1250","Ec_N",326,15,15,"Ec",5,0,0,1,0,0,0.232063491762724
"19516","1250","Ec_N",326,16,16,"Ec",5,0,0,1,0,0,0.232063491762724
"19517","1250","Ec_N",326,17,17,"Ec",5,0,0,1,0,0,0.232063491762724
"19518","1250","Ec_N",326,18,18,"Ec",5,0,0,1,0,0,0.232063491762724
"19519","1250","Ec_N",326,19,19,"Ec",5,0,0,1,0,0,0.232063491762724
"19520","1250","Ec_N",326,20,20,"Ec",5,0,0,1,0,0,0.232063491762724
"19521","1250","Ec_N",326,21,21,"Ec",5,0,0,1,0,0,0.232063491762724
"19522","1250","Ec_N",326,22,22,"Ec",5,0,0,1,0,0,0.232063491762724
"19523","1250","Ec_N",326,23,23,"Ec",13,0,0,1,1,0,0.499809141804299
"19524","1250","Ec_N",326,24,24,"Ec",13,0,0,1,1,0,0.499809141804299
"19525","1250","Ec_N",326,25,25,"Ec",13,0,0,1,1,0,0.499809141804299
"19526","1250","Ec_N",326,26,26,"Ec",29,0,0,1,1,1,0.696336766125118
"19527","1250","Ec_N",326,27,27,"Ec",29,0,0,1,1,1,0.696336766125118
"19528","1250","Ec_N",326,28,28,"Ec",29,0,0,1,1,1,0.696336766125118
"19529","1250","Ec_N",326,29,29,"Ec",29,0,0,1,1,1,0.696336766125118
"19530","1250","Ec_N",326,30,30,"Ec",29,0,0,1,1,1,0.696336766125118
"19531","1250","Ec_N",326,31,31,"Ec",29,0,0,1,1,1,0.696336766125118
"19532","1250","Ec_N",326,32,32,"Ec",29,0,0,1,1,1,0.696336766125118
"19533","1250","Ec_N",326,33,33,"Ec",29,0,0,1,1,1,0.696336766125118
"19534","1250","Ec_N",326,34,34,"Ec",29,0,0,1,1,1,0.696336766125118
"19535","1250","Ec_N",326,35,35,"Ec",29,0,0,1,1,1,0.696336766125118
"19536","1250","Ec_N",326,36,36,"Ec",29,0,0,1,1,1,0.696336766125118
"19537","1250","Ec_N",326,37,37,"Ec",31,0,1,1,1,1,0.778987345540232
"19538","1250","Ec_N",326,38,38,"Ec",31,0,1,1,1,1,0.778987345540232
"19539","1250","Ec_N",326,39,39,"Ec",31,0,1,1,1,1,0.778987345540232
"19540","1250","Ec_N",326,40,40,"Ec",31,0,1,1,1,1,0.778987345540232
"19541","1250","Ec_N",326,41,41,"Ec",31,0,1,1,1,1,0.778987345540232
"19542","1250","Ec_N",326,42,42,"Ec",31,0,1,1,1,1,0.778987345540232
"19543","1250","Ec_N",326,43,43,"Ec",31,0,1,1,1,1,0.778987345540232
"19544","1250","Ec_N",326,44,44,"Ec",31,0,1,1,1,1,0.778987345540232
"19545","1250","Ec_N",326,45,45,"Ec",31,0,1,1,1,1,0.778987345540232
"19546","1250","Ec_N",326,46,46,"Ec",31,0,1,1,1,1,0.778987345540232
"19547","1250","Ec_N",326,47,47,"Ec",31,0,1,1,1,1,0.778987345540232
"19548","1250","Ec_N",326,48,48,"Ec",31,0,1,1,1,1,0.778987345540232
"19549","1250","Ec_N",326,49,49,"Ec",31,0,1,1,1,1,0.778987345540232
"19550","1250","Ec_N",326,50,50,"Ec",31,0,1,1,1,1,0.778987345540232
"19551","1250","Ec_N",326,51,51,"Ec",31,0,1,1,1,1,0.778987345540232
"19552","1250","Ec_N",326,52,52,"Ec",31,0,1,1,1,1,0.778987345540232
"19553","1250","Ec_N",326,53,53,"Ec",31,0,1,1,1,1,0.778987345540232
"19554","1250","Ec_N",326,54,54,"Ec",32,1,1,1,1,1,1
"19555","1250","Ec_N",326,55,55,"Ec",32,1,1,1,1,1,1
"19556","1250","Ec_N",326,56,56,"Ec",32,1,1,1,1,1,1
"19557","1250","Ec_N",326,57,57,"Ec",32,1,1,1,1,1,1
"19558","1250","Ec_N",326,58,58,"Ec",32,1,1,1,1,1,1
"19559","1250","Ec_N",326,59,59,"Ec",32,1,1,1,1,1,1
"19560","1250","Ec_N",326,60,60,"Ec",32,1,1,1,1,1,1
"19561","1250","Ec_N",327,1,1,"Ec",1,0,0,0,0,0,0
"19562","1250","Ec_N",327,2,2,"Ec",1,0,0,0,0,0,0
"19563","1250","Ec_N",327,3,3,"Ec",1,0,0,0,0,0,0
"19564","1250","Ec_N",327,4,4,"Ec",1,0,0,0,0,0,0
"19565","1250","Ec_N",327,5,5,"Ec",1,0,0,0,0,0,0
"19566","1250","Ec_N",327,6,6,"Ec",1,0,0,0,0,0,0
"19567","1250","Ec_N",327,7,7,"Ec",1,0,0,0,0,0,0
"19568","1250","Ec_N",327,8,8,"Ec",17,0,0,0,0,1,0.14692246949649
"19569","1250","Ec_N",327,9,9,"Ec",17,0,0,0,0,1,0.14692246949649
"19570","1250","Ec_N",327,10,10,"Ec",17,0,0,0,0,1,0.14692246949649
"19571","1250","Ec_N",327,11,11,"Ec",17,0,0,0,0,1,0.14692246949649
"19572","1250","Ec_N",327,12,12,"Ec",17,0,0,0,0,1,0.14692246949649
"19573","1250","Ec_N",327,13,13,"Ec",17,0,0,0,0,1,0.14692246949649
"19574","1250","Ec_N",327,14,14,"Ec",21,0,0,1,0,1,0.428591116083543
"19575","1250","Ec_N",327,15,15,"Ec",21,0,0,1,0,1,0.428591116083543
"19576","1250","Ec_N",327,16,16,"Ec",21,0,0,1,0,1,0.428591116083543
"19577","1250","Ec_N",327,17,17,"Ec",21,0,0,1,0,1,0.428591116083543
"19578","1250","Ec_N",327,18,18,"Ec",23,0,1,1,0,1,0.511241695498657
"19579","1250","Ec_N",327,19,19,"Ec",23,0,1,1,0,1,0.511241695498657
"19580","1250","Ec_N",327,20,20,"Ec",24,1,1,1,0,1,0.732254349958425
"19581","1250","Ec_N",327,21,21,"Ec",24,1,1,1,0,1,0.732254349958425
"19582","1250","Ec_N",327,22,22,"Ec",24,1,1,1,0,1,0.732254349958425
"19583","1250","Ec_N",327,23,23,"Ec",24,1,1,1,0,1,0.732254349958425
"19584","1250","Ec_N",327,24,24,"Ec",24,1,1,1,0,1,0.732254349958425
"19585","1250","Ec_N",327,25,25,"Ec",24,1,1,1,0,1,0.732254349958425
"19586","1250","Ec_N",327,26,26,"Ec",24,1,1,1,0,1,0.732254349958425
"19587","1250","Ec_N",327,27,27,"Ec",24,1,1,1,0,1,0.732254349958425
"19588","1250","Ec_N",327,28,28,"Ec",24,1,1,1,0,1,0.732254349958425
"19589","1250","Ec_N",327,29,29,"Ec",24,1,1,1,0,1,0.732254349958425
"19590","1250","Ec_N",327,30,30,"Ec",24,1,1,1,0,1,0.732254349958425
"19591","1250","Ec_N",327,31,31,"Ec",24,1,1,1,0,1,0.732254349958425
"19592","1250","Ec_N",327,32,32,"Ec",24,1,1,1,0,1,0.732254349958425
"19593","1250","Ec_N",327,33,33,"Ec",24,1,1,1,0,1,0.732254349958425
"19594","1250","Ec_N",327,34,34,"Ec",24,1,1,1,0,1,0.732254349958425
"19595","1250","Ec_N",327,35,35,"Ec",24,1,1,1,0,1,0.732254349958425
"19596","1250","Ec_N",327,36,36,"Ec",24,1,1,1,0,1,0.732254349958425
"19597","1250","Ec_N",327,37,37,"Ec",24,1,1,1,0,1,0.732254349958425
"19598","1250","Ec_N",327,38,38,"Ec",24,1,1,1,0,1,0.732254349958425
"19599","1250","Ec_N",327,39,39,"Ec",24,1,1,1,0,1,0.732254349958425
"19600","1250","Ec_N",327,40,40,"Ec",24,1,1,1,0,1,0.732254349958425
"19601","1250","Ec_N",327,41,41,"Ec",24,1,1,1,0,1,0.732254349958425
"19602","1250","Ec_N",327,42,42,"Ec",24,1,1,1,0,1,0.732254349958425
"19603","1250","Ec_N",327,43,43,"Ec",24,1,1,1,0,1,0.732254349958425
"19604","1250","Ec_N",327,44,44,"Ec",24,1,1,1,0,1,0.732254349958425
"19605","1250","Ec_N",327,45,45,"Ec",24,1,1,1,0,1,0.732254349958425
"19606","1250","Ec_N",327,46,46,"Ec",24,1,1,1,0,1,0.732254349958425
"19607","1250","Ec_N",327,47,47,"Ec",24,1,1,1,0,1,0.732254349958425
"19608","1250","Ec_N",327,48,48,"Ec",24,1,1,1,0,1,0.732254349958425
"19609","1250","Ec_N",327,49,49,"Ec",24,1,1,1,0,1,0.732254349958425
"19610","1250","Ec_N",327,50,50,"Ec",24,1,1,1,0,1,0.732254349958425
"19611","1250","Ec_N",327,51,51,"Ec",24,1,1,1,0,1,0.732254349958425
"19612","1250","Ec_N",327,52,52,"Ec",24,1,1,1,0,1,0.732254349958425
"19613","1250","Ec_N",327,53,53,"Ec",24,1,1,1,0,1,0.732254349958425
"19614","1250","Ec_N",327,54,54,"Ec",24,1,1,1,0,1,0.732254349958425
"19615","1250","Ec_N",327,55,55,"Ec",24,1,1,1,0,1,0.732254349958425
"19616","1250","Ec_N",327,56,56,"Ec",24,1,1,1,0,1,0.732254349958425
"19617","1250","Ec_N",327,57,57,"Ec",24,1,1,1,0,1,0.732254349958425
"19618","1250","Ec_N",327,58,58,"Ec",24,1,1,1,0,1,0.732254349958425
"19619","1250","Ec_N",327,59,59,"Ec",24,1,1,1,0,1,0.732254349958425
"19620","1250","Ec_N",327,60,60,"Ec",24,1,1,1,0,1,0.732254349958425
"19621","1250","Ec_N",328,1,1,"Ec",1,0,0,0,0,0,0
"19622","1250","Ec_N",328,2,2,"Ec",1,0,0,0,0,0,0
"19623","1250","Ec_N",328,3,3,"Ec",1,0,0,0,0,0,0
"19624","1250","Ec_N",328,4,4,"Ec",5,0,0,1,0,0,0.232063491762724
"19625","1250","Ec_N",328,5,5,"Ec",5,0,0,1,0,0,0.232063491762724
"19626","1250","Ec_N",328,6,6,"Ec",5,0,0,1,0,0,0.232063491762724
"19627","1250","Ec_N",328,7,7,"Ec",6,1,0,1,0,0,0.453076146222492
"19628","1250","Ec_N",328,8,8,"Ec",6,1,0,1,0,0,0.453076146222492
"19629","1250","Ec_N",328,9,9,"Ec",6,1,0,1,0,0,0.453076146222492
"19630","1250","Ec_N",328,10,10,"Ec",6,1,0,1,0,0,0.453076146222492
"19631","1250","Ec_N",328,11,11,"Ec",6,1,0,1,0,0,0.453076146222492
"19632","1250","Ec_N",328,12,12,"Ec",6,1,0,1,0,0,0.453076146222492
"19633","1250","Ec_N",328,13,13,"Ec",22,1,0,1,0,1,0.649603770543311
"19634","1250","Ec_N",328,14,14,"Ec",30,1,0,1,1,1,0.981696467924213
"19635","1250","Ec_N",328,15,15,"Ec",30,1,0,1,1,1,0.981696467924213
"19636","1250","Ec_N",328,16,16,"Ec",30,1,0,1,1,1,0.981696467924213
"19637","1250","Ec_N",328,17,17,"Ec",30,1,0,1,1,1,0.981696467924213
"19638","1250","Ec_N",328,18,18,"Ec",30,1,0,1,1,1,0.981696467924213
"19639","1250","Ec_N",328,19,19,"Ec",30,1,0,1,1,1,0.981696467924213
"19640","1250","Ec_N",328,20,20,"Ec",30,1,0,1,1,1,0.981696467924213
"19641","1250","Ec_N",328,21,21,"Ec",30,1,0,1,1,1,0.981696467924213
"19642","1250","Ec_N",328,22,22,"Ec",30,1,0,1,1,1,0.981696467924213
"19643","1250","Ec_N",328,23,23,"Ec",30,1,0,1,1,1,0.981696467924213
"19644","1250","Ec_N",328,24,24,"Ec",30,1,0,1,1,1,0.981696467924213
"19645","1250","Ec_N",328,25,25,"Ec",30,1,0,1,1,1,0.981696467924213
"19646","1250","Ec_N",328,26,26,"Ec",30,1,0,1,1,1,0.981696467924213
"19647","1250","Ec_N",328,27,27,"Ec",30,1,0,1,1,1,0.981696467924213
"19648","1250","Ec_N",328,28,28,"Ec",30,1,0,1,1,1,0.981696467924213
"19649","1250","Ec_N",328,29,29,"Ec",32,1,1,1,1,1,1
"19650","1250","Ec_N",328,30,30,"Ec",32,1,1,1,1,1,1
"19651","1250","Ec_N",328,31,31,"Ec",32,1,1,1,1,1,1
"19652","1250","Ec_N",328,32,32,"Ec",32,1,1,1,1,1,1
"19653","1250","Ec_N",328,33,33,"Ec",32,1,1,1,1,1,1
"19654","1250","Ec_N",328,34,34,"Ec",32,1,1,1,1,1,1
"19655","1250","Ec_N",328,35,35,"Ec",32,1,1,1,1,1,1
"19656","1250","Ec_N",328,36,36,"Ec",32,1,1,1,1,1,1
"19657","1250","Ec_N",328,37,37,"Ec",32,1,1,1,1,1,1
"19658","1250","Ec_N",328,38,38,"Ec",32,1,1,1,1,1,1
"19659","1250","Ec_N",328,39,39,"Ec",32,1,1,1,1,1,1
"19660","1250","Ec_N",328,40,40,"Ec",32,1,1,1,1,1,1
"19661","1250","Ec_N",328,41,41,"Ec",32,1,1,1,1,1,1
"19662","1250","Ec_N",328,42,42,"Ec",32,1,1,1,1,1,1
"19663","1250","Ec_N",328,43,43,"Ec",32,1,1,1,1,1,1
"19664","1250","Ec_N",328,44,44,"Ec",32,1,1,1,1,1,1
"19665","1250","Ec_N",328,45,45,"Ec",32,1,1,1,1,1,1
"19666","1250","Ec_N",328,46,46,"Ec",32,1,1,1,1,1,1
"19667","1250","Ec_N",328,47,47,"Ec",32,1,1,1,1,1,1
"19668","1250","Ec_N",328,48,48,"Ec",32,1,1,1,1,1,1
"19669","1250","Ec_N",328,49,49,"Ec",32,1,1,1,1,1,1
"19670","1250","Ec_N",328,50,50,"Ec",32,1,1,1,1,1,1
"19671","1250","Ec_N",328,51,51,"Ec",32,1,1,1,1,1,1
"19672","1250","Ec_N",328,52,52,"Ec",32,1,1,1,1,1,1
"19673","1250","Ec_N",328,53,53,"Ec",32,1,1,1,1,1,1
"19674","1250","Ec_N",328,54,54,"Ec",32,1,1,1,1,1,1
"19675","1250","Ec_N",328,55,55,"Ec",32,1,1,1,1,1,1
"19676","1250","Ec_N",328,56,56,"Ec",32,1,1,1,1,1,1
"19677","1250","Ec_N",328,57,57,"Ec",32,1,1,1,1,1,1
"19678","1250","Ec_N",328,58,58,"Ec",32,1,1,1,1,1,1
"19679","1250","Ec_N",328,59,59,"Ec",32,1,1,1,1,1,1
"19680","1250","Ec_N",328,60,60,"Ec",32,1,1,1,1,1,1
"19681","1250","Ec_N",329,1,1,"Ec",1,0,0,0,0,0,0
"19682","1250","Ec_N",329,2,2,"Ec",1,0,0,0,0,0,0
"19683","1250","Ec_N",329,3,3,"Ec",2,1,0,0,0,0,0.221012654459768
"19684","1250","Ec_N",329,4,4,"Ec",2,1,0,0,0,0,0.221012654459768
"19685","1250","Ec_N",329,5,5,"Ec",2,1,0,0,0,0,0.221012654459768
"19686","1250","Ec_N",329,6,6,"Ec",2,1,0,0,0,0,0.221012654459768
"19687","1250","Ec_N",329,7,7,"Ec",2,1,0,0,0,0,0.221012654459768
"19688","1250","Ec_N",329,8,8,"Ec",2,1,0,0,0,0,0.221012654459768
"19689","1250","Ec_N",329,9,9,"Ec",2,1,0,0,0,0,0.221012654459768
"19690","1250","Ec_N",329,10,10,"Ec",2,1,0,0,0,0,0.221012654459768
"19691","1250","Ec_N",329,11,11,"Ec",2,1,0,0,0,0,0.221012654459768
"19692","1250","Ec_N",329,12,12,"Ec",2,1,0,0,0,0,0.221012654459768
"19693","1250","Ec_N",329,13,13,"Ec",4,1,1,0,0,0,0.303663233874882
"19694","1250","Ec_N",329,14,14,"Ec",4,1,1,0,0,0,0.303663233874882
"19695","1250","Ec_N",329,15,15,"Ec",4,1,1,0,0,0,0.303663233874882
"19696","1250","Ec_N",329,16,16,"Ec",4,1,1,0,0,0,0.303663233874882
"19697","1250","Ec_N",329,17,17,"Ec",4,1,1,0,0,0,0.303663233874882
"19698","1250","Ec_N",329,18,18,"Ec",12,1,1,0,1,0,0.552627762799163
"19699","1250","Ec_N",329,19,19,"Ec",12,1,1,0,1,0,0.552627762799163
"19700","1250","Ec_N",329,20,20,"Ec",16,1,1,1,1,0,0.879284144928883
"19701","1250","Ec_N",329,21,21,"Ec",16,1,1,1,1,0,0.879284144928883
"19702","1250","Ec_N",329,22,22,"Ec",16,1,1,1,1,0,0.879284144928883
"19703","1250","Ec_N",329,23,23,"Ec",16,1,1,1,1,0,0.879284144928883
"19704","1250","Ec_N",329,24,24,"Ec",16,1,1,1,1,0,0.879284144928883
"19705","1250","Ec_N",329,25,25,"Ec",16,1,1,1,1,0,0.879284144928883
"19706","1250","Ec_N",329,26,26,"Ec",16,1,1,1,1,0,0.879284144928883
"19707","1250","Ec_N",329,27,27,"Ec",16,1,1,1,1,0,0.879284144928883
"19708","1250","Ec_N",329,28,28,"Ec",16,1,1,1,1,0,0.879284144928883
"19709","1250","Ec_N",329,29,29,"Ec",16,1,1,1,1,0,0.879284144928883
"19710","1250","Ec_N",329,30,30,"Ec",16,1,1,1,1,0,0.879284144928883
"19711","1250","Ec_N",329,31,31,"Ec",16,1,1,1,1,0,0.879284144928883
"19712","1250","Ec_N",329,32,32,"Ec",16,1,1,1,1,0,0.879284144928883
"19713","1250","Ec_N",329,33,33,"Ec",16,1,1,1,1,0,0.879284144928883
"19714","1250","Ec_N",329,34,34,"Ec",16,1,1,1,1,0,0.879284144928883
"19715","1250","Ec_N",329,35,35,"Ec",16,1,1,1,1,0,0.879284144928883
"19716","1250","Ec_N",329,36,36,"Ec",16,1,1,1,1,0,0.879284144928883
"19717","1250","Ec_N",329,37,37,"Ec",16,1,1,1,1,0,0.879284144928883
"19718","1250","Ec_N",329,38,38,"Ec",16,1,1,1,1,0,0.879284144928883
"19719","1250","Ec_N",329,39,39,"Ec",16,1,1,1,1,0,0.879284144928883
"19720","1250","Ec_N",329,40,40,"Ec",16,1,1,1,1,0,0.879284144928883
"19721","1250","Ec_N",329,41,41,"Ec",16,1,1,1,1,0,0.879284144928883
"19722","1250","Ec_N",329,42,42,"Ec",16,1,1,1,1,0,0.879284144928883
"19723","1250","Ec_N",329,43,43,"Ec",16,1,1,1,1,0,0.879284144928883
"19724","1250","Ec_N",329,44,44,"Ec",16,1,1,1,1,0,0.879284144928883
"19725","1250","Ec_N",329,45,45,"Ec",16,1,1,1,1,0,0.879284144928883
"19726","1250","Ec_N",329,46,46,"Ec",16,1,1,1,1,0,0.879284144928883
"19727","1250","Ec_N",329,47,47,"Ec",16,1,1,1,1,0,0.879284144928883
"19728","1250","Ec_N",329,48,48,"Ec",16,1,1,1,1,0,0.879284144928883
"19729","1250","Ec_N",329,49,49,"Ec",16,1,1,1,1,0,0.879284144928883
"19730","1250","Ec_N",329,50,50,"Ec",16,1,1,1,1,0,0.879284144928883
"19731","1250","Ec_N",329,51,51,"Ec",16,1,1,1,1,0,0.879284144928883
"19732","1250","Ec_N",329,52,52,"Ec",16,1,1,1,1,0,0.879284144928883
"19733","1250","Ec_N",329,53,53,"Ec",16,1,1,1,1,0,0.879284144928883
"19734","1250","Ec_N",329,54,54,"Ec",16,1,1,1,1,0,0.879284144928883
"19735","1250","Ec_N",329,55,55,"Ec",16,1,1,1,1,0,0.879284144928883
"19736","1250","Ec_N",329,56,56,"Ec",32,1,1,1,1,1,1
"19737","1250","Ec_N",329,57,57,"Ec",32,1,1,1,1,1,1
"19738","1250","Ec_N",329,58,58,"Ec",32,1,1,1,1,1,1
"19739","1250","Ec_N",329,59,59,"Ec",32,1,1,1,1,1,1
"19740","1250","Ec_N",329,60,60,"Ec",32,1,1,1,1,1,1
"19741","1250","Ec_N",330,1,1,"Ec",1,0,0,0,0,0,0
"19742","1250","Ec_N",330,2,2,"Ec",1,0,0,0,0,0,0
"19743","1250","Ec_N",330,3,3,"Ec",1,0,0,0,0,0,0
"19744","1250","Ec_N",330,4,4,"Ec",3,0,1,0,0,0,0.082650579415114
"19745","1250","Ec_N",330,5,5,"Ec",3,0,1,0,0,0,0.082650579415114
"19746","1250","Ec_N",330,6,6,"Ec",3,0,1,0,0,0,0.082650579415114
"19747","1250","Ec_N",330,7,7,"Ec",3,0,1,0,0,0,0.082650579415114
"19748","1250","Ec_N",330,8,8,"Ec",3,0,1,0,0,0,0.082650579415114
"19749","1250","Ec_N",330,9,9,"Ec",3,0,1,0,0,0,0.082650579415114
"19750","1250","Ec_N",330,10,10,"Ec",3,0,1,0,0,0,0.082650579415114
"19751","1250","Ec_N",330,11,11,"Ec",3,0,1,0,0,0,0.082650579415114
"19752","1250","Ec_N",330,12,12,"Ec",3,0,1,0,0,0,0.082650579415114
"19753","1250","Ec_N",330,13,13,"Ec",3,0,1,0,0,0,0.082650579415114
"19754","1250","Ec_N",330,14,14,"Ec",3,0,1,0,0,0,0.082650579415114
"19755","1250","Ec_N",330,15,15,"Ec",3,0,1,0,0,0,0.082650579415114
"19756","1250","Ec_N",330,16,16,"Ec",4,1,1,0,0,0,0.303663233874882
"19757","1250","Ec_N",330,17,17,"Ec",4,1,1,0,0,0,0.303663233874882
"19758","1250","Ec_N",330,18,18,"Ec",4,1,1,0,0,0,0.303663233874882
"19759","1250","Ec_N",330,19,19,"Ec",4,1,1,0,0,0,0.303663233874882
"19760","1250","Ec_N",330,20,20,"Ec",4,1,1,0,0,0,0.303663233874882
"19761","1250","Ec_N",330,21,21,"Ec",4,1,1,0,0,0,0.303663233874882
"19762","1250","Ec_N",330,22,22,"Ec",4,1,1,0,0,0,0.303663233874882
"19763","1250","Ec_N",330,23,23,"Ec",4,1,1,0,0,0,0.303663233874882
"19764","1250","Ec_N",330,24,24,"Ec",4,1,1,0,0,0,0.303663233874882
"19765","1250","Ec_N",330,25,25,"Ec",4,1,1,0,0,0,0.303663233874882
"19766","1250","Ec_N",330,26,26,"Ec",4,1,1,0,0,0,0.303663233874882
"19767","1250","Ec_N",330,27,27,"Ec",4,1,1,0,0,0,0.303663233874882
"19768","1250","Ec_N",330,28,28,"Ec",4,1,1,0,0,0,0.303663233874882
"19769","1250","Ec_N",330,29,29,"Ec",4,1,1,0,0,0,0.303663233874882
"19770","1250","Ec_N",330,30,30,"Ec",4,1,1,0,0,0,0.303663233874882
"19771","1250","Ec_N",330,31,31,"Ec",4,1,1,0,0,0,0.303663233874882
"19772","1250","Ec_N",330,32,32,"Ec",4,1,1,0,0,0,0.303663233874882
"19773","1250","Ec_N",330,33,33,"Ec",4,1,1,0,0,0,0.303663233874882
"19774","1250","Ec_N",330,34,34,"Ec",4,1,1,0,0,0,0.303663233874882
"19775","1250","Ec_N",330,35,35,"Ec",4,1,1,0,0,0,0.303663233874882
"19776","1250","Ec_N",330,36,36,"Ec",4,1,1,0,0,0,0.303663233874882
"19777","1250","Ec_N",330,37,37,"Ec",4,1,1,0,0,0,0.303663233874882
"19778","1250","Ec_N",330,38,38,"Ec",12,1,1,0,1,0,0.552627762799163
"19779","1250","Ec_N",330,39,39,"Ec",12,1,1,0,1,0,0.552627762799163
"19780","1250","Ec_N",330,40,40,"Ec",12,1,1,0,1,0,0.552627762799163
"19781","1250","Ec_N",330,41,41,"Ec",12,1,1,0,1,0,0.552627762799163
"19782","1250","Ec_N",330,42,42,"Ec",12,1,1,0,1,0,0.552627762799163
"19783","1250","Ec_N",330,43,43,"Ec",12,1,1,0,1,0,0.552627762799163
"19784","1250","Ec_N",330,44,44,"Ec",12,1,1,0,1,0,0.552627762799163
"19785","1250","Ec_N",330,45,45,"Ec",12,1,1,0,1,0,0.552627762799163
"19786","1250","Ec_N",330,46,46,"Ec",12,1,1,0,1,0,0.552627762799163
"19787","1250","Ec_N",330,47,47,"Ec",12,1,1,0,1,0,0.552627762799163
"19788","1250","Ec_N",330,48,48,"Ec",12,1,1,0,1,0,0.552627762799163
"19789","1250","Ec_N",330,49,49,"Ec",12,1,1,0,1,0,0.552627762799163
"19790","1250","Ec_N",330,50,50,"Ec",12,1,1,0,1,0,0.552627762799163
"19791","1250","Ec_N",330,51,51,"Ec",12,1,1,0,1,0,0.552627762799163
"19792","1250","Ec_N",330,52,52,"Ec",12,1,1,0,1,0,0.552627762799163
"19793","1250","Ec_N",330,53,53,"Ec",12,1,1,0,1,0,0.552627762799163
"19794","1250","Ec_N",330,54,54,"Ec",12,1,1,0,1,0,0.552627762799163
"19795","1250","Ec_N",330,55,55,"Ec",28,1,1,0,1,1,0.770762719311211
"19796","1250","Ec_N",330,56,56,"Ec",28,1,1,0,1,1,0.770762719311211
"19797","1250","Ec_N",330,57,57,"Ec",28,1,1,0,1,1,0.770762719311211
"19798","1250","Ec_N",330,58,58,"Ec",28,1,1,0,1,1,0.770762719311211
"19799","1250","Ec_N",330,59,59,"Ec",32,1,1,1,1,1,1
"19800","1250","Ec_N",330,60,60,"Ec",32,1,1,1,1,1,1
"19801","1250","Ec_N",331,1,1,"Ec",1,0,0,0,0,0,0
"19802","1250","Ec_N",331,2,2,"Ec",1,0,0,0,0,0,0
"19803","1250","Ec_N",331,3,3,"Ec",1,0,0,0,0,0,0
"19804","1250","Ec_N",331,4,4,"Ec",9,0,0,0,1,0,0.267745650041575
"19805","1250","Ec_N",331,5,5,"Ec",9,0,0,0,1,0,0.267745650041575
"19806","1250","Ec_N",331,6,6,"Ec",9,0,0,0,1,0,0.267745650041575
"19807","1250","Ec_N",331,7,7,"Ec",9,0,0,0,1,0,0.267745650041575
"19808","1250","Ec_N",331,8,8,"Ec",9,0,0,0,1,0,0.267745650041575
"19809","1250","Ec_N",331,9,9,"Ec",9,0,0,0,1,0,0.267745650041575
"19810","1250","Ec_N",331,10,10,"Ec",9,0,0,0,1,0,0.267745650041575
"19811","1250","Ec_N",331,11,11,"Ec",9,0,0,0,1,0,0.267745650041575
"19812","1250","Ec_N",331,12,12,"Ec",9,0,0,0,1,0,0.267745650041575
"19813","1250","Ec_N",331,13,13,"Ec",13,0,0,1,1,0,0.499809141804299
"19814","1250","Ec_N",331,14,14,"Ec",13,0,0,1,1,0,0.499809141804299
"19815","1250","Ec_N",331,15,15,"Ec",13,0,0,1,1,0,0.499809141804299
"19816","1250","Ec_N",331,16,16,"Ec",29,0,0,1,1,1,0.696336766125118
"19817","1250","Ec_N",331,17,17,"Ec",29,0,0,1,1,1,0.696336766125118
"19818","1250","Ec_N",331,18,18,"Ec",29,0,0,1,1,1,0.696336766125118
"19819","1250","Ec_N",331,19,19,"Ec",29,0,0,1,1,1,0.696336766125118
"19820","1250","Ec_N",331,20,20,"Ec",29,0,0,1,1,1,0.696336766125118
"19821","1250","Ec_N",331,21,21,"Ec",29,0,0,1,1,1,0.696336766125118
"19822","1250","Ec_N",331,22,22,"Ec",29,0,0,1,1,1,0.696336766125118
"19823","1250","Ec_N",331,23,23,"Ec",29,0,0,1,1,1,0.696336766125118
"19824","1250","Ec_N",331,24,24,"Ec",29,0,0,1,1,1,0.696336766125118
"19825","1250","Ec_N",331,25,25,"Ec",30,1,0,1,1,1,0.981696467924213
"19826","1250","Ec_N",331,26,26,"Ec",30,1,0,1,1,1,0.981696467924213
"19827","1250","Ec_N",331,27,27,"Ec",30,1,0,1,1,1,0.981696467924213
"19828","1250","Ec_N",331,28,28,"Ec",30,1,0,1,1,1,0.981696467924213
"19829","1250","Ec_N",331,29,29,"Ec",30,1,0,1,1,1,0.981696467924213
"19830","1250","Ec_N",331,30,30,"Ec",30,1,0,1,1,1,0.981696467924213
"19831","1250","Ec_N",331,31,31,"Ec",30,1,0,1,1,1,0.981696467924213
"19832","1250","Ec_N",331,32,32,"Ec",30,1,0,1,1,1,0.981696467924213
"19833","1250","Ec_N",331,33,33,"Ec",30,1,0,1,1,1,0.981696467924213
"19834","1250","Ec_N",331,34,34,"Ec",30,1,0,1,1,1,0.981696467924213
"19835","1250","Ec_N",331,35,35,"Ec",30,1,0,1,1,1,0.981696467924213
"19836","1250","Ec_N",331,36,36,"Ec",30,1,0,1,1,1,0.981696467924213
"19837","1250","Ec_N",331,37,37,"Ec",30,1,0,1,1,1,0.981696467924213
"19838","1250","Ec_N",331,38,38,"Ec",30,1,0,1,1,1,0.981696467924213
"19839","1250","Ec_N",331,39,39,"Ec",30,1,0,1,1,1,0.981696467924213
"19840","1250","Ec_N",331,40,40,"Ec",30,1,0,1,1,1,0.981696467924213
"19841","1250","Ec_N",331,41,41,"Ec",30,1,0,1,1,1,0.981696467924213
"19842","1250","Ec_N",331,42,42,"Ec",30,1,0,1,1,1,0.981696467924213
"19843","1250","Ec_N",331,43,43,"Ec",30,1,0,1,1,1,0.981696467924213
"19844","1250","Ec_N",331,44,44,"Ec",30,1,0,1,1,1,0.981696467924213
"19845","1250","Ec_N",331,45,45,"Ec",30,1,0,1,1,1,0.981696467924213
"19846","1250","Ec_N",331,46,46,"Ec",30,1,0,1,1,1,0.981696467924213
"19847","1250","Ec_N",331,47,47,"Ec",30,1,0,1,1,1,0.981696467924213
"19848","1250","Ec_N",331,48,48,"Ec",30,1,0,1,1,1,0.981696467924213
"19849","1250","Ec_N",331,49,49,"Ec",32,1,1,1,1,1,1
"19850","1250","Ec_N",331,50,50,"Ec",32,1,1,1,1,1,1
"19851","1250","Ec_N",331,51,51,"Ec",32,1,1,1,1,1,1
"19852","1250","Ec_N",331,52,52,"Ec",32,1,1,1,1,1,1
"19853","1250","Ec_N",331,53,53,"Ec",32,1,1,1,1,1,1
"19854","1250","Ec_N",331,54,54,"Ec",32,1,1,1,1,1,1
"19855","1250","Ec_N",331,55,55,"Ec",32,1,1,1,1,1,1
"19856","1250","Ec_N",331,56,56,"Ec",32,1,1,1,1,1,1
"19857","1250","Ec_N",331,57,57,"Ec",32,1,1,1,1,1,1
"19858","1250","Ec_N",331,58,58,"Ec",32,1,1,1,1,1,1
"19859","1250","Ec_N",331,59,59,"Ec",32,1,1,1,1,1,1
"19860","1250","Ec_N",331,60,60,"Ec",32,1,1,1,1,1,1
"19861","1250","Ec_N",332,1,1,"Ec",1,0,0,0,0,0,0
"19862","1250","Ec_N",332,2,2,"Ec",1,0,0,0,0,0,0
"19863","1250","Ec_N",332,3,3,"Ec",1,0,0,0,0,0,0
"19864","1250","Ec_N",332,4,4,"Ec",1,0,0,0,0,0,0
"19865","1250","Ec_N",332,5,5,"Ec",1,0,0,0,0,0,0
"19866","1250","Ec_N",332,6,6,"Ec",1,0,0,0,0,0,0
"19867","1250","Ec_N",332,7,7,"Ec",1,0,0,0,0,0,0
"19868","1250","Ec_N",332,8,8,"Ec",1,0,0,0,0,0,0
"19869","1250","Ec_N",332,9,9,"Ec",1,0,0,0,0,0,0
"19870","1250","Ec_N",332,10,10,"Ec",1,0,0,0,0,0,0
"19871","1250","Ec_N",332,11,11,"Ec",1,0,0,0,0,0,0
"19872","1250","Ec_N",332,12,12,"Ec",1,0,0,0,0,0,0
"19873","1250","Ec_N",332,13,13,"Ec",1,0,0,0,0,0,0
"19874","1250","Ec_N",332,14,14,"Ec",1,0,0,0,0,0,0
"19875","1250","Ec_N",332,15,15,"Ec",1,0,0,0,0,0,0
"19876","1250","Ec_N",332,16,16,"Ec",1,0,0,0,0,0,0
"19877","1250","Ec_N",332,17,17,"Ec",1,0,0,0,0,0,0
"19878","1250","Ec_N",332,18,18,"Ec",1,0,0,0,0,0,0
"19879","1250","Ec_N",332,19,19,"Ec",1,0,0,0,0,0,0
"19880","1250","Ec_N",332,20,20,"Ec",3,0,1,0,0,0,0.082650579415114
"19881","1250","Ec_N",332,21,21,"Ec",3,0,1,0,0,0,0.082650579415114
"19882","1250","Ec_N",332,22,22,"Ec",3,0,1,0,0,0,0.082650579415114
"19883","1250","Ec_N",332,23,23,"Ec",3,0,1,0,0,0,0.082650579415114
"19884","1250","Ec_N",332,24,24,"Ec",3,0,1,0,0,0,0.082650579415114
"19885","1250","Ec_N",332,25,25,"Ec",3,0,1,0,0,0,0.082650579415114
"19886","1250","Ec_N",332,26,26,"Ec",3,0,1,0,0,0,0.082650579415114
"19887","1250","Ec_N",332,27,27,"Ec",3,0,1,0,0,0,0.082650579415114
"19888","1250","Ec_N",332,28,28,"Ec",3,0,1,0,0,0,0.082650579415114
"19889","1250","Ec_N",332,29,29,"Ec",3,0,1,0,0,0,0.082650579415114
"19890","1250","Ec_N",332,30,30,"Ec",3,0,1,0,0,0,0.082650579415114
"19891","1250","Ec_N",332,31,31,"Ec",3,0,1,0,0,0,0.082650579415114
"19892","1250","Ec_N",332,32,32,"Ec",3,0,1,0,0,0,0.082650579415114
"19893","1250","Ec_N",332,33,33,"Ec",3,0,1,0,0,0,0.082650579415114
"19894","1250","Ec_N",332,34,34,"Ec",3,0,1,0,0,0,0.082650579415114
"19895","1250","Ec_N",332,35,35,"Ec",3,0,1,0,0,0,0.082650579415114
"19896","1250","Ec_N",332,36,36,"Ec",7,0,1,1,0,0,0.314714071177838
"19897","1250","Ec_N",332,37,37,"Ec",7,0,1,1,0,0,0.314714071177838
"19898","1250","Ec_N",332,38,38,"Ec",7,0,1,1,0,0,0.314714071177838
"19899","1250","Ec_N",332,39,39,"Ec",7,0,1,1,0,0,0.314714071177838
"19900","1250","Ec_N",332,40,40,"Ec",7,0,1,1,0,0,0.314714071177838
"19901","1250","Ec_N",332,41,41,"Ec",7,0,1,1,0,0,0.314714071177838
"19902","1250","Ec_N",332,42,42,"Ec",7,0,1,1,0,0,0.314714071177838
"19903","1250","Ec_N",332,43,43,"Ec",7,0,1,1,0,0,0.314714071177838
"19904","1250","Ec_N",332,44,44,"Ec",7,0,1,1,0,0,0.314714071177838
"19905","1250","Ec_N",332,45,45,"Ec",8,1,1,1,0,0,0.440600849145421
"19906","1250","Ec_N",332,46,46,"Ec",8,1,1,1,0,0,0.440600849145421
"19907","1250","Ec_N",332,47,47,"Ec",8,1,1,1,0,0,0.440600849145421
"19908","1250","Ec_N",332,48,48,"Ec",8,1,1,1,0,0,0.440600849145421
"19909","1250","Ec_N",332,49,49,"Ec",8,1,1,1,0,0,0.440600849145421
"19910","1250","Ec_N",332,50,50,"Ec",8,1,1,1,0,0,0.440600849145421
"19911","1250","Ec_N",332,51,51,"Ec",8,1,1,1,0,0,0.440600849145421
"19912","1250","Ec_N",332,52,52,"Ec",8,1,1,1,0,0,0.440600849145421
"19913","1250","Ec_N",332,53,53,"Ec",8,1,1,1,0,0,0.440600849145421
"19914","1250","Ec_N",332,54,54,"Ec",8,1,1,1,0,0,0.440600849145421
"19915","1250","Ec_N",332,55,55,"Ec",8,1,1,1,0,0,0.440600849145421
"19916","1250","Ec_N",332,56,56,"Ec",8,1,1,1,0,0,0.440600849145421
"19917","1250","Ec_N",332,57,57,"Ec",24,1,1,1,0,1,0.732254349958425
"19918","1250","Ec_N",332,58,58,"Ec",24,1,1,1,0,1,0.732254349958425
"19919","1250","Ec_N",332,59,59,"Ec",24,1,1,1,0,1,0.732254349958425
"19920","1250","Ec_N",332,60,60,"Ec",24,1,1,1,0,1,0.732254349958425
"19921","1250","Ec_N",333,1,1,"Ec",1,0,0,0,0,0,0
"19922","1250","Ec_N",333,2,2,"Ec",9,0,0,0,1,0,0.267745650041575
"19923","1250","Ec_N",333,3,3,"Ec",9,0,0,0,1,0,0.267745650041575
"19924","1250","Ec_N",333,4,4,"Ec",9,0,0,0,1,0,0.267745650041575
"19925","1250","Ec_N",333,5,5,"Ec",13,0,0,1,1,0,0.499809141804299
"19926","1250","Ec_N",333,6,6,"Ec",13,0,0,1,1,0,0.499809141804299
"19927","1250","Ec_N",333,7,7,"Ec",13,0,0,1,1,0,0.499809141804299
"19928","1250","Ec_N",333,8,8,"Ec",13,0,0,1,1,0,0.499809141804299
"19929","1250","Ec_N",333,9,9,"Ec",13,0,0,1,1,0,0.499809141804299
"19930","1250","Ec_N",333,10,10,"Ec",13,0,0,1,1,0,0.499809141804299
"19931","1250","Ec_N",333,11,11,"Ec",13,0,0,1,1,0,0.499809141804299
"19932","1250","Ec_N",333,12,12,"Ec",29,0,0,1,1,1,0.696336766125118
"19933","1250","Ec_N",333,13,13,"Ec",29,0,0,1,1,1,0.696336766125118
"19934","1250","Ec_N",333,14,14,"Ec",29,0,0,1,1,1,0.696336766125118
"19935","1250","Ec_N",333,15,15,"Ec",29,0,0,1,1,1,0.696336766125118
"19936","1250","Ec_N",333,16,16,"Ec",29,0,0,1,1,1,0.696336766125118
"19937","1250","Ec_N",333,17,17,"Ec",29,0,0,1,1,1,0.696336766125118
"19938","1250","Ec_N",333,18,18,"Ec",29,0,0,1,1,1,0.696336766125118
"19939","1250","Ec_N",333,19,19,"Ec",29,0,0,1,1,1,0.696336766125118
"19940","1250","Ec_N",333,20,20,"Ec",30,1,0,1,1,1,0.981696467924213
"19941","1250","Ec_N",333,21,21,"Ec",30,1,0,1,1,1,0.981696467924213
"19942","1250","Ec_N",333,22,22,"Ec",30,1,0,1,1,1,0.981696467924213
"19943","1250","Ec_N",333,23,23,"Ec",30,1,0,1,1,1,0.981696467924213
"19944","1250","Ec_N",333,24,24,"Ec",30,1,0,1,1,1,0.981696467924213
"19945","1250","Ec_N",333,25,25,"Ec",30,1,0,1,1,1,0.981696467924213
"19946","1250","Ec_N",333,26,26,"Ec",30,1,0,1,1,1,0.981696467924213
"19947","1250","Ec_N",333,27,27,"Ec",30,1,0,1,1,1,0.981696467924213
"19948","1250","Ec_N",333,28,28,"Ec",30,1,0,1,1,1,0.981696467924213
"19949","1250","Ec_N",333,29,29,"Ec",30,1,0,1,1,1,0.981696467924213
"19950","1250","Ec_N",333,30,30,"Ec",30,1,0,1,1,1,0.981696467924213
"19951","1250","Ec_N",333,31,31,"Ec",30,1,0,1,1,1,0.981696467924213
"19952","1250","Ec_N",333,32,32,"Ec",30,1,0,1,1,1,0.981696467924213
"19953","1250","Ec_N",333,33,33,"Ec",30,1,0,1,1,1,0.981696467924213
"19954","1250","Ec_N",333,34,34,"Ec",30,1,0,1,1,1,0.981696467924213
"19955","1250","Ec_N",333,35,35,"Ec",30,1,0,1,1,1,0.981696467924213
"19956","1250","Ec_N",333,36,36,"Ec",30,1,0,1,1,1,0.981696467924213
"19957","1250","Ec_N",333,37,37,"Ec",30,1,0,1,1,1,0.981696467924213
"19958","1250","Ec_N",333,38,38,"Ec",30,1,0,1,1,1,0.981696467924213
"19959","1250","Ec_N",333,39,39,"Ec",30,1,0,1,1,1,0.981696467924213
"19960","1250","Ec_N",333,40,40,"Ec",30,1,0,1,1,1,0.981696467924213
"19961","1250","Ec_N",333,41,41,"Ec",30,1,0,1,1,1,0.981696467924213
"19962","1250","Ec_N",333,42,42,"Ec",30,1,0,1,1,1,0.981696467924213
"19963","1250","Ec_N",333,43,43,"Ec",30,1,0,1,1,1,0.981696467924213
"19964","1250","Ec_N",333,44,44,"Ec",30,1,0,1,1,1,0.981696467924213
"19965","1250","Ec_N",333,45,45,"Ec",30,1,0,1,1,1,0.981696467924213
"19966","1250","Ec_N",333,46,46,"Ec",30,1,0,1,1,1,0.981696467924213
"19967","1250","Ec_N",333,47,47,"Ec",30,1,0,1,1,1,0.981696467924213
"19968","1250","Ec_N",333,48,48,"Ec",30,1,0,1,1,1,0.981696467924213
"19969","1250","Ec_N",333,49,49,"Ec",30,1,0,1,1,1,0.981696467924213
"19970","1250","Ec_N",333,50,50,"Ec",30,1,0,1,1,1,0.981696467924213
"19971","1250","Ec_N",333,51,51,"Ec",30,1,0,1,1,1,0.981696467924213
"19972","1250","Ec_N",333,52,52,"Ec",30,1,0,1,1,1,0.981696467924213
"19973","1250","Ec_N",333,53,53,"Ec",32,1,1,1,1,1,1
"19974","1250","Ec_N",333,54,54,"Ec",32,1,1,1,1,1,1
"19975","1250","Ec_N",333,55,55,"Ec",32,1,1,1,1,1,1
"19976","1250","Ec_N",333,56,56,"Ec",32,1,1,1,1,1,1
"19977","1250","Ec_N",333,57,57,"Ec",32,1,1,1,1,1,1
"19978","1250","Ec_N",333,58,58,"Ec",32,1,1,1,1,1,1
"19979","1250","Ec_N",333,59,59,"Ec",32,1,1,1,1,1,1
"19980","1250","Ec_N",333,60,60,"Ec",32,1,1,1,1,1,1
"19981","1250","Ec_N",334,1,1,"Ec",1,0,0,0,0,0,0
"19982","1250","Ec_N",334,2,2,"Ec",5,0,0,1,0,0,0.232063491762724
"19983","1250","Ec_N",334,3,3,"Ec",13,0,0,1,1,0,0.499809141804299
"19984","1250","Ec_N",334,4,4,"Ec",13,0,0,1,1,0,0.499809141804299
"19985","1250","Ec_N",334,5,5,"Ec",13,0,0,1,1,0,0.499809141804299
"19986","1250","Ec_N",334,6,6,"Ec",13,0,0,1,1,0,0.499809141804299
"19987","1250","Ec_N",334,7,7,"Ec",13,0,0,1,1,0,0.499809141804299
"19988","1250","Ec_N",334,8,8,"Ec",13,0,0,1,1,0,0.499809141804299
"19989","1250","Ec_N",334,9,9,"Ec",29,0,0,1,1,1,0.696336766125118
"19990","1250","Ec_N",334,10,10,"Ec",29,0,0,1,1,1,0.696336766125118
"19991","1250","Ec_N",334,11,11,"Ec",29,0,0,1,1,1,0.696336766125118
"19992","1250","Ec_N",334,12,12,"Ec",29,0,0,1,1,1,0.696336766125118
"19993","1250","Ec_N",334,13,13,"Ec",29,0,0,1,1,1,0.696336766125118
"19994","1250","Ec_N",334,14,14,"Ec",29,0,0,1,1,1,0.696336766125118
"19995","1250","Ec_N",334,15,15,"Ec",29,0,0,1,1,1,0.696336766125118
"19996","1250","Ec_N",334,16,16,"Ec",29,0,0,1,1,1,0.696336766125118
"19997","1250","Ec_N",334,17,17,"Ec",29,0,0,1,1,1,0.696336766125118
"19998","1250","Ec_N",334,18,18,"Ec",29,0,0,1,1,1,0.696336766125118
"19999","1250","Ec_N",334,19,19,"Ec",29,0,0,1,1,1,0.696336766125118
"20000","1250","Ec_N",334,20,20,"Ec",29,0,0,1,1,1,0.696336766125118
"20001","1250","Ec_N",334,21,21,"Ec",31,0,1,1,1,1,0.778987345540232
"20002","1250","Ec_N",334,22,22,"Ec",31,0,1,1,1,1,0.778987345540232
"20003","1250","Ec_N",334,23,23,"Ec",31,0,1,1,1,1,0.778987345540232
"20004","1250","Ec_N",334,24,24,"Ec",31,0,1,1,1,1,0.778987345540232
"20005","1250","Ec_N",334,25,25,"Ec",31,0,1,1,1,1,0.778987345540232
"20006","1250","Ec_N",334,26,26,"Ec",31,0,1,1,1,1,0.778987345540232
"20007","1250","Ec_N",334,27,27,"Ec",31,0,1,1,1,1,0.778987345540232
"20008","1250","Ec_N",334,28,28,"Ec",31,0,1,1,1,1,0.778987345540232
"20009","1250","Ec_N",334,29,29,"Ec",31,0,1,1,1,1,0.778987345540232
"20010","1250","Ec_N",334,30,30,"Ec",31,0,1,1,1,1,0.778987345540232
"20011","1250","Ec_N",334,31,31,"Ec",31,0,1,1,1,1,0.778987345540232
"20012","1250","Ec_N",334,32,32,"Ec",31,0,1,1,1,1,0.778987345540232
"20013","1250","Ec_N",334,33,33,"Ec",31,0,1,1,1,1,0.778987345540232
"20014","1250","Ec_N",334,34,34,"Ec",31,0,1,1,1,1,0.778987345540232
"20015","1250","Ec_N",334,35,35,"Ec",31,0,1,1,1,1,0.778987345540232
"20016","1250","Ec_N",334,36,36,"Ec",31,0,1,1,1,1,0.778987345540232
"20017","1250","Ec_N",334,37,37,"Ec",31,0,1,1,1,1,0.778987345540232
"20018","1250","Ec_N",334,38,38,"Ec",31,0,1,1,1,1,0.778987345540232
"20019","1250","Ec_N",334,39,39,"Ec",31,0,1,1,1,1,0.778987345540232
"20020","1250","Ec_N",334,40,40,"Ec",31,0,1,1,1,1,0.778987345540232
"20021","1250","Ec_N",334,41,41,"Ec",31,0,1,1,1,1,0.778987345540232
"20022","1250","Ec_N",334,42,42,"Ec",31,0,1,1,1,1,0.778987345540232
"20023","1250","Ec_N",334,43,43,"Ec",31,0,1,1,1,1,0.778987345540232
"20024","1250","Ec_N",334,44,44,"Ec",31,0,1,1,1,1,0.778987345540232
"20025","1250","Ec_N",334,45,45,"Ec",31,0,1,1,1,1,0.778987345540232
"20026","1250","Ec_N",334,46,46,"Ec",31,0,1,1,1,1,0.778987345540232
"20027","1250","Ec_N",334,47,47,"Ec",31,0,1,1,1,1,0.778987345540232
"20028","1250","Ec_N",334,48,48,"Ec",31,0,1,1,1,1,0.778987345540232
"20029","1250","Ec_N",334,49,49,"Ec",31,0,1,1,1,1,0.778987345540232
"20030","1250","Ec_N",334,50,50,"Ec",31,0,1,1,1,1,0.778987345540232
"20031","1250","Ec_N",334,51,51,"Ec",31,0,1,1,1,1,0.778987345540232
"20032","1250","Ec_N",334,52,52,"Ec",31,0,1,1,1,1,0.778987345540232
"20033","1250","Ec_N",334,53,53,"Ec",31,0,1,1,1,1,0.778987345540232
"20034","1250","Ec_N",334,54,54,"Ec",31,0,1,1,1,1,0.778987345540232
"20035","1250","Ec_N",334,55,55,"Ec",31,0,1,1,1,1,0.778987345540232
"20036","1250","Ec_N",334,56,56,"Ec",31,0,1,1,1,1,0.778987345540232
"20037","1250","Ec_N",334,57,57,"Ec",31,0,1,1,1,1,0.778987345540232
"20038","1250","Ec_N",334,58,58,"Ec",31,0,1,1,1,1,0.778987345540232
"20039","1250","Ec_N",334,59,59,"Ec",31,0,1,1,1,1,0.778987345540232
"20040","1250","Ec_N",334,60,60,"Ec",31,0,1,1,1,1,0.778987345540232
"20041","1250","Ec_N",335,1,1,"Ec",1,0,0,0,0,0,0
"20042","1250","Ec_N",335,2,2,"Ec",1,0,0,0,0,0,0
"20043","1250","Ec_N",335,3,3,"Ec",1,0,0,0,0,0,0
"20044","1250","Ec_N",335,4,4,"Ec",5,0,0,1,0,0,0.232063491762724
"20045","1250","Ec_N",335,5,5,"Ec",5,0,0,1,0,0,0.232063491762724
"20046","1250","Ec_N",335,6,6,"Ec",5,0,0,1,0,0,0.232063491762724
"20047","1250","Ec_N",335,7,7,"Ec",5,0,0,1,0,0,0.232063491762724
"20048","1250","Ec_N",335,8,8,"Ec",5,0,0,1,0,0,0.232063491762724
"20049","1250","Ec_N",335,9,9,"Ec",5,0,0,1,0,0,0.232063491762724
"20050","1250","Ec_N",335,10,10,"Ec",5,0,0,1,0,0,0.232063491762724
"20051","1250","Ec_N",335,11,11,"Ec",21,0,0,1,0,1,0.428591116083543
"20052","1250","Ec_N",335,12,12,"Ec",21,0,0,1,0,1,0.428591116083543
"20053","1250","Ec_N",335,13,13,"Ec",21,0,0,1,0,1,0.428591116083543
"20054","1250","Ec_N",335,14,14,"Ec",22,1,0,1,0,1,0.649603770543311
"20055","1250","Ec_N",335,15,15,"Ec",30,1,0,1,1,1,0.981696467924213
"20056","1250","Ec_N",335,16,16,"Ec",30,1,0,1,1,1,0.981696467924213
"20057","1250","Ec_N",335,17,17,"Ec",30,1,0,1,1,1,0.981696467924213
"20058","1250","Ec_N",335,18,18,"Ec",30,1,0,1,1,1,0.981696467924213
"20059","1250","Ec_N",335,19,19,"Ec",30,1,0,1,1,1,0.981696467924213
"20060","1250","Ec_N",335,20,20,"Ec",30,1,0,1,1,1,0.981696467924213
"20061","1250","Ec_N",335,21,21,"Ec",30,1,0,1,1,1,0.981696467924213
"20062","1250","Ec_N",335,22,22,"Ec",30,1,0,1,1,1,0.981696467924213
"20063","1250","Ec_N",335,23,23,"Ec",30,1,0,1,1,1,0.981696467924213
"20064","1250","Ec_N",335,24,24,"Ec",30,1,0,1,1,1,0.981696467924213
"20065","1250","Ec_N",335,25,25,"Ec",30,1,0,1,1,1,0.981696467924213
"20066","1250","Ec_N",335,26,26,"Ec",30,1,0,1,1,1,0.981696467924213
"20067","1250","Ec_N",335,27,27,"Ec",30,1,0,1,1,1,0.981696467924213
"20068","1250","Ec_N",335,28,28,"Ec",30,1,0,1,1,1,0.981696467924213
"20069","1250","Ec_N",335,29,29,"Ec",30,1,0,1,1,1,0.981696467924213
"20070","1250","Ec_N",335,30,30,"Ec",30,1,0,1,1,1,0.981696467924213
"20071","1250","Ec_N",335,31,31,"Ec",30,1,0,1,1,1,0.981696467924213
"20072","1250","Ec_N",335,32,32,"Ec",30,1,0,1,1,1,0.981696467924213
"20073","1250","Ec_N",335,33,33,"Ec",30,1,0,1,1,1,0.981696467924213
"20074","1250","Ec_N",335,34,34,"Ec",30,1,0,1,1,1,0.981696467924213
"20075","1250","Ec_N",335,35,35,"Ec",30,1,0,1,1,1,0.981696467924213
"20076","1250","Ec_N",335,36,36,"Ec",30,1,0,1,1,1,0.981696467924213
"20077","1250","Ec_N",335,37,37,"Ec",30,1,0,1,1,1,0.981696467924213
"20078","1250","Ec_N",335,38,38,"Ec",30,1,0,1,1,1,0.981696467924213
"20079","1250","Ec_N",335,39,39,"Ec",30,1,0,1,1,1,0.981696467924213
"20080","1250","Ec_N",335,40,40,"Ec",30,1,0,1,1,1,0.981696467924213
"20081","1250","Ec_N",335,41,41,"Ec",30,1,0,1,1,1,0.981696467924213
"20082","1250","Ec_N",335,42,42,"Ec",30,1,0,1,1,1,0.981696467924213
"20083","1250","Ec_N",335,43,43,"Ec",30,1,0,1,1,1,0.981696467924213
"20084","1250","Ec_N",335,44,44,"Ec",30,1,0,1,1,1,0.981696467924213
"20085","1250","Ec_N",335,45,45,"Ec",30,1,0,1,1,1,0.981696467924213
"20086","1250","Ec_N",335,46,46,"Ec",30,1,0,1,1,1,0.981696467924213
"20087","1250","Ec_N",335,47,47,"Ec",30,1,0,1,1,1,0.981696467924213
"20088","1250","Ec_N",335,48,48,"Ec",30,1,0,1,1,1,0.981696467924213
"20089","1250","Ec_N",335,49,49,"Ec",30,1,0,1,1,1,0.981696467924213
"20090","1250","Ec_N",335,50,50,"Ec",30,1,0,1,1,1,0.981696467924213
"20091","1250","Ec_N",335,51,51,"Ec",30,1,0,1,1,1,0.981696467924213
"20092","1250","Ec_N",335,52,52,"Ec",30,1,0,1,1,1,0.981696467924213
"20093","1250","Ec_N",335,53,53,"Ec",30,1,0,1,1,1,0.981696467924213
"20094","1250","Ec_N",335,54,54,"Ec",30,1,0,1,1,1,0.981696467924213
"20095","1250","Ec_N",335,55,55,"Ec",30,1,0,1,1,1,0.981696467924213
"20096","1250","Ec_N",335,56,56,"Ec",30,1,0,1,1,1,0.981696467924213
"20097","1250","Ec_N",335,57,57,"Ec",30,1,0,1,1,1,0.981696467924213
"20098","1250","Ec_N",335,58,58,"Ec",30,1,0,1,1,1,0.981696467924213
"20099","1250","Ec_N",335,59,59,"Ec",30,1,0,1,1,1,0.981696467924213
"20100","1250","Ec_N",335,60,60,"Ec",30,1,0,1,1,1,0.981696467924213
"20101","1250","Ec_N",336,1,1,"Ec",1,0,0,0,0,0,0
"20102","1250","Ec_N",336,2,2,"Ec",1,0,0,0,0,0,0
"20103","1250","Ec_N",336,3,3,"Ec",2,1,0,0,0,0,0.221012654459768
"20104","1250","Ec_N",336,4,4,"Ec",2,1,0,0,0,0,0.221012654459768
"20105","1250","Ec_N",336,5,5,"Ec",4,1,1,0,0,0,0.303663233874882
"20106","1250","Ec_N",336,6,6,"Ec",4,1,1,0,0,0,0.303663233874882
"20107","1250","Ec_N",336,7,7,"Ec",4,1,1,0,0,0,0.303663233874882
"20108","1250","Ec_N",336,8,8,"Ec",4,1,1,0,0,0,0.303663233874882
"20109","1250","Ec_N",336,9,9,"Ec",4,1,1,0,0,0,0.303663233874882
"20110","1250","Ec_N",336,10,10,"Ec",8,1,1,1,0,0,0.440600849145421
"20111","1250","Ec_N",336,11,11,"Ec",8,1,1,1,0,0,0.440600849145421
"20112","1250","Ec_N",336,12,12,"Ec",8,1,1,1,0,0,0.440600849145421
"20113","1250","Ec_N",336,13,13,"Ec",8,1,1,1,0,0,0.440600849145421
"20114","1250","Ec_N",336,14,14,"Ec",8,1,1,1,0,0,0.440600849145421
"20115","1250","Ec_N",336,15,15,"Ec",8,1,1,1,0,0,0.440600849145421
"20116","1250","Ec_N",336,16,16,"Ec",8,1,1,1,0,0,0.440600849145421
"20117","1250","Ec_N",336,17,17,"Ec",16,1,1,1,1,0,0.879284144928883
"20118","1250","Ec_N",336,18,18,"Ec",16,1,1,1,1,0,0.879284144928883
"20119","1250","Ec_N",336,19,19,"Ec",16,1,1,1,1,0,0.879284144928883
"20120","1250","Ec_N",336,20,20,"Ec",16,1,1,1,1,0,0.879284144928883
"20121","1250","Ec_N",336,21,21,"Ec",16,1,1,1,1,0,0.879284144928883
"20122","1250","Ec_N",336,22,22,"Ec",16,1,1,1,1,0,0.879284144928883
"20123","1250","Ec_N",336,23,23,"Ec",16,1,1,1,1,0,0.879284144928883
"20124","1250","Ec_N",336,24,24,"Ec",16,1,1,1,1,0,0.879284144928883
"20125","1250","Ec_N",336,25,25,"Ec",16,1,1,1,1,0,0.879284144928883
"20126","1250","Ec_N",336,26,26,"Ec",16,1,1,1,1,0,0.879284144928883
"20127","1250","Ec_N",336,27,27,"Ec",16,1,1,1,1,0,0.879284144928883
"20128","1250","Ec_N",336,28,28,"Ec",16,1,1,1,1,0,0.879284144928883
"20129","1250","Ec_N",336,29,29,"Ec",16,1,1,1,1,0,0.879284144928883
"20130","1250","Ec_N",336,30,30,"Ec",16,1,1,1,1,0,0.879284144928883
"20131","1250","Ec_N",336,31,31,"Ec",32,1,1,1,1,1,1
"20132","1250","Ec_N",336,32,32,"Ec",32,1,1,1,1,1,1
"20133","1250","Ec_N",336,33,33,"Ec",32,1,1,1,1,1,1
"20134","1250","Ec_N",336,34,34,"Ec",32,1,1,1,1,1,1
"20135","1250","Ec_N",336,35,35,"Ec",32,1,1,1,1,1,1
"20136","1250","Ec_N",336,36,36,"Ec",32,1,1,1,1,1,1
"20137","1250","Ec_N",336,37,37,"Ec",32,1,1,1,1,1,1
"20138","1250","Ec_N",336,38,38,"Ec",32,1,1,1,1,1,1
"20139","1250","Ec_N",336,39,39,"Ec",32,1,1,1,1,1,1
"20140","1250","Ec_N",336,40,40,"Ec",32,1,1,1,1,1,1
"20141","1250","Ec_N",336,41,41,"Ec",32,1,1,1,1,1,1
"20142","1250","Ec_N",336,42,42,"Ec",32,1,1,1,1,1,1
"20143","1250","Ec_N",336,43,43,"Ec",32,1,1,1,1,1,1
"20144","1250","Ec_N",336,44,44,"Ec",32,1,1,1,1,1,1
"20145","1250","Ec_N",336,45,45,"Ec",32,1,1,1,1,1,1
"20146","1250","Ec_N",336,46,46,"Ec",32,1,1,1,1,1,1
"20147","1250","Ec_N",336,47,47,"Ec",32,1,1,1,1,1,1
"20148","1250","Ec_N",336,48,48,"Ec",32,1,1,1,1,1,1
"20149","1250","Ec_N",336,49,49,"Ec",32,1,1,1,1,1,1
"20150","1250","Ec_N",336,50,50,"Ec",32,1,1,1,1,1,1
"20151","1250","Ec_N",336,51,51,"Ec",32,1,1,1,1,1,1
"20152","1250","Ec_N",336,52,52,"Ec",32,1,1,1,1,1,1
"20153","1250","Ec_N",336,53,53,"Ec",32,1,1,1,1,1,1
"20154","1250","Ec_N",336,54,54,"Ec",32,1,1,1,1,1,1
"20155","1250","Ec_N",336,55,55,"Ec",32,1,1,1,1,1,1
"20156","1250","Ec_N",336,56,56,"Ec",32,1,1,1,1,1,1
"20157","1250","Ec_N",336,57,57,"Ec",32,1,1,1,1,1,1
"20158","1250","Ec_N",336,58,58,"Ec",32,1,1,1,1,1,1
"20159","1250","Ec_N",336,59,59,"Ec",32,1,1,1,1,1,1
"20160","1250","Ec_N",336,60,60,"Ec",32,1,1,1,1,1,1
"20161","1250","Ec_N",337,1,1,"Ec",1,0,0,0,0,0,0
"20162","1250","Ec_N",337,2,2,"Ec",1,0,0,0,0,0,0
"20163","1250","Ec_N",337,3,3,"Ec",1,0,0,0,0,0,0
"20164","1250","Ec_N",337,4,4,"Ec",1,0,0,0,0,0,0
"20165","1250","Ec_N",337,5,5,"Ec",1,0,0,0,0,0,0
"20166","1250","Ec_N",337,6,6,"Ec",5,0,0,1,0,0,0.232063491762724
"20167","1250","Ec_N",337,7,7,"Ec",6,1,0,1,0,0,0.453076146222492
"20168","1250","Ec_N",337,8,8,"Ec",14,1,0,1,1,0,0.720821796264067
"20169","1250","Ec_N",337,9,9,"Ec",14,1,0,1,1,0,0.720821796264067
"20170","1250","Ec_N",337,10,10,"Ec",14,1,0,1,1,0,0.720821796264067
"20171","1250","Ec_N",337,11,11,"Ec",14,1,0,1,1,0,0.720821796264067
"20172","1250","Ec_N",337,12,12,"Ec",14,1,0,1,1,0,0.720821796264067
"20173","1250","Ec_N",337,13,13,"Ec",14,1,0,1,1,0,0.720821796264067
"20174","1250","Ec_N",337,14,14,"Ec",14,1,0,1,1,0,0.720821796264067
"20175","1250","Ec_N",337,15,15,"Ec",16,1,1,1,1,0,0.879284144928883
"20176","1250","Ec_N",337,16,16,"Ec",16,1,1,1,1,0,0.879284144928883
"20177","1250","Ec_N",337,17,17,"Ec",16,1,1,1,1,0,0.879284144928883
"20178","1250","Ec_N",337,18,18,"Ec",16,1,1,1,1,0,0.879284144928883
"20179","1250","Ec_N",337,19,19,"Ec",16,1,1,1,1,0,0.879284144928883
"20180","1250","Ec_N",337,20,20,"Ec",16,1,1,1,1,0,0.879284144928883
"20181","1250","Ec_N",337,21,21,"Ec",16,1,1,1,1,0,0.879284144928883
"20182","1250","Ec_N",337,22,22,"Ec",16,1,1,1,1,0,0.879284144928883
"20183","1250","Ec_N",337,23,23,"Ec",16,1,1,1,1,0,0.879284144928883
"20184","1250","Ec_N",337,24,24,"Ec",16,1,1,1,1,0,0.879284144928883
"20185","1250","Ec_N",337,25,25,"Ec",16,1,1,1,1,0,0.879284144928883
"20186","1250","Ec_N",337,26,26,"Ec",16,1,1,1,1,0,0.879284144928883
"20187","1250","Ec_N",337,27,27,"Ec",16,1,1,1,1,0,0.879284144928883
"20188","1250","Ec_N",337,28,28,"Ec",16,1,1,1,1,0,0.879284144928883
"20189","1250","Ec_N",337,29,29,"Ec",16,1,1,1,1,0,0.879284144928883
"20190","1250","Ec_N",337,30,30,"Ec",16,1,1,1,1,0,0.879284144928883
"20191","1250","Ec_N",337,31,31,"Ec",16,1,1,1,1,0,0.879284144928883
"20192","1250","Ec_N",337,32,32,"Ec",16,1,1,1,1,0,0.879284144928883
"20193","1250","Ec_N",337,33,33,"Ec",32,1,1,1,1,1,1
"20194","1250","Ec_N",337,34,34,"Ec",32,1,1,1,1,1,1
"20195","1250","Ec_N",337,35,35,"Ec",32,1,1,1,1,1,1
"20196","1250","Ec_N",337,36,36,"Ec",32,1,1,1,1,1,1
"20197","1250","Ec_N",337,37,37,"Ec",32,1,1,1,1,1,1
"20198","1250","Ec_N",337,38,38,"Ec",32,1,1,1,1,1,1
"20199","1250","Ec_N",337,39,39,"Ec",32,1,1,1,1,1,1
"20200","1250","Ec_N",337,40,40,"Ec",32,1,1,1,1,1,1
"20201","1250","Ec_N",337,41,41,"Ec",32,1,1,1,1,1,1
"20202","1250","Ec_N",337,42,42,"Ec",32,1,1,1,1,1,1
"20203","1250","Ec_N",337,43,43,"Ec",32,1,1,1,1,1,1
"20204","1250","Ec_N",337,44,44,"Ec",32,1,1,1,1,1,1
"20205","1250","Ec_N",337,45,45,"Ec",32,1,1,1,1,1,1
"20206","1250","Ec_N",337,46,46,"Ec",32,1,1,1,1,1,1
"20207","1250","Ec_N",337,47,47,"Ec",32,1,1,1,1,1,1
"20208","1250","Ec_N",337,48,48,"Ec",32,1,1,1,1,1,1
"20209","1250","Ec_N",337,49,49,"Ec",32,1,1,1,1,1,1
"20210","1250","Ec_N",337,50,50,"Ec",32,1,1,1,1,1,1
"20211","1250","Ec_N",337,51,51,"Ec",32,1,1,1,1,1,1
"20212","1250","Ec_N",337,52,52,"Ec",32,1,1,1,1,1,1
"20213","1250","Ec_N",337,53,53,"Ec",32,1,1,1,1,1,1
"20214","1250","Ec_N",337,54,54,"Ec",32,1,1,1,1,1,1
"20215","1250","Ec_N",337,55,55,"Ec",32,1,1,1,1,1,1
"20216","1250","Ec_N",337,56,56,"Ec",32,1,1,1,1,1,1
"20217","1250","Ec_N",337,57,57,"Ec",32,1,1,1,1,1,1
"20218","1250","Ec_N",337,58,58,"Ec",32,1,1,1,1,1,1
"20219","1250","Ec_N",337,59,59,"Ec",32,1,1,1,1,1,1
"20220","1250","Ec_N",337,60,60,"Ec",32,1,1,1,1,1,1
"20221","1250","Ec_N",338,1,1,"Ec",1,0,0,0,0,0,0
"20222","1250","Ec_N",338,2,2,"Ec",1,0,0,0,0,0,0
"20223","1250","Ec_N",338,3,3,"Ec",1,0,0,0,0,0,0
"20224","1250","Ec_N",338,4,4,"Ec",1,0,0,0,0,0,0
"20225","1250","Ec_N",338,5,5,"Ec",1,0,0,0,0,0,0
"20226","1250","Ec_N",338,6,6,"Ec",3,0,1,0,0,0,0.082650579415114
"20227","1250","Ec_N",338,7,7,"Ec",3,0,1,0,0,0,0.082650579415114
"20228","1250","Ec_N",338,8,8,"Ec",3,0,1,0,0,0,0.082650579415114
"20229","1250","Ec_N",338,9,9,"Ec",3,0,1,0,0,0,0.082650579415114
"20230","1250","Ec_N",338,10,10,"Ec",3,0,1,0,0,0,0.082650579415114
"20231","1250","Ec_N",338,11,11,"Ec",3,0,1,0,0,0,0.082650579415114
"20232","1250","Ec_N",338,12,12,"Ec",11,0,1,0,1,0,0.168832555215222
"20233","1250","Ec_N",338,13,13,"Ec",11,0,1,0,1,0,0.168832555215222
"20234","1250","Ec_N",338,14,14,"Ec",11,0,1,0,1,0,0.168832555215222
"20235","1250","Ec_N",338,15,15,"Ec",11,0,1,0,1,0,0.168832555215222
"20236","1250","Ec_N",338,16,16,"Ec",11,0,1,0,1,0,0.168832555215222
"20237","1250","Ec_N",338,17,17,"Ec",11,0,1,0,1,0,0.168832555215222
"20238","1250","Ec_N",338,18,18,"Ec",11,0,1,0,1,0,0.168832555215222
"20239","1250","Ec_N",338,19,19,"Ec",9,0,0,0,1,0,0.267745650041575
"20240","1250","Ec_N",338,20,20,"Ec",9,0,0,0,1,0,0.267745650041575
"20241","1250","Ec_N",338,21,21,"Ec",13,0,0,1,1,0,0.499809141804299
"20242","1250","Ec_N",338,22,22,"Ec",13,0,0,1,1,0,0.499809141804299
"20243","1250","Ec_N",338,23,23,"Ec",13,0,0,1,1,0,0.499809141804299
"20244","1250","Ec_N",338,24,24,"Ec",13,0,0,1,1,0,0.499809141804299
"20245","1250","Ec_N",338,25,25,"Ec",13,0,0,1,1,0,0.499809141804299
"20246","1250","Ec_N",338,26,26,"Ec",13,0,0,1,1,0,0.499809141804299
"20247","1250","Ec_N",338,27,27,"Ec",13,0,0,1,1,0,0.499809141804299
"20248","1250","Ec_N",338,28,28,"Ec",13,0,0,1,1,0,0.499809141804299
"20249","1250","Ec_N",338,29,29,"Ec",13,0,0,1,1,0,0.499809141804299
"20250","1250","Ec_N",338,30,30,"Ec",14,1,0,1,1,0,0.720821796264067
"20251","1250","Ec_N",338,31,31,"Ec",14,1,0,1,1,0,0.720821796264067
"20252","1250","Ec_N",338,32,32,"Ec",14,1,0,1,1,0,0.720821796264067
"20253","1250","Ec_N",338,33,33,"Ec",14,1,0,1,1,0,0.720821796264067
"20254","1250","Ec_N",338,34,34,"Ec",14,1,0,1,1,0,0.720821796264067
"20255","1250","Ec_N",338,35,35,"Ec",14,1,0,1,1,0,0.720821796264067
"20256","1250","Ec_N",338,36,36,"Ec",14,1,0,1,1,0,0.720821796264067
"20257","1250","Ec_N",338,37,37,"Ec",14,1,0,1,1,0,0.720821796264067
"20258","1250","Ec_N",338,38,38,"Ec",14,1,0,1,1,0,0.720821796264067
"20259","1250","Ec_N",338,39,39,"Ec",16,1,1,1,1,0,0.879284144928883
"20260","1250","Ec_N",338,40,40,"Ec",16,1,1,1,1,0,0.879284144928883
"20261","1250","Ec_N",338,41,41,"Ec",16,1,1,1,1,0,0.879284144928883
"20262","1250","Ec_N",338,42,42,"Ec",16,1,1,1,1,0,0.879284144928883
"20263","1250","Ec_N",338,43,43,"Ec",16,1,1,1,1,0,0.879284144928883
"20264","1250","Ec_N",338,44,44,"Ec",16,1,1,1,1,0,0.879284144928883
"20265","1250","Ec_N",338,45,45,"Ec",16,1,1,1,1,0,0.879284144928883
"20266","1250","Ec_N",338,46,46,"Ec",16,1,1,1,1,0,0.879284144928883
"20267","1250","Ec_N",338,47,47,"Ec",16,1,1,1,1,0,0.879284144928883
"20268","1250","Ec_N",338,48,48,"Ec",16,1,1,1,1,0,0.879284144928883
"20269","1250","Ec_N",338,49,49,"Ec",16,1,1,1,1,0,0.879284144928883
"20270","1250","Ec_N",338,50,50,"Ec",16,1,1,1,1,0,0.879284144928883
"20271","1250","Ec_N",338,51,51,"Ec",16,1,1,1,1,0,0.879284144928883
"20272","1250","Ec_N",338,52,52,"Ec",16,1,1,1,1,0,0.879284144928883
"20273","1250","Ec_N",338,53,53,"Ec",16,1,1,1,1,0,0.879284144928883
"20274","1250","Ec_N",338,54,54,"Ec",16,1,1,1,1,0,0.879284144928883
"20275","1250","Ec_N",338,55,55,"Ec",16,1,1,1,1,0,0.879284144928883
"20276","1250","Ec_N",338,56,56,"Ec",16,1,1,1,1,0,0.879284144928883
"20277","1250","Ec_N",338,57,57,"Ec",16,1,1,1,1,0,0.879284144928883
"20278","1250","Ec_N",338,58,58,"Ec",16,1,1,1,1,0,0.879284144928883
"20279","1250","Ec_N",338,59,59,"Ec",16,1,1,1,1,0,0.879284144928883
"20280","1250","Ec_N",338,60,60,"Ec",16,1,1,1,1,0,0.879284144928883
"20281","1250","Ec_N",339,1,1,"Ec",1,0,0,0,0,0,0
"20282","1250","Ec_N",339,2,2,"Ec",1,0,0,0,0,0,0
"20283","1250","Ec_N",339,3,3,"Ec",1,0,0,0,0,0,0
"20284","1250","Ec_N",339,4,4,"Ec",1,0,0,0,0,0,0
"20285","1250","Ec_N",339,5,5,"Ec",1,0,0,0,0,0,0
"20286","1250","Ec_N",339,6,6,"Ec",17,0,0,0,0,1,0.14692246949649
"20287","1250","Ec_N",339,7,7,"Ec",17,0,0,0,0,1,0.14692246949649
"20288","1250","Ec_N",339,8,8,"Ec",17,0,0,0,0,1,0.14692246949649
"20289","1250","Ec_N",339,9,9,"Ec",17,0,0,0,0,1,0.14692246949649
"20290","1250","Ec_N",339,10,10,"Ec",17,0,0,0,0,1,0.14692246949649
"20291","1250","Ec_N",339,11,11,"Ec",19,0,1,0,0,1,0.179678659430889
"20292","1250","Ec_N",339,12,12,"Ec",19,0,1,0,0,1,0.179678659430889
"20293","1250","Ec_N",339,13,13,"Ec",19,0,1,0,0,1,0.179678659430889
"20294","1250","Ec_N",339,14,14,"Ec",19,0,1,0,0,1,0.179678659430889
"20295","1250","Ec_N",339,15,15,"Ec",19,0,1,0,0,1,0.179678659430889
"20296","1250","Ec_N",339,16,16,"Ec",19,0,1,0,0,1,0.179678659430889
"20297","1250","Ec_N",339,17,17,"Ec",19,0,1,0,0,1,0.179678659430889
"20298","1250","Ec_N",339,18,18,"Ec",19,0,1,0,0,1,0.179678659430889
"20299","1250","Ec_N",339,19,19,"Ec",19,0,1,0,0,1,0.179678659430889
"20300","1250","Ec_N",339,20,20,"Ec",19,0,1,0,0,1,0.179678659430889
"20301","1250","Ec_N",339,21,21,"Ec",19,0,1,0,0,1,0.179678659430889
"20302","1250","Ec_N",339,22,22,"Ec",19,0,1,0,0,1,0.179678659430889
"20303","1250","Ec_N",339,23,23,"Ec",19,0,1,0,0,1,0.179678659430889
"20304","1250","Ec_N",339,24,24,"Ec",19,0,1,0,0,1,0.179678659430889
"20305","1250","Ec_N",339,25,25,"Ec",19,0,1,0,0,1,0.179678659430889
"20306","1250","Ec_N",339,26,26,"Ec",19,0,1,0,0,1,0.179678659430889
"20307","1250","Ec_N",339,27,27,"Ec",19,0,1,0,0,1,0.179678659430889
"20308","1250","Ec_N",339,28,28,"Ec",19,0,1,0,0,1,0.179678659430889
"20309","1250","Ec_N",339,29,29,"Ec",27,0,1,0,1,1,0.50104458373578
"20310","1250","Ec_N",339,30,30,"Ec",27,0,1,0,1,1,0.50104458373578
"20311","1250","Ec_N",339,31,31,"Ec",27,0,1,0,1,1,0.50104458373578
"20312","1250","Ec_N",339,32,32,"Ec",27,0,1,0,1,1,0.50104458373578
"20313","1250","Ec_N",339,33,33,"Ec",27,0,1,0,1,1,0.50104458373578
"20314","1250","Ec_N",339,34,34,"Ec",27,0,1,0,1,1,0.50104458373578
"20315","1250","Ec_N",339,35,35,"Ec",27,0,1,0,1,1,0.50104458373578
"20316","1250","Ec_N",339,36,36,"Ec",31,0,1,1,1,1,0.778987345540232
"20317","1250","Ec_N",339,37,37,"Ec",31,0,1,1,1,1,0.778987345540232
"20318","1250","Ec_N",339,38,38,"Ec",31,0,1,1,1,1,0.778987345540232
"20319","1250","Ec_N",339,39,39,"Ec",31,0,1,1,1,1,0.778987345540232
"20320","1250","Ec_N",339,40,40,"Ec",31,0,1,1,1,1,0.778987345540232
"20321","1250","Ec_N",339,41,41,"Ec",31,0,1,1,1,1,0.778987345540232
"20322","1250","Ec_N",339,42,42,"Ec",31,0,1,1,1,1,0.778987345540232
"20323","1250","Ec_N",339,43,43,"Ec",32,1,1,1,1,1,1
"20324","1250","Ec_N",339,44,44,"Ec",32,1,1,1,1,1,1
"20325","1250","Ec_N",339,45,45,"Ec",32,1,1,1,1,1,1
"20326","1250","Ec_N",339,46,46,"Ec",32,1,1,1,1,1,1
"20327","1250","Ec_N",339,47,47,"Ec",32,1,1,1,1,1,1
"20328","1250","Ec_N",339,48,48,"Ec",32,1,1,1,1,1,1
"20329","1250","Ec_N",339,49,49,"Ec",32,1,1,1,1,1,1
"20330","1250","Ec_N",339,50,50,"Ec",32,1,1,1,1,1,1
"20331","1250","Ec_N",339,51,51,"Ec",32,1,1,1,1,1,1
"20332","1250","Ec_N",339,52,52,"Ec",32,1,1,1,1,1,1
"20333","1250","Ec_N",339,53,53,"Ec",32,1,1,1,1,1,1
"20334","1250","Ec_N",339,54,54,"Ec",32,1,1,1,1,1,1
"20335","1250","Ec_N",339,55,55,"Ec",32,1,1,1,1,1,1
"20336","1250","Ec_N",339,56,56,"Ec",32,1,1,1,1,1,1
"20337","1250","Ec_N",339,57,57,"Ec",32,1,1,1,1,1,1
"20338","1250","Ec_N",339,58,58,"Ec",32,1,1,1,1,1,1
"20339","1250","Ec_N",339,59,59,"Ec",32,1,1,1,1,1,1
"20340","1250","Ec_N",339,60,60,"Ec",32,1,1,1,1,1,1
"20341","1250","Ec_N",340,1,1,"Ec",1,0,0,0,0,0,0
"20342","1250","Ec_N",340,2,2,"Ec",1,0,0,0,0,0,0
"20343","1250","Ec_N",340,3,3,"Ec",1,0,0,0,0,0,0
"20344","1250","Ec_N",340,4,4,"Ec",1,0,0,0,0,0,0
"20345","1250","Ec_N",340,5,5,"Ec",9,0,0,0,1,0,0.267745650041575
"20346","1250","Ec_N",340,6,6,"Ec",9,0,0,0,1,0,0.267745650041575
"20347","1250","Ec_N",340,7,7,"Ec",9,0,0,0,1,0,0.267745650041575
"20348","1250","Ec_N",340,8,8,"Ec",25,0,0,0,1,1,0.464273274362394
"20349","1250","Ec_N",340,9,9,"Ec",25,0,0,0,1,1,0.464273274362394
"20350","1250","Ec_N",340,10,10,"Ec",25,0,0,0,1,1,0.464273274362394
"20351","1250","Ec_N",340,11,11,"Ec",25,0,0,0,1,1,0.464273274362394
"20352","1250","Ec_N",340,12,12,"Ec",25,0,0,0,1,1,0.464273274362394
"20353","1250","Ec_N",340,13,13,"Ec",25,0,0,0,1,1,0.464273274362394
"20354","1250","Ec_N",340,14,14,"Ec",25,0,0,0,1,1,0.464273274362394
"20355","1250","Ec_N",340,15,15,"Ec",29,0,0,1,1,1,0.696336766125118
"20356","1250","Ec_N",340,16,16,"Ec",29,0,0,1,1,1,0.696336766125118
"20357","1250","Ec_N",340,17,17,"Ec",29,0,0,1,1,1,0.696336766125118
"20358","1250","Ec_N",340,18,18,"Ec",29,0,0,1,1,1,0.696336766125118
"20359","1250","Ec_N",340,19,19,"Ec",29,0,0,1,1,1,0.696336766125118
"20360","1250","Ec_N",340,20,20,"Ec",29,0,0,1,1,1,0.696336766125118
"20361","1250","Ec_N",340,21,21,"Ec",29,0,0,1,1,1,0.696336766125118
"20362","1250","Ec_N",340,22,22,"Ec",29,0,0,1,1,1,0.696336766125118
"20363","1250","Ec_N",340,23,23,"Ec",29,0,0,1,1,1,0.696336766125118
"20364","1250","Ec_N",340,24,24,"Ec",29,0,0,1,1,1,0.696336766125118
"20365","1250","Ec_N",340,25,25,"Ec",29,0,0,1,1,1,0.696336766125118
"20366","1250","Ec_N",340,26,26,"Ec",29,0,0,1,1,1,0.696336766125118
"20367","1250","Ec_N",340,27,27,"Ec",29,0,0,1,1,1,0.696336766125118
"20368","1250","Ec_N",340,28,28,"Ec",29,0,0,1,1,1,0.696336766125118
"20369","1250","Ec_N",340,29,29,"Ec",29,0,0,1,1,1,0.696336766125118
"20370","1250","Ec_N",340,30,30,"Ec",29,0,0,1,1,1,0.696336766125118
"20371","1250","Ec_N",340,31,31,"Ec",29,0,0,1,1,1,0.696336766125118
"20372","1250","Ec_N",340,32,32,"Ec",29,0,0,1,1,1,0.696336766125118
"20373","1250","Ec_N",340,33,33,"Ec",29,0,0,1,1,1,0.696336766125118
"20374","1250","Ec_N",340,34,34,"Ec",29,0,0,1,1,1,0.696336766125118
"20375","1250","Ec_N",340,35,35,"Ec",29,0,0,1,1,1,0.696336766125118
"20376","1250","Ec_N",340,36,36,"Ec",29,0,0,1,1,1,0.696336766125118
"20377","1250","Ec_N",340,37,37,"Ec",29,0,0,1,1,1,0.696336766125118
"20378","1250","Ec_N",340,38,38,"Ec",29,0,0,1,1,1,0.696336766125118
"20379","1250","Ec_N",340,39,39,"Ec",30,1,0,1,1,1,0.981696467924213
"20380","1250","Ec_N",340,40,40,"Ec",30,1,0,1,1,1,0.981696467924213
"20381","1250","Ec_N",340,41,41,"Ec",30,1,0,1,1,1,0.981696467924213
"20382","1250","Ec_N",340,42,42,"Ec",30,1,0,1,1,1,0.981696467924213
"20383","1250","Ec_N",340,43,43,"Ec",30,1,0,1,1,1,0.981696467924213
"20384","1250","Ec_N",340,44,44,"Ec",30,1,0,1,1,1,0.981696467924213
"20385","1250","Ec_N",340,45,45,"Ec",30,1,0,1,1,1,0.981696467924213
"20386","1250","Ec_N",340,46,46,"Ec",30,1,0,1,1,1,0.981696467924213
"20387","1250","Ec_N",340,47,47,"Ec",30,1,0,1,1,1,0.981696467924213
"20388","1250","Ec_N",340,48,48,"Ec",30,1,0,1,1,1,0.981696467924213
"20389","1250","Ec_N",340,49,49,"Ec",30,1,0,1,1,1,0.981696467924213
"20390","1250","Ec_N",340,50,50,"Ec",30,1,0,1,1,1,0.981696467924213
"20391","1250","Ec_N",340,51,51,"Ec",30,1,0,1,1,1,0.981696467924213
"20392","1250","Ec_N",340,52,52,"Ec",30,1,0,1,1,1,0.981696467924213
"20393","1250","Ec_N",340,53,53,"Ec",30,1,0,1,1,1,0.981696467924213
"20394","1250","Ec_N",340,54,54,"Ec",30,1,0,1,1,1,0.981696467924213
"20395","1250","Ec_N",340,55,55,"Ec",30,1,0,1,1,1,0.981696467924213
"20396","1250","Ec_N",340,56,56,"Ec",30,1,0,1,1,1,0.981696467924213
"20397","1250","Ec_N",340,57,57,"Ec",30,1,0,1,1,1,0.981696467924213
"20398","1250","Ec_N",340,58,58,"Ec",30,1,0,1,1,1,0.981696467924213
"20399","1250","Ec_N",340,59,59,"Ec",30,1,0,1,1,1,0.981696467924213
"20400","1250","Ec_N",340,60,60,"Ec",30,1,0,1,1,1,0.981696467924213
"20401","1250","Ec_N",341,1,1,"Ec",1,0,0,0,0,0,0
"20402","1250","Ec_N",341,2,2,"Ec",1,0,0,0,0,0,0
"20403","1250","Ec_N",341,3,3,"Ec",1,0,0,0,0,0,0
"20404","1250","Ec_N",341,4,4,"Ec",1,0,0,0,0,0,0
"20405","1250","Ec_N",341,5,5,"Ec",1,0,0,0,0,0,0
"20406","1250","Ec_N",341,6,6,"Ec",3,0,1,0,0,0,0.082650579415114
"20407","1250","Ec_N",341,7,7,"Ec",3,0,1,0,0,0,0.082650579415114
"20408","1250","Ec_N",341,8,8,"Ec",3,0,1,0,0,0,0.082650579415114
"20409","1250","Ec_N",341,9,9,"Ec",11,0,1,0,1,0,0.168832555215222
"20410","1250","Ec_N",341,10,10,"Ec",11,0,1,0,1,0,0.168832555215222
"20411","1250","Ec_N",341,11,11,"Ec",11,0,1,0,1,0,0.168832555215222
"20412","1250","Ec_N",341,12,12,"Ec",11,0,1,0,1,0,0.168832555215222
"20413","1250","Ec_N",341,13,13,"Ec",11,0,1,0,1,0,0.168832555215222
"20414","1250","Ec_N",341,14,14,"Ec",11,0,1,0,1,0,0.168832555215222
"20415","1250","Ec_N",341,15,15,"Ec",11,0,1,0,1,0,0.168832555215222
"20416","1250","Ec_N",341,16,16,"Ec",11,0,1,0,1,0,0.168832555215222
"20417","1250","Ec_N",341,17,17,"Ec",27,0,1,0,1,1,0.50104458373578
"20418","1250","Ec_N",341,18,18,"Ec",27,0,1,0,1,1,0.50104458373578
"20419","1250","Ec_N",341,19,19,"Ec",27,0,1,0,1,1,0.50104458373578
"20420","1250","Ec_N",341,20,20,"Ec",27,0,1,0,1,1,0.50104458373578
"20421","1250","Ec_N",341,21,21,"Ec",27,0,1,0,1,1,0.50104458373578
"20422","1250","Ec_N",341,22,22,"Ec",27,0,1,0,1,1,0.50104458373578
"20423","1250","Ec_N",341,23,23,"Ec",27,0,1,0,1,1,0.50104458373578
"20424","1250","Ec_N",341,24,24,"Ec",27,0,1,0,1,1,0.50104458373578
"20425","1250","Ec_N",341,25,25,"Ec",27,0,1,0,1,1,0.50104458373578
"20426","1250","Ec_N",341,26,26,"Ec",27,0,1,0,1,1,0.50104458373578
"20427","1250","Ec_N",341,27,27,"Ec",27,0,1,0,1,1,0.50104458373578
"20428","1250","Ec_N",341,28,28,"Ec",27,0,1,0,1,1,0.50104458373578
"20429","1250","Ec_N",341,29,29,"Ec",27,0,1,0,1,1,0.50104458373578
"20430","1250","Ec_N",341,30,30,"Ec",27,0,1,0,1,1,0.50104458373578
"20431","1250","Ec_N",341,31,31,"Ec",27,0,1,0,1,1,0.50104458373578
"20432","1250","Ec_N",341,32,32,"Ec",27,0,1,0,1,1,0.50104458373578
"20433","1250","Ec_N",341,33,33,"Ec",27,0,1,0,1,1,0.50104458373578
"20434","1250","Ec_N",341,34,34,"Ec",27,0,1,0,1,1,0.50104458373578
"20435","1250","Ec_N",341,35,35,"Ec",27,0,1,0,1,1,0.50104458373578
"20436","1250","Ec_N",341,36,36,"Ec",27,0,1,0,1,1,0.50104458373578
"20437","1250","Ec_N",341,37,37,"Ec",27,0,1,0,1,1,0.50104458373578
"20438","1250","Ec_N",341,38,38,"Ec",27,0,1,0,1,1,0.50104458373578
"20439","1250","Ec_N",341,39,39,"Ec",27,0,1,0,1,1,0.50104458373578
"20440","1250","Ec_N",341,40,40,"Ec",27,0,1,0,1,1,0.50104458373578
"20441","1250","Ec_N",341,41,41,"Ec",27,0,1,0,1,1,0.50104458373578
"20442","1250","Ec_N",341,42,42,"Ec",27,0,1,0,1,1,0.50104458373578
"20443","1250","Ec_N",341,43,43,"Ec",27,0,1,0,1,1,0.50104458373578
"20444","1250","Ec_N",341,44,44,"Ec",27,0,1,0,1,1,0.50104458373578
"20445","1250","Ec_N",341,45,45,"Ec",27,0,1,0,1,1,0.50104458373578
"20446","1250","Ec_N",341,46,46,"Ec",27,0,1,0,1,1,0.50104458373578
"20447","1250","Ec_N",341,47,47,"Ec",27,0,1,0,1,1,0.50104458373578
"20448","1250","Ec_N",341,48,48,"Ec",27,0,1,0,1,1,0.50104458373578
"20449","1250","Ec_N",341,49,49,"Ec",27,0,1,0,1,1,0.50104458373578
"20450","1250","Ec_N",341,50,50,"Ec",27,0,1,0,1,1,0.50104458373578
"20451","1250","Ec_N",341,51,51,"Ec",27,0,1,0,1,1,0.50104458373578
"20452","1250","Ec_N",341,52,52,"Ec",27,0,1,0,1,1,0.50104458373578
"20453","1250","Ec_N",341,53,53,"Ec",27,0,1,0,1,1,0.50104458373578
"20454","1250","Ec_N",341,54,54,"Ec",27,0,1,0,1,1,0.50104458373578
"20455","1250","Ec_N",341,55,55,"Ec",27,0,1,0,1,1,0.50104458373578
"20456","1250","Ec_N",341,56,56,"Ec",27,0,1,0,1,1,0.50104458373578
"20457","1250","Ec_N",341,57,57,"Ec",27,0,1,0,1,1,0.50104458373578
"20458","1250","Ec_N",341,58,58,"Ec",27,0,1,0,1,1,0.50104458373578
"20459","1250","Ec_N",341,59,59,"Ec",27,0,1,0,1,1,0.50104458373578
"20460","1250","Ec_N",341,60,60,"Ec",27,0,1,0,1,1,0.50104458373578
"20461","1250","Ec_N",342,1,1,"Ec",1,0,0,0,0,0,0
"20462","1250","Ec_N",342,2,2,"Ec",1,0,0,0,0,0,0
"20463","1250","Ec_N",342,3,3,"Ec",1,0,0,0,0,0,0
"20464","1250","Ec_N",342,4,4,"Ec",1,0,0,0,0,0,0
"20465","1250","Ec_N",342,5,5,"Ec",1,0,0,0,0,0,0
"20466","1250","Ec_N",342,6,6,"Ec",1,0,0,0,0,0,0
"20467","1250","Ec_N",342,7,7,"Ec",1,0,0,0,0,0,0
"20468","1250","Ec_N",342,8,8,"Ec",1,0,0,0,0,0,0
"20469","1250","Ec_N",342,9,9,"Ec",1,0,0,0,0,0,0
"20470","1250","Ec_N",342,10,10,"Ec",1,0,0,0,0,0,0
"20471","1250","Ec_N",342,11,11,"Ec",1,0,0,0,0,0,0
"20472","1250","Ec_N",342,12,12,"Ec",1,0,0,0,0,0,0
"20473","1250","Ec_N",342,13,13,"Ec",1,0,0,0,0,0,0
"20474","1250","Ec_N",342,14,14,"Ec",1,0,0,0,0,0,0
"20475","1250","Ec_N",342,15,15,"Ec",1,0,0,0,0,0,0
"20476","1250","Ec_N",342,16,16,"Ec",1,0,0,0,0,0,0
"20477","1250","Ec_N",342,17,17,"Ec",1,0,0,0,0,0,0
"20478","1250","Ec_N",342,18,18,"Ec",1,0,0,0,0,0,0
"20479","1250","Ec_N",342,19,19,"Ec",1,0,0,0,0,0,0
"20480","1250","Ec_N",342,20,20,"Ec",9,0,0,0,1,0,0.267745650041575
"20481","1250","Ec_N",342,21,21,"Ec",9,0,0,0,1,0,0.267745650041575
"20482","1250","Ec_N",342,22,22,"Ec",9,0,0,0,1,0,0.267745650041575
"20483","1250","Ec_N",342,23,23,"Ec",25,0,0,0,1,1,0.464273274362394
"20484","1250","Ec_N",342,24,24,"Ec",25,0,0,0,1,1,0.464273274362394
"20485","1250","Ec_N",342,25,25,"Ec",25,0,0,0,1,1,0.464273274362394
"20486","1250","Ec_N",342,26,26,"Ec",25,0,0,0,1,1,0.464273274362394
"20487","1250","Ec_N",342,27,27,"Ec",25,0,0,0,1,1,0.464273274362394
"20488","1250","Ec_N",342,28,28,"Ec",29,0,0,1,1,1,0.696336766125118
"20489","1250","Ec_N",342,29,29,"Ec",29,0,0,1,1,1,0.696336766125118
"20490","1250","Ec_N",342,30,30,"Ec",29,0,0,1,1,1,0.696336766125118
"20491","1250","Ec_N",342,31,31,"Ec",31,0,1,1,1,1,0.778987345540232
"20492","1250","Ec_N",342,32,32,"Ec",31,0,1,1,1,1,0.778987345540232
"20493","1250","Ec_N",342,33,33,"Ec",31,0,1,1,1,1,0.778987345540232
"20494","1250","Ec_N",342,34,34,"Ec",31,0,1,1,1,1,0.778987345540232
"20495","1250","Ec_N",342,35,35,"Ec",31,0,1,1,1,1,0.778987345540232
"20496","1250","Ec_N",342,36,36,"Ec",31,0,1,1,1,1,0.778987345540232
"20497","1250","Ec_N",342,37,37,"Ec",31,0,1,1,1,1,0.778987345540232
"20498","1250","Ec_N",342,38,38,"Ec",31,0,1,1,1,1,0.778987345540232
"20499","1250","Ec_N",342,39,39,"Ec",31,0,1,1,1,1,0.778987345540232
"20500","1250","Ec_N",342,40,40,"Ec",31,0,1,1,1,1,0.778987345540232
"20501","1250","Ec_N",342,41,41,"Ec",31,0,1,1,1,1,0.778987345540232
"20502","1250","Ec_N",342,42,42,"Ec",31,0,1,1,1,1,0.778987345540232
"20503","1250","Ec_N",342,43,43,"Ec",31,0,1,1,1,1,0.778987345540232
"20504","1250","Ec_N",342,44,44,"Ec",31,0,1,1,1,1,0.778987345540232
"20505","1250","Ec_N",342,45,45,"Ec",31,0,1,1,1,1,0.778987345540232
"20506","1250","Ec_N",342,46,46,"Ec",31,0,1,1,1,1,0.778987345540232
"20507","1250","Ec_N",342,47,47,"Ec",31,0,1,1,1,1,0.778987345540232
"20508","1250","Ec_N",342,48,48,"Ec",31,0,1,1,1,1,0.778987345540232
"20509","1250","Ec_N",342,49,49,"Ec",31,0,1,1,1,1,0.778987345540232
"20510","1250","Ec_N",342,50,50,"Ec",31,0,1,1,1,1,0.778987345540232
"20511","1250","Ec_N",342,51,51,"Ec",31,0,1,1,1,1,0.778987345540232
"20512","1250","Ec_N",342,52,52,"Ec",31,0,1,1,1,1,0.778987345540232
"20513","1250","Ec_N",342,53,53,"Ec",31,0,1,1,1,1,0.778987345540232
"20514","1250","Ec_N",342,54,54,"Ec",31,0,1,1,1,1,0.778987345540232
"20515","1250","Ec_N",342,55,55,"Ec",31,0,1,1,1,1,0.778987345540232
"20516","1250","Ec_N",342,56,56,"Ec",31,0,1,1,1,1,0.778987345540232
"20517","1250","Ec_N",342,57,57,"Ec",31,0,1,1,1,1,0.778987345540232
"20518","1250","Ec_N",342,58,58,"Ec",31,0,1,1,1,1,0.778987345540232
"20519","1250","Ec_N",342,59,59,"Ec",31,0,1,1,1,1,0.778987345540232
"20520","1250","Ec_N",342,60,60,"Ec",31,0,1,1,1,1,0.778987345540232
"20521","1250","Ec_N",343,1,1,"Ec",1,0,0,0,0,0,0
"20522","1250","Ec_N",343,2,2,"Ec",1,0,0,0,0,0,0
"20523","1250","Ec_N",343,3,3,"Ec",3,0,1,0,0,0,0.082650579415114
"20524","1250","Ec_N",343,4,4,"Ec",3,0,1,0,0,0,0.082650579415114
"20525","1250","Ec_N",343,5,5,"Ec",3,0,1,0,0,0,0.082650579415114
"20526","1250","Ec_N",343,6,6,"Ec",11,0,1,0,1,0,0.168832555215222
"20527","1250","Ec_N",343,7,7,"Ec",11,0,1,0,1,0,0.168832555215222
"20528","1250","Ec_N",343,8,8,"Ec",11,0,1,0,1,0,0.168832555215222
"20529","1250","Ec_N",343,9,9,"Ec",11,0,1,0,1,0,0.168832555215222
"20530","1250","Ec_N",343,10,10,"Ec",11,0,1,0,1,0,0.168832555215222
"20531","1250","Ec_N",343,11,11,"Ec",11,0,1,0,1,0,0.168832555215222
"20532","1250","Ec_N",343,12,12,"Ec",11,0,1,0,1,0,0.168832555215222
"20533","1250","Ec_N",343,13,13,"Ec",11,0,1,0,1,0,0.168832555215222
"20534","1250","Ec_N",343,14,14,"Ec",11,0,1,0,1,0,0.168832555215222
"20535","1250","Ec_N",343,15,15,"Ec",11,0,1,0,1,0,0.168832555215222
"20536","1250","Ec_N",343,16,16,"Ec",11,0,1,0,1,0,0.168832555215222
"20537","1250","Ec_N",343,17,17,"Ec",11,0,1,0,1,0,0.168832555215222
"20538","1250","Ec_N",343,18,18,"Ec",9,0,0,0,1,0,0.267745650041575
"20539","1250","Ec_N",343,19,19,"Ec",9,0,0,0,1,0,0.267745650041575
"20540","1250","Ec_N",343,20,20,"Ec",9,0,0,0,1,0,0.267745650041575
"20541","1250","Ec_N",343,21,21,"Ec",9,0,0,0,1,0,0.267745650041575
"20542","1250","Ec_N",343,22,22,"Ec",9,0,0,0,1,0,0.267745650041575
"20543","1250","Ec_N",343,23,23,"Ec",9,0,0,0,1,0,0.267745650041575
"20544","1250","Ec_N",343,24,24,"Ec",9,0,0,0,1,0,0.267745650041575
"20545","1250","Ec_N",343,25,25,"Ec",9,0,0,0,1,0,0.267745650041575
"20546","1250","Ec_N",343,26,26,"Ec",9,0,0,0,1,0,0.267745650041575
"20547","1250","Ec_N",343,27,27,"Ec",13,0,0,1,1,0,0.499809141804299
"20548","1250","Ec_N",343,28,28,"Ec",13,0,0,1,1,0,0.499809141804299
"20549","1250","Ec_N",343,29,29,"Ec",13,0,0,1,1,0,0.499809141804299
"20550","1250","Ec_N",343,30,30,"Ec",29,0,0,1,1,1,0.696336766125118
"20551","1250","Ec_N",343,31,31,"Ec",29,0,0,1,1,1,0.696336766125118
"20552","1250","Ec_N",343,32,32,"Ec",29,0,0,1,1,1,0.696336766125118
"20553","1250","Ec_N",343,33,33,"Ec",29,0,0,1,1,1,0.696336766125118
"20554","1250","Ec_N",343,34,34,"Ec",29,0,0,1,1,1,0.696336766125118
"20555","1250","Ec_N",343,35,35,"Ec",29,0,0,1,1,1,0.696336766125118
"20556","1250","Ec_N",343,36,36,"Ec",29,0,0,1,1,1,0.696336766125118
"20557","1250","Ec_N",343,37,37,"Ec",29,0,0,1,1,1,0.696336766125118
"20558","1250","Ec_N",343,38,38,"Ec",29,0,0,1,1,1,0.696336766125118
"20559","1250","Ec_N",343,39,39,"Ec",29,0,0,1,1,1,0.696336766125118
"20560","1250","Ec_N",343,40,40,"Ec",29,0,0,1,1,1,0.696336766125118
"20561","1250","Ec_N",343,41,41,"Ec",29,0,0,1,1,1,0.696336766125118
"20562","1250","Ec_N",343,42,42,"Ec",29,0,0,1,1,1,0.696336766125118
"20563","1250","Ec_N",343,43,43,"Ec",30,1,0,1,1,1,0.981696467924213
"20564","1250","Ec_N",343,44,44,"Ec",30,1,0,1,1,1,0.981696467924213
"20565","1250","Ec_N",343,45,45,"Ec",30,1,0,1,1,1,0.981696467924213
"20566","1250","Ec_N",343,46,46,"Ec",30,1,0,1,1,1,0.981696467924213
"20567","1250","Ec_N",343,47,47,"Ec",30,1,0,1,1,1,0.981696467924213
"20568","1250","Ec_N",343,48,48,"Ec",30,1,0,1,1,1,0.981696467924213
"20569","1250","Ec_N",343,49,49,"Ec",30,1,0,1,1,1,0.981696467924213
"20570","1250","Ec_N",343,50,50,"Ec",30,1,0,1,1,1,0.981696467924213
"20571","1250","Ec_N",343,51,51,"Ec",30,1,0,1,1,1,0.981696467924213
"20572","1250","Ec_N",343,52,52,"Ec",30,1,0,1,1,1,0.981696467924213
"20573","1250","Ec_N",343,53,53,"Ec",30,1,0,1,1,1,0.981696467924213
"20574","1250","Ec_N",343,54,54,"Ec",30,1,0,1,1,1,0.981696467924213
"20575","1250","Ec_N",343,55,55,"Ec",30,1,0,1,1,1,0.981696467924213
"20576","1250","Ec_N",343,56,56,"Ec",30,1,0,1,1,1,0.981696467924213
"20577","1250","Ec_N",343,57,57,"Ec",32,1,1,1,1,1,1
"20578","1250","Ec_N",343,58,58,"Ec",32,1,1,1,1,1,1
"20579","1250","Ec_N",343,59,59,"Ec",32,1,1,1,1,1,1
"20580","1250","Ec_N",343,60,60,"Ec",32,1,1,1,1,1,1
"20581","1250","Ec_N",344,1,1,"Ec",1,0,0,0,0,0,0
"20582","1250","Ec_N",344,2,2,"Ec",1,0,0,0,0,0,0
"20583","1250","Ec_N",344,3,3,"Ec",1,0,0,0,0,0,0
"20584","1250","Ec_N",344,4,4,"Ec",1,0,0,0,0,0,0
"20585","1250","Ec_N",344,5,5,"Ec",1,0,0,0,0,0,0
"20586","1250","Ec_N",344,6,6,"Ec",1,0,0,0,0,0,0
"20587","1250","Ec_N",344,7,7,"Ec",1,0,0,0,0,0,0
"20588","1250","Ec_N",344,8,8,"Ec",1,0,0,0,0,0,0
"20589","1250","Ec_N",344,9,9,"Ec",2,1,0,0,0,0,0.221012654459768
"20590","1250","Ec_N",344,10,10,"Ec",2,1,0,0,0,0,0.221012654459768
"20591","1250","Ec_N",344,11,11,"Ec",2,1,0,0,0,0,0.221012654459768
"20592","1250","Ec_N",344,12,12,"Ec",2,1,0,0,0,0,0.221012654459768
"20593","1250","Ec_N",344,13,13,"Ec",2,1,0,0,0,0,0.221012654459768
"20594","1250","Ec_N",344,14,14,"Ec",2,1,0,0,0,0,0.221012654459768
"20595","1250","Ec_N",344,15,15,"Ec",2,1,0,0,0,0,0.221012654459768
"20596","1250","Ec_N",344,16,16,"Ec",10,1,0,0,1,0,0.488758304501343
"20597","1250","Ec_N",344,17,17,"Ec",10,1,0,0,1,0,0.488758304501343
"20598","1250","Ec_N",344,18,18,"Ec",10,1,0,0,1,0,0.488758304501343
"20599","1250","Ec_N",344,19,19,"Ec",10,1,0,0,1,0,0.488758304501343
"20600","1250","Ec_N",344,20,20,"Ec",10,1,0,0,1,0,0.488758304501343
"20601","1250","Ec_N",344,21,21,"Ec",10,1,0,0,1,0,0.488758304501343
"20602","1250","Ec_N",344,22,22,"Ec",10,1,0,0,1,0,0.488758304501343
"20603","1250","Ec_N",344,23,23,"Ec",10,1,0,0,1,0,0.488758304501343
"20604","1250","Ec_N",344,24,24,"Ec",14,1,0,1,1,0,0.720821796264067
"20605","1250","Ec_N",344,25,25,"Ec",14,1,0,1,1,0,0.720821796264067
"20606","1250","Ec_N",344,26,26,"Ec",14,1,0,1,1,0,0.720821796264067
"20607","1250","Ec_N",344,27,27,"Ec",14,1,0,1,1,0,0.720821796264067
"20608","1250","Ec_N",344,28,28,"Ec",14,1,0,1,1,0,0.720821796264067
"20609","1250","Ec_N",344,29,29,"Ec",14,1,0,1,1,0,0.720821796264067
"20610","1250","Ec_N",344,30,30,"Ec",14,1,0,1,1,0,0.720821796264067
"20611","1250","Ec_N",344,31,31,"Ec",14,1,0,1,1,0,0.720821796264067
"20612","1250","Ec_N",344,32,32,"Ec",14,1,0,1,1,0,0.720821796264067
"20613","1250","Ec_N",344,33,33,"Ec",14,1,0,1,1,0,0.720821796264067
"20614","1250","Ec_N",344,34,34,"Ec",14,1,0,1,1,0,0.720821796264067
"20615","1250","Ec_N",344,35,35,"Ec",14,1,0,1,1,0,0.720821796264067
"20616","1250","Ec_N",344,36,36,"Ec",14,1,0,1,1,0,0.720821796264067
"20617","1250","Ec_N",344,37,37,"Ec",14,1,0,1,1,0,0.720821796264067
"20618","1250","Ec_N",344,38,38,"Ec",30,1,0,1,1,1,0.981696467924213
"20619","1250","Ec_N",344,39,39,"Ec",30,1,0,1,1,1,0.981696467924213
"20620","1250","Ec_N",344,40,40,"Ec",30,1,0,1,1,1,0.981696467924213
"20621","1250","Ec_N",344,41,41,"Ec",30,1,0,1,1,1,0.981696467924213
"20622","1250","Ec_N",344,42,42,"Ec",30,1,0,1,1,1,0.981696467924213
"20623","1250","Ec_N",344,43,43,"Ec",30,1,0,1,1,1,0.981696467924213
"20624","1250","Ec_N",344,44,44,"Ec",30,1,0,1,1,1,0.981696467924213
"20625","1250","Ec_N",344,45,45,"Ec",30,1,0,1,1,1,0.981696467924213
"20626","1250","Ec_N",344,46,46,"Ec",30,1,0,1,1,1,0.981696467924213
"20627","1250","Ec_N",344,47,47,"Ec",30,1,0,1,1,1,0.981696467924213
"20628","1250","Ec_N",344,48,48,"Ec",30,1,0,1,1,1,0.981696467924213
"20629","1250","Ec_N",344,49,49,"Ec",30,1,0,1,1,1,0.981696467924213
"20630","1250","Ec_N",344,50,50,"Ec",30,1,0,1,1,1,0.981696467924213
"20631","1250","Ec_N",344,51,51,"Ec",32,1,1,1,1,1,1
"20632","1250","Ec_N",344,52,52,"Ec",32,1,1,1,1,1,1
"20633","1250","Ec_N",344,53,53,"Ec",32,1,1,1,1,1,1
"20634","1250","Ec_N",344,54,54,"Ec",32,1,1,1,1,1,1
"20635","1250","Ec_N",344,55,55,"Ec",32,1,1,1,1,1,1
"20636","1250","Ec_N",344,56,56,"Ec",32,1,1,1,1,1,1
"20637","1250","Ec_N",344,57,57,"Ec",32,1,1,1,1,1,1
"20638","1250","Ec_N",344,58,58,"Ec",32,1,1,1,1,1,1
"20639","1250","Ec_N",344,59,59,"Ec",32,1,1,1,1,1,1
"20640","1250","Ec_N",344,60,60,"Ec",32,1,1,1,1,1,1
"20641","1250","Ec_N",345,1,1,"Ec",1,0,0,0,0,0,0
"20642","1250","Ec_N",345,2,2,"Ec",3,0,1,0,0,0,0.082650579415114
"20643","1250","Ec_N",345,3,3,"Ec",3,0,1,0,0,0,0.082650579415114
"20644","1250","Ec_N",345,4,4,"Ec",3,0,1,0,0,0,0.082650579415114
"20645","1250","Ec_N",345,5,5,"Ec",3,0,1,0,0,0,0.082650579415114
"20646","1250","Ec_N",345,6,6,"Ec",3,0,1,0,0,0,0.082650579415114
"20647","1250","Ec_N",345,7,7,"Ec",3,0,1,0,0,0,0.082650579415114
"20648","1250","Ec_N",345,8,8,"Ec",4,1,1,0,0,0,0.303663233874882
"20649","1250","Ec_N",345,9,9,"Ec",4,1,1,0,0,0,0.303663233874882
"20650","1250","Ec_N",345,10,10,"Ec",4,1,1,0,0,0,0.303663233874882
"20651","1250","Ec_N",345,11,11,"Ec",20,1,1,0,0,1,0.500190858195701
"20652","1250","Ec_N",345,12,12,"Ec",20,1,1,0,0,1,0.500190858195701
"20653","1250","Ec_N",345,13,13,"Ec",20,1,1,0,0,1,0.500190858195701
"20654","1250","Ec_N",345,14,14,"Ec",20,1,1,0,0,1,0.500190858195701
"20655","1250","Ec_N",345,15,15,"Ec",20,1,1,0,0,1,0.500190858195701
"20656","1250","Ec_N",345,16,16,"Ec",20,1,1,0,0,1,0.500190858195701
"20657","1250","Ec_N",345,17,17,"Ec",20,1,1,0,0,1,0.500190858195701
"20658","1250","Ec_N",345,18,18,"Ec",20,1,1,0,0,1,0.500190858195701
"20659","1250","Ec_N",345,19,19,"Ec",20,1,1,0,0,1,0.500190858195701
"20660","1250","Ec_N",345,20,20,"Ec",20,1,1,0,0,1,0.500190858195701
"20661","1250","Ec_N",345,21,21,"Ec",20,1,1,0,0,1,0.500190858195701
"20662","1250","Ec_N",345,22,22,"Ec",20,1,1,0,0,1,0.500190858195701
"20663","1250","Ec_N",345,23,23,"Ec",24,1,1,1,0,1,0.732254349958425
"20664","1250","Ec_N",345,24,24,"Ec",24,1,1,1,0,1,0.732254349958425
"20665","1250","Ec_N",345,25,25,"Ec",24,1,1,1,0,1,0.732254349958425
"20666","1250","Ec_N",345,26,26,"Ec",24,1,1,1,0,1,0.732254349958425
"20667","1250","Ec_N",345,27,27,"Ec",24,1,1,1,0,1,0.732254349958425
"20668","1250","Ec_N",345,28,28,"Ec",24,1,1,1,0,1,0.732254349958425
"20669","1250","Ec_N",345,29,29,"Ec",24,1,1,1,0,1,0.732254349958425
"20670","1250","Ec_N",345,30,30,"Ec",24,1,1,1,0,1,0.732254349958425
"20671","1250","Ec_N",345,31,31,"Ec",24,1,1,1,0,1,0.732254349958425
"20672","1250","Ec_N",345,32,32,"Ec",24,1,1,1,0,1,0.732254349958425
"20673","1250","Ec_N",345,33,33,"Ec",24,1,1,1,0,1,0.732254349958425
"20674","1250","Ec_N",345,34,34,"Ec",24,1,1,1,0,1,0.732254349958425
"20675","1250","Ec_N",345,35,35,"Ec",24,1,1,1,0,1,0.732254349958425
"20676","1250","Ec_N",345,36,36,"Ec",24,1,1,1,0,1,0.732254349958425
"20677","1250","Ec_N",345,37,37,"Ec",24,1,1,1,0,1,0.732254349958425
"20678","1250","Ec_N",345,38,38,"Ec",24,1,1,1,0,1,0.732254349958425
"20679","1250","Ec_N",345,39,39,"Ec",24,1,1,1,0,1,0.732254349958425
"20680","1250","Ec_N",345,40,40,"Ec",24,1,1,1,0,1,0.732254349958425
"20681","1250","Ec_N",345,41,41,"Ec",24,1,1,1,0,1,0.732254349958425
"20682","1250","Ec_N",345,42,42,"Ec",24,1,1,1,0,1,0.732254349958425
"20683","1250","Ec_N",345,43,43,"Ec",24,1,1,1,0,1,0.732254349958425
"20684","1250","Ec_N",345,44,44,"Ec",24,1,1,1,0,1,0.732254349958425
"20685","1250","Ec_N",345,45,45,"Ec",24,1,1,1,0,1,0.732254349958425
"20686","1250","Ec_N",345,46,46,"Ec",24,1,1,1,0,1,0.732254349958425
"20687","1250","Ec_N",345,47,47,"Ec",24,1,1,1,0,1,0.732254349958425
"20688","1250","Ec_N",345,48,48,"Ec",32,1,1,1,1,1,1
"20689","1250","Ec_N",345,49,49,"Ec",32,1,1,1,1,1,1
"20690","1250","Ec_N",345,50,50,"Ec",32,1,1,1,1,1,1
"20691","1250","Ec_N",345,51,51,"Ec",32,1,1,1,1,1,1
"20692","1250","Ec_N",345,52,52,"Ec",32,1,1,1,1,1,1
"20693","1250","Ec_N",345,53,53,"Ec",32,1,1,1,1,1,1
"20694","1250","Ec_N",345,54,54,"Ec",32,1,1,1,1,1,1
"20695","1250","Ec_N",345,55,55,"Ec",32,1,1,1,1,1,1
"20696","1250","Ec_N",345,56,56,"Ec",32,1,1,1,1,1,1
"20697","1250","Ec_N",345,57,57,"Ec",32,1,1,1,1,1,1
"20698","1250","Ec_N",345,58,58,"Ec",32,1,1,1,1,1,1
"20699","1250","Ec_N",345,59,59,"Ec",32,1,1,1,1,1,1
"20700","1250","Ec_N",345,60,60,"Ec",32,1,1,1,1,1,1
"20701","1250","Ec_N",346,1,1,"Ec",1,0,0,0,0,0,0
"20702","1250","Ec_N",346,2,2,"Ec",1,0,0,0,0,0,0
"20703","1250","Ec_N",346,3,3,"Ec",1,0,0,0,0,0,0
"20704","1250","Ec_N",346,4,4,"Ec",1,0,0,0,0,0,0
"20705","1250","Ec_N",346,5,5,"Ec",2,1,0,0,0,0,0.221012654459768
"20706","1250","Ec_N",346,6,6,"Ec",18,1,0,0,0,1,0.417540278780587
"20707","1250","Ec_N",346,7,7,"Ec",18,1,0,0,0,1,0.417540278780587
"20708","1250","Ec_N",346,8,8,"Ec",18,1,0,0,0,1,0.417540278780587
"20709","1250","Ec_N",346,9,9,"Ec",18,1,0,0,0,1,0.417540278780587
"20710","1250","Ec_N",346,10,10,"Ec",18,1,0,0,0,1,0.417540278780587
"20711","1250","Ec_N",346,11,11,"Ec",18,1,0,0,0,1,0.417540278780587
"20712","1250","Ec_N",346,12,12,"Ec",18,1,0,0,0,1,0.417540278780587
"20713","1250","Ec_N",346,13,13,"Ec",20,1,1,0,0,1,0.500190858195701
"20714","1250","Ec_N",346,14,14,"Ec",20,1,1,0,0,1,0.500190858195701
"20715","1250","Ec_N",346,15,15,"Ec",20,1,1,0,0,1,0.500190858195701
"20716","1250","Ec_N",346,16,16,"Ec",20,1,1,0,0,1,0.500190858195701
"20717","1250","Ec_N",346,17,17,"Ec",20,1,1,0,0,1,0.500190858195701
"20718","1250","Ec_N",346,18,18,"Ec",20,1,1,0,0,1,0.500190858195701
"20719","1250","Ec_N",346,19,19,"Ec",24,1,1,1,0,1,0.732254349958425
"20720","1250","Ec_N",346,20,20,"Ec",24,1,1,1,0,1,0.732254349958425
"20721","1250","Ec_N",346,21,21,"Ec",24,1,1,1,0,1,0.732254349958425
"20722","1250","Ec_N",346,22,22,"Ec",24,1,1,1,0,1,0.732254349958425
"20723","1250","Ec_N",346,23,23,"Ec",24,1,1,1,0,1,0.732254349958425
"20724","1250","Ec_N",346,24,24,"Ec",32,1,1,1,1,1,1
"20725","1250","Ec_N",346,25,25,"Ec",32,1,1,1,1,1,1
"20726","1250","Ec_N",346,26,26,"Ec",32,1,1,1,1,1,1
"20727","1250","Ec_N",346,27,27,"Ec",32,1,1,1,1,1,1
"20728","1250","Ec_N",346,28,28,"Ec",32,1,1,1,1,1,1
"20729","1250","Ec_N",346,29,29,"Ec",32,1,1,1,1,1,1
"20730","1250","Ec_N",346,30,30,"Ec",32,1,1,1,1,1,1
"20731","1250","Ec_N",346,31,31,"Ec",32,1,1,1,1,1,1
"20732","1250","Ec_N",346,32,32,"Ec",32,1,1,1,1,1,1
"20733","1250","Ec_N",346,33,33,"Ec",32,1,1,1,1,1,1
"20734","1250","Ec_N",346,34,34,"Ec",32,1,1,1,1,1,1
"20735","1250","Ec_N",346,35,35,"Ec",32,1,1,1,1,1,1
"20736","1250","Ec_N",346,36,36,"Ec",32,1,1,1,1,1,1
"20737","1250","Ec_N",346,37,37,"Ec",32,1,1,1,1,1,1
"20738","1250","Ec_N",346,38,38,"Ec",32,1,1,1,1,1,1
"20739","1250","Ec_N",346,39,39,"Ec",32,1,1,1,1,1,1
"20740","1250","Ec_N",346,40,40,"Ec",32,1,1,1,1,1,1
"20741","1250","Ec_N",346,41,41,"Ec",32,1,1,1,1,1,1
"20742","1250","Ec_N",346,42,42,"Ec",32,1,1,1,1,1,1
"20743","1250","Ec_N",346,43,43,"Ec",32,1,1,1,1,1,1
"20744","1250","Ec_N",346,44,44,"Ec",32,1,1,1,1,1,1
"20745","1250","Ec_N",346,45,45,"Ec",32,1,1,1,1,1,1
"20746","1250","Ec_N",346,46,46,"Ec",32,1,1,1,1,1,1
"20747","1250","Ec_N",346,47,47,"Ec",32,1,1,1,1,1,1
"20748","1250","Ec_N",346,48,48,"Ec",32,1,1,1,1,1,1
"20749","1250","Ec_N",346,49,49,"Ec",32,1,1,1,1,1,1
"20750","1250","Ec_N",346,50,50,"Ec",32,1,1,1,1,1,1
"20751","1250","Ec_N",346,51,51,"Ec",32,1,1,1,1,1,1
"20752","1250","Ec_N",346,52,52,"Ec",32,1,1,1,1,1,1
"20753","1250","Ec_N",346,53,53,"Ec",32,1,1,1,1,1,1
"20754","1250","Ec_N",346,54,54,"Ec",32,1,1,1,1,1,1
"20755","1250","Ec_N",346,55,55,"Ec",32,1,1,1,1,1,1
"20756","1250","Ec_N",346,56,56,"Ec",32,1,1,1,1,1,1
"20757","1250","Ec_N",346,57,57,"Ec",32,1,1,1,1,1,1
"20758","1250","Ec_N",346,58,58,"Ec",32,1,1,1,1,1,1
"20759","1250","Ec_N",346,59,59,"Ec",32,1,1,1,1,1,1
"20760","1250","Ec_N",346,60,60,"Ec",32,1,1,1,1,1,1
"20761","1250","Ec_N",347,1,1,"Ec",1,0,0,0,0,0,0
"20762","1250","Ec_N",347,2,2,"Ec",1,0,0,0,0,0,0
"20763","1250","Ec_N",347,3,3,"Ec",17,0,0,0,0,1,0.14692246949649
"20764","1250","Ec_N",347,4,4,"Ec",17,0,0,0,0,1,0.14692246949649
"20765","1250","Ec_N",347,5,5,"Ec",17,0,0,0,0,1,0.14692246949649
"20766","1250","Ec_N",347,6,6,"Ec",17,0,0,0,0,1,0.14692246949649
"20767","1250","Ec_N",347,7,7,"Ec",17,0,0,0,0,1,0.14692246949649
"20768","1250","Ec_N",347,8,8,"Ec",17,0,0,0,0,1,0.14692246949649
"20769","1250","Ec_N",347,9,9,"Ec",17,0,0,0,0,1,0.14692246949649
"20770","1250","Ec_N",347,10,10,"Ec",18,1,0,0,0,1,0.417540278780587
"20771","1250","Ec_N",347,11,11,"Ec",18,1,0,0,0,1,0.417540278780587
"20772","1250","Ec_N",347,12,12,"Ec",18,1,0,0,0,1,0.417540278780587
"20773","1250","Ec_N",347,13,13,"Ec",18,1,0,0,0,1,0.417540278780587
"20774","1250","Ec_N",347,14,14,"Ec",18,1,0,0,0,1,0.417540278780587
"20775","1250","Ec_N",347,15,15,"Ec",20,1,1,0,0,1,0.500190858195701
"20776","1250","Ec_N",347,16,16,"Ec",20,1,1,0,0,1,0.500190858195701
"20777","1250","Ec_N",347,17,17,"Ec",20,1,1,0,0,1,0.500190858195701
"20778","1250","Ec_N",347,18,18,"Ec",20,1,1,0,0,1,0.500190858195701
"20779","1250","Ec_N",347,19,19,"Ec",24,1,1,1,0,1,0.732254349958425
"20780","1250","Ec_N",347,20,20,"Ec",24,1,1,1,0,1,0.732254349958425
"20781","1250","Ec_N",347,21,21,"Ec",24,1,1,1,0,1,0.732254349958425
"20782","1250","Ec_N",347,22,22,"Ec",24,1,1,1,0,1,0.732254349958425
"20783","1250","Ec_N",347,23,23,"Ec",24,1,1,1,0,1,0.732254349958425
"20784","1250","Ec_N",347,24,24,"Ec",24,1,1,1,0,1,0.732254349958425
"20785","1250","Ec_N",347,25,25,"Ec",24,1,1,1,0,1,0.732254349958425
"20786","1250","Ec_N",347,26,26,"Ec",24,1,1,1,0,1,0.732254349958425
"20787","1250","Ec_N",347,27,27,"Ec",24,1,1,1,0,1,0.732254349958425
"20788","1250","Ec_N",347,28,28,"Ec",24,1,1,1,0,1,0.732254349958425
"20789","1250","Ec_N",347,29,29,"Ec",24,1,1,1,0,1,0.732254349958425
"20790","1250","Ec_N",347,30,30,"Ec",24,1,1,1,0,1,0.732254349958425
"20791","1250","Ec_N",347,31,31,"Ec",24,1,1,1,0,1,0.732254349958425
"20792","1250","Ec_N",347,32,32,"Ec",24,1,1,1,0,1,0.732254349958425
"20793","1250","Ec_N",347,33,33,"Ec",32,1,1,1,1,1,1
"20794","1250","Ec_N",347,34,34,"Ec",32,1,1,1,1,1,1
"20795","1250","Ec_N",347,35,35,"Ec",32,1,1,1,1,1,1
"20796","1250","Ec_N",347,36,36,"Ec",32,1,1,1,1,1,1
"20797","1250","Ec_N",347,37,37,"Ec",32,1,1,1,1,1,1
"20798","1250","Ec_N",347,38,38,"Ec",32,1,1,1,1,1,1
"20799","1250","Ec_N",347,39,39,"Ec",32,1,1,1,1,1,1
"20800","1250","Ec_N",347,40,40,"Ec",32,1,1,1,1,1,1
"20801","1250","Ec_N",347,41,41,"Ec",32,1,1,1,1,1,1
"20802","1250","Ec_N",347,42,42,"Ec",32,1,1,1,1,1,1
"20803","1250","Ec_N",347,43,43,"Ec",32,1,1,1,1,1,1
"20804","1250","Ec_N",347,44,44,"Ec",32,1,1,1,1,1,1
"20805","1250","Ec_N",347,45,45,"Ec",32,1,1,1,1,1,1
"20806","1250","Ec_N",347,46,46,"Ec",32,1,1,1,1,1,1
"20807","1250","Ec_N",347,47,47,"Ec",32,1,1,1,1,1,1
"20808","1250","Ec_N",347,48,48,"Ec",32,1,1,1,1,1,1
"20809","1250","Ec_N",347,49,49,"Ec",32,1,1,1,1,1,1
"20810","1250","Ec_N",347,50,50,"Ec",32,1,1,1,1,1,1
"20811","1250","Ec_N",347,51,51,"Ec",32,1,1,1,1,1,1
"20812","1250","Ec_N",347,52,52,"Ec",32,1,1,1,1,1,1
"20813","1250","Ec_N",347,53,53,"Ec",32,1,1,1,1,1,1
"20814","1250","Ec_N",347,54,54,"Ec",32,1,1,1,1,1,1
"20815","1250","Ec_N",347,55,55,"Ec",32,1,1,1,1,1,1
"20816","1250","Ec_N",347,56,56,"Ec",32,1,1,1,1,1,1
"20817","1250","Ec_N",347,57,57,"Ec",32,1,1,1,1,1,1
"20818","1250","Ec_N",347,58,58,"Ec",32,1,1,1,1,1,1
"20819","1250","Ec_N",347,59,59,"Ec",32,1,1,1,1,1,1
"20820","1250","Ec_N",347,60,60,"Ec",32,1,1,1,1,1,1
"20821","1250","Ec_N",348,1,1,"Ec",1,0,0,0,0,0,0
"20822","1250","Ec_N",348,2,2,"Ec",3,0,1,0,0,0,0.082650579415114
"20823","1250","Ec_N",348,3,3,"Ec",3,0,1,0,0,0,0.082650579415114
"20824","1250","Ec_N",348,4,4,"Ec",3,0,1,0,0,0,0.082650579415114
"20825","1250","Ec_N",348,5,5,"Ec",3,0,1,0,0,0,0.082650579415114
"20826","1250","Ec_N",348,6,6,"Ec",3,0,1,0,0,0,0.082650579415114
"20827","1250","Ec_N",348,7,7,"Ec",4,1,1,0,0,0,0.303663233874882
"20828","1250","Ec_N",348,8,8,"Ec",4,1,1,0,0,0,0.303663233874882
"20829","1250","Ec_N",348,9,9,"Ec",4,1,1,0,0,0,0.303663233874882
"20830","1250","Ec_N",348,10,10,"Ec",4,1,1,0,0,0,0.303663233874882
"20831","1250","Ec_N",348,11,11,"Ec",12,1,1,0,1,0,0.552627762799163
"20832","1250","Ec_N",348,12,12,"Ec",12,1,1,0,1,0,0.552627762799163
"20833","1250","Ec_N",348,13,13,"Ec",12,1,1,0,1,0,0.552627762799163
"20834","1250","Ec_N",348,14,14,"Ec",12,1,1,0,1,0,0.552627762799163
"20835","1250","Ec_N",348,15,15,"Ec",12,1,1,0,1,0,0.552627762799163
"20836","1250","Ec_N",348,16,16,"Ec",12,1,1,0,1,0,0.552627762799163
"20837","1250","Ec_N",348,17,17,"Ec",12,1,1,0,1,0,0.552627762799163
"20838","1250","Ec_N",348,18,18,"Ec",12,1,1,0,1,0,0.552627762799163
"20839","1250","Ec_N",348,19,19,"Ec",12,1,1,0,1,0,0.552627762799163
"20840","1250","Ec_N",348,20,20,"Ec",12,1,1,0,1,0,0.552627762799163
"20841","1250","Ec_N",348,21,21,"Ec",12,1,1,0,1,0,0.552627762799163
"20842","1250","Ec_N",348,22,22,"Ec",28,1,1,0,1,1,0.770762719311211
"20843","1250","Ec_N",348,23,23,"Ec",28,1,1,0,1,1,0.770762719311211
"20844","1250","Ec_N",348,24,24,"Ec",28,1,1,0,1,1,0.770762719311211
"20845","1250","Ec_N",348,25,25,"Ec",28,1,1,0,1,1,0.770762719311211
"20846","1250","Ec_N",348,26,26,"Ec",28,1,1,0,1,1,0.770762719311211
"20847","1250","Ec_N",348,27,27,"Ec",28,1,1,0,1,1,0.770762719311211
"20848","1250","Ec_N",348,28,28,"Ec",28,1,1,0,1,1,0.770762719311211
"20849","1250","Ec_N",348,29,29,"Ec",28,1,1,0,1,1,0.770762719311211
"20850","1250","Ec_N",348,30,30,"Ec",28,1,1,0,1,1,0.770762719311211
"20851","1250","Ec_N",348,31,31,"Ec",28,1,1,0,1,1,0.770762719311211
"20852","1250","Ec_N",348,32,32,"Ec",28,1,1,0,1,1,0.770762719311211
"20853","1250","Ec_N",348,33,33,"Ec",28,1,1,0,1,1,0.770762719311211
"20854","1250","Ec_N",348,34,34,"Ec",28,1,1,0,1,1,0.770762719311211
"20855","1250","Ec_N",348,35,35,"Ec",28,1,1,0,1,1,0.770762719311211
"20856","1250","Ec_N",348,36,36,"Ec",28,1,1,0,1,1,0.770762719311211
"20857","1250","Ec_N",348,37,37,"Ec",28,1,1,0,1,1,0.770762719311211
"20858","1250","Ec_N",348,38,38,"Ec",28,1,1,0,1,1,0.770762719311211
"20859","1250","Ec_N",348,39,39,"Ec",28,1,1,0,1,1,0.770762719311211
"20860","1250","Ec_N",348,40,40,"Ec",28,1,1,0,1,1,0.770762719311211
"20861","1250","Ec_N",348,41,41,"Ec",28,1,1,0,1,1,0.770762719311211
"20862","1250","Ec_N",348,42,42,"Ec",28,1,1,0,1,1,0.770762719311211
"20863","1250","Ec_N",348,43,43,"Ec",28,1,1,0,1,1,0.770762719311211
"20864","1250","Ec_N",348,44,44,"Ec",28,1,1,0,1,1,0.770762719311211
"20865","1250","Ec_N",348,45,45,"Ec",28,1,1,0,1,1,0.770762719311211
"20866","1250","Ec_N",348,46,46,"Ec",28,1,1,0,1,1,0.770762719311211
"20867","1250","Ec_N",348,47,47,"Ec",28,1,1,0,1,1,0.770762719311211
"20868","1250","Ec_N",348,48,48,"Ec",28,1,1,0,1,1,0.770762719311211
"20869","1250","Ec_N",348,49,49,"Ec",28,1,1,0,1,1,0.770762719311211
"20870","1250","Ec_N",348,50,50,"Ec",28,1,1,0,1,1,0.770762719311211
"20871","1250","Ec_N",348,51,51,"Ec",28,1,1,0,1,1,0.770762719311211
"20872","1250","Ec_N",348,52,52,"Ec",28,1,1,0,1,1,0.770762719311211
"20873","1250","Ec_N",348,53,53,"Ec",28,1,1,0,1,1,0.770762719311211
"20874","1250","Ec_N",348,54,54,"Ec",28,1,1,0,1,1,0.770762719311211
"20875","1250","Ec_N",348,55,55,"Ec",28,1,1,0,1,1,0.770762719311211
"20876","1250","Ec_N",348,56,56,"Ec",28,1,1,0,1,1,0.770762719311211
"20877","1250","Ec_N",348,57,57,"Ec",28,1,1,0,1,1,0.770762719311211
"20878","1250","Ec_N",348,58,58,"Ec",28,1,1,0,1,1,0.770762719311211
"20879","1250","Ec_N",348,59,59,"Ec",28,1,1,0,1,1,0.770762719311211
"20880","1250","Ec_N",348,60,60,"Ec",28,1,1,0,1,1,0.770762719311211
"20881","1250","Ec_N",349,1,1,"Ec",1,0,0,0,0,0,0
"20882","1250","Ec_N",349,2,2,"Ec",1,0,0,0,0,0,0
"20883","1250","Ec_N",349,3,3,"Ec",1,0,0,0,0,0,0
"20884","1250","Ec_N",349,4,4,"Ec",1,0,0,0,0,0,0
"20885","1250","Ec_N",349,5,5,"Ec",9,0,0,0,1,0,0.267745650041575
"20886","1250","Ec_N",349,6,6,"Ec",9,0,0,0,1,0,0.267745650041575
"20887","1250","Ec_N",349,7,7,"Ec",9,0,0,0,1,0,0.267745650041575
"20888","1250","Ec_N",349,8,8,"Ec",25,0,0,0,1,1,0.464273274362394
"20889","1250","Ec_N",349,9,9,"Ec",25,0,0,0,1,1,0.464273274362394
"20890","1250","Ec_N",349,10,10,"Ec",25,0,0,0,1,1,0.464273274362394
"20891","1250","Ec_N",349,11,11,"Ec",25,0,0,0,1,1,0.464273274362394
"20892","1250","Ec_N",349,12,12,"Ec",25,0,0,0,1,1,0.464273274362394
"20893","1250","Ec_N",349,13,13,"Ec",25,0,0,0,1,1,0.464273274362394
"20894","1250","Ec_N",349,14,14,"Ec",25,0,0,0,1,1,0.464273274362394
"20895","1250","Ec_N",349,15,15,"Ec",29,0,0,1,1,1,0.696336766125118
"20896","1250","Ec_N",349,16,16,"Ec",31,0,1,1,1,1,0.778987345540232
"20897","1250","Ec_N",349,17,17,"Ec",31,0,1,1,1,1,0.778987345540232
"20898","1250","Ec_N",349,18,18,"Ec",31,0,1,1,1,1,0.778987345540232
"20899","1250","Ec_N",349,19,19,"Ec",31,0,1,1,1,1,0.778987345540232
"20900","1250","Ec_N",349,20,20,"Ec",31,0,1,1,1,1,0.778987345540232
"20901","1250","Ec_N",349,21,21,"Ec",31,0,1,1,1,1,0.778987345540232
"20902","1250","Ec_N",349,22,22,"Ec",31,0,1,1,1,1,0.778987345540232
"20903","1250","Ec_N",349,23,23,"Ec",31,0,1,1,1,1,0.778987345540232
"20904","1250","Ec_N",349,24,24,"Ec",31,0,1,1,1,1,0.778987345540232
"20905","1250","Ec_N",349,25,25,"Ec",31,0,1,1,1,1,0.778987345540232
"20906","1250","Ec_N",349,26,26,"Ec",31,0,1,1,1,1,0.778987345540232
"20907","1250","Ec_N",349,27,27,"Ec",31,0,1,1,1,1,0.778987345540232
"20908","1250","Ec_N",349,28,28,"Ec",31,0,1,1,1,1,0.778987345540232
"20909","1250","Ec_N",349,29,29,"Ec",31,0,1,1,1,1,0.778987345540232
"20910","1250","Ec_N",349,30,30,"Ec",31,0,1,1,1,1,0.778987345540232
"20911","1250","Ec_N",349,31,31,"Ec",31,0,1,1,1,1,0.778987345540232
"20912","1250","Ec_N",349,32,32,"Ec",31,0,1,1,1,1,0.778987345540232
"20913","1250","Ec_N",349,33,33,"Ec",31,0,1,1,1,1,0.778987345540232
"20914","1250","Ec_N",349,34,34,"Ec",31,0,1,1,1,1,0.778987345540232
"20915","1250","Ec_N",349,35,35,"Ec",31,0,1,1,1,1,0.778987345540232
"20916","1250","Ec_N",349,36,36,"Ec",32,1,1,1,1,1,1
"20917","1250","Ec_N",349,37,37,"Ec",32,1,1,1,1,1,1
"20918","1250","Ec_N",349,38,38,"Ec",32,1,1,1,1,1,1
"20919","1250","Ec_N",349,39,39,"Ec",32,1,1,1,1,1,1
"20920","1250","Ec_N",349,40,40,"Ec",32,1,1,1,1,1,1
"20921","1250","Ec_N",349,41,41,"Ec",32,1,1,1,1,1,1
"20922","1250","Ec_N",349,42,42,"Ec",32,1,1,1,1,1,1
"20923","1250","Ec_N",349,43,43,"Ec",32,1,1,1,1,1,1
"20924","1250","Ec_N",349,44,44,"Ec",32,1,1,1,1,1,1
"20925","1250","Ec_N",349,45,45,"Ec",32,1,1,1,1,1,1
"20926","1250","Ec_N",349,46,46,"Ec",32,1,1,1,1,1,1
"20927","1250","Ec_N",349,47,47,"Ec",32,1,1,1,1,1,1
"20928","1250","Ec_N",349,48,48,"Ec",32,1,1,1,1,1,1
"20929","1250","Ec_N",349,49,49,"Ec",32,1,1,1,1,1,1
"20930","1250","Ec_N",349,50,50,"Ec",32,1,1,1,1,1,1
"20931","1250","Ec_N",349,51,51,"Ec",32,1,1,1,1,1,1
"20932","1250","Ec_N",349,52,52,"Ec",32,1,1,1,1,1,1
"20933","1250","Ec_N",349,53,53,"Ec",32,1,1,1,1,1,1
"20934","1250","Ec_N",349,54,54,"Ec",32,1,1,1,1,1,1
"20935","1250","Ec_N",349,55,55,"Ec",32,1,1,1,1,1,1
"20936","1250","Ec_N",349,56,56,"Ec",32,1,1,1,1,1,1
"20937","1250","Ec_N",349,57,57,"Ec",32,1,1,1,1,1,1
"20938","1250","Ec_N",349,58,58,"Ec",32,1,1,1,1,1,1
"20939","1250","Ec_N",349,59,59,"Ec",32,1,1,1,1,1,1
"20940","1250","Ec_N",349,60,60,"Ec",32,1,1,1,1,1,1
"20941","1250","Ec_N",350,1,1,"Ec",1,0,0,0,0,0,0
"20942","1250","Ec_N",350,2,2,"Ec",1,0,0,0,0,0,0
"20943","1250","Ec_N",350,3,3,"Ec",1,0,0,0,0,0,0
"20944","1250","Ec_N",350,4,4,"Ec",1,0,0,0,0,0,0
"20945","1250","Ec_N",350,5,5,"Ec",1,0,0,0,0,0,0
"20946","1250","Ec_N",350,6,6,"Ec",1,0,0,0,0,0,0
"20947","1250","Ec_N",350,7,7,"Ec",1,0,0,0,0,0,0
"20948","1250","Ec_N",350,8,8,"Ec",1,0,0,0,0,0,0
"20949","1250","Ec_N",350,9,9,"Ec",2,1,0,0,0,0,0.221012654459768
"20950","1250","Ec_N",350,10,10,"Ec",2,1,0,0,0,0,0.221012654459768
"20951","1250","Ec_N",350,11,11,"Ec",2,1,0,0,0,0,0.221012654459768
"20952","1250","Ec_N",350,12,12,"Ec",2,1,0,0,0,0,0.221012654459768
"20953","1250","Ec_N",350,13,13,"Ec",2,1,0,0,0,0,0.221012654459768
"20954","1250","Ec_N",350,14,14,"Ec",2,1,0,0,0,0,0.221012654459768
"20955","1250","Ec_N",350,15,15,"Ec",10,1,0,0,1,0,0.488758304501343
"20956","1250","Ec_N",350,16,16,"Ec",10,1,0,0,1,0,0.488758304501343
"20957","1250","Ec_N",350,17,17,"Ec",10,1,0,0,1,0,0.488758304501343
"20958","1250","Ec_N",350,18,18,"Ec",10,1,0,0,1,0,0.488758304501343
"20959","1250","Ec_N",350,19,19,"Ec",12,1,1,0,1,0,0.552627762799163
"20960","1250","Ec_N",350,20,20,"Ec",12,1,1,0,1,0,0.552627762799163
"20961","1250","Ec_N",350,21,21,"Ec",12,1,1,0,1,0,0.552627762799163
"20962","1250","Ec_N",350,22,22,"Ec",28,1,1,0,1,1,0.770762719311211
"20963","1250","Ec_N",350,23,23,"Ec",28,1,1,0,1,1,0.770762719311211
"20964","1250","Ec_N",350,24,24,"Ec",28,1,1,0,1,1,0.770762719311211
"20965","1250","Ec_N",350,25,25,"Ec",28,1,1,0,1,1,0.770762719311211
"20966","1250","Ec_N",350,26,26,"Ec",28,1,1,0,1,1,0.770762719311211
"20967","1250","Ec_N",350,27,27,"Ec",28,1,1,0,1,1,0.770762719311211
"20968","1250","Ec_N",350,28,28,"Ec",28,1,1,0,1,1,0.770762719311211
"20969","1250","Ec_N",350,29,29,"Ec",28,1,1,0,1,1,0.770762719311211
"20970","1250","Ec_N",350,30,30,"Ec",28,1,1,0,1,1,0.770762719311211
"20971","1250","Ec_N",350,31,31,"Ec",28,1,1,0,1,1,0.770762719311211
"20972","1250","Ec_N",350,32,32,"Ec",28,1,1,0,1,1,0.770762719311211
"20973","1250","Ec_N",350,33,33,"Ec",28,1,1,0,1,1,0.770762719311211
"20974","1250","Ec_N",350,34,34,"Ec",28,1,1,0,1,1,0.770762719311211
"20975","1250","Ec_N",350,35,35,"Ec",28,1,1,0,1,1,0.770762719311211
"20976","1250","Ec_N",350,36,36,"Ec",28,1,1,0,1,1,0.770762719311211
"20977","1250","Ec_N",350,37,37,"Ec",32,1,1,1,1,1,1
"20978","1250","Ec_N",350,38,38,"Ec",32,1,1,1,1,1,1
"20979","1250","Ec_N",350,39,39,"Ec",32,1,1,1,1,1,1
"20980","1250","Ec_N",350,40,40,"Ec",32,1,1,1,1,1,1
"20981","1250","Ec_N",350,41,41,"Ec",32,1,1,1,1,1,1
"20982","1250","Ec_N",350,42,42,"Ec",32,1,1,1,1,1,1
"20983","1250","Ec_N",350,43,43,"Ec",32,1,1,1,1,1,1
"20984","1250","Ec_N",350,44,44,"Ec",32,1,1,1,1,1,1
"20985","1250","Ec_N",350,45,45,"Ec",32,1,1,1,1,1,1
"20986","1250","Ec_N",350,46,46,"Ec",32,1,1,1,1,1,1
"20987","1250","Ec_N",350,47,47,"Ec",32,1,1,1,1,1,1
"20988","1250","Ec_N",350,48,48,"Ec",32,1,1,1,1,1,1
"20989","1250","Ec_N",350,49,49,"Ec",32,1,1,1,1,1,1
"20990","1250","Ec_N",350,50,50,"Ec",32,1,1,1,1,1,1
"20991","1250","Ec_N",350,51,51,"Ec",32,1,1,1,1,1,1
"20992","1250","Ec_N",350,52,52,"Ec",32,1,1,1,1,1,1
"20993","1250","Ec_N",350,53,53,"Ec",32,1,1,1,1,1,1
"20994","1250","Ec_N",350,54,54,"Ec",32,1,1,1,1,1,1
"20995","1250","Ec_N",350,55,55,"Ec",32,1,1,1,1,1,1
"20996","1250","Ec_N",350,56,56,"Ec",32,1,1,1,1,1,1
"20997","1250","Ec_N",350,57,57,"Ec",32,1,1,1,1,1,1
"20998","1250","Ec_N",350,58,58,"Ec",32,1,1,1,1,1,1
"20999","1250","Ec_N",350,59,59,"Ec",32,1,1,1,1,1,1
"21000","1250","Ec_N",350,60,60,"Ec",32,1,1,1,1,1,1
"21001","1250","Ec_N",351,1,1,"Ec",1,0,0,0,0,0,0
"21002","1250","Ec_N",351,2,2,"Ec",5,0,0,1,0,0,0.232063491762724
"21003","1250","Ec_N",351,3,3,"Ec",5,0,0,1,0,0,0.232063491762724
"21004","1250","Ec_N",351,4,4,"Ec",5,0,0,1,0,0,0.232063491762724
"21005","1250","Ec_N",351,5,5,"Ec",6,1,0,1,0,0,0.453076146222492
"21006","1250","Ec_N",351,6,6,"Ec",6,1,0,1,0,0,0.453076146222492
"21007","1250","Ec_N",351,7,7,"Ec",6,1,0,1,0,0,0.453076146222492
"21008","1250","Ec_N",351,8,8,"Ec",6,1,0,1,0,0,0.453076146222492
"21009","1250","Ec_N",351,9,9,"Ec",6,1,0,1,0,0,0.453076146222492
"21010","1250","Ec_N",351,10,10,"Ec",6,1,0,1,0,0,0.453076146222492
"21011","1250","Ec_N",351,11,11,"Ec",6,1,0,1,0,0,0.453076146222492
"21012","1250","Ec_N",351,12,12,"Ec",6,1,0,1,0,0,0.453076146222492
"21013","1250","Ec_N",351,13,13,"Ec",6,1,0,1,0,0,0.453076146222492
"21014","1250","Ec_N",351,14,14,"Ec",6,1,0,1,0,0,0.453076146222492
"21015","1250","Ec_N",351,15,15,"Ec",6,1,0,1,0,0,0.453076146222492
"21016","1250","Ec_N",351,16,16,"Ec",6,1,0,1,0,0,0.453076146222492
"21017","1250","Ec_N",351,17,17,"Ec",6,1,0,1,0,0,0.453076146222492
"21018","1250","Ec_N",351,18,18,"Ec",6,1,0,1,0,0,0.453076146222492
"21019","1250","Ec_N",351,19,19,"Ec",6,1,0,1,0,0,0.453076146222492
"21020","1250","Ec_N",351,20,20,"Ec",6,1,0,1,0,0,0.453076146222492
"21021","1250","Ec_N",351,21,21,"Ec",6,1,0,1,0,0,0.453076146222492
"21022","1250","Ec_N",351,22,22,"Ec",22,1,0,1,0,1,0.649603770543311
"21023","1250","Ec_N",351,23,23,"Ec",22,1,0,1,0,1,0.649603770543311
"21024","1250","Ec_N",351,24,24,"Ec",22,1,0,1,0,1,0.649603770543311
"21025","1250","Ec_N",351,25,25,"Ec",24,1,1,1,0,1,0.732254349958425
"21026","1250","Ec_N",351,26,26,"Ec",24,1,1,1,0,1,0.732254349958425
"21027","1250","Ec_N",351,27,27,"Ec",24,1,1,1,0,1,0.732254349958425
"21028","1250","Ec_N",351,28,28,"Ec",24,1,1,1,0,1,0.732254349958425
"21029","1250","Ec_N",351,29,29,"Ec",24,1,1,1,0,1,0.732254349958425
"21030","1250","Ec_N",351,30,30,"Ec",24,1,1,1,0,1,0.732254349958425
"21031","1250","Ec_N",351,31,31,"Ec",24,1,1,1,0,1,0.732254349958425
"21032","1250","Ec_N",351,32,32,"Ec",24,1,1,1,0,1,0.732254349958425
"21033","1250","Ec_N",351,33,33,"Ec",24,1,1,1,0,1,0.732254349958425
"21034","1250","Ec_N",351,34,34,"Ec",32,1,1,1,1,1,1
"21035","1250","Ec_N",351,35,35,"Ec",32,1,1,1,1,1,1
"21036","1250","Ec_N",351,36,36,"Ec",32,1,1,1,1,1,1
"21037","1250","Ec_N",351,37,37,"Ec",32,1,1,1,1,1,1
"21038","1250","Ec_N",351,38,38,"Ec",32,1,1,1,1,1,1
"21039","1250","Ec_N",351,39,39,"Ec",32,1,1,1,1,1,1
"21040","1250","Ec_N",351,40,40,"Ec",32,1,1,1,1,1,1
"21041","1250","Ec_N",351,41,41,"Ec",32,1,1,1,1,1,1
"21042","1250","Ec_N",351,42,42,"Ec",32,1,1,1,1,1,1
"21043","1250","Ec_N",351,43,43,"Ec",32,1,1,1,1,1,1
"21044","1250","Ec_N",351,44,44,"Ec",32,1,1,1,1,1,1
"21045","1250","Ec_N",351,45,45,"Ec",32,1,1,1,1,1,1
"21046","1250","Ec_N",351,46,46,"Ec",32,1,1,1,1,1,1
"21047","1250","Ec_N",351,47,47,"Ec",32,1,1,1,1,1,1
"21048","1250","Ec_N",351,48,48,"Ec",32,1,1,1,1,1,1
"21049","1250","Ec_N",351,49,49,"Ec",32,1,1,1,1,1,1
"21050","1250","Ec_N",351,50,50,"Ec",32,1,1,1,1,1,1
"21051","1250","Ec_N",351,51,51,"Ec",32,1,1,1,1,1,1
"21052","1250","Ec_N",351,52,52,"Ec",32,1,1,1,1,1,1
"21053","1250","Ec_N",351,53,53,"Ec",32,1,1,1,1,1,1
"21054","1250","Ec_N",351,54,54,"Ec",32,1,1,1,1,1,1
"21055","1250","Ec_N",351,55,55,"Ec",32,1,1,1,1,1,1
"21056","1250","Ec_N",351,56,56,"Ec",32,1,1,1,1,1,1
"21057","1250","Ec_N",351,57,57,"Ec",32,1,1,1,1,1,1
"21058","1250","Ec_N",351,58,58,"Ec",32,1,1,1,1,1,1
"21059","1250","Ec_N",351,59,59,"Ec",32,1,1,1,1,1,1
"21060","1250","Ec_N",351,60,60,"Ec",32,1,1,1,1,1,1
"21061","1250","Ec_N",352,1,1,"Ec",1,0,0,0,0,0,0
"21062","1250","Ec_N",352,2,2,"Ec",1,0,0,0,0,0,0
"21063","1250","Ec_N",352,3,3,"Ec",1,0,0,0,0,0,0
"21064","1250","Ec_N",352,4,4,"Ec",9,0,0,0,1,0,0.267745650041575
"21065","1250","Ec_N",352,5,5,"Ec",9,0,0,0,1,0,0.267745650041575
"21066","1250","Ec_N",352,6,6,"Ec",9,0,0,0,1,0,0.267745650041575
"21067","1250","Ec_N",352,7,7,"Ec",9,0,0,0,1,0,0.267745650041575
"21068","1250","Ec_N",352,8,8,"Ec",9,0,0,0,1,0,0.267745650041575
"21069","1250","Ec_N",352,9,9,"Ec",13,0,0,1,1,0,0.499809141804299
"21070","1250","Ec_N",352,10,10,"Ec",13,0,0,1,1,0,0.499809141804299
"21071","1250","Ec_N",352,11,11,"Ec",13,0,0,1,1,0,0.499809141804299
"21072","1250","Ec_N",352,12,12,"Ec",13,0,0,1,1,0,0.499809141804299
"21073","1250","Ec_N",352,13,13,"Ec",13,0,0,1,1,0,0.499809141804299
"21074","1250","Ec_N",352,14,14,"Ec",13,0,0,1,1,0,0.499809141804299
"21075","1250","Ec_N",352,15,15,"Ec",13,0,0,1,1,0,0.499809141804299
"21076","1250","Ec_N",352,16,16,"Ec",13,0,0,1,1,0,0.499809141804299
"21077","1250","Ec_N",352,17,17,"Ec",13,0,0,1,1,0,0.499809141804299
"21078","1250","Ec_N",352,18,18,"Ec",13,0,0,1,1,0,0.499809141804299
"21079","1250","Ec_N",352,19,19,"Ec",13,0,0,1,1,0,0.499809141804299
"21080","1250","Ec_N",352,20,20,"Ec",13,0,0,1,1,0,0.499809141804299
"21081","1250","Ec_N",352,21,21,"Ec",13,0,0,1,1,0,0.499809141804299
"21082","1250","Ec_N",352,22,22,"Ec",13,0,0,1,1,0,0.499809141804299
"21083","1250","Ec_N",352,23,23,"Ec",13,0,0,1,1,0,0.499809141804299
"21084","1250","Ec_N",352,24,24,"Ec",13,0,0,1,1,0,0.499809141804299
"21085","1250","Ec_N",352,25,25,"Ec",13,0,0,1,1,0,0.499809141804299
"21086","1250","Ec_N",352,26,26,"Ec",13,0,0,1,1,0,0.499809141804299
"21087","1250","Ec_N",352,27,27,"Ec",13,0,0,1,1,0,0.499809141804299
"21088","1250","Ec_N",352,28,28,"Ec",13,0,0,1,1,0,0.499809141804299
"21089","1250","Ec_N",352,29,29,"Ec",13,0,0,1,1,0,0.499809141804299
"21090","1250","Ec_N",352,30,30,"Ec",13,0,0,1,1,0,0.499809141804299
"21091","1250","Ec_N",352,31,31,"Ec",13,0,0,1,1,0,0.499809141804299
"21092","1250","Ec_N",352,32,32,"Ec",13,0,0,1,1,0,0.499809141804299
"21093","1250","Ec_N",352,33,33,"Ec",13,0,0,1,1,0,0.499809141804299
"21094","1250","Ec_N",352,34,34,"Ec",13,0,0,1,1,0,0.499809141804299
"21095","1250","Ec_N",352,35,35,"Ec",13,0,0,1,1,0,0.499809141804299
"21096","1250","Ec_N",352,36,36,"Ec",13,0,0,1,1,0,0.499809141804299
"21097","1250","Ec_N",352,37,37,"Ec",13,0,0,1,1,0,0.499809141804299
"21098","1250","Ec_N",352,38,38,"Ec",13,0,0,1,1,0,0.499809141804299
"21099","1250","Ec_N",352,39,39,"Ec",13,0,0,1,1,0,0.499809141804299
"21100","1250","Ec_N",352,40,40,"Ec",13,0,0,1,1,0,0.499809141804299
"21101","1250","Ec_N",352,41,41,"Ec",13,0,0,1,1,0,0.499809141804299
"21102","1250","Ec_N",352,42,42,"Ec",13,0,0,1,1,0,0.499809141804299
"21103","1250","Ec_N",352,43,43,"Ec",14,1,0,1,1,0,0.720821796264067
"21104","1250","Ec_N",352,44,44,"Ec",14,1,0,1,1,0,0.720821796264067
"21105","1250","Ec_N",352,45,45,"Ec",14,1,0,1,1,0,0.720821796264067
"21106","1250","Ec_N",352,46,46,"Ec",14,1,0,1,1,0,0.720821796264067
"21107","1250","Ec_N",352,47,47,"Ec",14,1,0,1,1,0,0.720821796264067
"21108","1250","Ec_N",352,48,48,"Ec",14,1,0,1,1,0,0.720821796264067
"21109","1250","Ec_N",352,49,49,"Ec",14,1,0,1,1,0,0.720821796264067
"21110","1250","Ec_N",352,50,50,"Ec",14,1,0,1,1,0,0.720821796264067
"21111","1250","Ec_N",352,51,51,"Ec",30,1,0,1,1,1,0.981696467924213
"21112","1250","Ec_N",352,52,52,"Ec",30,1,0,1,1,1,0.981696467924213
"21113","1250","Ec_N",352,53,53,"Ec",30,1,0,1,1,1,0.981696467924213
"21114","1250","Ec_N",352,54,54,"Ec",30,1,0,1,1,1,0.981696467924213
"21115","1250","Ec_N",352,55,55,"Ec",30,1,0,1,1,1,0.981696467924213
"21116","1250","Ec_N",352,56,56,"Ec",30,1,0,1,1,1,0.981696467924213
"21117","1250","Ec_N",352,57,57,"Ec",30,1,0,1,1,1,0.981696467924213
"21118","1250","Ec_N",352,58,58,"Ec",30,1,0,1,1,1,0.981696467924213
"21119","1250","Ec_N",352,59,59,"Ec",30,1,0,1,1,1,0.981696467924213
"21120","1250","Ec_N",352,60,60,"Ec",30,1,0,1,1,1,0.981696467924213
"21121","1250","Ec_N",353,1,1,"Ec",1,0,0,0,0,0,0
"21122","1250","Ec_N",353,2,2,"Ec",1,0,0,0,0,0,0
"21123","1250","Ec_N",353,3,3,"Ec",1,0,0,0,0,0,0
"21124","1250","Ec_N",353,4,4,"Ec",1,0,0,0,0,0,0
"21125","1250","Ec_N",353,5,5,"Ec",1,0,0,0,0,0,0
"21126","1250","Ec_N",353,6,6,"Ec",1,0,0,0,0,0,0
"21127","1250","Ec_N",353,7,7,"Ec",1,0,0,0,0,0,0
"21128","1250","Ec_N",353,8,8,"Ec",17,0,0,0,0,1,0.14692246949649
"21129","1250","Ec_N",353,9,9,"Ec",17,0,0,0,0,1,0.14692246949649
"21130","1250","Ec_N",353,10,10,"Ec",25,0,0,0,1,1,0.464273274362394
"21131","1250","Ec_N",353,11,11,"Ec",25,0,0,0,1,1,0.464273274362394
"21132","1250","Ec_N",353,12,12,"Ec",25,0,0,0,1,1,0.464273274362394
"21133","1250","Ec_N",353,13,13,"Ec",25,0,0,0,1,1,0.464273274362394
"21134","1250","Ec_N",353,14,14,"Ec",25,0,0,0,1,1,0.464273274362394
"21135","1250","Ec_N",353,15,15,"Ec",25,0,0,0,1,1,0.464273274362394
"21136","1250","Ec_N",353,16,16,"Ec",25,0,0,0,1,1,0.464273274362394
"21137","1250","Ec_N",353,17,17,"Ec",25,0,0,0,1,1,0.464273274362394
"21138","1250","Ec_N",353,18,18,"Ec",25,0,0,0,1,1,0.464273274362394
"21139","1250","Ec_N",353,19,19,"Ec",25,0,0,0,1,1,0.464273274362394
"21140","1250","Ec_N",353,20,20,"Ec",25,0,0,0,1,1,0.464273274362394
"21141","1250","Ec_N",353,21,21,"Ec",25,0,0,0,1,1,0.464273274362394
"21142","1250","Ec_N",353,22,22,"Ec",25,0,0,0,1,1,0.464273274362394
"21143","1250","Ec_N",353,23,23,"Ec",25,0,0,0,1,1,0.464273274362394
"21144","1250","Ec_N",353,24,24,"Ec",25,0,0,0,1,1,0.464273274362394
"21145","1250","Ec_N",353,25,25,"Ec",25,0,0,0,1,1,0.464273274362394
"21146","1250","Ec_N",353,26,26,"Ec",25,0,0,0,1,1,0.464273274362394
"21147","1250","Ec_N",353,27,27,"Ec",25,0,0,0,1,1,0.464273274362394
"21148","1250","Ec_N",353,28,28,"Ec",25,0,0,0,1,1,0.464273274362394
"21149","1250","Ec_N",353,29,29,"Ec",25,0,0,0,1,1,0.464273274362394
"21150","1250","Ec_N",353,30,30,"Ec",25,0,0,0,1,1,0.464273274362394
"21151","1250","Ec_N",353,31,31,"Ec",25,0,0,0,1,1,0.464273274362394
"21152","1250","Ec_N",353,32,32,"Ec",25,0,0,0,1,1,0.464273274362394
"21153","1250","Ec_N",353,33,33,"Ec",25,0,0,0,1,1,0.464273274362394
"21154","1250","Ec_N",353,34,34,"Ec",25,0,0,0,1,1,0.464273274362394
"21155","1250","Ec_N",353,35,35,"Ec",25,0,0,0,1,1,0.464273274362394
"21156","1250","Ec_N",353,36,36,"Ec",25,0,0,0,1,1,0.464273274362394
"21157","1250","Ec_N",353,37,37,"Ec",25,0,0,0,1,1,0.464273274362394
"21158","1250","Ec_N",353,38,38,"Ec",25,0,0,0,1,1,0.464273274362394
"21159","1250","Ec_N",353,39,39,"Ec",25,0,0,0,1,1,0.464273274362394
"21160","1250","Ec_N",353,40,40,"Ec",25,0,0,0,1,1,0.464273274362394
"21161","1250","Ec_N",353,41,41,"Ec",25,0,0,0,1,1,0.464273274362394
"21162","1250","Ec_N",353,42,42,"Ec",25,0,0,0,1,1,0.464273274362394
"21163","1250","Ec_N",353,43,43,"Ec",25,0,0,0,1,1,0.464273274362394
"21164","1250","Ec_N",353,44,44,"Ec",25,0,0,0,1,1,0.464273274362394
"21165","1250","Ec_N",353,45,45,"Ec",26,1,0,0,1,1,0.685285928822162
"21166","1250","Ec_N",353,46,46,"Ec",26,1,0,0,1,1,0.685285928822162
"21167","1250","Ec_N",353,47,47,"Ec",26,1,0,0,1,1,0.685285928822162
"21168","1250","Ec_N",353,48,48,"Ec",26,1,0,0,1,1,0.685285928822162
"21169","1250","Ec_N",353,49,49,"Ec",26,1,0,0,1,1,0.685285928822162
"21170","1250","Ec_N",353,50,50,"Ec",28,1,1,0,1,1,0.770762719311211
"21171","1250","Ec_N",353,51,51,"Ec",28,1,1,0,1,1,0.770762719311211
"21172","1250","Ec_N",353,52,52,"Ec",28,1,1,0,1,1,0.770762719311211
"21173","1250","Ec_N",353,53,53,"Ec",28,1,1,0,1,1,0.770762719311211
"21174","1250","Ec_N",353,54,54,"Ec",28,1,1,0,1,1,0.770762719311211
"21175","1250","Ec_N",353,55,55,"Ec",28,1,1,0,1,1,0.770762719311211
"21176","1250","Ec_N",353,56,56,"Ec",28,1,1,0,1,1,0.770762719311211
"21177","1250","Ec_N",353,57,57,"Ec",28,1,1,0,1,1,0.770762719311211
"21178","1250","Ec_N",353,58,58,"Ec",28,1,1,0,1,1,0.770762719311211
"21179","1250","Ec_N",353,59,59,"Ec",28,1,1,0,1,1,0.770762719311211
"21180","1250","Ec_N",353,60,60,"Ec",28,1,1,0,1,1,0.770762719311211
"21181","1250","Ec_N",354,1,1,"Ec",1,0,0,0,0,0,0
"21182","1250","Ec_N",354,2,2,"Ec",1,0,0,0,0,0,0
"21183","1250","Ec_N",354,3,3,"Ec",1,0,0,0,0,0,0
"21184","1250","Ec_N",354,4,4,"Ec",1,0,0,0,0,0,0
"21185","1250","Ec_N",354,5,5,"Ec",1,0,0,0,0,0,0
"21186","1250","Ec_N",354,6,6,"Ec",1,0,0,0,0,0,0
"21187","1250","Ec_N",354,7,7,"Ec",1,0,0,0,0,0,0
"21188","1250","Ec_N",354,8,8,"Ec",1,0,0,0,0,0,0
"21189","1250","Ec_N",354,9,9,"Ec",1,0,0,0,0,0,0
"21190","1250","Ec_N",354,10,10,"Ec",1,0,0,0,0,0,0
"21191","1250","Ec_N",354,11,11,"Ec",1,0,0,0,0,0,0
"21192","1250","Ec_N",354,12,12,"Ec",1,0,0,0,0,0,0
"21193","1250","Ec_N",354,13,13,"Ec",1,0,0,0,0,0,0
"21194","1250","Ec_N",354,14,14,"Ec",9,0,0,0,1,0,0.267745650041575
"21195","1250","Ec_N",354,15,15,"Ec",9,0,0,0,1,0,0.267745650041575
"21196","1250","Ec_N",354,16,16,"Ec",9,0,0,0,1,0,0.267745650041575
"21197","1250","Ec_N",354,17,17,"Ec",9,0,0,0,1,0,0.267745650041575
"21198","1250","Ec_N",354,18,18,"Ec",9,0,0,0,1,0,0.267745650041575
"21199","1250","Ec_N",354,19,19,"Ec",9,0,0,0,1,0,0.267745650041575
"21200","1250","Ec_N",354,20,20,"Ec",9,0,0,0,1,0,0.267745650041575
"21201","1250","Ec_N",354,21,21,"Ec",9,0,0,0,1,0,0.267745650041575
"21202","1250","Ec_N",354,22,22,"Ec",9,0,0,0,1,0,0.267745650041575
"21203","1250","Ec_N",354,23,23,"Ec",9,0,0,0,1,0,0.267745650041575
"21204","1250","Ec_N",354,24,24,"Ec",9,0,0,0,1,0,0.267745650041575
"21205","1250","Ec_N",354,25,25,"Ec",25,0,0,0,1,1,0.464273274362394
"21206","1250","Ec_N",354,26,26,"Ec",25,0,0,0,1,1,0.464273274362394
"21207","1250","Ec_N",354,27,27,"Ec",25,0,0,0,1,1,0.464273274362394
"21208","1250","Ec_N",354,28,28,"Ec",25,0,0,0,1,1,0.464273274362394
"21209","1250","Ec_N",354,29,29,"Ec",25,0,0,0,1,1,0.464273274362394
"21210","1250","Ec_N",354,30,30,"Ec",25,0,0,0,1,1,0.464273274362394
"21211","1250","Ec_N",354,31,31,"Ec",25,0,0,0,1,1,0.464273274362394
"21212","1250","Ec_N",354,32,32,"Ec",27,0,1,0,1,1,0.50104458373578
"21213","1250","Ec_N",354,33,33,"Ec",27,0,1,0,1,1,0.50104458373578
"21214","1250","Ec_N",354,34,34,"Ec",31,0,1,1,1,1,0.778987345540232
"21215","1250","Ec_N",354,35,35,"Ec",31,0,1,1,1,1,0.778987345540232
"21216","1250","Ec_N",354,36,36,"Ec",31,0,1,1,1,1,0.778987345540232
"21217","1250","Ec_N",354,37,37,"Ec",31,0,1,1,1,1,0.778987345540232
"21218","1250","Ec_N",354,38,38,"Ec",31,0,1,1,1,1,0.778987345540232
"21219","1250","Ec_N",354,39,39,"Ec",31,0,1,1,1,1,0.778987345540232
"21220","1250","Ec_N",354,40,40,"Ec",31,0,1,1,1,1,0.778987345540232
"21221","1250","Ec_N",354,41,41,"Ec",31,0,1,1,1,1,0.778987345540232
"21222","1250","Ec_N",354,42,42,"Ec",31,0,1,1,1,1,0.778987345540232
"21223","1250","Ec_N",354,43,43,"Ec",32,1,1,1,1,1,1
"21224","1250","Ec_N",354,44,44,"Ec",32,1,1,1,1,1,1
"21225","1250","Ec_N",354,45,45,"Ec",32,1,1,1,1,1,1
"21226","1250","Ec_N",354,46,46,"Ec",32,1,1,1,1,1,1
"21227","1250","Ec_N",354,47,47,"Ec",32,1,1,1,1,1,1
"21228","1250","Ec_N",354,48,48,"Ec",32,1,1,1,1,1,1
"21229","1250","Ec_N",354,49,49,"Ec",32,1,1,1,1,1,1
"21230","1250","Ec_N",354,50,50,"Ec",32,1,1,1,1,1,1
"21231","1250","Ec_N",354,51,51,"Ec",32,1,1,1,1,1,1
"21232","1250","Ec_N",354,52,52,"Ec",32,1,1,1,1,1,1
"21233","1250","Ec_N",354,53,53,"Ec",32,1,1,1,1,1,1
"21234","1250","Ec_N",354,54,54,"Ec",32,1,1,1,1,1,1
"21235","1250","Ec_N",354,55,55,"Ec",32,1,1,1,1,1,1
"21236","1250","Ec_N",354,56,56,"Ec",32,1,1,1,1,1,1
"21237","1250","Ec_N",354,57,57,"Ec",32,1,1,1,1,1,1
"21238","1250","Ec_N",354,58,58,"Ec",32,1,1,1,1,1,1
"21239","1250","Ec_N",354,59,59,"Ec",32,1,1,1,1,1,1
"21240","1250","Ec_N",354,60,60,"Ec",32,1,1,1,1,1,1
"21241","1250","Ec_N",355,1,1,"Ec",1,0,0,0,0,0,0
"21242","1250","Ec_N",355,2,2,"Ec",9,0,0,0,1,0,0.267745650041575
"21243","1250","Ec_N",355,3,3,"Ec",9,0,0,0,1,0,0.267745650041575
"21244","1250","Ec_N",355,4,4,"Ec",9,0,0,0,1,0,0.267745650041575
"21245","1250","Ec_N",355,5,5,"Ec",9,0,0,0,1,0,0.267745650041575
"21246","1250","Ec_N",355,6,6,"Ec",9,0,0,0,1,0,0.267745650041575
"21247","1250","Ec_N",355,7,7,"Ec",9,0,0,0,1,0,0.267745650041575
"21248","1250","Ec_N",355,8,8,"Ec",9,0,0,0,1,0,0.267745650041575
"21249","1250","Ec_N",355,9,9,"Ec",9,0,0,0,1,0,0.267745650041575
"21250","1250","Ec_N",355,10,10,"Ec",9,0,0,0,1,0,0.267745650041575
"21251","1250","Ec_N",355,11,11,"Ec",9,0,0,0,1,0,0.267745650041575
"21252","1250","Ec_N",355,12,12,"Ec",9,0,0,0,1,0,0.267745650041575
"21253","1250","Ec_N",355,13,13,"Ec",9,0,0,0,1,0,0.267745650041575
"21254","1250","Ec_N",355,14,14,"Ec",9,0,0,0,1,0,0.267745650041575
"21255","1250","Ec_N",355,15,15,"Ec",9,0,0,0,1,0,0.267745650041575
"21256","1250","Ec_N",355,16,16,"Ec",9,0,0,0,1,0,0.267745650041575
"21257","1250","Ec_N",355,17,17,"Ec",13,0,0,1,1,0,0.499809141804299
"21258","1250","Ec_N",355,18,18,"Ec",13,0,0,1,1,0,0.499809141804299
"21259","1250","Ec_N",355,19,19,"Ec",29,0,0,1,1,1,0.696336766125118
"21260","1250","Ec_N",355,20,20,"Ec",29,0,0,1,1,1,0.696336766125118
"21261","1250","Ec_N",355,21,21,"Ec",29,0,0,1,1,1,0.696336766125118
"21262","1250","Ec_N",355,22,22,"Ec",29,0,0,1,1,1,0.696336766125118
"21263","1250","Ec_N",355,23,23,"Ec",29,0,0,1,1,1,0.696336766125118
"21264","1250","Ec_N",355,24,24,"Ec",29,0,0,1,1,1,0.696336766125118
"21265","1250","Ec_N",355,25,25,"Ec",29,0,0,1,1,1,0.696336766125118
"21266","1250","Ec_N",355,26,26,"Ec",29,0,0,1,1,1,0.696336766125118
"21267","1250","Ec_N",355,27,27,"Ec",29,0,0,1,1,1,0.696336766125118
"21268","1250","Ec_N",355,28,28,"Ec",31,0,1,1,1,1,0.778987345540232
"21269","1250","Ec_N",355,29,29,"Ec",31,0,1,1,1,1,0.778987345540232
"21270","1250","Ec_N",355,30,30,"Ec",31,0,1,1,1,1,0.778987345540232
"21271","1250","Ec_N",355,31,31,"Ec",31,0,1,1,1,1,0.778987345540232
"21272","1250","Ec_N",355,32,32,"Ec",31,0,1,1,1,1,0.778987345540232
"21273","1250","Ec_N",355,33,33,"Ec",31,0,1,1,1,1,0.778987345540232
"21274","1250","Ec_N",355,34,34,"Ec",31,0,1,1,1,1,0.778987345540232
"21275","1250","Ec_N",355,35,35,"Ec",31,0,1,1,1,1,0.778987345540232
"21276","1250","Ec_N",355,36,36,"Ec",31,0,1,1,1,1,0.778987345540232
"21277","1250","Ec_N",355,37,37,"Ec",31,0,1,1,1,1,0.778987345540232
"21278","1250","Ec_N",355,38,38,"Ec",31,0,1,1,1,1,0.778987345540232
"21279","1250","Ec_N",355,39,39,"Ec",31,0,1,1,1,1,0.778987345540232
"21280","1250","Ec_N",355,40,40,"Ec",31,0,1,1,1,1,0.778987345540232
"21281","1250","Ec_N",355,41,41,"Ec",31,0,1,1,1,1,0.778987345540232
"21282","1250","Ec_N",355,42,42,"Ec",31,0,1,1,1,1,0.778987345540232
"21283","1250","Ec_N",355,43,43,"Ec",31,0,1,1,1,1,0.778987345540232
"21284","1250","Ec_N",355,44,44,"Ec",31,0,1,1,1,1,0.778987345540232
"21285","1250","Ec_N",355,45,45,"Ec",31,0,1,1,1,1,0.778987345540232
"21286","1250","Ec_N",355,46,46,"Ec",31,0,1,1,1,1,0.778987345540232
"21287","1250","Ec_N",355,47,47,"Ec",31,0,1,1,1,1,0.778987345540232
"21288","1250","Ec_N",355,48,48,"Ec",31,0,1,1,1,1,0.778987345540232
"21289","1250","Ec_N",355,49,49,"Ec",31,0,1,1,1,1,0.778987345540232
"21290","1250","Ec_N",355,50,50,"Ec",31,0,1,1,1,1,0.778987345540232
"21291","1250","Ec_N",355,51,51,"Ec",31,0,1,1,1,1,0.778987345540232
"21292","1250","Ec_N",355,52,52,"Ec",31,0,1,1,1,1,0.778987345540232
"21293","1250","Ec_N",355,53,53,"Ec",31,0,1,1,1,1,0.778987345540232
"21294","1250","Ec_N",355,54,54,"Ec",31,0,1,1,1,1,0.778987345540232
"21295","1250","Ec_N",355,55,55,"Ec",31,0,1,1,1,1,0.778987345540232
"21296","1250","Ec_N",355,56,56,"Ec",31,0,1,1,1,1,0.778987345540232
"21297","1250","Ec_N",355,57,57,"Ec",31,0,1,1,1,1,0.778987345540232
"21298","1250","Ec_N",355,58,58,"Ec",31,0,1,1,1,1,0.778987345540232
"21299","1250","Ec_N",355,59,59,"Ec",31,0,1,1,1,1,0.778987345540232
"21300","1250","Ec_N",355,60,60,"Ec",31,0,1,1,1,1,0.778987345540232
"21301","1250","Ec_N",356,1,1,"Ec",1,0,0,0,0,0,0
"21302","1250","Ec_N",356,2,2,"Ec",1,0,0,0,0,0,0
"21303","1250","Ec_N",356,3,3,"Ec",1,0,0,0,0,0,0
"21304","1250","Ec_N",356,4,4,"Ec",1,0,0,0,0,0,0
"21305","1250","Ec_N",356,5,5,"Ec",5,0,0,1,0,0,0.232063491762724
"21306","1250","Ec_N",356,6,6,"Ec",5,0,0,1,0,0,0.232063491762724
"21307","1250","Ec_N",356,7,7,"Ec",5,0,0,1,0,0,0.232063491762724
"21308","1250","Ec_N",356,8,8,"Ec",5,0,0,1,0,0,0.232063491762724
"21309","1250","Ec_N",356,9,9,"Ec",5,0,0,1,0,0,0.232063491762724
"21310","1250","Ec_N",356,10,10,"Ec",5,0,0,1,0,0,0.232063491762724
"21311","1250","Ec_N",356,11,11,"Ec",5,0,0,1,0,0,0.232063491762724
"21312","1250","Ec_N",356,12,12,"Ec",5,0,0,1,0,0,0.232063491762724
"21313","1250","Ec_N",356,13,13,"Ec",21,0,0,1,0,1,0.428591116083543
"21314","1250","Ec_N",356,14,14,"Ec",21,0,0,1,0,1,0.428591116083543
"21315","1250","Ec_N",356,15,15,"Ec",22,1,0,1,0,1,0.649603770543311
"21316","1250","Ec_N",356,16,16,"Ec",22,1,0,1,0,1,0.649603770543311
"21317","1250","Ec_N",356,17,17,"Ec",30,1,0,1,1,1,0.981696467924213
"21318","1250","Ec_N",356,18,18,"Ec",30,1,0,1,1,1,0.981696467924213
"21319","1250","Ec_N",356,19,19,"Ec",30,1,0,1,1,1,0.981696467924213
"21320","1250","Ec_N",356,20,20,"Ec",30,1,0,1,1,1,0.981696467924213
"21321","1250","Ec_N",356,21,21,"Ec",30,1,0,1,1,1,0.981696467924213
"21322","1250","Ec_N",356,22,22,"Ec",30,1,0,1,1,1,0.981696467924213
"21323","1250","Ec_N",356,23,23,"Ec",30,1,0,1,1,1,0.981696467924213
"21324","1250","Ec_N",356,24,24,"Ec",30,1,0,1,1,1,0.981696467924213
"21325","1250","Ec_N",356,25,25,"Ec",30,1,0,1,1,1,0.981696467924213
"21326","1250","Ec_N",356,26,26,"Ec",30,1,0,1,1,1,0.981696467924213
"21327","1250","Ec_N",356,27,27,"Ec",30,1,0,1,1,1,0.981696467924213
"21328","1250","Ec_N",356,28,28,"Ec",30,1,0,1,1,1,0.981696467924213
"21329","1250","Ec_N",356,29,29,"Ec",30,1,0,1,1,1,0.981696467924213
"21330","1250","Ec_N",356,30,30,"Ec",30,1,0,1,1,1,0.981696467924213
"21331","1250","Ec_N",356,31,31,"Ec",30,1,0,1,1,1,0.981696467924213
"21332","1250","Ec_N",356,32,32,"Ec",30,1,0,1,1,1,0.981696467924213
"21333","1250","Ec_N",356,33,33,"Ec",30,1,0,1,1,1,0.981696467924213
"21334","1250","Ec_N",356,34,34,"Ec",32,1,1,1,1,1,1
"21335","1250","Ec_N",356,35,35,"Ec",32,1,1,1,1,1,1
"21336","1250","Ec_N",356,36,36,"Ec",32,1,1,1,1,1,1
"21337","1250","Ec_N",356,37,37,"Ec",32,1,1,1,1,1,1
"21338","1250","Ec_N",356,38,38,"Ec",32,1,1,1,1,1,1
"21339","1250","Ec_N",356,39,39,"Ec",32,1,1,1,1,1,1
"21340","1250","Ec_N",356,40,40,"Ec",32,1,1,1,1,1,1
"21341","1250","Ec_N",356,41,41,"Ec",32,1,1,1,1,1,1
"21342","1250","Ec_N",356,42,42,"Ec",32,1,1,1,1,1,1
"21343","1250","Ec_N",356,43,43,"Ec",32,1,1,1,1,1,1
"21344","1250","Ec_N",356,44,44,"Ec",32,1,1,1,1,1,1
"21345","1250","Ec_N",356,45,45,"Ec",32,1,1,1,1,1,1
"21346","1250","Ec_N",356,46,46,"Ec",32,1,1,1,1,1,1
"21347","1250","Ec_N",356,47,47,"Ec",32,1,1,1,1,1,1
"21348","1250","Ec_N",356,48,48,"Ec",32,1,1,1,1,1,1
"21349","1250","Ec_N",356,49,49,"Ec",32,1,1,1,1,1,1
"21350","1250","Ec_N",356,50,50,"Ec",32,1,1,1,1,1,1
"21351","1250","Ec_N",356,51,51,"Ec",32,1,1,1,1,1,1
"21352","1250","Ec_N",356,52,52,"Ec",32,1,1,1,1,1,1
"21353","1250","Ec_N",356,53,53,"Ec",32,1,1,1,1,1,1
"21354","1250","Ec_N",356,54,54,"Ec",32,1,1,1,1,1,1
"21355","1250","Ec_N",356,55,55,"Ec",32,1,1,1,1,1,1
"21356","1250","Ec_N",356,56,56,"Ec",32,1,1,1,1,1,1
"21357","1250","Ec_N",356,57,57,"Ec",32,1,1,1,1,1,1
"21358","1250","Ec_N",356,58,58,"Ec",32,1,1,1,1,1,1
"21359","1250","Ec_N",356,59,59,"Ec",32,1,1,1,1,1,1
"21360","1250","Ec_N",356,60,60,"Ec",32,1,1,1,1,1,1
"21361","1250","Ec_N",357,1,1,"Ec",1,0,0,0,0,0,0
"21362","1250","Ec_N",357,2,2,"Ec",1,0,0,0,0,0,0
"21363","1250","Ec_N",357,3,3,"Ec",1,0,0,0,0,0,0
"21364","1250","Ec_N",357,4,4,"Ec",1,0,0,0,0,0,0
"21365","1250","Ec_N",357,5,5,"Ec",1,0,0,0,0,0,0
"21366","1250","Ec_N",357,6,6,"Ec",17,0,0,0,0,1,0.14692246949649
"21367","1250","Ec_N",357,7,7,"Ec",17,0,0,0,0,1,0.14692246949649
"21368","1250","Ec_N",357,8,8,"Ec",17,0,0,0,0,1,0.14692246949649
"21369","1250","Ec_N",357,9,9,"Ec",17,0,0,0,0,1,0.14692246949649
"21370","1250","Ec_N",357,10,10,"Ec",17,0,0,0,0,1,0.14692246949649
"21371","1250","Ec_N",357,11,11,"Ec",25,0,0,0,1,1,0.464273274362394
"21372","1250","Ec_N",357,12,12,"Ec",25,0,0,0,1,1,0.464273274362394
"21373","1250","Ec_N",357,13,13,"Ec",25,0,0,0,1,1,0.464273274362394
"21374","1250","Ec_N",357,14,14,"Ec",25,0,0,0,1,1,0.464273274362394
"21375","1250","Ec_N",357,15,15,"Ec",25,0,0,0,1,1,0.464273274362394
"21376","1250","Ec_N",357,16,16,"Ec",25,0,0,0,1,1,0.464273274362394
"21377","1250","Ec_N",357,17,17,"Ec",25,0,0,0,1,1,0.464273274362394
"21378","1250","Ec_N",357,18,18,"Ec",25,0,0,0,1,1,0.464273274362394
"21379","1250","Ec_N",357,19,19,"Ec",25,0,0,0,1,1,0.464273274362394
"21380","1250","Ec_N",357,20,20,"Ec",25,0,0,0,1,1,0.464273274362394
"21381","1250","Ec_N",357,21,21,"Ec",25,0,0,0,1,1,0.464273274362394
"21382","1250","Ec_N",357,22,22,"Ec",25,0,0,0,1,1,0.464273274362394
"21383","1250","Ec_N",357,23,23,"Ec",25,0,0,0,1,1,0.464273274362394
"21384","1250","Ec_N",357,24,24,"Ec",25,0,0,0,1,1,0.464273274362394
"21385","1250","Ec_N",357,25,25,"Ec",25,0,0,0,1,1,0.464273274362394
"21386","1250","Ec_N",357,26,26,"Ec",25,0,0,0,1,1,0.464273274362394
"21387","1250","Ec_N",357,27,27,"Ec",25,0,0,0,1,1,0.464273274362394
"21388","1250","Ec_N",357,28,28,"Ec",25,0,0,0,1,1,0.464273274362394
"21389","1250","Ec_N",357,29,29,"Ec",25,0,0,0,1,1,0.464273274362394
"21390","1250","Ec_N",357,30,30,"Ec",25,0,0,0,1,1,0.464273274362394
"21391","1250","Ec_N",357,31,31,"Ec",25,0,0,0,1,1,0.464273274362394
"21392","1250","Ec_N",357,32,32,"Ec",25,0,0,0,1,1,0.464273274362394
"21393","1250","Ec_N",357,33,33,"Ec",26,1,0,0,1,1,0.685285928822162
"21394","1250","Ec_N",357,34,34,"Ec",28,1,1,0,1,1,0.770762719311211
"21395","1250","Ec_N",357,35,35,"Ec",28,1,1,0,1,1,0.770762719311211
"21396","1250","Ec_N",357,36,36,"Ec",28,1,1,0,1,1,0.770762719311211
"21397","1250","Ec_N",357,37,37,"Ec",28,1,1,0,1,1,0.770762719311211
"21398","1250","Ec_N",357,38,38,"Ec",28,1,1,0,1,1,0.770762719311211
"21399","1250","Ec_N",357,39,39,"Ec",28,1,1,0,1,1,0.770762719311211
"21400","1250","Ec_N",357,40,40,"Ec",28,1,1,0,1,1,0.770762719311211
"21401","1250","Ec_N",357,41,41,"Ec",28,1,1,0,1,1,0.770762719311211
"21402","1250","Ec_N",357,42,42,"Ec",28,1,1,0,1,1,0.770762719311211
"21403","1250","Ec_N",357,43,43,"Ec",28,1,1,0,1,1,0.770762719311211
"21404","1250","Ec_N",357,44,44,"Ec",28,1,1,0,1,1,0.770762719311211
"21405","1250","Ec_N",357,45,45,"Ec",28,1,1,0,1,1,0.770762719311211
"21406","1250","Ec_N",357,46,46,"Ec",32,1,1,1,1,1,1
"21407","1250","Ec_N",357,47,47,"Ec",32,1,1,1,1,1,1
"21408","1250","Ec_N",357,48,48,"Ec",32,1,1,1,1,1,1
"21409","1250","Ec_N",357,49,49,"Ec",32,1,1,1,1,1,1
"21410","1250","Ec_N",357,50,50,"Ec",32,1,1,1,1,1,1
"21411","1250","Ec_N",357,51,51,"Ec",32,1,1,1,1,1,1
"21412","1250","Ec_N",357,52,52,"Ec",32,1,1,1,1,1,1
"21413","1250","Ec_N",357,53,53,"Ec",32,1,1,1,1,1,1
"21414","1250","Ec_N",357,54,54,"Ec",32,1,1,1,1,1,1
"21415","1250","Ec_N",357,55,55,"Ec",32,1,1,1,1,1,1
"21416","1250","Ec_N",357,56,56,"Ec",32,1,1,1,1,1,1
"21417","1250","Ec_N",357,57,57,"Ec",32,1,1,1,1,1,1
"21418","1250","Ec_N",357,58,58,"Ec",32,1,1,1,1,1,1
"21419","1250","Ec_N",357,59,59,"Ec",32,1,1,1,1,1,1
"21420","1250","Ec_N",357,60,60,"Ec",32,1,1,1,1,1,1
"21421","1250","Ec_N",358,1,1,"Ec",1,0,0,0,0,0,0
"21422","1250","Ec_N",358,2,2,"Ec",17,0,0,0,0,1,0.14692246949649
"21423","1250","Ec_N",358,3,3,"Ec",17,0,0,0,0,1,0.14692246949649
"21424","1250","Ec_N",358,4,4,"Ec",17,0,0,0,0,1,0.14692246949649
"21425","1250","Ec_N",358,5,5,"Ec",17,0,0,0,0,1,0.14692246949649
"21426","1250","Ec_N",358,6,6,"Ec",17,0,0,0,0,1,0.14692246949649
"21427","1250","Ec_N",358,7,7,"Ec",21,0,0,1,0,1,0.428591116083543
"21428","1250","Ec_N",358,8,8,"Ec",21,0,0,1,0,1,0.428591116083543
"21429","1250","Ec_N",358,9,9,"Ec",21,0,0,1,0,1,0.428591116083543
"21430","1250","Ec_N",358,10,10,"Ec",21,0,0,1,0,1,0.428591116083543
"21431","1250","Ec_N",358,11,11,"Ec",21,0,0,1,0,1,0.428591116083543
"21432","1250","Ec_N",358,12,12,"Ec",21,0,0,1,0,1,0.428591116083543
"21433","1250","Ec_N",358,13,13,"Ec",21,0,0,1,0,1,0.428591116083543
"21434","1250","Ec_N",358,14,14,"Ec",22,1,0,1,0,1,0.649603770543311
"21435","1250","Ec_N",358,15,15,"Ec",22,1,0,1,0,1,0.649603770543311
"21436","1250","Ec_N",358,16,16,"Ec",22,1,0,1,0,1,0.649603770543311
"21437","1250","Ec_N",358,17,17,"Ec",22,1,0,1,0,1,0.649603770543311
"21438","1250","Ec_N",358,18,18,"Ec",22,1,0,1,0,1,0.649603770543311
"21439","1250","Ec_N",358,19,19,"Ec",30,1,0,1,1,1,0.981696467924213
"21440","1250","Ec_N",358,20,20,"Ec",30,1,0,1,1,1,0.981696467924213
"21441","1250","Ec_N",358,21,21,"Ec",30,1,0,1,1,1,0.981696467924213
"21442","1250","Ec_N",358,22,22,"Ec",30,1,0,1,1,1,0.981696467924213
"21443","1250","Ec_N",358,23,23,"Ec",30,1,0,1,1,1,0.981696467924213
"21444","1250","Ec_N",358,24,24,"Ec",30,1,0,1,1,1,0.981696467924213
"21445","1250","Ec_N",358,25,25,"Ec",30,1,0,1,1,1,0.981696467924213
"21446","1250","Ec_N",358,26,26,"Ec",30,1,0,1,1,1,0.981696467924213
"21447","1250","Ec_N",358,27,27,"Ec",30,1,0,1,1,1,0.981696467924213
"21448","1250","Ec_N",358,28,28,"Ec",30,1,0,1,1,1,0.981696467924213
"21449","1250","Ec_N",358,29,29,"Ec",30,1,0,1,1,1,0.981696467924213
"21450","1250","Ec_N",358,30,30,"Ec",30,1,0,1,1,1,0.981696467924213
"21451","1250","Ec_N",358,31,31,"Ec",30,1,0,1,1,1,0.981696467924213
"21452","1250","Ec_N",358,32,32,"Ec",30,1,0,1,1,1,0.981696467924213
"21453","1250","Ec_N",358,33,33,"Ec",30,1,0,1,1,1,0.981696467924213
"21454","1250","Ec_N",358,34,34,"Ec",30,1,0,1,1,1,0.981696467924213
"21455","1250","Ec_N",358,35,35,"Ec",30,1,0,1,1,1,0.981696467924213
"21456","1250","Ec_N",358,36,36,"Ec",30,1,0,1,1,1,0.981696467924213
"21457","1250","Ec_N",358,37,37,"Ec",30,1,0,1,1,1,0.981696467924213
"21458","1250","Ec_N",358,38,38,"Ec",32,1,1,1,1,1,1
"21459","1250","Ec_N",358,39,39,"Ec",32,1,1,1,1,1,1
"21460","1250","Ec_N",358,40,40,"Ec",32,1,1,1,1,1,1
"21461","1250","Ec_N",358,41,41,"Ec",32,1,1,1,1,1,1
"21462","1250","Ec_N",358,42,42,"Ec",32,1,1,1,1,1,1
"21463","1250","Ec_N",358,43,43,"Ec",32,1,1,1,1,1,1
"21464","1250","Ec_N",358,44,44,"Ec",32,1,1,1,1,1,1
"21465","1250","Ec_N",358,45,45,"Ec",32,1,1,1,1,1,1
"21466","1250","Ec_N",358,46,46,"Ec",32,1,1,1,1,1,1
"21467","1250","Ec_N",358,47,47,"Ec",32,1,1,1,1,1,1
"21468","1250","Ec_N",358,48,48,"Ec",32,1,1,1,1,1,1
"21469","1250","Ec_N",358,49,49,"Ec",32,1,1,1,1,1,1
"21470","1250","Ec_N",358,50,50,"Ec",32,1,1,1,1,1,1
"21471","1250","Ec_N",358,51,51,"Ec",32,1,1,1,1,1,1
"21472","1250","Ec_N",358,52,52,"Ec",32,1,1,1,1,1,1
"21473","1250","Ec_N",358,53,53,"Ec",32,1,1,1,1,1,1
"21474","1250","Ec_N",358,54,54,"Ec",32,1,1,1,1,1,1
"21475","1250","Ec_N",358,55,55,"Ec",32,1,1,1,1,1,1
"21476","1250","Ec_N",358,56,56,"Ec",32,1,1,1,1,1,1
"21477","1250","Ec_N",358,57,57,"Ec",32,1,1,1,1,1,1
"21478","1250","Ec_N",358,58,58,"Ec",32,1,1,1,1,1,1
"21479","1250","Ec_N",358,59,59,"Ec",32,1,1,1,1,1,1
"21480","1250","Ec_N",358,60,60,"Ec",32,1,1,1,1,1,1
"21481","1250","Ec_N",359,1,1,"Ec",1,0,0,0,0,0,0
"21482","1250","Ec_N",359,2,2,"Ec",9,0,0,0,1,0,0.267745650041575
"21483","1250","Ec_N",359,3,3,"Ec",9,0,0,0,1,0,0.267745650041575
"21484","1250","Ec_N",359,4,4,"Ec",9,0,0,0,1,0,0.267745650041575
"21485","1250","Ec_N",359,5,5,"Ec",9,0,0,0,1,0,0.267745650041575
"21486","1250","Ec_N",359,6,6,"Ec",13,0,0,1,1,0,0.499809141804299
"21487","1250","Ec_N",359,7,7,"Ec",13,0,0,1,1,0,0.499809141804299
"21488","1250","Ec_N",359,8,8,"Ec",13,0,0,1,1,0,0.499809141804299
"21489","1250","Ec_N",359,9,9,"Ec",13,0,0,1,1,0,0.499809141804299
"21490","1250","Ec_N",359,10,10,"Ec",13,0,0,1,1,0,0.499809141804299
"21491","1250","Ec_N",359,11,11,"Ec",13,0,0,1,1,0,0.499809141804299
"21492","1250","Ec_N",359,12,12,"Ec",13,0,0,1,1,0,0.499809141804299
"21493","1250","Ec_N",359,13,13,"Ec",13,0,0,1,1,0,0.499809141804299
"21494","1250","Ec_N",359,14,14,"Ec",13,0,0,1,1,0,0.499809141804299
"21495","1250","Ec_N",359,15,15,"Ec",13,0,0,1,1,0,0.499809141804299
"21496","1250","Ec_N",359,16,16,"Ec",13,0,0,1,1,0,0.499809141804299
"21497","1250","Ec_N",359,17,17,"Ec",13,0,0,1,1,0,0.499809141804299
"21498","1250","Ec_N",359,18,18,"Ec",13,0,0,1,1,0,0.499809141804299
"21499","1250","Ec_N",359,19,19,"Ec",29,0,0,1,1,1,0.696336766125118
"21500","1250","Ec_N",359,20,20,"Ec",29,0,0,1,1,1,0.696336766125118
"21501","1250","Ec_N",359,21,21,"Ec",29,0,0,1,1,1,0.696336766125118
"21502","1250","Ec_N",359,22,22,"Ec",29,0,0,1,1,1,0.696336766125118
"21503","1250","Ec_N",359,23,23,"Ec",29,0,0,1,1,1,0.696336766125118
"21504","1250","Ec_N",359,24,24,"Ec",30,1,0,1,1,1,0.981696467924213
"21505","1250","Ec_N",359,25,25,"Ec",30,1,0,1,1,1,0.981696467924213
"21506","1250","Ec_N",359,26,26,"Ec",30,1,0,1,1,1,0.981696467924213
"21507","1250","Ec_N",359,27,27,"Ec",30,1,0,1,1,1,0.981696467924213
"21508","1250","Ec_N",359,28,28,"Ec",30,1,0,1,1,1,0.981696467924213
"21509","1250","Ec_N",359,29,29,"Ec",30,1,0,1,1,1,0.981696467924213
"21510","1250","Ec_N",359,30,30,"Ec",30,1,0,1,1,1,0.981696467924213
"21511","1250","Ec_N",359,31,31,"Ec",30,1,0,1,1,1,0.981696467924213
"21512","1250","Ec_N",359,32,32,"Ec",30,1,0,1,1,1,0.981696467924213
"21513","1250","Ec_N",359,33,33,"Ec",30,1,0,1,1,1,0.981696467924213
"21514","1250","Ec_N",359,34,34,"Ec",32,1,1,1,1,1,1
"21515","1250","Ec_N",359,35,35,"Ec",32,1,1,1,1,1,1
"21516","1250","Ec_N",359,36,36,"Ec",32,1,1,1,1,1,1
"21517","1250","Ec_N",359,37,37,"Ec",32,1,1,1,1,1,1
"21518","1250","Ec_N",359,38,38,"Ec",32,1,1,1,1,1,1
"21519","1250","Ec_N",359,39,39,"Ec",32,1,1,1,1,1,1
"21520","1250","Ec_N",359,40,40,"Ec",32,1,1,1,1,1,1
"21521","1250","Ec_N",359,41,41,"Ec",32,1,1,1,1,1,1
"21522","1250","Ec_N",359,42,42,"Ec",32,1,1,1,1,1,1
"21523","1250","Ec_N",359,43,43,"Ec",32,1,1,1,1,1,1
"21524","1250","Ec_N",359,44,44,"Ec",32,1,1,1,1,1,1
"21525","1250","Ec_N",359,45,45,"Ec",32,1,1,1,1,1,1
"21526","1250","Ec_N",359,46,46,"Ec",32,1,1,1,1,1,1
"21527","1250","Ec_N",359,47,47,"Ec",32,1,1,1,1,1,1
"21528","1250","Ec_N",359,48,48,"Ec",32,1,1,1,1,1,1
"21529","1250","Ec_N",359,49,49,"Ec",32,1,1,1,1,1,1
"21530","1250","Ec_N",359,50,50,"Ec",32,1,1,1,1,1,1
"21531","1250","Ec_N",359,51,51,"Ec",32,1,1,1,1,1,1
"21532","1250","Ec_N",359,52,52,"Ec",32,1,1,1,1,1,1
"21533","1250","Ec_N",359,53,53,"Ec",32,1,1,1,1,1,1
"21534","1250","Ec_N",359,54,54,"Ec",32,1,1,1,1,1,1
"21535","1250","Ec_N",359,55,55,"Ec",32,1,1,1,1,1,1
"21536","1250","Ec_N",359,56,56,"Ec",32,1,1,1,1,1,1
"21537","1250","Ec_N",359,57,57,"Ec",32,1,1,1,1,1,1
"21538","1250","Ec_N",359,58,58,"Ec",32,1,1,1,1,1,1
"21539","1250","Ec_N",359,59,59,"Ec",32,1,1,1,1,1,1
"21540","1250","Ec_N",359,60,60,"Ec",32,1,1,1,1,1,1
"21541","1250","Ec_N",360,1,1,"Ec",1,0,0,0,0,0,0
"21542","1250","Ec_N",360,2,2,"Ec",1,0,0,0,0,0,0
"21543","1250","Ec_N",360,3,3,"Ec",1,0,0,0,0,0,0
"21544","1250","Ec_N",360,4,4,"Ec",1,0,0,0,0,0,0
"21545","1250","Ec_N",360,5,5,"Ec",1,0,0,0,0,0,0
"21546","1250","Ec_N",360,6,6,"Ec",1,0,0,0,0,0,0
"21547","1250","Ec_N",360,7,7,"Ec",1,0,0,0,0,0,0
"21548","1250","Ec_N",360,8,8,"Ec",9,0,0,0,1,0,0.267745650041575
"21549","1250","Ec_N",360,9,9,"Ec",9,0,0,0,1,0,0.267745650041575
"21550","1250","Ec_N",360,10,10,"Ec",9,0,0,0,1,0,0.267745650041575
"21551","1250","Ec_N",360,11,11,"Ec",9,0,0,0,1,0,0.267745650041575
"21552","1250","Ec_N",360,12,12,"Ec",9,0,0,0,1,0,0.267745650041575
"21553","1250","Ec_N",360,13,13,"Ec",9,0,0,0,1,0,0.267745650041575
"21554","1250","Ec_N",360,14,14,"Ec",9,0,0,0,1,0,0.267745650041575
"21555","1250","Ec_N",360,15,15,"Ec",9,0,0,0,1,0,0.267745650041575
"21556","1250","Ec_N",360,16,16,"Ec",9,0,0,0,1,0,0.267745650041575
"21557","1250","Ec_N",360,17,17,"Ec",9,0,0,0,1,0,0.267745650041575
"21558","1250","Ec_N",360,18,18,"Ec",9,0,0,0,1,0,0.267745650041575
"21559","1250","Ec_N",360,19,19,"Ec",25,0,0,0,1,1,0.464273274362394
"21560","1250","Ec_N",360,20,20,"Ec",25,0,0,0,1,1,0.464273274362394
"21561","1250","Ec_N",360,21,21,"Ec",27,0,1,0,1,1,0.50104458373578
"21562","1250","Ec_N",360,22,22,"Ec",27,0,1,0,1,1,0.50104458373578
"21563","1250","Ec_N",360,23,23,"Ec",27,0,1,0,1,1,0.50104458373578
"21564","1250","Ec_N",360,24,24,"Ec",27,0,1,0,1,1,0.50104458373578
"21565","1250","Ec_N",360,25,25,"Ec",31,0,1,1,1,1,0.778987345540232
"21566","1250","Ec_N",360,26,26,"Ec",32,1,1,1,1,1,1
"21567","1250","Ec_N",360,27,27,"Ec",32,1,1,1,1,1,1
"21568","1250","Ec_N",360,28,28,"Ec",32,1,1,1,1,1,1
"21569","1250","Ec_N",360,29,29,"Ec",32,1,1,1,1,1,1
"21570","1250","Ec_N",360,30,30,"Ec",32,1,1,1,1,1,1
"21571","1250","Ec_N",360,31,31,"Ec",32,1,1,1,1,1,1
"21572","1250","Ec_N",360,32,32,"Ec",32,1,1,1,1,1,1
"21573","1250","Ec_N",360,33,33,"Ec",32,1,1,1,1,1,1
"21574","1250","Ec_N",360,34,34,"Ec",32,1,1,1,1,1,1
"21575","1250","Ec_N",360,35,35,"Ec",32,1,1,1,1,1,1
"21576","1250","Ec_N",360,36,36,"Ec",32,1,1,1,1,1,1
"21577","1250","Ec_N",360,37,37,"Ec",32,1,1,1,1,1,1
"21578","1250","Ec_N",360,38,38,"Ec",32,1,1,1,1,1,1
"21579","1250","Ec_N",360,39,39,"Ec",32,1,1,1,1,1,1
"21580","1250","Ec_N",360,40,40,"Ec",32,1,1,1,1,1,1
"21581","1250","Ec_N",360,41,41,"Ec",32,1,1,1,1,1,1
"21582","1250","Ec_N",360,42,42,"Ec",32,1,1,1,1,1,1
"21583","1250","Ec_N",360,43,43,"Ec",32,1,1,1,1,1,1
"21584","1250","Ec_N",360,44,44,"Ec",32,1,1,1,1,1,1
"21585","1250","Ec_N",360,45,45,"Ec",32,1,1,1,1,1,1
"21586","1250","Ec_N",360,46,46,"Ec",32,1,1,1,1,1,1
"21587","1250","Ec_N",360,47,47,"Ec",32,1,1,1,1,1,1
"21588","1250","Ec_N",360,48,48,"Ec",32,1,1,1,1,1,1
"21589","1250","Ec_N",360,49,49,"Ec",32,1,1,1,1,1,1
"21590","1250","Ec_N",360,50,50,"Ec",32,1,1,1,1,1,1
"21591","1250","Ec_N",360,51,51,"Ec",32,1,1,1,1,1,1
"21592","1250","Ec_N",360,52,52,"Ec",32,1,1,1,1,1,1
"21593","1250","Ec_N",360,53,53,"Ec",32,1,1,1,1,1,1
"21594","1250","Ec_N",360,54,54,"Ec",32,1,1,1,1,1,1
"21595","1250","Ec_N",360,55,55,"Ec",32,1,1,1,1,1,1
"21596","1250","Ec_N",360,56,56,"Ec",32,1,1,1,1,1,1
"21597","1250","Ec_N",360,57,57,"Ec",32,1,1,1,1,1,1
"21598","1250","Ec_N",360,58,58,"Ec",32,1,1,1,1,1,1
"21599","1250","Ec_N",360,59,59,"Ec",32,1,1,1,1,1,1
"21600","1250","Ec_N",360,60,60,"Ec",32,1,1,1,1,1,1
"21601","1250","Ec_N",361,1,1,"Ec",1,0,0,0,0,0,0
"21602","1250","Ec_N",361,2,2,"Ec",1,0,0,0,0,0,0
"21603","1250","Ec_N",361,3,3,"Ec",1,0,0,0,0,0,0
"21604","1250","Ec_N",361,4,4,"Ec",1,0,0,0,0,0,0
"21605","1250","Ec_N",361,5,5,"Ec",1,0,0,0,0,0,0
"21606","1250","Ec_N",361,6,6,"Ec",1,0,0,0,0,0,0
"21607","1250","Ec_N",361,7,7,"Ec",1,0,0,0,0,0,0
"21608","1250","Ec_N",361,8,8,"Ec",1,0,0,0,0,0,0
"21609","1250","Ec_N",361,9,9,"Ec",1,0,0,0,0,0,0
"21610","1250","Ec_N",361,10,10,"Ec",1,0,0,0,0,0,0
"21611","1250","Ec_N",361,11,11,"Ec",1,0,0,0,0,0,0
"21612","1250","Ec_N",361,12,12,"Ec",1,0,0,0,0,0,0
"21613","1250","Ec_N",361,13,13,"Ec",1,0,0,0,0,0,0
"21614","1250","Ec_N",361,14,14,"Ec",1,0,0,0,0,0,0
"21615","1250","Ec_N",361,15,15,"Ec",17,0,0,0,0,1,0.14692246949649
"21616","1250","Ec_N",361,16,16,"Ec",17,0,0,0,0,1,0.14692246949649
"21617","1250","Ec_N",361,17,17,"Ec",17,0,0,0,0,1,0.14692246949649
"21618","1250","Ec_N",361,18,18,"Ec",21,0,0,1,0,1,0.428591116083543
"21619","1250","Ec_N",361,19,19,"Ec",29,0,0,1,1,1,0.696336766125118
"21620","1250","Ec_N",361,20,20,"Ec",29,0,0,1,1,1,0.696336766125118
"21621","1250","Ec_N",361,21,21,"Ec",29,0,0,1,1,1,0.696336766125118
"21622","1250","Ec_N",361,22,22,"Ec",29,0,0,1,1,1,0.696336766125118
"21623","1250","Ec_N",361,23,23,"Ec",29,0,0,1,1,1,0.696336766125118
"21624","1250","Ec_N",361,24,24,"Ec",29,0,0,1,1,1,0.696336766125118
"21625","1250","Ec_N",361,25,25,"Ec",29,0,0,1,1,1,0.696336766125118
"21626","1250","Ec_N",361,26,26,"Ec",29,0,0,1,1,1,0.696336766125118
"21627","1250","Ec_N",361,27,27,"Ec",29,0,0,1,1,1,0.696336766125118
"21628","1250","Ec_N",361,28,28,"Ec",29,0,0,1,1,1,0.696336766125118
"21629","1250","Ec_N",361,29,29,"Ec",29,0,0,1,1,1,0.696336766125118
"21630","1250","Ec_N",361,30,30,"Ec",29,0,0,1,1,1,0.696336766125118
"21631","1250","Ec_N",361,31,31,"Ec",30,1,0,1,1,1,0.981696467924213
"21632","1250","Ec_N",361,32,32,"Ec",30,1,0,1,1,1,0.981696467924213
"21633","1250","Ec_N",361,33,33,"Ec",30,1,0,1,1,1,0.981696467924213
"21634","1250","Ec_N",361,34,34,"Ec",30,1,0,1,1,1,0.981696467924213
"21635","1250","Ec_N",361,35,35,"Ec",30,1,0,1,1,1,0.981696467924213
"21636","1250","Ec_N",361,36,36,"Ec",30,1,0,1,1,1,0.981696467924213
"21637","1250","Ec_N",361,37,37,"Ec",30,1,0,1,1,1,0.981696467924213
"21638","1250","Ec_N",361,38,38,"Ec",30,1,0,1,1,1,0.981696467924213
"21639","1250","Ec_N",361,39,39,"Ec",30,1,0,1,1,1,0.981696467924213
"21640","1250","Ec_N",361,40,40,"Ec",30,1,0,1,1,1,0.981696467924213
"21641","1250","Ec_N",361,41,41,"Ec",30,1,0,1,1,1,0.981696467924213
"21642","1250","Ec_N",361,42,42,"Ec",30,1,0,1,1,1,0.981696467924213
"21643","1250","Ec_N",361,43,43,"Ec",30,1,0,1,1,1,0.981696467924213
"21644","1250","Ec_N",361,44,44,"Ec",30,1,0,1,1,1,0.981696467924213
"21645","1250","Ec_N",361,45,45,"Ec",30,1,0,1,1,1,0.981696467924213
"21646","1250","Ec_N",361,46,46,"Ec",30,1,0,1,1,1,0.981696467924213
"21647","1250","Ec_N",361,47,47,"Ec",30,1,0,1,1,1,0.981696467924213
"21648","1250","Ec_N",361,48,48,"Ec",30,1,0,1,1,1,0.981696467924213
"21649","1250","Ec_N",361,49,49,"Ec",30,1,0,1,1,1,0.981696467924213
"21650","1250","Ec_N",361,50,50,"Ec",30,1,0,1,1,1,0.981696467924213
"21651","1250","Ec_N",361,51,51,"Ec",30,1,0,1,1,1,0.981696467924213
"21652","1250","Ec_N",361,52,52,"Ec",30,1,0,1,1,1,0.981696467924213
"21653","1250","Ec_N",361,53,53,"Ec",30,1,0,1,1,1,0.981696467924213
"21654","1250","Ec_N",361,54,54,"Ec",30,1,0,1,1,1,0.981696467924213
"21655","1250","Ec_N",361,55,55,"Ec",32,1,1,1,1,1,1
"21656","1250","Ec_N",361,56,56,"Ec",32,1,1,1,1,1,1
"21657","1250","Ec_N",361,57,57,"Ec",32,1,1,1,1,1,1
"21658","1250","Ec_N",361,58,58,"Ec",32,1,1,1,1,1,1
"21659","1250","Ec_N",361,59,59,"Ec",32,1,1,1,1,1,1
"21660","1250","Ec_N",361,60,60,"Ec",32,1,1,1,1,1,1
"21661","1250","Ec_N",362,1,1,"Ec",1,0,0,0,0,0,0
"21662","1250","Ec_N",362,2,2,"Ec",5,0,0,1,0,0,0.232063491762724
"21663","1250","Ec_N",362,3,3,"Ec",13,0,0,1,1,0,0.499809141804299
"21664","1250","Ec_N",362,4,4,"Ec",13,0,0,1,1,0,0.499809141804299
"21665","1250","Ec_N",362,5,5,"Ec",13,0,0,1,1,0,0.499809141804299
"21666","1250","Ec_N",362,6,6,"Ec",13,0,0,1,1,0,0.499809141804299
"21667","1250","Ec_N",362,7,7,"Ec",13,0,0,1,1,0,0.499809141804299
"21668","1250","Ec_N",362,8,8,"Ec",13,0,0,1,1,0,0.499809141804299
"21669","1250","Ec_N",362,9,9,"Ec",13,0,0,1,1,0,0.499809141804299
"21670","1250","Ec_N",362,10,10,"Ec",13,0,0,1,1,0,0.499809141804299
"21671","1250","Ec_N",362,11,11,"Ec",14,1,0,1,1,0,0.720821796264067
"21672","1250","Ec_N",362,12,12,"Ec",14,1,0,1,1,0,0.720821796264067
"21673","1250","Ec_N",362,13,13,"Ec",30,1,0,1,1,1,0.981696467924213
"21674","1250","Ec_N",362,14,14,"Ec",30,1,0,1,1,1,0.981696467924213
"21675","1250","Ec_N",362,15,15,"Ec",30,1,0,1,1,1,0.981696467924213
"21676","1250","Ec_N",362,16,16,"Ec",30,1,0,1,1,1,0.981696467924213
"21677","1250","Ec_N",362,17,17,"Ec",30,1,0,1,1,1,0.981696467924213
"21678","1250","Ec_N",362,18,18,"Ec",30,1,0,1,1,1,0.981696467924213
"21679","1250","Ec_N",362,19,19,"Ec",32,1,1,1,1,1,1
"21680","1250","Ec_N",362,20,20,"Ec",32,1,1,1,1,1,1
"21681","1250","Ec_N",362,21,21,"Ec",32,1,1,1,1,1,1
"21682","1250","Ec_N",362,22,22,"Ec",32,1,1,1,1,1,1
"21683","1250","Ec_N",362,23,23,"Ec",32,1,1,1,1,1,1
"21684","1250","Ec_N",362,24,24,"Ec",32,1,1,1,1,1,1
"21685","1250","Ec_N",362,25,25,"Ec",32,1,1,1,1,1,1
"21686","1250","Ec_N",362,26,26,"Ec",32,1,1,1,1,1,1
"21687","1250","Ec_N",362,27,27,"Ec",32,1,1,1,1,1,1
"21688","1250","Ec_N",362,28,28,"Ec",32,1,1,1,1,1,1
"21689","1250","Ec_N",362,29,29,"Ec",32,1,1,1,1,1,1
"21690","1250","Ec_N",362,30,30,"Ec",32,1,1,1,1,1,1
"21691","1250","Ec_N",362,31,31,"Ec",32,1,1,1,1,1,1
"21692","1250","Ec_N",362,32,32,"Ec",32,1,1,1,1,1,1
"21693","1250","Ec_N",362,33,33,"Ec",32,1,1,1,1,1,1
"21694","1250","Ec_N",362,34,34,"Ec",32,1,1,1,1,1,1
"21695","1250","Ec_N",362,35,35,"Ec",32,1,1,1,1,1,1
"21696","1250","Ec_N",362,36,36,"Ec",32,1,1,1,1,1,1
"21697","1250","Ec_N",362,37,37,"Ec",32,1,1,1,1,1,1
"21698","1250","Ec_N",362,38,38,"Ec",32,1,1,1,1,1,1
"21699","1250","Ec_N",362,39,39,"Ec",32,1,1,1,1,1,1
"21700","1250","Ec_N",362,40,40,"Ec",32,1,1,1,1,1,1
"21701","1250","Ec_N",362,41,41,"Ec",32,1,1,1,1,1,1
"21702","1250","Ec_N",362,42,42,"Ec",32,1,1,1,1,1,1
"21703","1250","Ec_N",362,43,43,"Ec",32,1,1,1,1,1,1
"21704","1250","Ec_N",362,44,44,"Ec",32,1,1,1,1,1,1
"21705","1250","Ec_N",362,45,45,"Ec",32,1,1,1,1,1,1
"21706","1250","Ec_N",362,46,46,"Ec",32,1,1,1,1,1,1
"21707","1250","Ec_N",362,47,47,"Ec",32,1,1,1,1,1,1
"21708","1250","Ec_N",362,48,48,"Ec",32,1,1,1,1,1,1
"21709","1250","Ec_N",362,49,49,"Ec",32,1,1,1,1,1,1
"21710","1250","Ec_N",362,50,50,"Ec",32,1,1,1,1,1,1
"21711","1250","Ec_N",362,51,51,"Ec",32,1,1,1,1,1,1
"21712","1250","Ec_N",362,52,52,"Ec",32,1,1,1,1,1,1
"21713","1250","Ec_N",362,53,53,"Ec",32,1,1,1,1,1,1
"21714","1250","Ec_N",362,54,54,"Ec",32,1,1,1,1,1,1
"21715","1250","Ec_N",362,55,55,"Ec",32,1,1,1,1,1,1
"21716","1250","Ec_N",362,56,56,"Ec",32,1,1,1,1,1,1
"21717","1250","Ec_N",362,57,57,"Ec",32,1,1,1,1,1,1
"21718","1250","Ec_N",362,58,58,"Ec",32,1,1,1,1,1,1
"21719","1250","Ec_N",362,59,59,"Ec",32,1,1,1,1,1,1
"21720","1250","Ec_N",362,60,60,"Ec",32,1,1,1,1,1,1
"21721","1250","Ec_N",363,1,1,"Ec",1,0,0,0,0,0,0
"21722","1250","Ec_N",363,2,2,"Ec",1,0,0,0,0,0,0
"21723","1250","Ec_N",363,3,3,"Ec",9,0,0,0,1,0,0.267745650041575
"21724","1250","Ec_N",363,4,4,"Ec",9,0,0,0,1,0,0.267745650041575
"21725","1250","Ec_N",363,5,5,"Ec",9,0,0,0,1,0,0.267745650041575
"21726","1250","Ec_N",363,6,6,"Ec",9,0,0,0,1,0,0.267745650041575
"21727","1250","Ec_N",363,7,7,"Ec",9,0,0,0,1,0,0.267745650041575
"21728","1250","Ec_N",363,8,8,"Ec",9,0,0,0,1,0,0.267745650041575
"21729","1250","Ec_N",363,9,9,"Ec",9,0,0,0,1,0,0.267745650041575
"21730","1250","Ec_N",363,10,10,"Ec",9,0,0,0,1,0,0.267745650041575
"21731","1250","Ec_N",363,11,11,"Ec",13,0,0,1,1,0,0.499809141804299
"21732","1250","Ec_N",363,12,12,"Ec",13,0,0,1,1,0,0.499809141804299
"21733","1250","Ec_N",363,13,13,"Ec",13,0,0,1,1,0,0.499809141804299
"21734","1250","Ec_N",363,14,14,"Ec",13,0,0,1,1,0,0.499809141804299
"21735","1250","Ec_N",363,15,15,"Ec",13,0,0,1,1,0,0.499809141804299
"21736","1250","Ec_N",363,16,16,"Ec",13,0,0,1,1,0,0.499809141804299
"21737","1250","Ec_N",363,17,17,"Ec",13,0,0,1,1,0,0.499809141804299
"21738","1250","Ec_N",363,18,18,"Ec",13,0,0,1,1,0,0.499809141804299
"21739","1250","Ec_N",363,19,19,"Ec",13,0,0,1,1,0,0.499809141804299
"21740","1250","Ec_N",363,20,20,"Ec",13,0,0,1,1,0,0.499809141804299
"21741","1250","Ec_N",363,21,21,"Ec",13,0,0,1,1,0,0.499809141804299
"21742","1250","Ec_N",363,22,22,"Ec",13,0,0,1,1,0,0.499809141804299
"21743","1250","Ec_N",363,23,23,"Ec",13,0,0,1,1,0,0.499809141804299
"21744","1250","Ec_N",363,24,24,"Ec",13,0,0,1,1,0,0.499809141804299
"21745","1250","Ec_N",363,25,25,"Ec",13,0,0,1,1,0,0.499809141804299
"21746","1250","Ec_N",363,26,26,"Ec",13,0,0,1,1,0,0.499809141804299
"21747","1250","Ec_N",363,27,27,"Ec",13,0,0,1,1,0,0.499809141804299
"21748","1250","Ec_N",363,28,28,"Ec",13,0,0,1,1,0,0.499809141804299
"21749","1250","Ec_N",363,29,29,"Ec",13,0,0,1,1,0,0.499809141804299
"21750","1250","Ec_N",363,30,30,"Ec",13,0,0,1,1,0,0.499809141804299
"21751","1250","Ec_N",363,31,31,"Ec",13,0,0,1,1,0,0.499809141804299
"21752","1250","Ec_N",363,32,32,"Ec",13,0,0,1,1,0,0.499809141804299
"21753","1250","Ec_N",363,33,33,"Ec",13,0,0,1,1,0,0.499809141804299
"21754","1250","Ec_N",363,34,34,"Ec",13,0,0,1,1,0,0.499809141804299
"21755","1250","Ec_N",363,35,35,"Ec",13,0,0,1,1,0,0.499809141804299
"21756","1250","Ec_N",363,36,36,"Ec",29,0,0,1,1,1,0.696336766125118
"21757","1250","Ec_N",363,37,37,"Ec",29,0,0,1,1,1,0.696336766125118
"21758","1250","Ec_N",363,38,38,"Ec",29,0,0,1,1,1,0.696336766125118
"21759","1250","Ec_N",363,39,39,"Ec",31,0,1,1,1,1,0.778987345540232
"21760","1250","Ec_N",363,40,40,"Ec",31,0,1,1,1,1,0.778987345540232
"21761","1250","Ec_N",363,41,41,"Ec",31,0,1,1,1,1,0.778987345540232
"21762","1250","Ec_N",363,42,42,"Ec",31,0,1,1,1,1,0.778987345540232
"21763","1250","Ec_N",363,43,43,"Ec",31,0,1,1,1,1,0.778987345540232
"21764","1250","Ec_N",363,44,44,"Ec",31,0,1,1,1,1,0.778987345540232
"21765","1250","Ec_N",363,45,45,"Ec",31,0,1,1,1,1,0.778987345540232
"21766","1250","Ec_N",363,46,46,"Ec",31,0,1,1,1,1,0.778987345540232
"21767","1250","Ec_N",363,47,47,"Ec",31,0,1,1,1,1,0.778987345540232
"21768","1250","Ec_N",363,48,48,"Ec",31,0,1,1,1,1,0.778987345540232
"21769","1250","Ec_N",363,49,49,"Ec",32,1,1,1,1,1,1
"21770","1250","Ec_N",363,50,50,"Ec",32,1,1,1,1,1,1
"21771","1250","Ec_N",363,51,51,"Ec",32,1,1,1,1,1,1
"21772","1250","Ec_N",363,52,52,"Ec",32,1,1,1,1,1,1
"21773","1250","Ec_N",363,53,53,"Ec",32,1,1,1,1,1,1
"21774","1250","Ec_N",363,54,54,"Ec",32,1,1,1,1,1,1
"21775","1250","Ec_N",363,55,55,"Ec",32,1,1,1,1,1,1
"21776","1250","Ec_N",363,56,56,"Ec",32,1,1,1,1,1,1
"21777","1250","Ec_N",363,57,57,"Ec",32,1,1,1,1,1,1
"21778","1250","Ec_N",363,58,58,"Ec",32,1,1,1,1,1,1
"21779","1250","Ec_N",363,59,59,"Ec",32,1,1,1,1,1,1
"21780","1250","Ec_N",363,60,60,"Ec",32,1,1,1,1,1,1
"21781","1250","Ec_N",364,1,1,"Ec",1,0,0,0,0,0,0
"21782","1250","Ec_N",364,2,2,"Ec",1,0,0,0,0,0,0
"21783","1250","Ec_N",364,3,3,"Ec",2,1,0,0,0,0,0.221012654459768
"21784","1250","Ec_N",364,4,4,"Ec",2,1,0,0,0,0,0.221012654459768
"21785","1250","Ec_N",364,5,5,"Ec",2,1,0,0,0,0,0.221012654459768
"21786","1250","Ec_N",364,6,6,"Ec",2,1,0,0,0,0,0.221012654459768
"21787","1250","Ec_N",364,7,7,"Ec",2,1,0,0,0,0,0.221012654459768
"21788","1250","Ec_N",364,8,8,"Ec",18,1,0,0,0,1,0.417540278780587
"21789","1250","Ec_N",364,9,9,"Ec",26,1,0,0,1,1,0.685285928822162
"21790","1250","Ec_N",364,10,10,"Ec",26,1,0,0,1,1,0.685285928822162
"21791","1250","Ec_N",364,11,11,"Ec",26,1,0,0,1,1,0.685285928822162
"21792","1250","Ec_N",364,12,12,"Ec",26,1,0,0,1,1,0.685285928822162
"21793","1250","Ec_N",364,13,13,"Ec",26,1,0,0,1,1,0.685285928822162
"21794","1250","Ec_N",364,14,14,"Ec",26,1,0,0,1,1,0.685285928822162
"21795","1250","Ec_N",364,15,15,"Ec",26,1,0,0,1,1,0.685285928822162
"21796","1250","Ec_N",364,16,16,"Ec",26,1,0,0,1,1,0.685285928822162
"21797","1250","Ec_N",364,17,17,"Ec",26,1,0,0,1,1,0.685285928822162
"21798","1250","Ec_N",364,18,18,"Ec",26,1,0,0,1,1,0.685285928822162
"21799","1250","Ec_N",364,19,19,"Ec",30,1,0,1,1,1,0.981696467924213
"21800","1250","Ec_N",364,20,20,"Ec",30,1,0,1,1,1,0.981696467924213
"21801","1250","Ec_N",364,21,21,"Ec",30,1,0,1,1,1,0.981696467924213
"21802","1250","Ec_N",364,22,22,"Ec",30,1,0,1,1,1,0.981696467924213
"21803","1250","Ec_N",364,23,23,"Ec",30,1,0,1,1,1,0.981696467924213
"21804","1250","Ec_N",364,24,24,"Ec",30,1,0,1,1,1,0.981696467924213
"21805","1250","Ec_N",364,25,25,"Ec",30,1,0,1,1,1,0.981696467924213
"21806","1250","Ec_N",364,26,26,"Ec",32,1,1,1,1,1,1
"21807","1250","Ec_N",364,27,27,"Ec",32,1,1,1,1,1,1
"21808","1250","Ec_N",364,28,28,"Ec",32,1,1,1,1,1,1
"21809","1250","Ec_N",364,29,29,"Ec",32,1,1,1,1,1,1
"21810","1250","Ec_N",364,30,30,"Ec",32,1,1,1,1,1,1
"21811","1250","Ec_N",364,31,31,"Ec",32,1,1,1,1,1,1
"21812","1250","Ec_N",364,32,32,"Ec",32,1,1,1,1,1,1
"21813","1250","Ec_N",364,33,33,"Ec",32,1,1,1,1,1,1
"21814","1250","Ec_N",364,34,34,"Ec",32,1,1,1,1,1,1
"21815","1250","Ec_N",364,35,35,"Ec",32,1,1,1,1,1,1
"21816","1250","Ec_N",364,36,36,"Ec",32,1,1,1,1,1,1
"21817","1250","Ec_N",364,37,37,"Ec",32,1,1,1,1,1,1
"21818","1250","Ec_N",364,38,38,"Ec",32,1,1,1,1,1,1
"21819","1250","Ec_N",364,39,39,"Ec",32,1,1,1,1,1,1
"21820","1250","Ec_N",364,40,40,"Ec",32,1,1,1,1,1,1
"21821","1250","Ec_N",364,41,41,"Ec",32,1,1,1,1,1,1
"21822","1250","Ec_N",364,42,42,"Ec",32,1,1,1,1,1,1
"21823","1250","Ec_N",364,43,43,"Ec",32,1,1,1,1,1,1
"21824","1250","Ec_N",364,44,44,"Ec",32,1,1,1,1,1,1
"21825","1250","Ec_N",364,45,45,"Ec",32,1,1,1,1,1,1
"21826","1250","Ec_N",364,46,46,"Ec",32,1,1,1,1,1,1
"21827","1250","Ec_N",364,47,47,"Ec",32,1,1,1,1,1,1
"21828","1250","Ec_N",364,48,48,"Ec",32,1,1,1,1,1,1
"21829","1250","Ec_N",364,49,49,"Ec",32,1,1,1,1,1,1
"21830","1250","Ec_N",364,50,50,"Ec",32,1,1,1,1,1,1
"21831","1250","Ec_N",364,51,51,"Ec",32,1,1,1,1,1,1
"21832","1250","Ec_N",364,52,52,"Ec",32,1,1,1,1,1,1
"21833","1250","Ec_N",364,53,53,"Ec",32,1,1,1,1,1,1
"21834","1250","Ec_N",364,54,54,"Ec",32,1,1,1,1,1,1
"21835","1250","Ec_N",364,55,55,"Ec",32,1,1,1,1,1,1
"21836","1250","Ec_N",364,56,56,"Ec",32,1,1,1,1,1,1
"21837","1250","Ec_N",364,57,57,"Ec",32,1,1,1,1,1,1
"21838","1250","Ec_N",364,58,58,"Ec",32,1,1,1,1,1,1
"21839","1250","Ec_N",364,59,59,"Ec",32,1,1,1,1,1,1
"21840","1250","Ec_N",364,60,60,"Ec",32,1,1,1,1,1,1
"21841","1250","Ec_N",365,1,1,"Ec",1,0,0,0,0,0,0
"21842","1250","Ec_N",365,2,2,"Ec",1,0,0,0,0,0,0
"21843","1250","Ec_N",365,3,3,"Ec",1,0,0,0,0,0,0
"21844","1250","Ec_N",365,4,4,"Ec",3,0,1,0,0,0,0.082650579415114
"21845","1250","Ec_N",365,5,5,"Ec",3,0,1,0,0,0,0.082650579415114
"21846","1250","Ec_N",365,6,6,"Ec",3,0,1,0,0,0,0.082650579415114
"21847","1250","Ec_N",365,7,7,"Ec",3,0,1,0,0,0,0.082650579415114
"21848","1250","Ec_N",365,8,8,"Ec",3,0,1,0,0,0,0.082650579415114
"21849","1250","Ec_N",365,9,9,"Ec",4,1,1,0,0,0,0.303663233874882
"21850","1250","Ec_N",365,10,10,"Ec",4,1,1,0,0,0,0.303663233874882
"21851","1250","Ec_N",365,11,11,"Ec",4,1,1,0,0,0,0.303663233874882
"21852","1250","Ec_N",365,12,12,"Ec",4,1,1,0,0,0,0.303663233874882
"21853","1250","Ec_N",365,13,13,"Ec",4,1,1,0,0,0,0.303663233874882
"21854","1250","Ec_N",365,14,14,"Ec",4,1,1,0,0,0,0.303663233874882
"21855","1250","Ec_N",365,15,15,"Ec",4,1,1,0,0,0,0.303663233874882
"21856","1250","Ec_N",365,16,16,"Ec",4,1,1,0,0,0,0.303663233874882
"21857","1250","Ec_N",365,17,17,"Ec",4,1,1,0,0,0,0.303663233874882
"21858","1250","Ec_N",365,18,18,"Ec",4,1,1,0,0,0,0.303663233874882
"21859","1250","Ec_N",365,19,19,"Ec",4,1,1,0,0,0,0.303663233874882
"21860","1250","Ec_N",365,20,20,"Ec",4,1,1,0,0,0,0.303663233874882
"21861","1250","Ec_N",365,21,21,"Ec",4,1,1,0,0,0,0.303663233874882
"21862","1250","Ec_N",365,22,22,"Ec",4,1,1,0,0,0,0.303663233874882
"21863","1250","Ec_N",365,23,23,"Ec",4,1,1,0,0,0,0.303663233874882
"21864","1250","Ec_N",365,24,24,"Ec",4,1,1,0,0,0,0.303663233874882
"21865","1250","Ec_N",365,25,25,"Ec",4,1,1,0,0,0,0.303663233874882
"21866","1250","Ec_N",365,26,26,"Ec",4,1,1,0,0,0,0.303663233874882
"21867","1250","Ec_N",365,27,27,"Ec",4,1,1,0,0,0,0.303663233874882
"21868","1250","Ec_N",365,28,28,"Ec",4,1,1,0,0,0,0.303663233874882
"21869","1250","Ec_N",365,29,29,"Ec",4,1,1,0,0,0,0.303663233874882
"21870","1250","Ec_N",365,30,30,"Ec",4,1,1,0,0,0,0.303663233874882
"21871","1250","Ec_N",365,31,31,"Ec",4,1,1,0,0,0,0.303663233874882
"21872","1250","Ec_N",365,32,32,"Ec",4,1,1,0,0,0,0.303663233874882
"21873","1250","Ec_N",365,33,33,"Ec",4,1,1,0,0,0,0.303663233874882
"21874","1250","Ec_N",365,34,34,"Ec",4,1,1,0,0,0,0.303663233874882
"21875","1250","Ec_N",365,35,35,"Ec",4,1,1,0,0,0,0.303663233874882
"21876","1250","Ec_N",365,36,36,"Ec",8,1,1,1,0,0,0.440600849145421
"21877","1250","Ec_N",365,37,37,"Ec",8,1,1,1,0,0,0.440600849145421
"21878","1250","Ec_N",365,38,38,"Ec",24,1,1,1,0,1,0.732254349958425
"21879","1250","Ec_N",365,39,39,"Ec",24,1,1,1,0,1,0.732254349958425
"21880","1250","Ec_N",365,40,40,"Ec",32,1,1,1,1,1,1
"21881","1250","Ec_N",365,41,41,"Ec",32,1,1,1,1,1,1
"21882","1250","Ec_N",365,42,42,"Ec",32,1,1,1,1,1,1
"21883","1250","Ec_N",365,43,43,"Ec",32,1,1,1,1,1,1
"21884","1250","Ec_N",365,44,44,"Ec",32,1,1,1,1,1,1
"21885","1250","Ec_N",365,45,45,"Ec",32,1,1,1,1,1,1
"21886","1250","Ec_N",365,46,46,"Ec",32,1,1,1,1,1,1
"21887","1250","Ec_N",365,47,47,"Ec",32,1,1,1,1,1,1
"21888","1250","Ec_N",365,48,48,"Ec",32,1,1,1,1,1,1
"21889","1250","Ec_N",365,49,49,"Ec",32,1,1,1,1,1,1
"21890","1250","Ec_N",365,50,50,"Ec",32,1,1,1,1,1,1
"21891","1250","Ec_N",365,51,51,"Ec",32,1,1,1,1,1,1
"21892","1250","Ec_N",365,52,52,"Ec",32,1,1,1,1,1,1
"21893","1250","Ec_N",365,53,53,"Ec",32,1,1,1,1,1,1
"21894","1250","Ec_N",365,54,54,"Ec",32,1,1,1,1,1,1
"21895","1250","Ec_N",365,55,55,"Ec",32,1,1,1,1,1,1
"21896","1250","Ec_N",365,56,56,"Ec",32,1,1,1,1,1,1
"21897","1250","Ec_N",365,57,57,"Ec",32,1,1,1,1,1,1
"21898","1250","Ec_N",365,58,58,"Ec",32,1,1,1,1,1,1
"21899","1250","Ec_N",365,59,59,"Ec",32,1,1,1,1,1,1
"21900","1250","Ec_N",365,60,60,"Ec",32,1,1,1,1,1,1
"21901","1250","Ec_N",366,1,1,"Ec",1,0,0,0,0,0,0
"21902","1250","Ec_N",366,2,2,"Ec",1,0,0,0,0,0,0
"21903","1250","Ec_N",366,3,3,"Ec",5,0,0,1,0,0,0.232063491762724
"21904","1250","Ec_N",366,4,4,"Ec",21,0,0,1,0,1,0.428591116083543
"21905","1250","Ec_N",366,5,5,"Ec",21,0,0,1,0,1,0.428591116083543
"21906","1250","Ec_N",366,6,6,"Ec",21,0,0,1,0,1,0.428591116083543
"21907","1250","Ec_N",366,7,7,"Ec",21,0,0,1,0,1,0.428591116083543
"21908","1250","Ec_N",366,8,8,"Ec",21,0,0,1,0,1,0.428591116083543
"21909","1250","Ec_N",366,9,9,"Ec",21,0,0,1,0,1,0.428591116083543
"21910","1250","Ec_N",366,10,10,"Ec",21,0,0,1,0,1,0.428591116083543
"21911","1250","Ec_N",366,11,11,"Ec",29,0,0,1,1,1,0.696336766125118
"21912","1250","Ec_N",366,12,12,"Ec",29,0,0,1,1,1,0.696336766125118
"21913","1250","Ec_N",366,13,13,"Ec",29,0,0,1,1,1,0.696336766125118
"21914","1250","Ec_N",366,14,14,"Ec",29,0,0,1,1,1,0.696336766125118
"21915","1250","Ec_N",366,15,15,"Ec",31,0,1,1,1,1,0.778987345540232
"21916","1250","Ec_N",366,16,16,"Ec",31,0,1,1,1,1,0.778987345540232
"21917","1250","Ec_N",366,17,17,"Ec",31,0,1,1,1,1,0.778987345540232
"21918","1250","Ec_N",366,18,18,"Ec",31,0,1,1,1,1,0.778987345540232
"21919","1250","Ec_N",366,19,19,"Ec",31,0,1,1,1,1,0.778987345540232
"21920","1250","Ec_N",366,20,20,"Ec",31,0,1,1,1,1,0.778987345540232
"21921","1250","Ec_N",366,21,21,"Ec",31,0,1,1,1,1,0.778987345540232
"21922","1250","Ec_N",366,22,22,"Ec",31,0,1,1,1,1,0.778987345540232
"21923","1250","Ec_N",366,23,23,"Ec",31,0,1,1,1,1,0.778987345540232
"21924","1250","Ec_N",366,24,24,"Ec",31,0,1,1,1,1,0.778987345540232
"21925","1250","Ec_N",366,25,25,"Ec",31,0,1,1,1,1,0.778987345540232
"21926","1250","Ec_N",366,26,26,"Ec",31,0,1,1,1,1,0.778987345540232
"21927","1250","Ec_N",366,27,27,"Ec",31,0,1,1,1,1,0.778987345540232
"21928","1250","Ec_N",366,28,28,"Ec",32,1,1,1,1,1,1
"21929","1250","Ec_N",366,29,29,"Ec",32,1,1,1,1,1,1
"21930","1250","Ec_N",366,30,30,"Ec",32,1,1,1,1,1,1
"21931","1250","Ec_N",366,31,31,"Ec",32,1,1,1,1,1,1
"21932","1250","Ec_N",366,32,32,"Ec",32,1,1,1,1,1,1
"21933","1250","Ec_N",366,33,33,"Ec",32,1,1,1,1,1,1
"21934","1250","Ec_N",366,34,34,"Ec",32,1,1,1,1,1,1
"21935","1250","Ec_N",366,35,35,"Ec",32,1,1,1,1,1,1
"21936","1250","Ec_N",366,36,36,"Ec",32,1,1,1,1,1,1
"21937","1250","Ec_N",366,37,37,"Ec",32,1,1,1,1,1,1
"21938","1250","Ec_N",366,38,38,"Ec",32,1,1,1,1,1,1
"21939","1250","Ec_N",366,39,39,"Ec",32,1,1,1,1,1,1
"21940","1250","Ec_N",366,40,40,"Ec",32,1,1,1,1,1,1
"21941","1250","Ec_N",366,41,41,"Ec",32,1,1,1,1,1,1
"21942","1250","Ec_N",366,42,42,"Ec",32,1,1,1,1,1,1
"21943","1250","Ec_N",366,43,43,"Ec",32,1,1,1,1,1,1
"21944","1250","Ec_N",366,44,44,"Ec",32,1,1,1,1,1,1
"21945","1250","Ec_N",366,45,45,"Ec",32,1,1,1,1,1,1
"21946","1250","Ec_N",366,46,46,"Ec",32,1,1,1,1,1,1
"21947","1250","Ec_N",366,47,47,"Ec",32,1,1,1,1,1,1
"21948","1250","Ec_N",366,48,48,"Ec",32,1,1,1,1,1,1
"21949","1250","Ec_N",366,49,49,"Ec",32,1,1,1,1,1,1
"21950","1250","Ec_N",366,50,50,"Ec",32,1,1,1,1,1,1
"21951","1250","Ec_N",366,51,51,"Ec",32,1,1,1,1,1,1
"21952","1250","Ec_N",366,52,52,"Ec",32,1,1,1,1,1,1
"21953","1250","Ec_N",366,53,53,"Ec",32,1,1,1,1,1,1
"21954","1250","Ec_N",366,54,54,"Ec",32,1,1,1,1,1,1
"21955","1250","Ec_N",366,55,55,"Ec",32,1,1,1,1,1,1
"21956","1250","Ec_N",366,56,56,"Ec",32,1,1,1,1,1,1
"21957","1250","Ec_N",366,57,57,"Ec",32,1,1,1,1,1,1
"21958","1250","Ec_N",366,58,58,"Ec",32,1,1,1,1,1,1
"21959","1250","Ec_N",366,59,59,"Ec",32,1,1,1,1,1,1
"21960","1250","Ec_N",366,60,60,"Ec",32,1,1,1,1,1,1
"21961","1250","Ec_N",367,1,1,"Ec",1,0,0,0,0,0,0
"21962","1250","Ec_N",367,2,2,"Ec",5,0,0,1,0,0,0.232063491762724
"21963","1250","Ec_N",367,3,3,"Ec",5,0,0,1,0,0,0.232063491762724
"21964","1250","Ec_N",367,4,4,"Ec",5,0,0,1,0,0,0.232063491762724
"21965","1250","Ec_N",367,5,5,"Ec",6,1,0,1,0,0,0.453076146222492
"21966","1250","Ec_N",367,6,6,"Ec",6,1,0,1,0,0,0.453076146222492
"21967","1250","Ec_N",367,7,7,"Ec",6,1,0,1,0,0,0.453076146222492
"21968","1250","Ec_N",367,8,8,"Ec",6,1,0,1,0,0,0.453076146222492
"21969","1250","Ec_N",367,9,9,"Ec",6,1,0,1,0,0,0.453076146222492
"21970","1250","Ec_N",367,10,10,"Ec",14,1,0,1,1,0,0.720821796264067
"21971","1250","Ec_N",367,11,11,"Ec",14,1,0,1,1,0,0.720821796264067
"21972","1250","Ec_N",367,12,12,"Ec",14,1,0,1,1,0,0.720821796264067
"21973","1250","Ec_N",367,13,13,"Ec",14,1,0,1,1,0,0.720821796264067
"21974","1250","Ec_N",367,14,14,"Ec",14,1,0,1,1,0,0.720821796264067
"21975","1250","Ec_N",367,15,15,"Ec",14,1,0,1,1,0,0.720821796264067
"21976","1250","Ec_N",367,16,16,"Ec",14,1,0,1,1,0,0.720821796264067
"21977","1250","Ec_N",367,17,17,"Ec",14,1,0,1,1,0,0.720821796264067
"21978","1250","Ec_N",367,18,18,"Ec",14,1,0,1,1,0,0.720821796264067
"21979","1250","Ec_N",367,19,19,"Ec",14,1,0,1,1,0,0.720821796264067
"21980","1250","Ec_N",367,20,20,"Ec",14,1,0,1,1,0,0.720821796264067
"21981","1250","Ec_N",367,21,21,"Ec",14,1,0,1,1,0,0.720821796264067
"21982","1250","Ec_N",367,22,22,"Ec",14,1,0,1,1,0,0.720821796264067
"21983","1250","Ec_N",367,23,23,"Ec",14,1,0,1,1,0,0.720821796264067
"21984","1250","Ec_N",367,24,24,"Ec",14,1,0,1,1,0,0.720821796264067
"21985","1250","Ec_N",367,25,25,"Ec",14,1,0,1,1,0,0.720821796264067
"21986","1250","Ec_N",367,26,26,"Ec",14,1,0,1,1,0,0.720821796264067
"21987","1250","Ec_N",367,27,27,"Ec",14,1,0,1,1,0,0.720821796264067
"21988","1250","Ec_N",367,28,28,"Ec",14,1,0,1,1,0,0.720821796264067
"21989","1250","Ec_N",367,29,29,"Ec",14,1,0,1,1,0,0.720821796264067
"21990","1250","Ec_N",367,30,30,"Ec",14,1,0,1,1,0,0.720821796264067
"21991","1250","Ec_N",367,31,31,"Ec",14,1,0,1,1,0,0.720821796264067
"21992","1250","Ec_N",367,32,32,"Ec",30,1,0,1,1,1,0.981696467924213
"21993","1250","Ec_N",367,33,33,"Ec",30,1,0,1,1,1,0.981696467924213
"21994","1250","Ec_N",367,34,34,"Ec",30,1,0,1,1,1,0.981696467924213
"21995","1250","Ec_N",367,35,35,"Ec",30,1,0,1,1,1,0.981696467924213
"21996","1250","Ec_N",367,36,36,"Ec",30,1,0,1,1,1,0.981696467924213
"21997","1250","Ec_N",367,37,37,"Ec",30,1,0,1,1,1,0.981696467924213
"21998","1250","Ec_N",367,38,38,"Ec",32,1,1,1,1,1,1
"21999","1250","Ec_N",367,39,39,"Ec",32,1,1,1,1,1,1
"22000","1250","Ec_N",367,40,40,"Ec",32,1,1,1,1,1,1
"22001","1250","Ec_N",367,41,41,"Ec",32,1,1,1,1,1,1
"22002","1250","Ec_N",367,42,42,"Ec",32,1,1,1,1,1,1
"22003","1250","Ec_N",367,43,43,"Ec",32,1,1,1,1,1,1
"22004","1250","Ec_N",367,44,44,"Ec",32,1,1,1,1,1,1
"22005","1250","Ec_N",367,45,45,"Ec",32,1,1,1,1,1,1
"22006","1250","Ec_N",367,46,46,"Ec",32,1,1,1,1,1,1
"22007","1250","Ec_N",367,47,47,"Ec",32,1,1,1,1,1,1
"22008","1250","Ec_N",367,48,48,"Ec",32,1,1,1,1,1,1
"22009","1250","Ec_N",367,49,49,"Ec",32,1,1,1,1,1,1
"22010","1250","Ec_N",367,50,50,"Ec",32,1,1,1,1,1,1
"22011","1250","Ec_N",367,51,51,"Ec",32,1,1,1,1,1,1
"22012","1250","Ec_N",367,52,52,"Ec",32,1,1,1,1,1,1
"22013","1250","Ec_N",367,53,53,"Ec",32,1,1,1,1,1,1
"22014","1250","Ec_N",367,54,54,"Ec",32,1,1,1,1,1,1
"22015","1250","Ec_N",367,55,55,"Ec",32,1,1,1,1,1,1
"22016","1250","Ec_N",367,56,56,"Ec",32,1,1,1,1,1,1
"22017","1250","Ec_N",367,57,57,"Ec",32,1,1,1,1,1,1
"22018","1250","Ec_N",367,58,58,"Ec",32,1,1,1,1,1,1
"22019","1250","Ec_N",367,59,59,"Ec",32,1,1,1,1,1,1
"22020","1250","Ec_N",367,60,60,"Ec",32,1,1,1,1,1,1
"22021","1250","Ec_N",368,1,1,"Ec",1,0,0,0,0,0,0
"22022","1250","Ec_N",368,2,2,"Ec",1,0,0,0,0,0,0
"22023","1250","Ec_N",368,3,3,"Ec",5,0,0,1,0,0,0.232063491762724
"22024","1250","Ec_N",368,4,4,"Ec",5,0,0,1,0,0,0.232063491762724
"22025","1250","Ec_N",368,5,5,"Ec",5,0,0,1,0,0,0.232063491762724
"22026","1250","Ec_N",368,6,6,"Ec",5,0,0,1,0,0,0.232063491762724
"22027","1250","Ec_N",368,7,7,"Ec",5,0,0,1,0,0,0.232063491762724
"22028","1250","Ec_N",368,8,8,"Ec",5,0,0,1,0,0,0.232063491762724
"22029","1250","Ec_N",368,9,9,"Ec",5,0,0,1,0,0,0.232063491762724
"22030","1250","Ec_N",368,10,10,"Ec",13,0,0,1,1,0,0.499809141804299
"22031","1250","Ec_N",368,11,11,"Ec",13,0,0,1,1,0,0.499809141804299
"22032","1250","Ec_N",368,12,12,"Ec",13,0,0,1,1,0,0.499809141804299
"22033","1250","Ec_N",368,13,13,"Ec",13,0,0,1,1,0,0.499809141804299
"22034","1250","Ec_N",368,14,14,"Ec",13,0,0,1,1,0,0.499809141804299
"22035","1250","Ec_N",368,15,15,"Ec",13,0,0,1,1,0,0.499809141804299
"22036","1250","Ec_N",368,16,16,"Ec",13,0,0,1,1,0,0.499809141804299
"22037","1250","Ec_N",368,17,17,"Ec",14,1,0,1,1,0,0.720821796264067
"22038","1250","Ec_N",368,18,18,"Ec",14,1,0,1,1,0,0.720821796264067
"22039","1250","Ec_N",368,19,19,"Ec",14,1,0,1,1,0,0.720821796264067
"22040","1250","Ec_N",368,20,20,"Ec",14,1,0,1,1,0,0.720821796264067
"22041","1250","Ec_N",368,21,21,"Ec",14,1,0,1,1,0,0.720821796264067
"22042","1250","Ec_N",368,22,22,"Ec",14,1,0,1,1,0,0.720821796264067
"22043","1250","Ec_N",368,23,23,"Ec",14,1,0,1,1,0,0.720821796264067
"22044","1250","Ec_N",368,24,24,"Ec",14,1,0,1,1,0,0.720821796264067
"22045","1250","Ec_N",368,25,25,"Ec",14,1,0,1,1,0,0.720821796264067
"22046","1250","Ec_N",368,26,26,"Ec",14,1,0,1,1,0,0.720821796264067
"22047","1250","Ec_N",368,27,27,"Ec",14,1,0,1,1,0,0.720821796264067
"22048","1250","Ec_N",368,28,28,"Ec",14,1,0,1,1,0,0.720821796264067
"22049","1250","Ec_N",368,29,29,"Ec",14,1,0,1,1,0,0.720821796264067
"22050","1250","Ec_N",368,30,30,"Ec",14,1,0,1,1,0,0.720821796264067
"22051","1250","Ec_N",368,31,31,"Ec",14,1,0,1,1,0,0.720821796264067
"22052","1250","Ec_N",368,32,32,"Ec",14,1,0,1,1,0,0.720821796264067
"22053","1250","Ec_N",368,33,33,"Ec",14,1,0,1,1,0,0.720821796264067
"22054","1250","Ec_N",368,34,34,"Ec",14,1,0,1,1,0,0.720821796264067
"22055","1250","Ec_N",368,35,35,"Ec",14,1,0,1,1,0,0.720821796264067
"22056","1250","Ec_N",368,36,36,"Ec",14,1,0,1,1,0,0.720821796264067
"22057","1250","Ec_N",368,37,37,"Ec",14,1,0,1,1,0,0.720821796264067
"22058","1250","Ec_N",368,38,38,"Ec",16,1,1,1,1,0,0.879284144928883
"22059","1250","Ec_N",368,39,39,"Ec",16,1,1,1,1,0,0.879284144928883
"22060","1250","Ec_N",368,40,40,"Ec",16,1,1,1,1,0,0.879284144928883
"22061","1250","Ec_N",368,41,41,"Ec",16,1,1,1,1,0,0.879284144928883
"22062","1250","Ec_N",368,42,42,"Ec",16,1,1,1,1,0,0.879284144928883
"22063","1250","Ec_N",368,43,43,"Ec",16,1,1,1,1,0,0.879284144928883
"22064","1250","Ec_N",368,44,44,"Ec",16,1,1,1,1,0,0.879284144928883
"22065","1250","Ec_N",368,45,45,"Ec",16,1,1,1,1,0,0.879284144928883
"22066","1250","Ec_N",368,46,46,"Ec",16,1,1,1,1,0,0.879284144928883
"22067","1250","Ec_N",368,47,47,"Ec",16,1,1,1,1,0,0.879284144928883
"22068","1250","Ec_N",368,48,48,"Ec",16,1,1,1,1,0,0.879284144928883
"22069","1250","Ec_N",368,49,49,"Ec",16,1,1,1,1,0,0.879284144928883
"22070","1250","Ec_N",368,50,50,"Ec",16,1,1,1,1,0,0.879284144928883
"22071","1250","Ec_N",368,51,51,"Ec",16,1,1,1,1,0,0.879284144928883
"22072","1250","Ec_N",368,52,52,"Ec",16,1,1,1,1,0,0.879284144928883
"22073","1250","Ec_N",368,53,53,"Ec",16,1,1,1,1,0,0.879284144928883
"22074","1250","Ec_N",368,54,54,"Ec",16,1,1,1,1,0,0.879284144928883
"22075","1250","Ec_N",368,55,55,"Ec",16,1,1,1,1,0,0.879284144928883
"22076","1250","Ec_N",368,56,56,"Ec",16,1,1,1,1,0,0.879284144928883
"22077","1250","Ec_N",368,57,57,"Ec",16,1,1,1,1,0,0.879284144928883
"22078","1250","Ec_N",368,58,58,"Ec",16,1,1,1,1,0,0.879284144928883
"22079","1250","Ec_N",368,59,59,"Ec",16,1,1,1,1,0,0.879284144928883
"22080","1250","Ec_N",368,60,60,"Ec",16,1,1,1,1,0,0.879284144928883
"22081","1250","Ec_N",369,1,1,"Ec",1,0,0,0,0,0,0
"22082","1250","Ec_N",369,2,2,"Ec",1,0,0,0,0,0,0
"22083","1250","Ec_N",369,3,3,"Ec",1,0,0,0,0,0,0
"22084","1250","Ec_N",369,4,4,"Ec",1,0,0,0,0,0,0
"22085","1250","Ec_N",369,5,5,"Ec",1,0,0,0,0,0,0
"22086","1250","Ec_N",369,6,6,"Ec",1,0,0,0,0,0,0
"22087","1250","Ec_N",369,7,7,"Ec",1,0,0,0,0,0,0
"22088","1250","Ec_N",369,8,8,"Ec",1,0,0,0,0,0,0
"22089","1250","Ec_N",369,9,9,"Ec",1,0,0,0,0,0,0
"22090","1250","Ec_N",369,10,10,"Ec",1,0,0,0,0,0,0
"22091","1250","Ec_N",369,11,11,"Ec",1,0,0,0,0,0,0
"22092","1250","Ec_N",369,12,12,"Ec",1,0,0,0,0,0,0
"22093","1250","Ec_N",369,13,13,"Ec",1,0,0,0,0,0,0
"22094","1250","Ec_N",369,14,14,"Ec",1,0,0,0,0,0,0
"22095","1250","Ec_N",369,15,15,"Ec",2,1,0,0,0,0,0.221012654459768
"22096","1250","Ec_N",369,16,16,"Ec",2,1,0,0,0,0,0.221012654459768
"22097","1250","Ec_N",369,17,17,"Ec",2,1,0,0,0,0,0.221012654459768
"22098","1250","Ec_N",369,18,18,"Ec",2,1,0,0,0,0,0.221012654459768
"22099","1250","Ec_N",369,19,19,"Ec",2,1,0,0,0,0,0.221012654459768
"22100","1250","Ec_N",369,20,20,"Ec",4,1,1,0,0,0,0.303663233874882
"22101","1250","Ec_N",369,21,21,"Ec",12,1,1,0,1,0,0.552627762799163
"22102","1250","Ec_N",369,22,22,"Ec",12,1,1,0,1,0,0.552627762799163
"22103","1250","Ec_N",369,23,23,"Ec",12,1,1,0,1,0,0.552627762799163
"22104","1250","Ec_N",369,24,24,"Ec",12,1,1,0,1,0,0.552627762799163
"22105","1250","Ec_N",369,25,25,"Ec",12,1,1,0,1,0,0.552627762799163
"22106","1250","Ec_N",369,26,26,"Ec",12,1,1,0,1,0,0.552627762799163
"22107","1250","Ec_N",369,27,27,"Ec",12,1,1,0,1,0,0.552627762799163
"22108","1250","Ec_N",369,28,28,"Ec",12,1,1,0,1,0,0.552627762799163
"22109","1250","Ec_N",369,29,29,"Ec",12,1,1,0,1,0,0.552627762799163
"22110","1250","Ec_N",369,30,30,"Ec",12,1,1,0,1,0,0.552627762799163
"22111","1250","Ec_N",369,31,31,"Ec",12,1,1,0,1,0,0.552627762799163
"22112","1250","Ec_N",369,32,32,"Ec",12,1,1,0,1,0,0.552627762799163
"22113","1250","Ec_N",369,33,33,"Ec",12,1,1,0,1,0,0.552627762799163
"22114","1250","Ec_N",369,34,34,"Ec",16,1,1,1,1,0,0.879284144928883
"22115","1250","Ec_N",369,35,35,"Ec",16,1,1,1,1,0,0.879284144928883
"22116","1250","Ec_N",369,36,36,"Ec",16,1,1,1,1,0,0.879284144928883
"22117","1250","Ec_N",369,37,37,"Ec",16,1,1,1,1,0,0.879284144928883
"22118","1250","Ec_N",369,38,38,"Ec",32,1,1,1,1,1,1
"22119","1250","Ec_N",369,39,39,"Ec",32,1,1,1,1,1,1
"22120","1250","Ec_N",369,40,40,"Ec",32,1,1,1,1,1,1
"22121","1250","Ec_N",369,41,41,"Ec",32,1,1,1,1,1,1
"22122","1250","Ec_N",369,42,42,"Ec",32,1,1,1,1,1,1
"22123","1250","Ec_N",369,43,43,"Ec",32,1,1,1,1,1,1
"22124","1250","Ec_N",369,44,44,"Ec",32,1,1,1,1,1,1
"22125","1250","Ec_N",369,45,45,"Ec",32,1,1,1,1,1,1
"22126","1250","Ec_N",369,46,46,"Ec",32,1,1,1,1,1,1
"22127","1250","Ec_N",369,47,47,"Ec",32,1,1,1,1,1,1
"22128","1250","Ec_N",369,48,48,"Ec",32,1,1,1,1,1,1
"22129","1250","Ec_N",369,49,49,"Ec",32,1,1,1,1,1,1
"22130","1250","Ec_N",369,50,50,"Ec",32,1,1,1,1,1,1
"22131","1250","Ec_N",369,51,51,"Ec",32,1,1,1,1,1,1
"22132","1250","Ec_N",369,52,52,"Ec",32,1,1,1,1,1,1
"22133","1250","Ec_N",369,53,53,"Ec",32,1,1,1,1,1,1
"22134","1250","Ec_N",369,54,54,"Ec",32,1,1,1,1,1,1
"22135","1250","Ec_N",369,55,55,"Ec",32,1,1,1,1,1,1
"22136","1250","Ec_N",369,56,56,"Ec",32,1,1,1,1,1,1
"22137","1250","Ec_N",369,57,57,"Ec",32,1,1,1,1,1,1
"22138","1250","Ec_N",369,58,58,"Ec",32,1,1,1,1,1,1
"22139","1250","Ec_N",369,59,59,"Ec",32,1,1,1,1,1,1
"22140","1250","Ec_N",369,60,60,"Ec",32,1,1,1,1,1,1
"22141","1250","Ec_N",370,1,1,"Ec",1,0,0,0,0,0,0
"22142","1250","Ec_N",370,2,2,"Ec",1,0,0,0,0,0,0
"22143","1250","Ec_N",370,3,3,"Ec",1,0,0,0,0,0,0
"22144","1250","Ec_N",370,4,4,"Ec",3,0,1,0,0,0,0.082650579415114
"22145","1250","Ec_N",370,5,5,"Ec",3,0,1,0,0,0,0.082650579415114
"22146","1250","Ec_N",370,6,6,"Ec",3,0,1,0,0,0,0.082650579415114
"22147","1250","Ec_N",370,7,7,"Ec",3,0,1,0,0,0,0.082650579415114
"22148","1250","Ec_N",370,8,8,"Ec",3,0,1,0,0,0,0.082650579415114
"22149","1250","Ec_N",370,9,9,"Ec",19,0,1,0,0,1,0.179678659430889
"22150","1250","Ec_N",370,10,10,"Ec",19,0,1,0,0,1,0.179678659430889
"22151","1250","Ec_N",370,11,11,"Ec",23,0,1,1,0,1,0.511241695498657
"22152","1250","Ec_N",370,12,12,"Ec",23,0,1,1,0,1,0.511241695498657
"22153","1250","Ec_N",370,13,13,"Ec",23,0,1,1,0,1,0.511241695498657
"22154","1250","Ec_N",370,14,14,"Ec",23,0,1,1,0,1,0.511241695498657
"22155","1250","Ec_N",370,15,15,"Ec",23,0,1,1,0,1,0.511241695498657
"22156","1250","Ec_N",370,16,16,"Ec",23,0,1,1,0,1,0.511241695498657
"22157","1250","Ec_N",370,17,17,"Ec",23,0,1,1,0,1,0.511241695498657
"22158","1250","Ec_N",370,18,18,"Ec",23,0,1,1,0,1,0.511241695498657
"22159","1250","Ec_N",370,19,19,"Ec",23,0,1,1,0,1,0.511241695498657
"22160","1250","Ec_N",370,20,20,"Ec",23,0,1,1,0,1,0.511241695498657
"22161","1250","Ec_N",370,21,21,"Ec",23,0,1,1,0,1,0.511241695498657
"22162","1250","Ec_N",370,22,22,"Ec",23,0,1,1,0,1,0.511241695498657
"22163","1250","Ec_N",370,23,23,"Ec",23,0,1,1,0,1,0.511241695498657
"22164","1250","Ec_N",370,24,24,"Ec",23,0,1,1,0,1,0.511241695498657
"22165","1250","Ec_N",370,25,25,"Ec",23,0,1,1,0,1,0.511241695498657
"22166","1250","Ec_N",370,26,26,"Ec",23,0,1,1,0,1,0.511241695498657
"22167","1250","Ec_N",370,27,27,"Ec",23,0,1,1,0,1,0.511241695498657
"22168","1250","Ec_N",370,28,28,"Ec",23,0,1,1,0,1,0.511241695498657
"22169","1250","Ec_N",370,29,29,"Ec",23,0,1,1,0,1,0.511241695498657
"22170","1250","Ec_N",370,30,30,"Ec",23,0,1,1,0,1,0.511241695498657
"22171","1250","Ec_N",370,31,31,"Ec",23,0,1,1,0,1,0.511241695498657
"22172","1250","Ec_N",370,32,32,"Ec",23,0,1,1,0,1,0.511241695498657
"22173","1250","Ec_N",370,33,33,"Ec",23,0,1,1,0,1,0.511241695498657
"22174","1250","Ec_N",370,34,34,"Ec",23,0,1,1,0,1,0.511241695498657
"22175","1250","Ec_N",370,35,35,"Ec",23,0,1,1,0,1,0.511241695498657
"22176","1250","Ec_N",370,36,36,"Ec",23,0,1,1,0,1,0.511241695498657
"22177","1250","Ec_N",370,37,37,"Ec",23,0,1,1,0,1,0.511241695498657
"22178","1250","Ec_N",370,38,38,"Ec",23,0,1,1,0,1,0.511241695498657
"22179","1250","Ec_N",370,39,39,"Ec",23,0,1,1,0,1,0.511241695498657
"22180","1250","Ec_N",370,40,40,"Ec",23,0,1,1,0,1,0.511241695498657
"22181","1250","Ec_N",370,41,41,"Ec",23,0,1,1,0,1,0.511241695498657
"22182","1250","Ec_N",370,42,42,"Ec",23,0,1,1,0,1,0.511241695498657
"22183","1250","Ec_N",370,43,43,"Ec",23,0,1,1,0,1,0.511241695498657
"22184","1250","Ec_N",370,44,44,"Ec",23,0,1,1,0,1,0.511241695498657
"22185","1250","Ec_N",370,45,45,"Ec",23,0,1,1,0,1,0.511241695498657
"22186","1250","Ec_N",370,46,46,"Ec",23,0,1,1,0,1,0.511241695498657
"22187","1250","Ec_N",370,47,47,"Ec",23,0,1,1,0,1,0.511241695498657
"22188","1250","Ec_N",370,48,48,"Ec",23,0,1,1,0,1,0.511241695498657
"22189","1250","Ec_N",370,49,49,"Ec",23,0,1,1,0,1,0.511241695498657
"22190","1250","Ec_N",370,50,50,"Ec",23,0,1,1,0,1,0.511241695498657
"22191","1250","Ec_N",370,51,51,"Ec",23,0,1,1,0,1,0.511241695498657
"22192","1250","Ec_N",370,52,52,"Ec",23,0,1,1,0,1,0.511241695498657
"22193","1250","Ec_N",370,53,53,"Ec",23,0,1,1,0,1,0.511241695498657
"22194","1250","Ec_N",370,54,54,"Ec",23,0,1,1,0,1,0.511241695498657
"22195","1250","Ec_N",370,55,55,"Ec",23,0,1,1,0,1,0.511241695498657
"22196","1250","Ec_N",370,56,56,"Ec",23,0,1,1,0,1,0.511241695498657
"22197","1250","Ec_N",370,57,57,"Ec",23,0,1,1,0,1,0.511241695498657
"22198","1250","Ec_N",370,58,58,"Ec",23,0,1,1,0,1,0.511241695498657
"22199","1250","Ec_N",370,59,59,"Ec",23,0,1,1,0,1,0.511241695498657
"22200","1250","Ec_N",370,60,60,"Ec",23,0,1,1,0,1,0.511241695498657
"22201","1250","Ec_N",371,1,1,"Ec",1,0,0,0,0,0,0
"22202","1250","Ec_N",371,2,2,"Ec",1,0,0,0,0,0,0
"22203","1250","Ec_N",371,3,3,"Ec",3,0,1,0,0,0,0.082650579415114
"22204","1250","Ec_N",371,4,4,"Ec",3,0,1,0,0,0,0.082650579415114
"22205","1250","Ec_N",371,5,5,"Ec",3,0,1,0,0,0,0.082650579415114
"22206","1250","Ec_N",371,6,6,"Ec",4,1,1,0,0,0,0.303663233874882
"22207","1250","Ec_N",371,7,7,"Ec",4,1,1,0,0,0,0.303663233874882
"22208","1250","Ec_N",371,8,8,"Ec",4,1,1,0,0,0,0.303663233874882
"22209","1250","Ec_N",371,9,9,"Ec",4,1,1,0,0,0,0.303663233874882
"22210","1250","Ec_N",371,10,10,"Ec",4,1,1,0,0,0,0.303663233874882
"22211","1250","Ec_N",371,11,11,"Ec",4,1,1,0,0,0,0.303663233874882
"22212","1250","Ec_N",371,12,12,"Ec",4,1,1,0,0,0,0.303663233874882
"22213","1250","Ec_N",371,13,13,"Ec",4,1,1,0,0,0,0.303663233874882
"22214","1250","Ec_N",371,14,14,"Ec",4,1,1,0,0,0,0.303663233874882
"22215","1250","Ec_N",371,15,15,"Ec",4,1,1,0,0,0,0.303663233874882
"22216","1250","Ec_N",371,16,16,"Ec",4,1,1,0,0,0,0.303663233874882
"22217","1250","Ec_N",371,17,17,"Ec",4,1,1,0,0,0,0.303663233874882
"22218","1250","Ec_N",371,18,18,"Ec",4,1,1,0,0,0,0.303663233874882
"22219","1250","Ec_N",371,19,19,"Ec",4,1,1,0,0,0,0.303663233874882
"22220","1250","Ec_N",371,20,20,"Ec",4,1,1,0,0,0,0.303663233874882
"22221","1250","Ec_N",371,21,21,"Ec",12,1,1,0,1,0,0.552627762799163
"22222","1250","Ec_N",371,22,22,"Ec",28,1,1,0,1,1,0.770762719311211
"22223","1250","Ec_N",371,23,23,"Ec",28,1,1,0,1,1,0.770762719311211
"22224","1250","Ec_N",371,24,24,"Ec",28,1,1,0,1,1,0.770762719311211
"22225","1250","Ec_N",371,25,25,"Ec",28,1,1,0,1,1,0.770762719311211
"22226","1250","Ec_N",371,26,26,"Ec",28,1,1,0,1,1,0.770762719311211
"22227","1250","Ec_N",371,27,27,"Ec",28,1,1,0,1,1,0.770762719311211
"22228","1250","Ec_N",371,28,28,"Ec",28,1,1,0,1,1,0.770762719311211
"22229","1250","Ec_N",371,29,29,"Ec",28,1,1,0,1,1,0.770762719311211
"22230","1250","Ec_N",371,30,30,"Ec",28,1,1,0,1,1,0.770762719311211
"22231","1250","Ec_N",371,31,31,"Ec",28,1,1,0,1,1,0.770762719311211
"22232","1250","Ec_N",371,32,32,"Ec",32,1,1,1,1,1,1
"22233","1250","Ec_N",371,33,33,"Ec",32,1,1,1,1,1,1
"22234","1250","Ec_N",371,34,34,"Ec",32,1,1,1,1,1,1
"22235","1250","Ec_N",371,35,35,"Ec",32,1,1,1,1,1,1
"22236","1250","Ec_N",371,36,36,"Ec",32,1,1,1,1,1,1
"22237","1250","Ec_N",371,37,37,"Ec",32,1,1,1,1,1,1
"22238","1250","Ec_N",371,38,38,"Ec",32,1,1,1,1,1,1
"22239","1250","Ec_N",371,39,39,"Ec",32,1,1,1,1,1,1
"22240","1250","Ec_N",371,40,40,"Ec",32,1,1,1,1,1,1
"22241","1250","Ec_N",371,41,41,"Ec",32,1,1,1,1,1,1
"22242","1250","Ec_N",371,42,42,"Ec",32,1,1,1,1,1,1
"22243","1250","Ec_N",371,43,43,"Ec",32,1,1,1,1,1,1
"22244","1250","Ec_N",371,44,44,"Ec",32,1,1,1,1,1,1
"22245","1250","Ec_N",371,45,45,"Ec",32,1,1,1,1,1,1
"22246","1250","Ec_N",371,46,46,"Ec",32,1,1,1,1,1,1
"22247","1250","Ec_N",371,47,47,"Ec",32,1,1,1,1,1,1
"22248","1250","Ec_N",371,48,48,"Ec",32,1,1,1,1,1,1
"22249","1250","Ec_N",371,49,49,"Ec",32,1,1,1,1,1,1
"22250","1250","Ec_N",371,50,50,"Ec",32,1,1,1,1,1,1
"22251","1250","Ec_N",371,51,51,"Ec",32,1,1,1,1,1,1
"22252","1250","Ec_N",371,52,52,"Ec",32,1,1,1,1,1,1
"22253","1250","Ec_N",371,53,53,"Ec",32,1,1,1,1,1,1
"22254","1250","Ec_N",371,54,54,"Ec",32,1,1,1,1,1,1
"22255","1250","Ec_N",371,55,55,"Ec",32,1,1,1,1,1,1
"22256","1250","Ec_N",371,56,56,"Ec",32,1,1,1,1,1,1
"22257","1250","Ec_N",371,57,57,"Ec",32,1,1,1,1,1,1
"22258","1250","Ec_N",371,58,58,"Ec",32,1,1,1,1,1,1
"22259","1250","Ec_N",371,59,59,"Ec",32,1,1,1,1,1,1
"22260","1250","Ec_N",371,60,60,"Ec",32,1,1,1,1,1,1
"22261","1250","Ec_N",372,1,1,"Ec",1,0,0,0,0,0,0
"22262","1250","Ec_N",372,2,2,"Ec",1,0,0,0,0,0,0
"22263","1250","Ec_N",372,3,3,"Ec",1,0,0,0,0,0,0
"22264","1250","Ec_N",372,4,4,"Ec",1,0,0,0,0,0,0
"22265","1250","Ec_N",372,5,5,"Ec",2,1,0,0,0,0,0.221012654459768
"22266","1250","Ec_N",372,6,6,"Ec",2,1,0,0,0,0,0.221012654459768
"22267","1250","Ec_N",372,7,7,"Ec",2,1,0,0,0,0,0.221012654459768
"22268","1250","Ec_N",372,8,8,"Ec",2,1,0,0,0,0,0.221012654459768
"22269","1250","Ec_N",372,9,9,"Ec",10,1,0,0,1,0,0.488758304501343
"22270","1250","Ec_N",372,10,10,"Ec",10,1,0,0,1,0,0.488758304501343
"22271","1250","Ec_N",372,11,11,"Ec",10,1,0,0,1,0,0.488758304501343
"22272","1250","Ec_N",372,12,12,"Ec",10,1,0,0,1,0,0.488758304501343
"22273","1250","Ec_N",372,13,13,"Ec",10,1,0,0,1,0,0.488758304501343
"22274","1250","Ec_N",372,14,14,"Ec",10,1,0,0,1,0,0.488758304501343
"22275","1250","Ec_N",372,15,15,"Ec",14,1,0,1,1,0,0.720821796264067
"22276","1250","Ec_N",372,16,16,"Ec",14,1,0,1,1,0,0.720821796264067
"22277","1250","Ec_N",372,17,17,"Ec",14,1,0,1,1,0,0.720821796264067
"22278","1250","Ec_N",372,18,18,"Ec",14,1,0,1,1,0,0.720821796264067
"22279","1250","Ec_N",372,19,19,"Ec",14,1,0,1,1,0,0.720821796264067
"22280","1250","Ec_N",372,20,20,"Ec",14,1,0,1,1,0,0.720821796264067
"22281","1250","Ec_N",372,21,21,"Ec",16,1,1,1,1,0,0.879284144928883
"22282","1250","Ec_N",372,22,22,"Ec",16,1,1,1,1,0,0.879284144928883
"22283","1250","Ec_N",372,23,23,"Ec",16,1,1,1,1,0,0.879284144928883
"22284","1250","Ec_N",372,24,24,"Ec",16,1,1,1,1,0,0.879284144928883
"22285","1250","Ec_N",372,25,25,"Ec",16,1,1,1,1,0,0.879284144928883
"22286","1250","Ec_N",372,26,26,"Ec",16,1,1,1,1,0,0.879284144928883
"22287","1250","Ec_N",372,27,27,"Ec",16,1,1,1,1,0,0.879284144928883
"22288","1250","Ec_N",372,28,28,"Ec",16,1,1,1,1,0,0.879284144928883
"22289","1250","Ec_N",372,29,29,"Ec",16,1,1,1,1,0,0.879284144928883
"22290","1250","Ec_N",372,30,30,"Ec",16,1,1,1,1,0,0.879284144928883
"22291","1250","Ec_N",372,31,31,"Ec",16,1,1,1,1,0,0.879284144928883
"22292","1250","Ec_N",372,32,32,"Ec",16,1,1,1,1,0,0.879284144928883
"22293","1250","Ec_N",372,33,33,"Ec",16,1,1,1,1,0,0.879284144928883
"22294","1250","Ec_N",372,34,34,"Ec",16,1,1,1,1,0,0.879284144928883
"22295","1250","Ec_N",372,35,35,"Ec",16,1,1,1,1,0,0.879284144928883
"22296","1250","Ec_N",372,36,36,"Ec",16,1,1,1,1,0,0.879284144928883
"22297","1250","Ec_N",372,37,37,"Ec",16,1,1,1,1,0,0.879284144928883
"22298","1250","Ec_N",372,38,38,"Ec",16,1,1,1,1,0,0.879284144928883
"22299","1250","Ec_N",372,39,39,"Ec",16,1,1,1,1,0,0.879284144928883
"22300","1250","Ec_N",372,40,40,"Ec",16,1,1,1,1,0,0.879284144928883
"22301","1250","Ec_N",372,41,41,"Ec",16,1,1,1,1,0,0.879284144928883
"22302","1250","Ec_N",372,42,42,"Ec",16,1,1,1,1,0,0.879284144928883
"22303","1250","Ec_N",372,43,43,"Ec",16,1,1,1,1,0,0.879284144928883
"22304","1250","Ec_N",372,44,44,"Ec",16,1,1,1,1,0,0.879284144928883
"22305","1250","Ec_N",372,45,45,"Ec",16,1,1,1,1,0,0.879284144928883
"22306","1250","Ec_N",372,46,46,"Ec",16,1,1,1,1,0,0.879284144928883
"22307","1250","Ec_N",372,47,47,"Ec",16,1,1,1,1,0,0.879284144928883
"22308","1250","Ec_N",372,48,48,"Ec",16,1,1,1,1,0,0.879284144928883
"22309","1250","Ec_N",372,49,49,"Ec",16,1,1,1,1,0,0.879284144928883
"22310","1250","Ec_N",372,50,50,"Ec",16,1,1,1,1,0,0.879284144928883
"22311","1250","Ec_N",372,51,51,"Ec",16,1,1,1,1,0,0.879284144928883
"22312","1250","Ec_N",372,52,52,"Ec",16,1,1,1,1,0,0.879284144928883
"22313","1250","Ec_N",372,53,53,"Ec",16,1,1,1,1,0,0.879284144928883
"22314","1250","Ec_N",372,54,54,"Ec",16,1,1,1,1,0,0.879284144928883
"22315","1250","Ec_N",372,55,55,"Ec",16,1,1,1,1,0,0.879284144928883
"22316","1250","Ec_N",372,56,56,"Ec",16,1,1,1,1,0,0.879284144928883
"22317","1250","Ec_N",372,57,57,"Ec",16,1,1,1,1,0,0.879284144928883
"22318","1250","Ec_N",372,58,58,"Ec",16,1,1,1,1,0,0.879284144928883
"22319","1250","Ec_N",372,59,59,"Ec",16,1,1,1,1,0,0.879284144928883
"22320","1250","Ec_N",372,60,60,"Ec",16,1,1,1,1,0,0.879284144928883
"22321","1250","Ec_N",373,1,1,"Ec",1,0,0,0,0,0,0
"22322","1250","Ec_N",373,2,2,"Ec",1,0,0,0,0,0,0
"22323","1250","Ec_N",373,3,3,"Ec",9,0,0,0,1,0,0.267745650041575
"22324","1250","Ec_N",373,4,4,"Ec",9,0,0,0,1,0,0.267745650041575
"22325","1250","Ec_N",373,5,5,"Ec",9,0,0,0,1,0,0.267745650041575
"22326","1250","Ec_N",373,6,6,"Ec",9,0,0,0,1,0,0.267745650041575
"22327","1250","Ec_N",373,7,7,"Ec",9,0,0,0,1,0,0.267745650041575
"22328","1250","Ec_N",373,8,8,"Ec",9,0,0,0,1,0,0.267745650041575
"22329","1250","Ec_N",373,9,9,"Ec",9,0,0,0,1,0,0.267745650041575
"22330","1250","Ec_N",373,10,10,"Ec",9,0,0,0,1,0,0.267745650041575
"22331","1250","Ec_N",373,11,11,"Ec",9,0,0,0,1,0,0.267745650041575
"22332","1250","Ec_N",373,12,12,"Ec",25,0,0,0,1,1,0.464273274362394
"22333","1250","Ec_N",373,13,13,"Ec",25,0,0,0,1,1,0.464273274362394
"22334","1250","Ec_N",373,14,14,"Ec",25,0,0,0,1,1,0.464273274362394
"22335","1250","Ec_N",373,15,15,"Ec",29,0,0,1,1,1,0.696336766125118
"22336","1250","Ec_N",373,16,16,"Ec",29,0,0,1,1,1,0.696336766125118
"22337","1250","Ec_N",373,17,17,"Ec",29,0,0,1,1,1,0.696336766125118
"22338","1250","Ec_N",373,18,18,"Ec",29,0,0,1,1,1,0.696336766125118
"22339","1250","Ec_N",373,19,19,"Ec",29,0,0,1,1,1,0.696336766125118
"22340","1250","Ec_N",373,20,20,"Ec",31,0,1,1,1,1,0.778987345540232
"22341","1250","Ec_N",373,21,21,"Ec",31,0,1,1,1,1,0.778987345540232
"22342","1250","Ec_N",373,22,22,"Ec",31,0,1,1,1,1,0.778987345540232
"22343","1250","Ec_N",373,23,23,"Ec",31,0,1,1,1,1,0.778987345540232
"22344","1250","Ec_N",373,24,24,"Ec",31,0,1,1,1,1,0.778987345540232
"22345","1250","Ec_N",373,25,25,"Ec",31,0,1,1,1,1,0.778987345540232
"22346","1250","Ec_N",373,26,26,"Ec",31,0,1,1,1,1,0.778987345540232
"22347","1250","Ec_N",373,27,27,"Ec",31,0,1,1,1,1,0.778987345540232
"22348","1250","Ec_N",373,28,28,"Ec",31,0,1,1,1,1,0.778987345540232
"22349","1250","Ec_N",373,29,29,"Ec",31,0,1,1,1,1,0.778987345540232
"22350","1250","Ec_N",373,30,30,"Ec",31,0,1,1,1,1,0.778987345540232
"22351","1250","Ec_N",373,31,31,"Ec",31,0,1,1,1,1,0.778987345540232
"22352","1250","Ec_N",373,32,32,"Ec",31,0,1,1,1,1,0.778987345540232
"22353","1250","Ec_N",373,33,33,"Ec",31,0,1,1,1,1,0.778987345540232
"22354","1250","Ec_N",373,34,34,"Ec",31,0,1,1,1,1,0.778987345540232
"22355","1250","Ec_N",373,35,35,"Ec",31,0,1,1,1,1,0.778987345540232
"22356","1250","Ec_N",373,36,36,"Ec",31,0,1,1,1,1,0.778987345540232
"22357","1250","Ec_N",373,37,37,"Ec",31,0,1,1,1,1,0.778987345540232
"22358","1250","Ec_N",373,38,38,"Ec",31,0,1,1,1,1,0.778987345540232
"22359","1250","Ec_N",373,39,39,"Ec",31,0,1,1,1,1,0.778987345540232
"22360","1250","Ec_N",373,40,40,"Ec",31,0,1,1,1,1,0.778987345540232
"22361","1250","Ec_N",373,41,41,"Ec",31,0,1,1,1,1,0.778987345540232
"22362","1250","Ec_N",373,42,42,"Ec",31,0,1,1,1,1,0.778987345540232
"22363","1250","Ec_N",373,43,43,"Ec",31,0,1,1,1,1,0.778987345540232
"22364","1250","Ec_N",373,44,44,"Ec",31,0,1,1,1,1,0.778987345540232
"22365","1250","Ec_N",373,45,45,"Ec",31,0,1,1,1,1,0.778987345540232
"22366","1250","Ec_N",373,46,46,"Ec",31,0,1,1,1,1,0.778987345540232
"22367","1250","Ec_N",373,47,47,"Ec",31,0,1,1,1,1,0.778987345540232
"22368","1250","Ec_N",373,48,48,"Ec",31,0,1,1,1,1,0.778987345540232
"22369","1250","Ec_N",373,49,49,"Ec",31,0,1,1,1,1,0.778987345540232
"22370","1250","Ec_N",373,50,50,"Ec",31,0,1,1,1,1,0.778987345540232
"22371","1250","Ec_N",373,51,51,"Ec",31,0,1,1,1,1,0.778987345540232
"22372","1250","Ec_N",373,52,52,"Ec",31,0,1,1,1,1,0.778987345540232
"22373","1250","Ec_N",373,53,53,"Ec",31,0,1,1,1,1,0.778987345540232
"22374","1250","Ec_N",373,54,54,"Ec",31,0,1,1,1,1,0.778987345540232
"22375","1250","Ec_N",373,55,55,"Ec",31,0,1,1,1,1,0.778987345540232
"22376","1250","Ec_N",373,56,56,"Ec",31,0,1,1,1,1,0.778987345540232
"22377","1250","Ec_N",373,57,57,"Ec",31,0,1,1,1,1,0.778987345540232
"22378","1250","Ec_N",373,58,58,"Ec",31,0,1,1,1,1,0.778987345540232
"22379","1250","Ec_N",373,59,59,"Ec",32,1,1,1,1,1,1
"22380","1250","Ec_N",373,60,60,"Ec",32,1,1,1,1,1,1
"22381","1250","Ec_N",374,1,1,"Ec",1,0,0,0,0,0,0
"22382","1250","Ec_N",374,2,2,"Ec",1,0,0,0,0,0,0
"22383","1250","Ec_N",374,3,3,"Ec",9,0,0,0,1,0,0.267745650041575
"22384","1250","Ec_N",374,4,4,"Ec",9,0,0,0,1,0,0.267745650041575
"22385","1250","Ec_N",374,5,5,"Ec",9,0,0,0,1,0,0.267745650041575
"22386","1250","Ec_N",374,6,6,"Ec",9,0,0,0,1,0,0.267745650041575
"22387","1250","Ec_N",374,7,7,"Ec",25,0,0,0,1,1,0.464273274362394
"22388","1250","Ec_N",374,8,8,"Ec",25,0,0,0,1,1,0.464273274362394
"22389","1250","Ec_N",374,9,9,"Ec",25,0,0,0,1,1,0.464273274362394
"22390","1250","Ec_N",374,10,10,"Ec",25,0,0,0,1,1,0.464273274362394
"22391","1250","Ec_N",374,11,11,"Ec",25,0,0,0,1,1,0.464273274362394
"22392","1250","Ec_N",374,12,12,"Ec",25,0,0,0,1,1,0.464273274362394
"22393","1250","Ec_N",374,13,13,"Ec",25,0,0,0,1,1,0.464273274362394
"22394","1250","Ec_N",374,14,14,"Ec",25,0,0,0,1,1,0.464273274362394
"22395","1250","Ec_N",374,15,15,"Ec",25,0,0,0,1,1,0.464273274362394
"22396","1250","Ec_N",374,16,16,"Ec",25,0,0,0,1,1,0.464273274362394
"22397","1250","Ec_N",374,17,17,"Ec",25,0,0,0,1,1,0.464273274362394
"22398","1250","Ec_N",374,18,18,"Ec",25,0,0,0,1,1,0.464273274362394
"22399","1250","Ec_N",374,19,19,"Ec",25,0,0,0,1,1,0.464273274362394
"22400","1250","Ec_N",374,20,20,"Ec",25,0,0,0,1,1,0.464273274362394
"22401","1250","Ec_N",374,21,21,"Ec",29,0,0,1,1,1,0.696336766125118
"22402","1250","Ec_N",374,22,22,"Ec",29,0,0,1,1,1,0.696336766125118
"22403","1250","Ec_N",374,23,23,"Ec",29,0,0,1,1,1,0.696336766125118
"22404","1250","Ec_N",374,24,24,"Ec",29,0,0,1,1,1,0.696336766125118
"22405","1250","Ec_N",374,25,25,"Ec",29,0,0,1,1,1,0.696336766125118
"22406","1250","Ec_N",374,26,26,"Ec",29,0,0,1,1,1,0.696336766125118
"22407","1250","Ec_N",374,27,27,"Ec",29,0,0,1,1,1,0.696336766125118
"22408","1250","Ec_N",374,28,28,"Ec",29,0,0,1,1,1,0.696336766125118
"22409","1250","Ec_N",374,29,29,"Ec",29,0,0,1,1,1,0.696336766125118
"22410","1250","Ec_N",374,30,30,"Ec",29,0,0,1,1,1,0.696336766125118
"22411","1250","Ec_N",374,31,31,"Ec",30,1,0,1,1,1,0.981696467924213
"22412","1250","Ec_N",374,32,32,"Ec",32,1,1,1,1,1,1
"22413","1250","Ec_N",374,33,33,"Ec",32,1,1,1,1,1,1
"22414","1250","Ec_N",374,34,34,"Ec",32,1,1,1,1,1,1
"22415","1250","Ec_N",374,35,35,"Ec",32,1,1,1,1,1,1
"22416","1250","Ec_N",374,36,36,"Ec",32,1,1,1,1,1,1
"22417","1250","Ec_N",374,37,37,"Ec",32,1,1,1,1,1,1
"22418","1250","Ec_N",374,38,38,"Ec",32,1,1,1,1,1,1
"22419","1250","Ec_N",374,39,39,"Ec",32,1,1,1,1,1,1
"22420","1250","Ec_N",374,40,40,"Ec",32,1,1,1,1,1,1
"22421","1250","Ec_N",374,41,41,"Ec",32,1,1,1,1,1,1
"22422","1250","Ec_N",374,42,42,"Ec",32,1,1,1,1,1,1
"22423","1250","Ec_N",374,43,43,"Ec",32,1,1,1,1,1,1
"22424","1250","Ec_N",374,44,44,"Ec",32,1,1,1,1,1,1
"22425","1250","Ec_N",374,45,45,"Ec",32,1,1,1,1,1,1
"22426","1250","Ec_N",374,46,46,"Ec",32,1,1,1,1,1,1
"22427","1250","Ec_N",374,47,47,"Ec",32,1,1,1,1,1,1
"22428","1250","Ec_N",374,48,48,"Ec",32,1,1,1,1,1,1
"22429","1250","Ec_N",374,49,49,"Ec",32,1,1,1,1,1,1
"22430","1250","Ec_N",374,50,50,"Ec",32,1,1,1,1,1,1
"22431","1250","Ec_N",374,51,51,"Ec",32,1,1,1,1,1,1
"22432","1250","Ec_N",374,52,52,"Ec",32,1,1,1,1,1,1
"22433","1250","Ec_N",374,53,53,"Ec",32,1,1,1,1,1,1
"22434","1250","Ec_N",374,54,54,"Ec",32,1,1,1,1,1,1
"22435","1250","Ec_N",374,55,55,"Ec",32,1,1,1,1,1,1
"22436","1250","Ec_N",374,56,56,"Ec",32,1,1,1,1,1,1
"22437","1250","Ec_N",374,57,57,"Ec",32,1,1,1,1,1,1
"22438","1250","Ec_N",374,58,58,"Ec",32,1,1,1,1,1,1
"22439","1250","Ec_N",374,59,59,"Ec",32,1,1,1,1,1,1
"22440","1250","Ec_N",374,60,60,"Ec",32,1,1,1,1,1,1
"22441","1250","Ec_N",375,1,1,"Ec",1,0,0,0,0,0,0
"22442","1250","Ec_N",375,2,2,"Ec",1,0,0,0,0,0,0
"22443","1250","Ec_N",375,3,3,"Ec",1,0,0,0,0,0,0
"22444","1250","Ec_N",375,4,4,"Ec",1,0,0,0,0,0,0
"22445","1250","Ec_N",375,5,5,"Ec",1,0,0,0,0,0,0
"22446","1250","Ec_N",375,6,6,"Ec",1,0,0,0,0,0,0
"22447","1250","Ec_N",375,7,7,"Ec",1,0,0,0,0,0,0
"22448","1250","Ec_N",375,8,8,"Ec",1,0,0,0,0,0,0
"22449","1250","Ec_N",375,9,9,"Ec",9,0,0,0,1,0,0.267745650041575
"22450","1250","Ec_N",375,10,10,"Ec",10,1,0,0,1,0,0.488758304501343
"22451","1250","Ec_N",375,11,11,"Ec",10,1,0,0,1,0,0.488758304501343
"22452","1250","Ec_N",375,12,12,"Ec",26,1,0,0,1,1,0.685285928822162
"22453","1250","Ec_N",375,13,13,"Ec",30,1,0,1,1,1,0.981696467924213
"22454","1250","Ec_N",375,14,14,"Ec",30,1,0,1,1,1,0.981696467924213
"22455","1250","Ec_N",375,15,15,"Ec",30,1,0,1,1,1,0.981696467924213
"22456","1250","Ec_N",375,16,16,"Ec",30,1,0,1,1,1,0.981696467924213
"22457","1250","Ec_N",375,17,17,"Ec",30,1,0,1,1,1,0.981696467924213
"22458","1250","Ec_N",375,18,18,"Ec",30,1,0,1,1,1,0.981696467924213
"22459","1250","Ec_N",375,19,19,"Ec",30,1,0,1,1,1,0.981696467924213
"22460","1250","Ec_N",375,20,20,"Ec",30,1,0,1,1,1,0.981696467924213
"22461","1250","Ec_N",375,21,21,"Ec",30,1,0,1,1,1,0.981696467924213
"22462","1250","Ec_N",375,22,22,"Ec",30,1,0,1,1,1,0.981696467924213
"22463","1250","Ec_N",375,23,23,"Ec",30,1,0,1,1,1,0.981696467924213
"22464","1250","Ec_N",375,24,24,"Ec",30,1,0,1,1,1,0.981696467924213
"22465","1250","Ec_N",375,25,25,"Ec",30,1,0,1,1,1,0.981696467924213
"22466","1250","Ec_N",375,26,26,"Ec",30,1,0,1,1,1,0.981696467924213
"22467","1250","Ec_N",375,27,27,"Ec",30,1,0,1,1,1,0.981696467924213
"22468","1250","Ec_N",375,28,28,"Ec",30,1,0,1,1,1,0.981696467924213
"22469","1250","Ec_N",375,29,29,"Ec",30,1,0,1,1,1,0.981696467924213
"22470","1250","Ec_N",375,30,30,"Ec",32,1,1,1,1,1,1
"22471","1250","Ec_N",375,31,31,"Ec",32,1,1,1,1,1,1
"22472","1250","Ec_N",375,32,32,"Ec",32,1,1,1,1,1,1
"22473","1250","Ec_N",375,33,33,"Ec",32,1,1,1,1,1,1
"22474","1250","Ec_N",375,34,34,"Ec",32,1,1,1,1,1,1
"22475","1250","Ec_N",375,35,35,"Ec",32,1,1,1,1,1,1
"22476","1250","Ec_N",375,36,36,"Ec",32,1,1,1,1,1,1
"22477","1250","Ec_N",375,37,37,"Ec",32,1,1,1,1,1,1
"22478","1250","Ec_N",375,38,38,"Ec",32,1,1,1,1,1,1
"22479","1250","Ec_N",375,39,39,"Ec",32,1,1,1,1,1,1
"22480","1250","Ec_N",375,40,40,"Ec",32,1,1,1,1,1,1
"22481","1250","Ec_N",375,41,41,"Ec",32,1,1,1,1,1,1
"22482","1250","Ec_N",375,42,42,"Ec",32,1,1,1,1,1,1
"22483","1250","Ec_N",375,43,43,"Ec",32,1,1,1,1,1,1
"22484","1250","Ec_N",375,44,44,"Ec",32,1,1,1,1,1,1
"22485","1250","Ec_N",375,45,45,"Ec",32,1,1,1,1,1,1
"22486","1250","Ec_N",375,46,46,"Ec",32,1,1,1,1,1,1
"22487","1250","Ec_N",375,47,47,"Ec",32,1,1,1,1,1,1
"22488","1250","Ec_N",375,48,48,"Ec",32,1,1,1,1,1,1
"22489","1250","Ec_N",375,49,49,"Ec",32,1,1,1,1,1,1
"22490","1250","Ec_N",375,50,50,"Ec",32,1,1,1,1,1,1
"22491","1250","Ec_N",375,51,51,"Ec",32,1,1,1,1,1,1
"22492","1250","Ec_N",375,52,52,"Ec",32,1,1,1,1,1,1
"22493","1250","Ec_N",375,53,53,"Ec",32,1,1,1,1,1,1
"22494","1250","Ec_N",375,54,54,"Ec",32,1,1,1,1,1,1
"22495","1250","Ec_N",375,55,55,"Ec",32,1,1,1,1,1,1
"22496","1250","Ec_N",375,56,56,"Ec",32,1,1,1,1,1,1
"22497","1250","Ec_N",375,57,57,"Ec",32,1,1,1,1,1,1
"22498","1250","Ec_N",375,58,58,"Ec",32,1,1,1,1,1,1
"22499","1250","Ec_N",375,59,59,"Ec",32,1,1,1,1,1,1
"22500","1250","Ec_N",375,60,60,"Ec",32,1,1,1,1,1,1
"22501","1250","Ec_N",376,1,1,"Ec",1,0,0,0,0,0,0
"22502","1250","Ec_N",376,2,2,"Ec",5,0,0,1,0,0,0.232063491762724
"22503","1250","Ec_N",376,3,3,"Ec",5,0,0,1,0,0,0.232063491762724
"22504","1250","Ec_N",376,4,4,"Ec",5,0,0,1,0,0,0.232063491762724
"22505","1250","Ec_N",376,5,5,"Ec",5,0,0,1,0,0,0.232063491762724
"22506","1250","Ec_N",376,6,6,"Ec",5,0,0,1,0,0,0.232063491762724
"22507","1250","Ec_N",376,7,7,"Ec",5,0,0,1,0,0,0.232063491762724
"22508","1250","Ec_N",376,8,8,"Ec",5,0,0,1,0,0,0.232063491762724
"22509","1250","Ec_N",376,9,9,"Ec",5,0,0,1,0,0,0.232063491762724
"22510","1250","Ec_N",376,10,10,"Ec",5,0,0,1,0,0,0.232063491762724
"22511","1250","Ec_N",376,11,11,"Ec",5,0,0,1,0,0,0.232063491762724
"22512","1250","Ec_N",376,12,12,"Ec",5,0,0,1,0,0,0.232063491762724
"22513","1250","Ec_N",376,13,13,"Ec",5,0,0,1,0,0,0.232063491762724
"22514","1250","Ec_N",376,14,14,"Ec",5,0,0,1,0,0,0.232063491762724
"22515","1250","Ec_N",376,15,15,"Ec",21,0,0,1,0,1,0.428591116083543
"22516","1250","Ec_N",376,16,16,"Ec",21,0,0,1,0,1,0.428591116083543
"22517","1250","Ec_N",376,17,17,"Ec",22,1,0,1,0,1,0.649603770543311
"22518","1250","Ec_N",376,18,18,"Ec",22,1,0,1,0,1,0.649603770543311
"22519","1250","Ec_N",376,19,19,"Ec",22,1,0,1,0,1,0.649603770543311
"22520","1250","Ec_N",376,20,20,"Ec",22,1,0,1,0,1,0.649603770543311
"22521","1250","Ec_N",376,21,21,"Ec",22,1,0,1,0,1,0.649603770543311
"22522","1250","Ec_N",376,22,22,"Ec",22,1,0,1,0,1,0.649603770543311
"22523","1250","Ec_N",376,23,23,"Ec",22,1,0,1,0,1,0.649603770543311
"22524","1250","Ec_N",376,24,24,"Ec",22,1,0,1,0,1,0.649603770543311
"22525","1250","Ec_N",376,25,25,"Ec",22,1,0,1,0,1,0.649603770543311
"22526","1250","Ec_N",376,26,26,"Ec",22,1,0,1,0,1,0.649603770543311
"22527","1250","Ec_N",376,27,27,"Ec",22,1,0,1,0,1,0.649603770543311
"22528","1250","Ec_N",376,28,28,"Ec",22,1,0,1,0,1,0.649603770543311
"22529","1250","Ec_N",376,29,29,"Ec",22,1,0,1,0,1,0.649603770543311
"22530","1250","Ec_N",376,30,30,"Ec",22,1,0,1,0,1,0.649603770543311
"22531","1250","Ec_N",376,31,31,"Ec",22,1,0,1,0,1,0.649603770543311
"22532","1250","Ec_N",376,32,32,"Ec",22,1,0,1,0,1,0.649603770543311
"22533","1250","Ec_N",376,33,33,"Ec",22,1,0,1,0,1,0.649603770543311
"22534","1250","Ec_N",376,34,34,"Ec",22,1,0,1,0,1,0.649603770543311
"22535","1250","Ec_N",376,35,35,"Ec",22,1,0,1,0,1,0.649603770543311
"22536","1250","Ec_N",376,36,36,"Ec",22,1,0,1,0,1,0.649603770543311
"22537","1250","Ec_N",376,37,37,"Ec",30,1,0,1,1,1,0.981696467924213
"22538","1250","Ec_N",376,38,38,"Ec",30,1,0,1,1,1,0.981696467924213
"22539","1250","Ec_N",376,39,39,"Ec",30,1,0,1,1,1,0.981696467924213
"22540","1250","Ec_N",376,40,40,"Ec",30,1,0,1,1,1,0.981696467924213
"22541","1250","Ec_N",376,41,41,"Ec",30,1,0,1,1,1,0.981696467924213
"22542","1250","Ec_N",376,42,42,"Ec",30,1,0,1,1,1,0.981696467924213
"22543","1250","Ec_N",376,43,43,"Ec",30,1,0,1,1,1,0.981696467924213
"22544","1250","Ec_N",376,44,44,"Ec",30,1,0,1,1,1,0.981696467924213
"22545","1250","Ec_N",376,45,45,"Ec",30,1,0,1,1,1,0.981696467924213
"22546","1250","Ec_N",376,46,46,"Ec",30,1,0,1,1,1,0.981696467924213
"22547","1250","Ec_N",376,47,47,"Ec",30,1,0,1,1,1,0.981696467924213
"22548","1250","Ec_N",376,48,48,"Ec",30,1,0,1,1,1,0.981696467924213
"22549","1250","Ec_N",376,49,49,"Ec",30,1,0,1,1,1,0.981696467924213
"22550","1250","Ec_N",376,50,50,"Ec",30,1,0,1,1,1,0.981696467924213
"22551","1250","Ec_N",376,51,51,"Ec",30,1,0,1,1,1,0.981696467924213
"22552","1250","Ec_N",376,52,52,"Ec",30,1,0,1,1,1,0.981696467924213
"22553","1250","Ec_N",376,53,53,"Ec",30,1,0,1,1,1,0.981696467924213
"22554","1250","Ec_N",376,54,54,"Ec",30,1,0,1,1,1,0.981696467924213
"22555","1250","Ec_N",376,55,55,"Ec",30,1,0,1,1,1,0.981696467924213
"22556","1250","Ec_N",376,56,56,"Ec",30,1,0,1,1,1,0.981696467924213
"22557","1250","Ec_N",376,57,57,"Ec",30,1,0,1,1,1,0.981696467924213
"22558","1250","Ec_N",376,58,58,"Ec",30,1,0,1,1,1,0.981696467924213
"22559","1250","Ec_N",376,59,59,"Ec",30,1,0,1,1,1,0.981696467924213
"22560","1250","Ec_N",376,60,60,"Ec",30,1,0,1,1,1,0.981696467924213
"22561","1250","Ec_N",377,1,1,"Ec",1,0,0,0,0,0,0
"22562","1250","Ec_N",377,2,2,"Ec",1,0,0,0,0,0,0
"22563","1250","Ec_N",377,3,3,"Ec",1,0,0,0,0,0,0
"22564","1250","Ec_N",377,4,4,"Ec",2,1,0,0,0,0,0.221012654459768
"22565","1250","Ec_N",377,5,5,"Ec",2,1,0,0,0,0,0.221012654459768
"22566","1250","Ec_N",377,6,6,"Ec",2,1,0,0,0,0,0.221012654459768
"22567","1250","Ec_N",377,7,7,"Ec",2,1,0,0,0,0,0.221012654459768
"22568","1250","Ec_N",377,8,8,"Ec",2,1,0,0,0,0,0.221012654459768
"22569","1250","Ec_N",377,9,9,"Ec",2,1,0,0,0,0,0.221012654459768
"22570","1250","Ec_N",377,10,10,"Ec",2,1,0,0,0,0,0.221012654459768
"22571","1250","Ec_N",377,11,11,"Ec",2,1,0,0,0,0,0.221012654459768
"22572","1250","Ec_N",377,12,12,"Ec",2,1,0,0,0,0,0.221012654459768
"22573","1250","Ec_N",377,13,13,"Ec",2,1,0,0,0,0,0.221012654459768
"22574","1250","Ec_N",377,14,14,"Ec",18,1,0,0,0,1,0.417540278780587
"22575","1250","Ec_N",377,15,15,"Ec",18,1,0,0,0,1,0.417540278780587
"22576","1250","Ec_N",377,16,16,"Ec",18,1,0,0,0,1,0.417540278780587
"22577","1250","Ec_N",377,17,17,"Ec",18,1,0,0,0,1,0.417540278780587
"22578","1250","Ec_N",377,18,18,"Ec",18,1,0,0,0,1,0.417540278780587
"22579","1250","Ec_N",377,19,19,"Ec",18,1,0,0,0,1,0.417540278780587
"22580","1250","Ec_N",377,20,20,"Ec",18,1,0,0,0,1,0.417540278780587
"22581","1250","Ec_N",377,21,21,"Ec",18,1,0,0,0,1,0.417540278780587
"22582","1250","Ec_N",377,22,22,"Ec",18,1,0,0,0,1,0.417540278780587
"22583","1250","Ec_N",377,23,23,"Ec",18,1,0,0,0,1,0.417540278780587
"22584","1250","Ec_N",377,24,24,"Ec",18,1,0,0,0,1,0.417540278780587
"22585","1250","Ec_N",377,25,25,"Ec",18,1,0,0,0,1,0.417540278780587
"22586","1250","Ec_N",377,26,26,"Ec",18,1,0,0,0,1,0.417540278780587
"22587","1250","Ec_N",377,27,27,"Ec",18,1,0,0,0,1,0.417540278780587
"22588","1250","Ec_N",377,28,28,"Ec",18,1,0,0,0,1,0.417540278780587
"22589","1250","Ec_N",377,29,29,"Ec",18,1,0,0,0,1,0.417540278780587
"22590","1250","Ec_N",377,30,30,"Ec",18,1,0,0,0,1,0.417540278780587
"22591","1250","Ec_N",377,31,31,"Ec",18,1,0,0,0,1,0.417540278780587
"22592","1250","Ec_N",377,32,32,"Ec",18,1,0,0,0,1,0.417540278780587
"22593","1250","Ec_N",377,33,33,"Ec",26,1,0,0,1,1,0.685285928822162
"22594","1250","Ec_N",377,34,34,"Ec",28,1,1,0,1,1,0.770762719311211
"22595","1250","Ec_N",377,35,35,"Ec",28,1,1,0,1,1,0.770762719311211
"22596","1250","Ec_N",377,36,36,"Ec",32,1,1,1,1,1,1
"22597","1250","Ec_N",377,37,37,"Ec",32,1,1,1,1,1,1
"22598","1250","Ec_N",377,38,38,"Ec",32,1,1,1,1,1,1
"22599","1250","Ec_N",377,39,39,"Ec",32,1,1,1,1,1,1
"22600","1250","Ec_N",377,40,40,"Ec",32,1,1,1,1,1,1
"22601","1250","Ec_N",377,41,41,"Ec",32,1,1,1,1,1,1
"22602","1250","Ec_N",377,42,42,"Ec",32,1,1,1,1,1,1
"22603","1250","Ec_N",377,43,43,"Ec",32,1,1,1,1,1,1
"22604","1250","Ec_N",377,44,44,"Ec",32,1,1,1,1,1,1
"22605","1250","Ec_N",377,45,45,"Ec",32,1,1,1,1,1,1
"22606","1250","Ec_N",377,46,46,"Ec",32,1,1,1,1,1,1
"22607","1250","Ec_N",377,47,47,"Ec",32,1,1,1,1,1,1
"22608","1250","Ec_N",377,48,48,"Ec",32,1,1,1,1,1,1
"22609","1250","Ec_N",377,49,49,"Ec",32,1,1,1,1,1,1
"22610","1250","Ec_N",377,50,50,"Ec",32,1,1,1,1,1,1
"22611","1250","Ec_N",377,51,51,"Ec",32,1,1,1,1,1,1
"22612","1250","Ec_N",377,52,52,"Ec",32,1,1,1,1,1,1
"22613","1250","Ec_N",377,53,53,"Ec",32,1,1,1,1,1,1
"22614","1250","Ec_N",377,54,54,"Ec",32,1,1,1,1,1,1
"22615","1250","Ec_N",377,55,55,"Ec",32,1,1,1,1,1,1
"22616","1250","Ec_N",377,56,56,"Ec",32,1,1,1,1,1,1
"22617","1250","Ec_N",377,57,57,"Ec",32,1,1,1,1,1,1
"22618","1250","Ec_N",377,58,58,"Ec",32,1,1,1,1,1,1
"22619","1250","Ec_N",377,59,59,"Ec",32,1,1,1,1,1,1
"22620","1250","Ec_N",377,60,60,"Ec",32,1,1,1,1,1,1
"22621","1250","Ec_N",378,1,1,"Ec",1,0,0,0,0,0,0
"22622","1250","Ec_N",378,2,2,"Ec",1,0,0,0,0,0,0
"22623","1250","Ec_N",378,3,3,"Ec",17,0,0,0,0,1,0.14692246949649
"22624","1250","Ec_N",378,4,4,"Ec",19,0,1,0,0,1,0.179678659430889
"22625","1250","Ec_N",378,5,5,"Ec",19,0,1,0,0,1,0.179678659430889
"22626","1250","Ec_N",378,6,6,"Ec",20,1,1,0,0,1,0.500190858195701
"22627","1250","Ec_N",378,7,7,"Ec",20,1,1,0,0,1,0.500190858195701
"22628","1250","Ec_N",378,8,8,"Ec",20,1,1,0,0,1,0.500190858195701
"22629","1250","Ec_N",378,9,9,"Ec",20,1,1,0,0,1,0.500190858195701
"22630","1250","Ec_N",378,10,10,"Ec",20,1,1,0,0,1,0.500190858195701
"22631","1250","Ec_N",378,11,11,"Ec",20,1,1,0,0,1,0.500190858195701
"22632","1250","Ec_N",378,12,12,"Ec",20,1,1,0,0,1,0.500190858195701
"22633","1250","Ec_N",378,13,13,"Ec",20,1,1,0,0,1,0.500190858195701
"22634","1250","Ec_N",378,14,14,"Ec",20,1,1,0,0,1,0.500190858195701
"22635","1250","Ec_N",378,15,15,"Ec",20,1,1,0,0,1,0.500190858195701
"22636","1250","Ec_N",378,16,16,"Ec",20,1,1,0,0,1,0.500190858195701
"22637","1250","Ec_N",378,17,17,"Ec",20,1,1,0,0,1,0.500190858195701
"22638","1250","Ec_N",378,18,18,"Ec",20,1,1,0,0,1,0.500190858195701
"22639","1250","Ec_N",378,19,19,"Ec",20,1,1,0,0,1,0.500190858195701
"22640","1250","Ec_N",378,20,20,"Ec",20,1,1,0,0,1,0.500190858195701
"22641","1250","Ec_N",378,21,21,"Ec",20,1,1,0,0,1,0.500190858195701
"22642","1250","Ec_N",378,22,22,"Ec",20,1,1,0,0,1,0.500190858195701
"22643","1250","Ec_N",378,23,23,"Ec",20,1,1,0,0,1,0.500190858195701
"22644","1250","Ec_N",378,24,24,"Ec",20,1,1,0,0,1,0.500190858195701
"22645","1250","Ec_N",378,25,25,"Ec",24,1,1,1,0,1,0.732254349958425
"22646","1250","Ec_N",378,26,26,"Ec",24,1,1,1,0,1,0.732254349958425
"22647","1250","Ec_N",378,27,27,"Ec",24,1,1,1,0,1,0.732254349958425
"22648","1250","Ec_N",378,28,28,"Ec",24,1,1,1,0,1,0.732254349958425
"22649","1250","Ec_N",378,29,29,"Ec",24,1,1,1,0,1,0.732254349958425
"22650","1250","Ec_N",378,30,30,"Ec",24,1,1,1,0,1,0.732254349958425
"22651","1250","Ec_N",378,31,31,"Ec",24,1,1,1,0,1,0.732254349958425
"22652","1250","Ec_N",378,32,32,"Ec",24,1,1,1,0,1,0.732254349958425
"22653","1250","Ec_N",378,33,33,"Ec",24,1,1,1,0,1,0.732254349958425
"22654","1250","Ec_N",378,34,34,"Ec",24,1,1,1,0,1,0.732254349958425
"22655","1250","Ec_N",378,35,35,"Ec",24,1,1,1,0,1,0.732254349958425
"22656","1250","Ec_N",378,36,36,"Ec",24,1,1,1,0,1,0.732254349958425
"22657","1250","Ec_N",378,37,37,"Ec",24,1,1,1,0,1,0.732254349958425
"22658","1250","Ec_N",378,38,38,"Ec",24,1,1,1,0,1,0.732254349958425
"22659","1250","Ec_N",378,39,39,"Ec",24,1,1,1,0,1,0.732254349958425
"22660","1250","Ec_N",378,40,40,"Ec",24,1,1,1,0,1,0.732254349958425
"22661","1250","Ec_N",378,41,41,"Ec",24,1,1,1,0,1,0.732254349958425
"22662","1250","Ec_N",378,42,42,"Ec",24,1,1,1,0,1,0.732254349958425
"22663","1250","Ec_N",378,43,43,"Ec",24,1,1,1,0,1,0.732254349958425
"22664","1250","Ec_N",378,44,44,"Ec",24,1,1,1,0,1,0.732254349958425
"22665","1250","Ec_N",378,45,45,"Ec",24,1,1,1,0,1,0.732254349958425
"22666","1250","Ec_N",378,46,46,"Ec",24,1,1,1,0,1,0.732254349958425
"22667","1250","Ec_N",378,47,47,"Ec",24,1,1,1,0,1,0.732254349958425
"22668","1250","Ec_N",378,48,48,"Ec",24,1,1,1,0,1,0.732254349958425
"22669","1250","Ec_N",378,49,49,"Ec",24,1,1,1,0,1,0.732254349958425
"22670","1250","Ec_N",378,50,50,"Ec",24,1,1,1,0,1,0.732254349958425
"22671","1250","Ec_N",378,51,51,"Ec",24,1,1,1,0,1,0.732254349958425
"22672","1250","Ec_N",378,52,52,"Ec",32,1,1,1,1,1,1
"22673","1250","Ec_N",378,53,53,"Ec",32,1,1,1,1,1,1
"22674","1250","Ec_N",378,54,54,"Ec",32,1,1,1,1,1,1
"22675","1250","Ec_N",378,55,55,"Ec",32,1,1,1,1,1,1
"22676","1250","Ec_N",378,56,56,"Ec",32,1,1,1,1,1,1
"22677","1250","Ec_N",378,57,57,"Ec",32,1,1,1,1,1,1
"22678","1250","Ec_N",378,58,58,"Ec",32,1,1,1,1,1,1
"22679","1250","Ec_N",378,59,59,"Ec",32,1,1,1,1,1,1
"22680","1250","Ec_N",378,60,60,"Ec",32,1,1,1,1,1,1
"22681","1250","Ec_N",379,1,1,"Ec",1,0,0,0,0,0,0
"22682","1250","Ec_N",379,2,2,"Ec",1,0,0,0,0,0,0
"22683","1250","Ec_N",379,3,3,"Ec",1,0,0,0,0,0,0
"22684","1250","Ec_N",379,4,4,"Ec",1,0,0,0,0,0,0
"22685","1250","Ec_N",379,5,5,"Ec",1,0,0,0,0,0,0
"22686","1250","Ec_N",379,6,6,"Ec",1,0,0,0,0,0,0
"22687","1250","Ec_N",379,7,7,"Ec",1,0,0,0,0,0,0
"22688","1250","Ec_N",379,8,8,"Ec",1,0,0,0,0,0,0
"22689","1250","Ec_N",379,9,9,"Ec",1,0,0,0,0,0,0
"22690","1250","Ec_N",379,10,10,"Ec",1,0,0,0,0,0,0
"22691","1250","Ec_N",379,11,11,"Ec",1,0,0,0,0,0,0
"22692","1250","Ec_N",379,12,12,"Ec",1,0,0,0,0,0,0
"22693","1250","Ec_N",379,13,13,"Ec",2,1,0,0,0,0,0.221012654459768
"22694","1250","Ec_N",379,14,14,"Ec",2,1,0,0,0,0,0.221012654459768
"22695","1250","Ec_N",379,15,15,"Ec",18,1,0,0,0,1,0.417540278780587
"22696","1250","Ec_N",379,16,16,"Ec",18,1,0,0,0,1,0.417540278780587
"22697","1250","Ec_N",379,17,17,"Ec",18,1,0,0,0,1,0.417540278780587
"22698","1250","Ec_N",379,18,18,"Ec",18,1,0,0,0,1,0.417540278780587
"22699","1250","Ec_N",379,19,19,"Ec",18,1,0,0,0,1,0.417540278780587
"22700","1250","Ec_N",379,20,20,"Ec",18,1,0,0,0,1,0.417540278780587
"22701","1250","Ec_N",379,21,21,"Ec",26,1,0,0,1,1,0.685285928822162
"22702","1250","Ec_N",379,22,22,"Ec",26,1,0,0,1,1,0.685285928822162
"22703","1250","Ec_N",379,23,23,"Ec",26,1,0,0,1,1,0.685285928822162
"22704","1250","Ec_N",379,24,24,"Ec",26,1,0,0,1,1,0.685285928822162
"22705","1250","Ec_N",379,25,25,"Ec",26,1,0,0,1,1,0.685285928822162
"22706","1250","Ec_N",379,26,26,"Ec",26,1,0,0,1,1,0.685285928822162
"22707","1250","Ec_N",379,27,27,"Ec",30,1,0,1,1,1,0.981696467924213
"22708","1250","Ec_N",379,28,28,"Ec",30,1,0,1,1,1,0.981696467924213
"22709","1250","Ec_N",379,29,29,"Ec",30,1,0,1,1,1,0.981696467924213
"22710","1250","Ec_N",379,30,30,"Ec",30,1,0,1,1,1,0.981696467924213
"22711","1250","Ec_N",379,31,31,"Ec",30,1,0,1,1,1,0.981696467924213
"22712","1250","Ec_N",379,32,32,"Ec",30,1,0,1,1,1,0.981696467924213
"22713","1250","Ec_N",379,33,33,"Ec",30,1,0,1,1,1,0.981696467924213
"22714","1250","Ec_N",379,34,34,"Ec",30,1,0,1,1,1,0.981696467924213
"22715","1250","Ec_N",379,35,35,"Ec",30,1,0,1,1,1,0.981696467924213
"22716","1250","Ec_N",379,36,36,"Ec",30,1,0,1,1,1,0.981696467924213
"22717","1250","Ec_N",379,37,37,"Ec",30,1,0,1,1,1,0.981696467924213
"22718","1250","Ec_N",379,38,38,"Ec",30,1,0,1,1,1,0.981696467924213
"22719","1250","Ec_N",379,39,39,"Ec",30,1,0,1,1,1,0.981696467924213
"22720","1250","Ec_N",379,40,40,"Ec",30,1,0,1,1,1,0.981696467924213
"22721","1250","Ec_N",379,41,41,"Ec",32,1,1,1,1,1,1
"22722","1250","Ec_N",379,42,42,"Ec",32,1,1,1,1,1,1
"22723","1250","Ec_N",379,43,43,"Ec",32,1,1,1,1,1,1
"22724","1250","Ec_N",379,44,44,"Ec",32,1,1,1,1,1,1
"22725","1250","Ec_N",379,45,45,"Ec",32,1,1,1,1,1,1
"22726","1250","Ec_N",379,46,46,"Ec",32,1,1,1,1,1,1
"22727","1250","Ec_N",379,47,47,"Ec",32,1,1,1,1,1,1
"22728","1250","Ec_N",379,48,48,"Ec",32,1,1,1,1,1,1
"22729","1250","Ec_N",379,49,49,"Ec",32,1,1,1,1,1,1
"22730","1250","Ec_N",379,50,50,"Ec",32,1,1,1,1,1,1
"22731","1250","Ec_N",379,51,51,"Ec",32,1,1,1,1,1,1
"22732","1250","Ec_N",379,52,52,"Ec",32,1,1,1,1,1,1
"22733","1250","Ec_N",379,53,53,"Ec",32,1,1,1,1,1,1
"22734","1250","Ec_N",379,54,54,"Ec",32,1,1,1,1,1,1
"22735","1250","Ec_N",379,55,55,"Ec",32,1,1,1,1,1,1
"22736","1250","Ec_N",379,56,56,"Ec",32,1,1,1,1,1,1
"22737","1250","Ec_N",379,57,57,"Ec",32,1,1,1,1,1,1
"22738","1250","Ec_N",379,58,58,"Ec",32,1,1,1,1,1,1
"22739","1250","Ec_N",379,59,59,"Ec",32,1,1,1,1,1,1
"22740","1250","Ec_N",379,60,60,"Ec",32,1,1,1,1,1,1
"22741","1250","Ec_N",380,1,1,"Ec",1,0,0,0,0,0,0
"22742","1250","Ec_N",380,2,2,"Ec",1,0,0,0,0,0,0
"22743","1250","Ec_N",380,3,3,"Ec",1,0,0,0,0,0,0
"22744","1250","Ec_N",380,4,4,"Ec",1,0,0,0,0,0,0
"22745","1250","Ec_N",380,5,5,"Ec",1,0,0,0,0,0,0
"22746","1250","Ec_N",380,6,6,"Ec",9,0,0,0,1,0,0.267745650041575
"22747","1250","Ec_N",380,7,7,"Ec",9,0,0,0,1,0,0.267745650041575
"22748","1250","Ec_N",380,8,8,"Ec",9,0,0,0,1,0,0.267745650041575
"22749","1250","Ec_N",380,9,9,"Ec",9,0,0,0,1,0,0.267745650041575
"22750","1250","Ec_N",380,10,10,"Ec",9,0,0,0,1,0,0.267745650041575
"22751","1250","Ec_N",380,11,11,"Ec",9,0,0,0,1,0,0.267745650041575
"22752","1250","Ec_N",380,12,12,"Ec",9,0,0,0,1,0,0.267745650041575
"22753","1250","Ec_N",380,13,13,"Ec",9,0,0,0,1,0,0.267745650041575
"22754","1250","Ec_N",380,14,14,"Ec",9,0,0,0,1,0,0.267745650041575
"22755","1250","Ec_N",380,15,15,"Ec",9,0,0,0,1,0,0.267745650041575
"22756","1250","Ec_N",380,16,16,"Ec",9,0,0,0,1,0,0.267745650041575
"22757","1250","Ec_N",380,17,17,"Ec",9,0,0,0,1,0,0.267745650041575
"22758","1250","Ec_N",380,18,18,"Ec",9,0,0,0,1,0,0.267745650041575
"22759","1250","Ec_N",380,19,19,"Ec",9,0,0,0,1,0,0.267745650041575
"22760","1250","Ec_N",380,20,20,"Ec",9,0,0,0,1,0,0.267745650041575
"22761","1250","Ec_N",380,21,21,"Ec",10,1,0,0,1,0,0.488758304501343
"22762","1250","Ec_N",380,22,22,"Ec",10,1,0,0,1,0,0.488758304501343
"22763","1250","Ec_N",380,23,23,"Ec",10,1,0,0,1,0,0.488758304501343
"22764","1250","Ec_N",380,24,24,"Ec",10,1,0,0,1,0,0.488758304501343
"22765","1250","Ec_N",380,25,25,"Ec",10,1,0,0,1,0,0.488758304501343
"22766","1250","Ec_N",380,26,26,"Ec",10,1,0,0,1,0,0.488758304501343
"22767","1250","Ec_N",380,27,27,"Ec",14,1,0,1,1,0,0.720821796264067
"22768","1250","Ec_N",380,28,28,"Ec",14,1,0,1,1,0,0.720821796264067
"22769","1250","Ec_N",380,29,29,"Ec",14,1,0,1,1,0,0.720821796264067
"22770","1250","Ec_N",380,30,30,"Ec",14,1,0,1,1,0,0.720821796264067
"22771","1250","Ec_N",380,31,31,"Ec",14,1,0,1,1,0,0.720821796264067
"22772","1250","Ec_N",380,32,32,"Ec",14,1,0,1,1,0,0.720821796264067
"22773","1250","Ec_N",380,33,33,"Ec",14,1,0,1,1,0,0.720821796264067
"22774","1250","Ec_N",380,34,34,"Ec",14,1,0,1,1,0,0.720821796264067
"22775","1250","Ec_N",380,35,35,"Ec",14,1,0,1,1,0,0.720821796264067
"22776","1250","Ec_N",380,36,36,"Ec",14,1,0,1,1,0,0.720821796264067
"22777","1250","Ec_N",380,37,37,"Ec",14,1,0,1,1,0,0.720821796264067
"22778","1250","Ec_N",380,38,38,"Ec",14,1,0,1,1,0,0.720821796264067
"22779","1250","Ec_N",380,39,39,"Ec",14,1,0,1,1,0,0.720821796264067
"22780","1250","Ec_N",380,40,40,"Ec",14,1,0,1,1,0,0.720821796264067
"22781","1250","Ec_N",380,41,41,"Ec",14,1,0,1,1,0,0.720821796264067
"22782","1250","Ec_N",380,42,42,"Ec",14,1,0,1,1,0,0.720821796264067
"22783","1250","Ec_N",380,43,43,"Ec",16,1,1,1,1,0,0.879284144928883
"22784","1250","Ec_N",380,44,44,"Ec",16,1,1,1,1,0,0.879284144928883
"22785","1250","Ec_N",380,45,45,"Ec",16,1,1,1,1,0,0.879284144928883
"22786","1250","Ec_N",380,46,46,"Ec",16,1,1,1,1,0,0.879284144928883
"22787","1250","Ec_N",380,47,47,"Ec",16,1,1,1,1,0,0.879284144928883
"22788","1250","Ec_N",380,48,48,"Ec",16,1,1,1,1,0,0.879284144928883
"22789","1250","Ec_N",380,49,49,"Ec",16,1,1,1,1,0,0.879284144928883
"22790","1250","Ec_N",380,50,50,"Ec",16,1,1,1,1,0,0.879284144928883
"22791","1250","Ec_N",380,51,51,"Ec",16,1,1,1,1,0,0.879284144928883
"22792","1250","Ec_N",380,52,52,"Ec",16,1,1,1,1,0,0.879284144928883
"22793","1250","Ec_N",380,53,53,"Ec",16,1,1,1,1,0,0.879284144928883
"22794","1250","Ec_N",380,54,54,"Ec",16,1,1,1,1,0,0.879284144928883
"22795","1250","Ec_N",380,55,55,"Ec",16,1,1,1,1,0,0.879284144928883
"22796","1250","Ec_N",380,56,56,"Ec",16,1,1,1,1,0,0.879284144928883
"22797","1250","Ec_N",380,57,57,"Ec",16,1,1,1,1,0,0.879284144928883
"22798","1250","Ec_N",380,58,58,"Ec",16,1,1,1,1,0,0.879284144928883
"22799","1250","Ec_N",380,59,59,"Ec",16,1,1,1,1,0,0.879284144928883
"22800","1250","Ec_N",380,60,60,"Ec",16,1,1,1,1,0,0.879284144928883
"22801","1250","Ec_N",381,1,1,"Ec",1,0,0,0,0,0,0
"22802","1250","Ec_N",381,2,2,"Ec",1,0,0,0,0,0,0
"22803","1250","Ec_N",381,3,3,"Ec",17,0,0,0,0,1,0.14692246949649
"22804","1250","Ec_N",381,4,4,"Ec",17,0,0,0,0,1,0.14692246949649
"22805","1250","Ec_N",381,5,5,"Ec",17,0,0,0,0,1,0.14692246949649
"22806","1250","Ec_N",381,6,6,"Ec",18,1,0,0,0,1,0.417540278780587
"22807","1250","Ec_N",381,7,7,"Ec",18,1,0,0,0,1,0.417540278780587
"22808","1250","Ec_N",381,8,8,"Ec",18,1,0,0,0,1,0.417540278780587
"22809","1250","Ec_N",381,9,9,"Ec",18,1,0,0,0,1,0.417540278780587
"22810","1250","Ec_N",381,10,10,"Ec",18,1,0,0,0,1,0.417540278780587
"22811","1250","Ec_N",381,11,11,"Ec",18,1,0,0,0,1,0.417540278780587
"22812","1250","Ec_N",381,12,12,"Ec",18,1,0,0,0,1,0.417540278780587
"22813","1250","Ec_N",381,13,13,"Ec",18,1,0,0,0,1,0.417540278780587
"22814","1250","Ec_N",381,14,14,"Ec",18,1,0,0,0,1,0.417540278780587
"22815","1250","Ec_N",381,15,15,"Ec",18,1,0,0,0,1,0.417540278780587
"22816","1250","Ec_N",381,16,16,"Ec",18,1,0,0,0,1,0.417540278780587
"22817","1250","Ec_N",381,17,17,"Ec",26,1,0,0,1,1,0.685285928822162
"22818","1250","Ec_N",381,18,18,"Ec",26,1,0,0,1,1,0.685285928822162
"22819","1250","Ec_N",381,19,19,"Ec",26,1,0,0,1,1,0.685285928822162
"22820","1250","Ec_N",381,20,20,"Ec",26,1,0,0,1,1,0.685285928822162
"22821","1250","Ec_N",381,21,21,"Ec",26,1,0,0,1,1,0.685285928822162
"22822","1250","Ec_N",381,22,22,"Ec",26,1,0,0,1,1,0.685285928822162
"22823","1250","Ec_N",381,23,23,"Ec",26,1,0,0,1,1,0.685285928822162
"22824","1250","Ec_N",381,24,24,"Ec",26,1,0,0,1,1,0.685285928822162
"22825","1250","Ec_N",381,25,25,"Ec",26,1,0,0,1,1,0.685285928822162
"22826","1250","Ec_N",381,26,26,"Ec",26,1,0,0,1,1,0.685285928822162
"22827","1250","Ec_N",381,27,27,"Ec",26,1,0,0,1,1,0.685285928822162
"22828","1250","Ec_N",381,28,28,"Ec",26,1,0,0,1,1,0.685285928822162
"22829","1250","Ec_N",381,29,29,"Ec",26,1,0,0,1,1,0.685285928822162
"22830","1250","Ec_N",381,30,30,"Ec",30,1,0,1,1,1,0.981696467924213
"22831","1250","Ec_N",381,31,31,"Ec",30,1,0,1,1,1,0.981696467924213
"22832","1250","Ec_N",381,32,32,"Ec",30,1,0,1,1,1,0.981696467924213
"22833","1250","Ec_N",381,33,33,"Ec",30,1,0,1,1,1,0.981696467924213
"22834","1250","Ec_N",381,34,34,"Ec",30,1,0,1,1,1,0.981696467924213
"22835","1250","Ec_N",381,35,35,"Ec",30,1,0,1,1,1,0.981696467924213
"22836","1250","Ec_N",381,36,36,"Ec",30,1,0,1,1,1,0.981696467924213
"22837","1250","Ec_N",381,37,37,"Ec",30,1,0,1,1,1,0.981696467924213
"22838","1250","Ec_N",381,38,38,"Ec",30,1,0,1,1,1,0.981696467924213
"22839","1250","Ec_N",381,39,39,"Ec",30,1,0,1,1,1,0.981696467924213
"22840","1250","Ec_N",381,40,40,"Ec",30,1,0,1,1,1,0.981696467924213
"22841","1250","Ec_N",381,41,41,"Ec",30,1,0,1,1,1,0.981696467924213
"22842","1250","Ec_N",381,42,42,"Ec",30,1,0,1,1,1,0.981696467924213
"22843","1250","Ec_N",381,43,43,"Ec",30,1,0,1,1,1,0.981696467924213
"22844","1250","Ec_N",381,44,44,"Ec",30,1,0,1,1,1,0.981696467924213
"22845","1250","Ec_N",381,45,45,"Ec",30,1,0,1,1,1,0.981696467924213
"22846","1250","Ec_N",381,46,46,"Ec",30,1,0,1,1,1,0.981696467924213
"22847","1250","Ec_N",381,47,47,"Ec",30,1,0,1,1,1,0.981696467924213
"22848","1250","Ec_N",381,48,48,"Ec",30,1,0,1,1,1,0.981696467924213
"22849","1250","Ec_N",381,49,49,"Ec",30,1,0,1,1,1,0.981696467924213
"22850","1250","Ec_N",381,50,50,"Ec",30,1,0,1,1,1,0.981696467924213
"22851","1250","Ec_N",381,51,51,"Ec",30,1,0,1,1,1,0.981696467924213
"22852","1250","Ec_N",381,52,52,"Ec",30,1,0,1,1,1,0.981696467924213
"22853","1250","Ec_N",381,53,53,"Ec",30,1,0,1,1,1,0.981696467924213
"22854","1250","Ec_N",381,54,54,"Ec",30,1,0,1,1,1,0.981696467924213
"22855","1250","Ec_N",381,55,55,"Ec",30,1,0,1,1,1,0.981696467924213
"22856","1250","Ec_N",381,56,56,"Ec",30,1,0,1,1,1,0.981696467924213
"22857","1250","Ec_N",381,57,57,"Ec",30,1,0,1,1,1,0.981696467924213
"22858","1250","Ec_N",381,58,58,"Ec",30,1,0,1,1,1,0.981696467924213
"22859","1250","Ec_N",381,59,59,"Ec",30,1,0,1,1,1,0.981696467924213
"22860","1250","Ec_N",381,60,60,"Ec",30,1,0,1,1,1,0.981696467924213
"22861","1250","Ec_N",382,1,1,"Ec",1,0,0,0,0,0,0
"22862","1250","Ec_N",382,2,2,"Ec",1,0,0,0,0,0,0
"22863","1250","Ec_N",382,3,3,"Ec",1,0,0,0,0,0,0
"22864","1250","Ec_N",382,4,4,"Ec",1,0,0,0,0,0,0
"22865","1250","Ec_N",382,5,5,"Ec",1,0,0,0,0,0,0
"22866","1250","Ec_N",382,6,6,"Ec",1,0,0,0,0,0,0
"22867","1250","Ec_N",382,7,7,"Ec",1,0,0,0,0,0,0
"22868","1250","Ec_N",382,8,8,"Ec",1,0,0,0,0,0,0
"22869","1250","Ec_N",382,9,9,"Ec",17,0,0,0,0,1,0.14692246949649
"22870","1250","Ec_N",382,10,10,"Ec",19,0,1,0,0,1,0.179678659430889
"22871","1250","Ec_N",382,11,11,"Ec",19,0,1,0,0,1,0.179678659430889
"22872","1250","Ec_N",382,12,12,"Ec",19,0,1,0,0,1,0.179678659430889
"22873","1250","Ec_N",382,13,13,"Ec",19,0,1,0,0,1,0.179678659430889
"22874","1250","Ec_N",382,14,14,"Ec",19,0,1,0,0,1,0.179678659430889
"22875","1250","Ec_N",382,15,15,"Ec",19,0,1,0,0,1,0.179678659430889
"22876","1250","Ec_N",382,16,16,"Ec",19,0,1,0,0,1,0.179678659430889
"22877","1250","Ec_N",382,17,17,"Ec",19,0,1,0,0,1,0.179678659430889
"22878","1250","Ec_N",382,18,18,"Ec",19,0,1,0,0,1,0.179678659430889
"22879","1250","Ec_N",382,19,19,"Ec",19,0,1,0,0,1,0.179678659430889
"22880","1250","Ec_N",382,20,20,"Ec",20,1,1,0,0,1,0.500190858195701
"22881","1250","Ec_N",382,21,21,"Ec",20,1,1,0,0,1,0.500190858195701
"22882","1250","Ec_N",382,22,22,"Ec",20,1,1,0,0,1,0.500190858195701
"22883","1250","Ec_N",382,23,23,"Ec",24,1,1,1,0,1,0.732254349958425
"22884","1250","Ec_N",382,24,24,"Ec",24,1,1,1,0,1,0.732254349958425
"22885","1250","Ec_N",382,25,25,"Ec",24,1,1,1,0,1,0.732254349958425
"22886","1250","Ec_N",382,26,26,"Ec",24,1,1,1,0,1,0.732254349958425
"22887","1250","Ec_N",382,27,27,"Ec",24,1,1,1,0,1,0.732254349958425
"22888","1250","Ec_N",382,28,28,"Ec",24,1,1,1,0,1,0.732254349958425
"22889","1250","Ec_N",382,29,29,"Ec",24,1,1,1,0,1,0.732254349958425
"22890","1250","Ec_N",382,30,30,"Ec",24,1,1,1,0,1,0.732254349958425
"22891","1250","Ec_N",382,31,31,"Ec",24,1,1,1,0,1,0.732254349958425
"22892","1250","Ec_N",382,32,32,"Ec",24,1,1,1,0,1,0.732254349958425
"22893","1250","Ec_N",382,33,33,"Ec",24,1,1,1,0,1,0.732254349958425
"22894","1250","Ec_N",382,34,34,"Ec",24,1,1,1,0,1,0.732254349958425
"22895","1250","Ec_N",382,35,35,"Ec",24,1,1,1,0,1,0.732254349958425
"22896","1250","Ec_N",382,36,36,"Ec",24,1,1,1,0,1,0.732254349958425
"22897","1250","Ec_N",382,37,37,"Ec",24,1,1,1,0,1,0.732254349958425
"22898","1250","Ec_N",382,38,38,"Ec",24,1,1,1,0,1,0.732254349958425
"22899","1250","Ec_N",382,39,39,"Ec",24,1,1,1,0,1,0.732254349958425
"22900","1250","Ec_N",382,40,40,"Ec",24,1,1,1,0,1,0.732254349958425
"22901","1250","Ec_N",382,41,41,"Ec",24,1,1,1,0,1,0.732254349958425
"22902","1250","Ec_N",382,42,42,"Ec",32,1,1,1,1,1,1
"22903","1250","Ec_N",382,43,43,"Ec",32,1,1,1,1,1,1
"22904","1250","Ec_N",382,44,44,"Ec",32,1,1,1,1,1,1
"22905","1250","Ec_N",382,45,45,"Ec",32,1,1,1,1,1,1
"22906","1250","Ec_N",382,46,46,"Ec",32,1,1,1,1,1,1
"22907","1250","Ec_N",382,47,47,"Ec",32,1,1,1,1,1,1
"22908","1250","Ec_N",382,48,48,"Ec",32,1,1,1,1,1,1
"22909","1250","Ec_N",382,49,49,"Ec",32,1,1,1,1,1,1
"22910","1250","Ec_N",382,50,50,"Ec",32,1,1,1,1,1,1
"22911","1250","Ec_N",382,51,51,"Ec",32,1,1,1,1,1,1
"22912","1250","Ec_N",382,52,52,"Ec",32,1,1,1,1,1,1
"22913","1250","Ec_N",382,53,53,"Ec",32,1,1,1,1,1,1
"22914","1250","Ec_N",382,54,54,"Ec",32,1,1,1,1,1,1
"22915","1250","Ec_N",382,55,55,"Ec",32,1,1,1,1,1,1
"22916","1250","Ec_N",382,56,56,"Ec",32,1,1,1,1,1,1
"22917","1250","Ec_N",382,57,57,"Ec",32,1,1,1,1,1,1
"22918","1250","Ec_N",382,58,58,"Ec",32,1,1,1,1,1,1
"22919","1250","Ec_N",382,59,59,"Ec",32,1,1,1,1,1,1
"22920","1250","Ec_N",382,60,60,"Ec",32,1,1,1,1,1,1
"22921","1250","Ec_N",383,1,1,"Ec",1,0,0,0,0,0,0
"22922","1250","Ec_N",383,2,2,"Ec",1,0,0,0,0,0,0
"22923","1250","Ec_N",383,3,3,"Ec",1,0,0,0,0,0,0
"22924","1250","Ec_N",383,4,4,"Ec",1,0,0,0,0,0,0
"22925","1250","Ec_N",383,5,5,"Ec",1,0,0,0,0,0,0
"22926","1250","Ec_N",383,6,6,"Ec",1,0,0,0,0,0,0
"22927","1250","Ec_N",383,7,7,"Ec",5,0,0,1,0,0,0.232063491762724
"22928","1250","Ec_N",383,8,8,"Ec",5,0,0,1,0,0,0.232063491762724
"22929","1250","Ec_N",383,9,9,"Ec",5,0,0,1,0,0,0.232063491762724
"22930","1250","Ec_N",383,10,10,"Ec",5,0,0,1,0,0,0.232063491762724
"22931","1250","Ec_N",383,11,11,"Ec",5,0,0,1,0,0,0.232063491762724
"22932","1250","Ec_N",383,12,12,"Ec",5,0,0,1,0,0,0.232063491762724
"22933","1250","Ec_N",383,13,13,"Ec",5,0,0,1,0,0,0.232063491762724
"22934","1250","Ec_N",383,14,14,"Ec",5,0,0,1,0,0,0.232063491762724
"22935","1250","Ec_N",383,15,15,"Ec",5,0,0,1,0,0,0.232063491762724
"22936","1250","Ec_N",383,16,16,"Ec",5,0,0,1,0,0,0.232063491762724
"22937","1250","Ec_N",383,17,17,"Ec",5,0,0,1,0,0,0.232063491762724
"22938","1250","Ec_N",383,18,18,"Ec",5,0,0,1,0,0,0.232063491762724
"22939","1250","Ec_N",383,19,19,"Ec",5,0,0,1,0,0,0.232063491762724
"22940","1250","Ec_N",383,20,20,"Ec",5,0,0,1,0,0,0.232063491762724
"22941","1250","Ec_N",383,21,21,"Ec",5,0,0,1,0,0,0.232063491762724
"22942","1250","Ec_N",383,22,22,"Ec",5,0,0,1,0,0,0.232063491762724
"22943","1250","Ec_N",383,23,23,"Ec",5,0,0,1,0,0,0.232063491762724
"22944","1250","Ec_N",383,24,24,"Ec",5,0,0,1,0,0,0.232063491762724
"22945","1250","Ec_N",383,25,25,"Ec",5,0,0,1,0,0,0.232063491762724
"22946","1250","Ec_N",383,26,26,"Ec",5,0,0,1,0,0,0.232063491762724
"22947","1250","Ec_N",383,27,27,"Ec",13,0,0,1,1,0,0.499809141804299
"22948","1250","Ec_N",383,28,28,"Ec",13,0,0,1,1,0,0.499809141804299
"22949","1250","Ec_N",383,29,29,"Ec",13,0,0,1,1,0,0.499809141804299
"22950","1250","Ec_N",383,30,30,"Ec",14,1,0,1,1,0,0.720821796264067
"22951","1250","Ec_N",383,31,31,"Ec",14,1,0,1,1,0,0.720821796264067
"22952","1250","Ec_N",383,32,32,"Ec",14,1,0,1,1,0,0.720821796264067
"22953","1250","Ec_N",383,33,33,"Ec",14,1,0,1,1,0,0.720821796264067
"22954","1250","Ec_N",383,34,34,"Ec",14,1,0,1,1,0,0.720821796264067
"22955","1250","Ec_N",383,35,35,"Ec",14,1,0,1,1,0,0.720821796264067
"22956","1250","Ec_N",383,36,36,"Ec",14,1,0,1,1,0,0.720821796264067
"22957","1250","Ec_N",383,37,37,"Ec",14,1,0,1,1,0,0.720821796264067
"22958","1250","Ec_N",383,38,38,"Ec",14,1,0,1,1,0,0.720821796264067
"22959","1250","Ec_N",383,39,39,"Ec",14,1,0,1,1,0,0.720821796264067
"22960","1250","Ec_N",383,40,40,"Ec",14,1,0,1,1,0,0.720821796264067
"22961","1250","Ec_N",383,41,41,"Ec",14,1,0,1,1,0,0.720821796264067
"22962","1250","Ec_N",383,42,42,"Ec",14,1,0,1,1,0,0.720821796264067
"22963","1250","Ec_N",383,43,43,"Ec",14,1,0,1,1,0,0.720821796264067
"22964","1250","Ec_N",383,44,44,"Ec",14,1,0,1,1,0,0.720821796264067
"22965","1250","Ec_N",383,45,45,"Ec",14,1,0,1,1,0,0.720821796264067
"22966","1250","Ec_N",383,46,46,"Ec",14,1,0,1,1,0,0.720821796264067
"22967","1250","Ec_N",383,47,47,"Ec",14,1,0,1,1,0,0.720821796264067
"22968","1250","Ec_N",383,48,48,"Ec",30,1,0,1,1,1,0.981696467924213
"22969","1250","Ec_N",383,49,49,"Ec",30,1,0,1,1,1,0.981696467924213
"22970","1250","Ec_N",383,50,50,"Ec",32,1,1,1,1,1,1
"22971","1250","Ec_N",383,51,51,"Ec",32,1,1,1,1,1,1
"22972","1250","Ec_N",383,52,52,"Ec",32,1,1,1,1,1,1
"22973","1250","Ec_N",383,53,53,"Ec",32,1,1,1,1,1,1
"22974","1250","Ec_N",383,54,54,"Ec",32,1,1,1,1,1,1
"22975","1250","Ec_N",383,55,55,"Ec",32,1,1,1,1,1,1
"22976","1250","Ec_N",383,56,56,"Ec",32,1,1,1,1,1,1
"22977","1250","Ec_N",383,57,57,"Ec",32,1,1,1,1,1,1
"22978","1250","Ec_N",383,58,58,"Ec",32,1,1,1,1,1,1
"22979","1250","Ec_N",383,59,59,"Ec",32,1,1,1,1,1,1
"22980","1250","Ec_N",383,60,60,"Ec",32,1,1,1,1,1,1
"22981","1250","Ec_N",384,1,1,"Ec",1,0,0,0,0,0,0
"22982","1250","Ec_N",384,2,2,"Ec",3,0,1,0,0,0,0.082650579415114
"22983","1250","Ec_N",384,3,3,"Ec",11,0,1,0,1,0,0.168832555215222
"22984","1250","Ec_N",384,4,4,"Ec",11,0,1,0,1,0,0.168832555215222
"22985","1250","Ec_N",384,5,5,"Ec",11,0,1,0,1,0,0.168832555215222
"22986","1250","Ec_N",384,6,6,"Ec",11,0,1,0,1,0,0.168832555215222
"22987","1250","Ec_N",384,7,7,"Ec",11,0,1,0,1,0,0.168832555215222
"22988","1250","Ec_N",384,8,8,"Ec",15,0,1,1,1,0,0.582459721219413
"22989","1250","Ec_N",384,9,9,"Ec",15,0,1,1,1,0,0.582459721219413
"22990","1250","Ec_N",384,10,10,"Ec",15,0,1,1,1,0,0.582459721219413
"22991","1250","Ec_N",384,11,11,"Ec",15,0,1,1,1,0,0.582459721219413
"22992","1250","Ec_N",384,12,12,"Ec",15,0,1,1,1,0,0.582459721219413
"22993","1250","Ec_N",384,13,13,"Ec",15,0,1,1,1,0,0.582459721219413
"22994","1250","Ec_N",384,14,14,"Ec",15,0,1,1,1,0,0.582459721219413
"22995","1250","Ec_N",384,15,15,"Ec",15,0,1,1,1,0,0.582459721219413
"22996","1250","Ec_N",384,16,16,"Ec",15,0,1,1,1,0,0.582459721219413
"22997","1250","Ec_N",384,17,17,"Ec",15,0,1,1,1,0,0.582459721219413
"22998","1250","Ec_N",384,18,18,"Ec",15,0,1,1,1,0,0.582459721219413
"22999","1250","Ec_N",384,19,19,"Ec",15,0,1,1,1,0,0.582459721219413
"23000","1250","Ec_N",384,20,20,"Ec",15,0,1,1,1,0,0.582459721219413
"23001","1250","Ec_N",384,21,21,"Ec",15,0,1,1,1,0,0.582459721219413
"23002","1250","Ec_N",384,22,22,"Ec",15,0,1,1,1,0,0.582459721219413
"23003","1250","Ec_N",384,23,23,"Ec",15,0,1,1,1,0,0.582459721219413
"23004","1250","Ec_N",384,24,24,"Ec",15,0,1,1,1,0,0.582459721219413
"23005","1250","Ec_N",384,25,25,"Ec",15,0,1,1,1,0,0.582459721219413
"23006","1250","Ec_N",384,26,26,"Ec",15,0,1,1,1,0,0.582459721219413
"23007","1250","Ec_N",384,27,27,"Ec",15,0,1,1,1,0,0.582459721219413
"23008","1250","Ec_N",384,28,28,"Ec",15,0,1,1,1,0,0.582459721219413
"23009","1250","Ec_N",384,29,29,"Ec",15,0,1,1,1,0,0.582459721219413
"23010","1250","Ec_N",384,30,30,"Ec",15,0,1,1,1,0,0.582459721219413
"23011","1250","Ec_N",384,31,31,"Ec",15,0,1,1,1,0,0.582459721219413
"23012","1250","Ec_N",384,32,32,"Ec",15,0,1,1,1,0,0.582459721219413
"23013","1250","Ec_N",384,33,33,"Ec",15,0,1,1,1,0,0.582459721219413
"23014","1250","Ec_N",384,34,34,"Ec",15,0,1,1,1,0,0.582459721219413
"23015","1250","Ec_N",384,35,35,"Ec",15,0,1,1,1,0,0.582459721219413
"23016","1250","Ec_N",384,36,36,"Ec",15,0,1,1,1,0,0.582459721219413
"23017","1250","Ec_N",384,37,37,"Ec",31,0,1,1,1,1,0.778987345540232
"23018","1250","Ec_N",384,38,38,"Ec",31,0,1,1,1,1,0.778987345540232
"23019","1250","Ec_N",384,39,39,"Ec",31,0,1,1,1,1,0.778987345540232
"23020","1250","Ec_N",384,40,40,"Ec",31,0,1,1,1,1,0.778987345540232
"23021","1250","Ec_N",384,41,41,"Ec",31,0,1,1,1,1,0.778987345540232
"23022","1250","Ec_N",384,42,42,"Ec",31,0,1,1,1,1,0.778987345540232
"23023","1250","Ec_N",384,43,43,"Ec",31,0,1,1,1,1,0.778987345540232
"23024","1250","Ec_N",384,44,44,"Ec",31,0,1,1,1,1,0.778987345540232
"23025","1250","Ec_N",384,45,45,"Ec",31,0,1,1,1,1,0.778987345540232
"23026","1250","Ec_N",384,46,46,"Ec",31,0,1,1,1,1,0.778987345540232
"23027","1250","Ec_N",384,47,47,"Ec",31,0,1,1,1,1,0.778987345540232
"23028","1250","Ec_N",384,48,48,"Ec",31,0,1,1,1,1,0.778987345540232
"23029","1250","Ec_N",384,49,49,"Ec",31,0,1,1,1,1,0.778987345540232
"23030","1250","Ec_N",384,50,50,"Ec",31,0,1,1,1,1,0.778987345540232
"23031","1250","Ec_N",384,51,51,"Ec",31,0,1,1,1,1,0.778987345540232
"23032","1250","Ec_N",384,52,52,"Ec",31,0,1,1,1,1,0.778987345540232
"23033","1250","Ec_N",384,53,53,"Ec",31,0,1,1,1,1,0.778987345540232
"23034","1250","Ec_N",384,54,54,"Ec",31,0,1,1,1,1,0.778987345540232
"23035","1250","Ec_N",384,55,55,"Ec",31,0,1,1,1,1,0.778987345540232
"23036","1250","Ec_N",384,56,56,"Ec",31,0,1,1,1,1,0.778987345540232
"23037","1250","Ec_N",384,57,57,"Ec",31,0,1,1,1,1,0.778987345540232
"23038","1250","Ec_N",384,58,58,"Ec",31,0,1,1,1,1,0.778987345540232
"23039","1250","Ec_N",384,59,59,"Ec",31,0,1,1,1,1,0.778987345540232
"23040","1250","Ec_N",384,60,60,"Ec",31,0,1,1,1,1,0.778987345540232
"23041","1250","Ec_N",385,1,1,"Ec",1,0,0,0,0,0,0
"23042","1250","Ec_N",385,2,2,"Ec",1,0,0,0,0,0,0
"23043","1250","Ec_N",385,3,3,"Ec",1,0,0,0,0,0,0
"23044","1250","Ec_N",385,4,4,"Ec",1,0,0,0,0,0,0
"23045","1250","Ec_N",385,5,5,"Ec",1,0,0,0,0,0,0
"23046","1250","Ec_N",385,6,6,"Ec",1,0,0,0,0,0,0
"23047","1250","Ec_N",385,7,7,"Ec",1,0,0,0,0,0,0
"23048","1250","Ec_N",385,8,8,"Ec",1,0,0,0,0,0,0
"23049","1250","Ec_N",385,9,9,"Ec",1,0,0,0,0,0,0
"23050","1250","Ec_N",385,10,10,"Ec",5,0,0,1,0,0,0.232063491762724
"23051","1250","Ec_N",385,11,11,"Ec",5,0,0,1,0,0,0.232063491762724
"23052","1250","Ec_N",385,12,12,"Ec",5,0,0,1,0,0,0.232063491762724
"23053","1250","Ec_N",385,13,13,"Ec",5,0,0,1,0,0,0.232063491762724
"23054","1250","Ec_N",385,14,14,"Ec",5,0,0,1,0,0,0.232063491762724
"23055","1250","Ec_N",385,15,15,"Ec",5,0,0,1,0,0,0.232063491762724
"23056","1250","Ec_N",385,16,16,"Ec",5,0,0,1,0,0,0.232063491762724
"23057","1250","Ec_N",385,17,17,"Ec",21,0,0,1,0,1,0.428591116083543
"23058","1250","Ec_N",385,18,18,"Ec",22,1,0,1,0,1,0.649603770543311
"23059","1250","Ec_N",385,19,19,"Ec",22,1,0,1,0,1,0.649603770543311
"23060","1250","Ec_N",385,20,20,"Ec",22,1,0,1,0,1,0.649603770543311
"23061","1250","Ec_N",385,21,21,"Ec",30,1,0,1,1,1,0.981696467924213
"23062","1250","Ec_N",385,22,22,"Ec",30,1,0,1,1,1,0.981696467924213
"23063","1250","Ec_N",385,23,23,"Ec",30,1,0,1,1,1,0.981696467924213
"23064","1250","Ec_N",385,24,24,"Ec",30,1,0,1,1,1,0.981696467924213
"23065","1250","Ec_N",385,25,25,"Ec",30,1,0,1,1,1,0.981696467924213
"23066","1250","Ec_N",385,26,26,"Ec",30,1,0,1,1,1,0.981696467924213
"23067","1250","Ec_N",385,27,27,"Ec",30,1,0,1,1,1,0.981696467924213
"23068","1250","Ec_N",385,28,28,"Ec",30,1,0,1,1,1,0.981696467924213
"23069","1250","Ec_N",385,29,29,"Ec",30,1,0,1,1,1,0.981696467924213
"23070","1250","Ec_N",385,30,30,"Ec",30,1,0,1,1,1,0.981696467924213
"23071","1250","Ec_N",385,31,31,"Ec",30,1,0,1,1,1,0.981696467924213
"23072","1250","Ec_N",385,32,32,"Ec",30,1,0,1,1,1,0.981696467924213
"23073","1250","Ec_N",385,33,33,"Ec",30,1,0,1,1,1,0.981696467924213
"23074","1250","Ec_N",385,34,34,"Ec",30,1,0,1,1,1,0.981696467924213
"23075","1250","Ec_N",385,35,35,"Ec",30,1,0,1,1,1,0.981696467924213
"23076","1250","Ec_N",385,36,36,"Ec",30,1,0,1,1,1,0.981696467924213
"23077","1250","Ec_N",385,37,37,"Ec",30,1,0,1,1,1,0.981696467924213
"23078","1250","Ec_N",385,38,38,"Ec",30,1,0,1,1,1,0.981696467924213
"23079","1250","Ec_N",385,39,39,"Ec",30,1,0,1,1,1,0.981696467924213
"23080","1250","Ec_N",385,40,40,"Ec",30,1,0,1,1,1,0.981696467924213
"23081","1250","Ec_N",385,41,41,"Ec",30,1,0,1,1,1,0.981696467924213
"23082","1250","Ec_N",385,42,42,"Ec",30,1,0,1,1,1,0.981696467924213
"23083","1250","Ec_N",385,43,43,"Ec",30,1,0,1,1,1,0.981696467924213
"23084","1250","Ec_N",385,44,44,"Ec",30,1,0,1,1,1,0.981696467924213
"23085","1250","Ec_N",385,45,45,"Ec",30,1,0,1,1,1,0.981696467924213
"23086","1250","Ec_N",385,46,46,"Ec",30,1,0,1,1,1,0.981696467924213
"23087","1250","Ec_N",385,47,47,"Ec",30,1,0,1,1,1,0.981696467924213
"23088","1250","Ec_N",385,48,48,"Ec",30,1,0,1,1,1,0.981696467924213
"23089","1250","Ec_N",385,49,49,"Ec",30,1,0,1,1,1,0.981696467924213
"23090","1250","Ec_N",385,50,50,"Ec",30,1,0,1,1,1,0.981696467924213
"23091","1250","Ec_N",385,51,51,"Ec",30,1,0,1,1,1,0.981696467924213
"23092","1250","Ec_N",385,52,52,"Ec",30,1,0,1,1,1,0.981696467924213
"23093","1250","Ec_N",385,53,53,"Ec",30,1,0,1,1,1,0.981696467924213
"23094","1250","Ec_N",385,54,54,"Ec",30,1,0,1,1,1,0.981696467924213
"23095","1250","Ec_N",385,55,55,"Ec",30,1,0,1,1,1,0.981696467924213
"23096","1250","Ec_N",385,56,56,"Ec",32,1,1,1,1,1,1
"23097","1250","Ec_N",385,57,57,"Ec",32,1,1,1,1,1,1
"23098","1250","Ec_N",385,58,58,"Ec",32,1,1,1,1,1,1
"23099","1250","Ec_N",385,59,59,"Ec",32,1,1,1,1,1,1
"23100","1250","Ec_N",385,60,60,"Ec",32,1,1,1,1,1,1
"23101","1250","Ec_N",386,1,1,"Ec",1,0,0,0,0,0,0
"23102","1250","Ec_N",386,2,2,"Ec",1,0,0,0,0,0,0
"23103","1250","Ec_N",386,3,3,"Ec",1,0,0,0,0,0,0
"23104","1250","Ec_N",386,4,4,"Ec",2,1,0,0,0,0,0.221012654459768
"23105","1250","Ec_N",386,5,5,"Ec",2,1,0,0,0,0,0.221012654459768
"23106","1250","Ec_N",386,6,6,"Ec",2,1,0,0,0,0,0.221012654459768
"23107","1250","Ec_N",386,7,7,"Ec",2,1,0,0,0,0,0.221012654459768
"23108","1250","Ec_N",386,8,8,"Ec",2,1,0,0,0,0,0.221012654459768
"23109","1250","Ec_N",386,9,9,"Ec",2,1,0,0,0,0,0.221012654459768
"23110","1250","Ec_N",386,10,10,"Ec",2,1,0,0,0,0,0.221012654459768
"23111","1250","Ec_N",386,11,11,"Ec",2,1,0,0,0,0,0.221012654459768
"23112","1250","Ec_N",386,12,12,"Ec",2,1,0,0,0,0,0.221012654459768
"23113","1250","Ec_N",386,13,13,"Ec",2,1,0,0,0,0,0.221012654459768
"23114","1250","Ec_N",386,14,14,"Ec",2,1,0,0,0,0,0.221012654459768
"23115","1250","Ec_N",386,15,15,"Ec",2,1,0,0,0,0,0.221012654459768
"23116","1250","Ec_N",386,16,16,"Ec",2,1,0,0,0,0,0.221012654459768
"23117","1250","Ec_N",386,17,17,"Ec",2,1,0,0,0,0,0.221012654459768
"23118","1250","Ec_N",386,18,18,"Ec",18,1,0,0,0,1,0.417540278780587
"23119","1250","Ec_N",386,19,19,"Ec",18,1,0,0,0,1,0.417540278780587
"23120","1250","Ec_N",386,20,20,"Ec",22,1,0,1,0,1,0.649603770543311
"23121","1250","Ec_N",386,21,21,"Ec",22,1,0,1,0,1,0.649603770543311
"23122","1250","Ec_N",386,22,22,"Ec",22,1,0,1,0,1,0.649603770543311
"23123","1250","Ec_N",386,23,23,"Ec",22,1,0,1,0,1,0.649603770543311
"23124","1250","Ec_N",386,24,24,"Ec",22,1,0,1,0,1,0.649603770543311
"23125","1250","Ec_N",386,25,25,"Ec",22,1,0,1,0,1,0.649603770543311
"23126","1250","Ec_N",386,26,26,"Ec",24,1,1,1,0,1,0.732254349958425
"23127","1250","Ec_N",386,27,27,"Ec",24,1,1,1,0,1,0.732254349958425
"23128","1250","Ec_N",386,28,28,"Ec",24,1,1,1,0,1,0.732254349958425
"23129","1250","Ec_N",386,29,29,"Ec",24,1,1,1,0,1,0.732254349958425
"23130","1250","Ec_N",386,30,30,"Ec",24,1,1,1,0,1,0.732254349958425
"23131","1250","Ec_N",386,31,31,"Ec",24,1,1,1,0,1,0.732254349958425
"23132","1250","Ec_N",386,32,32,"Ec",24,1,1,1,0,1,0.732254349958425
"23133","1250","Ec_N",386,33,33,"Ec",24,1,1,1,0,1,0.732254349958425
"23134","1250","Ec_N",386,34,34,"Ec",24,1,1,1,0,1,0.732254349958425
"23135","1250","Ec_N",386,35,35,"Ec",24,1,1,1,0,1,0.732254349958425
"23136","1250","Ec_N",386,36,36,"Ec",24,1,1,1,0,1,0.732254349958425
"23137","1250","Ec_N",386,37,37,"Ec",24,1,1,1,0,1,0.732254349958425
"23138","1250","Ec_N",386,38,38,"Ec",24,1,1,1,0,1,0.732254349958425
"23139","1250","Ec_N",386,39,39,"Ec",24,1,1,1,0,1,0.732254349958425
"23140","1250","Ec_N",386,40,40,"Ec",24,1,1,1,0,1,0.732254349958425
"23141","1250","Ec_N",386,41,41,"Ec",24,1,1,1,0,1,0.732254349958425
"23142","1250","Ec_N",386,42,42,"Ec",24,1,1,1,0,1,0.732254349958425
"23143","1250","Ec_N",386,43,43,"Ec",24,1,1,1,0,1,0.732254349958425
"23144","1250","Ec_N",386,44,44,"Ec",24,1,1,1,0,1,0.732254349958425
"23145","1250","Ec_N",386,45,45,"Ec",24,1,1,1,0,1,0.732254349958425
"23146","1250","Ec_N",386,46,46,"Ec",24,1,1,1,0,1,0.732254349958425
"23147","1250","Ec_N",386,47,47,"Ec",24,1,1,1,0,1,0.732254349958425
"23148","1250","Ec_N",386,48,48,"Ec",24,1,1,1,0,1,0.732254349958425
"23149","1250","Ec_N",386,49,49,"Ec",24,1,1,1,0,1,0.732254349958425
"23150","1250","Ec_N",386,50,50,"Ec",24,1,1,1,0,1,0.732254349958425
"23151","1250","Ec_N",386,51,51,"Ec",24,1,1,1,0,1,0.732254349958425
"23152","1250","Ec_N",386,52,52,"Ec",24,1,1,1,0,1,0.732254349958425
"23153","1250","Ec_N",386,53,53,"Ec",24,1,1,1,0,1,0.732254349958425
"23154","1250","Ec_N",386,54,54,"Ec",24,1,1,1,0,1,0.732254349958425
"23155","1250","Ec_N",386,55,55,"Ec",24,1,1,1,0,1,0.732254349958425
"23156","1250","Ec_N",386,56,56,"Ec",24,1,1,1,0,1,0.732254349958425
"23157","1250","Ec_N",386,57,57,"Ec",24,1,1,1,0,1,0.732254349958425
"23158","1250","Ec_N",386,58,58,"Ec",24,1,1,1,0,1,0.732254349958425
"23159","1250","Ec_N",386,59,59,"Ec",24,1,1,1,0,1,0.732254349958425
"23160","1250","Ec_N",386,60,60,"Ec",24,1,1,1,0,1,0.732254349958425
"23161","1250","Ec_N",387,1,1,"Ec",1,0,0,0,0,0,0
"23162","1250","Ec_N",387,2,2,"Ec",1,0,0,0,0,0,0
"23163","1250","Ec_N",387,3,3,"Ec",1,0,0,0,0,0,0
"23164","1250","Ec_N",387,4,4,"Ec",1,0,0,0,0,0,0
"23165","1250","Ec_N",387,5,5,"Ec",1,0,0,0,0,0,0
"23166","1250","Ec_N",387,6,6,"Ec",3,0,1,0,0,0,0.082650579415114
"23167","1250","Ec_N",387,7,7,"Ec",3,0,1,0,0,0,0.082650579415114
"23168","1250","Ec_N",387,8,8,"Ec",3,0,1,0,0,0,0.082650579415114
"23169","1250","Ec_N",387,9,9,"Ec",4,1,1,0,0,0,0.303663233874882
"23170","1250","Ec_N",387,10,10,"Ec",4,1,1,0,0,0,0.303663233874882
"23171","1250","Ec_N",387,11,11,"Ec",4,1,1,0,0,0,0.303663233874882
"23172","1250","Ec_N",387,12,12,"Ec",4,1,1,0,0,0,0.303663233874882
"23173","1250","Ec_N",387,13,13,"Ec",12,1,1,0,1,0,0.552627762799163
"23174","1250","Ec_N",387,14,14,"Ec",12,1,1,0,1,0,0.552627762799163
"23175","1250","Ec_N",387,15,15,"Ec",12,1,1,0,1,0,0.552627762799163
"23176","1250","Ec_N",387,16,16,"Ec",12,1,1,0,1,0,0.552627762799163
"23177","1250","Ec_N",387,17,17,"Ec",12,1,1,0,1,0,0.552627762799163
"23178","1250","Ec_N",387,18,18,"Ec",12,1,1,0,1,0,0.552627762799163
"23179","1250","Ec_N",387,19,19,"Ec",12,1,1,0,1,0,0.552627762799163
"23180","1250","Ec_N",387,20,20,"Ec",12,1,1,0,1,0,0.552627762799163
"23181","1250","Ec_N",387,21,21,"Ec",12,1,1,0,1,0,0.552627762799163
"23182","1250","Ec_N",387,22,22,"Ec",12,1,1,0,1,0,0.552627762799163
"23183","1250","Ec_N",387,23,23,"Ec",12,1,1,0,1,0,0.552627762799163
"23184","1250","Ec_N",387,24,24,"Ec",12,1,1,0,1,0,0.552627762799163
"23185","1250","Ec_N",387,25,25,"Ec",12,1,1,0,1,0,0.552627762799163
"23186","1250","Ec_N",387,26,26,"Ec",12,1,1,0,1,0,0.552627762799163
"23187","1250","Ec_N",387,27,27,"Ec",12,1,1,0,1,0,0.552627762799163
"23188","1250","Ec_N",387,28,28,"Ec",12,1,1,0,1,0,0.552627762799163
"23189","1250","Ec_N",387,29,29,"Ec",12,1,1,0,1,0,0.552627762799163
"23190","1250","Ec_N",387,30,30,"Ec",12,1,1,0,1,0,0.552627762799163
"23191","1250","Ec_N",387,31,31,"Ec",12,1,1,0,1,0,0.552627762799163
"23192","1250","Ec_N",387,32,32,"Ec",12,1,1,0,1,0,0.552627762799163
"23193","1250","Ec_N",387,33,33,"Ec",12,1,1,0,1,0,0.552627762799163
"23194","1250","Ec_N",387,34,34,"Ec",12,1,1,0,1,0,0.552627762799163
"23195","1250","Ec_N",387,35,35,"Ec",12,1,1,0,1,0,0.552627762799163
"23196","1250","Ec_N",387,36,36,"Ec",12,1,1,0,1,0,0.552627762799163
"23197","1250","Ec_N",387,37,37,"Ec",12,1,1,0,1,0,0.552627762799163
"23198","1250","Ec_N",387,38,38,"Ec",12,1,1,0,1,0,0.552627762799163
"23199","1250","Ec_N",387,39,39,"Ec",12,1,1,0,1,0,0.552627762799163
"23200","1250","Ec_N",387,40,40,"Ec",12,1,1,0,1,0,0.552627762799163
"23201","1250","Ec_N",387,41,41,"Ec",12,1,1,0,1,0,0.552627762799163
"23202","1250","Ec_N",387,42,42,"Ec",12,1,1,0,1,0,0.552627762799163
"23203","1250","Ec_N",387,43,43,"Ec",12,1,1,0,1,0,0.552627762799163
"23204","1250","Ec_N",387,44,44,"Ec",12,1,1,0,1,0,0.552627762799163
"23205","1250","Ec_N",387,45,45,"Ec",12,1,1,0,1,0,0.552627762799163
"23206","1250","Ec_N",387,46,46,"Ec",28,1,1,0,1,1,0.770762719311211
"23207","1250","Ec_N",387,47,47,"Ec",28,1,1,0,1,1,0.770762719311211
"23208","1250","Ec_N",387,48,48,"Ec",28,1,1,0,1,1,0.770762719311211
"23209","1250","Ec_N",387,49,49,"Ec",28,1,1,0,1,1,0.770762719311211
"23210","1250","Ec_N",387,50,50,"Ec",28,1,1,0,1,1,0.770762719311211
"23211","1250","Ec_N",387,51,51,"Ec",28,1,1,0,1,1,0.770762719311211
"23212","1250","Ec_N",387,52,52,"Ec",28,1,1,0,1,1,0.770762719311211
"23213","1250","Ec_N",387,53,53,"Ec",28,1,1,0,1,1,0.770762719311211
"23214","1250","Ec_N",387,54,54,"Ec",28,1,1,0,1,1,0.770762719311211
"23215","1250","Ec_N",387,55,55,"Ec",28,1,1,0,1,1,0.770762719311211
"23216","1250","Ec_N",387,56,56,"Ec",28,1,1,0,1,1,0.770762719311211
"23217","1250","Ec_N",387,57,57,"Ec",28,1,1,0,1,1,0.770762719311211
"23218","1250","Ec_N",387,58,58,"Ec",28,1,1,0,1,1,0.770762719311211
"23219","1250","Ec_N",387,59,59,"Ec",28,1,1,0,1,1,0.770762719311211
"23220","1250","Ec_N",387,60,60,"Ec",28,1,1,0,1,1,0.770762719311211
"23221","1250","Ec_N",388,1,1,"Ec",1,0,0,0,0,0,0
"23222","1250","Ec_N",388,2,2,"Ec",17,0,0,0,0,1,0.14692246949649
"23223","1250","Ec_N",388,3,3,"Ec",17,0,0,0,0,1,0.14692246949649
"23224","1250","Ec_N",388,4,4,"Ec",19,0,1,0,0,1,0.179678659430889
"23225","1250","Ec_N",388,5,5,"Ec",19,0,1,0,0,1,0.179678659430889
"23226","1250","Ec_N",388,6,6,"Ec",19,0,1,0,0,1,0.179678659430889
"23227","1250","Ec_N",388,7,7,"Ec",19,0,1,0,0,1,0.179678659430889
"23228","1250","Ec_N",388,8,8,"Ec",19,0,1,0,0,1,0.179678659430889
"23229","1250","Ec_N",388,9,9,"Ec",19,0,1,0,0,1,0.179678659430889
"23230","1250","Ec_N",388,10,10,"Ec",19,0,1,0,0,1,0.179678659430889
"23231","1250","Ec_N",388,11,11,"Ec",19,0,1,0,0,1,0.179678659430889
"23232","1250","Ec_N",388,12,12,"Ec",19,0,1,0,0,1,0.179678659430889
"23233","1250","Ec_N",388,13,13,"Ec",19,0,1,0,0,1,0.179678659430889
"23234","1250","Ec_N",388,14,14,"Ec",19,0,1,0,0,1,0.179678659430889
"23235","1250","Ec_N",388,15,15,"Ec",19,0,1,0,0,1,0.179678659430889
"23236","1250","Ec_N",388,16,16,"Ec",19,0,1,0,0,1,0.179678659430889
"23237","1250","Ec_N",388,17,17,"Ec",19,0,1,0,0,1,0.179678659430889
"23238","1250","Ec_N",388,18,18,"Ec",19,0,1,0,0,1,0.179678659430889
"23239","1250","Ec_N",388,19,19,"Ec",19,0,1,0,0,1,0.179678659430889
"23240","1250","Ec_N",388,20,20,"Ec",19,0,1,0,0,1,0.179678659430889
"23241","1250","Ec_N",388,21,21,"Ec",19,0,1,0,0,1,0.179678659430889
"23242","1250","Ec_N",388,22,22,"Ec",19,0,1,0,0,1,0.179678659430889
"23243","1250","Ec_N",388,23,23,"Ec",19,0,1,0,0,1,0.179678659430889
"23244","1250","Ec_N",388,24,24,"Ec",23,0,1,1,0,1,0.511241695498657
"23245","1250","Ec_N",388,25,25,"Ec",23,0,1,1,0,1,0.511241695498657
"23246","1250","Ec_N",388,26,26,"Ec",23,0,1,1,0,1,0.511241695498657
"23247","1250","Ec_N",388,27,27,"Ec",23,0,1,1,0,1,0.511241695498657
"23248","1250","Ec_N",388,28,28,"Ec",23,0,1,1,0,1,0.511241695498657
"23249","1250","Ec_N",388,29,29,"Ec",23,0,1,1,0,1,0.511241695498657
"23250","1250","Ec_N",388,30,30,"Ec",23,0,1,1,0,1,0.511241695498657
"23251","1250","Ec_N",388,31,31,"Ec",23,0,1,1,0,1,0.511241695498657
"23252","1250","Ec_N",388,32,32,"Ec",23,0,1,1,0,1,0.511241695498657
"23253","1250","Ec_N",388,33,33,"Ec",23,0,1,1,0,1,0.511241695498657
"23254","1250","Ec_N",388,34,34,"Ec",23,0,1,1,0,1,0.511241695498657
"23255","1250","Ec_N",388,35,35,"Ec",23,0,1,1,0,1,0.511241695498657
"23256","1250","Ec_N",388,36,36,"Ec",23,0,1,1,0,1,0.511241695498657
"23257","1250","Ec_N",388,37,37,"Ec",23,0,1,1,0,1,0.511241695498657
"23258","1250","Ec_N",388,38,38,"Ec",23,0,1,1,0,1,0.511241695498657
"23259","1250","Ec_N",388,39,39,"Ec",23,0,1,1,0,1,0.511241695498657
"23260","1250","Ec_N",388,40,40,"Ec",23,0,1,1,0,1,0.511241695498657
"23261","1250","Ec_N",388,41,41,"Ec",23,0,1,1,0,1,0.511241695498657
"23262","1250","Ec_N",388,42,42,"Ec",23,0,1,1,0,1,0.511241695498657
"23263","1250","Ec_N",388,43,43,"Ec",23,0,1,1,0,1,0.511241695498657
"23264","1250","Ec_N",388,44,44,"Ec",24,1,1,1,0,1,0.732254349958425
"23265","1250","Ec_N",388,45,45,"Ec",24,1,1,1,0,1,0.732254349958425
"23266","1250","Ec_N",388,46,46,"Ec",24,1,1,1,0,1,0.732254349958425
"23267","1250","Ec_N",388,47,47,"Ec",24,1,1,1,0,1,0.732254349958425
"23268","1250","Ec_N",388,48,48,"Ec",24,1,1,1,0,1,0.732254349958425
"23269","1250","Ec_N",388,49,49,"Ec",24,1,1,1,0,1,0.732254349958425
"23270","1250","Ec_N",388,50,50,"Ec",24,1,1,1,0,1,0.732254349958425
"23271","1250","Ec_N",388,51,51,"Ec",32,1,1,1,1,1,1
"23272","1250","Ec_N",388,52,52,"Ec",32,1,1,1,1,1,1
"23273","1250","Ec_N",388,53,53,"Ec",32,1,1,1,1,1,1
"23274","1250","Ec_N",388,54,54,"Ec",32,1,1,1,1,1,1
"23275","1250","Ec_N",388,55,55,"Ec",32,1,1,1,1,1,1
"23276","1250","Ec_N",388,56,56,"Ec",32,1,1,1,1,1,1
"23277","1250","Ec_N",388,57,57,"Ec",32,1,1,1,1,1,1
"23278","1250","Ec_N",388,58,58,"Ec",32,1,1,1,1,1,1
"23279","1250","Ec_N",388,59,59,"Ec",32,1,1,1,1,1,1
"23280","1250","Ec_N",388,60,60,"Ec",32,1,1,1,1,1,1
"23281","1250","Ec_N",389,1,1,"Ec",1,0,0,0,0,0,0
"23282","1250","Ec_N",389,2,2,"Ec",17,0,0,0,0,1,0.14692246949649
"23283","1250","Ec_N",389,3,3,"Ec",21,0,0,1,0,1,0.428591116083543
"23284","1250","Ec_N",389,4,4,"Ec",22,1,0,1,0,1,0.649603770543311
"23285","1250","Ec_N",389,5,5,"Ec",22,1,0,1,0,1,0.649603770543311
"23286","1250","Ec_N",389,6,6,"Ec",22,1,0,1,0,1,0.649603770543311
"23287","1250","Ec_N",389,7,7,"Ec",22,1,0,1,0,1,0.649603770543311
"23288","1250","Ec_N",389,8,8,"Ec",22,1,0,1,0,1,0.649603770543311
"23289","1250","Ec_N",389,9,9,"Ec",22,1,0,1,0,1,0.649603770543311
"23290","1250","Ec_N",389,10,10,"Ec",22,1,0,1,0,1,0.649603770543311
"23291","1250","Ec_N",389,11,11,"Ec",22,1,0,1,0,1,0.649603770543311
"23292","1250","Ec_N",389,12,12,"Ec",22,1,0,1,0,1,0.649603770543311
"23293","1250","Ec_N",389,13,13,"Ec",22,1,0,1,0,1,0.649603770543311
"23294","1250","Ec_N",389,14,14,"Ec",22,1,0,1,0,1,0.649603770543311
"23295","1250","Ec_N",389,15,15,"Ec",22,1,0,1,0,1,0.649603770543311
"23296","1250","Ec_N",389,16,16,"Ec",22,1,0,1,0,1,0.649603770543311
"23297","1250","Ec_N",389,17,17,"Ec",22,1,0,1,0,1,0.649603770543311
"23298","1250","Ec_N",389,18,18,"Ec",22,1,0,1,0,1,0.649603770543311
"23299","1250","Ec_N",389,19,19,"Ec",22,1,0,1,0,1,0.649603770543311
"23300","1250","Ec_N",389,20,20,"Ec",22,1,0,1,0,1,0.649603770543311
"23301","1250","Ec_N",389,21,21,"Ec",22,1,0,1,0,1,0.649603770543311
"23302","1250","Ec_N",389,22,22,"Ec",22,1,0,1,0,1,0.649603770543311
"23303","1250","Ec_N",389,23,23,"Ec",22,1,0,1,0,1,0.649603770543311
"23304","1250","Ec_N",389,24,24,"Ec",22,1,0,1,0,1,0.649603770543311
"23305","1250","Ec_N",389,25,25,"Ec",22,1,0,1,0,1,0.649603770543311
"23306","1250","Ec_N",389,26,26,"Ec",22,1,0,1,0,1,0.649603770543311
"23307","1250","Ec_N",389,27,27,"Ec",24,1,1,1,0,1,0.732254349958425
"23308","1250","Ec_N",389,28,28,"Ec",24,1,1,1,0,1,0.732254349958425
"23309","1250","Ec_N",389,29,29,"Ec",24,1,1,1,0,1,0.732254349958425
"23310","1250","Ec_N",389,30,30,"Ec",24,1,1,1,0,1,0.732254349958425
"23311","1250","Ec_N",389,31,31,"Ec",24,1,1,1,0,1,0.732254349958425
"23312","1250","Ec_N",389,32,32,"Ec",24,1,1,1,0,1,0.732254349958425
"23313","1250","Ec_N",389,33,33,"Ec",24,1,1,1,0,1,0.732254349958425
"23314","1250","Ec_N",389,34,34,"Ec",24,1,1,1,0,1,0.732254349958425
"23315","1250","Ec_N",389,35,35,"Ec",24,1,1,1,0,1,0.732254349958425
"23316","1250","Ec_N",389,36,36,"Ec",24,1,1,1,0,1,0.732254349958425
"23317","1250","Ec_N",389,37,37,"Ec",24,1,1,1,0,1,0.732254349958425
"23318","1250","Ec_N",389,38,38,"Ec",32,1,1,1,1,1,1
"23319","1250","Ec_N",389,39,39,"Ec",32,1,1,1,1,1,1
"23320","1250","Ec_N",389,40,40,"Ec",32,1,1,1,1,1,1
"23321","1250","Ec_N",389,41,41,"Ec",32,1,1,1,1,1,1
"23322","1250","Ec_N",389,42,42,"Ec",32,1,1,1,1,1,1
"23323","1250","Ec_N",389,43,43,"Ec",32,1,1,1,1,1,1
"23324","1250","Ec_N",389,44,44,"Ec",32,1,1,1,1,1,1
"23325","1250","Ec_N",389,45,45,"Ec",32,1,1,1,1,1,1
"23326","1250","Ec_N",389,46,46,"Ec",32,1,1,1,1,1,1
"23327","1250","Ec_N",389,47,47,"Ec",32,1,1,1,1,1,1
"23328","1250","Ec_N",389,48,48,"Ec",32,1,1,1,1,1,1
"23329","1250","Ec_N",389,49,49,"Ec",32,1,1,1,1,1,1
"23330","1250","Ec_N",389,50,50,"Ec",32,1,1,1,1,1,1
"23331","1250","Ec_N",389,51,51,"Ec",32,1,1,1,1,1,1
"23332","1250","Ec_N",389,52,52,"Ec",32,1,1,1,1,1,1
"23333","1250","Ec_N",389,53,53,"Ec",32,1,1,1,1,1,1
"23334","1250","Ec_N",389,54,54,"Ec",32,1,1,1,1,1,1
"23335","1250","Ec_N",389,55,55,"Ec",32,1,1,1,1,1,1
"23336","1250","Ec_N",389,56,56,"Ec",32,1,1,1,1,1,1
"23337","1250","Ec_N",389,57,57,"Ec",32,1,1,1,1,1,1
"23338","1250","Ec_N",389,58,58,"Ec",32,1,1,1,1,1,1
"23339","1250","Ec_N",389,59,59,"Ec",32,1,1,1,1,1,1
"23340","1250","Ec_N",389,60,60,"Ec",32,1,1,1,1,1,1
"23341","1250","Ec_N",390,1,1,"Ec",1,0,0,0,0,0,0
"23342","1250","Ec_N",390,2,2,"Ec",17,0,0,0,0,1,0.14692246949649
"23343","1250","Ec_N",390,3,3,"Ec",17,0,0,0,0,1,0.14692246949649
"23344","1250","Ec_N",390,4,4,"Ec",17,0,0,0,0,1,0.14692246949649
"23345","1250","Ec_N",390,5,5,"Ec",21,0,0,1,0,1,0.428591116083543
"23346","1250","Ec_N",390,6,6,"Ec",21,0,0,1,0,1,0.428591116083543
"23347","1250","Ec_N",390,7,7,"Ec",21,0,0,1,0,1,0.428591116083543
"23348","1250","Ec_N",390,8,8,"Ec",21,0,0,1,0,1,0.428591116083543
"23349","1250","Ec_N",390,9,9,"Ec",21,0,0,1,0,1,0.428591116083543
"23350","1250","Ec_N",390,10,10,"Ec",21,0,0,1,0,1,0.428591116083543
"23351","1250","Ec_N",390,11,11,"Ec",21,0,0,1,0,1,0.428591116083543
"23352","1250","Ec_N",390,12,12,"Ec",21,0,0,1,0,1,0.428591116083543
"23353","1250","Ec_N",390,13,13,"Ec",21,0,0,1,0,1,0.428591116083543
"23354","1250","Ec_N",390,14,14,"Ec",21,0,0,1,0,1,0.428591116083543
"23355","1250","Ec_N",390,15,15,"Ec",21,0,0,1,0,1,0.428591116083543
"23356","1250","Ec_N",390,16,16,"Ec",21,0,0,1,0,1,0.428591116083543
"23357","1250","Ec_N",390,17,17,"Ec",21,0,0,1,0,1,0.428591116083543
"23358","1250","Ec_N",390,18,18,"Ec",21,0,0,1,0,1,0.428591116083543
"23359","1250","Ec_N",390,19,19,"Ec",21,0,0,1,0,1,0.428591116083543
"23360","1250","Ec_N",390,20,20,"Ec",21,0,0,1,0,1,0.428591116083543
"23361","1250","Ec_N",390,21,21,"Ec",21,0,0,1,0,1,0.428591116083543
"23362","1250","Ec_N",390,22,22,"Ec",21,0,0,1,0,1,0.428591116083543
"23363","1250","Ec_N",390,23,23,"Ec",21,0,0,1,0,1,0.428591116083543
"23364","1250","Ec_N",390,24,24,"Ec",21,0,0,1,0,1,0.428591116083543
"23365","1250","Ec_N",390,25,25,"Ec",21,0,0,1,0,1,0.428591116083543
"23366","1250","Ec_N",390,26,26,"Ec",21,0,0,1,0,1,0.428591116083543
"23367","1250","Ec_N",390,27,27,"Ec",21,0,0,1,0,1,0.428591116083543
"23368","1250","Ec_N",390,28,28,"Ec",21,0,0,1,0,1,0.428591116083543
"23369","1250","Ec_N",390,29,29,"Ec",21,0,0,1,0,1,0.428591116083543
"23370","1250","Ec_N",390,30,30,"Ec",21,0,0,1,0,1,0.428591116083543
"23371","1250","Ec_N",390,31,31,"Ec",21,0,0,1,0,1,0.428591116083543
"23372","1250","Ec_N",390,32,32,"Ec",21,0,0,1,0,1,0.428591116083543
"23373","1250","Ec_N",390,33,33,"Ec",21,0,0,1,0,1,0.428591116083543
"23374","1250","Ec_N",390,34,34,"Ec",21,0,0,1,0,1,0.428591116083543
"23375","1250","Ec_N",390,35,35,"Ec",23,0,1,1,0,1,0.511241695498657
"23376","1250","Ec_N",390,36,36,"Ec",23,0,1,1,0,1,0.511241695498657
"23377","1250","Ec_N",390,37,37,"Ec",23,0,1,1,0,1,0.511241695498657
"23378","1250","Ec_N",390,38,38,"Ec",23,0,1,1,0,1,0.511241695498657
"23379","1250","Ec_N",390,39,39,"Ec",23,0,1,1,0,1,0.511241695498657
"23380","1250","Ec_N",390,40,40,"Ec",23,0,1,1,0,1,0.511241695498657
"23381","1250","Ec_N",390,41,41,"Ec",23,0,1,1,0,1,0.511241695498657
"23382","1250","Ec_N",390,42,42,"Ec",24,1,1,1,0,1,0.732254349958425
"23383","1250","Ec_N",390,43,43,"Ec",24,1,1,1,0,1,0.732254349958425
"23384","1250","Ec_N",390,44,44,"Ec",24,1,1,1,0,1,0.732254349958425
"23385","1250","Ec_N",390,45,45,"Ec",24,1,1,1,0,1,0.732254349958425
"23386","1250","Ec_N",390,46,46,"Ec",32,1,1,1,1,1,1
"23387","1250","Ec_N",390,47,47,"Ec",32,1,1,1,1,1,1
"23388","1250","Ec_N",390,48,48,"Ec",32,1,1,1,1,1,1
"23389","1250","Ec_N",390,49,49,"Ec",32,1,1,1,1,1,1
"23390","1250","Ec_N",390,50,50,"Ec",32,1,1,1,1,1,1
"23391","1250","Ec_N",390,51,51,"Ec",32,1,1,1,1,1,1
"23392","1250","Ec_N",390,52,52,"Ec",32,1,1,1,1,1,1
"23393","1250","Ec_N",390,53,53,"Ec",32,1,1,1,1,1,1
"23394","1250","Ec_N",390,54,54,"Ec",32,1,1,1,1,1,1
"23395","1250","Ec_N",390,55,55,"Ec",32,1,1,1,1,1,1
"23396","1250","Ec_N",390,56,56,"Ec",32,1,1,1,1,1,1
"23397","1250","Ec_N",390,57,57,"Ec",32,1,1,1,1,1,1
"23398","1250","Ec_N",390,58,58,"Ec",32,1,1,1,1,1,1
"23399","1250","Ec_N",390,59,59,"Ec",32,1,1,1,1,1,1
"23400","1250","Ec_N",390,60,60,"Ec",32,1,1,1,1,1,1
"23401","1250","Ec_N",391,1,1,"Ec",1,0,0,0,0,0,0
"23402","1250","Ec_N",391,2,2,"Ec",2,1,0,0,0,0,0.221012654459768
"23403","1250","Ec_N",391,3,3,"Ec",2,1,0,0,0,0,0.221012654459768
"23404","1250","Ec_N",391,4,4,"Ec",4,1,1,0,0,0,0.303663233874882
"23405","1250","Ec_N",391,5,5,"Ec",4,1,1,0,0,0,0.303663233874882
"23406","1250","Ec_N",391,6,6,"Ec",12,1,1,0,1,0,0.552627762799163
"23407","1250","Ec_N",391,7,7,"Ec",12,1,1,0,1,0,0.552627762799163
"23408","1250","Ec_N",391,8,8,"Ec",12,1,1,0,1,0,0.552627762799163
"23409","1250","Ec_N",391,9,9,"Ec",12,1,1,0,1,0,0.552627762799163
"23410","1250","Ec_N",391,10,10,"Ec",12,1,1,0,1,0,0.552627762799163
"23411","1250","Ec_N",391,11,11,"Ec",12,1,1,0,1,0,0.552627762799163
"23412","1250","Ec_N",391,12,12,"Ec",12,1,1,0,1,0,0.552627762799163
"23413","1250","Ec_N",391,13,13,"Ec",12,1,1,0,1,0,0.552627762799163
"23414","1250","Ec_N",391,14,14,"Ec",12,1,1,0,1,0,0.552627762799163
"23415","1250","Ec_N",391,15,15,"Ec",12,1,1,0,1,0,0.552627762799163
"23416","1250","Ec_N",391,16,16,"Ec",12,1,1,0,1,0,0.552627762799163
"23417","1250","Ec_N",391,17,17,"Ec",12,1,1,0,1,0,0.552627762799163
"23418","1250","Ec_N",391,18,18,"Ec",12,1,1,0,1,0,0.552627762799163
"23419","1250","Ec_N",391,19,19,"Ec",12,1,1,0,1,0,0.552627762799163
"23420","1250","Ec_N",391,20,20,"Ec",12,1,1,0,1,0,0.552627762799163
"23421","1250","Ec_N",391,21,21,"Ec",12,1,1,0,1,0,0.552627762799163
"23422","1250","Ec_N",391,22,22,"Ec",12,1,1,0,1,0,0.552627762799163
"23423","1250","Ec_N",391,23,23,"Ec",12,1,1,0,1,0,0.552627762799163
"23424","1250","Ec_N",391,24,24,"Ec",12,1,1,0,1,0,0.552627762799163
"23425","1250","Ec_N",391,25,25,"Ec",12,1,1,0,1,0,0.552627762799163
"23426","1250","Ec_N",391,26,26,"Ec",12,1,1,0,1,0,0.552627762799163
"23427","1250","Ec_N",391,27,27,"Ec",16,1,1,1,1,0,0.879284144928883
"23428","1250","Ec_N",391,28,28,"Ec",16,1,1,1,1,0,0.879284144928883
"23429","1250","Ec_N",391,29,29,"Ec",16,1,1,1,1,0,0.879284144928883
"23430","1250","Ec_N",391,30,30,"Ec",16,1,1,1,1,0,0.879284144928883
"23431","1250","Ec_N",391,31,31,"Ec",16,1,1,1,1,0,0.879284144928883
"23432","1250","Ec_N",391,32,32,"Ec",16,1,1,1,1,0,0.879284144928883
"23433","1250","Ec_N",391,33,33,"Ec",16,1,1,1,1,0,0.879284144928883
"23434","1250","Ec_N",391,34,34,"Ec",16,1,1,1,1,0,0.879284144928883
"23435","1250","Ec_N",391,35,35,"Ec",16,1,1,1,1,0,0.879284144928883
"23436","1250","Ec_N",391,36,36,"Ec",16,1,1,1,1,0,0.879284144928883
"23437","1250","Ec_N",391,37,37,"Ec",16,1,1,1,1,0,0.879284144928883
"23438","1250","Ec_N",391,38,38,"Ec",16,1,1,1,1,0,0.879284144928883
"23439","1250","Ec_N",391,39,39,"Ec",16,1,1,1,1,0,0.879284144928883
"23440","1250","Ec_N",391,40,40,"Ec",16,1,1,1,1,0,0.879284144928883
"23441","1250","Ec_N",391,41,41,"Ec",16,1,1,1,1,0,0.879284144928883
"23442","1250","Ec_N",391,42,42,"Ec",16,1,1,1,1,0,0.879284144928883
"23443","1250","Ec_N",391,43,43,"Ec",16,1,1,1,1,0,0.879284144928883
"23444","1250","Ec_N",391,44,44,"Ec",16,1,1,1,1,0,0.879284144928883
"23445","1250","Ec_N",391,45,45,"Ec",16,1,1,1,1,0,0.879284144928883
"23446","1250","Ec_N",391,46,46,"Ec",16,1,1,1,1,0,0.879284144928883
"23447","1250","Ec_N",391,47,47,"Ec",16,1,1,1,1,0,0.879284144928883
"23448","1250","Ec_N",391,48,48,"Ec",16,1,1,1,1,0,0.879284144928883
"23449","1250","Ec_N",391,49,49,"Ec",16,1,1,1,1,0,0.879284144928883
"23450","1250","Ec_N",391,50,50,"Ec",16,1,1,1,1,0,0.879284144928883
"23451","1250","Ec_N",391,51,51,"Ec",16,1,1,1,1,0,0.879284144928883
"23452","1250","Ec_N",391,52,52,"Ec",16,1,1,1,1,0,0.879284144928883
"23453","1250","Ec_N",391,53,53,"Ec",16,1,1,1,1,0,0.879284144928883
"23454","1250","Ec_N",391,54,54,"Ec",16,1,1,1,1,0,0.879284144928883
"23455","1250","Ec_N",391,55,55,"Ec",16,1,1,1,1,0,0.879284144928883
"23456","1250","Ec_N",391,56,56,"Ec",16,1,1,1,1,0,0.879284144928883
"23457","1250","Ec_N",391,57,57,"Ec",16,1,1,1,1,0,0.879284144928883
"23458","1250","Ec_N",391,58,58,"Ec",16,1,1,1,1,0,0.879284144928883
"23459","1250","Ec_N",391,59,59,"Ec",16,1,1,1,1,0,0.879284144928883
"23460","1250","Ec_N",391,60,60,"Ec",16,1,1,1,1,0,0.879284144928883
"23461","1250","Ec_N",392,1,1,"Ec",1,0,0,0,0,0,0
"23462","1250","Ec_N",392,2,2,"Ec",1,0,0,0,0,0,0
"23463","1250","Ec_N",392,3,3,"Ec",2,1,0,0,0,0,0.221012654459768
"23464","1250","Ec_N",392,4,4,"Ec",2,1,0,0,0,0,0.221012654459768
"23465","1250","Ec_N",392,5,5,"Ec",2,1,0,0,0,0,0.221012654459768
"23466","1250","Ec_N",392,6,6,"Ec",2,1,0,0,0,0,0.221012654459768
"23467","1250","Ec_N",392,7,7,"Ec",18,1,0,0,0,1,0.417540278780587
"23468","1250","Ec_N",392,8,8,"Ec",26,1,0,0,1,1,0.685285928822162
"23469","1250","Ec_N",392,9,9,"Ec",26,1,0,0,1,1,0.685285928822162
"23470","1250","Ec_N",392,10,10,"Ec",26,1,0,0,1,1,0.685285928822162
"23471","1250","Ec_N",392,11,11,"Ec",26,1,0,0,1,1,0.685285928822162
"23472","1250","Ec_N",392,12,12,"Ec",26,1,0,0,1,1,0.685285928822162
"23473","1250","Ec_N",392,13,13,"Ec",26,1,0,0,1,1,0.685285928822162
"23474","1250","Ec_N",392,14,14,"Ec",26,1,0,0,1,1,0.685285928822162
"23475","1250","Ec_N",392,15,15,"Ec",26,1,0,0,1,1,0.685285928822162
"23476","1250","Ec_N",392,16,16,"Ec",26,1,0,0,1,1,0.685285928822162
"23477","1250","Ec_N",392,17,17,"Ec",26,1,0,0,1,1,0.685285928822162
"23478","1250","Ec_N",392,18,18,"Ec",26,1,0,0,1,1,0.685285928822162
"23479","1250","Ec_N",392,19,19,"Ec",26,1,0,0,1,1,0.685285928822162
"23480","1250","Ec_N",392,20,20,"Ec",26,1,0,0,1,1,0.685285928822162
"23481","1250","Ec_N",392,21,21,"Ec",26,1,0,0,1,1,0.685285928822162
"23482","1250","Ec_N",392,22,22,"Ec",26,1,0,0,1,1,0.685285928822162
"23483","1250","Ec_N",392,23,23,"Ec",26,1,0,0,1,1,0.685285928822162
"23484","1250","Ec_N",392,24,24,"Ec",26,1,0,0,1,1,0.685285928822162
"23485","1250","Ec_N",392,25,25,"Ec",26,1,0,0,1,1,0.685285928822162
"23486","1250","Ec_N",392,26,26,"Ec",26,1,0,0,1,1,0.685285928822162
"23487","1250","Ec_N",392,27,27,"Ec",26,1,0,0,1,1,0.685285928822162
"23488","1250","Ec_N",392,28,28,"Ec",28,1,1,0,1,1,0.770762719311211
"23489","1250","Ec_N",392,29,29,"Ec",28,1,1,0,1,1,0.770762719311211
"23490","1250","Ec_N",392,30,30,"Ec",28,1,1,0,1,1,0.770762719311211
"23491","1250","Ec_N",392,31,31,"Ec",28,1,1,0,1,1,0.770762719311211
"23492","1250","Ec_N",392,32,32,"Ec",28,1,1,0,1,1,0.770762719311211
"23493","1250","Ec_N",392,33,33,"Ec",28,1,1,0,1,1,0.770762719311211
"23494","1250","Ec_N",392,34,34,"Ec",28,1,1,0,1,1,0.770762719311211
"23495","1250","Ec_N",392,35,35,"Ec",28,1,1,0,1,1,0.770762719311211
"23496","1250","Ec_N",392,36,36,"Ec",28,1,1,0,1,1,0.770762719311211
"23497","1250","Ec_N",392,37,37,"Ec",28,1,1,0,1,1,0.770762719311211
"23498","1250","Ec_N",392,38,38,"Ec",28,1,1,0,1,1,0.770762719311211
"23499","1250","Ec_N",392,39,39,"Ec",28,1,1,0,1,1,0.770762719311211
"23500","1250","Ec_N",392,40,40,"Ec",28,1,1,0,1,1,0.770762719311211
"23501","1250","Ec_N",392,41,41,"Ec",32,1,1,1,1,1,1
"23502","1250","Ec_N",392,42,42,"Ec",32,1,1,1,1,1,1
"23503","1250","Ec_N",392,43,43,"Ec",32,1,1,1,1,1,1
"23504","1250","Ec_N",392,44,44,"Ec",32,1,1,1,1,1,1
"23505","1250","Ec_N",392,45,45,"Ec",32,1,1,1,1,1,1
"23506","1250","Ec_N",392,46,46,"Ec",32,1,1,1,1,1,1
"23507","1250","Ec_N",392,47,47,"Ec",32,1,1,1,1,1,1
"23508","1250","Ec_N",392,48,48,"Ec",32,1,1,1,1,1,1
"23509","1250","Ec_N",392,49,49,"Ec",32,1,1,1,1,1,1
"23510","1250","Ec_N",392,50,50,"Ec",32,1,1,1,1,1,1
"23511","1250","Ec_N",392,51,51,"Ec",32,1,1,1,1,1,1
"23512","1250","Ec_N",392,52,52,"Ec",32,1,1,1,1,1,1
"23513","1250","Ec_N",392,53,53,"Ec",32,1,1,1,1,1,1
"23514","1250","Ec_N",392,54,54,"Ec",32,1,1,1,1,1,1
"23515","1250","Ec_N",392,55,55,"Ec",32,1,1,1,1,1,1
"23516","1250","Ec_N",392,56,56,"Ec",32,1,1,1,1,1,1
"23517","1250","Ec_N",392,57,57,"Ec",32,1,1,1,1,1,1
"23518","1250","Ec_N",392,58,58,"Ec",32,1,1,1,1,1,1
"23519","1250","Ec_N",392,59,59,"Ec",32,1,1,1,1,1,1
"23520","1250","Ec_N",392,60,60,"Ec",32,1,1,1,1,1,1
"23521","1250","Ec_N",393,1,1,"Ec",1,0,0,0,0,0,0
"23522","1250","Ec_N",393,2,2,"Ec",1,0,0,0,0,0,0
"23523","1250","Ec_N",393,3,3,"Ec",2,1,0,0,0,0,0.221012654459768
"23524","1250","Ec_N",393,4,4,"Ec",2,1,0,0,0,0,0.221012654459768
"23525","1250","Ec_N",393,5,5,"Ec",2,1,0,0,0,0,0.221012654459768
"23526","1250","Ec_N",393,6,6,"Ec",2,1,0,0,0,0,0.221012654459768
"23527","1250","Ec_N",393,7,7,"Ec",2,1,0,0,0,0,0.221012654459768
"23528","1250","Ec_N",393,8,8,"Ec",2,1,0,0,0,0,0.221012654459768
"23529","1250","Ec_N",393,9,9,"Ec",4,1,1,0,0,0,0.303663233874882
"23530","1250","Ec_N",393,10,10,"Ec",20,1,1,0,0,1,0.500190858195701
"23531","1250","Ec_N",393,11,11,"Ec",20,1,1,0,0,1,0.500190858195701
"23532","1250","Ec_N",393,12,12,"Ec",20,1,1,0,0,1,0.500190858195701
"23533","1250","Ec_N",393,13,13,"Ec",20,1,1,0,0,1,0.500190858195701
"23534","1250","Ec_N",393,14,14,"Ec",20,1,1,0,0,1,0.500190858195701
"23535","1250","Ec_N",393,15,15,"Ec",20,1,1,0,0,1,0.500190858195701
"23536","1250","Ec_N",393,16,16,"Ec",20,1,1,0,0,1,0.500190858195701
"23537","1250","Ec_N",393,17,17,"Ec",24,1,1,1,0,1,0.732254349958425
"23538","1250","Ec_N",393,18,18,"Ec",24,1,1,1,0,1,0.732254349958425
"23539","1250","Ec_N",393,19,19,"Ec",24,1,1,1,0,1,0.732254349958425
"23540","1250","Ec_N",393,20,20,"Ec",24,1,1,1,0,1,0.732254349958425
"23541","1250","Ec_N",393,21,21,"Ec",24,1,1,1,0,1,0.732254349958425
"23542","1250","Ec_N",393,22,22,"Ec",24,1,1,1,0,1,0.732254349958425
"23543","1250","Ec_N",393,23,23,"Ec",24,1,1,1,0,1,0.732254349958425
"23544","1250","Ec_N",393,24,24,"Ec",24,1,1,1,0,1,0.732254349958425
"23545","1250","Ec_N",393,25,25,"Ec",24,1,1,1,0,1,0.732254349958425
"23546","1250","Ec_N",393,26,26,"Ec",24,1,1,1,0,1,0.732254349958425
"23547","1250","Ec_N",393,27,27,"Ec",32,1,1,1,1,1,1
"23548","1250","Ec_N",393,28,28,"Ec",32,1,1,1,1,1,1
"23549","1250","Ec_N",393,29,29,"Ec",32,1,1,1,1,1,1
"23550","1250","Ec_N",393,30,30,"Ec",32,1,1,1,1,1,1
"23551","1250","Ec_N",393,31,31,"Ec",32,1,1,1,1,1,1
"23552","1250","Ec_N",393,32,32,"Ec",32,1,1,1,1,1,1
"23553","1250","Ec_N",393,33,33,"Ec",32,1,1,1,1,1,1
"23554","1250","Ec_N",393,34,34,"Ec",32,1,1,1,1,1,1
"23555","1250","Ec_N",393,35,35,"Ec",32,1,1,1,1,1,1
"23556","1250","Ec_N",393,36,36,"Ec",32,1,1,1,1,1,1
"23557","1250","Ec_N",393,37,37,"Ec",32,1,1,1,1,1,1
"23558","1250","Ec_N",393,38,38,"Ec",32,1,1,1,1,1,1
"23559","1250","Ec_N",393,39,39,"Ec",32,1,1,1,1,1,1
"23560","1250","Ec_N",393,40,40,"Ec",32,1,1,1,1,1,1
"23561","1250","Ec_N",393,41,41,"Ec",32,1,1,1,1,1,1
"23562","1250","Ec_N",393,42,42,"Ec",32,1,1,1,1,1,1
"23563","1250","Ec_N",393,43,43,"Ec",32,1,1,1,1,1,1
"23564","1250","Ec_N",393,44,44,"Ec",32,1,1,1,1,1,1
"23565","1250","Ec_N",393,45,45,"Ec",32,1,1,1,1,1,1
"23566","1250","Ec_N",393,46,46,"Ec",32,1,1,1,1,1,1
"23567","1250","Ec_N",393,47,47,"Ec",32,1,1,1,1,1,1
"23568","1250","Ec_N",393,48,48,"Ec",32,1,1,1,1,1,1
"23569","1250","Ec_N",393,49,49,"Ec",32,1,1,1,1,1,1
"23570","1250","Ec_N",393,50,50,"Ec",32,1,1,1,1,1,1
"23571","1250","Ec_N",393,51,51,"Ec",32,1,1,1,1,1,1
"23572","1250","Ec_N",393,52,52,"Ec",32,1,1,1,1,1,1
"23573","1250","Ec_N",393,53,53,"Ec",32,1,1,1,1,1,1
"23574","1250","Ec_N",393,54,54,"Ec",32,1,1,1,1,1,1
"23575","1250","Ec_N",393,55,55,"Ec",32,1,1,1,1,1,1
"23576","1250","Ec_N",393,56,56,"Ec",32,1,1,1,1,1,1
"23577","1250","Ec_N",393,57,57,"Ec",32,1,1,1,1,1,1
"23578","1250","Ec_N",393,58,58,"Ec",32,1,1,1,1,1,1
"23579","1250","Ec_N",393,59,59,"Ec",32,1,1,1,1,1,1
"23580","1250","Ec_N",393,60,60,"Ec",32,1,1,1,1,1,1
"23581","1250","Ec_N",394,1,1,"Ec",1,0,0,0,0,0,0
"23582","1250","Ec_N",394,2,2,"Ec",1,0,0,0,0,0,0
"23583","1250","Ec_N",394,3,3,"Ec",1,0,0,0,0,0,0
"23584","1250","Ec_N",394,4,4,"Ec",1,0,0,0,0,0,0
"23585","1250","Ec_N",394,5,5,"Ec",1,0,0,0,0,0,0
"23586","1250","Ec_N",394,6,6,"Ec",2,1,0,0,0,0,0.221012654459768
"23587","1250","Ec_N",394,7,7,"Ec",6,1,0,1,0,0,0.453076146222492
"23588","1250","Ec_N",394,8,8,"Ec",6,1,0,1,0,0,0.453076146222492
"23589","1250","Ec_N",394,9,9,"Ec",6,1,0,1,0,0,0.453076146222492
"23590","1250","Ec_N",394,10,10,"Ec",6,1,0,1,0,0,0.453076146222492
"23591","1250","Ec_N",394,11,11,"Ec",6,1,0,1,0,0,0.453076146222492
"23592","1250","Ec_N",394,12,12,"Ec",6,1,0,1,0,0,0.453076146222492
"23593","1250","Ec_N",394,13,13,"Ec",14,1,0,1,1,0,0.720821796264067
"23594","1250","Ec_N",394,14,14,"Ec",14,1,0,1,1,0,0.720821796264067
"23595","1250","Ec_N",394,15,15,"Ec",14,1,0,1,1,0,0.720821796264067
"23596","1250","Ec_N",394,16,16,"Ec",14,1,0,1,1,0,0.720821796264067
"23597","1250","Ec_N",394,17,17,"Ec",14,1,0,1,1,0,0.720821796264067
"23598","1250","Ec_N",394,18,18,"Ec",14,1,0,1,1,0,0.720821796264067
"23599","1250","Ec_N",394,19,19,"Ec",14,1,0,1,1,0,0.720821796264067
"23600","1250","Ec_N",394,20,20,"Ec",14,1,0,1,1,0,0.720821796264067
"23601","1250","Ec_N",394,21,21,"Ec",14,1,0,1,1,0,0.720821796264067
"23602","1250","Ec_N",394,22,22,"Ec",14,1,0,1,1,0,0.720821796264067
"23603","1250","Ec_N",394,23,23,"Ec",14,1,0,1,1,0,0.720821796264067
"23604","1250","Ec_N",394,24,24,"Ec",14,1,0,1,1,0,0.720821796264067
"23605","1250","Ec_N",394,25,25,"Ec",14,1,0,1,1,0,0.720821796264067
"23606","1250","Ec_N",394,26,26,"Ec",14,1,0,1,1,0,0.720821796264067
"23607","1250","Ec_N",394,27,27,"Ec",14,1,0,1,1,0,0.720821796264067
"23608","1250","Ec_N",394,28,28,"Ec",14,1,0,1,1,0,0.720821796264067
"23609","1250","Ec_N",394,29,29,"Ec",14,1,0,1,1,0,0.720821796264067
"23610","1250","Ec_N",394,30,30,"Ec",14,1,0,1,1,0,0.720821796264067
"23611","1250","Ec_N",394,31,31,"Ec",14,1,0,1,1,0,0.720821796264067
"23612","1250","Ec_N",394,32,32,"Ec",14,1,0,1,1,0,0.720821796264067
"23613","1250","Ec_N",394,33,33,"Ec",14,1,0,1,1,0,0.720821796264067
"23614","1250","Ec_N",394,34,34,"Ec",30,1,0,1,1,1,0.981696467924213
"23615","1250","Ec_N",394,35,35,"Ec",30,1,0,1,1,1,0.981696467924213
"23616","1250","Ec_N",394,36,36,"Ec",30,1,0,1,1,1,0.981696467924213
"23617","1250","Ec_N",394,37,37,"Ec",30,1,0,1,1,1,0.981696467924213
"23618","1250","Ec_N",394,38,38,"Ec",30,1,0,1,1,1,0.981696467924213
"23619","1250","Ec_N",394,39,39,"Ec",30,1,0,1,1,1,0.981696467924213
"23620","1250","Ec_N",394,40,40,"Ec",30,1,0,1,1,1,0.981696467924213
"23621","1250","Ec_N",394,41,41,"Ec",30,1,0,1,1,1,0.981696467924213
"23622","1250","Ec_N",394,42,42,"Ec",30,1,0,1,1,1,0.981696467924213
"23623","1250","Ec_N",394,43,43,"Ec",30,1,0,1,1,1,0.981696467924213
"23624","1250","Ec_N",394,44,44,"Ec",30,1,0,1,1,1,0.981696467924213
"23625","1250","Ec_N",394,45,45,"Ec",32,1,1,1,1,1,1
"23626","1250","Ec_N",394,46,46,"Ec",32,1,1,1,1,1,1
"23627","1250","Ec_N",394,47,47,"Ec",32,1,1,1,1,1,1
"23628","1250","Ec_N",394,48,48,"Ec",32,1,1,1,1,1,1
"23629","1250","Ec_N",394,49,49,"Ec",32,1,1,1,1,1,1
"23630","1250","Ec_N",394,50,50,"Ec",32,1,1,1,1,1,1
"23631","1250","Ec_N",394,51,51,"Ec",32,1,1,1,1,1,1
"23632","1250","Ec_N",394,52,52,"Ec",32,1,1,1,1,1,1
"23633","1250","Ec_N",394,53,53,"Ec",32,1,1,1,1,1,1
"23634","1250","Ec_N",394,54,54,"Ec",32,1,1,1,1,1,1
"23635","1250","Ec_N",394,55,55,"Ec",32,1,1,1,1,1,1
"23636","1250","Ec_N",394,56,56,"Ec",32,1,1,1,1,1,1
"23637","1250","Ec_N",394,57,57,"Ec",32,1,1,1,1,1,1
"23638","1250","Ec_N",394,58,58,"Ec",32,1,1,1,1,1,1
"23639","1250","Ec_N",394,59,59,"Ec",32,1,1,1,1,1,1
"23640","1250","Ec_N",394,60,60,"Ec",32,1,1,1,1,1,1
"23641","1250","Ec_N",395,1,1,"Ec",1,0,0,0,0,0,0
"23642","1250","Ec_N",395,2,2,"Ec",3,0,1,0,0,0,0.082650579415114
"23643","1250","Ec_N",395,3,3,"Ec",4,1,1,0,0,0,0.303663233874882
"23644","1250","Ec_N",395,4,4,"Ec",8,1,1,1,0,0,0.440600849145421
"23645","1250","Ec_N",395,5,5,"Ec",8,1,1,1,0,0,0.440600849145421
"23646","1250","Ec_N",395,6,6,"Ec",8,1,1,1,0,0,0.440600849145421
"23647","1250","Ec_N",395,7,7,"Ec",8,1,1,1,0,0,0.440600849145421
"23648","1250","Ec_N",395,8,8,"Ec",8,1,1,1,0,0,0.440600849145421
"23649","1250","Ec_N",395,9,9,"Ec",8,1,1,1,0,0,0.440600849145421
"23650","1250","Ec_N",395,10,10,"Ec",8,1,1,1,0,0,0.440600849145421
"23651","1250","Ec_N",395,11,11,"Ec",8,1,1,1,0,0,0.440600849145421
"23652","1250","Ec_N",395,12,12,"Ec",8,1,1,1,0,0,0.440600849145421
"23653","1250","Ec_N",395,13,13,"Ec",8,1,1,1,0,0,0.440600849145421
"23654","1250","Ec_N",395,14,14,"Ec",8,1,1,1,0,0,0.440600849145421
"23655","1250","Ec_N",395,15,15,"Ec",8,1,1,1,0,0,0.440600849145421
"23656","1250","Ec_N",395,16,16,"Ec",8,1,1,1,0,0,0.440600849145421
"23657","1250","Ec_N",395,17,17,"Ec",6,1,0,1,0,0,0.453076146222492
"23658","1250","Ec_N",395,18,18,"Ec",6,1,0,1,0,0,0.453076146222492
"23659","1250","Ec_N",395,19,19,"Ec",6,1,0,1,0,0,0.453076146222492
"23660","1250","Ec_N",395,20,20,"Ec",22,1,0,1,0,1,0.649603770543311
"23661","1250","Ec_N",395,21,21,"Ec",22,1,0,1,0,1,0.649603770543311
"23662","1250","Ec_N",395,22,22,"Ec",22,1,0,1,0,1,0.649603770543311
"23663","1250","Ec_N",395,23,23,"Ec",22,1,0,1,0,1,0.649603770543311
"23664","1250","Ec_N",395,24,24,"Ec",22,1,0,1,0,1,0.649603770543311
"23665","1250","Ec_N",395,25,25,"Ec",22,1,0,1,0,1,0.649603770543311
"23666","1250","Ec_N",395,26,26,"Ec",22,1,0,1,0,1,0.649603770543311
"23667","1250","Ec_N",395,27,27,"Ec",30,1,0,1,1,1,0.981696467924213
"23668","1250","Ec_N",395,28,28,"Ec",30,1,0,1,1,1,0.981696467924213
"23669","1250","Ec_N",395,29,29,"Ec",30,1,0,1,1,1,0.981696467924213
"23670","1250","Ec_N",395,30,30,"Ec",30,1,0,1,1,1,0.981696467924213
"23671","1250","Ec_N",395,31,31,"Ec",30,1,0,1,1,1,0.981696467924213
"23672","1250","Ec_N",395,32,32,"Ec",30,1,0,1,1,1,0.981696467924213
"23673","1250","Ec_N",395,33,33,"Ec",32,1,1,1,1,1,1
"23674","1250","Ec_N",395,34,34,"Ec",32,1,1,1,1,1,1
"23675","1250","Ec_N",395,35,35,"Ec",32,1,1,1,1,1,1
"23676","1250","Ec_N",395,36,36,"Ec",32,1,1,1,1,1,1
"23677","1250","Ec_N",395,37,37,"Ec",32,1,1,1,1,1,1
"23678","1250","Ec_N",395,38,38,"Ec",32,1,1,1,1,1,1
"23679","1250","Ec_N",395,39,39,"Ec",32,1,1,1,1,1,1
"23680","1250","Ec_N",395,40,40,"Ec",32,1,1,1,1,1,1
"23681","1250","Ec_N",395,41,41,"Ec",32,1,1,1,1,1,1
"23682","1250","Ec_N",395,42,42,"Ec",32,1,1,1,1,1,1
"23683","1250","Ec_N",395,43,43,"Ec",32,1,1,1,1,1,1
"23684","1250","Ec_N",395,44,44,"Ec",32,1,1,1,1,1,1
"23685","1250","Ec_N",395,45,45,"Ec",32,1,1,1,1,1,1
"23686","1250","Ec_N",395,46,46,"Ec",32,1,1,1,1,1,1
"23687","1250","Ec_N",395,47,47,"Ec",32,1,1,1,1,1,1
"23688","1250","Ec_N",395,48,48,"Ec",32,1,1,1,1,1,1
"23689","1250","Ec_N",395,49,49,"Ec",32,1,1,1,1,1,1
"23690","1250","Ec_N",395,50,50,"Ec",32,1,1,1,1,1,1
"23691","1250","Ec_N",395,51,51,"Ec",32,1,1,1,1,1,1
"23692","1250","Ec_N",395,52,52,"Ec",32,1,1,1,1,1,1
"23693","1250","Ec_N",395,53,53,"Ec",32,1,1,1,1,1,1
"23694","1250","Ec_N",395,54,54,"Ec",32,1,1,1,1,1,1
"23695","1250","Ec_N",395,55,55,"Ec",32,1,1,1,1,1,1
"23696","1250","Ec_N",395,56,56,"Ec",32,1,1,1,1,1,1
"23697","1250","Ec_N",395,57,57,"Ec",32,1,1,1,1,1,1
"23698","1250","Ec_N",395,58,58,"Ec",32,1,1,1,1,1,1
"23699","1250","Ec_N",395,59,59,"Ec",32,1,1,1,1,1,1
"23700","1250","Ec_N",395,60,60,"Ec",32,1,1,1,1,1,1
"23701","1250","Ec_N",396,1,1,"Ec",1,0,0,0,0,0,0
"23702","1250","Ec_N",396,2,2,"Ec",17,0,0,0,0,1,0.14692246949649
"23703","1250","Ec_N",396,3,3,"Ec",17,0,0,0,0,1,0.14692246949649
"23704","1250","Ec_N",396,4,4,"Ec",17,0,0,0,0,1,0.14692246949649
"23705","1250","Ec_N",396,5,5,"Ec",21,0,0,1,0,1,0.428591116083543
"23706","1250","Ec_N",396,6,6,"Ec",29,0,0,1,1,1,0.696336766125118
"23707","1250","Ec_N",396,7,7,"Ec",29,0,0,1,1,1,0.696336766125118
"23708","1250","Ec_N",396,8,8,"Ec",29,0,0,1,1,1,0.696336766125118
"23709","1250","Ec_N",396,9,9,"Ec",29,0,0,1,1,1,0.696336766125118
"23710","1250","Ec_N",396,10,10,"Ec",29,0,0,1,1,1,0.696336766125118
"23711","1250","Ec_N",396,11,11,"Ec",29,0,0,1,1,1,0.696336766125118
"23712","1250","Ec_N",396,12,12,"Ec",29,0,0,1,1,1,0.696336766125118
"23713","1250","Ec_N",396,13,13,"Ec",29,0,0,1,1,1,0.696336766125118
"23714","1250","Ec_N",396,14,14,"Ec",29,0,0,1,1,1,0.696336766125118
"23715","1250","Ec_N",396,15,15,"Ec",29,0,0,1,1,1,0.696336766125118
"23716","1250","Ec_N",396,16,16,"Ec",29,0,0,1,1,1,0.696336766125118
"23717","1250","Ec_N",396,17,17,"Ec",29,0,0,1,1,1,0.696336766125118
"23718","1250","Ec_N",396,18,18,"Ec",30,1,0,1,1,1,0.981696467924213
"23719","1250","Ec_N",396,19,19,"Ec",30,1,0,1,1,1,0.981696467924213
"23720","1250","Ec_N",396,20,20,"Ec",30,1,0,1,1,1,0.981696467924213
"23721","1250","Ec_N",396,21,21,"Ec",30,1,0,1,1,1,0.981696467924213
"23722","1250","Ec_N",396,22,22,"Ec",32,1,1,1,1,1,1
"23723","1250","Ec_N",396,23,23,"Ec",32,1,1,1,1,1,1
"23724","1250","Ec_N",396,24,24,"Ec",32,1,1,1,1,1,1
"23725","1250","Ec_N",396,25,25,"Ec",32,1,1,1,1,1,1
"23726","1250","Ec_N",396,26,26,"Ec",32,1,1,1,1,1,1
"23727","1250","Ec_N",396,27,27,"Ec",32,1,1,1,1,1,1
"23728","1250","Ec_N",396,28,28,"Ec",32,1,1,1,1,1,1
"23729","1250","Ec_N",396,29,29,"Ec",32,1,1,1,1,1,1
"23730","1250","Ec_N",396,30,30,"Ec",32,1,1,1,1,1,1
"23731","1250","Ec_N",396,31,31,"Ec",32,1,1,1,1,1,1
"23732","1250","Ec_N",396,32,32,"Ec",32,1,1,1,1,1,1
"23733","1250","Ec_N",396,33,33,"Ec",32,1,1,1,1,1,1
"23734","1250","Ec_N",396,34,34,"Ec",32,1,1,1,1,1,1
"23735","1250","Ec_N",396,35,35,"Ec",32,1,1,1,1,1,1
"23736","1250","Ec_N",396,36,36,"Ec",32,1,1,1,1,1,1
"23737","1250","Ec_N",396,37,37,"Ec",32,1,1,1,1,1,1
"23738","1250","Ec_N",396,38,38,"Ec",32,1,1,1,1,1,1
"23739","1250","Ec_N",396,39,39,"Ec",32,1,1,1,1,1,1
"23740","1250","Ec_N",396,40,40,"Ec",32,1,1,1,1,1,1
"23741","1250","Ec_N",396,41,41,"Ec",32,1,1,1,1,1,1
"23742","1250","Ec_N",396,42,42,"Ec",32,1,1,1,1,1,1
"23743","1250","Ec_N",396,43,43,"Ec",32,1,1,1,1,1,1
"23744","1250","Ec_N",396,44,44,"Ec",32,1,1,1,1,1,1
"23745","1250","Ec_N",396,45,45,"Ec",32,1,1,1,1,1,1
"23746","1250","Ec_N",396,46,46,"Ec",32,1,1,1,1,1,1
"23747","1250","Ec_N",396,47,47,"Ec",32,1,1,1,1,1,1
"23748","1250","Ec_N",396,48,48,"Ec",32,1,1,1,1,1,1
"23749","1250","Ec_N",396,49,49,"Ec",32,1,1,1,1,1,1
"23750","1250","Ec_N",396,50,50,"Ec",32,1,1,1,1,1,1
"23751","1250","Ec_N",396,51,51,"Ec",32,1,1,1,1,1,1
"23752","1250","Ec_N",396,52,52,"Ec",32,1,1,1,1,1,1
"23753","1250","Ec_N",396,53,53,"Ec",32,1,1,1,1,1,1
"23754","1250","Ec_N",396,54,54,"Ec",32,1,1,1,1,1,1
"23755","1250","Ec_N",396,55,55,"Ec",32,1,1,1,1,1,1
"23756","1250","Ec_N",396,56,56,"Ec",32,1,1,1,1,1,1
"23757","1250","Ec_N",396,57,57,"Ec",32,1,1,1,1,1,1
"23758","1250","Ec_N",396,58,58,"Ec",32,1,1,1,1,1,1
"23759","1250","Ec_N",396,59,59,"Ec",32,1,1,1,1,1,1
"23760","1250","Ec_N",396,60,60,"Ec",32,1,1,1,1,1,1
"23761","1250","Ec_N",397,1,1,"Ec",1,0,0,0,0,0,0
"23762","1250","Ec_N",397,2,2,"Ec",17,0,0,0,0,1,0.14692246949649
"23763","1250","Ec_N",397,3,3,"Ec",18,1,0,0,0,1,0.417540278780587
"23764","1250","Ec_N",397,4,4,"Ec",18,1,0,0,0,1,0.417540278780587
"23765","1250","Ec_N",397,5,5,"Ec",20,1,1,0,0,1,0.500190858195701
"23766","1250","Ec_N",397,6,6,"Ec",20,1,1,0,0,1,0.500190858195701
"23767","1250","Ec_N",397,7,7,"Ec",20,1,1,0,0,1,0.500190858195701
"23768","1250","Ec_N",397,8,8,"Ec",20,1,1,0,0,1,0.500190858195701
"23769","1250","Ec_N",397,9,9,"Ec",20,1,1,0,0,1,0.500190858195701
"23770","1250","Ec_N",397,10,10,"Ec",20,1,1,0,0,1,0.500190858195701
"23771","1250","Ec_N",397,11,11,"Ec",28,1,1,0,1,1,0.770762719311211
"23772","1250","Ec_N",397,12,12,"Ec",28,1,1,0,1,1,0.770762719311211
"23773","1250","Ec_N",397,13,13,"Ec",28,1,1,0,1,1,0.770762719311211
"23774","1250","Ec_N",397,14,14,"Ec",28,1,1,0,1,1,0.770762719311211
"23775","1250","Ec_N",397,15,15,"Ec",28,1,1,0,1,1,0.770762719311211
"23776","1250","Ec_N",397,16,16,"Ec",28,1,1,0,1,1,0.770762719311211
"23777","1250","Ec_N",397,17,17,"Ec",28,1,1,0,1,1,0.770762719311211
"23778","1250","Ec_N",397,18,18,"Ec",28,1,1,0,1,1,0.770762719311211
"23779","1250","Ec_N",397,19,19,"Ec",28,1,1,0,1,1,0.770762719311211
"23780","1250","Ec_N",397,20,20,"Ec",28,1,1,0,1,1,0.770762719311211
"23781","1250","Ec_N",397,21,21,"Ec",28,1,1,0,1,1,0.770762719311211
"23782","1250","Ec_N",397,22,22,"Ec",28,1,1,0,1,1,0.770762719311211
"23783","1250","Ec_N",397,23,23,"Ec",28,1,1,0,1,1,0.770762719311211
"23784","1250","Ec_N",397,24,24,"Ec",28,1,1,0,1,1,0.770762719311211
"23785","1250","Ec_N",397,25,25,"Ec",28,1,1,0,1,1,0.770762719311211
"23786","1250","Ec_N",397,26,26,"Ec",28,1,1,0,1,1,0.770762719311211
"23787","1250","Ec_N",397,27,27,"Ec",28,1,1,0,1,1,0.770762719311211
"23788","1250","Ec_N",397,28,28,"Ec",28,1,1,0,1,1,0.770762719311211
"23789","1250","Ec_N",397,29,29,"Ec",28,1,1,0,1,1,0.770762719311211
"23790","1250","Ec_N",397,30,30,"Ec",32,1,1,1,1,1,1
"23791","1250","Ec_N",397,31,31,"Ec",32,1,1,1,1,1,1
"23792","1250","Ec_N",397,32,32,"Ec",32,1,1,1,1,1,1
"23793","1250","Ec_N",397,33,33,"Ec",32,1,1,1,1,1,1
"23794","1250","Ec_N",397,34,34,"Ec",32,1,1,1,1,1,1
"23795","1250","Ec_N",397,35,35,"Ec",32,1,1,1,1,1,1
"23796","1250","Ec_N",397,36,36,"Ec",32,1,1,1,1,1,1
"23797","1250","Ec_N",397,37,37,"Ec",32,1,1,1,1,1,1
"23798","1250","Ec_N",397,38,38,"Ec",32,1,1,1,1,1,1
"23799","1250","Ec_N",397,39,39,"Ec",32,1,1,1,1,1,1
"23800","1250","Ec_N",397,40,40,"Ec",32,1,1,1,1,1,1
"23801","1250","Ec_N",397,41,41,"Ec",32,1,1,1,1,1,1
"23802","1250","Ec_N",397,42,42,"Ec",32,1,1,1,1,1,1
"23803","1250","Ec_N",397,43,43,"Ec",32,1,1,1,1,1,1
"23804","1250","Ec_N",397,44,44,"Ec",32,1,1,1,1,1,1
"23805","1250","Ec_N",397,45,45,"Ec",32,1,1,1,1,1,1
"23806","1250","Ec_N",397,46,46,"Ec",32,1,1,1,1,1,1
"23807","1250","Ec_N",397,47,47,"Ec",32,1,1,1,1,1,1
"23808","1250","Ec_N",397,48,48,"Ec",32,1,1,1,1,1,1
"23809","1250","Ec_N",397,49,49,"Ec",32,1,1,1,1,1,1
"23810","1250","Ec_N",397,50,50,"Ec",32,1,1,1,1,1,1
"23811","1250","Ec_N",397,51,51,"Ec",32,1,1,1,1,1,1
"23812","1250","Ec_N",397,52,52,"Ec",32,1,1,1,1,1,1
"23813","1250","Ec_N",397,53,53,"Ec",32,1,1,1,1,1,1
"23814","1250","Ec_N",397,54,54,"Ec",32,1,1,1,1,1,1
"23815","1250","Ec_N",397,55,55,"Ec",32,1,1,1,1,1,1
"23816","1250","Ec_N",397,56,56,"Ec",32,1,1,1,1,1,1
"23817","1250","Ec_N",397,57,57,"Ec",32,1,1,1,1,1,1
"23818","1250","Ec_N",397,58,58,"Ec",32,1,1,1,1,1,1
"23819","1250","Ec_N",397,59,59,"Ec",32,1,1,1,1,1,1
"23820","1250","Ec_N",397,60,60,"Ec",32,1,1,1,1,1,1
"23821","1250","Ec_N",398,1,1,"Ec",1,0,0,0,0,0,0
"23822","1250","Ec_N",398,2,2,"Ec",2,1,0,0,0,0,0.221012654459768
"23823","1250","Ec_N",398,3,3,"Ec",2,1,0,0,0,0,0.221012654459768
"23824","1250","Ec_N",398,4,4,"Ec",2,1,0,0,0,0,0.221012654459768
"23825","1250","Ec_N",398,5,5,"Ec",2,1,0,0,0,0,0.221012654459768
"23826","1250","Ec_N",398,6,6,"Ec",2,1,0,0,0,0,0.221012654459768
"23827","1250","Ec_N",398,7,7,"Ec",2,1,0,0,0,0,0.221012654459768
"23828","1250","Ec_N",398,8,8,"Ec",2,1,0,0,0,0,0.221012654459768
"23829","1250","Ec_N",398,9,9,"Ec",2,1,0,0,0,0,0.221012654459768
"23830","1250","Ec_N",398,10,10,"Ec",2,1,0,0,0,0,0.221012654459768
"23831","1250","Ec_N",398,11,11,"Ec",10,1,0,0,1,0,0.488758304501343
"23832","1250","Ec_N",398,12,12,"Ec",10,1,0,0,1,0,0.488758304501343
"23833","1250","Ec_N",398,13,13,"Ec",10,1,0,0,1,0,0.488758304501343
"23834","1250","Ec_N",398,14,14,"Ec",10,1,0,0,1,0,0.488758304501343
"23835","1250","Ec_N",398,15,15,"Ec",14,1,0,1,1,0,0.720821796264067
"23836","1250","Ec_N",398,16,16,"Ec",14,1,0,1,1,0,0.720821796264067
"23837","1250","Ec_N",398,17,17,"Ec",16,1,1,1,1,0,0.879284144928883
"23838","1250","Ec_N",398,18,18,"Ec",16,1,1,1,1,0,0.879284144928883
"23839","1250","Ec_N",398,19,19,"Ec",16,1,1,1,1,0,0.879284144928883
"23840","1250","Ec_N",398,20,20,"Ec",16,1,1,1,1,0,0.879284144928883
"23841","1250","Ec_N",398,21,21,"Ec",16,1,1,1,1,0,0.879284144928883
"23842","1250","Ec_N",398,22,22,"Ec",16,1,1,1,1,0,0.879284144928883
"23843","1250","Ec_N",398,23,23,"Ec",16,1,1,1,1,0,0.879284144928883
"23844","1250","Ec_N",398,24,24,"Ec",16,1,1,1,1,0,0.879284144928883
"23845","1250","Ec_N",398,25,25,"Ec",16,1,1,1,1,0,0.879284144928883
"23846","1250","Ec_N",398,26,26,"Ec",16,1,1,1,1,0,0.879284144928883
"23847","1250","Ec_N",398,27,27,"Ec",16,1,1,1,1,0,0.879284144928883
"23848","1250","Ec_N",398,28,28,"Ec",16,1,1,1,1,0,0.879284144928883
"23849","1250","Ec_N",398,29,29,"Ec",16,1,1,1,1,0,0.879284144928883
"23850","1250","Ec_N",398,30,30,"Ec",16,1,1,1,1,0,0.879284144928883
"23851","1250","Ec_N",398,31,31,"Ec",16,1,1,1,1,0,0.879284144928883
"23852","1250","Ec_N",398,32,32,"Ec",16,1,1,1,1,0,0.879284144928883
"23853","1250","Ec_N",398,33,33,"Ec",16,1,1,1,1,0,0.879284144928883
"23854","1250","Ec_N",398,34,34,"Ec",16,1,1,1,1,0,0.879284144928883
"23855","1250","Ec_N",398,35,35,"Ec",16,1,1,1,1,0,0.879284144928883
"23856","1250","Ec_N",398,36,36,"Ec",16,1,1,1,1,0,0.879284144928883
"23857","1250","Ec_N",398,37,37,"Ec",16,1,1,1,1,0,0.879284144928883
"23858","1250","Ec_N",398,38,38,"Ec",16,1,1,1,1,0,0.879284144928883
"23859","1250","Ec_N",398,39,39,"Ec",16,1,1,1,1,0,0.879284144928883
"23860","1250","Ec_N",398,40,40,"Ec",16,1,1,1,1,0,0.879284144928883
"23861","1250","Ec_N",398,41,41,"Ec",16,1,1,1,1,0,0.879284144928883
"23862","1250","Ec_N",398,42,42,"Ec",16,1,1,1,1,0,0.879284144928883
"23863","1250","Ec_N",398,43,43,"Ec",16,1,1,1,1,0,0.879284144928883
"23864","1250","Ec_N",398,44,44,"Ec",16,1,1,1,1,0,0.879284144928883
"23865","1250","Ec_N",398,45,45,"Ec",16,1,1,1,1,0,0.879284144928883
"23866","1250","Ec_N",398,46,46,"Ec",16,1,1,1,1,0,0.879284144928883
"23867","1250","Ec_N",398,47,47,"Ec",16,1,1,1,1,0,0.879284144928883
"23868","1250","Ec_N",398,48,48,"Ec",16,1,1,1,1,0,0.879284144928883
"23869","1250","Ec_N",398,49,49,"Ec",32,1,1,1,1,1,1
"23870","1250","Ec_N",398,50,50,"Ec",32,1,1,1,1,1,1
"23871","1250","Ec_N",398,51,51,"Ec",32,1,1,1,1,1,1
"23872","1250","Ec_N",398,52,52,"Ec",32,1,1,1,1,1,1
"23873","1250","Ec_N",398,53,53,"Ec",32,1,1,1,1,1,1
"23874","1250","Ec_N",398,54,54,"Ec",32,1,1,1,1,1,1
"23875","1250","Ec_N",398,55,55,"Ec",32,1,1,1,1,1,1
"23876","1250","Ec_N",398,56,56,"Ec",32,1,1,1,1,1,1
"23877","1250","Ec_N",398,57,57,"Ec",32,1,1,1,1,1,1
"23878","1250","Ec_N",398,58,58,"Ec",32,1,1,1,1,1,1
"23879","1250","Ec_N",398,59,59,"Ec",32,1,1,1,1,1,1
"23880","1250","Ec_N",398,60,60,"Ec",32,1,1,1,1,1,1
"23881","1250","Ec_N",399,1,1,"Ec",1,0,0,0,0,0,0
"23882","1250","Ec_N",399,2,2,"Ec",1,0,0,0,0,0,0
"23883","1250","Ec_N",399,3,3,"Ec",1,0,0,0,0,0,0
"23884","1250","Ec_N",399,4,4,"Ec",1,0,0,0,0,0,0
"23885","1250","Ec_N",399,5,5,"Ec",9,0,0,0,1,0,0.267745650041575
"23886","1250","Ec_N",399,6,6,"Ec",9,0,0,0,1,0,0.267745650041575
"23887","1250","Ec_N",399,7,7,"Ec",9,0,0,0,1,0,0.267745650041575
"23888","1250","Ec_N",399,8,8,"Ec",9,0,0,0,1,0,0.267745650041575
"23889","1250","Ec_N",399,9,9,"Ec",9,0,0,0,1,0,0.267745650041575
"23890","1250","Ec_N",399,10,10,"Ec",9,0,0,0,1,0,0.267745650041575
"23891","1250","Ec_N",399,11,11,"Ec",25,0,0,0,1,1,0.464273274362394
"23892","1250","Ec_N",399,12,12,"Ec",27,0,1,0,1,1,0.50104458373578
"23893","1250","Ec_N",399,13,13,"Ec",27,0,1,0,1,1,0.50104458373578
"23894","1250","Ec_N",399,14,14,"Ec",27,0,1,0,1,1,0.50104458373578
"23895","1250","Ec_N",399,15,15,"Ec",27,0,1,0,1,1,0.50104458373578
"23896","1250","Ec_N",399,16,16,"Ec",31,0,1,1,1,1,0.778987345540232
"23897","1250","Ec_N",399,17,17,"Ec",31,0,1,1,1,1,0.778987345540232
"23898","1250","Ec_N",399,18,18,"Ec",31,0,1,1,1,1,0.778987345540232
"23899","1250","Ec_N",399,19,19,"Ec",31,0,1,1,1,1,0.778987345540232
"23900","1250","Ec_N",399,20,20,"Ec",31,0,1,1,1,1,0.778987345540232
"23901","1250","Ec_N",399,21,21,"Ec",31,0,1,1,1,1,0.778987345540232
"23902","1250","Ec_N",399,22,22,"Ec",31,0,1,1,1,1,0.778987345540232
"23903","1250","Ec_N",399,23,23,"Ec",31,0,1,1,1,1,0.778987345540232
"23904","1250","Ec_N",399,24,24,"Ec",31,0,1,1,1,1,0.778987345540232
"23905","1250","Ec_N",399,25,25,"Ec",31,0,1,1,1,1,0.778987345540232
"23906","1250","Ec_N",399,26,26,"Ec",31,0,1,1,1,1,0.778987345540232
"23907","1250","Ec_N",399,27,27,"Ec",31,0,1,1,1,1,0.778987345540232
"23908","1250","Ec_N",399,28,28,"Ec",31,0,1,1,1,1,0.778987345540232
"23909","1250","Ec_N",399,29,29,"Ec",31,0,1,1,1,1,0.778987345540232
"23910","1250","Ec_N",399,30,30,"Ec",31,0,1,1,1,1,0.778987345540232
"23911","1250","Ec_N",399,31,31,"Ec",31,0,1,1,1,1,0.778987345540232
"23912","1250","Ec_N",399,32,32,"Ec",31,0,1,1,1,1,0.778987345540232
"23913","1250","Ec_N",399,33,33,"Ec",31,0,1,1,1,1,0.778987345540232
"23914","1250","Ec_N",399,34,34,"Ec",31,0,1,1,1,1,0.778987345540232
"23915","1250","Ec_N",399,35,35,"Ec",31,0,1,1,1,1,0.778987345540232
"23916","1250","Ec_N",399,36,36,"Ec",31,0,1,1,1,1,0.778987345540232
"23917","1250","Ec_N",399,37,37,"Ec",31,0,1,1,1,1,0.778987345540232
"23918","1250","Ec_N",399,38,38,"Ec",31,0,1,1,1,1,0.778987345540232
"23919","1250","Ec_N",399,39,39,"Ec",31,0,1,1,1,1,0.778987345540232
"23920","1250","Ec_N",399,40,40,"Ec",31,0,1,1,1,1,0.778987345540232
"23921","1250","Ec_N",399,41,41,"Ec",31,0,1,1,1,1,0.778987345540232
"23922","1250","Ec_N",399,42,42,"Ec",31,0,1,1,1,1,0.778987345540232
"23923","1250","Ec_N",399,43,43,"Ec",31,0,1,1,1,1,0.778987345540232
"23924","1250","Ec_N",399,44,44,"Ec",31,0,1,1,1,1,0.778987345540232
"23925","1250","Ec_N",399,45,45,"Ec",31,0,1,1,1,1,0.778987345540232
"23926","1250","Ec_N",399,46,46,"Ec",31,0,1,1,1,1,0.778987345540232
"23927","1250","Ec_N",399,47,47,"Ec",31,0,1,1,1,1,0.778987345540232
"23928","1250","Ec_N",399,48,48,"Ec",32,1,1,1,1,1,1
"23929","1250","Ec_N",399,49,49,"Ec",32,1,1,1,1,1,1
"23930","1250","Ec_N",399,50,50,"Ec",32,1,1,1,1,1,1
"23931","1250","Ec_N",399,51,51,"Ec",32,1,1,1,1,1,1
"23932","1250","Ec_N",399,52,52,"Ec",32,1,1,1,1,1,1
"23933","1250","Ec_N",399,53,53,"Ec",32,1,1,1,1,1,1
"23934","1250","Ec_N",399,54,54,"Ec",32,1,1,1,1,1,1
"23935","1250","Ec_N",399,55,55,"Ec",32,1,1,1,1,1,1
"23936","1250","Ec_N",399,56,56,"Ec",32,1,1,1,1,1,1
"23937","1250","Ec_N",399,57,57,"Ec",32,1,1,1,1,1,1
"23938","1250","Ec_N",399,58,58,"Ec",32,1,1,1,1,1,1
"23939","1250","Ec_N",399,59,59,"Ec",32,1,1,1,1,1,1
"23940","1250","Ec_N",399,60,60,"Ec",32,1,1,1,1,1,1
"23941","1250","Ec_N",400,1,1,"Ec",1,0,0,0,0,0,0
"23942","1250","Ec_N",400,2,2,"Ec",1,0,0,0,0,0,0
"23943","1250","Ec_N",400,3,3,"Ec",1,0,0,0,0,0,0
"23944","1250","Ec_N",400,4,4,"Ec",9,0,0,0,1,0,0.267745650041575
"23945","1250","Ec_N",400,5,5,"Ec",9,0,0,0,1,0,0.267745650041575
"23946","1250","Ec_N",400,6,6,"Ec",9,0,0,0,1,0,0.267745650041575
"23947","1250","Ec_N",400,7,7,"Ec",9,0,0,0,1,0,0.267745650041575
"23948","1250","Ec_N",400,8,8,"Ec",9,0,0,0,1,0,0.267745650041575
"23949","1250","Ec_N",400,9,9,"Ec",10,1,0,0,1,0,0.488758304501343
"23950","1250","Ec_N",400,10,10,"Ec",10,1,0,0,1,0,0.488758304501343
"23951","1250","Ec_N",400,11,11,"Ec",10,1,0,0,1,0,0.488758304501343
"23952","1250","Ec_N",400,12,12,"Ec",10,1,0,0,1,0,0.488758304501343
"23953","1250","Ec_N",400,13,13,"Ec",10,1,0,0,1,0,0.488758304501343
"23954","1250","Ec_N",400,14,14,"Ec",10,1,0,0,1,0,0.488758304501343
"23955","1250","Ec_N",400,15,15,"Ec",10,1,0,0,1,0,0.488758304501343
"23956","1250","Ec_N",400,16,16,"Ec",10,1,0,0,1,0,0.488758304501343
"23957","1250","Ec_N",400,17,17,"Ec",10,1,0,0,1,0,0.488758304501343
"23958","1250","Ec_N",400,18,18,"Ec",10,1,0,0,1,0,0.488758304501343
"23959","1250","Ec_N",400,19,19,"Ec",10,1,0,0,1,0,0.488758304501343
"23960","1250","Ec_N",400,20,20,"Ec",10,1,0,0,1,0,0.488758304501343
"23961","1250","Ec_N",400,21,21,"Ec",10,1,0,0,1,0,0.488758304501343
"23962","1250","Ec_N",400,22,22,"Ec",10,1,0,0,1,0,0.488758304501343
"23963","1250","Ec_N",400,23,23,"Ec",10,1,0,0,1,0,0.488758304501343
"23964","1250","Ec_N",400,24,24,"Ec",10,1,0,0,1,0,0.488758304501343
"23965","1250","Ec_N",400,25,25,"Ec",10,1,0,0,1,0,0.488758304501343
"23966","1250","Ec_N",400,26,26,"Ec",10,1,0,0,1,0,0.488758304501343
"23967","1250","Ec_N",400,27,27,"Ec",10,1,0,0,1,0,0.488758304501343
"23968","1250","Ec_N",400,28,28,"Ec",14,1,0,1,1,0,0.720821796264067
"23969","1250","Ec_N",400,29,29,"Ec",14,1,0,1,1,0,0.720821796264067
"23970","1250","Ec_N",400,30,30,"Ec",14,1,0,1,1,0,0.720821796264067
"23971","1250","Ec_N",400,31,31,"Ec",14,1,0,1,1,0,0.720821796264067
"23972","1250","Ec_N",400,32,32,"Ec",16,1,1,1,1,0,0.879284144928883
"23973","1250","Ec_N",400,33,33,"Ec",16,1,1,1,1,0,0.879284144928883
"23974","1250","Ec_N",400,34,34,"Ec",16,1,1,1,1,0,0.879284144928883
"23975","1250","Ec_N",400,35,35,"Ec",16,1,1,1,1,0,0.879284144928883
"23976","1250","Ec_N",400,36,36,"Ec",16,1,1,1,1,0,0.879284144928883
"23977","1250","Ec_N",400,37,37,"Ec",16,1,1,1,1,0,0.879284144928883
"23978","1250","Ec_N",400,38,38,"Ec",16,1,1,1,1,0,0.879284144928883
"23979","1250","Ec_N",400,39,39,"Ec",16,1,1,1,1,0,0.879284144928883
"23980","1250","Ec_N",400,40,40,"Ec",16,1,1,1,1,0,0.879284144928883
"23981","1250","Ec_N",400,41,41,"Ec",16,1,1,1,1,0,0.879284144928883
"23982","1250","Ec_N",400,42,42,"Ec",16,1,1,1,1,0,0.879284144928883
"23983","1250","Ec_N",400,43,43,"Ec",16,1,1,1,1,0,0.879284144928883
"23984","1250","Ec_N",400,44,44,"Ec",16,1,1,1,1,0,0.879284144928883
"23985","1250","Ec_N",400,45,45,"Ec",16,1,1,1,1,0,0.879284144928883
"23986","1250","Ec_N",400,46,46,"Ec",16,1,1,1,1,0,0.879284144928883
"23987","1250","Ec_N",400,47,47,"Ec",16,1,1,1,1,0,0.879284144928883
"23988","1250","Ec_N",400,48,48,"Ec",16,1,1,1,1,0,0.879284144928883
"23989","1250","Ec_N",400,49,49,"Ec",16,1,1,1,1,0,0.879284144928883
"23990","1250","Ec_N",400,50,50,"Ec",16,1,1,1,1,0,0.879284144928883
"23991","1250","Ec_N",400,51,51,"Ec",16,1,1,1,1,0,0.879284144928883
"23992","1250","Ec_N",400,52,52,"Ec",16,1,1,1,1,0,0.879284144928883
"23993","1250","Ec_N",400,53,53,"Ec",16,1,1,1,1,0,0.879284144928883
"23994","1250","Ec_N",400,54,54,"Ec",16,1,1,1,1,0,0.879284144928883
"23995","1250","Ec_N",400,55,55,"Ec",16,1,1,1,1,0,0.879284144928883
"23996","1250","Ec_N",400,56,56,"Ec",16,1,1,1,1,0,0.879284144928883
"23997","1250","Ec_N",400,57,57,"Ec",32,1,1,1,1,1,1
"23998","1250","Ec_N",400,58,58,"Ec",32,1,1,1,1,1,1
"23999","1250","Ec_N",400,59,59,"Ec",32,1,1,1,1,1,1
"24000","1250","Ec_N",400,60,60,"Ec",32,1,1,1,1,1,1
"24001","1250","Ec_N",401,1,1,"Ec",1,0,0,0,0,0,0
"24002","1250","Ec_N",401,2,2,"Ec",1,0,0,0,0,0,0
"24003","1250","Ec_N",401,3,3,"Ec",17,0,0,0,0,1,0.14692246949649
"24004","1250","Ec_N",401,4,4,"Ec",17,0,0,0,0,1,0.14692246949649
"24005","1250","Ec_N",401,5,5,"Ec",17,0,0,0,0,1,0.14692246949649
"24006","1250","Ec_N",401,6,6,"Ec",25,0,0,0,1,1,0.464273274362394
"24007","1250","Ec_N",401,7,7,"Ec",25,0,0,0,1,1,0.464273274362394
"24008","1250","Ec_N",401,8,8,"Ec",25,0,0,0,1,1,0.464273274362394
"24009","1250","Ec_N",401,9,9,"Ec",25,0,0,0,1,1,0.464273274362394
"24010","1250","Ec_N",401,10,10,"Ec",25,0,0,0,1,1,0.464273274362394
"24011","1250","Ec_N",401,11,11,"Ec",29,0,0,1,1,1,0.696336766125118
"24012","1250","Ec_N",401,12,12,"Ec",31,0,1,1,1,1,0.778987345540232
"24013","1250","Ec_N",401,13,13,"Ec",31,0,1,1,1,1,0.778987345540232
"24014","1250","Ec_N",401,14,14,"Ec",31,0,1,1,1,1,0.778987345540232
"24015","1250","Ec_N",401,15,15,"Ec",32,1,1,1,1,1,1
"24016","1250","Ec_N",401,16,16,"Ec",32,1,1,1,1,1,1
"24017","1250","Ec_N",401,17,17,"Ec",32,1,1,1,1,1,1
"24018","1250","Ec_N",401,18,18,"Ec",32,1,1,1,1,1,1
"24019","1250","Ec_N",401,19,19,"Ec",32,1,1,1,1,1,1
"24020","1250","Ec_N",401,20,20,"Ec",32,1,1,1,1,1,1
"24021","1250","Ec_N",401,21,21,"Ec",32,1,1,1,1,1,1
"24022","1250","Ec_N",401,22,22,"Ec",32,1,1,1,1,1,1
"24023","1250","Ec_N",401,23,23,"Ec",32,1,1,1,1,1,1
"24024","1250","Ec_N",401,24,24,"Ec",32,1,1,1,1,1,1
"24025","1250","Ec_N",401,25,25,"Ec",32,1,1,1,1,1,1
"24026","1250","Ec_N",401,26,26,"Ec",32,1,1,1,1,1,1
"24027","1250","Ec_N",401,27,27,"Ec",32,1,1,1,1,1,1
"24028","1250","Ec_N",401,28,28,"Ec",32,1,1,1,1,1,1
"24029","1250","Ec_N",401,29,29,"Ec",32,1,1,1,1,1,1
"24030","1250","Ec_N",401,30,30,"Ec",32,1,1,1,1,1,1
"24031","1250","Ec_N",401,31,31,"Ec",32,1,1,1,1,1,1
"24032","1250","Ec_N",401,32,32,"Ec",32,1,1,1,1,1,1
"24033","1250","Ec_N",401,33,33,"Ec",32,1,1,1,1,1,1
"24034","1250","Ec_N",401,34,34,"Ec",32,1,1,1,1,1,1
"24035","1250","Ec_N",401,35,35,"Ec",32,1,1,1,1,1,1
"24036","1250","Ec_N",401,36,36,"Ec",32,1,1,1,1,1,1
"24037","1250","Ec_N",401,37,37,"Ec",32,1,1,1,1,1,1
"24038","1250","Ec_N",401,38,38,"Ec",32,1,1,1,1,1,1
"24039","1250","Ec_N",401,39,39,"Ec",32,1,1,1,1,1,1
"24040","1250","Ec_N",401,40,40,"Ec",32,1,1,1,1,1,1
"24041","1250","Ec_N",401,41,41,"Ec",32,1,1,1,1,1,1
"24042","1250","Ec_N",401,42,42,"Ec",32,1,1,1,1,1,1
"24043","1250","Ec_N",401,43,43,"Ec",32,1,1,1,1,1,1
"24044","1250","Ec_N",401,44,44,"Ec",32,1,1,1,1,1,1
"24045","1250","Ec_N",401,45,45,"Ec",32,1,1,1,1,1,1
"24046","1250","Ec_N",401,46,46,"Ec",32,1,1,1,1,1,1
"24047","1250","Ec_N",401,47,47,"Ec",32,1,1,1,1,1,1
"24048","1250","Ec_N",401,48,48,"Ec",32,1,1,1,1,1,1
"24049","1250","Ec_N",401,49,49,"Ec",32,1,1,1,1,1,1
"24050","1250","Ec_N",401,50,50,"Ec",32,1,1,1,1,1,1
"24051","1250","Ec_N",401,51,51,"Ec",32,1,1,1,1,1,1
"24052","1250","Ec_N",401,52,52,"Ec",32,1,1,1,1,1,1
"24053","1250","Ec_N",401,53,53,"Ec",32,1,1,1,1,1,1
"24054","1250","Ec_N",401,54,54,"Ec",32,1,1,1,1,1,1
"24055","1250","Ec_N",401,55,55,"Ec",32,1,1,1,1,1,1
"24056","1250","Ec_N",401,56,56,"Ec",32,1,1,1,1,1,1
"24057","1250","Ec_N",401,57,57,"Ec",32,1,1,1,1,1,1
"24058","1250","Ec_N",401,58,58,"Ec",32,1,1,1,1,1,1
"24059","1250","Ec_N",401,59,59,"Ec",32,1,1,1,1,1,1
"24060","1250","Ec_N",401,60,60,"Ec",32,1,1,1,1,1,1
"24061","1250","Ec_N",402,1,1,"Ec",1,0,0,0,0,0,0
"24062","1250","Ec_N",402,2,2,"Ec",1,0,0,0,0,0,0
"24063","1250","Ec_N",402,3,3,"Ec",1,0,0,0,0,0,0
"24064","1250","Ec_N",402,4,4,"Ec",1,0,0,0,0,0,0
"24065","1250","Ec_N",402,5,5,"Ec",1,0,0,0,0,0,0
"24066","1250","Ec_N",402,6,6,"Ec",9,0,0,0,1,0,0.267745650041575
"24067","1250","Ec_N",402,7,7,"Ec",9,0,0,0,1,0,0.267745650041575
"24068","1250","Ec_N",402,8,8,"Ec",9,0,0,0,1,0,0.267745650041575
"24069","1250","Ec_N",402,9,9,"Ec",9,0,0,0,1,0,0.267745650041575
"24070","1250","Ec_N",402,10,10,"Ec",9,0,0,0,1,0,0.267745650041575
"24071","1250","Ec_N",402,11,11,"Ec",9,0,0,0,1,0,0.267745650041575
"24072","1250","Ec_N",402,12,12,"Ec",9,0,0,0,1,0,0.267745650041575
"24073","1250","Ec_N",402,13,13,"Ec",9,0,0,0,1,0,0.267745650041575
"24074","1250","Ec_N",402,14,14,"Ec",9,0,0,0,1,0,0.267745650041575
"24075","1250","Ec_N",402,15,15,"Ec",10,1,0,0,1,0,0.488758304501343
"24076","1250","Ec_N",402,16,16,"Ec",10,1,0,0,1,0,0.488758304501343
"24077","1250","Ec_N",402,17,17,"Ec",10,1,0,0,1,0,0.488758304501343
"24078","1250","Ec_N",402,18,18,"Ec",10,1,0,0,1,0,0.488758304501343
"24079","1250","Ec_N",402,19,19,"Ec",10,1,0,0,1,0,0.488758304501343
"24080","1250","Ec_N",402,20,20,"Ec",10,1,0,0,1,0,0.488758304501343
"24081","1250","Ec_N",402,21,21,"Ec",10,1,0,0,1,0,0.488758304501343
"24082","1250","Ec_N",402,22,22,"Ec",10,1,0,0,1,0,0.488758304501343
"24083","1250","Ec_N",402,23,23,"Ec",10,1,0,0,1,0,0.488758304501343
"24084","1250","Ec_N",402,24,24,"Ec",10,1,0,0,1,0,0.488758304501343
"24085","1250","Ec_N",402,25,25,"Ec",10,1,0,0,1,0,0.488758304501343
"24086","1250","Ec_N",402,26,26,"Ec",10,1,0,0,1,0,0.488758304501343
"24087","1250","Ec_N",402,27,27,"Ec",10,1,0,0,1,0,0.488758304501343
"24088","1250","Ec_N",402,28,28,"Ec",10,1,0,0,1,0,0.488758304501343
"24089","1250","Ec_N",402,29,29,"Ec",10,1,0,0,1,0,0.488758304501343
"24090","1250","Ec_N",402,30,30,"Ec",10,1,0,0,1,0,0.488758304501343
"24091","1250","Ec_N",402,31,31,"Ec",10,1,0,0,1,0,0.488758304501343
"24092","1250","Ec_N",402,32,32,"Ec",12,1,1,0,1,0,0.552627762799163
"24093","1250","Ec_N",402,33,33,"Ec",12,1,1,0,1,0,0.552627762799163
"24094","1250","Ec_N",402,34,34,"Ec",12,1,1,0,1,0,0.552627762799163
"24095","1250","Ec_N",402,35,35,"Ec",12,1,1,0,1,0,0.552627762799163
"24096","1250","Ec_N",402,36,36,"Ec",12,1,1,0,1,0,0.552627762799163
"24097","1250","Ec_N",402,37,37,"Ec",12,1,1,0,1,0,0.552627762799163
"24098","1250","Ec_N",402,38,38,"Ec",12,1,1,0,1,0,0.552627762799163
"24099","1250","Ec_N",402,39,39,"Ec",28,1,1,0,1,1,0.770762719311211
"24100","1250","Ec_N",402,40,40,"Ec",28,1,1,0,1,1,0.770762719311211
"24101","1250","Ec_N",402,41,41,"Ec",28,1,1,0,1,1,0.770762719311211
"24102","1250","Ec_N",402,42,42,"Ec",28,1,1,0,1,1,0.770762719311211
"24103","1250","Ec_N",402,43,43,"Ec",32,1,1,1,1,1,1
"24104","1250","Ec_N",402,44,44,"Ec",32,1,1,1,1,1,1
"24105","1250","Ec_N",402,45,45,"Ec",32,1,1,1,1,1,1
"24106","1250","Ec_N",402,46,46,"Ec",32,1,1,1,1,1,1
"24107","1250","Ec_N",402,47,47,"Ec",32,1,1,1,1,1,1
"24108","1250","Ec_N",402,48,48,"Ec",32,1,1,1,1,1,1
"24109","1250","Ec_N",402,49,49,"Ec",32,1,1,1,1,1,1
"24110","1250","Ec_N",402,50,50,"Ec",32,1,1,1,1,1,1
"24111","1250","Ec_N",402,51,51,"Ec",32,1,1,1,1,1,1
"24112","1250","Ec_N",402,52,52,"Ec",32,1,1,1,1,1,1
"24113","1250","Ec_N",402,53,53,"Ec",32,1,1,1,1,1,1
"24114","1250","Ec_N",402,54,54,"Ec",32,1,1,1,1,1,1
"24115","1250","Ec_N",402,55,55,"Ec",32,1,1,1,1,1,1
"24116","1250","Ec_N",402,56,56,"Ec",32,1,1,1,1,1,1
"24117","1250","Ec_N",402,57,57,"Ec",32,1,1,1,1,1,1
"24118","1250","Ec_N",402,58,58,"Ec",32,1,1,1,1,1,1
"24119","1250","Ec_N",402,59,59,"Ec",32,1,1,1,1,1,1
"24120","1250","Ec_N",402,60,60,"Ec",32,1,1,1,1,1,1
"24121","1250","Ec_N",403,1,1,"Ec",1,0,0,0,0,0,0
"24122","1250","Ec_N",403,2,2,"Ec",1,0,0,0,0,0,0
"24123","1250","Ec_N",403,3,3,"Ec",1,0,0,0,0,0,0
"24124","1250","Ec_N",403,4,4,"Ec",1,0,0,0,0,0,0
"24125","1250","Ec_N",403,5,5,"Ec",1,0,0,0,0,0,0
"24126","1250","Ec_N",403,6,6,"Ec",1,0,0,0,0,0,0
"24127","1250","Ec_N",403,7,7,"Ec",17,0,0,0,0,1,0.14692246949649
"24128","1250","Ec_N",403,8,8,"Ec",17,0,0,0,0,1,0.14692246949649
"24129","1250","Ec_N",403,9,9,"Ec",17,0,0,0,0,1,0.14692246949649
"24130","1250","Ec_N",403,10,10,"Ec",17,0,0,0,0,1,0.14692246949649
"24131","1250","Ec_N",403,11,11,"Ec",17,0,0,0,0,1,0.14692246949649
"24132","1250","Ec_N",403,12,12,"Ec",17,0,0,0,0,1,0.14692246949649
"24133","1250","Ec_N",403,13,13,"Ec",17,0,0,0,0,1,0.14692246949649
"24134","1250","Ec_N",403,14,14,"Ec",17,0,0,0,0,1,0.14692246949649
"24135","1250","Ec_N",403,15,15,"Ec",17,0,0,0,0,1,0.14692246949649
"24136","1250","Ec_N",403,16,16,"Ec",17,0,0,0,0,1,0.14692246949649
"24137","1250","Ec_N",403,17,17,"Ec",17,0,0,0,0,1,0.14692246949649
"24138","1250","Ec_N",403,18,18,"Ec",17,0,0,0,0,1,0.14692246949649
"24139","1250","Ec_N",403,19,19,"Ec",17,0,0,0,0,1,0.14692246949649
"24140","1250","Ec_N",403,20,20,"Ec",17,0,0,0,0,1,0.14692246949649
"24141","1250","Ec_N",403,21,21,"Ec",17,0,0,0,0,1,0.14692246949649
"24142","1250","Ec_N",403,22,22,"Ec",17,0,0,0,0,1,0.14692246949649
"24143","1250","Ec_N",403,23,23,"Ec",17,0,0,0,0,1,0.14692246949649
"24144","1250","Ec_N",403,24,24,"Ec",21,0,0,1,0,1,0.428591116083543
"24145","1250","Ec_N",403,25,25,"Ec",21,0,0,1,0,1,0.428591116083543
"24146","1250","Ec_N",403,26,26,"Ec",21,0,0,1,0,1,0.428591116083543
"24147","1250","Ec_N",403,27,27,"Ec",29,0,0,1,1,1,0.696336766125118
"24148","1250","Ec_N",403,28,28,"Ec",29,0,0,1,1,1,0.696336766125118
"24149","1250","Ec_N",403,29,29,"Ec",29,0,0,1,1,1,0.696336766125118
"24150","1250","Ec_N",403,30,30,"Ec",29,0,0,1,1,1,0.696336766125118
"24151","1250","Ec_N",403,31,31,"Ec",29,0,0,1,1,1,0.696336766125118
"24152","1250","Ec_N",403,32,32,"Ec",29,0,0,1,1,1,0.696336766125118
"24153","1250","Ec_N",403,33,33,"Ec",29,0,0,1,1,1,0.696336766125118
"24154","1250","Ec_N",403,34,34,"Ec",31,0,1,1,1,1,0.778987345540232
"24155","1250","Ec_N",403,35,35,"Ec",31,0,1,1,1,1,0.778987345540232
"24156","1250","Ec_N",403,36,36,"Ec",31,0,1,1,1,1,0.778987345540232
"24157","1250","Ec_N",403,37,37,"Ec",31,0,1,1,1,1,0.778987345540232
"24158","1250","Ec_N",403,38,38,"Ec",31,0,1,1,1,1,0.778987345540232
"24159","1250","Ec_N",403,39,39,"Ec",32,1,1,1,1,1,1
"24160","1250","Ec_N",403,40,40,"Ec",32,1,1,1,1,1,1
"24161","1250","Ec_N",403,41,41,"Ec",32,1,1,1,1,1,1
"24162","1250","Ec_N",403,42,42,"Ec",32,1,1,1,1,1,1
"24163","1250","Ec_N",403,43,43,"Ec",32,1,1,1,1,1,1
"24164","1250","Ec_N",403,44,44,"Ec",32,1,1,1,1,1,1
"24165","1250","Ec_N",403,45,45,"Ec",32,1,1,1,1,1,1
"24166","1250","Ec_N",403,46,46,"Ec",32,1,1,1,1,1,1
"24167","1250","Ec_N",403,47,47,"Ec",32,1,1,1,1,1,1
"24168","1250","Ec_N",403,48,48,"Ec",32,1,1,1,1,1,1
"24169","1250","Ec_N",403,49,49,"Ec",32,1,1,1,1,1,1
"24170","1250","Ec_N",403,50,50,"Ec",32,1,1,1,1,1,1
"24171","1250","Ec_N",403,51,51,"Ec",32,1,1,1,1,1,1
"24172","1250","Ec_N",403,52,52,"Ec",32,1,1,1,1,1,1
"24173","1250","Ec_N",403,53,53,"Ec",32,1,1,1,1,1,1
"24174","1250","Ec_N",403,54,54,"Ec",32,1,1,1,1,1,1
"24175","1250","Ec_N",403,55,55,"Ec",32,1,1,1,1,1,1
"24176","1250","Ec_N",403,56,56,"Ec",32,1,1,1,1,1,1
"24177","1250","Ec_N",403,57,57,"Ec",32,1,1,1,1,1,1
"24178","1250","Ec_N",403,58,58,"Ec",32,1,1,1,1,1,1
"24179","1250","Ec_N",403,59,59,"Ec",32,1,1,1,1,1,1
"24180","1250","Ec_N",403,60,60,"Ec",32,1,1,1,1,1,1
"24181","1250","Ec_N",404,1,1,"Ec",1,0,0,0,0,0,0
"24182","1250","Ec_N",404,2,2,"Ec",1,0,0,0,0,0,0
"24183","1250","Ec_N",404,3,3,"Ec",1,0,0,0,0,0,0
"24184","1250","Ec_N",404,4,4,"Ec",1,0,0,0,0,0,0
"24185","1250","Ec_N",404,5,5,"Ec",1,0,0,0,0,0,0
"24186","1250","Ec_N",404,6,6,"Ec",1,0,0,0,0,0,0
"24187","1250","Ec_N",404,7,7,"Ec",1,0,0,0,0,0,0
"24188","1250","Ec_N",404,8,8,"Ec",9,0,0,0,1,0,0.267745650041575
"24189","1250","Ec_N",404,9,9,"Ec",9,0,0,0,1,0,0.267745650041575
"24190","1250","Ec_N",404,10,10,"Ec",9,0,0,0,1,0,0.267745650041575
"24191","1250","Ec_N",404,11,11,"Ec",9,0,0,0,1,0,0.267745650041575
"24192","1250","Ec_N",404,12,12,"Ec",9,0,0,0,1,0,0.267745650041575
"24193","1250","Ec_N",404,13,13,"Ec",9,0,0,0,1,0,0.267745650041575
"24194","1250","Ec_N",404,14,14,"Ec",25,0,0,0,1,1,0.464273274362394
"24195","1250","Ec_N",404,15,15,"Ec",25,0,0,0,1,1,0.464273274362394
"24196","1250","Ec_N",404,16,16,"Ec",25,0,0,0,1,1,0.464273274362394
"24197","1250","Ec_N",404,17,17,"Ec",25,0,0,0,1,1,0.464273274362394
"24198","1250","Ec_N",404,18,18,"Ec",25,0,0,0,1,1,0.464273274362394
"24199","1250","Ec_N",404,19,19,"Ec",25,0,0,0,1,1,0.464273274362394
"24200","1250","Ec_N",404,20,20,"Ec",25,0,0,0,1,1,0.464273274362394
"24201","1250","Ec_N",404,21,21,"Ec",25,0,0,0,1,1,0.464273274362394
"24202","1250","Ec_N",404,22,22,"Ec",25,0,0,0,1,1,0.464273274362394
"24203","1250","Ec_N",404,23,23,"Ec",25,0,0,0,1,1,0.464273274362394
"24204","1250","Ec_N",404,24,24,"Ec",26,1,0,0,1,1,0.685285928822162
"24205","1250","Ec_N",404,25,25,"Ec",26,1,0,0,1,1,0.685285928822162
"24206","1250","Ec_N",404,26,26,"Ec",26,1,0,0,1,1,0.685285928822162
"24207","1250","Ec_N",404,27,27,"Ec",26,1,0,0,1,1,0.685285928822162
"24208","1250","Ec_N",404,28,28,"Ec",26,1,0,0,1,1,0.685285928822162
"24209","1250","Ec_N",404,29,29,"Ec",26,1,0,0,1,1,0.685285928822162
"24210","1250","Ec_N",404,30,30,"Ec",26,1,0,0,1,1,0.685285928822162
"24211","1250","Ec_N",404,31,31,"Ec",26,1,0,0,1,1,0.685285928822162
"24212","1250","Ec_N",404,32,32,"Ec",28,1,1,0,1,1,0.770762719311211
"24213","1250","Ec_N",404,33,33,"Ec",28,1,1,0,1,1,0.770762719311211
"24214","1250","Ec_N",404,34,34,"Ec",28,1,1,0,1,1,0.770762719311211
"24215","1250","Ec_N",404,35,35,"Ec",28,1,1,0,1,1,0.770762719311211
"24216","1250","Ec_N",404,36,36,"Ec",28,1,1,0,1,1,0.770762719311211
"24217","1250","Ec_N",404,37,37,"Ec",28,1,1,0,1,1,0.770762719311211
"24218","1250","Ec_N",404,38,38,"Ec",28,1,1,0,1,1,0.770762719311211
"24219","1250","Ec_N",404,39,39,"Ec",28,1,1,0,1,1,0.770762719311211
"24220","1250","Ec_N",404,40,40,"Ec",28,1,1,0,1,1,0.770762719311211
"24221","1250","Ec_N",404,41,41,"Ec",28,1,1,0,1,1,0.770762719311211
"24222","1250","Ec_N",404,42,42,"Ec",28,1,1,0,1,1,0.770762719311211
"24223","1250","Ec_N",404,43,43,"Ec",28,1,1,0,1,1,0.770762719311211
"24224","1250","Ec_N",404,44,44,"Ec",28,1,1,0,1,1,0.770762719311211
"24225","1250","Ec_N",404,45,45,"Ec",32,1,1,1,1,1,1
"24226","1250","Ec_N",404,46,46,"Ec",32,1,1,1,1,1,1
"24227","1250","Ec_N",404,47,47,"Ec",32,1,1,1,1,1,1
"24228","1250","Ec_N",404,48,48,"Ec",32,1,1,1,1,1,1
"24229","1250","Ec_N",404,49,49,"Ec",32,1,1,1,1,1,1
"24230","1250","Ec_N",404,50,50,"Ec",32,1,1,1,1,1,1
"24231","1250","Ec_N",404,51,51,"Ec",32,1,1,1,1,1,1
"24232","1250","Ec_N",404,52,52,"Ec",32,1,1,1,1,1,1
"24233","1250","Ec_N",404,53,53,"Ec",32,1,1,1,1,1,1
"24234","1250","Ec_N",404,54,54,"Ec",32,1,1,1,1,1,1
"24235","1250","Ec_N",404,55,55,"Ec",32,1,1,1,1,1,1
"24236","1250","Ec_N",404,56,56,"Ec",32,1,1,1,1,1,1
"24237","1250","Ec_N",404,57,57,"Ec",32,1,1,1,1,1,1
"24238","1250","Ec_N",404,58,58,"Ec",32,1,1,1,1,1,1
"24239","1250","Ec_N",404,59,59,"Ec",32,1,1,1,1,1,1
"24240","1250","Ec_N",404,60,60,"Ec",32,1,1,1,1,1,1
"24241","1250","Ec_N",405,1,1,"Ec",1,0,0,0,0,0,0
"24242","1250","Ec_N",405,2,2,"Ec",3,0,1,0,0,0,0.082650579415114
"24243","1250","Ec_N",405,3,3,"Ec",3,0,1,0,0,0,0.082650579415114
"24244","1250","Ec_N",405,4,4,"Ec",3,0,1,0,0,0,0.082650579415114
"24245","1250","Ec_N",405,5,5,"Ec",3,0,1,0,0,0,0.082650579415114
"24246","1250","Ec_N",405,6,6,"Ec",3,0,1,0,0,0,0.082650579415114
"24247","1250","Ec_N",405,7,7,"Ec",3,0,1,0,0,0,0.082650579415114
"24248","1250","Ec_N",405,8,8,"Ec",3,0,1,0,0,0,0.082650579415114
"24249","1250","Ec_N",405,9,9,"Ec",3,0,1,0,0,0,0.082650579415114
"24250","1250","Ec_N",405,10,10,"Ec",7,0,1,1,0,0,0.314714071177838
"24251","1250","Ec_N",405,11,11,"Ec",7,0,1,1,0,0,0.314714071177838
"24252","1250","Ec_N",405,12,12,"Ec",7,0,1,1,0,0,0.314714071177838
"24253","1250","Ec_N",405,13,13,"Ec",7,0,1,1,0,0,0.314714071177838
"24254","1250","Ec_N",405,14,14,"Ec",7,0,1,1,0,0,0.314714071177838
"24255","1250","Ec_N",405,15,15,"Ec",7,0,1,1,0,0,0.314714071177838
"24256","1250","Ec_N",405,16,16,"Ec",23,0,1,1,0,1,0.511241695498657
"24257","1250","Ec_N",405,17,17,"Ec",23,0,1,1,0,1,0.511241695498657
"24258","1250","Ec_N",405,18,18,"Ec",23,0,1,1,0,1,0.511241695498657
"24259","1250","Ec_N",405,19,19,"Ec",23,0,1,1,0,1,0.511241695498657
"24260","1250","Ec_N",405,20,20,"Ec",23,0,1,1,0,1,0.511241695498657
"24261","1250","Ec_N",405,21,21,"Ec",23,0,1,1,0,1,0.511241695498657
"24262","1250","Ec_N",405,22,22,"Ec",23,0,1,1,0,1,0.511241695498657
"24263","1250","Ec_N",405,23,23,"Ec",23,0,1,1,0,1,0.511241695498657
"24264","1250","Ec_N",405,24,24,"Ec",23,0,1,1,0,1,0.511241695498657
"24265","1250","Ec_N",405,25,25,"Ec",23,0,1,1,0,1,0.511241695498657
"24266","1250","Ec_N",405,26,26,"Ec",23,0,1,1,0,1,0.511241695498657
"24267","1250","Ec_N",405,27,27,"Ec",23,0,1,1,0,1,0.511241695498657
"24268","1250","Ec_N",405,28,28,"Ec",23,0,1,1,0,1,0.511241695498657
"24269","1250","Ec_N",405,29,29,"Ec",23,0,1,1,0,1,0.511241695498657
"24270","1250","Ec_N",405,30,30,"Ec",23,0,1,1,0,1,0.511241695498657
"24271","1250","Ec_N",405,31,31,"Ec",23,0,1,1,0,1,0.511241695498657
"24272","1250","Ec_N",405,32,32,"Ec",23,0,1,1,0,1,0.511241695498657
"24273","1250","Ec_N",405,33,33,"Ec",23,0,1,1,0,1,0.511241695498657
"24274","1250","Ec_N",405,34,34,"Ec",31,0,1,1,1,1,0.778987345540232
"24275","1250","Ec_N",405,35,35,"Ec",31,0,1,1,1,1,0.778987345540232
"24276","1250","Ec_N",405,36,36,"Ec",31,0,1,1,1,1,0.778987345540232
"24277","1250","Ec_N",405,37,37,"Ec",31,0,1,1,1,1,0.778987345540232
"24278","1250","Ec_N",405,38,38,"Ec",31,0,1,1,1,1,0.778987345540232
"24279","1250","Ec_N",405,39,39,"Ec",31,0,1,1,1,1,0.778987345540232
"24280","1250","Ec_N",405,40,40,"Ec",31,0,1,1,1,1,0.778987345540232
"24281","1250","Ec_N",405,41,41,"Ec",31,0,1,1,1,1,0.778987345540232
"24282","1250","Ec_N",405,42,42,"Ec",31,0,1,1,1,1,0.778987345540232
"24283","1250","Ec_N",405,43,43,"Ec",31,0,1,1,1,1,0.778987345540232
"24284","1250","Ec_N",405,44,44,"Ec",31,0,1,1,1,1,0.778987345540232
"24285","1250","Ec_N",405,45,45,"Ec",31,0,1,1,1,1,0.778987345540232
"24286","1250","Ec_N",405,46,46,"Ec",31,0,1,1,1,1,0.778987345540232
"24287","1250","Ec_N",405,47,47,"Ec",31,0,1,1,1,1,0.778987345540232
"24288","1250","Ec_N",405,48,48,"Ec",31,0,1,1,1,1,0.778987345540232
"24289","1250","Ec_N",405,49,49,"Ec",31,0,1,1,1,1,0.778987345540232
"24290","1250","Ec_N",405,50,50,"Ec",31,0,1,1,1,1,0.778987345540232
"24291","1250","Ec_N",405,51,51,"Ec",31,0,1,1,1,1,0.778987345540232
"24292","1250","Ec_N",405,52,52,"Ec",31,0,1,1,1,1,0.778987345540232
"24293","1250","Ec_N",405,53,53,"Ec",31,0,1,1,1,1,0.778987345540232
"24294","1250","Ec_N",405,54,54,"Ec",31,0,1,1,1,1,0.778987345540232
"24295","1250","Ec_N",405,55,55,"Ec",31,0,1,1,1,1,0.778987345540232
"24296","1250","Ec_N",405,56,56,"Ec",31,0,1,1,1,1,0.778987345540232
"24297","1250","Ec_N",405,57,57,"Ec",31,0,1,1,1,1,0.778987345540232
"24298","1250","Ec_N",405,58,58,"Ec",31,0,1,1,1,1,0.778987345540232
"24299","1250","Ec_N",405,59,59,"Ec",31,0,1,1,1,1,0.778987345540232
"24300","1250","Ec_N",405,60,60,"Ec",31,0,1,1,1,1,0.778987345540232
"24301","1250","Ec_N",406,1,1,"Ec",1,0,0,0,0,0,0
"24302","1250","Ec_N",406,2,2,"Ec",3,0,1,0,0,0,0.082650579415114
"24303","1250","Ec_N",406,3,3,"Ec",3,0,1,0,0,0,0.082650579415114
"24304","1250","Ec_N",406,4,4,"Ec",3,0,1,0,0,0,0.082650579415114
"24305","1250","Ec_N",406,5,5,"Ec",11,0,1,0,1,0,0.168832555215222
"24306","1250","Ec_N",406,6,6,"Ec",11,0,1,0,1,0,0.168832555215222
"24307","1250","Ec_N",406,7,7,"Ec",11,0,1,0,1,0,0.168832555215222
"24308","1250","Ec_N",406,8,8,"Ec",11,0,1,0,1,0,0.168832555215222
"24309","1250","Ec_N",406,9,9,"Ec",11,0,1,0,1,0,0.168832555215222
"24310","1250","Ec_N",406,10,10,"Ec",11,0,1,0,1,0,0.168832555215222
"24311","1250","Ec_N",406,11,11,"Ec",11,0,1,0,1,0,0.168832555215222
"24312","1250","Ec_N",406,12,12,"Ec",15,0,1,1,1,0,0.582459721219413
"24313","1250","Ec_N",406,13,13,"Ec",15,0,1,1,1,0,0.582459721219413
"24314","1250","Ec_N",406,14,14,"Ec",15,0,1,1,1,0,0.582459721219413
"24315","1250","Ec_N",406,15,15,"Ec",15,0,1,1,1,0,0.582459721219413
"24316","1250","Ec_N",406,16,16,"Ec",15,0,1,1,1,0,0.582459721219413
"24317","1250","Ec_N",406,17,17,"Ec",15,0,1,1,1,0,0.582459721219413
"24318","1250","Ec_N",406,18,18,"Ec",15,0,1,1,1,0,0.582459721219413
"24319","1250","Ec_N",406,19,19,"Ec",15,0,1,1,1,0,0.582459721219413
"24320","1250","Ec_N",406,20,20,"Ec",15,0,1,1,1,0,0.582459721219413
"24321","1250","Ec_N",406,21,21,"Ec",15,0,1,1,1,0,0.582459721219413
"24322","1250","Ec_N",406,22,22,"Ec",15,0,1,1,1,0,0.582459721219413
"24323","1250","Ec_N",406,23,23,"Ec",16,1,1,1,1,0,0.879284144928883
"24324","1250","Ec_N",406,24,24,"Ec",16,1,1,1,1,0,0.879284144928883
"24325","1250","Ec_N",406,25,25,"Ec",16,1,1,1,1,0,0.879284144928883
"24326","1250","Ec_N",406,26,26,"Ec",16,1,1,1,1,0,0.879284144928883
"24327","1250","Ec_N",406,27,27,"Ec",16,1,1,1,1,0,0.879284144928883
"24328","1250","Ec_N",406,28,28,"Ec",32,1,1,1,1,1,1
"24329","1250","Ec_N",406,29,29,"Ec",32,1,1,1,1,1,1
"24330","1250","Ec_N",406,30,30,"Ec",32,1,1,1,1,1,1
"24331","1250","Ec_N",406,31,31,"Ec",32,1,1,1,1,1,1
"24332","1250","Ec_N",406,32,32,"Ec",32,1,1,1,1,1,1
"24333","1250","Ec_N",406,33,33,"Ec",32,1,1,1,1,1,1
"24334","1250","Ec_N",406,34,34,"Ec",32,1,1,1,1,1,1
"24335","1250","Ec_N",406,35,35,"Ec",32,1,1,1,1,1,1
"24336","1250","Ec_N",406,36,36,"Ec",32,1,1,1,1,1,1
"24337","1250","Ec_N",406,37,37,"Ec",32,1,1,1,1,1,1
"24338","1250","Ec_N",406,38,38,"Ec",32,1,1,1,1,1,1
"24339","1250","Ec_N",406,39,39,"Ec",32,1,1,1,1,1,1
"24340","1250","Ec_N",406,40,40,"Ec",32,1,1,1,1,1,1
"24341","1250","Ec_N",406,41,41,"Ec",32,1,1,1,1,1,1
"24342","1250","Ec_N",406,42,42,"Ec",32,1,1,1,1,1,1
"24343","1250","Ec_N",406,43,43,"Ec",32,1,1,1,1,1,1
"24344","1250","Ec_N",406,44,44,"Ec",32,1,1,1,1,1,1
"24345","1250","Ec_N",406,45,45,"Ec",32,1,1,1,1,1,1
"24346","1250","Ec_N",406,46,46,"Ec",32,1,1,1,1,1,1
"24347","1250","Ec_N",406,47,47,"Ec",32,1,1,1,1,1,1
"24348","1250","Ec_N",406,48,48,"Ec",32,1,1,1,1,1,1
"24349","1250","Ec_N",406,49,49,"Ec",32,1,1,1,1,1,1
"24350","1250","Ec_N",406,50,50,"Ec",32,1,1,1,1,1,1
"24351","1250","Ec_N",406,51,51,"Ec",32,1,1,1,1,1,1
"24352","1250","Ec_N",406,52,52,"Ec",32,1,1,1,1,1,1
"24353","1250","Ec_N",406,53,53,"Ec",32,1,1,1,1,1,1
"24354","1250","Ec_N",406,54,54,"Ec",32,1,1,1,1,1,1
"24355","1250","Ec_N",406,55,55,"Ec",32,1,1,1,1,1,1
"24356","1250","Ec_N",406,56,56,"Ec",32,1,1,1,1,1,1
"24357","1250","Ec_N",406,57,57,"Ec",32,1,1,1,1,1,1
"24358","1250","Ec_N",406,58,58,"Ec",32,1,1,1,1,1,1
"24359","1250","Ec_N",406,59,59,"Ec",32,1,1,1,1,1,1
"24360","1250","Ec_N",406,60,60,"Ec",32,1,1,1,1,1,1
"24361","1250","Ec_N",407,1,1,"Ec",1,0,0,0,0,0,0
"24362","1250","Ec_N",407,2,2,"Ec",1,0,0,0,0,0,0
"24363","1250","Ec_N",407,3,3,"Ec",1,0,0,0,0,0,0
"24364","1250","Ec_N",407,4,4,"Ec",1,0,0,0,0,0,0
"24365","1250","Ec_N",407,5,5,"Ec",3,0,1,0,0,0,0.082650579415114
"24366","1250","Ec_N",407,6,6,"Ec",3,0,1,0,0,0,0.082650579415114
"24367","1250","Ec_N",407,7,7,"Ec",4,1,1,0,0,0,0.303663233874882
"24368","1250","Ec_N",407,8,8,"Ec",4,1,1,0,0,0,0.303663233874882
"24369","1250","Ec_N",407,9,9,"Ec",4,1,1,0,0,0,0.303663233874882
"24370","1250","Ec_N",407,10,10,"Ec",4,1,1,0,0,0,0.303663233874882
"24371","1250","Ec_N",407,11,11,"Ec",4,1,1,0,0,0,0.303663233874882
"24372","1250","Ec_N",407,12,12,"Ec",4,1,1,0,0,0,0.303663233874882
"24373","1250","Ec_N",407,13,13,"Ec",4,1,1,0,0,0,0.303663233874882
"24374","1250","Ec_N",407,14,14,"Ec",4,1,1,0,0,0,0.303663233874882
"24375","1250","Ec_N",407,15,15,"Ec",4,1,1,0,0,0,0.303663233874882
"24376","1250","Ec_N",407,16,16,"Ec",20,1,1,0,0,1,0.500190858195701
"24377","1250","Ec_N",407,17,17,"Ec",20,1,1,0,0,1,0.500190858195701
"24378","1250","Ec_N",407,18,18,"Ec",28,1,1,0,1,1,0.770762719311211
"24379","1250","Ec_N",407,19,19,"Ec",28,1,1,0,1,1,0.770762719311211
"24380","1250","Ec_N",407,20,20,"Ec",28,1,1,0,1,1,0.770762719311211
"24381","1250","Ec_N",407,21,21,"Ec",32,1,1,1,1,1,1
"24382","1250","Ec_N",407,22,22,"Ec",32,1,1,1,1,1,1
"24383","1250","Ec_N",407,23,23,"Ec",32,1,1,1,1,1,1
"24384","1250","Ec_N",407,24,24,"Ec",32,1,1,1,1,1,1
"24385","1250","Ec_N",407,25,25,"Ec",32,1,1,1,1,1,1
"24386","1250","Ec_N",407,26,26,"Ec",32,1,1,1,1,1,1
"24387","1250","Ec_N",407,27,27,"Ec",32,1,1,1,1,1,1
"24388","1250","Ec_N",407,28,28,"Ec",32,1,1,1,1,1,1
"24389","1250","Ec_N",407,29,29,"Ec",32,1,1,1,1,1,1
"24390","1250","Ec_N",407,30,30,"Ec",32,1,1,1,1,1,1
"24391","1250","Ec_N",407,31,31,"Ec",32,1,1,1,1,1,1
"24392","1250","Ec_N",407,32,32,"Ec",32,1,1,1,1,1,1
"24393","1250","Ec_N",407,33,33,"Ec",32,1,1,1,1,1,1
"24394","1250","Ec_N",407,34,34,"Ec",32,1,1,1,1,1,1
"24395","1250","Ec_N",407,35,35,"Ec",32,1,1,1,1,1,1
"24396","1250","Ec_N",407,36,36,"Ec",32,1,1,1,1,1,1
"24397","1250","Ec_N",407,37,37,"Ec",32,1,1,1,1,1,1
"24398","1250","Ec_N",407,38,38,"Ec",32,1,1,1,1,1,1
"24399","1250","Ec_N",407,39,39,"Ec",32,1,1,1,1,1,1
"24400","1250","Ec_N",407,40,40,"Ec",32,1,1,1,1,1,1
"24401","1250","Ec_N",407,41,41,"Ec",32,1,1,1,1,1,1
"24402","1250","Ec_N",407,42,42,"Ec",32,1,1,1,1,1,1
"24403","1250","Ec_N",407,43,43,"Ec",32,1,1,1,1,1,1
"24404","1250","Ec_N",407,44,44,"Ec",32,1,1,1,1,1,1
"24405","1250","Ec_N",407,45,45,"Ec",32,1,1,1,1,1,1
"24406","1250","Ec_N",407,46,46,"Ec",32,1,1,1,1,1,1
"24407","1250","Ec_N",407,47,47,"Ec",32,1,1,1,1,1,1
"24408","1250","Ec_N",407,48,48,"Ec",32,1,1,1,1,1,1
"24409","1250","Ec_N",407,49,49,"Ec",32,1,1,1,1,1,1
"24410","1250","Ec_N",407,50,50,"Ec",32,1,1,1,1,1,1
"24411","1250","Ec_N",407,51,51,"Ec",32,1,1,1,1,1,1
"24412","1250","Ec_N",407,52,52,"Ec",32,1,1,1,1,1,1
"24413","1250","Ec_N",407,53,53,"Ec",32,1,1,1,1,1,1
"24414","1250","Ec_N",407,54,54,"Ec",32,1,1,1,1,1,1
"24415","1250","Ec_N",407,55,55,"Ec",32,1,1,1,1,1,1
"24416","1250","Ec_N",407,56,56,"Ec",32,1,1,1,1,1,1
"24417","1250","Ec_N",407,57,57,"Ec",32,1,1,1,1,1,1
"24418","1250","Ec_N",407,58,58,"Ec",32,1,1,1,1,1,1
"24419","1250","Ec_N",407,59,59,"Ec",32,1,1,1,1,1,1
"24420","1250","Ec_N",407,60,60,"Ec",32,1,1,1,1,1,1
"24421","1250","Ec_N",408,1,1,"Ec",1,0,0,0,0,0,0
"24422","1250","Ec_N",408,2,2,"Ec",1,0,0,0,0,0,0
"24423","1250","Ec_N",408,3,3,"Ec",1,0,0,0,0,0,0
"24424","1250","Ec_N",408,4,4,"Ec",1,0,0,0,0,0,0
"24425","1250","Ec_N",408,5,5,"Ec",1,0,0,0,0,0,0
"24426","1250","Ec_N",408,6,6,"Ec",1,0,0,0,0,0,0
"24427","1250","Ec_N",408,7,7,"Ec",1,0,0,0,0,0,0
"24428","1250","Ec_N",408,8,8,"Ec",1,0,0,0,0,0,0
"24429","1250","Ec_N",408,9,9,"Ec",1,0,0,0,0,0,0
"24430","1250","Ec_N",408,10,10,"Ec",1,0,0,0,0,0,0
"24431","1250","Ec_N",408,11,11,"Ec",5,0,0,1,0,0,0.232063491762724
"24432","1250","Ec_N",408,12,12,"Ec",5,0,0,1,0,0,0.232063491762724
"24433","1250","Ec_N",408,13,13,"Ec",5,0,0,1,0,0,0.232063491762724
"24434","1250","Ec_N",408,14,14,"Ec",5,0,0,1,0,0,0.232063491762724
"24435","1250","Ec_N",408,15,15,"Ec",5,0,0,1,0,0,0.232063491762724
"24436","1250","Ec_N",408,16,16,"Ec",5,0,0,1,0,0,0.232063491762724
"24437","1250","Ec_N",408,17,17,"Ec",5,0,0,1,0,0,0.232063491762724
"24438","1250","Ec_N",408,18,18,"Ec",6,1,0,1,0,0,0.453076146222492
"24439","1250","Ec_N",408,19,19,"Ec",6,1,0,1,0,0,0.453076146222492
"24440","1250","Ec_N",408,20,20,"Ec",6,1,0,1,0,0,0.453076146222492
"24441","1250","Ec_N",408,21,21,"Ec",6,1,0,1,0,0,0.453076146222492
"24442","1250","Ec_N",408,22,22,"Ec",6,1,0,1,0,0,0.453076146222492
"24443","1250","Ec_N",408,23,23,"Ec",6,1,0,1,0,0,0.453076146222492
"24444","1250","Ec_N",408,24,24,"Ec",6,1,0,1,0,0,0.453076146222492
"24445","1250","Ec_N",408,25,25,"Ec",6,1,0,1,0,0,0.453076146222492
"24446","1250","Ec_N",408,26,26,"Ec",6,1,0,1,0,0,0.453076146222492
"24447","1250","Ec_N",408,27,27,"Ec",6,1,0,1,0,0,0.453076146222492
"24448","1250","Ec_N",408,28,28,"Ec",6,1,0,1,0,0,0.453076146222492
"24449","1250","Ec_N",408,29,29,"Ec",6,1,0,1,0,0,0.453076146222492
"24450","1250","Ec_N",408,30,30,"Ec",6,1,0,1,0,0,0.453076146222492
"24451","1250","Ec_N",408,31,31,"Ec",6,1,0,1,0,0,0.453076146222492
"24452","1250","Ec_N",408,32,32,"Ec",6,1,0,1,0,0,0.453076146222492
"24453","1250","Ec_N",408,33,33,"Ec",6,1,0,1,0,0,0.453076146222492
"24454","1250","Ec_N",408,34,34,"Ec",6,1,0,1,0,0,0.453076146222492
"24455","1250","Ec_N",408,35,35,"Ec",6,1,0,1,0,0,0.453076146222492
"24456","1250","Ec_N",408,36,36,"Ec",6,1,0,1,0,0,0.453076146222492
"24457","1250","Ec_N",408,37,37,"Ec",6,1,0,1,0,0,0.453076146222492
"24458","1250","Ec_N",408,38,38,"Ec",14,1,0,1,1,0,0.720821796264067
"24459","1250","Ec_N",408,39,39,"Ec",14,1,0,1,1,0,0.720821796264067
"24460","1250","Ec_N",408,40,40,"Ec",14,1,0,1,1,0,0.720821796264067
"24461","1250","Ec_N",408,41,41,"Ec",14,1,0,1,1,0,0.720821796264067
"24462","1250","Ec_N",408,42,42,"Ec",14,1,0,1,1,0,0.720821796264067
"24463","1250","Ec_N",408,43,43,"Ec",14,1,0,1,1,0,0.720821796264067
"24464","1250","Ec_N",408,44,44,"Ec",14,1,0,1,1,0,0.720821796264067
"24465","1250","Ec_N",408,45,45,"Ec",14,1,0,1,1,0,0.720821796264067
"24466","1250","Ec_N",408,46,46,"Ec",14,1,0,1,1,0,0.720821796264067
"24467","1250","Ec_N",408,47,47,"Ec",14,1,0,1,1,0,0.720821796264067
"24468","1250","Ec_N",408,48,48,"Ec",14,1,0,1,1,0,0.720821796264067
"24469","1250","Ec_N",408,49,49,"Ec",14,1,0,1,1,0,0.720821796264067
"24470","1250","Ec_N",408,50,50,"Ec",14,1,0,1,1,0,0.720821796264067
"24471","1250","Ec_N",408,51,51,"Ec",14,1,0,1,1,0,0.720821796264067
"24472","1250","Ec_N",408,52,52,"Ec",14,1,0,1,1,0,0.720821796264067
"24473","1250","Ec_N",408,53,53,"Ec",14,1,0,1,1,0,0.720821796264067
"24474","1250","Ec_N",408,54,54,"Ec",14,1,0,1,1,0,0.720821796264067
"24475","1250","Ec_N",408,55,55,"Ec",14,1,0,1,1,0,0.720821796264067
"24476","1250","Ec_N",408,56,56,"Ec",14,1,0,1,1,0,0.720821796264067
"24477","1250","Ec_N",408,57,57,"Ec",14,1,0,1,1,0,0.720821796264067
"24478","1250","Ec_N",408,58,58,"Ec",14,1,0,1,1,0,0.720821796264067
"24479","1250","Ec_N",408,59,59,"Ec",14,1,0,1,1,0,0.720821796264067
"24480","1250","Ec_N",408,60,60,"Ec",14,1,0,1,1,0,0.720821796264067
"24481","1250","Ec_N",409,1,1,"Ec",1,0,0,0,0,0,0
"24482","1250","Ec_N",409,2,2,"Ec",1,0,0,0,0,0,0
"24483","1250","Ec_N",409,3,3,"Ec",5,0,0,1,0,0,0.232063491762724
"24484","1250","Ec_N",409,4,4,"Ec",5,0,0,1,0,0,0.232063491762724
"24485","1250","Ec_N",409,5,5,"Ec",5,0,0,1,0,0,0.232063491762724
"24486","1250","Ec_N",409,6,6,"Ec",21,0,0,1,0,1,0.428591116083543
"24487","1250","Ec_N",409,7,7,"Ec",21,0,0,1,0,1,0.428591116083543
"24488","1250","Ec_N",409,8,8,"Ec",21,0,0,1,0,1,0.428591116083543
"24489","1250","Ec_N",409,9,9,"Ec",23,0,1,1,0,1,0.511241695498657
"24490","1250","Ec_N",409,10,10,"Ec",23,0,1,1,0,1,0.511241695498657
"24491","1250","Ec_N",409,11,11,"Ec",23,0,1,1,0,1,0.511241695498657
"24492","1250","Ec_N",409,12,12,"Ec",23,0,1,1,0,1,0.511241695498657
"24493","1250","Ec_N",409,13,13,"Ec",23,0,1,1,0,1,0.511241695498657
"24494","1250","Ec_N",409,14,14,"Ec",24,1,1,1,0,1,0.732254349958425
"24495","1250","Ec_N",409,15,15,"Ec",24,1,1,1,0,1,0.732254349958425
"24496","1250","Ec_N",409,16,16,"Ec",24,1,1,1,0,1,0.732254349958425
"24497","1250","Ec_N",409,17,17,"Ec",24,1,1,1,0,1,0.732254349958425
"24498","1250","Ec_N",409,18,18,"Ec",24,1,1,1,0,1,0.732254349958425
"24499","1250","Ec_N",409,19,19,"Ec",24,1,1,1,0,1,0.732254349958425
"24500","1250","Ec_N",409,20,20,"Ec",24,1,1,1,0,1,0.732254349958425
"24501","1250","Ec_N",409,21,21,"Ec",24,1,1,1,0,1,0.732254349958425
"24502","1250","Ec_N",409,22,22,"Ec",24,1,1,1,0,1,0.732254349958425
"24503","1250","Ec_N",409,23,23,"Ec",24,1,1,1,0,1,0.732254349958425
"24504","1250","Ec_N",409,24,24,"Ec",24,1,1,1,0,1,0.732254349958425
"24505","1250","Ec_N",409,25,25,"Ec",24,1,1,1,0,1,0.732254349958425
"24506","1250","Ec_N",409,26,26,"Ec",24,1,1,1,0,1,0.732254349958425
"24507","1250","Ec_N",409,27,27,"Ec",24,1,1,1,0,1,0.732254349958425
"24508","1250","Ec_N",409,28,28,"Ec",24,1,1,1,0,1,0.732254349958425
"24509","1250","Ec_N",409,29,29,"Ec",24,1,1,1,0,1,0.732254349958425
"24510","1250","Ec_N",409,30,30,"Ec",24,1,1,1,0,1,0.732254349958425
"24511","1250","Ec_N",409,31,31,"Ec",24,1,1,1,0,1,0.732254349958425
"24512","1250","Ec_N",409,32,32,"Ec",24,1,1,1,0,1,0.732254349958425
"24513","1250","Ec_N",409,33,33,"Ec",24,1,1,1,0,1,0.732254349958425
"24514","1250","Ec_N",409,34,34,"Ec",24,1,1,1,0,1,0.732254349958425
"24515","1250","Ec_N",409,35,35,"Ec",24,1,1,1,0,1,0.732254349958425
"24516","1250","Ec_N",409,36,36,"Ec",24,1,1,1,0,1,0.732254349958425
"24517","1250","Ec_N",409,37,37,"Ec",24,1,1,1,0,1,0.732254349958425
"24518","1250","Ec_N",409,38,38,"Ec",24,1,1,1,0,1,0.732254349958425
"24519","1250","Ec_N",409,39,39,"Ec",24,1,1,1,0,1,0.732254349958425
"24520","1250","Ec_N",409,40,40,"Ec",24,1,1,1,0,1,0.732254349958425
"24521","1250","Ec_N",409,41,41,"Ec",24,1,1,1,0,1,0.732254349958425
"24522","1250","Ec_N",409,42,42,"Ec",24,1,1,1,0,1,0.732254349958425
"24523","1250","Ec_N",409,43,43,"Ec",24,1,1,1,0,1,0.732254349958425
"24524","1250","Ec_N",409,44,44,"Ec",24,1,1,1,0,1,0.732254349958425
"24525","1250","Ec_N",409,45,45,"Ec",24,1,1,1,0,1,0.732254349958425
"24526","1250","Ec_N",409,46,46,"Ec",24,1,1,1,0,1,0.732254349958425
"24527","1250","Ec_N",409,47,47,"Ec",24,1,1,1,0,1,0.732254349958425
"24528","1250","Ec_N",409,48,48,"Ec",24,1,1,1,0,1,0.732254349958425
"24529","1250","Ec_N",409,49,49,"Ec",24,1,1,1,0,1,0.732254349958425
"24530","1250","Ec_N",409,50,50,"Ec",24,1,1,1,0,1,0.732254349958425
"24531","1250","Ec_N",409,51,51,"Ec",24,1,1,1,0,1,0.732254349958425
"24532","1250","Ec_N",409,52,52,"Ec",24,1,1,1,0,1,0.732254349958425
"24533","1250","Ec_N",409,53,53,"Ec",32,1,1,1,1,1,1
"24534","1250","Ec_N",409,54,54,"Ec",32,1,1,1,1,1,1
"24535","1250","Ec_N",409,55,55,"Ec",32,1,1,1,1,1,1
"24536","1250","Ec_N",409,56,56,"Ec",32,1,1,1,1,1,1
"24537","1250","Ec_N",409,57,57,"Ec",32,1,1,1,1,1,1
"24538","1250","Ec_N",409,58,58,"Ec",32,1,1,1,1,1,1
"24539","1250","Ec_N",409,59,59,"Ec",32,1,1,1,1,1,1
"24540","1250","Ec_N",409,60,60,"Ec",32,1,1,1,1,1,1
"24541","1250","Ec_N",410,1,1,"Ec",1,0,0,0,0,0,0
"24542","1250","Ec_N",410,2,2,"Ec",1,0,0,0,0,0,0
"24543","1250","Ec_N",410,3,3,"Ec",17,0,0,0,0,1,0.14692246949649
"24544","1250","Ec_N",410,4,4,"Ec",17,0,0,0,0,1,0.14692246949649
"24545","1250","Ec_N",410,5,5,"Ec",17,0,0,0,0,1,0.14692246949649
"24546","1250","Ec_N",410,6,6,"Ec",19,0,1,0,0,1,0.179678659430889
"24547","1250","Ec_N",410,7,7,"Ec",19,0,1,0,0,1,0.179678659430889
"24548","1250","Ec_N",410,8,8,"Ec",19,0,1,0,0,1,0.179678659430889
"24549","1250","Ec_N",410,9,9,"Ec",19,0,1,0,0,1,0.179678659430889
"24550","1250","Ec_N",410,10,10,"Ec",23,0,1,1,0,1,0.511241695498657
"24551","1250","Ec_N",410,11,11,"Ec",23,0,1,1,0,1,0.511241695498657
"24552","1250","Ec_N",410,12,12,"Ec",23,0,1,1,0,1,0.511241695498657
"24553","1250","Ec_N",410,13,13,"Ec",23,0,1,1,0,1,0.511241695498657
"24554","1250","Ec_N",410,14,14,"Ec",23,0,1,1,0,1,0.511241695498657
"24555","1250","Ec_N",410,15,15,"Ec",23,0,1,1,0,1,0.511241695498657
"24556","1250","Ec_N",410,16,16,"Ec",23,0,1,1,0,1,0.511241695498657
"24557","1250","Ec_N",410,17,17,"Ec",23,0,1,1,0,1,0.511241695498657
"24558","1250","Ec_N",410,18,18,"Ec",23,0,1,1,0,1,0.511241695498657
"24559","1250","Ec_N",410,19,19,"Ec",23,0,1,1,0,1,0.511241695498657
"24560","1250","Ec_N",410,20,20,"Ec",23,0,1,1,0,1,0.511241695498657
"24561","1250","Ec_N",410,21,21,"Ec",23,0,1,1,0,1,0.511241695498657
"24562","1250","Ec_N",410,22,22,"Ec",23,0,1,1,0,1,0.511241695498657
"24563","1250","Ec_N",410,23,23,"Ec",23,0,1,1,0,1,0.511241695498657
"24564","1250","Ec_N",410,24,24,"Ec",23,0,1,1,0,1,0.511241695498657
"24565","1250","Ec_N",410,25,25,"Ec",23,0,1,1,0,1,0.511241695498657
"24566","1250","Ec_N",410,26,26,"Ec",23,0,1,1,0,1,0.511241695498657
"24567","1250","Ec_N",410,27,27,"Ec",23,0,1,1,0,1,0.511241695498657
"24568","1250","Ec_N",410,28,28,"Ec",23,0,1,1,0,1,0.511241695498657
"24569","1250","Ec_N",410,29,29,"Ec",23,0,1,1,0,1,0.511241695498657
"24570","1250","Ec_N",410,30,30,"Ec",23,0,1,1,0,1,0.511241695498657
"24571","1250","Ec_N",410,31,31,"Ec",23,0,1,1,0,1,0.511241695498657
"24572","1250","Ec_N",410,32,32,"Ec",23,0,1,1,0,1,0.511241695498657
"24573","1250","Ec_N",410,33,33,"Ec",23,0,1,1,0,1,0.511241695498657
"24574","1250","Ec_N",410,34,34,"Ec",23,0,1,1,0,1,0.511241695498657
"24575","1250","Ec_N",410,35,35,"Ec",23,0,1,1,0,1,0.511241695498657
"24576","1250","Ec_N",410,36,36,"Ec",23,0,1,1,0,1,0.511241695498657
"24577","1250","Ec_N",410,37,37,"Ec",23,0,1,1,0,1,0.511241695498657
"24578","1250","Ec_N",410,38,38,"Ec",23,0,1,1,0,1,0.511241695498657
"24579","1250","Ec_N",410,39,39,"Ec",31,0,1,1,1,1,0.778987345540232
"24580","1250","Ec_N",410,40,40,"Ec",31,0,1,1,1,1,0.778987345540232
"24581","1250","Ec_N",410,41,41,"Ec",31,0,1,1,1,1,0.778987345540232
"24582","1250","Ec_N",410,42,42,"Ec",31,0,1,1,1,1,0.778987345540232
"24583","1250","Ec_N",410,43,43,"Ec",31,0,1,1,1,1,0.778987345540232
"24584","1250","Ec_N",410,44,44,"Ec",31,0,1,1,1,1,0.778987345540232
"24585","1250","Ec_N",410,45,45,"Ec",31,0,1,1,1,1,0.778987345540232
"24586","1250","Ec_N",410,46,46,"Ec",31,0,1,1,1,1,0.778987345540232
"24587","1250","Ec_N",410,47,47,"Ec",31,0,1,1,1,1,0.778987345540232
"24588","1250","Ec_N",410,48,48,"Ec",31,0,1,1,1,1,0.778987345540232
"24589","1250","Ec_N",410,49,49,"Ec",31,0,1,1,1,1,0.778987345540232
"24590","1250","Ec_N",410,50,50,"Ec",32,1,1,1,1,1,1
"24591","1250","Ec_N",410,51,51,"Ec",32,1,1,1,1,1,1
"24592","1250","Ec_N",410,52,52,"Ec",32,1,1,1,1,1,1
"24593","1250","Ec_N",410,53,53,"Ec",32,1,1,1,1,1,1
"24594","1250","Ec_N",410,54,54,"Ec",32,1,1,1,1,1,1
"24595","1250","Ec_N",410,55,55,"Ec",32,1,1,1,1,1,1
"24596","1250","Ec_N",410,56,56,"Ec",32,1,1,1,1,1,1
"24597","1250","Ec_N",410,57,57,"Ec",32,1,1,1,1,1,1
"24598","1250","Ec_N",410,58,58,"Ec",32,1,1,1,1,1,1
"24599","1250","Ec_N",410,59,59,"Ec",32,1,1,1,1,1,1
"24600","1250","Ec_N",410,60,60,"Ec",32,1,1,1,1,1,1
"24601","1250","Ec_N",411,1,1,"Ec",1,0,0,0,0,0,0
"24602","1250","Ec_N",411,2,2,"Ec",1,0,0,0,0,0,0
"24603","1250","Ec_N",411,3,3,"Ec",5,0,0,1,0,0,0.232063491762724
"24604","1250","Ec_N",411,4,4,"Ec",7,0,1,1,0,0,0.314714071177838
"24605","1250","Ec_N",411,5,5,"Ec",7,0,1,1,0,0,0.314714071177838
"24606","1250","Ec_N",411,6,6,"Ec",7,0,1,1,0,0,0.314714071177838
"24607","1250","Ec_N",411,7,7,"Ec",7,0,1,1,0,0,0.314714071177838
"24608","1250","Ec_N",411,8,8,"Ec",7,0,1,1,0,0,0.314714071177838
"24609","1250","Ec_N",411,9,9,"Ec",7,0,1,1,0,0,0.314714071177838
"24610","1250","Ec_N",411,10,10,"Ec",7,0,1,1,0,0,0.314714071177838
"24611","1250","Ec_N",411,11,11,"Ec",7,0,1,1,0,0,0.314714071177838
"24612","1250","Ec_N",411,12,12,"Ec",7,0,1,1,0,0,0.314714071177838
"24613","1250","Ec_N",411,13,13,"Ec",7,0,1,1,0,0,0.314714071177838
"24614","1250","Ec_N",411,14,14,"Ec",7,0,1,1,0,0,0.314714071177838
"24615","1250","Ec_N",411,15,15,"Ec",7,0,1,1,0,0,0.314714071177838
"24616","1250","Ec_N",411,16,16,"Ec",7,0,1,1,0,0,0.314714071177838
"24617","1250","Ec_N",411,17,17,"Ec",7,0,1,1,0,0,0.314714071177838
"24618","1250","Ec_N",411,18,18,"Ec",8,1,1,1,0,0,0.440600849145421
"24619","1250","Ec_N",411,19,19,"Ec",8,1,1,1,0,0,0.440600849145421
"24620","1250","Ec_N",411,20,20,"Ec",8,1,1,1,0,0,0.440600849145421
"24621","1250","Ec_N",411,21,21,"Ec",8,1,1,1,0,0,0.440600849145421
"24622","1250","Ec_N",411,22,22,"Ec",8,1,1,1,0,0,0.440600849145421
"24623","1250","Ec_N",411,23,23,"Ec",8,1,1,1,0,0,0.440600849145421
"24624","1250","Ec_N",411,24,24,"Ec",8,1,1,1,0,0,0.440600849145421
"24625","1250","Ec_N",411,25,25,"Ec",6,1,0,1,0,0,0.453076146222492
"24626","1250","Ec_N",411,26,26,"Ec",6,1,0,1,0,0,0.453076146222492
"24627","1250","Ec_N",411,27,27,"Ec",6,1,0,1,0,0,0.453076146222492
"24628","1250","Ec_N",411,28,28,"Ec",6,1,0,1,0,0,0.453076146222492
"24629","1250","Ec_N",411,29,29,"Ec",6,1,0,1,0,0,0.453076146222492
"24630","1250","Ec_N",411,30,30,"Ec",6,1,0,1,0,0,0.453076146222492
"24631","1250","Ec_N",411,31,31,"Ec",6,1,0,1,0,0,0.453076146222492
"24632","1250","Ec_N",411,32,32,"Ec",6,1,0,1,0,0,0.453076146222492
"24633","1250","Ec_N",411,33,33,"Ec",6,1,0,1,0,0,0.453076146222492
"24634","1250","Ec_N",411,34,34,"Ec",6,1,0,1,0,0,0.453076146222492
"24635","1250","Ec_N",411,35,35,"Ec",6,1,0,1,0,0,0.453076146222492
"24636","1250","Ec_N",411,36,36,"Ec",6,1,0,1,0,0,0.453076146222492
"24637","1250","Ec_N",411,37,37,"Ec",6,1,0,1,0,0,0.453076146222492
"24638","1250","Ec_N",411,38,38,"Ec",6,1,0,1,0,0,0.453076146222492
"24639","1250","Ec_N",411,39,39,"Ec",6,1,0,1,0,0,0.453076146222492
"24640","1250","Ec_N",411,40,40,"Ec",6,1,0,1,0,0,0.453076146222492
"24641","1250","Ec_N",411,41,41,"Ec",6,1,0,1,0,0,0.453076146222492
"24642","1250","Ec_N",411,42,42,"Ec",6,1,0,1,0,0,0.453076146222492
"24643","1250","Ec_N",411,43,43,"Ec",6,1,0,1,0,0,0.453076146222492
"24644","1250","Ec_N",411,44,44,"Ec",6,1,0,1,0,0,0.453076146222492
"24645","1250","Ec_N",411,45,45,"Ec",6,1,0,1,0,0,0.453076146222492
"24646","1250","Ec_N",411,46,46,"Ec",6,1,0,1,0,0,0.453076146222492
"24647","1250","Ec_N",411,47,47,"Ec",6,1,0,1,0,0,0.453076146222492
"24648","1250","Ec_N",411,48,48,"Ec",6,1,0,1,0,0,0.453076146222492
"24649","1250","Ec_N",411,49,49,"Ec",6,1,0,1,0,0,0.453076146222492
"24650","1250","Ec_N",411,50,50,"Ec",6,1,0,1,0,0,0.453076146222492
"24651","1250","Ec_N",411,51,51,"Ec",6,1,0,1,0,0,0.453076146222492
"24652","1250","Ec_N",411,52,52,"Ec",6,1,0,1,0,0,0.453076146222492
"24653","1250","Ec_N",411,53,53,"Ec",14,1,0,1,1,0,0.720821796264067
"24654","1250","Ec_N",411,54,54,"Ec",14,1,0,1,1,0,0.720821796264067
"24655","1250","Ec_N",411,55,55,"Ec",14,1,0,1,1,0,0.720821796264067
"24656","1250","Ec_N",411,56,56,"Ec",14,1,0,1,1,0,0.720821796264067
"24657","1250","Ec_N",411,57,57,"Ec",14,1,0,1,1,0,0.720821796264067
"24658","1250","Ec_N",411,58,58,"Ec",16,1,1,1,1,0,0.879284144928883
"24659","1250","Ec_N",411,59,59,"Ec",16,1,1,1,1,0,0.879284144928883
"24660","1250","Ec_N",411,60,60,"Ec",16,1,1,1,1,0,0.879284144928883
"24661","1250","Ec_N",412,1,1,"Ec",1,0,0,0,0,0,0
"24662","1250","Ec_N",412,2,2,"Ec",3,0,1,0,0,0,0.082650579415114
"24663","1250","Ec_N",412,3,3,"Ec",3,0,1,0,0,0,0.082650579415114
"24664","1250","Ec_N",412,4,4,"Ec",3,0,1,0,0,0,0.082650579415114
"24665","1250","Ec_N",412,5,5,"Ec",3,0,1,0,0,0,0.082650579415114
"24666","1250","Ec_N",412,6,6,"Ec",3,0,1,0,0,0,0.082650579415114
"24667","1250","Ec_N",412,7,7,"Ec",3,0,1,0,0,0,0.082650579415114
"24668","1250","Ec_N",412,8,8,"Ec",4,1,1,0,0,0,0.303663233874882
"24669","1250","Ec_N",412,9,9,"Ec",4,1,1,0,0,0,0.303663233874882
"24670","1250","Ec_N",412,10,10,"Ec",4,1,1,0,0,0,0.303663233874882
"24671","1250","Ec_N",412,11,11,"Ec",4,1,1,0,0,0,0.303663233874882
"24672","1250","Ec_N",412,12,12,"Ec",4,1,1,0,0,0,0.303663233874882
"24673","1250","Ec_N",412,13,13,"Ec",4,1,1,0,0,0,0.303663233874882
"24674","1250","Ec_N",412,14,14,"Ec",4,1,1,0,0,0,0.303663233874882
"24675","1250","Ec_N",412,15,15,"Ec",4,1,1,0,0,0,0.303663233874882
"24676","1250","Ec_N",412,16,16,"Ec",4,1,1,0,0,0,0.303663233874882
"24677","1250","Ec_N",412,17,17,"Ec",4,1,1,0,0,0,0.303663233874882
"24678","1250","Ec_N",412,18,18,"Ec",4,1,1,0,0,0,0.303663233874882
"24679","1250","Ec_N",412,19,19,"Ec",4,1,1,0,0,0,0.303663233874882
"24680","1250","Ec_N",412,20,20,"Ec",4,1,1,0,0,0,0.303663233874882
"24681","1250","Ec_N",412,21,21,"Ec",4,1,1,0,0,0,0.303663233874882
"24682","1250","Ec_N",412,22,22,"Ec",4,1,1,0,0,0,0.303663233874882
"24683","1250","Ec_N",412,23,23,"Ec",8,1,1,1,0,0,0.440600849145421
"24684","1250","Ec_N",412,24,24,"Ec",8,1,1,1,0,0,0.440600849145421
"24685","1250","Ec_N",412,25,25,"Ec",8,1,1,1,0,0,0.440600849145421
"24686","1250","Ec_N",412,26,26,"Ec",8,1,1,1,0,0,0.440600849145421
"24687","1250","Ec_N",412,27,27,"Ec",8,1,1,1,0,0,0.440600849145421
"24688","1250","Ec_N",412,28,28,"Ec",8,1,1,1,0,0,0.440600849145421
"24689","1250","Ec_N",412,29,29,"Ec",8,1,1,1,0,0,0.440600849145421
"24690","1250","Ec_N",412,30,30,"Ec",8,1,1,1,0,0,0.440600849145421
"24691","1250","Ec_N",412,31,31,"Ec",8,1,1,1,0,0,0.440600849145421
"24692","1250","Ec_N",412,32,32,"Ec",8,1,1,1,0,0,0.440600849145421
"24693","1250","Ec_N",412,33,33,"Ec",8,1,1,1,0,0,0.440600849145421
"24694","1250","Ec_N",412,34,34,"Ec",8,1,1,1,0,0,0.440600849145421
"24695","1250","Ec_N",412,35,35,"Ec",24,1,1,1,0,1,0.732254349958425
"24696","1250","Ec_N",412,36,36,"Ec",24,1,1,1,0,1,0.732254349958425
"24697","1250","Ec_N",412,37,37,"Ec",24,1,1,1,0,1,0.732254349958425
"24698","1250","Ec_N",412,38,38,"Ec",24,1,1,1,0,1,0.732254349958425
"24699","1250","Ec_N",412,39,39,"Ec",24,1,1,1,0,1,0.732254349958425
"24700","1250","Ec_N",412,40,40,"Ec",24,1,1,1,0,1,0.732254349958425
"24701","1250","Ec_N",412,41,41,"Ec",24,1,1,1,0,1,0.732254349958425
"24702","1250","Ec_N",412,42,42,"Ec",24,1,1,1,0,1,0.732254349958425
"24703","1250","Ec_N",412,43,43,"Ec",24,1,1,1,0,1,0.732254349958425
"24704","1250","Ec_N",412,44,44,"Ec",24,1,1,1,0,1,0.732254349958425
"24705","1250","Ec_N",412,45,45,"Ec",24,1,1,1,0,1,0.732254349958425
"24706","1250","Ec_N",412,46,46,"Ec",24,1,1,1,0,1,0.732254349958425
"24707","1250","Ec_N",412,47,47,"Ec",32,1,1,1,1,1,1
"24708","1250","Ec_N",412,48,48,"Ec",32,1,1,1,1,1,1
"24709","1250","Ec_N",412,49,49,"Ec",32,1,1,1,1,1,1
"24710","1250","Ec_N",412,50,50,"Ec",32,1,1,1,1,1,1
"24711","1250","Ec_N",412,51,51,"Ec",32,1,1,1,1,1,1
"24712","1250","Ec_N",412,52,52,"Ec",32,1,1,1,1,1,1
"24713","1250","Ec_N",412,53,53,"Ec",32,1,1,1,1,1,1
"24714","1250","Ec_N",412,54,54,"Ec",32,1,1,1,1,1,1
"24715","1250","Ec_N",412,55,55,"Ec",32,1,1,1,1,1,1
"24716","1250","Ec_N",412,56,56,"Ec",32,1,1,1,1,1,1
"24717","1250","Ec_N",412,57,57,"Ec",32,1,1,1,1,1,1
"24718","1250","Ec_N",412,58,58,"Ec",32,1,1,1,1,1,1
"24719","1250","Ec_N",412,59,59,"Ec",32,1,1,1,1,1,1
"24720","1250","Ec_N",412,60,60,"Ec",32,1,1,1,1,1,1
"24721","1250","Ec_N",413,1,1,"Ec",1,0,0,0,0,0,0
"24722","1250","Ec_N",413,2,2,"Ec",1,0,0,0,0,0,0
"24723","1250","Ec_N",413,3,3,"Ec",1,0,0,0,0,0,0
"24724","1250","Ec_N",413,4,4,"Ec",1,0,0,0,0,0,0
"24725","1250","Ec_N",413,5,5,"Ec",1,0,0,0,0,0,0
"24726","1250","Ec_N",413,6,6,"Ec",1,0,0,0,0,0,0
"24727","1250","Ec_N",413,7,7,"Ec",1,0,0,0,0,0,0
"24728","1250","Ec_N",413,8,8,"Ec",1,0,0,0,0,0,0
"24729","1250","Ec_N",413,9,9,"Ec",1,0,0,0,0,0,0
"24730","1250","Ec_N",413,10,10,"Ec",1,0,0,0,0,0,0
"24731","1250","Ec_N",413,11,11,"Ec",2,1,0,0,0,0,0.221012654459768
"24732","1250","Ec_N",413,12,12,"Ec",2,1,0,0,0,0,0.221012654459768
"24733","1250","Ec_N",413,13,13,"Ec",2,1,0,0,0,0,0.221012654459768
"24734","1250","Ec_N",413,14,14,"Ec",2,1,0,0,0,0,0.221012654459768
"24735","1250","Ec_N",413,15,15,"Ec",2,1,0,0,0,0,0.221012654459768
"24736","1250","Ec_N",413,16,16,"Ec",4,1,1,0,0,0,0.303663233874882
"24737","1250","Ec_N",413,17,17,"Ec",4,1,1,0,0,0,0.303663233874882
"24738","1250","Ec_N",413,18,18,"Ec",4,1,1,0,0,0,0.303663233874882
"24739","1250","Ec_N",413,19,19,"Ec",4,1,1,0,0,0,0.303663233874882
"24740","1250","Ec_N",413,20,20,"Ec",4,1,1,0,0,0,0.303663233874882
"24741","1250","Ec_N",413,21,21,"Ec",4,1,1,0,0,0,0.303663233874882
"24742","1250","Ec_N",413,22,22,"Ec",4,1,1,0,0,0,0.303663233874882
"24743","1250","Ec_N",413,23,23,"Ec",4,1,1,0,0,0,0.303663233874882
"24744","1250","Ec_N",413,24,24,"Ec",8,1,1,1,0,0,0.440600849145421
"24745","1250","Ec_N",413,25,25,"Ec",8,1,1,1,0,0,0.440600849145421
"24746","1250","Ec_N",413,26,26,"Ec",8,1,1,1,0,0,0.440600849145421
"24747","1250","Ec_N",413,27,27,"Ec",8,1,1,1,0,0,0.440600849145421
"24748","1250","Ec_N",413,28,28,"Ec",6,1,0,1,0,0,0.453076146222492
"24749","1250","Ec_N",413,29,29,"Ec",6,1,0,1,0,0,0.453076146222492
"24750","1250","Ec_N",413,30,30,"Ec",6,1,0,1,0,0,0.453076146222492
"24751","1250","Ec_N",413,31,31,"Ec",6,1,0,1,0,0,0.453076146222492
"24752","1250","Ec_N",413,32,32,"Ec",6,1,0,1,0,0,0.453076146222492
"24753","1250","Ec_N",413,33,33,"Ec",6,1,0,1,0,0,0.453076146222492
"24754","1250","Ec_N",413,34,34,"Ec",6,1,0,1,0,0,0.453076146222492
"24755","1250","Ec_N",413,35,35,"Ec",22,1,0,1,0,1,0.649603770543311
"24756","1250","Ec_N",413,36,36,"Ec",22,1,0,1,0,1,0.649603770543311
"24757","1250","Ec_N",413,37,37,"Ec",22,1,0,1,0,1,0.649603770543311
"24758","1250","Ec_N",413,38,38,"Ec",22,1,0,1,0,1,0.649603770543311
"24759","1250","Ec_N",413,39,39,"Ec",22,1,0,1,0,1,0.649603770543311
"24760","1250","Ec_N",413,40,40,"Ec",22,1,0,1,0,1,0.649603770543311
"24761","1250","Ec_N",413,41,41,"Ec",22,1,0,1,0,1,0.649603770543311
"24762","1250","Ec_N",413,42,42,"Ec",22,1,0,1,0,1,0.649603770543311
"24763","1250","Ec_N",413,43,43,"Ec",22,1,0,1,0,1,0.649603770543311
"24764","1250","Ec_N",413,44,44,"Ec",22,1,0,1,0,1,0.649603770543311
"24765","1250","Ec_N",413,45,45,"Ec",30,1,0,1,1,1,0.981696467924213
"24766","1250","Ec_N",413,46,46,"Ec",30,1,0,1,1,1,0.981696467924213
"24767","1250","Ec_N",413,47,47,"Ec",30,1,0,1,1,1,0.981696467924213
"24768","1250","Ec_N",413,48,48,"Ec",30,1,0,1,1,1,0.981696467924213
"24769","1250","Ec_N",413,49,49,"Ec",30,1,0,1,1,1,0.981696467924213
"24770","1250","Ec_N",413,50,50,"Ec",30,1,0,1,1,1,0.981696467924213
"24771","1250","Ec_N",413,51,51,"Ec",30,1,0,1,1,1,0.981696467924213
"24772","1250","Ec_N",413,52,52,"Ec",30,1,0,1,1,1,0.981696467924213
"24773","1250","Ec_N",413,53,53,"Ec",30,1,0,1,1,1,0.981696467924213
"24774","1250","Ec_N",413,54,54,"Ec",30,1,0,1,1,1,0.981696467924213
"24775","1250","Ec_N",413,55,55,"Ec",30,1,0,1,1,1,0.981696467924213
"24776","1250","Ec_N",413,56,56,"Ec",30,1,0,1,1,1,0.981696467924213
"24777","1250","Ec_N",413,57,57,"Ec",30,1,0,1,1,1,0.981696467924213
"24778","1250","Ec_N",413,58,58,"Ec",30,1,0,1,1,1,0.981696467924213
"24779","1250","Ec_N",413,59,59,"Ec",30,1,0,1,1,1,0.981696467924213
"24780","1250","Ec_N",413,60,60,"Ec",32,1,1,1,1,1,1
"24781","1250","Ec_N",414,1,1,"Ec",1,0,0,0,0,0,0
"24782","1250","Ec_N",414,2,2,"Ec",1,0,0,0,0,0,0
"24783","1250","Ec_N",414,3,3,"Ec",2,1,0,0,0,0,0.221012654459768
"24784","1250","Ec_N",414,4,4,"Ec",6,1,0,1,0,0,0.453076146222492
"24785","1250","Ec_N",414,5,5,"Ec",6,1,0,1,0,0,0.453076146222492
"24786","1250","Ec_N",414,6,6,"Ec",6,1,0,1,0,0,0.453076146222492
"24787","1250","Ec_N",414,7,7,"Ec",22,1,0,1,0,1,0.649603770543311
"24788","1250","Ec_N",414,8,8,"Ec",22,1,0,1,0,1,0.649603770543311
"24789","1250","Ec_N",414,9,9,"Ec",22,1,0,1,0,1,0.649603770543311
"24790","1250","Ec_N",414,10,10,"Ec",22,1,0,1,0,1,0.649603770543311
"24791","1250","Ec_N",414,11,11,"Ec",30,1,0,1,1,1,0.981696467924213
"24792","1250","Ec_N",414,12,12,"Ec",30,1,0,1,1,1,0.981696467924213
"24793","1250","Ec_N",414,13,13,"Ec",30,1,0,1,1,1,0.981696467924213
"24794","1250","Ec_N",414,14,14,"Ec",30,1,0,1,1,1,0.981696467924213
"24795","1250","Ec_N",414,15,15,"Ec",30,1,0,1,1,1,0.981696467924213
"24796","1250","Ec_N",414,16,16,"Ec",30,1,0,1,1,1,0.981696467924213
"24797","1250","Ec_N",414,17,17,"Ec",30,1,0,1,1,1,0.981696467924213
"24798","1250","Ec_N",414,18,18,"Ec",30,1,0,1,1,1,0.981696467924213
"24799","1250","Ec_N",414,19,19,"Ec",30,1,0,1,1,1,0.981696467924213
"24800","1250","Ec_N",414,20,20,"Ec",30,1,0,1,1,1,0.981696467924213
"24801","1250","Ec_N",414,21,21,"Ec",30,1,0,1,1,1,0.981696467924213
"24802","1250","Ec_N",414,22,22,"Ec",30,1,0,1,1,1,0.981696467924213
"24803","1250","Ec_N",414,23,23,"Ec",30,1,0,1,1,1,0.981696467924213
"24804","1250","Ec_N",414,24,24,"Ec",30,1,0,1,1,1,0.981696467924213
"24805","1250","Ec_N",414,25,25,"Ec",30,1,0,1,1,1,0.981696467924213
"24806","1250","Ec_N",414,26,26,"Ec",30,1,0,1,1,1,0.981696467924213
"24807","1250","Ec_N",414,27,27,"Ec",30,1,0,1,1,1,0.981696467924213
"24808","1250","Ec_N",414,28,28,"Ec",30,1,0,1,1,1,0.981696467924213
"24809","1250","Ec_N",414,29,29,"Ec",30,1,0,1,1,1,0.981696467924213
"24810","1250","Ec_N",414,30,30,"Ec",30,1,0,1,1,1,0.981696467924213
"24811","1250","Ec_N",414,31,31,"Ec",30,1,0,1,1,1,0.981696467924213
"24812","1250","Ec_N",414,32,32,"Ec",30,1,0,1,1,1,0.981696467924213
"24813","1250","Ec_N",414,33,33,"Ec",30,1,0,1,1,1,0.981696467924213
"24814","1250","Ec_N",414,34,34,"Ec",30,1,0,1,1,1,0.981696467924213
"24815","1250","Ec_N",414,35,35,"Ec",30,1,0,1,1,1,0.981696467924213
"24816","1250","Ec_N",414,36,36,"Ec",30,1,0,1,1,1,0.981696467924213
"24817","1250","Ec_N",414,37,37,"Ec",30,1,0,1,1,1,0.981696467924213
"24818","1250","Ec_N",414,38,38,"Ec",30,1,0,1,1,1,0.981696467924213
"24819","1250","Ec_N",414,39,39,"Ec",30,1,0,1,1,1,0.981696467924213
"24820","1250","Ec_N",414,40,40,"Ec",30,1,0,1,1,1,0.981696467924213
"24821","1250","Ec_N",414,41,41,"Ec",30,1,0,1,1,1,0.981696467924213
"24822","1250","Ec_N",414,42,42,"Ec",30,1,0,1,1,1,0.981696467924213
"24823","1250","Ec_N",414,43,43,"Ec",30,1,0,1,1,1,0.981696467924213
"24824","1250","Ec_N",414,44,44,"Ec",30,1,0,1,1,1,0.981696467924213
"24825","1250","Ec_N",414,45,45,"Ec",30,1,0,1,1,1,0.981696467924213
"24826","1250","Ec_N",414,46,46,"Ec",30,1,0,1,1,1,0.981696467924213
"24827","1250","Ec_N",414,47,47,"Ec",30,1,0,1,1,1,0.981696467924213
"24828","1250","Ec_N",414,48,48,"Ec",30,1,0,1,1,1,0.981696467924213
"24829","1250","Ec_N",414,49,49,"Ec",30,1,0,1,1,1,0.981696467924213
"24830","1250","Ec_N",414,50,50,"Ec",30,1,0,1,1,1,0.981696467924213
"24831","1250","Ec_N",414,51,51,"Ec",30,1,0,1,1,1,0.981696467924213
"24832","1250","Ec_N",414,52,52,"Ec",30,1,0,1,1,1,0.981696467924213
"24833","1250","Ec_N",414,53,53,"Ec",30,1,0,1,1,1,0.981696467924213
"24834","1250","Ec_N",414,54,54,"Ec",30,1,0,1,1,1,0.981696467924213
"24835","1250","Ec_N",414,55,55,"Ec",30,1,0,1,1,1,0.981696467924213
"24836","1250","Ec_N",414,56,56,"Ec",30,1,0,1,1,1,0.981696467924213
"24837","1250","Ec_N",414,57,57,"Ec",30,1,0,1,1,1,0.981696467924213
"24838","1250","Ec_N",414,58,58,"Ec",32,1,1,1,1,1,1
"24839","1250","Ec_N",414,59,59,"Ec",32,1,1,1,1,1,1
"24840","1250","Ec_N",414,60,60,"Ec",32,1,1,1,1,1,1
"24841","1250","Ec_N",415,1,1,"Ec",1,0,0,0,0,0,0
"24842","1250","Ec_N",415,2,2,"Ec",1,0,0,0,0,0,0
"24843","1250","Ec_N",415,3,3,"Ec",1,0,0,0,0,0,0
"24844","1250","Ec_N",415,4,4,"Ec",17,0,0,0,0,1,0.14692246949649
"24845","1250","Ec_N",415,5,5,"Ec",17,0,0,0,0,1,0.14692246949649
"24846","1250","Ec_N",415,6,6,"Ec",17,0,0,0,0,1,0.14692246949649
"24847","1250","Ec_N",415,7,7,"Ec",17,0,0,0,0,1,0.14692246949649
"24848","1250","Ec_N",415,8,8,"Ec",17,0,0,0,0,1,0.14692246949649
"24849","1250","Ec_N",415,9,9,"Ec",17,0,0,0,0,1,0.14692246949649
"24850","1250","Ec_N",415,10,10,"Ec",17,0,0,0,0,1,0.14692246949649
"24851","1250","Ec_N",415,11,11,"Ec",17,0,0,0,0,1,0.14692246949649
"24852","1250","Ec_N",415,12,12,"Ec",18,1,0,0,0,1,0.417540278780587
"24853","1250","Ec_N",415,13,13,"Ec",18,1,0,0,0,1,0.417540278780587
"24854","1250","Ec_N",415,14,14,"Ec",18,1,0,0,0,1,0.417540278780587
"24855","1250","Ec_N",415,15,15,"Ec",18,1,0,0,0,1,0.417540278780587
"24856","1250","Ec_N",415,16,16,"Ec",18,1,0,0,0,1,0.417540278780587
"24857","1250","Ec_N",415,17,17,"Ec",18,1,0,0,0,1,0.417540278780587
"24858","1250","Ec_N",415,18,18,"Ec",18,1,0,0,0,1,0.417540278780587
"24859","1250","Ec_N",415,19,19,"Ec",22,1,0,1,0,1,0.649603770543311
"24860","1250","Ec_N",415,20,20,"Ec",24,1,1,1,0,1,0.732254349958425
"24861","1250","Ec_N",415,21,21,"Ec",24,1,1,1,0,1,0.732254349958425
"24862","1250","Ec_N",415,22,22,"Ec",24,1,1,1,0,1,0.732254349958425
"24863","1250","Ec_N",415,23,23,"Ec",24,1,1,1,0,1,0.732254349958425
"24864","1250","Ec_N",415,24,24,"Ec",24,1,1,1,0,1,0.732254349958425
"24865","1250","Ec_N",415,25,25,"Ec",24,1,1,1,0,1,0.732254349958425
"24866","1250","Ec_N",415,26,26,"Ec",24,1,1,1,0,1,0.732254349958425
"24867","1250","Ec_N",415,27,27,"Ec",24,1,1,1,0,1,0.732254349958425
"24868","1250","Ec_N",415,28,28,"Ec",24,1,1,1,0,1,0.732254349958425
"24869","1250","Ec_N",415,29,29,"Ec",24,1,1,1,0,1,0.732254349958425
"24870","1250","Ec_N",415,30,30,"Ec",24,1,1,1,0,1,0.732254349958425
"24871","1250","Ec_N",415,31,31,"Ec",24,1,1,1,0,1,0.732254349958425
"24872","1250","Ec_N",415,32,32,"Ec",24,1,1,1,0,1,0.732254349958425
"24873","1250","Ec_N",415,33,33,"Ec",24,1,1,1,0,1,0.732254349958425
"24874","1250","Ec_N",415,34,34,"Ec",24,1,1,1,0,1,0.732254349958425
"24875","1250","Ec_N",415,35,35,"Ec",24,1,1,1,0,1,0.732254349958425
"24876","1250","Ec_N",415,36,36,"Ec",24,1,1,1,0,1,0.732254349958425
"24877","1250","Ec_N",415,37,37,"Ec",24,1,1,1,0,1,0.732254349958425
"24878","1250","Ec_N",415,38,38,"Ec",24,1,1,1,0,1,0.732254349958425
"24879","1250","Ec_N",415,39,39,"Ec",24,1,1,1,0,1,0.732254349958425
"24880","1250","Ec_N",415,40,40,"Ec",24,1,1,1,0,1,0.732254349958425
"24881","1250","Ec_N",415,41,41,"Ec",24,1,1,1,0,1,0.732254349958425
"24882","1250","Ec_N",415,42,42,"Ec",24,1,1,1,0,1,0.732254349958425
"24883","1250","Ec_N",415,43,43,"Ec",24,1,1,1,0,1,0.732254349958425
"24884","1250","Ec_N",415,44,44,"Ec",24,1,1,1,0,1,0.732254349958425
"24885","1250","Ec_N",415,45,45,"Ec",24,1,1,1,0,1,0.732254349958425
"24886","1250","Ec_N",415,46,46,"Ec",24,1,1,1,0,1,0.732254349958425
"24887","1250","Ec_N",415,47,47,"Ec",24,1,1,1,0,1,0.732254349958425
"24888","1250","Ec_N",415,48,48,"Ec",24,1,1,1,0,1,0.732254349958425
"24889","1250","Ec_N",415,49,49,"Ec",24,1,1,1,0,1,0.732254349958425
"24890","1250","Ec_N",415,50,50,"Ec",24,1,1,1,0,1,0.732254349958425
"24891","1250","Ec_N",415,51,51,"Ec",24,1,1,1,0,1,0.732254349958425
"24892","1250","Ec_N",415,52,52,"Ec",24,1,1,1,0,1,0.732254349958425
"24893","1250","Ec_N",415,53,53,"Ec",24,1,1,1,0,1,0.732254349958425
"24894","1250","Ec_N",415,54,54,"Ec",24,1,1,1,0,1,0.732254349958425
"24895","1250","Ec_N",415,55,55,"Ec",24,1,1,1,0,1,0.732254349958425
"24896","1250","Ec_N",415,56,56,"Ec",24,1,1,1,0,1,0.732254349958425
"24897","1250","Ec_N",415,57,57,"Ec",24,1,1,1,0,1,0.732254349958425
"24898","1250","Ec_N",415,58,58,"Ec",24,1,1,1,0,1,0.732254349958425
"24899","1250","Ec_N",415,59,59,"Ec",24,1,1,1,0,1,0.732254349958425
"24900","1250","Ec_N",415,60,60,"Ec",24,1,1,1,0,1,0.732254349958425
"24901","1250","Ec_N",416,1,1,"Ec",1,0,0,0,0,0,0
"24902","1250","Ec_N",416,2,2,"Ec",1,0,0,0,0,0,0
"24903","1250","Ec_N",416,3,3,"Ec",9,0,0,0,1,0,0.267745650041575
"24904","1250","Ec_N",416,4,4,"Ec",9,0,0,0,1,0,0.267745650041575
"24905","1250","Ec_N",416,5,5,"Ec",9,0,0,0,1,0,0.267745650041575
"24906","1250","Ec_N",416,6,6,"Ec",9,0,0,0,1,0,0.267745650041575
"24907","1250","Ec_N",416,7,7,"Ec",9,0,0,0,1,0,0.267745650041575
"24908","1250","Ec_N",416,8,8,"Ec",9,0,0,0,1,0,0.267745650041575
"24909","1250","Ec_N",416,9,9,"Ec",9,0,0,0,1,0,0.267745650041575
"24910","1250","Ec_N",416,10,10,"Ec",9,0,0,0,1,0,0.267745650041575
"24911","1250","Ec_N",416,11,11,"Ec",9,0,0,0,1,0,0.267745650041575
"24912","1250","Ec_N",416,12,12,"Ec",9,0,0,0,1,0,0.267745650041575
"24913","1250","Ec_N",416,13,13,"Ec",9,0,0,0,1,0,0.267745650041575
"24914","1250","Ec_N",416,14,14,"Ec",9,0,0,0,1,0,0.267745650041575
"24915","1250","Ec_N",416,15,15,"Ec",9,0,0,0,1,0,0.267745650041575
"24916","1250","Ec_N",416,16,16,"Ec",9,0,0,0,1,0,0.267745650041575
"24917","1250","Ec_N",416,17,17,"Ec",9,0,0,0,1,0,0.267745650041575
"24918","1250","Ec_N",416,18,18,"Ec",9,0,0,0,1,0,0.267745650041575
"24919","1250","Ec_N",416,19,19,"Ec",9,0,0,0,1,0,0.267745650041575
"24920","1250","Ec_N",416,20,20,"Ec",9,0,0,0,1,0,0.267745650041575
"24921","1250","Ec_N",416,21,21,"Ec",25,0,0,0,1,1,0.464273274362394
"24922","1250","Ec_N",416,22,22,"Ec",25,0,0,0,1,1,0.464273274362394
"24923","1250","Ec_N",416,23,23,"Ec",25,0,0,0,1,1,0.464273274362394
"24924","1250","Ec_N",416,24,24,"Ec",25,0,0,0,1,1,0.464273274362394
"24925","1250","Ec_N",416,25,25,"Ec",25,0,0,0,1,1,0.464273274362394
"24926","1250","Ec_N",416,26,26,"Ec",26,1,0,0,1,1,0.685285928822162
"24927","1250","Ec_N",416,27,27,"Ec",26,1,0,0,1,1,0.685285928822162
"24928","1250","Ec_N",416,28,28,"Ec",26,1,0,0,1,1,0.685285928822162
"24929","1250","Ec_N",416,29,29,"Ec",26,1,0,0,1,1,0.685285928822162
"24930","1250","Ec_N",416,30,30,"Ec",26,1,0,0,1,1,0.685285928822162
"24931","1250","Ec_N",416,31,31,"Ec",26,1,0,0,1,1,0.685285928822162
"24932","1250","Ec_N",416,32,32,"Ec",30,1,0,1,1,1,0.981696467924213
"24933","1250","Ec_N",416,33,33,"Ec",30,1,0,1,1,1,0.981696467924213
"24934","1250","Ec_N",416,34,34,"Ec",30,1,0,1,1,1,0.981696467924213
"24935","1250","Ec_N",416,35,35,"Ec",30,1,0,1,1,1,0.981696467924213
"24936","1250","Ec_N",416,36,36,"Ec",32,1,1,1,1,1,1
"24937","1250","Ec_N",416,37,37,"Ec",32,1,1,1,1,1,1
"24938","1250","Ec_N",416,38,38,"Ec",32,1,1,1,1,1,1
"24939","1250","Ec_N",416,39,39,"Ec",32,1,1,1,1,1,1
"24940","1250","Ec_N",416,40,40,"Ec",32,1,1,1,1,1,1
"24941","1250","Ec_N",416,41,41,"Ec",32,1,1,1,1,1,1
"24942","1250","Ec_N",416,42,42,"Ec",32,1,1,1,1,1,1
"24943","1250","Ec_N",416,43,43,"Ec",32,1,1,1,1,1,1
"24944","1250","Ec_N",416,44,44,"Ec",32,1,1,1,1,1,1
"24945","1250","Ec_N",416,45,45,"Ec",32,1,1,1,1,1,1
"24946","1250","Ec_N",416,46,46,"Ec",32,1,1,1,1,1,1
"24947","1250","Ec_N",416,47,47,"Ec",32,1,1,1,1,1,1
"24948","1250","Ec_N",416,48,48,"Ec",32,1,1,1,1,1,1
"24949","1250","Ec_N",416,49,49,"Ec",32,1,1,1,1,1,1
"24950","1250","Ec_N",416,50,50,"Ec",32,1,1,1,1,1,1
"24951","1250","Ec_N",416,51,51,"Ec",32,1,1,1,1,1,1
"24952","1250","Ec_N",416,52,52,"Ec",32,1,1,1,1,1,1
"24953","1250","Ec_N",416,53,53,"Ec",32,1,1,1,1,1,1
"24954","1250","Ec_N",416,54,54,"Ec",32,1,1,1,1,1,1
"24955","1250","Ec_N",416,55,55,"Ec",32,1,1,1,1,1,1
"24956","1250","Ec_N",416,56,56,"Ec",32,1,1,1,1,1,1
"24957","1250","Ec_N",416,57,57,"Ec",32,1,1,1,1,1,1
"24958","1250","Ec_N",416,58,58,"Ec",32,1,1,1,1,1,1
"24959","1250","Ec_N",416,59,59,"Ec",32,1,1,1,1,1,1
"24960","1250","Ec_N",416,60,60,"Ec",32,1,1,1,1,1,1
"24961","1250","Ec_N",417,1,1,"Ec",1,0,0,0,0,0,0
"24962","1250","Ec_N",417,2,2,"Ec",5,0,0,1,0,0,0.232063491762724
"24963","1250","Ec_N",417,3,3,"Ec",21,0,0,1,0,1,0.428591116083543
"24964","1250","Ec_N",417,4,4,"Ec",21,0,0,1,0,1,0.428591116083543
"24965","1250","Ec_N",417,5,5,"Ec",21,0,0,1,0,1,0.428591116083543
"24966","1250","Ec_N",417,6,6,"Ec",21,0,0,1,0,1,0.428591116083543
"24967","1250","Ec_N",417,7,7,"Ec",21,0,0,1,0,1,0.428591116083543
"24968","1250","Ec_N",417,8,8,"Ec",21,0,0,1,0,1,0.428591116083543
"24969","1250","Ec_N",417,9,9,"Ec",23,0,1,1,0,1,0.511241695498657
"24970","1250","Ec_N",417,10,10,"Ec",23,0,1,1,0,1,0.511241695498657
"24971","1250","Ec_N",417,11,11,"Ec",23,0,1,1,0,1,0.511241695498657
"24972","1250","Ec_N",417,12,12,"Ec",31,0,1,1,1,1,0.778987345540232
"24973","1250","Ec_N",417,13,13,"Ec",31,0,1,1,1,1,0.778987345540232
"24974","1250","Ec_N",417,14,14,"Ec",31,0,1,1,1,1,0.778987345540232
"24975","1250","Ec_N",417,15,15,"Ec",31,0,1,1,1,1,0.778987345540232
"24976","1250","Ec_N",417,16,16,"Ec",31,0,1,1,1,1,0.778987345540232
"24977","1250","Ec_N",417,17,17,"Ec",31,0,1,1,1,1,0.778987345540232
"24978","1250","Ec_N",417,18,18,"Ec",31,0,1,1,1,1,0.778987345540232
"24979","1250","Ec_N",417,19,19,"Ec",31,0,1,1,1,1,0.778987345540232
"24980","1250","Ec_N",417,20,20,"Ec",31,0,1,1,1,1,0.778987345540232
"24981","1250","Ec_N",417,21,21,"Ec",31,0,1,1,1,1,0.778987345540232
"24982","1250","Ec_N",417,22,22,"Ec",32,1,1,1,1,1,1
"24983","1250","Ec_N",417,23,23,"Ec",32,1,1,1,1,1,1
"24984","1250","Ec_N",417,24,24,"Ec",32,1,1,1,1,1,1
"24985","1250","Ec_N",417,25,25,"Ec",32,1,1,1,1,1,1
"24986","1250","Ec_N",417,26,26,"Ec",32,1,1,1,1,1,1
"24987","1250","Ec_N",417,27,27,"Ec",32,1,1,1,1,1,1
"24988","1250","Ec_N",417,28,28,"Ec",32,1,1,1,1,1,1
"24989","1250","Ec_N",417,29,29,"Ec",32,1,1,1,1,1,1
"24990","1250","Ec_N",417,30,30,"Ec",32,1,1,1,1,1,1
"24991","1250","Ec_N",417,31,31,"Ec",32,1,1,1,1,1,1
"24992","1250","Ec_N",417,32,32,"Ec",32,1,1,1,1,1,1
"24993","1250","Ec_N",417,33,33,"Ec",32,1,1,1,1,1,1
"24994","1250","Ec_N",417,34,34,"Ec",32,1,1,1,1,1,1
"24995","1250","Ec_N",417,35,35,"Ec",32,1,1,1,1,1,1
"24996","1250","Ec_N",417,36,36,"Ec",32,1,1,1,1,1,1
"24997","1250","Ec_N",417,37,37,"Ec",32,1,1,1,1,1,1
"24998","1250","Ec_N",417,38,38,"Ec",32,1,1,1,1,1,1
"24999","1250","Ec_N",417,39,39,"Ec",32,1,1,1,1,1,1
"25000","1250","Ec_N",417,40,40,"Ec",32,1,1,1,1,1,1
"25001","1250","Ec_N",417,41,41,"Ec",32,1,1,1,1,1,1
"25002","1250","Ec_N",417,42,42,"Ec",32,1,1,1,1,1,1
"25003","1250","Ec_N",417,43,43,"Ec",32,1,1,1,1,1,1
"25004","1250","Ec_N",417,44,44,"Ec",32,1,1,1,1,1,1
"25005","1250","Ec_N",417,45,45,"Ec",32,1,1,1,1,1,1
"25006","1250","Ec_N",417,46,46,"Ec",32,1,1,1,1,1,1
"25007","1250","Ec_N",417,47,47,"Ec",32,1,1,1,1,1,1
"25008","1250","Ec_N",417,48,48,"Ec",32,1,1,1,1,1,1
"25009","1250","Ec_N",417,49,49,"Ec",32,1,1,1,1,1,1
"25010","1250","Ec_N",417,50,50,"Ec",32,1,1,1,1,1,1
"25011","1250","Ec_N",417,51,51,"Ec",32,1,1,1,1,1,1
"25012","1250","Ec_N",417,52,52,"Ec",32,1,1,1,1,1,1
"25013","1250","Ec_N",417,53,53,"Ec",32,1,1,1,1,1,1
"25014","1250","Ec_N",417,54,54,"Ec",32,1,1,1,1,1,1
"25015","1250","Ec_N",417,55,55,"Ec",32,1,1,1,1,1,1
"25016","1250","Ec_N",417,56,56,"Ec",32,1,1,1,1,1,1
"25017","1250","Ec_N",417,57,57,"Ec",32,1,1,1,1,1,1
"25018","1250","Ec_N",417,58,58,"Ec",32,1,1,1,1,1,1
"25019","1250","Ec_N",417,59,59,"Ec",32,1,1,1,1,1,1
"25020","1250","Ec_N",417,60,60,"Ec",32,1,1,1,1,1,1
"25021","1250","Ec_N",418,1,1,"Ec",1,0,0,0,0,0,0
"25022","1250","Ec_N",418,2,2,"Ec",1,0,0,0,0,0,0
"25023","1250","Ec_N",418,3,3,"Ec",1,0,0,0,0,0,0
"25024","1250","Ec_N",418,4,4,"Ec",5,0,0,1,0,0,0.232063491762724
"25025","1250","Ec_N",418,5,5,"Ec",5,0,0,1,0,0,0.232063491762724
"25026","1250","Ec_N",418,6,6,"Ec",5,0,0,1,0,0,0.232063491762724
"25027","1250","Ec_N",418,7,7,"Ec",6,1,0,1,0,0,0.453076146222492
"25028","1250","Ec_N",418,8,8,"Ec",6,1,0,1,0,0,0.453076146222492
"25029","1250","Ec_N",418,9,9,"Ec",6,1,0,1,0,0,0.453076146222492
"25030","1250","Ec_N",418,10,10,"Ec",6,1,0,1,0,0,0.453076146222492
"25031","1250","Ec_N",418,11,11,"Ec",6,1,0,1,0,0,0.453076146222492
"25032","1250","Ec_N",418,12,12,"Ec",6,1,0,1,0,0,0.453076146222492
"25033","1250","Ec_N",418,13,13,"Ec",6,1,0,1,0,0,0.453076146222492
"25034","1250","Ec_N",418,14,14,"Ec",6,1,0,1,0,0,0.453076146222492
"25035","1250","Ec_N",418,15,15,"Ec",6,1,0,1,0,0,0.453076146222492
"25036","1250","Ec_N",418,16,16,"Ec",6,1,0,1,0,0,0.453076146222492
"25037","1250","Ec_N",418,17,17,"Ec",6,1,0,1,0,0,0.453076146222492
"25038","1250","Ec_N",418,18,18,"Ec",6,1,0,1,0,0,0.453076146222492
"25039","1250","Ec_N",418,19,19,"Ec",6,1,0,1,0,0,0.453076146222492
"25040","1250","Ec_N",418,20,20,"Ec",6,1,0,1,0,0,0.453076146222492
"25041","1250","Ec_N",418,21,21,"Ec",6,1,0,1,0,0,0.453076146222492
"25042","1250","Ec_N",418,22,22,"Ec",6,1,0,1,0,0,0.453076146222492
"25043","1250","Ec_N",418,23,23,"Ec",6,1,0,1,0,0,0.453076146222492
"25044","1250","Ec_N",418,24,24,"Ec",6,1,0,1,0,0,0.453076146222492
"25045","1250","Ec_N",418,25,25,"Ec",6,1,0,1,0,0,0.453076146222492
"25046","1250","Ec_N",418,26,26,"Ec",14,1,0,1,1,0,0.720821796264067
"25047","1250","Ec_N",418,27,27,"Ec",14,1,0,1,1,0,0.720821796264067
"25048","1250","Ec_N",418,28,28,"Ec",16,1,1,1,1,0,0.879284144928883
"25049","1250","Ec_N",418,29,29,"Ec",16,1,1,1,1,0,0.879284144928883
"25050","1250","Ec_N",418,30,30,"Ec",16,1,1,1,1,0,0.879284144928883
"25051","1250","Ec_N",418,31,31,"Ec",16,1,1,1,1,0,0.879284144928883
"25052","1250","Ec_N",418,32,32,"Ec",16,1,1,1,1,0,0.879284144928883
"25053","1250","Ec_N",418,33,33,"Ec",16,1,1,1,1,0,0.879284144928883
"25054","1250","Ec_N",418,34,34,"Ec",16,1,1,1,1,0,0.879284144928883
"25055","1250","Ec_N",418,35,35,"Ec",16,1,1,1,1,0,0.879284144928883
"25056","1250","Ec_N",418,36,36,"Ec",16,1,1,1,1,0,0.879284144928883
"25057","1250","Ec_N",418,37,37,"Ec",16,1,1,1,1,0,0.879284144928883
"25058","1250","Ec_N",418,38,38,"Ec",16,1,1,1,1,0,0.879284144928883
"25059","1250","Ec_N",418,39,39,"Ec",16,1,1,1,1,0,0.879284144928883
"25060","1250","Ec_N",418,40,40,"Ec",16,1,1,1,1,0,0.879284144928883
"25061","1250","Ec_N",418,41,41,"Ec",16,1,1,1,1,0,0.879284144928883
"25062","1250","Ec_N",418,42,42,"Ec",16,1,1,1,1,0,0.879284144928883
"25063","1250","Ec_N",418,43,43,"Ec",16,1,1,1,1,0,0.879284144928883
"25064","1250","Ec_N",418,44,44,"Ec",16,1,1,1,1,0,0.879284144928883
"25065","1250","Ec_N",418,45,45,"Ec",16,1,1,1,1,0,0.879284144928883
"25066","1250","Ec_N",418,46,46,"Ec",32,1,1,1,1,1,1
"25067","1250","Ec_N",418,47,47,"Ec",32,1,1,1,1,1,1
"25068","1250","Ec_N",418,48,48,"Ec",32,1,1,1,1,1,1
"25069","1250","Ec_N",418,49,49,"Ec",32,1,1,1,1,1,1
"25070","1250","Ec_N",418,50,50,"Ec",32,1,1,1,1,1,1
"25071","1250","Ec_N",418,51,51,"Ec",32,1,1,1,1,1,1
"25072","1250","Ec_N",418,52,52,"Ec",32,1,1,1,1,1,1
"25073","1250","Ec_N",418,53,53,"Ec",32,1,1,1,1,1,1
"25074","1250","Ec_N",418,54,54,"Ec",32,1,1,1,1,1,1
"25075","1250","Ec_N",418,55,55,"Ec",32,1,1,1,1,1,1
"25076","1250","Ec_N",418,56,56,"Ec",32,1,1,1,1,1,1
"25077","1250","Ec_N",418,57,57,"Ec",32,1,1,1,1,1,1
"25078","1250","Ec_N",418,58,58,"Ec",32,1,1,1,1,1,1
"25079","1250","Ec_N",418,59,59,"Ec",32,1,1,1,1,1,1
"25080","1250","Ec_N",418,60,60,"Ec",32,1,1,1,1,1,1
"25081","1250","Ec_N",419,1,1,"Ec",1,0,0,0,0,0,0
"25082","1250","Ec_N",419,2,2,"Ec",1,0,0,0,0,0,0
"25083","1250","Ec_N",419,3,3,"Ec",1,0,0,0,0,0,0
"25084","1250","Ec_N",419,4,4,"Ec",2,1,0,0,0,0,0.221012654459768
"25085","1250","Ec_N",419,5,5,"Ec",2,1,0,0,0,0,0.221012654459768
"25086","1250","Ec_N",419,6,6,"Ec",2,1,0,0,0,0,0.221012654459768
"25087","1250","Ec_N",419,7,7,"Ec",2,1,0,0,0,0,0.221012654459768
"25088","1250","Ec_N",419,8,8,"Ec",2,1,0,0,0,0,0.221012654459768
"25089","1250","Ec_N",419,9,9,"Ec",2,1,0,0,0,0,0.221012654459768
"25090","1250","Ec_N",419,10,10,"Ec",2,1,0,0,0,0,0.221012654459768
"25091","1250","Ec_N",419,11,11,"Ec",2,1,0,0,0,0,0.221012654459768
"25092","1250","Ec_N",419,12,12,"Ec",2,1,0,0,0,0,0.221012654459768
"25093","1250","Ec_N",419,13,13,"Ec",2,1,0,0,0,0,0.221012654459768
"25094","1250","Ec_N",419,14,14,"Ec",2,1,0,0,0,0,0.221012654459768
"25095","1250","Ec_N",419,15,15,"Ec",2,1,0,0,0,0,0.221012654459768
"25096","1250","Ec_N",419,16,16,"Ec",10,1,0,0,1,0,0.488758304501343
"25097","1250","Ec_N",419,17,17,"Ec",12,1,1,0,1,0,0.552627762799163
"25098","1250","Ec_N",419,18,18,"Ec",12,1,1,0,1,0,0.552627762799163
"25099","1250","Ec_N",419,19,19,"Ec",12,1,1,0,1,0,0.552627762799163
"25100","1250","Ec_N",419,20,20,"Ec",28,1,1,0,1,1,0.770762719311211
"25101","1250","Ec_N",419,21,21,"Ec",28,1,1,0,1,1,0.770762719311211
"25102","1250","Ec_N",419,22,22,"Ec",28,1,1,0,1,1,0.770762719311211
"25103","1250","Ec_N",419,23,23,"Ec",28,1,1,0,1,1,0.770762719311211
"25104","1250","Ec_N",419,24,24,"Ec",28,1,1,0,1,1,0.770762719311211
"25105","1250","Ec_N",419,25,25,"Ec",28,1,1,0,1,1,0.770762719311211
"25106","1250","Ec_N",419,26,26,"Ec",28,1,1,0,1,1,0.770762719311211
"25107","1250","Ec_N",419,27,27,"Ec",28,1,1,0,1,1,0.770762719311211
"25108","1250","Ec_N",419,28,28,"Ec",28,1,1,0,1,1,0.770762719311211
"25109","1250","Ec_N",419,29,29,"Ec",28,1,1,0,1,1,0.770762719311211
"25110","1250","Ec_N",419,30,30,"Ec",28,1,1,0,1,1,0.770762719311211
"25111","1250","Ec_N",419,31,31,"Ec",28,1,1,0,1,1,0.770762719311211
"25112","1250","Ec_N",419,32,32,"Ec",28,1,1,0,1,1,0.770762719311211
"25113","1250","Ec_N",419,33,33,"Ec",28,1,1,0,1,1,0.770762719311211
"25114","1250","Ec_N",419,34,34,"Ec",28,1,1,0,1,1,0.770762719311211
"25115","1250","Ec_N",419,35,35,"Ec",32,1,1,1,1,1,1
"25116","1250","Ec_N",419,36,36,"Ec",32,1,1,1,1,1,1
"25117","1250","Ec_N",419,37,37,"Ec",32,1,1,1,1,1,1
"25118","1250","Ec_N",419,38,38,"Ec",32,1,1,1,1,1,1
"25119","1250","Ec_N",419,39,39,"Ec",32,1,1,1,1,1,1
"25120","1250","Ec_N",419,40,40,"Ec",32,1,1,1,1,1,1
"25121","1250","Ec_N",419,41,41,"Ec",32,1,1,1,1,1,1
"25122","1250","Ec_N",419,42,42,"Ec",32,1,1,1,1,1,1
"25123","1250","Ec_N",419,43,43,"Ec",32,1,1,1,1,1,1
"25124","1250","Ec_N",419,44,44,"Ec",32,1,1,1,1,1,1
"25125","1250","Ec_N",419,45,45,"Ec",32,1,1,1,1,1,1
"25126","1250","Ec_N",419,46,46,"Ec",32,1,1,1,1,1,1
"25127","1250","Ec_N",419,47,47,"Ec",32,1,1,1,1,1,1
"25128","1250","Ec_N",419,48,48,"Ec",32,1,1,1,1,1,1
"25129","1250","Ec_N",419,49,49,"Ec",32,1,1,1,1,1,1
"25130","1250","Ec_N",419,50,50,"Ec",32,1,1,1,1,1,1
"25131","1250","Ec_N",419,51,51,"Ec",32,1,1,1,1,1,1
"25132","1250","Ec_N",419,52,52,"Ec",32,1,1,1,1,1,1
"25133","1250","Ec_N",419,53,53,"Ec",32,1,1,1,1,1,1
"25134","1250","Ec_N",419,54,54,"Ec",32,1,1,1,1,1,1
"25135","1250","Ec_N",419,55,55,"Ec",32,1,1,1,1,1,1
"25136","1250","Ec_N",419,56,56,"Ec",32,1,1,1,1,1,1
"25137","1250","Ec_N",419,57,57,"Ec",32,1,1,1,1,1,1
"25138","1250","Ec_N",419,58,58,"Ec",32,1,1,1,1,1,1
"25139","1250","Ec_N",419,59,59,"Ec",32,1,1,1,1,1,1
"25140","1250","Ec_N",419,60,60,"Ec",32,1,1,1,1,1,1
"25141","1250","Ec_N",420,1,1,"Ec",1,0,0,0,0,0,0
"25142","1250","Ec_N",420,2,2,"Ec",17,0,0,0,0,1,0.14692246949649
"25143","1250","Ec_N",420,3,3,"Ec",25,0,0,0,1,1,0.464273274362394
"25144","1250","Ec_N",420,4,4,"Ec",25,0,0,0,1,1,0.464273274362394
"25145","1250","Ec_N",420,5,5,"Ec",26,1,0,0,1,1,0.685285928822162
"25146","1250","Ec_N",420,6,6,"Ec",26,1,0,0,1,1,0.685285928822162
"25147","1250","Ec_N",420,7,7,"Ec",26,1,0,0,1,1,0.685285928822162
"25148","1250","Ec_N",420,8,8,"Ec",26,1,0,0,1,1,0.685285928822162
"25149","1250","Ec_N",420,9,9,"Ec",30,1,0,1,1,1,0.981696467924213
"25150","1250","Ec_N",420,10,10,"Ec",30,1,0,1,1,1,0.981696467924213
"25151","1250","Ec_N",420,11,11,"Ec",30,1,0,1,1,1,0.981696467924213
"25152","1250","Ec_N",420,12,12,"Ec",30,1,0,1,1,1,0.981696467924213
"25153","1250","Ec_N",420,13,13,"Ec",30,1,0,1,1,1,0.981696467924213
"25154","1250","Ec_N",420,14,14,"Ec",30,1,0,1,1,1,0.981696467924213
"25155","1250","Ec_N",420,15,15,"Ec",30,1,0,1,1,1,0.981696467924213
"25156","1250","Ec_N",420,16,16,"Ec",30,1,0,1,1,1,0.981696467924213
"25157","1250","Ec_N",420,17,17,"Ec",30,1,0,1,1,1,0.981696467924213
"25158","1250","Ec_N",420,18,18,"Ec",30,1,0,1,1,1,0.981696467924213
"25159","1250","Ec_N",420,19,19,"Ec",30,1,0,1,1,1,0.981696467924213
"25160","1250","Ec_N",420,20,20,"Ec",30,1,0,1,1,1,0.981696467924213
"25161","1250","Ec_N",420,21,21,"Ec",30,1,0,1,1,1,0.981696467924213
"25162","1250","Ec_N",420,22,22,"Ec",30,1,0,1,1,1,0.981696467924213
"25163","1250","Ec_N",420,23,23,"Ec",30,1,0,1,1,1,0.981696467924213
"25164","1250","Ec_N",420,24,24,"Ec",30,1,0,1,1,1,0.981696467924213
"25165","1250","Ec_N",420,25,25,"Ec",30,1,0,1,1,1,0.981696467924213
"25166","1250","Ec_N",420,26,26,"Ec",30,1,0,1,1,1,0.981696467924213
"25167","1250","Ec_N",420,27,27,"Ec",30,1,0,1,1,1,0.981696467924213
"25168","1250","Ec_N",420,28,28,"Ec",30,1,0,1,1,1,0.981696467924213
"25169","1250","Ec_N",420,29,29,"Ec",30,1,0,1,1,1,0.981696467924213
"25170","1250","Ec_N",420,30,30,"Ec",30,1,0,1,1,1,0.981696467924213
"25171","1250","Ec_N",420,31,31,"Ec",32,1,1,1,1,1,1
"25172","1250","Ec_N",420,32,32,"Ec",32,1,1,1,1,1,1
"25173","1250","Ec_N",420,33,33,"Ec",32,1,1,1,1,1,1
"25174","1250","Ec_N",420,34,34,"Ec",32,1,1,1,1,1,1
"25175","1250","Ec_N",420,35,35,"Ec",32,1,1,1,1,1,1
"25176","1250","Ec_N",420,36,36,"Ec",32,1,1,1,1,1,1
"25177","1250","Ec_N",420,37,37,"Ec",32,1,1,1,1,1,1
"25178","1250","Ec_N",420,38,38,"Ec",32,1,1,1,1,1,1
"25179","1250","Ec_N",420,39,39,"Ec",32,1,1,1,1,1,1
"25180","1250","Ec_N",420,40,40,"Ec",32,1,1,1,1,1,1
"25181","1250","Ec_N",420,41,41,"Ec",32,1,1,1,1,1,1
"25182","1250","Ec_N",420,42,42,"Ec",32,1,1,1,1,1,1
"25183","1250","Ec_N",420,43,43,"Ec",32,1,1,1,1,1,1
"25184","1250","Ec_N",420,44,44,"Ec",32,1,1,1,1,1,1
"25185","1250","Ec_N",420,45,45,"Ec",32,1,1,1,1,1,1
"25186","1250","Ec_N",420,46,46,"Ec",32,1,1,1,1,1,1
"25187","1250","Ec_N",420,47,47,"Ec",32,1,1,1,1,1,1
"25188","1250","Ec_N",420,48,48,"Ec",32,1,1,1,1,1,1
"25189","1250","Ec_N",420,49,49,"Ec",32,1,1,1,1,1,1
"25190","1250","Ec_N",420,50,50,"Ec",32,1,1,1,1,1,1
"25191","1250","Ec_N",420,51,51,"Ec",32,1,1,1,1,1,1
"25192","1250","Ec_N",420,52,52,"Ec",32,1,1,1,1,1,1
"25193","1250","Ec_N",420,53,53,"Ec",32,1,1,1,1,1,1
"25194","1250","Ec_N",420,54,54,"Ec",32,1,1,1,1,1,1
"25195","1250","Ec_N",420,55,55,"Ec",32,1,1,1,1,1,1
"25196","1250","Ec_N",420,56,56,"Ec",32,1,1,1,1,1,1
"25197","1250","Ec_N",420,57,57,"Ec",32,1,1,1,1,1,1
"25198","1250","Ec_N",420,58,58,"Ec",32,1,1,1,1,1,1
"25199","1250","Ec_N",420,59,59,"Ec",32,1,1,1,1,1,1
"25200","1250","Ec_N",420,60,60,"Ec",32,1,1,1,1,1,1
"25201","1250","Ec_N",421,1,1,"Ec",1,0,0,0,0,0,0
"25202","1250","Ec_N",421,2,2,"Ec",5,0,0,1,0,0,0.232063491762724
"25203","1250","Ec_N",421,3,3,"Ec",5,0,0,1,0,0,0.232063491762724
"25204","1250","Ec_N",421,4,4,"Ec",5,0,0,1,0,0,0.232063491762724
"25205","1250","Ec_N",421,5,5,"Ec",5,0,0,1,0,0,0.232063491762724
"25206","1250","Ec_N",421,6,6,"Ec",5,0,0,1,0,0,0.232063491762724
"25207","1250","Ec_N",421,7,7,"Ec",5,0,0,1,0,0,0.232063491762724
"25208","1250","Ec_N",421,8,8,"Ec",5,0,0,1,0,0,0.232063491762724
"25209","1250","Ec_N",421,9,9,"Ec",5,0,0,1,0,0,0.232063491762724
"25210","1250","Ec_N",421,10,10,"Ec",5,0,0,1,0,0,0.232063491762724
"25211","1250","Ec_N",421,11,11,"Ec",5,0,0,1,0,0,0.232063491762724
"25212","1250","Ec_N",421,12,12,"Ec",5,0,0,1,0,0,0.232063491762724
"25213","1250","Ec_N",421,13,13,"Ec",5,0,0,1,0,0,0.232063491762724
"25214","1250","Ec_N",421,14,14,"Ec",6,1,0,1,0,0,0.453076146222492
"25215","1250","Ec_N",421,15,15,"Ec",6,1,0,1,0,0,0.453076146222492
"25216","1250","Ec_N",421,16,16,"Ec",6,1,0,1,0,0,0.453076146222492
"25217","1250","Ec_N",421,17,17,"Ec",6,1,0,1,0,0,0.453076146222492
"25218","1250","Ec_N",421,18,18,"Ec",6,1,0,1,0,0,0.453076146222492
"25219","1250","Ec_N",421,19,19,"Ec",22,1,0,1,0,1,0.649603770543311
"25220","1250","Ec_N",421,20,20,"Ec",22,1,0,1,0,1,0.649603770543311
"25221","1250","Ec_N",421,21,21,"Ec",22,1,0,1,0,1,0.649603770543311
"25222","1250","Ec_N",421,22,22,"Ec",22,1,0,1,0,1,0.649603770543311
"25223","1250","Ec_N",421,23,23,"Ec",22,1,0,1,0,1,0.649603770543311
"25224","1250","Ec_N",421,24,24,"Ec",22,1,0,1,0,1,0.649603770543311
"25225","1250","Ec_N",421,25,25,"Ec",22,1,0,1,0,1,0.649603770543311
"25226","1250","Ec_N",421,26,26,"Ec",22,1,0,1,0,1,0.649603770543311
"25227","1250","Ec_N",421,27,27,"Ec",22,1,0,1,0,1,0.649603770543311
"25228","1250","Ec_N",421,28,28,"Ec",30,1,0,1,1,1,0.981696467924213
"25229","1250","Ec_N",421,29,29,"Ec",30,1,0,1,1,1,0.981696467924213
"25230","1250","Ec_N",421,30,30,"Ec",30,1,0,1,1,1,0.981696467924213
"25231","1250","Ec_N",421,31,31,"Ec",30,1,0,1,1,1,0.981696467924213
"25232","1250","Ec_N",421,32,32,"Ec",30,1,0,1,1,1,0.981696467924213
"25233","1250","Ec_N",421,33,33,"Ec",30,1,0,1,1,1,0.981696467924213
"25234","1250","Ec_N",421,34,34,"Ec",30,1,0,1,1,1,0.981696467924213
"25235","1250","Ec_N",421,35,35,"Ec",30,1,0,1,1,1,0.981696467924213
"25236","1250","Ec_N",421,36,36,"Ec",30,1,0,1,1,1,0.981696467924213
"25237","1250","Ec_N",421,37,37,"Ec",30,1,0,1,1,1,0.981696467924213
"25238","1250","Ec_N",421,38,38,"Ec",30,1,0,1,1,1,0.981696467924213
"25239","1250","Ec_N",421,39,39,"Ec",32,1,1,1,1,1,1
"25240","1250","Ec_N",421,40,40,"Ec",32,1,1,1,1,1,1
"25241","1250","Ec_N",421,41,41,"Ec",32,1,1,1,1,1,1
"25242","1250","Ec_N",421,42,42,"Ec",32,1,1,1,1,1,1
"25243","1250","Ec_N",421,43,43,"Ec",32,1,1,1,1,1,1
"25244","1250","Ec_N",421,44,44,"Ec",32,1,1,1,1,1,1
"25245","1250","Ec_N",421,45,45,"Ec",32,1,1,1,1,1,1
"25246","1250","Ec_N",421,46,46,"Ec",32,1,1,1,1,1,1
"25247","1250","Ec_N",421,47,47,"Ec",32,1,1,1,1,1,1
"25248","1250","Ec_N",421,48,48,"Ec",32,1,1,1,1,1,1
"25249","1250","Ec_N",421,49,49,"Ec",32,1,1,1,1,1,1
"25250","1250","Ec_N",421,50,50,"Ec",32,1,1,1,1,1,1
"25251","1250","Ec_N",421,51,51,"Ec",32,1,1,1,1,1,1
"25252","1250","Ec_N",421,52,52,"Ec",32,1,1,1,1,1,1
"25253","1250","Ec_N",421,53,53,"Ec",32,1,1,1,1,1,1
"25254","1250","Ec_N",421,54,54,"Ec",32,1,1,1,1,1,1
"25255","1250","Ec_N",421,55,55,"Ec",32,1,1,1,1,1,1
"25256","1250","Ec_N",421,56,56,"Ec",32,1,1,1,1,1,1
"25257","1250","Ec_N",421,57,57,"Ec",32,1,1,1,1,1,1
"25258","1250","Ec_N",421,58,58,"Ec",32,1,1,1,1,1,1
"25259","1250","Ec_N",421,59,59,"Ec",32,1,1,1,1,1,1
"25260","1250","Ec_N",421,60,60,"Ec",32,1,1,1,1,1,1
"25261","1250","Ec_N",422,1,1,"Ec",1,0,0,0,0,0,0
"25262","1250","Ec_N",422,2,2,"Ec",1,0,0,0,0,0,0
"25263","1250","Ec_N",422,3,3,"Ec",1,0,0,0,0,0,0
"25264","1250","Ec_N",422,4,4,"Ec",2,1,0,0,0,0,0.221012654459768
"25265","1250","Ec_N",422,5,5,"Ec",2,1,0,0,0,0,0.221012654459768
"25266","1250","Ec_N",422,6,6,"Ec",2,1,0,0,0,0,0.221012654459768
"25267","1250","Ec_N",422,7,7,"Ec",2,1,0,0,0,0,0.221012654459768
"25268","1250","Ec_N",422,8,8,"Ec",2,1,0,0,0,0,0.221012654459768
"25269","1250","Ec_N",422,9,9,"Ec",2,1,0,0,0,0,0.221012654459768
"25270","1250","Ec_N",422,10,10,"Ec",10,1,0,0,1,0,0.488758304501343
"25271","1250","Ec_N",422,11,11,"Ec",10,1,0,0,1,0,0.488758304501343
"25272","1250","Ec_N",422,12,12,"Ec",10,1,0,0,1,0,0.488758304501343
"25273","1250","Ec_N",422,13,13,"Ec",10,1,0,0,1,0,0.488758304501343
"25274","1250","Ec_N",422,14,14,"Ec",10,1,0,0,1,0,0.488758304501343
"25275","1250","Ec_N",422,15,15,"Ec",10,1,0,0,1,0,0.488758304501343
"25276","1250","Ec_N",422,16,16,"Ec",10,1,0,0,1,0,0.488758304501343
"25277","1250","Ec_N",422,17,17,"Ec",10,1,0,0,1,0,0.488758304501343
"25278","1250","Ec_N",422,18,18,"Ec",14,1,0,1,1,0,0.720821796264067
"25279","1250","Ec_N",422,19,19,"Ec",14,1,0,1,1,0,0.720821796264067
"25280","1250","Ec_N",422,20,20,"Ec",14,1,0,1,1,0,0.720821796264067
"25281","1250","Ec_N",422,21,21,"Ec",14,1,0,1,1,0,0.720821796264067
"25282","1250","Ec_N",422,22,22,"Ec",14,1,0,1,1,0,0.720821796264067
"25283","1250","Ec_N",422,23,23,"Ec",14,1,0,1,1,0,0.720821796264067
"25284","1250","Ec_N",422,24,24,"Ec",14,1,0,1,1,0,0.720821796264067
"25285","1250","Ec_N",422,25,25,"Ec",14,1,0,1,1,0,0.720821796264067
"25286","1250","Ec_N",422,26,26,"Ec",14,1,0,1,1,0,0.720821796264067
"25287","1250","Ec_N",422,27,27,"Ec",14,1,0,1,1,0,0.720821796264067
"25288","1250","Ec_N",422,28,28,"Ec",14,1,0,1,1,0,0.720821796264067
"25289","1250","Ec_N",422,29,29,"Ec",14,1,0,1,1,0,0.720821796264067
"25290","1250","Ec_N",422,30,30,"Ec",14,1,0,1,1,0,0.720821796264067
"25291","1250","Ec_N",422,31,31,"Ec",14,1,0,1,1,0,0.720821796264067
"25292","1250","Ec_N",422,32,32,"Ec",14,1,0,1,1,0,0.720821796264067
"25293","1250","Ec_N",422,33,33,"Ec",14,1,0,1,1,0,0.720821796264067
"25294","1250","Ec_N",422,34,34,"Ec",14,1,0,1,1,0,0.720821796264067
"25295","1250","Ec_N",422,35,35,"Ec",14,1,0,1,1,0,0.720821796264067
"25296","1250","Ec_N",422,36,36,"Ec",14,1,0,1,1,0,0.720821796264067
"25297","1250","Ec_N",422,37,37,"Ec",14,1,0,1,1,0,0.720821796264067
"25298","1250","Ec_N",422,38,38,"Ec",14,1,0,1,1,0,0.720821796264067
"25299","1250","Ec_N",422,39,39,"Ec",14,1,0,1,1,0,0.720821796264067
"25300","1250","Ec_N",422,40,40,"Ec",14,1,0,1,1,0,0.720821796264067
"25301","1250","Ec_N",422,41,41,"Ec",14,1,0,1,1,0,0.720821796264067
"25302","1250","Ec_N",422,42,42,"Ec",16,1,1,1,1,0,0.879284144928883
"25303","1250","Ec_N",422,43,43,"Ec",16,1,1,1,1,0,0.879284144928883
"25304","1250","Ec_N",422,44,44,"Ec",16,1,1,1,1,0,0.879284144928883
"25305","1250","Ec_N",422,45,45,"Ec",16,1,1,1,1,0,0.879284144928883
"25306","1250","Ec_N",422,46,46,"Ec",16,1,1,1,1,0,0.879284144928883
"25307","1250","Ec_N",422,47,47,"Ec",16,1,1,1,1,0,0.879284144928883
"25308","1250","Ec_N",422,48,48,"Ec",16,1,1,1,1,0,0.879284144928883
"25309","1250","Ec_N",422,49,49,"Ec",16,1,1,1,1,0,0.879284144928883
"25310","1250","Ec_N",422,50,50,"Ec",16,1,1,1,1,0,0.879284144928883
"25311","1250","Ec_N",422,51,51,"Ec",16,1,1,1,1,0,0.879284144928883
"25312","1250","Ec_N",422,52,52,"Ec",16,1,1,1,1,0,0.879284144928883
"25313","1250","Ec_N",422,53,53,"Ec",16,1,1,1,1,0,0.879284144928883
"25314","1250","Ec_N",422,54,54,"Ec",16,1,1,1,1,0,0.879284144928883
"25315","1250","Ec_N",422,55,55,"Ec",16,1,1,1,1,0,0.879284144928883
"25316","1250","Ec_N",422,56,56,"Ec",16,1,1,1,1,0,0.879284144928883
"25317","1250","Ec_N",422,57,57,"Ec",32,1,1,1,1,1,1
"25318","1250","Ec_N",422,58,58,"Ec",32,1,1,1,1,1,1
"25319","1250","Ec_N",422,59,59,"Ec",32,1,1,1,1,1,1
"25320","1250","Ec_N",422,60,60,"Ec",32,1,1,1,1,1,1
"25321","1250","Ec_N",423,1,1,"Ec",1,0,0,0,0,0,0
"25322","1250","Ec_N",423,2,2,"Ec",1,0,0,0,0,0,0
"25323","1250","Ec_N",423,3,3,"Ec",1,0,0,0,0,0,0
"25324","1250","Ec_N",423,4,4,"Ec",1,0,0,0,0,0,0
"25325","1250","Ec_N",423,5,5,"Ec",1,0,0,0,0,0,0
"25326","1250","Ec_N",423,6,6,"Ec",3,0,1,0,0,0,0.082650579415114
"25327","1250","Ec_N",423,7,7,"Ec",3,0,1,0,0,0,0.082650579415114
"25328","1250","Ec_N",423,8,8,"Ec",7,0,1,1,0,0,0.314714071177838
"25329","1250","Ec_N",423,9,9,"Ec",7,0,1,1,0,0,0.314714071177838
"25330","1250","Ec_N",423,10,10,"Ec",7,0,1,1,0,0,0.314714071177838
"25331","1250","Ec_N",423,11,11,"Ec",7,0,1,1,0,0,0.314714071177838
"25332","1250","Ec_N",423,12,12,"Ec",7,0,1,1,0,0,0.314714071177838
"25333","1250","Ec_N",423,13,13,"Ec",7,0,1,1,0,0,0.314714071177838
"25334","1250","Ec_N",423,14,14,"Ec",7,0,1,1,0,0,0.314714071177838
"25335","1250","Ec_N",423,15,15,"Ec",7,0,1,1,0,0,0.314714071177838
"25336","1250","Ec_N",423,16,16,"Ec",7,0,1,1,0,0,0.314714071177838
"25337","1250","Ec_N",423,17,17,"Ec",7,0,1,1,0,0,0.314714071177838
"25338","1250","Ec_N",423,18,18,"Ec",7,0,1,1,0,0,0.314714071177838
"25339","1250","Ec_N",423,19,19,"Ec",23,0,1,1,0,1,0.511241695498657
"25340","1250","Ec_N",423,20,20,"Ec",23,0,1,1,0,1,0.511241695498657
"25341","1250","Ec_N",423,21,21,"Ec",23,0,1,1,0,1,0.511241695498657
"25342","1250","Ec_N",423,22,22,"Ec",23,0,1,1,0,1,0.511241695498657
"25343","1250","Ec_N",423,23,23,"Ec",23,0,1,1,0,1,0.511241695498657
"25344","1250","Ec_N",423,24,24,"Ec",23,0,1,1,0,1,0.511241695498657
"25345","1250","Ec_N",423,25,25,"Ec",23,0,1,1,0,1,0.511241695498657
"25346","1250","Ec_N",423,26,26,"Ec",23,0,1,1,0,1,0.511241695498657
"25347","1250","Ec_N",423,27,27,"Ec",23,0,1,1,0,1,0.511241695498657
"25348","1250","Ec_N",423,28,28,"Ec",23,0,1,1,0,1,0.511241695498657
"25349","1250","Ec_N",423,29,29,"Ec",23,0,1,1,0,1,0.511241695498657
"25350","1250","Ec_N",423,30,30,"Ec",23,0,1,1,0,1,0.511241695498657
"25351","1250","Ec_N",423,31,31,"Ec",23,0,1,1,0,1,0.511241695498657
"25352","1250","Ec_N",423,32,32,"Ec",23,0,1,1,0,1,0.511241695498657
"25353","1250","Ec_N",423,33,33,"Ec",23,0,1,1,0,1,0.511241695498657
"25354","1250","Ec_N",423,34,34,"Ec",23,0,1,1,0,1,0.511241695498657
"25355","1250","Ec_N",423,35,35,"Ec",23,0,1,1,0,1,0.511241695498657
"25356","1250","Ec_N",423,36,36,"Ec",31,0,1,1,1,1,0.778987345540232
"25357","1250","Ec_N",423,37,37,"Ec",31,0,1,1,1,1,0.778987345540232
"25358","1250","Ec_N",423,38,38,"Ec",31,0,1,1,1,1,0.778987345540232
"25359","1250","Ec_N",423,39,39,"Ec",31,0,1,1,1,1,0.778987345540232
"25360","1250","Ec_N",423,40,40,"Ec",31,0,1,1,1,1,0.778987345540232
"25361","1250","Ec_N",423,41,41,"Ec",31,0,1,1,1,1,0.778987345540232
"25362","1250","Ec_N",423,42,42,"Ec",31,0,1,1,1,1,0.778987345540232
"25363","1250","Ec_N",423,43,43,"Ec",31,0,1,1,1,1,0.778987345540232
"25364","1250","Ec_N",423,44,44,"Ec",31,0,1,1,1,1,0.778987345540232
"25365","1250","Ec_N",423,45,45,"Ec",31,0,1,1,1,1,0.778987345540232
"25366","1250","Ec_N",423,46,46,"Ec",32,1,1,1,1,1,1
"25367","1250","Ec_N",423,47,47,"Ec",32,1,1,1,1,1,1
"25368","1250","Ec_N",423,48,48,"Ec",32,1,1,1,1,1,1
"25369","1250","Ec_N",423,49,49,"Ec",32,1,1,1,1,1,1
"25370","1250","Ec_N",423,50,50,"Ec",32,1,1,1,1,1,1
"25371","1250","Ec_N",423,51,51,"Ec",32,1,1,1,1,1,1
"25372","1250","Ec_N",423,52,52,"Ec",32,1,1,1,1,1,1
"25373","1250","Ec_N",423,53,53,"Ec",32,1,1,1,1,1,1
"25374","1250","Ec_N",423,54,54,"Ec",32,1,1,1,1,1,1
"25375","1250","Ec_N",423,55,55,"Ec",32,1,1,1,1,1,1
"25376","1250","Ec_N",423,56,56,"Ec",32,1,1,1,1,1,1
"25377","1250","Ec_N",423,57,57,"Ec",32,1,1,1,1,1,1
"25378","1250","Ec_N",423,58,58,"Ec",32,1,1,1,1,1,1
"25379","1250","Ec_N",423,59,59,"Ec",32,1,1,1,1,1,1
"25380","1250","Ec_N",423,60,60,"Ec",32,1,1,1,1,1,1
"25381","1250","Ec_N",424,1,1,"Ec",1,0,0,0,0,0,0
"25382","1250","Ec_N",424,2,2,"Ec",1,0,0,0,0,0,0
"25383","1250","Ec_N",424,3,3,"Ec",1,0,0,0,0,0,0
"25384","1250","Ec_N",424,4,4,"Ec",1,0,0,0,0,0,0
"25385","1250","Ec_N",424,5,5,"Ec",1,0,0,0,0,0,0
"25386","1250","Ec_N",424,6,6,"Ec",5,0,0,1,0,0,0.232063491762724
"25387","1250","Ec_N",424,7,7,"Ec",5,0,0,1,0,0,0.232063491762724
"25388","1250","Ec_N",424,8,8,"Ec",5,0,0,1,0,0,0.232063491762724
"25389","1250","Ec_N",424,9,9,"Ec",5,0,0,1,0,0,0.232063491762724
"25390","1250","Ec_N",424,10,10,"Ec",5,0,0,1,0,0,0.232063491762724
"25391","1250","Ec_N",424,11,11,"Ec",21,0,0,1,0,1,0.428591116083543
"25392","1250","Ec_N",424,12,12,"Ec",22,1,0,1,0,1,0.649603770543311
"25393","1250","Ec_N",424,13,13,"Ec",24,1,1,1,0,1,0.732254349958425
"25394","1250","Ec_N",424,14,14,"Ec",24,1,1,1,0,1,0.732254349958425
"25395","1250","Ec_N",424,15,15,"Ec",24,1,1,1,0,1,0.732254349958425
"25396","1250","Ec_N",424,16,16,"Ec",24,1,1,1,0,1,0.732254349958425
"25397","1250","Ec_N",424,17,17,"Ec",24,1,1,1,0,1,0.732254349958425
"25398","1250","Ec_N",424,18,18,"Ec",24,1,1,1,0,1,0.732254349958425
"25399","1250","Ec_N",424,19,19,"Ec",24,1,1,1,0,1,0.732254349958425
"25400","1250","Ec_N",424,20,20,"Ec",24,1,1,1,0,1,0.732254349958425
"25401","1250","Ec_N",424,21,21,"Ec",24,1,1,1,0,1,0.732254349958425
"25402","1250","Ec_N",424,22,22,"Ec",24,1,1,1,0,1,0.732254349958425
"25403","1250","Ec_N",424,23,23,"Ec",32,1,1,1,1,1,1
"25404","1250","Ec_N",424,24,24,"Ec",32,1,1,1,1,1,1
"25405","1250","Ec_N",424,25,25,"Ec",32,1,1,1,1,1,1
"25406","1250","Ec_N",424,26,26,"Ec",32,1,1,1,1,1,1
"25407","1250","Ec_N",424,27,27,"Ec",32,1,1,1,1,1,1
"25408","1250","Ec_N",424,28,28,"Ec",32,1,1,1,1,1,1
"25409","1250","Ec_N",424,29,29,"Ec",32,1,1,1,1,1,1
"25410","1250","Ec_N",424,30,30,"Ec",32,1,1,1,1,1,1
"25411","1250","Ec_N",424,31,31,"Ec",32,1,1,1,1,1,1
"25412","1250","Ec_N",424,32,32,"Ec",32,1,1,1,1,1,1
"25413","1250","Ec_N",424,33,33,"Ec",32,1,1,1,1,1,1
"25414","1250","Ec_N",424,34,34,"Ec",32,1,1,1,1,1,1
"25415","1250","Ec_N",424,35,35,"Ec",32,1,1,1,1,1,1
"25416","1250","Ec_N",424,36,36,"Ec",32,1,1,1,1,1,1
"25417","1250","Ec_N",424,37,37,"Ec",32,1,1,1,1,1,1
"25418","1250","Ec_N",424,38,38,"Ec",32,1,1,1,1,1,1
"25419","1250","Ec_N",424,39,39,"Ec",32,1,1,1,1,1,1
"25420","1250","Ec_N",424,40,40,"Ec",32,1,1,1,1,1,1
"25421","1250","Ec_N",424,41,41,"Ec",32,1,1,1,1,1,1
"25422","1250","Ec_N",424,42,42,"Ec",32,1,1,1,1,1,1
"25423","1250","Ec_N",424,43,43,"Ec",32,1,1,1,1,1,1
"25424","1250","Ec_N",424,44,44,"Ec",32,1,1,1,1,1,1
"25425","1250","Ec_N",424,45,45,"Ec",32,1,1,1,1,1,1
"25426","1250","Ec_N",424,46,46,"Ec",32,1,1,1,1,1,1
"25427","1250","Ec_N",424,47,47,"Ec",32,1,1,1,1,1,1
"25428","1250","Ec_N",424,48,48,"Ec",32,1,1,1,1,1,1
"25429","1250","Ec_N",424,49,49,"Ec",32,1,1,1,1,1,1
"25430","1250","Ec_N",424,50,50,"Ec",32,1,1,1,1,1,1
"25431","1250","Ec_N",424,51,51,"Ec",32,1,1,1,1,1,1
"25432","1250","Ec_N",424,52,52,"Ec",32,1,1,1,1,1,1
"25433","1250","Ec_N",424,53,53,"Ec",32,1,1,1,1,1,1
"25434","1250","Ec_N",424,54,54,"Ec",32,1,1,1,1,1,1
"25435","1250","Ec_N",424,55,55,"Ec",32,1,1,1,1,1,1
"25436","1250","Ec_N",424,56,56,"Ec",32,1,1,1,1,1,1
"25437","1250","Ec_N",424,57,57,"Ec",32,1,1,1,1,1,1
"25438","1250","Ec_N",424,58,58,"Ec",32,1,1,1,1,1,1
"25439","1250","Ec_N",424,59,59,"Ec",32,1,1,1,1,1,1
"25440","1250","Ec_N",424,60,60,"Ec",32,1,1,1,1,1,1
"25441","1250","Ec_N",425,1,1,"Ec",1,0,0,0,0,0,0
"25442","1250","Ec_N",425,2,2,"Ec",1,0,0,0,0,0,0
"25443","1250","Ec_N",425,3,3,"Ec",1,0,0,0,0,0,0
"25444","1250","Ec_N",425,4,4,"Ec",1,0,0,0,0,0,0
"25445","1250","Ec_N",425,5,5,"Ec",1,0,0,0,0,0,0
"25446","1250","Ec_N",425,6,6,"Ec",1,0,0,0,0,0,0
"25447","1250","Ec_N",425,7,7,"Ec",1,0,0,0,0,0,0
"25448","1250","Ec_N",425,8,8,"Ec",9,0,0,0,1,0,0.267745650041575
"25449","1250","Ec_N",425,9,9,"Ec",9,0,0,0,1,0,0.267745650041575
"25450","1250","Ec_N",425,10,10,"Ec",9,0,0,0,1,0,0.267745650041575
"25451","1250","Ec_N",425,11,11,"Ec",9,0,0,0,1,0,0.267745650041575
"25452","1250","Ec_N",425,12,12,"Ec",9,0,0,0,1,0,0.267745650041575
"25453","1250","Ec_N",425,13,13,"Ec",25,0,0,0,1,1,0.464273274362394
"25454","1250","Ec_N",425,14,14,"Ec",25,0,0,0,1,1,0.464273274362394
"25455","1250","Ec_N",425,15,15,"Ec",25,0,0,0,1,1,0.464273274362394
"25456","1250","Ec_N",425,16,16,"Ec",25,0,0,0,1,1,0.464273274362394
"25457","1250","Ec_N",425,17,17,"Ec",25,0,0,0,1,1,0.464273274362394
"25458","1250","Ec_N",425,18,18,"Ec",25,0,0,0,1,1,0.464273274362394
"25459","1250","Ec_N",425,19,19,"Ec",25,0,0,0,1,1,0.464273274362394
"25460","1250","Ec_N",425,20,20,"Ec",25,0,0,0,1,1,0.464273274362394
"25461","1250","Ec_N",425,21,21,"Ec",25,0,0,0,1,1,0.464273274362394
"25462","1250","Ec_N",425,22,22,"Ec",25,0,0,0,1,1,0.464273274362394
"25463","1250","Ec_N",425,23,23,"Ec",25,0,0,0,1,1,0.464273274362394
"25464","1250","Ec_N",425,24,24,"Ec",25,0,0,0,1,1,0.464273274362394
"25465","1250","Ec_N",425,25,25,"Ec",25,0,0,0,1,1,0.464273274362394
"25466","1250","Ec_N",425,26,26,"Ec",25,0,0,0,1,1,0.464273274362394
"25467","1250","Ec_N",425,27,27,"Ec",25,0,0,0,1,1,0.464273274362394
"25468","1250","Ec_N",425,28,28,"Ec",25,0,0,0,1,1,0.464273274362394
"25469","1250","Ec_N",425,29,29,"Ec",25,0,0,0,1,1,0.464273274362394
"25470","1250","Ec_N",425,30,30,"Ec",25,0,0,0,1,1,0.464273274362394
"25471","1250","Ec_N",425,31,31,"Ec",25,0,0,0,1,1,0.464273274362394
"25472","1250","Ec_N",425,32,32,"Ec",25,0,0,0,1,1,0.464273274362394
"25473","1250","Ec_N",425,33,33,"Ec",25,0,0,0,1,1,0.464273274362394
"25474","1250","Ec_N",425,34,34,"Ec",26,1,0,0,1,1,0.685285928822162
"25475","1250","Ec_N",425,35,35,"Ec",26,1,0,0,1,1,0.685285928822162
"25476","1250","Ec_N",425,36,36,"Ec",26,1,0,0,1,1,0.685285928822162
"25477","1250","Ec_N",425,37,37,"Ec",26,1,0,0,1,1,0.685285928822162
"25478","1250","Ec_N",425,38,38,"Ec",26,1,0,0,1,1,0.685285928822162
"25479","1250","Ec_N",425,39,39,"Ec",26,1,0,0,1,1,0.685285928822162
"25480","1250","Ec_N",425,40,40,"Ec",26,1,0,0,1,1,0.685285928822162
"25481","1250","Ec_N",425,41,41,"Ec",26,1,0,0,1,1,0.685285928822162
"25482","1250","Ec_N",425,42,42,"Ec",26,1,0,0,1,1,0.685285928822162
"25483","1250","Ec_N",425,43,43,"Ec",26,1,0,0,1,1,0.685285928822162
"25484","1250","Ec_N",425,44,44,"Ec",26,1,0,0,1,1,0.685285928822162
"25485","1250","Ec_N",425,45,45,"Ec",26,1,0,0,1,1,0.685285928822162
"25486","1250","Ec_N",425,46,46,"Ec",26,1,0,0,1,1,0.685285928822162
"25487","1250","Ec_N",425,47,47,"Ec",26,1,0,0,1,1,0.685285928822162
"25488","1250","Ec_N",425,48,48,"Ec",26,1,0,0,1,1,0.685285928822162
"25489","1250","Ec_N",425,49,49,"Ec",26,1,0,0,1,1,0.685285928822162
"25490","1250","Ec_N",425,50,50,"Ec",26,1,0,0,1,1,0.685285928822162
"25491","1250","Ec_N",425,51,51,"Ec",26,1,0,0,1,1,0.685285928822162
"25492","1250","Ec_N",425,52,52,"Ec",26,1,0,0,1,1,0.685285928822162
"25493","1250","Ec_N",425,53,53,"Ec",26,1,0,0,1,1,0.685285928822162
"25494","1250","Ec_N",425,54,54,"Ec",26,1,0,0,1,1,0.685285928822162
"25495","1250","Ec_N",425,55,55,"Ec",26,1,0,0,1,1,0.685285928822162
"25496","1250","Ec_N",425,56,56,"Ec",26,1,0,0,1,1,0.685285928822162
"25497","1250","Ec_N",425,57,57,"Ec",26,1,0,0,1,1,0.685285928822162
"25498","1250","Ec_N",425,58,58,"Ec",26,1,0,0,1,1,0.685285928822162
"25499","1250","Ec_N",425,59,59,"Ec",26,1,0,0,1,1,0.685285928822162
"25500","1250","Ec_N",425,60,60,"Ec",26,1,0,0,1,1,0.685285928822162
"25501","1250","Ec_N",426,1,1,"Ec",1,0,0,0,0,0,0
"25502","1250","Ec_N",426,2,2,"Ec",1,0,0,0,0,0,0
"25503","1250","Ec_N",426,3,3,"Ec",1,0,0,0,0,0,0
"25504","1250","Ec_N",426,4,4,"Ec",1,0,0,0,0,0,0
"25505","1250","Ec_N",426,5,5,"Ec",1,0,0,0,0,0,0
"25506","1250","Ec_N",426,6,6,"Ec",1,0,0,0,0,0,0
"25507","1250","Ec_N",426,7,7,"Ec",1,0,0,0,0,0,0
"25508","1250","Ec_N",426,8,8,"Ec",1,0,0,0,0,0,0
"25509","1250","Ec_N",426,9,9,"Ec",1,0,0,0,0,0,0
"25510","1250","Ec_N",426,10,10,"Ec",2,1,0,0,0,0,0.221012654459768
"25511","1250","Ec_N",426,11,11,"Ec",2,1,0,0,0,0,0.221012654459768
"25512","1250","Ec_N",426,12,12,"Ec",2,1,0,0,0,0,0.221012654459768
"25513","1250","Ec_N",426,13,13,"Ec",4,1,1,0,0,0,0.303663233874882
"25514","1250","Ec_N",426,14,14,"Ec",4,1,1,0,0,0,0.303663233874882
"25515","1250","Ec_N",426,15,15,"Ec",4,1,1,0,0,0,0.303663233874882
"25516","1250","Ec_N",426,16,16,"Ec",4,1,1,0,0,0,0.303663233874882
"25517","1250","Ec_N",426,17,17,"Ec",4,1,1,0,0,0,0.303663233874882
"25518","1250","Ec_N",426,18,18,"Ec",4,1,1,0,0,0,0.303663233874882
"25519","1250","Ec_N",426,19,19,"Ec",4,1,1,0,0,0,0.303663233874882
"25520","1250","Ec_N",426,20,20,"Ec",4,1,1,0,0,0,0.303663233874882
"25521","1250","Ec_N",426,21,21,"Ec",4,1,1,0,0,0,0.303663233874882
"25522","1250","Ec_N",426,22,22,"Ec",4,1,1,0,0,0,0.303663233874882
"25523","1250","Ec_N",426,23,23,"Ec",8,1,1,1,0,0,0.440600849145421
"25524","1250","Ec_N",426,24,24,"Ec",8,1,1,1,0,0,0.440600849145421
"25525","1250","Ec_N",426,25,25,"Ec",8,1,1,1,0,0,0.440600849145421
"25526","1250","Ec_N",426,26,26,"Ec",8,1,1,1,0,0,0.440600849145421
"25527","1250","Ec_N",426,27,27,"Ec",16,1,1,1,1,0,0.879284144928883
"25528","1250","Ec_N",426,28,28,"Ec",16,1,1,1,1,0,0.879284144928883
"25529","1250","Ec_N",426,29,29,"Ec",16,1,1,1,1,0,0.879284144928883
"25530","1250","Ec_N",426,30,30,"Ec",16,1,1,1,1,0,0.879284144928883
"25531","1250","Ec_N",426,31,31,"Ec",16,1,1,1,1,0,0.879284144928883
"25532","1250","Ec_N",426,32,32,"Ec",16,1,1,1,1,0,0.879284144928883
"25533","1250","Ec_N",426,33,33,"Ec",16,1,1,1,1,0,0.879284144928883
"25534","1250","Ec_N",426,34,34,"Ec",16,1,1,1,1,0,0.879284144928883
"25535","1250","Ec_N",426,35,35,"Ec",16,1,1,1,1,0,0.879284144928883
"25536","1250","Ec_N",426,36,36,"Ec",16,1,1,1,1,0,0.879284144928883
"25537","1250","Ec_N",426,37,37,"Ec",16,1,1,1,1,0,0.879284144928883
"25538","1250","Ec_N",426,38,38,"Ec",16,1,1,1,1,0,0.879284144928883
"25539","1250","Ec_N",426,39,39,"Ec",16,1,1,1,1,0,0.879284144928883
"25540","1250","Ec_N",426,40,40,"Ec",16,1,1,1,1,0,0.879284144928883
"25541","1250","Ec_N",426,41,41,"Ec",16,1,1,1,1,0,0.879284144928883
"25542","1250","Ec_N",426,42,42,"Ec",32,1,1,1,1,1,1
"25543","1250","Ec_N",426,43,43,"Ec",32,1,1,1,1,1,1
"25544","1250","Ec_N",426,44,44,"Ec",32,1,1,1,1,1,1
"25545","1250","Ec_N",426,45,45,"Ec",32,1,1,1,1,1,1
"25546","1250","Ec_N",426,46,46,"Ec",32,1,1,1,1,1,1
"25547","1250","Ec_N",426,47,47,"Ec",32,1,1,1,1,1,1
"25548","1250","Ec_N",426,48,48,"Ec",32,1,1,1,1,1,1
"25549","1250","Ec_N",426,49,49,"Ec",32,1,1,1,1,1,1
"25550","1250","Ec_N",426,50,50,"Ec",32,1,1,1,1,1,1
"25551","1250","Ec_N",426,51,51,"Ec",32,1,1,1,1,1,1
"25552","1250","Ec_N",426,52,52,"Ec",32,1,1,1,1,1,1
"25553","1250","Ec_N",426,53,53,"Ec",32,1,1,1,1,1,1
"25554","1250","Ec_N",426,54,54,"Ec",32,1,1,1,1,1,1
"25555","1250","Ec_N",426,55,55,"Ec",32,1,1,1,1,1,1
"25556","1250","Ec_N",426,56,56,"Ec",32,1,1,1,1,1,1
"25557","1250","Ec_N",426,57,57,"Ec",32,1,1,1,1,1,1
"25558","1250","Ec_N",426,58,58,"Ec",32,1,1,1,1,1,1
"25559","1250","Ec_N",426,59,59,"Ec",32,1,1,1,1,1,1
"25560","1250","Ec_N",426,60,60,"Ec",32,1,1,1,1,1,1
"25561","1250","Ec_N",427,1,1,"Ec",1,0,0,0,0,0,0
"25562","1250","Ec_N",427,2,2,"Ec",1,0,0,0,0,0,0
"25563","1250","Ec_N",427,3,3,"Ec",1,0,0,0,0,0,0
"25564","1250","Ec_N",427,4,4,"Ec",2,1,0,0,0,0,0.221012654459768
"25565","1250","Ec_N",427,5,5,"Ec",2,1,0,0,0,0,0.221012654459768
"25566","1250","Ec_N",427,6,6,"Ec",2,1,0,0,0,0,0.221012654459768
"25567","1250","Ec_N",427,7,7,"Ec",2,1,0,0,0,0,0.221012654459768
"25568","1250","Ec_N",427,8,8,"Ec",2,1,0,0,0,0,0.221012654459768
"25569","1250","Ec_N",427,9,9,"Ec",2,1,0,0,0,0,0.221012654459768
"25570","1250","Ec_N",427,10,10,"Ec",2,1,0,0,0,0,0.221012654459768
"25571","1250","Ec_N",427,11,11,"Ec",2,1,0,0,0,0,0.221012654459768
"25572","1250","Ec_N",427,12,12,"Ec",2,1,0,0,0,0,0.221012654459768
"25573","1250","Ec_N",427,13,13,"Ec",2,1,0,0,0,0,0.221012654459768
"25574","1250","Ec_N",427,14,14,"Ec",2,1,0,0,0,0,0.221012654459768
"25575","1250","Ec_N",427,15,15,"Ec",2,1,0,0,0,0,0.221012654459768
"25576","1250","Ec_N",427,16,16,"Ec",2,1,0,0,0,0,0.221012654459768
"25577","1250","Ec_N",427,17,17,"Ec",2,1,0,0,0,0,0.221012654459768
"25578","1250","Ec_N",427,18,18,"Ec",2,1,0,0,0,0,0.221012654459768
"25579","1250","Ec_N",427,19,19,"Ec",2,1,0,0,0,0,0.221012654459768
"25580","1250","Ec_N",427,20,20,"Ec",2,1,0,0,0,0,0.221012654459768
"25581","1250","Ec_N",427,21,21,"Ec",2,1,0,0,0,0,0.221012654459768
"25582","1250","Ec_N",427,22,22,"Ec",2,1,0,0,0,0,0.221012654459768
"25583","1250","Ec_N",427,23,23,"Ec",2,1,0,0,0,0,0.221012654459768
"25584","1250","Ec_N",427,24,24,"Ec",10,1,0,0,1,0,0.488758304501343
"25585","1250","Ec_N",427,25,25,"Ec",10,1,0,0,1,0,0.488758304501343
"25586","1250","Ec_N",427,26,26,"Ec",10,1,0,0,1,0,0.488758304501343
"25587","1250","Ec_N",427,27,27,"Ec",10,1,0,0,1,0,0.488758304501343
"25588","1250","Ec_N",427,28,28,"Ec",26,1,0,0,1,1,0.685285928822162
"25589","1250","Ec_N",427,29,29,"Ec",26,1,0,0,1,1,0.685285928822162
"25590","1250","Ec_N",427,30,30,"Ec",30,1,0,1,1,1,0.981696467924213
"25591","1250","Ec_N",427,31,31,"Ec",30,1,0,1,1,1,0.981696467924213
"25592","1250","Ec_N",427,32,32,"Ec",30,1,0,1,1,1,0.981696467924213
"25593","1250","Ec_N",427,33,33,"Ec",30,1,0,1,1,1,0.981696467924213
"25594","1250","Ec_N",427,34,34,"Ec",30,1,0,1,1,1,0.981696467924213
"25595","1250","Ec_N",427,35,35,"Ec",30,1,0,1,1,1,0.981696467924213
"25596","1250","Ec_N",427,36,36,"Ec",30,1,0,1,1,1,0.981696467924213
"25597","1250","Ec_N",427,37,37,"Ec",30,1,0,1,1,1,0.981696467924213
"25598","1250","Ec_N",427,38,38,"Ec",30,1,0,1,1,1,0.981696467924213
"25599","1250","Ec_N",427,39,39,"Ec",30,1,0,1,1,1,0.981696467924213
"25600","1250","Ec_N",427,40,40,"Ec",30,1,0,1,1,1,0.981696467924213
"25601","1250","Ec_N",427,41,41,"Ec",30,1,0,1,1,1,0.981696467924213
"25602","1250","Ec_N",427,42,42,"Ec",30,1,0,1,1,1,0.981696467924213
"25603","1250","Ec_N",427,43,43,"Ec",30,1,0,1,1,1,0.981696467924213
"25604","1250","Ec_N",427,44,44,"Ec",30,1,0,1,1,1,0.981696467924213
"25605","1250","Ec_N",427,45,45,"Ec",30,1,0,1,1,1,0.981696467924213
"25606","1250","Ec_N",427,46,46,"Ec",30,1,0,1,1,1,0.981696467924213
"25607","1250","Ec_N",427,47,47,"Ec",32,1,1,1,1,1,1
"25608","1250","Ec_N",427,48,48,"Ec",32,1,1,1,1,1,1
"25609","1250","Ec_N",427,49,49,"Ec",32,1,1,1,1,1,1
"25610","1250","Ec_N",427,50,50,"Ec",32,1,1,1,1,1,1
"25611","1250","Ec_N",427,51,51,"Ec",32,1,1,1,1,1,1
"25612","1250","Ec_N",427,52,52,"Ec",32,1,1,1,1,1,1
"25613","1250","Ec_N",427,53,53,"Ec",32,1,1,1,1,1,1
"25614","1250","Ec_N",427,54,54,"Ec",32,1,1,1,1,1,1
"25615","1250","Ec_N",427,55,55,"Ec",32,1,1,1,1,1,1
"25616","1250","Ec_N",427,56,56,"Ec",32,1,1,1,1,1,1
"25617","1250","Ec_N",427,57,57,"Ec",32,1,1,1,1,1,1
"25618","1250","Ec_N",427,58,58,"Ec",32,1,1,1,1,1,1
"25619","1250","Ec_N",427,59,59,"Ec",32,1,1,1,1,1,1
"25620","1250","Ec_N",427,60,60,"Ec",32,1,1,1,1,1,1
"25621","1250","Ec_N",428,1,1,"Ec",1,0,0,0,0,0,0
"25622","1250","Ec_N",428,2,2,"Ec",1,0,0,0,0,0,0
"25623","1250","Ec_N",428,3,3,"Ec",1,0,0,0,0,0,0
"25624","1250","Ec_N",428,4,4,"Ec",1,0,0,0,0,0,0
"25625","1250","Ec_N",428,5,5,"Ec",17,0,0,0,0,1,0.14692246949649
"25626","1250","Ec_N",428,6,6,"Ec",17,0,0,0,0,1,0.14692246949649
"25627","1250","Ec_N",428,7,7,"Ec",19,0,1,0,0,1,0.179678659430889
"25628","1250","Ec_N",428,8,8,"Ec",19,0,1,0,0,1,0.179678659430889
"25629","1250","Ec_N",428,9,9,"Ec",19,0,1,0,0,1,0.179678659430889
"25630","1250","Ec_N",428,10,10,"Ec",19,0,1,0,0,1,0.179678659430889
"25631","1250","Ec_N",428,11,11,"Ec",19,0,1,0,0,1,0.179678659430889
"25632","1250","Ec_N",428,12,12,"Ec",19,0,1,0,0,1,0.179678659430889
"25633","1250","Ec_N",428,13,13,"Ec",19,0,1,0,0,1,0.179678659430889
"25634","1250","Ec_N",428,14,14,"Ec",19,0,1,0,0,1,0.179678659430889
"25635","1250","Ec_N",428,15,15,"Ec",19,0,1,0,0,1,0.179678659430889
"25636","1250","Ec_N",428,16,16,"Ec",19,0,1,0,0,1,0.179678659430889
"25637","1250","Ec_N",428,17,17,"Ec",19,0,1,0,0,1,0.179678659430889
"25638","1250","Ec_N",428,18,18,"Ec",19,0,1,0,0,1,0.179678659430889
"25639","1250","Ec_N",428,19,19,"Ec",19,0,1,0,0,1,0.179678659430889
"25640","1250","Ec_N",428,20,20,"Ec",19,0,1,0,0,1,0.179678659430889
"25641","1250","Ec_N",428,21,21,"Ec",27,0,1,0,1,1,0.50104458373578
"25642","1250","Ec_N",428,22,22,"Ec",27,0,1,0,1,1,0.50104458373578
"25643","1250","Ec_N",428,23,23,"Ec",27,0,1,0,1,1,0.50104458373578
"25644","1250","Ec_N",428,24,24,"Ec",27,0,1,0,1,1,0.50104458373578
"25645","1250","Ec_N",428,25,25,"Ec",27,0,1,0,1,1,0.50104458373578
"25646","1250","Ec_N",428,26,26,"Ec",27,0,1,0,1,1,0.50104458373578
"25647","1250","Ec_N",428,27,27,"Ec",27,0,1,0,1,1,0.50104458373578
"25648","1250","Ec_N",428,28,28,"Ec",27,0,1,0,1,1,0.50104458373578
"25649","1250","Ec_N",428,29,29,"Ec",27,0,1,0,1,1,0.50104458373578
"25650","1250","Ec_N",428,30,30,"Ec",27,0,1,0,1,1,0.50104458373578
"25651","1250","Ec_N",428,31,31,"Ec",27,0,1,0,1,1,0.50104458373578
"25652","1250","Ec_N",428,32,32,"Ec",27,0,1,0,1,1,0.50104458373578
"25653","1250","Ec_N",428,33,33,"Ec",27,0,1,0,1,1,0.50104458373578
"25654","1250","Ec_N",428,34,34,"Ec",27,0,1,0,1,1,0.50104458373578
"25655","1250","Ec_N",428,35,35,"Ec",27,0,1,0,1,1,0.50104458373578
"25656","1250","Ec_N",428,36,36,"Ec",27,0,1,0,1,1,0.50104458373578
"25657","1250","Ec_N",428,37,37,"Ec",27,0,1,0,1,1,0.50104458373578
"25658","1250","Ec_N",428,38,38,"Ec",27,0,1,0,1,1,0.50104458373578
"25659","1250","Ec_N",428,39,39,"Ec",27,0,1,0,1,1,0.50104458373578
"25660","1250","Ec_N",428,40,40,"Ec",27,0,1,0,1,1,0.50104458373578
"25661","1250","Ec_N",428,41,41,"Ec",27,0,1,0,1,1,0.50104458373578
"25662","1250","Ec_N",428,42,42,"Ec",27,0,1,0,1,1,0.50104458373578
"25663","1250","Ec_N",428,43,43,"Ec",27,0,1,0,1,1,0.50104458373578
"25664","1250","Ec_N",428,44,44,"Ec",27,0,1,0,1,1,0.50104458373578
"25665","1250","Ec_N",428,45,45,"Ec",27,0,1,0,1,1,0.50104458373578
"25666","1250","Ec_N",428,46,46,"Ec",27,0,1,0,1,1,0.50104458373578
"25667","1250","Ec_N",428,47,47,"Ec",27,0,1,0,1,1,0.50104458373578
"25668","1250","Ec_N",428,48,48,"Ec",27,0,1,0,1,1,0.50104458373578
"25669","1250","Ec_N",428,49,49,"Ec",27,0,1,0,1,1,0.50104458373578
"25670","1250","Ec_N",428,50,50,"Ec",27,0,1,0,1,1,0.50104458373578
"25671","1250","Ec_N",428,51,51,"Ec",27,0,1,0,1,1,0.50104458373578
"25672","1250","Ec_N",428,52,52,"Ec",27,0,1,0,1,1,0.50104458373578
"25673","1250","Ec_N",428,53,53,"Ec",27,0,1,0,1,1,0.50104458373578
"25674","1250","Ec_N",428,54,54,"Ec",27,0,1,0,1,1,0.50104458373578
"25675","1250","Ec_N",428,55,55,"Ec",27,0,1,0,1,1,0.50104458373578
"25676","1250","Ec_N",428,56,56,"Ec",27,0,1,0,1,1,0.50104458373578
"25677","1250","Ec_N",428,57,57,"Ec",27,0,1,0,1,1,0.50104458373578
"25678","1250","Ec_N",428,58,58,"Ec",27,0,1,0,1,1,0.50104458373578
"25679","1250","Ec_N",428,59,59,"Ec",27,0,1,0,1,1,0.50104458373578
"25680","1250","Ec_N",428,60,60,"Ec",27,0,1,0,1,1,0.50104458373578
"25681","1250","Ec_N",429,1,1,"Ec",1,0,0,0,0,0,0
"25682","1250","Ec_N",429,2,2,"Ec",17,0,0,0,0,1,0.14692246949649
"25683","1250","Ec_N",429,3,3,"Ec",17,0,0,0,0,1,0.14692246949649
"25684","1250","Ec_N",429,4,4,"Ec",25,0,0,0,1,1,0.464273274362394
"25685","1250","Ec_N",429,5,5,"Ec",26,1,0,0,1,1,0.685285928822162
"25686","1250","Ec_N",429,6,6,"Ec",26,1,0,0,1,1,0.685285928822162
"25687","1250","Ec_N",429,7,7,"Ec",26,1,0,0,1,1,0.685285928822162
"25688","1250","Ec_N",429,8,8,"Ec",26,1,0,0,1,1,0.685285928822162
"25689","1250","Ec_N",429,9,9,"Ec",26,1,0,0,1,1,0.685285928822162
"25690","1250","Ec_N",429,10,10,"Ec",26,1,0,0,1,1,0.685285928822162
"25691","1250","Ec_N",429,11,11,"Ec",26,1,0,0,1,1,0.685285928822162
"25692","1250","Ec_N",429,12,12,"Ec",26,1,0,0,1,1,0.685285928822162
"25693","1250","Ec_N",429,13,13,"Ec",26,1,0,0,1,1,0.685285928822162
"25694","1250","Ec_N",429,14,14,"Ec",26,1,0,0,1,1,0.685285928822162
"25695","1250","Ec_N",429,15,15,"Ec",26,1,0,0,1,1,0.685285928822162
"25696","1250","Ec_N",429,16,16,"Ec",28,1,1,0,1,1,0.770762719311211
"25697","1250","Ec_N",429,17,17,"Ec",28,1,1,0,1,1,0.770762719311211
"25698","1250","Ec_N",429,18,18,"Ec",32,1,1,1,1,1,1
"25699","1250","Ec_N",429,19,19,"Ec",32,1,1,1,1,1,1
"25700","1250","Ec_N",429,20,20,"Ec",32,1,1,1,1,1,1
"25701","1250","Ec_N",429,21,21,"Ec",32,1,1,1,1,1,1
"25702","1250","Ec_N",429,22,22,"Ec",32,1,1,1,1,1,1
"25703","1250","Ec_N",429,23,23,"Ec",32,1,1,1,1,1,1
"25704","1250","Ec_N",429,24,24,"Ec",32,1,1,1,1,1,1
"25705","1250","Ec_N",429,25,25,"Ec",32,1,1,1,1,1,1
"25706","1250","Ec_N",429,26,26,"Ec",32,1,1,1,1,1,1
"25707","1250","Ec_N",429,27,27,"Ec",32,1,1,1,1,1,1
"25708","1250","Ec_N",429,28,28,"Ec",32,1,1,1,1,1,1
"25709","1250","Ec_N",429,29,29,"Ec",32,1,1,1,1,1,1
"25710","1250","Ec_N",429,30,30,"Ec",32,1,1,1,1,1,1
"25711","1250","Ec_N",429,31,31,"Ec",32,1,1,1,1,1,1
"25712","1250","Ec_N",429,32,32,"Ec",32,1,1,1,1,1,1
"25713","1250","Ec_N",429,33,33,"Ec",32,1,1,1,1,1,1
"25714","1250","Ec_N",429,34,34,"Ec",32,1,1,1,1,1,1
"25715","1250","Ec_N",429,35,35,"Ec",32,1,1,1,1,1,1
"25716","1250","Ec_N",429,36,36,"Ec",32,1,1,1,1,1,1
"25717","1250","Ec_N",429,37,37,"Ec",32,1,1,1,1,1,1
"25718","1250","Ec_N",429,38,38,"Ec",32,1,1,1,1,1,1
"25719","1250","Ec_N",429,39,39,"Ec",32,1,1,1,1,1,1
"25720","1250","Ec_N",429,40,40,"Ec",32,1,1,1,1,1,1
"25721","1250","Ec_N",429,41,41,"Ec",32,1,1,1,1,1,1
"25722","1250","Ec_N",429,42,42,"Ec",32,1,1,1,1,1,1
"25723","1250","Ec_N",429,43,43,"Ec",32,1,1,1,1,1,1
"25724","1250","Ec_N",429,44,44,"Ec",32,1,1,1,1,1,1
"25725","1250","Ec_N",429,45,45,"Ec",32,1,1,1,1,1,1
"25726","1250","Ec_N",429,46,46,"Ec",32,1,1,1,1,1,1
"25727","1250","Ec_N",429,47,47,"Ec",32,1,1,1,1,1,1
"25728","1250","Ec_N",429,48,48,"Ec",32,1,1,1,1,1,1
"25729","1250","Ec_N",429,49,49,"Ec",32,1,1,1,1,1,1
"25730","1250","Ec_N",429,50,50,"Ec",32,1,1,1,1,1,1
"25731","1250","Ec_N",429,51,51,"Ec",32,1,1,1,1,1,1
"25732","1250","Ec_N",429,52,52,"Ec",32,1,1,1,1,1,1
"25733","1250","Ec_N",429,53,53,"Ec",32,1,1,1,1,1,1
"25734","1250","Ec_N",429,54,54,"Ec",32,1,1,1,1,1,1
"25735","1250","Ec_N",429,55,55,"Ec",32,1,1,1,1,1,1
"25736","1250","Ec_N",429,56,56,"Ec",32,1,1,1,1,1,1
"25737","1250","Ec_N",429,57,57,"Ec",32,1,1,1,1,1,1
"25738","1250","Ec_N",429,58,58,"Ec",32,1,1,1,1,1,1
"25739","1250","Ec_N",429,59,59,"Ec",32,1,1,1,1,1,1
"25740","1250","Ec_N",429,60,60,"Ec",32,1,1,1,1,1,1
"25741","1250","Ec_N",430,1,1,"Ec",1,0,0,0,0,0,0
"25742","1250","Ec_N",430,2,2,"Ec",1,0,0,0,0,0,0
"25743","1250","Ec_N",430,3,3,"Ec",1,0,0,0,0,0,0
"25744","1250","Ec_N",430,4,4,"Ec",1,0,0,0,0,0,0
"25745","1250","Ec_N",430,5,5,"Ec",1,0,0,0,0,0,0
"25746","1250","Ec_N",430,6,6,"Ec",5,0,0,1,0,0,0.232063491762724
"25747","1250","Ec_N",430,7,7,"Ec",5,0,0,1,0,0,0.232063491762724
"25748","1250","Ec_N",430,8,8,"Ec",5,0,0,1,0,0,0.232063491762724
"25749","1250","Ec_N",430,9,9,"Ec",13,0,0,1,1,0,0.499809141804299
"25750","1250","Ec_N",430,10,10,"Ec",13,0,0,1,1,0,0.499809141804299
"25751","1250","Ec_N",430,11,11,"Ec",13,0,0,1,1,0,0.499809141804299
"25752","1250","Ec_N",430,12,12,"Ec",13,0,0,1,1,0,0.499809141804299
"25753","1250","Ec_N",430,13,13,"Ec",29,0,0,1,1,1,0.696336766125118
"25754","1250","Ec_N",430,14,14,"Ec",29,0,0,1,1,1,0.696336766125118
"25755","1250","Ec_N",430,15,15,"Ec",29,0,0,1,1,1,0.696336766125118
"25756","1250","Ec_N",430,16,16,"Ec",29,0,0,1,1,1,0.696336766125118
"25757","1250","Ec_N",430,17,17,"Ec",29,0,0,1,1,1,0.696336766125118
"25758","1250","Ec_N",430,18,18,"Ec",29,0,0,1,1,1,0.696336766125118
"25759","1250","Ec_N",430,19,19,"Ec",29,0,0,1,1,1,0.696336766125118
"25760","1250","Ec_N",430,20,20,"Ec",29,0,0,1,1,1,0.696336766125118
"25761","1250","Ec_N",430,21,21,"Ec",29,0,0,1,1,1,0.696336766125118
"25762","1250","Ec_N",430,22,22,"Ec",29,0,0,1,1,1,0.696336766125118
"25763","1250","Ec_N",430,23,23,"Ec",29,0,0,1,1,1,0.696336766125118
"25764","1250","Ec_N",430,24,24,"Ec",31,0,1,1,1,1,0.778987345540232
"25765","1250","Ec_N",430,25,25,"Ec",31,0,1,1,1,1,0.778987345540232
"25766","1250","Ec_N",430,26,26,"Ec",31,0,1,1,1,1,0.778987345540232
"25767","1250","Ec_N",430,27,27,"Ec",31,0,1,1,1,1,0.778987345540232
"25768","1250","Ec_N",430,28,28,"Ec",31,0,1,1,1,1,0.778987345540232
"25769","1250","Ec_N",430,29,29,"Ec",31,0,1,1,1,1,0.778987345540232
"25770","1250","Ec_N",430,30,30,"Ec",31,0,1,1,1,1,0.778987345540232
"25771","1250","Ec_N",430,31,31,"Ec",31,0,1,1,1,1,0.778987345540232
"25772","1250","Ec_N",430,32,32,"Ec",31,0,1,1,1,1,0.778987345540232
"25773","1250","Ec_N",430,33,33,"Ec",31,0,1,1,1,1,0.778987345540232
"25774","1250","Ec_N",430,34,34,"Ec",31,0,1,1,1,1,0.778987345540232
"25775","1250","Ec_N",430,35,35,"Ec",31,0,1,1,1,1,0.778987345540232
"25776","1250","Ec_N",430,36,36,"Ec",31,0,1,1,1,1,0.778987345540232
"25777","1250","Ec_N",430,37,37,"Ec",31,0,1,1,1,1,0.778987345540232
"25778","1250","Ec_N",430,38,38,"Ec",31,0,1,1,1,1,0.778987345540232
"25779","1250","Ec_N",430,39,39,"Ec",31,0,1,1,1,1,0.778987345540232
"25780","1250","Ec_N",430,40,40,"Ec",31,0,1,1,1,1,0.778987345540232
"25781","1250","Ec_N",430,41,41,"Ec",31,0,1,1,1,1,0.778987345540232
"25782","1250","Ec_N",430,42,42,"Ec",31,0,1,1,1,1,0.778987345540232
"25783","1250","Ec_N",430,43,43,"Ec",31,0,1,1,1,1,0.778987345540232
"25784","1250","Ec_N",430,44,44,"Ec",31,0,1,1,1,1,0.778987345540232
"25785","1250","Ec_N",430,45,45,"Ec",31,0,1,1,1,1,0.778987345540232
"25786","1250","Ec_N",430,46,46,"Ec",31,0,1,1,1,1,0.778987345540232
"25787","1250","Ec_N",430,47,47,"Ec",31,0,1,1,1,1,0.778987345540232
"25788","1250","Ec_N",430,48,48,"Ec",31,0,1,1,1,1,0.778987345540232
"25789","1250","Ec_N",430,49,49,"Ec",31,0,1,1,1,1,0.778987345540232
"25790","1250","Ec_N",430,50,50,"Ec",32,1,1,1,1,1,1
"25791","1250","Ec_N",430,51,51,"Ec",32,1,1,1,1,1,1
"25792","1250","Ec_N",430,52,52,"Ec",32,1,1,1,1,1,1
"25793","1250","Ec_N",430,53,53,"Ec",32,1,1,1,1,1,1
"25794","1250","Ec_N",430,54,54,"Ec",32,1,1,1,1,1,1
"25795","1250","Ec_N",430,55,55,"Ec",32,1,1,1,1,1,1
"25796","1250","Ec_N",430,56,56,"Ec",32,1,1,1,1,1,1
"25797","1250","Ec_N",430,57,57,"Ec",32,1,1,1,1,1,1
"25798","1250","Ec_N",430,58,58,"Ec",32,1,1,1,1,1,1
"25799","1250","Ec_N",430,59,59,"Ec",32,1,1,1,1,1,1
"25800","1250","Ec_N",430,60,60,"Ec",32,1,1,1,1,1,1
"25801","1250","Ec_N",431,1,1,"Ec",1,0,0,0,0,0,0
"25802","1250","Ec_N",431,2,2,"Ec",1,0,0,0,0,0,0
"25803","1250","Ec_N",431,3,3,"Ec",1,0,0,0,0,0,0
"25804","1250","Ec_N",431,4,4,"Ec",1,0,0,0,0,0,0
"25805","1250","Ec_N",431,5,5,"Ec",1,0,0,0,0,0,0
"25806","1250","Ec_N",431,6,6,"Ec",1,0,0,0,0,0,0
"25807","1250","Ec_N",431,7,7,"Ec",1,0,0,0,0,0,0
"25808","1250","Ec_N",431,8,8,"Ec",1,0,0,0,0,0,0
"25809","1250","Ec_N",431,9,9,"Ec",1,0,0,0,0,0,0
"25810","1250","Ec_N",431,10,10,"Ec",1,0,0,0,0,0,0
"25811","1250","Ec_N",431,11,11,"Ec",1,0,0,0,0,0,0
"25812","1250","Ec_N",431,12,12,"Ec",1,0,0,0,0,0,0
"25813","1250","Ec_N",431,13,13,"Ec",1,0,0,0,0,0,0
"25814","1250","Ec_N",431,14,14,"Ec",1,0,0,0,0,0,0
"25815","1250","Ec_N",431,15,15,"Ec",1,0,0,0,0,0,0
"25816","1250","Ec_N",431,16,16,"Ec",1,0,0,0,0,0,0
"25817","1250","Ec_N",431,17,17,"Ec",1,0,0,0,0,0,0
"25818","1250","Ec_N",431,18,18,"Ec",1,0,0,0,0,0,0
"25819","1250","Ec_N",431,19,19,"Ec",5,0,0,1,0,0,0.232063491762724
"25820","1250","Ec_N",431,20,20,"Ec",5,0,0,1,0,0,0.232063491762724
"25821","1250","Ec_N",431,21,21,"Ec",5,0,0,1,0,0,0.232063491762724
"25822","1250","Ec_N",431,22,22,"Ec",5,0,0,1,0,0,0.232063491762724
"25823","1250","Ec_N",431,23,23,"Ec",5,0,0,1,0,0,0.232063491762724
"25824","1250","Ec_N",431,24,24,"Ec",5,0,0,1,0,0,0.232063491762724
"25825","1250","Ec_N",431,25,25,"Ec",13,0,0,1,1,0,0.499809141804299
"25826","1250","Ec_N",431,26,26,"Ec",13,0,0,1,1,0,0.499809141804299
"25827","1250","Ec_N",431,27,27,"Ec",13,0,0,1,1,0,0.499809141804299
"25828","1250","Ec_N",431,28,28,"Ec",13,0,0,1,1,0,0.499809141804299
"25829","1250","Ec_N",431,29,29,"Ec",13,0,0,1,1,0,0.499809141804299
"25830","1250","Ec_N",431,30,30,"Ec",13,0,0,1,1,0,0.499809141804299
"25831","1250","Ec_N",431,31,31,"Ec",13,0,0,1,1,0,0.499809141804299
"25832","1250","Ec_N",431,32,32,"Ec",13,0,0,1,1,0,0.499809141804299
"25833","1250","Ec_N",431,33,33,"Ec",15,0,1,1,1,0,0.582459721219413
"25834","1250","Ec_N",431,34,34,"Ec",15,0,1,1,1,0,0.582459721219413
"25835","1250","Ec_N",431,35,35,"Ec",15,0,1,1,1,0,0.582459721219413
"25836","1250","Ec_N",431,36,36,"Ec",15,0,1,1,1,0,0.582459721219413
"25837","1250","Ec_N",431,37,37,"Ec",15,0,1,1,1,0,0.582459721219413
"25838","1250","Ec_N",431,38,38,"Ec",15,0,1,1,1,0,0.582459721219413
"25839","1250","Ec_N",431,39,39,"Ec",16,1,1,1,1,0,0.879284144928883
"25840","1250","Ec_N",431,40,40,"Ec",16,1,1,1,1,0,0.879284144928883
"25841","1250","Ec_N",431,41,41,"Ec",16,1,1,1,1,0,0.879284144928883
"25842","1250","Ec_N",431,42,42,"Ec",16,1,1,1,1,0,0.879284144928883
"25843","1250","Ec_N",431,43,43,"Ec",16,1,1,1,1,0,0.879284144928883
"25844","1250","Ec_N",431,44,44,"Ec",16,1,1,1,1,0,0.879284144928883
"25845","1250","Ec_N",431,45,45,"Ec",16,1,1,1,1,0,0.879284144928883
"25846","1250","Ec_N",431,46,46,"Ec",16,1,1,1,1,0,0.879284144928883
"25847","1250","Ec_N",431,47,47,"Ec",16,1,1,1,1,0,0.879284144928883
"25848","1250","Ec_N",431,48,48,"Ec",16,1,1,1,1,0,0.879284144928883
"25849","1250","Ec_N",431,49,49,"Ec",16,1,1,1,1,0,0.879284144928883
"25850","1250","Ec_N",431,50,50,"Ec",16,1,1,1,1,0,0.879284144928883
"25851","1250","Ec_N",431,51,51,"Ec",16,1,1,1,1,0,0.879284144928883
"25852","1250","Ec_N",431,52,52,"Ec",16,1,1,1,1,0,0.879284144928883
"25853","1250","Ec_N",431,53,53,"Ec",16,1,1,1,1,0,0.879284144928883
"25854","1250","Ec_N",431,54,54,"Ec",16,1,1,1,1,0,0.879284144928883
"25855","1250","Ec_N",431,55,55,"Ec",16,1,1,1,1,0,0.879284144928883
"25856","1250","Ec_N",431,56,56,"Ec",16,1,1,1,1,0,0.879284144928883
"25857","1250","Ec_N",431,57,57,"Ec",16,1,1,1,1,0,0.879284144928883
"25858","1250","Ec_N",431,58,58,"Ec",16,1,1,1,1,0,0.879284144928883
"25859","1250","Ec_N",431,59,59,"Ec",16,1,1,1,1,0,0.879284144928883
"25860","1250","Ec_N",431,60,60,"Ec",16,1,1,1,1,0,0.879284144928883
"25861","1250","Ec_N",432,1,1,"Ec",1,0,0,0,0,0,0
"25862","1250","Ec_N",432,2,2,"Ec",1,0,0,0,0,0,0
"25863","1250","Ec_N",432,3,3,"Ec",1,0,0,0,0,0,0
"25864","1250","Ec_N",432,4,4,"Ec",1,0,0,0,0,0,0
"25865","1250","Ec_N",432,5,5,"Ec",1,0,0,0,0,0,0
"25866","1250","Ec_N",432,6,6,"Ec",1,0,0,0,0,0,0
"25867","1250","Ec_N",432,7,7,"Ec",1,0,0,0,0,0,0
"25868","1250","Ec_N",432,8,8,"Ec",1,0,0,0,0,0,0
"25869","1250","Ec_N",432,9,9,"Ec",1,0,0,0,0,0,0
"25870","1250","Ec_N",432,10,10,"Ec",1,0,0,0,0,0,0
"25871","1250","Ec_N",432,11,11,"Ec",1,0,0,0,0,0,0
"25872","1250","Ec_N",432,12,12,"Ec",1,0,0,0,0,0,0
"25873","1250","Ec_N",432,13,13,"Ec",1,0,0,0,0,0,0
"25874","1250","Ec_N",432,14,14,"Ec",1,0,0,0,0,0,0
"25875","1250","Ec_N",432,15,15,"Ec",1,0,0,0,0,0,0
"25876","1250","Ec_N",432,16,16,"Ec",1,0,0,0,0,0,0
"25877","1250","Ec_N",432,17,17,"Ec",1,0,0,0,0,0,0
"25878","1250","Ec_N",432,18,18,"Ec",1,0,0,0,0,0,0
"25879","1250","Ec_N",432,19,19,"Ec",1,0,0,0,0,0,0
"25880","1250","Ec_N",432,20,20,"Ec",5,0,0,1,0,0,0.232063491762724
"25881","1250","Ec_N",432,21,21,"Ec",5,0,0,1,0,0,0.232063491762724
"25882","1250","Ec_N",432,22,22,"Ec",5,0,0,1,0,0,0.232063491762724
"25883","1250","Ec_N",432,23,23,"Ec",5,0,0,1,0,0,0.232063491762724
"25884","1250","Ec_N",432,24,24,"Ec",5,0,0,1,0,0,0.232063491762724
"25885","1250","Ec_N",432,25,25,"Ec",5,0,0,1,0,0,0.232063491762724
"25886","1250","Ec_N",432,26,26,"Ec",5,0,0,1,0,0,0.232063491762724
"25887","1250","Ec_N",432,27,27,"Ec",5,0,0,1,0,0,0.232063491762724
"25888","1250","Ec_N",432,28,28,"Ec",5,0,0,1,0,0,0.232063491762724
"25889","1250","Ec_N",432,29,29,"Ec",5,0,0,1,0,0,0.232063491762724
"25890","1250","Ec_N",432,30,30,"Ec",5,0,0,1,0,0,0.232063491762724
"25891","1250","Ec_N",432,31,31,"Ec",5,0,0,1,0,0,0.232063491762724
"25892","1250","Ec_N",432,32,32,"Ec",7,0,1,1,0,0,0.314714071177838
"25893","1250","Ec_N",432,33,33,"Ec",7,0,1,1,0,0,0.314714071177838
"25894","1250","Ec_N",432,34,34,"Ec",15,0,1,1,1,0,0.582459721219413
"25895","1250","Ec_N",432,35,35,"Ec",15,0,1,1,1,0,0.582459721219413
"25896","1250","Ec_N",432,36,36,"Ec",15,0,1,1,1,0,0.582459721219413
"25897","1250","Ec_N",432,37,37,"Ec",15,0,1,1,1,0,0.582459721219413
"25898","1250","Ec_N",432,38,38,"Ec",15,0,1,1,1,0,0.582459721219413
"25899","1250","Ec_N",432,39,39,"Ec",15,0,1,1,1,0,0.582459721219413
"25900","1250","Ec_N",432,40,40,"Ec",15,0,1,1,1,0,0.582459721219413
"25901","1250","Ec_N",432,41,41,"Ec",15,0,1,1,1,0,0.582459721219413
"25902","1250","Ec_N",432,42,42,"Ec",15,0,1,1,1,0,0.582459721219413
"25903","1250","Ec_N",432,43,43,"Ec",15,0,1,1,1,0,0.582459721219413
"25904","1250","Ec_N",432,44,44,"Ec",31,0,1,1,1,1,0.778987345540232
"25905","1250","Ec_N",432,45,45,"Ec",31,0,1,1,1,1,0.778987345540232
"25906","1250","Ec_N",432,46,46,"Ec",31,0,1,1,1,1,0.778987345540232
"25907","1250","Ec_N",432,47,47,"Ec",31,0,1,1,1,1,0.778987345540232
"25908","1250","Ec_N",432,48,48,"Ec",31,0,1,1,1,1,0.778987345540232
"25909","1250","Ec_N",432,49,49,"Ec",31,0,1,1,1,1,0.778987345540232
"25910","1250","Ec_N",432,50,50,"Ec",31,0,1,1,1,1,0.778987345540232
"25911","1250","Ec_N",432,51,51,"Ec",31,0,1,1,1,1,0.778987345540232
"25912","1250","Ec_N",432,52,52,"Ec",31,0,1,1,1,1,0.778987345540232
"25913","1250","Ec_N",432,53,53,"Ec",31,0,1,1,1,1,0.778987345540232
"25914","1250","Ec_N",432,54,54,"Ec",31,0,1,1,1,1,0.778987345540232
"25915","1250","Ec_N",432,55,55,"Ec",31,0,1,1,1,1,0.778987345540232
"25916","1250","Ec_N",432,56,56,"Ec",31,0,1,1,1,1,0.778987345540232
"25917","1250","Ec_N",432,57,57,"Ec",31,0,1,1,1,1,0.778987345540232
"25918","1250","Ec_N",432,58,58,"Ec",31,0,1,1,1,1,0.778987345540232
"25919","1250","Ec_N",432,59,59,"Ec",31,0,1,1,1,1,0.778987345540232
"25920","1250","Ec_N",432,60,60,"Ec",31,0,1,1,1,1,0.778987345540232
"25921","1250","Ec_N",433,1,1,"Ec",1,0,0,0,0,0,0
"25922","1250","Ec_N",433,2,2,"Ec",1,0,0,0,0,0,0
"25923","1250","Ec_N",433,3,3,"Ec",1,0,0,0,0,0,0
"25924","1250","Ec_N",433,4,4,"Ec",1,0,0,0,0,0,0
"25925","1250","Ec_N",433,5,5,"Ec",1,0,0,0,0,0,0
"25926","1250","Ec_N",433,6,6,"Ec",1,0,0,0,0,0,0
"25927","1250","Ec_N",433,7,7,"Ec",1,0,0,0,0,0,0
"25928","1250","Ec_N",433,8,8,"Ec",1,0,0,0,0,0,0
"25929","1250","Ec_N",433,9,9,"Ec",1,0,0,0,0,0,0
"25930","1250","Ec_N",433,10,10,"Ec",1,0,0,0,0,0,0
"25931","1250","Ec_N",433,11,11,"Ec",1,0,0,0,0,0,0
"25932","1250","Ec_N",433,12,12,"Ec",1,0,0,0,0,0,0
"25933","1250","Ec_N",433,13,13,"Ec",1,0,0,0,0,0,0
"25934","1250","Ec_N",433,14,14,"Ec",1,0,0,0,0,0,0
"25935","1250","Ec_N",433,15,15,"Ec",1,0,0,0,0,0,0
"25936","1250","Ec_N",433,16,16,"Ec",1,0,0,0,0,0,0
"25937","1250","Ec_N",433,17,17,"Ec",9,0,0,0,1,0,0.267745650041575
"25938","1250","Ec_N",433,18,18,"Ec",9,0,0,0,1,0,0.267745650041575
"25939","1250","Ec_N",433,19,19,"Ec",9,0,0,0,1,0,0.267745650041575
"25940","1250","Ec_N",433,20,20,"Ec",10,1,0,0,1,0,0.488758304501343
"25941","1250","Ec_N",433,21,21,"Ec",10,1,0,0,1,0,0.488758304501343
"25942","1250","Ec_N",433,22,22,"Ec",10,1,0,0,1,0,0.488758304501343
"25943","1250","Ec_N",433,23,23,"Ec",14,1,0,1,1,0,0.720821796264067
"25944","1250","Ec_N",433,24,24,"Ec",14,1,0,1,1,0,0.720821796264067
"25945","1250","Ec_N",433,25,25,"Ec",14,1,0,1,1,0,0.720821796264067
"25946","1250","Ec_N",433,26,26,"Ec",14,1,0,1,1,0,0.720821796264067
"25947","1250","Ec_N",433,27,27,"Ec",14,1,0,1,1,0,0.720821796264067
"25948","1250","Ec_N",433,28,28,"Ec",14,1,0,1,1,0,0.720821796264067
"25949","1250","Ec_N",433,29,29,"Ec",14,1,0,1,1,0,0.720821796264067
"25950","1250","Ec_N",433,30,30,"Ec",14,1,0,1,1,0,0.720821796264067
"25951","1250","Ec_N",433,31,31,"Ec",30,1,0,1,1,1,0.981696467924213
"25952","1250","Ec_N",433,32,32,"Ec",30,1,0,1,1,1,0.981696467924213
"25953","1250","Ec_N",433,33,33,"Ec",30,1,0,1,1,1,0.981696467924213
"25954","1250","Ec_N",433,34,34,"Ec",30,1,0,1,1,1,0.981696467924213
"25955","1250","Ec_N",433,35,35,"Ec",30,1,0,1,1,1,0.981696467924213
"25956","1250","Ec_N",433,36,36,"Ec",30,1,0,1,1,1,0.981696467924213
"25957","1250","Ec_N",433,37,37,"Ec",30,1,0,1,1,1,0.981696467924213
"25958","1250","Ec_N",433,38,38,"Ec",30,1,0,1,1,1,0.981696467924213
"25959","1250","Ec_N",433,39,39,"Ec",30,1,0,1,1,1,0.981696467924213
"25960","1250","Ec_N",433,40,40,"Ec",30,1,0,1,1,1,0.981696467924213
"25961","1250","Ec_N",433,41,41,"Ec",30,1,0,1,1,1,0.981696467924213
"25962","1250","Ec_N",433,42,42,"Ec",30,1,0,1,1,1,0.981696467924213
"25963","1250","Ec_N",433,43,43,"Ec",30,1,0,1,1,1,0.981696467924213
"25964","1250","Ec_N",433,44,44,"Ec",30,1,0,1,1,1,0.981696467924213
"25965","1250","Ec_N",433,45,45,"Ec",30,1,0,1,1,1,0.981696467924213
"25966","1250","Ec_N",433,46,46,"Ec",30,1,0,1,1,1,0.981696467924213
"25967","1250","Ec_N",433,47,47,"Ec",32,1,1,1,1,1,1
"25968","1250","Ec_N",433,48,48,"Ec",32,1,1,1,1,1,1
"25969","1250","Ec_N",433,49,49,"Ec",32,1,1,1,1,1,1
"25970","1250","Ec_N",433,50,50,"Ec",32,1,1,1,1,1,1
"25971","1250","Ec_N",433,51,51,"Ec",32,1,1,1,1,1,1
"25972","1250","Ec_N",433,52,52,"Ec",32,1,1,1,1,1,1
"25973","1250","Ec_N",433,53,53,"Ec",32,1,1,1,1,1,1
"25974","1250","Ec_N",433,54,54,"Ec",32,1,1,1,1,1,1
"25975","1250","Ec_N",433,55,55,"Ec",32,1,1,1,1,1,1
"25976","1250","Ec_N",433,56,56,"Ec",32,1,1,1,1,1,1
"25977","1250","Ec_N",433,57,57,"Ec",32,1,1,1,1,1,1
"25978","1250","Ec_N",433,58,58,"Ec",32,1,1,1,1,1,1
"25979","1250","Ec_N",433,59,59,"Ec",32,1,1,1,1,1,1
"25980","1250","Ec_N",433,60,60,"Ec",32,1,1,1,1,1,1
"25981","1250","Ec_N",434,1,1,"Ec",1,0,0,0,0,0,0
"25982","1250","Ec_N",434,2,2,"Ec",1,0,0,0,0,0,0
"25983","1250","Ec_N",434,3,3,"Ec",17,0,0,0,0,1,0.14692246949649
"25984","1250","Ec_N",434,4,4,"Ec",17,0,0,0,0,1,0.14692246949649
"25985","1250","Ec_N",434,5,5,"Ec",17,0,0,0,0,1,0.14692246949649
"25986","1250","Ec_N",434,6,6,"Ec",17,0,0,0,0,1,0.14692246949649
"25987","1250","Ec_N",434,7,7,"Ec",17,0,0,0,0,1,0.14692246949649
"25988","1250","Ec_N",434,8,8,"Ec",17,0,0,0,0,1,0.14692246949649
"25989","1250","Ec_N",434,9,9,"Ec",17,0,0,0,0,1,0.14692246949649
"25990","1250","Ec_N",434,10,10,"Ec",17,0,0,0,0,1,0.14692246949649
"25991","1250","Ec_N",434,11,11,"Ec",17,0,0,0,0,1,0.14692246949649
"25992","1250","Ec_N",434,12,12,"Ec",17,0,0,0,0,1,0.14692246949649
"25993","1250","Ec_N",434,13,13,"Ec",17,0,0,0,0,1,0.14692246949649
"25994","1250","Ec_N",434,14,14,"Ec",17,0,0,0,0,1,0.14692246949649
"25995","1250","Ec_N",434,15,15,"Ec",17,0,0,0,0,1,0.14692246949649
"25996","1250","Ec_N",434,16,16,"Ec",17,0,0,0,0,1,0.14692246949649
"25997","1250","Ec_N",434,17,17,"Ec",17,0,0,0,0,1,0.14692246949649
"25998","1250","Ec_N",434,18,18,"Ec",17,0,0,0,0,1,0.14692246949649
"25999","1250","Ec_N",434,19,19,"Ec",17,0,0,0,0,1,0.14692246949649
"26000","1250","Ec_N",434,20,20,"Ec",17,0,0,0,0,1,0.14692246949649
"26001","1250","Ec_N",434,21,21,"Ec",25,0,0,0,1,1,0.464273274362394
"26002","1250","Ec_N",434,22,22,"Ec",29,0,0,1,1,1,0.696336766125118
"26003","1250","Ec_N",434,23,23,"Ec",29,0,0,1,1,1,0.696336766125118
"26004","1250","Ec_N",434,24,24,"Ec",29,0,0,1,1,1,0.696336766125118
"26005","1250","Ec_N",434,25,25,"Ec",29,0,0,1,1,1,0.696336766125118
"26006","1250","Ec_N",434,26,26,"Ec",29,0,0,1,1,1,0.696336766125118
"26007","1250","Ec_N",434,27,27,"Ec",29,0,0,1,1,1,0.696336766125118
"26008","1250","Ec_N",434,28,28,"Ec",29,0,0,1,1,1,0.696336766125118
"26009","1250","Ec_N",434,29,29,"Ec",29,0,0,1,1,1,0.696336766125118
"26010","1250","Ec_N",434,30,30,"Ec",29,0,0,1,1,1,0.696336766125118
"26011","1250","Ec_N",434,31,31,"Ec",31,0,1,1,1,1,0.778987345540232
"26012","1250","Ec_N",434,32,32,"Ec",31,0,1,1,1,1,0.778987345540232
"26013","1250","Ec_N",434,33,33,"Ec",31,0,1,1,1,1,0.778987345540232
"26014","1250","Ec_N",434,34,34,"Ec",31,0,1,1,1,1,0.778987345540232
"26015","1250","Ec_N",434,35,35,"Ec",31,0,1,1,1,1,0.778987345540232
"26016","1250","Ec_N",434,36,36,"Ec",31,0,1,1,1,1,0.778987345540232
"26017","1250","Ec_N",434,37,37,"Ec",31,0,1,1,1,1,0.778987345540232
"26018","1250","Ec_N",434,38,38,"Ec",31,0,1,1,1,1,0.778987345540232
"26019","1250","Ec_N",434,39,39,"Ec",31,0,1,1,1,1,0.778987345540232
"26020","1250","Ec_N",434,40,40,"Ec",31,0,1,1,1,1,0.778987345540232
"26021","1250","Ec_N",434,41,41,"Ec",31,0,1,1,1,1,0.778987345540232
"26022","1250","Ec_N",434,42,42,"Ec",31,0,1,1,1,1,0.778987345540232
"26023","1250","Ec_N",434,43,43,"Ec",31,0,1,1,1,1,0.778987345540232
"26024","1250","Ec_N",434,44,44,"Ec",31,0,1,1,1,1,0.778987345540232
"26025","1250","Ec_N",434,45,45,"Ec",31,0,1,1,1,1,0.778987345540232
"26026","1250","Ec_N",434,46,46,"Ec",31,0,1,1,1,1,0.778987345540232
"26027","1250","Ec_N",434,47,47,"Ec",31,0,1,1,1,1,0.778987345540232
"26028","1250","Ec_N",434,48,48,"Ec",31,0,1,1,1,1,0.778987345540232
"26029","1250","Ec_N",434,49,49,"Ec",31,0,1,1,1,1,0.778987345540232
"26030","1250","Ec_N",434,50,50,"Ec",31,0,1,1,1,1,0.778987345540232
"26031","1250","Ec_N",434,51,51,"Ec",31,0,1,1,1,1,0.778987345540232
"26032","1250","Ec_N",434,52,52,"Ec",31,0,1,1,1,1,0.778987345540232
"26033","1250","Ec_N",434,53,53,"Ec",31,0,1,1,1,1,0.778987345540232
"26034","1250","Ec_N",434,54,54,"Ec",31,0,1,1,1,1,0.778987345540232
"26035","1250","Ec_N",434,55,55,"Ec",31,0,1,1,1,1,0.778987345540232
"26036","1250","Ec_N",434,56,56,"Ec",31,0,1,1,1,1,0.778987345540232
"26037","1250","Ec_N",434,57,57,"Ec",32,1,1,1,1,1,1
"26038","1250","Ec_N",434,58,58,"Ec",32,1,1,1,1,1,1
"26039","1250","Ec_N",434,59,59,"Ec",32,1,1,1,1,1,1
"26040","1250","Ec_N",434,60,60,"Ec",32,1,1,1,1,1,1
"26041","1250","Ec_N",435,1,1,"Ec",1,0,0,0,0,0,0
"26042","1250","Ec_N",435,2,2,"Ec",1,0,0,0,0,0,0
"26043","1250","Ec_N",435,3,3,"Ec",1,0,0,0,0,0,0
"26044","1250","Ec_N",435,4,4,"Ec",1,0,0,0,0,0,0
"26045","1250","Ec_N",435,5,5,"Ec",1,0,0,0,0,0,0
"26046","1250","Ec_N",435,6,6,"Ec",3,0,1,0,0,0,0.082650579415114
"26047","1250","Ec_N",435,7,7,"Ec",3,0,1,0,0,0,0.082650579415114
"26048","1250","Ec_N",435,8,8,"Ec",3,0,1,0,0,0,0.082650579415114
"26049","1250","Ec_N",435,9,9,"Ec",7,0,1,1,0,0,0.314714071177838
"26050","1250","Ec_N",435,10,10,"Ec",8,1,1,1,0,0,0.440600849145421
"26051","1250","Ec_N",435,11,11,"Ec",8,1,1,1,0,0,0.440600849145421
"26052","1250","Ec_N",435,12,12,"Ec",6,1,0,1,0,0,0.453076146222492
"26053","1250","Ec_N",435,13,13,"Ec",6,1,0,1,0,0,0.453076146222492
"26054","1250","Ec_N",435,14,14,"Ec",6,1,0,1,0,0,0.453076146222492
"26055","1250","Ec_N",435,15,15,"Ec",14,1,0,1,1,0,0.720821796264067
"26056","1250","Ec_N",435,16,16,"Ec",14,1,0,1,1,0,0.720821796264067
"26057","1250","Ec_N",435,17,17,"Ec",14,1,0,1,1,0,0.720821796264067
"26058","1250","Ec_N",435,18,18,"Ec",14,1,0,1,1,0,0.720821796264067
"26059","1250","Ec_N",435,19,19,"Ec",14,1,0,1,1,0,0.720821796264067
"26060","1250","Ec_N",435,20,20,"Ec",14,1,0,1,1,0,0.720821796264067
"26061","1250","Ec_N",435,21,21,"Ec",30,1,0,1,1,1,0.981696467924213
"26062","1250","Ec_N",435,22,22,"Ec",30,1,0,1,1,1,0.981696467924213
"26063","1250","Ec_N",435,23,23,"Ec",30,1,0,1,1,1,0.981696467924213
"26064","1250","Ec_N",435,24,24,"Ec",30,1,0,1,1,1,0.981696467924213
"26065","1250","Ec_N",435,25,25,"Ec",30,1,0,1,1,1,0.981696467924213
"26066","1250","Ec_N",435,26,26,"Ec",30,1,0,1,1,1,0.981696467924213
"26067","1250","Ec_N",435,27,27,"Ec",30,1,0,1,1,1,0.981696467924213
"26068","1250","Ec_N",435,28,28,"Ec",30,1,0,1,1,1,0.981696467924213
"26069","1250","Ec_N",435,29,29,"Ec",30,1,0,1,1,1,0.981696467924213
"26070","1250","Ec_N",435,30,30,"Ec",32,1,1,1,1,1,1
"26071","1250","Ec_N",435,31,31,"Ec",32,1,1,1,1,1,1
"26072","1250","Ec_N",435,32,32,"Ec",32,1,1,1,1,1,1
"26073","1250","Ec_N",435,33,33,"Ec",32,1,1,1,1,1,1
"26074","1250","Ec_N",435,34,34,"Ec",32,1,1,1,1,1,1
"26075","1250","Ec_N",435,35,35,"Ec",32,1,1,1,1,1,1
"26076","1250","Ec_N",435,36,36,"Ec",32,1,1,1,1,1,1
"26077","1250","Ec_N",435,37,37,"Ec",32,1,1,1,1,1,1
"26078","1250","Ec_N",435,38,38,"Ec",32,1,1,1,1,1,1
"26079","1250","Ec_N",435,39,39,"Ec",32,1,1,1,1,1,1
"26080","1250","Ec_N",435,40,40,"Ec",32,1,1,1,1,1,1
"26081","1250","Ec_N",435,41,41,"Ec",32,1,1,1,1,1,1
"26082","1250","Ec_N",435,42,42,"Ec",32,1,1,1,1,1,1
"26083","1250","Ec_N",435,43,43,"Ec",32,1,1,1,1,1,1
"26084","1250","Ec_N",435,44,44,"Ec",32,1,1,1,1,1,1
"26085","1250","Ec_N",435,45,45,"Ec",32,1,1,1,1,1,1
"26086","1250","Ec_N",435,46,46,"Ec",32,1,1,1,1,1,1
"26087","1250","Ec_N",435,47,47,"Ec",32,1,1,1,1,1,1
"26088","1250","Ec_N",435,48,48,"Ec",32,1,1,1,1,1,1
"26089","1250","Ec_N",435,49,49,"Ec",32,1,1,1,1,1,1
"26090","1250","Ec_N",435,50,50,"Ec",32,1,1,1,1,1,1
"26091","1250","Ec_N",435,51,51,"Ec",32,1,1,1,1,1,1
"26092","1250","Ec_N",435,52,52,"Ec",32,1,1,1,1,1,1
"26093","1250","Ec_N",435,53,53,"Ec",32,1,1,1,1,1,1
"26094","1250","Ec_N",435,54,54,"Ec",32,1,1,1,1,1,1
"26095","1250","Ec_N",435,55,55,"Ec",32,1,1,1,1,1,1
"26096","1250","Ec_N",435,56,56,"Ec",32,1,1,1,1,1,1
"26097","1250","Ec_N",435,57,57,"Ec",32,1,1,1,1,1,1
"26098","1250","Ec_N",435,58,58,"Ec",32,1,1,1,1,1,1
"26099","1250","Ec_N",435,59,59,"Ec",32,1,1,1,1,1,1
"26100","1250","Ec_N",435,60,60,"Ec",32,1,1,1,1,1,1
"26101","1250","Ec_N",436,1,1,"Ec",1,0,0,0,0,0,0
"26102","1250","Ec_N",436,2,2,"Ec",1,0,0,0,0,0,0
"26103","1250","Ec_N",436,3,3,"Ec",1,0,0,0,0,0,0
"26104","1250","Ec_N",436,4,4,"Ec",1,0,0,0,0,0,0
"26105","1250","Ec_N",436,5,5,"Ec",9,0,0,0,1,0,0.267745650041575
"26106","1250","Ec_N",436,6,6,"Ec",9,0,0,0,1,0,0.267745650041575
"26107","1250","Ec_N",436,7,7,"Ec",9,0,0,0,1,0,0.267745650041575
"26108","1250","Ec_N",436,8,8,"Ec",9,0,0,0,1,0,0.267745650041575
"26109","1250","Ec_N",436,9,9,"Ec",9,0,0,0,1,0,0.267745650041575
"26110","1250","Ec_N",436,10,10,"Ec",25,0,0,0,1,1,0.464273274362394
"26111","1250","Ec_N",436,11,11,"Ec",25,0,0,0,1,1,0.464273274362394
"26112","1250","Ec_N",436,12,12,"Ec",25,0,0,0,1,1,0.464273274362394
"26113","1250","Ec_N",436,13,13,"Ec",25,0,0,0,1,1,0.464273274362394
"26114","1250","Ec_N",436,14,14,"Ec",25,0,0,0,1,1,0.464273274362394
"26115","1250","Ec_N",436,15,15,"Ec",25,0,0,0,1,1,0.464273274362394
"26116","1250","Ec_N",436,16,16,"Ec",25,0,0,0,1,1,0.464273274362394
"26117","1250","Ec_N",436,17,17,"Ec",25,0,0,0,1,1,0.464273274362394
"26118","1250","Ec_N",436,18,18,"Ec",25,0,0,0,1,1,0.464273274362394
"26119","1250","Ec_N",436,19,19,"Ec",25,0,0,0,1,1,0.464273274362394
"26120","1250","Ec_N",436,20,20,"Ec",25,0,0,0,1,1,0.464273274362394
"26121","1250","Ec_N",436,21,21,"Ec",25,0,0,0,1,1,0.464273274362394
"26122","1250","Ec_N",436,22,22,"Ec",25,0,0,0,1,1,0.464273274362394
"26123","1250","Ec_N",436,23,23,"Ec",25,0,0,0,1,1,0.464273274362394
"26124","1250","Ec_N",436,24,24,"Ec",25,0,0,0,1,1,0.464273274362394
"26125","1250","Ec_N",436,25,25,"Ec",25,0,0,0,1,1,0.464273274362394
"26126","1250","Ec_N",436,26,26,"Ec",25,0,0,0,1,1,0.464273274362394
"26127","1250","Ec_N",436,27,27,"Ec",27,0,1,0,1,1,0.50104458373578
"26128","1250","Ec_N",436,28,28,"Ec",27,0,1,0,1,1,0.50104458373578
"26129","1250","Ec_N",436,29,29,"Ec",31,0,1,1,1,1,0.778987345540232
"26130","1250","Ec_N",436,30,30,"Ec",31,0,1,1,1,1,0.778987345540232
"26131","1250","Ec_N",436,31,31,"Ec",31,0,1,1,1,1,0.778987345540232
"26132","1250","Ec_N",436,32,32,"Ec",31,0,1,1,1,1,0.778987345540232
"26133","1250","Ec_N",436,33,33,"Ec",31,0,1,1,1,1,0.778987345540232
"26134","1250","Ec_N",436,34,34,"Ec",31,0,1,1,1,1,0.778987345540232
"26135","1250","Ec_N",436,35,35,"Ec",31,0,1,1,1,1,0.778987345540232
"26136","1250","Ec_N",436,36,36,"Ec",31,0,1,1,1,1,0.778987345540232
"26137","1250","Ec_N",436,37,37,"Ec",31,0,1,1,1,1,0.778987345540232
"26138","1250","Ec_N",436,38,38,"Ec",31,0,1,1,1,1,0.778987345540232
"26139","1250","Ec_N",436,39,39,"Ec",31,0,1,1,1,1,0.778987345540232
"26140","1250","Ec_N",436,40,40,"Ec",31,0,1,1,1,1,0.778987345540232
"26141","1250","Ec_N",436,41,41,"Ec",31,0,1,1,1,1,0.778987345540232
"26142","1250","Ec_N",436,42,42,"Ec",31,0,1,1,1,1,0.778987345540232
"26143","1250","Ec_N",436,43,43,"Ec",31,0,1,1,1,1,0.778987345540232
"26144","1250","Ec_N",436,44,44,"Ec",31,0,1,1,1,1,0.778987345540232
"26145","1250","Ec_N",436,45,45,"Ec",31,0,1,1,1,1,0.778987345540232
"26146","1250","Ec_N",436,46,46,"Ec",31,0,1,1,1,1,0.778987345540232
"26147","1250","Ec_N",436,47,47,"Ec",31,0,1,1,1,1,0.778987345540232
"26148","1250","Ec_N",436,48,48,"Ec",31,0,1,1,1,1,0.778987345540232
"26149","1250","Ec_N",436,49,49,"Ec",31,0,1,1,1,1,0.778987345540232
"26150","1250","Ec_N",436,50,50,"Ec",31,0,1,1,1,1,0.778987345540232
"26151","1250","Ec_N",436,51,51,"Ec",31,0,1,1,1,1,0.778987345540232
"26152","1250","Ec_N",436,52,52,"Ec",31,0,1,1,1,1,0.778987345540232
"26153","1250","Ec_N",436,53,53,"Ec",31,0,1,1,1,1,0.778987345540232
"26154","1250","Ec_N",436,54,54,"Ec",32,1,1,1,1,1,1
"26155","1250","Ec_N",436,55,55,"Ec",32,1,1,1,1,1,1
"26156","1250","Ec_N",436,56,56,"Ec",32,1,1,1,1,1,1
"26157","1250","Ec_N",436,57,57,"Ec",32,1,1,1,1,1,1
"26158","1250","Ec_N",436,58,58,"Ec",32,1,1,1,1,1,1
"26159","1250","Ec_N",436,59,59,"Ec",32,1,1,1,1,1,1
"26160","1250","Ec_N",436,60,60,"Ec",32,1,1,1,1,1,1
"26161","1250","Ec_N",437,1,1,"Ec",1,0,0,0,0,0,0
"26162","1250","Ec_N",437,2,2,"Ec",3,0,1,0,0,0,0.082650579415114
"26163","1250","Ec_N",437,3,3,"Ec",3,0,1,0,0,0,0.082650579415114
"26164","1250","Ec_N",437,4,4,"Ec",3,0,1,0,0,0,0.082650579415114
"26165","1250","Ec_N",437,5,5,"Ec",3,0,1,0,0,0,0.082650579415114
"26166","1250","Ec_N",437,6,6,"Ec",3,0,1,0,0,0,0.082650579415114
"26167","1250","Ec_N",437,7,7,"Ec",3,0,1,0,0,0,0.082650579415114
"26168","1250","Ec_N",437,8,8,"Ec",3,0,1,0,0,0,0.082650579415114
"26169","1250","Ec_N",437,9,9,"Ec",3,0,1,0,0,0,0.082650579415114
"26170","1250","Ec_N",437,10,10,"Ec",19,0,1,0,0,1,0.179678659430889
"26171","1250","Ec_N",437,11,11,"Ec",19,0,1,0,0,1,0.179678659430889
"26172","1250","Ec_N",437,12,12,"Ec",19,0,1,0,0,1,0.179678659430889
"26173","1250","Ec_N",437,13,13,"Ec",19,0,1,0,0,1,0.179678659430889
"26174","1250","Ec_N",437,14,14,"Ec",19,0,1,0,0,1,0.179678659430889
"26175","1250","Ec_N",437,15,15,"Ec",19,0,1,0,0,1,0.179678659430889
"26176","1250","Ec_N",437,16,16,"Ec",19,0,1,0,0,1,0.179678659430889
"26177","1250","Ec_N",437,17,17,"Ec",19,0,1,0,0,1,0.179678659430889
"26178","1250","Ec_N",437,18,18,"Ec",19,0,1,0,0,1,0.179678659430889
"26179","1250","Ec_N",437,19,19,"Ec",19,0,1,0,0,1,0.179678659430889
"26180","1250","Ec_N",437,20,20,"Ec",19,0,1,0,0,1,0.179678659430889
"26181","1250","Ec_N",437,21,21,"Ec",19,0,1,0,0,1,0.179678659430889
"26182","1250","Ec_N",437,22,22,"Ec",19,0,1,0,0,1,0.179678659430889
"26183","1250","Ec_N",437,23,23,"Ec",19,0,1,0,0,1,0.179678659430889
"26184","1250","Ec_N",437,24,24,"Ec",23,0,1,1,0,1,0.511241695498657
"26185","1250","Ec_N",437,25,25,"Ec",23,0,1,1,0,1,0.511241695498657
"26186","1250","Ec_N",437,26,26,"Ec",23,0,1,1,0,1,0.511241695498657
"26187","1250","Ec_N",437,27,27,"Ec",24,1,1,1,0,1,0.732254349958425
"26188","1250","Ec_N",437,28,28,"Ec",24,1,1,1,0,1,0.732254349958425
"26189","1250","Ec_N",437,29,29,"Ec",24,1,1,1,0,1,0.732254349958425
"26190","1250","Ec_N",437,30,30,"Ec",24,1,1,1,0,1,0.732254349958425
"26191","1250","Ec_N",437,31,31,"Ec",24,1,1,1,0,1,0.732254349958425
"26192","1250","Ec_N",437,32,32,"Ec",24,1,1,1,0,1,0.732254349958425
"26193","1250","Ec_N",437,33,33,"Ec",24,1,1,1,0,1,0.732254349958425
"26194","1250","Ec_N",437,34,34,"Ec",24,1,1,1,0,1,0.732254349958425
"26195","1250","Ec_N",437,35,35,"Ec",24,1,1,1,0,1,0.732254349958425
"26196","1250","Ec_N",437,36,36,"Ec",24,1,1,1,0,1,0.732254349958425
"26197","1250","Ec_N",437,37,37,"Ec",24,1,1,1,0,1,0.732254349958425
"26198","1250","Ec_N",437,38,38,"Ec",24,1,1,1,0,1,0.732254349958425
"26199","1250","Ec_N",437,39,39,"Ec",24,1,1,1,0,1,0.732254349958425
"26200","1250","Ec_N",437,40,40,"Ec",24,1,1,1,0,1,0.732254349958425
"26201","1250","Ec_N",437,41,41,"Ec",24,1,1,1,0,1,0.732254349958425
"26202","1250","Ec_N",437,42,42,"Ec",24,1,1,1,0,1,0.732254349958425
"26203","1250","Ec_N",437,43,43,"Ec",24,1,1,1,0,1,0.732254349958425
"26204","1250","Ec_N",437,44,44,"Ec",24,1,1,1,0,1,0.732254349958425
"26205","1250","Ec_N",437,45,45,"Ec",24,1,1,1,0,1,0.732254349958425
"26206","1250","Ec_N",437,46,46,"Ec",24,1,1,1,0,1,0.732254349958425
"26207","1250","Ec_N",437,47,47,"Ec",24,1,1,1,0,1,0.732254349958425
"26208","1250","Ec_N",437,48,48,"Ec",24,1,1,1,0,1,0.732254349958425
"26209","1250","Ec_N",437,49,49,"Ec",24,1,1,1,0,1,0.732254349958425
"26210","1250","Ec_N",437,50,50,"Ec",24,1,1,1,0,1,0.732254349958425
"26211","1250","Ec_N",437,51,51,"Ec",24,1,1,1,0,1,0.732254349958425
"26212","1250","Ec_N",437,52,52,"Ec",24,1,1,1,0,1,0.732254349958425
"26213","1250","Ec_N",437,53,53,"Ec",24,1,1,1,0,1,0.732254349958425
"26214","1250","Ec_N",437,54,54,"Ec",24,1,1,1,0,1,0.732254349958425
"26215","1250","Ec_N",437,55,55,"Ec",24,1,1,1,0,1,0.732254349958425
"26216","1250","Ec_N",437,56,56,"Ec",24,1,1,1,0,1,0.732254349958425
"26217","1250","Ec_N",437,57,57,"Ec",24,1,1,1,0,1,0.732254349958425
"26218","1250","Ec_N",437,58,58,"Ec",24,1,1,1,0,1,0.732254349958425
"26219","1250","Ec_N",437,59,59,"Ec",24,1,1,1,0,1,0.732254349958425
"26220","1250","Ec_N",437,60,60,"Ec",24,1,1,1,0,1,0.732254349958425
"26221","1250","Ec_N",438,1,1,"Ec",1,0,0,0,0,0,0
"26222","1250","Ec_N",438,2,2,"Ec",1,0,0,0,0,0,0
"26223","1250","Ec_N",438,3,3,"Ec",1,0,0,0,0,0,0
"26224","1250","Ec_N",438,4,4,"Ec",1,0,0,0,0,0,0
"26225","1250","Ec_N",438,5,5,"Ec",17,0,0,0,0,1,0.14692246949649
"26226","1250","Ec_N",438,6,6,"Ec",17,0,0,0,0,1,0.14692246949649
"26227","1250","Ec_N",438,7,7,"Ec",17,0,0,0,0,1,0.14692246949649
"26228","1250","Ec_N",438,8,8,"Ec",25,0,0,0,1,1,0.464273274362394
"26229","1250","Ec_N",438,9,9,"Ec",25,0,0,0,1,1,0.464273274362394
"26230","1250","Ec_N",438,10,10,"Ec",25,0,0,0,1,1,0.464273274362394
"26231","1250","Ec_N",438,11,11,"Ec",25,0,0,0,1,1,0.464273274362394
"26232","1250","Ec_N",438,12,12,"Ec",25,0,0,0,1,1,0.464273274362394
"26233","1250","Ec_N",438,13,13,"Ec",29,0,0,1,1,1,0.696336766125118
"26234","1250","Ec_N",438,14,14,"Ec",31,0,1,1,1,1,0.778987345540232
"26235","1250","Ec_N",438,15,15,"Ec",31,0,1,1,1,1,0.778987345540232
"26236","1250","Ec_N",438,16,16,"Ec",31,0,1,1,1,1,0.778987345540232
"26237","1250","Ec_N",438,17,17,"Ec",31,0,1,1,1,1,0.778987345540232
"26238","1250","Ec_N",438,18,18,"Ec",31,0,1,1,1,1,0.778987345540232
"26239","1250","Ec_N",438,19,19,"Ec",31,0,1,1,1,1,0.778987345540232
"26240","1250","Ec_N",438,20,20,"Ec",31,0,1,1,1,1,0.778987345540232
"26241","1250","Ec_N",438,21,21,"Ec",31,0,1,1,1,1,0.778987345540232
"26242","1250","Ec_N",438,22,22,"Ec",31,0,1,1,1,1,0.778987345540232
"26243","1250","Ec_N",438,23,23,"Ec",31,0,1,1,1,1,0.778987345540232
"26244","1250","Ec_N",438,24,24,"Ec",31,0,1,1,1,1,0.778987345540232
"26245","1250","Ec_N",438,25,25,"Ec",31,0,1,1,1,1,0.778987345540232
"26246","1250","Ec_N",438,26,26,"Ec",31,0,1,1,1,1,0.778987345540232
"26247","1250","Ec_N",438,27,27,"Ec",31,0,1,1,1,1,0.778987345540232
"26248","1250","Ec_N",438,28,28,"Ec",31,0,1,1,1,1,0.778987345540232
"26249","1250","Ec_N",438,29,29,"Ec",31,0,1,1,1,1,0.778987345540232
"26250","1250","Ec_N",438,30,30,"Ec",31,0,1,1,1,1,0.778987345540232
"26251","1250","Ec_N",438,31,31,"Ec",31,0,1,1,1,1,0.778987345540232
"26252","1250","Ec_N",438,32,32,"Ec",31,0,1,1,1,1,0.778987345540232
"26253","1250","Ec_N",438,33,33,"Ec",31,0,1,1,1,1,0.778987345540232
"26254","1250","Ec_N",438,34,34,"Ec",31,0,1,1,1,1,0.778987345540232
"26255","1250","Ec_N",438,35,35,"Ec",31,0,1,1,1,1,0.778987345540232
"26256","1250","Ec_N",438,36,36,"Ec",31,0,1,1,1,1,0.778987345540232
"26257","1250","Ec_N",438,37,37,"Ec",31,0,1,1,1,1,0.778987345540232
"26258","1250","Ec_N",438,38,38,"Ec",31,0,1,1,1,1,0.778987345540232
"26259","1250","Ec_N",438,39,39,"Ec",31,0,1,1,1,1,0.778987345540232
"26260","1250","Ec_N",438,40,40,"Ec",31,0,1,1,1,1,0.778987345540232
"26261","1250","Ec_N",438,41,41,"Ec",31,0,1,1,1,1,0.778987345540232
"26262","1250","Ec_N",438,42,42,"Ec",31,0,1,1,1,1,0.778987345540232
"26263","1250","Ec_N",438,43,43,"Ec",31,0,1,1,1,1,0.778987345540232
"26264","1250","Ec_N",438,44,44,"Ec",31,0,1,1,1,1,0.778987345540232
"26265","1250","Ec_N",438,45,45,"Ec",31,0,1,1,1,1,0.778987345540232
"26266","1250","Ec_N",438,46,46,"Ec",31,0,1,1,1,1,0.778987345540232
"26267","1250","Ec_N",438,47,47,"Ec",31,0,1,1,1,1,0.778987345540232
"26268","1250","Ec_N",438,48,48,"Ec",31,0,1,1,1,1,0.778987345540232
"26269","1250","Ec_N",438,49,49,"Ec",31,0,1,1,1,1,0.778987345540232
"26270","1250","Ec_N",438,50,50,"Ec",31,0,1,1,1,1,0.778987345540232
"26271","1250","Ec_N",438,51,51,"Ec",31,0,1,1,1,1,0.778987345540232
"26272","1250","Ec_N",438,52,52,"Ec",31,0,1,1,1,1,0.778987345540232
"26273","1250","Ec_N",438,53,53,"Ec",31,0,1,1,1,1,0.778987345540232
"26274","1250","Ec_N",438,54,54,"Ec",31,0,1,1,1,1,0.778987345540232
"26275","1250","Ec_N",438,55,55,"Ec",31,0,1,1,1,1,0.778987345540232
"26276","1250","Ec_N",438,56,56,"Ec",31,0,1,1,1,1,0.778987345540232
"26277","1250","Ec_N",438,57,57,"Ec",31,0,1,1,1,1,0.778987345540232
"26278","1250","Ec_N",438,58,58,"Ec",31,0,1,1,1,1,0.778987345540232
"26279","1250","Ec_N",438,59,59,"Ec",31,0,1,1,1,1,0.778987345540232
"26280","1250","Ec_N",438,60,60,"Ec",31,0,1,1,1,1,0.778987345540232
"26281","1250","Ec_N",439,1,1,"Ec",1,0,0,0,0,0,0
"26282","1250","Ec_N",439,2,2,"Ec",1,0,0,0,0,0,0
"26283","1250","Ec_N",439,3,3,"Ec",1,0,0,0,0,0,0
"26284","1250","Ec_N",439,4,4,"Ec",1,0,0,0,0,0,0
"26285","1250","Ec_N",439,5,5,"Ec",1,0,0,0,0,0,0
"26286","1250","Ec_N",439,6,6,"Ec",1,0,0,0,0,0,0
"26287","1250","Ec_N",439,7,7,"Ec",1,0,0,0,0,0,0
"26288","1250","Ec_N",439,8,8,"Ec",17,0,0,0,0,1,0.14692246949649
"26289","1250","Ec_N",439,9,9,"Ec",18,1,0,0,0,1,0.417540278780587
"26290","1250","Ec_N",439,10,10,"Ec",18,1,0,0,0,1,0.417540278780587
"26291","1250","Ec_N",439,11,11,"Ec",18,1,0,0,0,1,0.417540278780587
"26292","1250","Ec_N",439,12,12,"Ec",18,1,0,0,0,1,0.417540278780587
"26293","1250","Ec_N",439,13,13,"Ec",18,1,0,0,0,1,0.417540278780587
"26294","1250","Ec_N",439,14,14,"Ec",18,1,0,0,0,1,0.417540278780587
"26295","1250","Ec_N",439,15,15,"Ec",22,1,0,1,0,1,0.649603770543311
"26296","1250","Ec_N",439,16,16,"Ec",22,1,0,1,0,1,0.649603770543311
"26297","1250","Ec_N",439,17,17,"Ec",22,1,0,1,0,1,0.649603770543311
"26298","1250","Ec_N",439,18,18,"Ec",22,1,0,1,0,1,0.649603770543311
"26299","1250","Ec_N",439,19,19,"Ec",22,1,0,1,0,1,0.649603770543311
"26300","1250","Ec_N",439,20,20,"Ec",22,1,0,1,0,1,0.649603770543311
"26301","1250","Ec_N",439,21,21,"Ec",22,1,0,1,0,1,0.649603770543311
"26302","1250","Ec_N",439,22,22,"Ec",22,1,0,1,0,1,0.649603770543311
"26303","1250","Ec_N",439,23,23,"Ec",22,1,0,1,0,1,0.649603770543311
"26304","1250","Ec_N",439,24,24,"Ec",22,1,0,1,0,1,0.649603770543311
"26305","1250","Ec_N",439,25,25,"Ec",22,1,0,1,0,1,0.649603770543311
"26306","1250","Ec_N",439,26,26,"Ec",22,1,0,1,0,1,0.649603770543311
"26307","1250","Ec_N",439,27,27,"Ec",24,1,1,1,0,1,0.732254349958425
"26308","1250","Ec_N",439,28,28,"Ec",24,1,1,1,0,1,0.732254349958425
"26309","1250","Ec_N",439,29,29,"Ec",24,1,1,1,0,1,0.732254349958425
"26310","1250","Ec_N",439,30,30,"Ec",24,1,1,1,0,1,0.732254349958425
"26311","1250","Ec_N",439,31,31,"Ec",24,1,1,1,0,1,0.732254349958425
"26312","1250","Ec_N",439,32,32,"Ec",24,1,1,1,0,1,0.732254349958425
"26313","1250","Ec_N",439,33,33,"Ec",24,1,1,1,0,1,0.732254349958425
"26314","1250","Ec_N",439,34,34,"Ec",24,1,1,1,0,1,0.732254349958425
"26315","1250","Ec_N",439,35,35,"Ec",24,1,1,1,0,1,0.732254349958425
"26316","1250","Ec_N",439,36,36,"Ec",24,1,1,1,0,1,0.732254349958425
"26317","1250","Ec_N",439,37,37,"Ec",24,1,1,1,0,1,0.732254349958425
"26318","1250","Ec_N",439,38,38,"Ec",24,1,1,1,0,1,0.732254349958425
"26319","1250","Ec_N",439,39,39,"Ec",24,1,1,1,0,1,0.732254349958425
"26320","1250","Ec_N",439,40,40,"Ec",24,1,1,1,0,1,0.732254349958425
"26321","1250","Ec_N",439,41,41,"Ec",24,1,1,1,0,1,0.732254349958425
"26322","1250","Ec_N",439,42,42,"Ec",24,1,1,1,0,1,0.732254349958425
"26323","1250","Ec_N",439,43,43,"Ec",24,1,1,1,0,1,0.732254349958425
"26324","1250","Ec_N",439,44,44,"Ec",24,1,1,1,0,1,0.732254349958425
"26325","1250","Ec_N",439,45,45,"Ec",24,1,1,1,0,1,0.732254349958425
"26326","1250","Ec_N",439,46,46,"Ec",24,1,1,1,0,1,0.732254349958425
"26327","1250","Ec_N",439,47,47,"Ec",24,1,1,1,0,1,0.732254349958425
"26328","1250","Ec_N",439,48,48,"Ec",24,1,1,1,0,1,0.732254349958425
"26329","1250","Ec_N",439,49,49,"Ec",24,1,1,1,0,1,0.732254349958425
"26330","1250","Ec_N",439,50,50,"Ec",24,1,1,1,0,1,0.732254349958425
"26331","1250","Ec_N",439,51,51,"Ec",32,1,1,1,1,1,1
"26332","1250","Ec_N",439,52,52,"Ec",32,1,1,1,1,1,1
"26333","1250","Ec_N",439,53,53,"Ec",32,1,1,1,1,1,1
"26334","1250","Ec_N",439,54,54,"Ec",32,1,1,1,1,1,1
"26335","1250","Ec_N",439,55,55,"Ec",32,1,1,1,1,1,1
"26336","1250","Ec_N",439,56,56,"Ec",32,1,1,1,1,1,1
"26337","1250","Ec_N",439,57,57,"Ec",32,1,1,1,1,1,1
"26338","1250","Ec_N",439,58,58,"Ec",32,1,1,1,1,1,1
"26339","1250","Ec_N",439,59,59,"Ec",32,1,1,1,1,1,1
"26340","1250","Ec_N",439,60,60,"Ec",32,1,1,1,1,1,1
"26341","1250","Ec_N",440,1,1,"Ec",1,0,0,0,0,0,0
"26342","1250","Ec_N",440,2,2,"Ec",1,0,0,0,0,0,0
"26343","1250","Ec_N",440,3,3,"Ec",1,0,0,0,0,0,0
"26344","1250","Ec_N",440,4,4,"Ec",1,0,0,0,0,0,0
"26345","1250","Ec_N",440,5,5,"Ec",1,0,0,0,0,0,0
"26346","1250","Ec_N",440,6,6,"Ec",1,0,0,0,0,0,0
"26347","1250","Ec_N",440,7,7,"Ec",1,0,0,0,0,0,0
"26348","1250","Ec_N",440,8,8,"Ec",9,0,0,0,1,0,0.267745650041575
"26349","1250","Ec_N",440,9,9,"Ec",9,0,0,0,1,0,0.267745650041575
"26350","1250","Ec_N",440,10,10,"Ec",9,0,0,0,1,0,0.267745650041575
"26351","1250","Ec_N",440,11,11,"Ec",9,0,0,0,1,0,0.267745650041575
"26352","1250","Ec_N",440,12,12,"Ec",9,0,0,0,1,0,0.267745650041575
"26353","1250","Ec_N",440,13,13,"Ec",10,1,0,0,1,0,0.488758304501343
"26354","1250","Ec_N",440,14,14,"Ec",10,1,0,0,1,0,0.488758304501343
"26355","1250","Ec_N",440,15,15,"Ec",26,1,0,0,1,1,0.685285928822162
"26356","1250","Ec_N",440,16,16,"Ec",26,1,0,0,1,1,0.685285928822162
"26357","1250","Ec_N",440,17,17,"Ec",26,1,0,0,1,1,0.685285928822162
"26358","1250","Ec_N",440,18,18,"Ec",26,1,0,0,1,1,0.685285928822162
"26359","1250","Ec_N",440,19,19,"Ec",26,1,0,0,1,1,0.685285928822162
"26360","1250","Ec_N",440,20,20,"Ec",26,1,0,0,1,1,0.685285928822162
"26361","1250","Ec_N",440,21,21,"Ec",26,1,0,0,1,1,0.685285928822162
"26362","1250","Ec_N",440,22,22,"Ec",26,1,0,0,1,1,0.685285928822162
"26363","1250","Ec_N",440,23,23,"Ec",26,1,0,0,1,1,0.685285928822162
"26364","1250","Ec_N",440,24,24,"Ec",26,1,0,0,1,1,0.685285928822162
"26365","1250","Ec_N",440,25,25,"Ec",26,1,0,0,1,1,0.685285928822162
"26366","1250","Ec_N",440,26,26,"Ec",26,1,0,0,1,1,0.685285928822162
"26367","1250","Ec_N",440,27,27,"Ec",28,1,1,0,1,1,0.770762719311211
"26368","1250","Ec_N",440,28,28,"Ec",28,1,1,0,1,1,0.770762719311211
"26369","1250","Ec_N",440,29,29,"Ec",28,1,1,0,1,1,0.770762719311211
"26370","1250","Ec_N",440,30,30,"Ec",32,1,1,1,1,1,1
"26371","1250","Ec_N",440,31,31,"Ec",32,1,1,1,1,1,1
"26372","1250","Ec_N",440,32,32,"Ec",32,1,1,1,1,1,1
"26373","1250","Ec_N",440,33,33,"Ec",32,1,1,1,1,1,1
"26374","1250","Ec_N",440,34,34,"Ec",32,1,1,1,1,1,1
"26375","1250","Ec_N",440,35,35,"Ec",32,1,1,1,1,1,1
"26376","1250","Ec_N",440,36,36,"Ec",32,1,1,1,1,1,1
"26377","1250","Ec_N",440,37,37,"Ec",32,1,1,1,1,1,1
"26378","1250","Ec_N",440,38,38,"Ec",32,1,1,1,1,1,1
"26379","1250","Ec_N",440,39,39,"Ec",32,1,1,1,1,1,1
"26380","1250","Ec_N",440,40,40,"Ec",32,1,1,1,1,1,1
"26381","1250","Ec_N",440,41,41,"Ec",32,1,1,1,1,1,1
"26382","1250","Ec_N",440,42,42,"Ec",32,1,1,1,1,1,1
"26383","1250","Ec_N",440,43,43,"Ec",32,1,1,1,1,1,1
"26384","1250","Ec_N",440,44,44,"Ec",32,1,1,1,1,1,1
"26385","1250","Ec_N",440,45,45,"Ec",32,1,1,1,1,1,1
"26386","1250","Ec_N",440,46,46,"Ec",32,1,1,1,1,1,1
"26387","1250","Ec_N",440,47,47,"Ec",32,1,1,1,1,1,1
"26388","1250","Ec_N",440,48,48,"Ec",32,1,1,1,1,1,1
"26389","1250","Ec_N",440,49,49,"Ec",32,1,1,1,1,1,1
"26390","1250","Ec_N",440,50,50,"Ec",32,1,1,1,1,1,1
"26391","1250","Ec_N",440,51,51,"Ec",32,1,1,1,1,1,1
"26392","1250","Ec_N",440,52,52,"Ec",32,1,1,1,1,1,1
"26393","1250","Ec_N",440,53,53,"Ec",32,1,1,1,1,1,1
"26394","1250","Ec_N",440,54,54,"Ec",32,1,1,1,1,1,1
"26395","1250","Ec_N",440,55,55,"Ec",32,1,1,1,1,1,1
"26396","1250","Ec_N",440,56,56,"Ec",32,1,1,1,1,1,1
"26397","1250","Ec_N",440,57,57,"Ec",32,1,1,1,1,1,1
"26398","1250","Ec_N",440,58,58,"Ec",32,1,1,1,1,1,1
"26399","1250","Ec_N",440,59,59,"Ec",32,1,1,1,1,1,1
"26400","1250","Ec_N",440,60,60,"Ec",32,1,1,1,1,1,1
"26401","1250","Ec_N",441,1,1,"Ec",1,0,0,0,0,0,0
"26402","1250","Ec_N",441,2,2,"Ec",2,1,0,0,0,0,0.221012654459768
"26403","1250","Ec_N",441,3,3,"Ec",2,1,0,0,0,0,0.221012654459768
"26404","1250","Ec_N",441,4,4,"Ec",2,1,0,0,0,0,0.221012654459768
"26405","1250","Ec_N",441,5,5,"Ec",2,1,0,0,0,0,0.221012654459768
"26406","1250","Ec_N",441,6,6,"Ec",2,1,0,0,0,0,0.221012654459768
"26407","1250","Ec_N",441,7,7,"Ec",2,1,0,0,0,0,0.221012654459768
"26408","1250","Ec_N",441,8,8,"Ec",18,1,0,0,0,1,0.417540278780587
"26409","1250","Ec_N",441,9,9,"Ec",18,1,0,0,0,1,0.417540278780587
"26410","1250","Ec_N",441,10,10,"Ec",26,1,0,0,1,1,0.685285928822162
"26411","1250","Ec_N",441,11,11,"Ec",26,1,0,0,1,1,0.685285928822162
"26412","1250","Ec_N",441,12,12,"Ec",26,1,0,0,1,1,0.685285928822162
"26413","1250","Ec_N",441,13,13,"Ec",26,1,0,0,1,1,0.685285928822162
"26414","1250","Ec_N",441,14,14,"Ec",26,1,0,0,1,1,0.685285928822162
"26415","1250","Ec_N",441,15,15,"Ec",26,1,0,0,1,1,0.685285928822162
"26416","1250","Ec_N",441,16,16,"Ec",26,1,0,0,1,1,0.685285928822162
"26417","1250","Ec_N",441,17,17,"Ec",26,1,0,0,1,1,0.685285928822162
"26418","1250","Ec_N",441,18,18,"Ec",26,1,0,0,1,1,0.685285928822162
"26419","1250","Ec_N",441,19,19,"Ec",26,1,0,0,1,1,0.685285928822162
"26420","1250","Ec_N",441,20,20,"Ec",26,1,0,0,1,1,0.685285928822162
"26421","1250","Ec_N",441,21,21,"Ec",26,1,0,0,1,1,0.685285928822162
"26422","1250","Ec_N",441,22,22,"Ec",26,1,0,0,1,1,0.685285928822162
"26423","1250","Ec_N",441,23,23,"Ec",26,1,0,0,1,1,0.685285928822162
"26424","1250","Ec_N",441,24,24,"Ec",26,1,0,0,1,1,0.685285928822162
"26425","1250","Ec_N",441,25,25,"Ec",26,1,0,0,1,1,0.685285928822162
"26426","1250","Ec_N",441,26,26,"Ec",26,1,0,0,1,1,0.685285928822162
"26427","1250","Ec_N",441,27,27,"Ec",26,1,0,0,1,1,0.685285928822162
"26428","1250","Ec_N",441,28,28,"Ec",26,1,0,0,1,1,0.685285928822162
"26429","1250","Ec_N",441,29,29,"Ec",26,1,0,0,1,1,0.685285928822162
"26430","1250","Ec_N",441,30,30,"Ec",26,1,0,0,1,1,0.685285928822162
"26431","1250","Ec_N",441,31,31,"Ec",26,1,0,0,1,1,0.685285928822162
"26432","1250","Ec_N",441,32,32,"Ec",26,1,0,0,1,1,0.685285928822162
"26433","1250","Ec_N",441,33,33,"Ec",26,1,0,0,1,1,0.685285928822162
"26434","1250","Ec_N",441,34,34,"Ec",26,1,0,0,1,1,0.685285928822162
"26435","1250","Ec_N",441,35,35,"Ec",26,1,0,0,1,1,0.685285928822162
"26436","1250","Ec_N",441,36,36,"Ec",26,1,0,0,1,1,0.685285928822162
"26437","1250","Ec_N",441,37,37,"Ec",26,1,0,0,1,1,0.685285928822162
"26438","1250","Ec_N",441,38,38,"Ec",26,1,0,0,1,1,0.685285928822162
"26439","1250","Ec_N",441,39,39,"Ec",26,1,0,0,1,1,0.685285928822162
"26440","1250","Ec_N",441,40,40,"Ec",26,1,0,0,1,1,0.685285928822162
"26441","1250","Ec_N",441,41,41,"Ec",26,1,0,0,1,1,0.685285928822162
"26442","1250","Ec_N",441,42,42,"Ec",28,1,1,0,1,1,0.770762719311211
"26443","1250","Ec_N",441,43,43,"Ec",28,1,1,0,1,1,0.770762719311211
"26444","1250","Ec_N",441,44,44,"Ec",28,1,1,0,1,1,0.770762719311211
"26445","1250","Ec_N",441,45,45,"Ec",28,1,1,0,1,1,0.770762719311211
"26446","1250","Ec_N",441,46,46,"Ec",28,1,1,0,1,1,0.770762719311211
"26447","1250","Ec_N",441,47,47,"Ec",28,1,1,0,1,1,0.770762719311211
"26448","1250","Ec_N",441,48,48,"Ec",28,1,1,0,1,1,0.770762719311211
"26449","1250","Ec_N",441,49,49,"Ec",28,1,1,0,1,1,0.770762719311211
"26450","1250","Ec_N",441,50,50,"Ec",28,1,1,0,1,1,0.770762719311211
"26451","1250","Ec_N",441,51,51,"Ec",28,1,1,0,1,1,0.770762719311211
"26452","1250","Ec_N",441,52,52,"Ec",28,1,1,0,1,1,0.770762719311211
"26453","1250","Ec_N",441,53,53,"Ec",28,1,1,0,1,1,0.770762719311211
"26454","1250","Ec_N",441,54,54,"Ec",28,1,1,0,1,1,0.770762719311211
"26455","1250","Ec_N",441,55,55,"Ec",28,1,1,0,1,1,0.770762719311211
"26456","1250","Ec_N",441,56,56,"Ec",28,1,1,0,1,1,0.770762719311211
"26457","1250","Ec_N",441,57,57,"Ec",28,1,1,0,1,1,0.770762719311211
"26458","1250","Ec_N",441,58,58,"Ec",28,1,1,0,1,1,0.770762719311211
"26459","1250","Ec_N",441,59,59,"Ec",28,1,1,0,1,1,0.770762719311211
"26460","1250","Ec_N",441,60,60,"Ec",28,1,1,0,1,1,0.770762719311211
"26461","1250","Ec_N",442,1,1,"Ec",1,0,0,0,0,0,0
"26462","1250","Ec_N",442,2,2,"Ec",1,0,0,0,0,0,0
"26463","1250","Ec_N",442,3,3,"Ec",1,0,0,0,0,0,0
"26464","1250","Ec_N",442,4,4,"Ec",1,0,0,0,0,0,0
"26465","1250","Ec_N",442,5,5,"Ec",1,0,0,0,0,0,0
"26466","1250","Ec_N",442,6,6,"Ec",17,0,0,0,0,1,0.14692246949649
"26467","1250","Ec_N",442,7,7,"Ec",17,0,0,0,0,1,0.14692246949649
"26468","1250","Ec_N",442,8,8,"Ec",17,0,0,0,0,1,0.14692246949649
"26469","1250","Ec_N",442,9,9,"Ec",17,0,0,0,0,1,0.14692246949649
"26470","1250","Ec_N",442,10,10,"Ec",17,0,0,0,0,1,0.14692246949649
"26471","1250","Ec_N",442,11,11,"Ec",17,0,0,0,0,1,0.14692246949649
"26472","1250","Ec_N",442,12,12,"Ec",17,0,0,0,0,1,0.14692246949649
"26473","1250","Ec_N",442,13,13,"Ec",17,0,0,0,0,1,0.14692246949649
"26474","1250","Ec_N",442,14,14,"Ec",18,1,0,0,0,1,0.417540278780587
"26475","1250","Ec_N",442,15,15,"Ec",18,1,0,0,0,1,0.417540278780587
"26476","1250","Ec_N",442,16,16,"Ec",18,1,0,0,0,1,0.417540278780587
"26477","1250","Ec_N",442,17,17,"Ec",18,1,0,0,0,1,0.417540278780587
"26478","1250","Ec_N",442,18,18,"Ec",18,1,0,0,0,1,0.417540278780587
"26479","1250","Ec_N",442,19,19,"Ec",18,1,0,0,0,1,0.417540278780587
"26480","1250","Ec_N",442,20,20,"Ec",18,1,0,0,0,1,0.417540278780587
"26481","1250","Ec_N",442,21,21,"Ec",18,1,0,0,0,1,0.417540278780587
"26482","1250","Ec_N",442,22,22,"Ec",26,1,0,0,1,1,0.685285928822162
"26483","1250","Ec_N",442,23,23,"Ec",26,1,0,0,1,1,0.685285928822162
"26484","1250","Ec_N",442,24,24,"Ec",26,1,0,0,1,1,0.685285928822162
"26485","1250","Ec_N",442,25,25,"Ec",26,1,0,0,1,1,0.685285928822162
"26486","1250","Ec_N",442,26,26,"Ec",26,1,0,0,1,1,0.685285928822162
"26487","1250","Ec_N",442,27,27,"Ec",26,1,0,0,1,1,0.685285928822162
"26488","1250","Ec_N",442,28,28,"Ec",26,1,0,0,1,1,0.685285928822162
"26489","1250","Ec_N",442,29,29,"Ec",26,1,0,0,1,1,0.685285928822162
"26490","1250","Ec_N",442,30,30,"Ec",26,1,0,0,1,1,0.685285928822162
"26491","1250","Ec_N",442,31,31,"Ec",26,1,0,0,1,1,0.685285928822162
"26492","1250","Ec_N",442,32,32,"Ec",26,1,0,0,1,1,0.685285928822162
"26493","1250","Ec_N",442,33,33,"Ec",26,1,0,0,1,1,0.685285928822162
"26494","1250","Ec_N",442,34,34,"Ec",26,1,0,0,1,1,0.685285928822162
"26495","1250","Ec_N",442,35,35,"Ec",26,1,0,0,1,1,0.685285928822162
"26496","1250","Ec_N",442,36,36,"Ec",26,1,0,0,1,1,0.685285928822162
"26497","1250","Ec_N",442,37,37,"Ec",26,1,0,0,1,1,0.685285928822162
"26498","1250","Ec_N",442,38,38,"Ec",30,1,0,1,1,1,0.981696467924213
"26499","1250","Ec_N",442,39,39,"Ec",30,1,0,1,1,1,0.981696467924213
"26500","1250","Ec_N",442,40,40,"Ec",30,1,0,1,1,1,0.981696467924213
"26501","1250","Ec_N",442,41,41,"Ec",30,1,0,1,1,1,0.981696467924213
"26502","1250","Ec_N",442,42,42,"Ec",30,1,0,1,1,1,0.981696467924213
"26503","1250","Ec_N",442,43,43,"Ec",30,1,0,1,1,1,0.981696467924213
"26504","1250","Ec_N",442,44,44,"Ec",30,1,0,1,1,1,0.981696467924213
"26505","1250","Ec_N",442,45,45,"Ec",30,1,0,1,1,1,0.981696467924213
"26506","1250","Ec_N",442,46,46,"Ec",30,1,0,1,1,1,0.981696467924213
"26507","1250","Ec_N",442,47,47,"Ec",32,1,1,1,1,1,1
"26508","1250","Ec_N",442,48,48,"Ec",32,1,1,1,1,1,1
"26509","1250","Ec_N",442,49,49,"Ec",32,1,1,1,1,1,1
"26510","1250","Ec_N",442,50,50,"Ec",32,1,1,1,1,1,1
"26511","1250","Ec_N",442,51,51,"Ec",32,1,1,1,1,1,1
"26512","1250","Ec_N",442,52,52,"Ec",32,1,1,1,1,1,1
"26513","1250","Ec_N",442,53,53,"Ec",32,1,1,1,1,1,1
"26514","1250","Ec_N",442,54,54,"Ec",32,1,1,1,1,1,1
"26515","1250","Ec_N",442,55,55,"Ec",32,1,1,1,1,1,1
"26516","1250","Ec_N",442,56,56,"Ec",32,1,1,1,1,1,1
"26517","1250","Ec_N",442,57,57,"Ec",32,1,1,1,1,1,1
"26518","1250","Ec_N",442,58,58,"Ec",32,1,1,1,1,1,1
"26519","1250","Ec_N",442,59,59,"Ec",32,1,1,1,1,1,1
"26520","1250","Ec_N",442,60,60,"Ec",32,1,1,1,1,1,1
"26521","1250","Ec_N",443,1,1,"Ec",1,0,0,0,0,0,0
"26522","1250","Ec_N",443,2,2,"Ec",1,0,0,0,0,0,0
"26523","1250","Ec_N",443,3,3,"Ec",1,0,0,0,0,0,0
"26524","1250","Ec_N",443,4,4,"Ec",9,0,0,0,1,0,0.267745650041575
"26525","1250","Ec_N",443,5,5,"Ec",9,0,0,0,1,0,0.267745650041575
"26526","1250","Ec_N",443,6,6,"Ec",9,0,0,0,1,0,0.267745650041575
"26527","1250","Ec_N",443,7,7,"Ec",13,0,0,1,1,0,0.499809141804299
"26528","1250","Ec_N",443,8,8,"Ec",13,0,0,1,1,0,0.499809141804299
"26529","1250","Ec_N",443,9,9,"Ec",13,0,0,1,1,0,0.499809141804299
"26530","1250","Ec_N",443,10,10,"Ec",15,0,1,1,1,0,0.582459721219413
"26531","1250","Ec_N",443,11,11,"Ec",15,0,1,1,1,0,0.582459721219413
"26532","1250","Ec_N",443,12,12,"Ec",15,0,1,1,1,0,0.582459721219413
"26533","1250","Ec_N",443,13,13,"Ec",15,0,1,1,1,0,0.582459721219413
"26534","1250","Ec_N",443,14,14,"Ec",15,0,1,1,1,0,0.582459721219413
"26535","1250","Ec_N",443,15,15,"Ec",15,0,1,1,1,0,0.582459721219413
"26536","1250","Ec_N",443,16,16,"Ec",15,0,1,1,1,0,0.582459721219413
"26537","1250","Ec_N",443,17,17,"Ec",15,0,1,1,1,0,0.582459721219413
"26538","1250","Ec_N",443,18,18,"Ec",15,0,1,1,1,0,0.582459721219413
"26539","1250","Ec_N",443,19,19,"Ec",15,0,1,1,1,0,0.582459721219413
"26540","1250","Ec_N",443,20,20,"Ec",15,0,1,1,1,0,0.582459721219413
"26541","1250","Ec_N",443,21,21,"Ec",15,0,1,1,1,0,0.582459721219413
"26542","1250","Ec_N",443,22,22,"Ec",15,0,1,1,1,0,0.582459721219413
"26543","1250","Ec_N",443,23,23,"Ec",15,0,1,1,1,0,0.582459721219413
"26544","1250","Ec_N",443,24,24,"Ec",16,1,1,1,1,0,0.879284144928883
"26545","1250","Ec_N",443,25,25,"Ec",16,1,1,1,1,0,0.879284144928883
"26546","1250","Ec_N",443,26,26,"Ec",16,1,1,1,1,0,0.879284144928883
"26547","1250","Ec_N",443,27,27,"Ec",16,1,1,1,1,0,0.879284144928883
"26548","1250","Ec_N",443,28,28,"Ec",16,1,1,1,1,0,0.879284144928883
"26549","1250","Ec_N",443,29,29,"Ec",16,1,1,1,1,0,0.879284144928883
"26550","1250","Ec_N",443,30,30,"Ec",16,1,1,1,1,0,0.879284144928883
"26551","1250","Ec_N",443,31,31,"Ec",16,1,1,1,1,0,0.879284144928883
"26552","1250","Ec_N",443,32,32,"Ec",16,1,1,1,1,0,0.879284144928883
"26553","1250","Ec_N",443,33,33,"Ec",16,1,1,1,1,0,0.879284144928883
"26554","1250","Ec_N",443,34,34,"Ec",16,1,1,1,1,0,0.879284144928883
"26555","1250","Ec_N",443,35,35,"Ec",16,1,1,1,1,0,0.879284144928883
"26556","1250","Ec_N",443,36,36,"Ec",16,1,1,1,1,0,0.879284144928883
"26557","1250","Ec_N",443,37,37,"Ec",16,1,1,1,1,0,0.879284144928883
"26558","1250","Ec_N",443,38,38,"Ec",16,1,1,1,1,0,0.879284144928883
"26559","1250","Ec_N",443,39,39,"Ec",16,1,1,1,1,0,0.879284144928883
"26560","1250","Ec_N",443,40,40,"Ec",16,1,1,1,1,0,0.879284144928883
"26561","1250","Ec_N",443,41,41,"Ec",16,1,1,1,1,0,0.879284144928883
"26562","1250","Ec_N",443,42,42,"Ec",16,1,1,1,1,0,0.879284144928883
"26563","1250","Ec_N",443,43,43,"Ec",16,1,1,1,1,0,0.879284144928883
"26564","1250","Ec_N",443,44,44,"Ec",16,1,1,1,1,0,0.879284144928883
"26565","1250","Ec_N",443,45,45,"Ec",16,1,1,1,1,0,0.879284144928883
"26566","1250","Ec_N",443,46,46,"Ec",16,1,1,1,1,0,0.879284144928883
"26567","1250","Ec_N",443,47,47,"Ec",16,1,1,1,1,0,0.879284144928883
"26568","1250","Ec_N",443,48,48,"Ec",16,1,1,1,1,0,0.879284144928883
"26569","1250","Ec_N",443,49,49,"Ec",16,1,1,1,1,0,0.879284144928883
"26570","1250","Ec_N",443,50,50,"Ec",16,1,1,1,1,0,0.879284144928883
"26571","1250","Ec_N",443,51,51,"Ec",16,1,1,1,1,0,0.879284144928883
"26572","1250","Ec_N",443,52,52,"Ec",16,1,1,1,1,0,0.879284144928883
"26573","1250","Ec_N",443,53,53,"Ec",16,1,1,1,1,0,0.879284144928883
"26574","1250","Ec_N",443,54,54,"Ec",16,1,1,1,1,0,0.879284144928883
"26575","1250","Ec_N",443,55,55,"Ec",16,1,1,1,1,0,0.879284144928883
"26576","1250","Ec_N",443,56,56,"Ec",16,1,1,1,1,0,0.879284144928883
"26577","1250","Ec_N",443,57,57,"Ec",16,1,1,1,1,0,0.879284144928883
"26578","1250","Ec_N",443,58,58,"Ec",16,1,1,1,1,0,0.879284144928883
"26579","1250","Ec_N",443,59,59,"Ec",16,1,1,1,1,0,0.879284144928883
"26580","1250","Ec_N",443,60,60,"Ec",16,1,1,1,1,0,0.879284144928883
"26581","1250","Ec_N",444,1,1,"Ec",1,0,0,0,0,0,0
"26582","1250","Ec_N",444,2,2,"Ec",1,0,0,0,0,0,0
"26583","1250","Ec_N",444,3,3,"Ec",3,0,1,0,0,0,0.082650579415114
"26584","1250","Ec_N",444,4,4,"Ec",3,0,1,0,0,0,0.082650579415114
"26585","1250","Ec_N",444,5,5,"Ec",11,0,1,0,1,0,0.168832555215222
"26586","1250","Ec_N",444,6,6,"Ec",11,0,1,0,1,0,0.168832555215222
"26587","1250","Ec_N",444,7,7,"Ec",11,0,1,0,1,0,0.168832555215222
"26588","1250","Ec_N",444,8,8,"Ec",11,0,1,0,1,0,0.168832555215222
"26589","1250","Ec_N",444,9,9,"Ec",11,0,1,0,1,0,0.168832555215222
"26590","1250","Ec_N",444,10,10,"Ec",11,0,1,0,1,0,0.168832555215222
"26591","1250","Ec_N",444,11,11,"Ec",15,0,1,1,1,0,0.582459721219413
"26592","1250","Ec_N",444,12,12,"Ec",31,0,1,1,1,1,0.778987345540232
"26593","1250","Ec_N",444,13,13,"Ec",31,0,1,1,1,1,0.778987345540232
"26594","1250","Ec_N",444,14,14,"Ec",31,0,1,1,1,1,0.778987345540232
"26595","1250","Ec_N",444,15,15,"Ec",31,0,1,1,1,1,0.778987345540232
"26596","1250","Ec_N",444,16,16,"Ec",31,0,1,1,1,1,0.778987345540232
"26597","1250","Ec_N",444,17,17,"Ec",31,0,1,1,1,1,0.778987345540232
"26598","1250","Ec_N",444,18,18,"Ec",31,0,1,1,1,1,0.778987345540232
"26599","1250","Ec_N",444,19,19,"Ec",31,0,1,1,1,1,0.778987345540232
"26600","1250","Ec_N",444,20,20,"Ec",31,0,1,1,1,1,0.778987345540232
"26601","1250","Ec_N",444,21,21,"Ec",31,0,1,1,1,1,0.778987345540232
"26602","1250","Ec_N",444,22,22,"Ec",31,0,1,1,1,1,0.778987345540232
"26603","1250","Ec_N",444,23,23,"Ec",31,0,1,1,1,1,0.778987345540232
"26604","1250","Ec_N",444,24,24,"Ec",31,0,1,1,1,1,0.778987345540232
"26605","1250","Ec_N",444,25,25,"Ec",31,0,1,1,1,1,0.778987345540232
"26606","1250","Ec_N",444,26,26,"Ec",31,0,1,1,1,1,0.778987345540232
"26607","1250","Ec_N",444,27,27,"Ec",31,0,1,1,1,1,0.778987345540232
"26608","1250","Ec_N",444,28,28,"Ec",31,0,1,1,1,1,0.778987345540232
"26609","1250","Ec_N",444,29,29,"Ec",31,0,1,1,1,1,0.778987345540232
"26610","1250","Ec_N",444,30,30,"Ec",31,0,1,1,1,1,0.778987345540232
"26611","1250","Ec_N",444,31,31,"Ec",31,0,1,1,1,1,0.778987345540232
"26612","1250","Ec_N",444,32,32,"Ec",31,0,1,1,1,1,0.778987345540232
"26613","1250","Ec_N",444,33,33,"Ec",31,0,1,1,1,1,0.778987345540232
"26614","1250","Ec_N",444,34,34,"Ec",31,0,1,1,1,1,0.778987345540232
"26615","1250","Ec_N",444,35,35,"Ec",32,1,1,1,1,1,1
"26616","1250","Ec_N",444,36,36,"Ec",32,1,1,1,1,1,1
"26617","1250","Ec_N",444,37,37,"Ec",32,1,1,1,1,1,1
"26618","1250","Ec_N",444,38,38,"Ec",32,1,1,1,1,1,1
"26619","1250","Ec_N",444,39,39,"Ec",32,1,1,1,1,1,1
"26620","1250","Ec_N",444,40,40,"Ec",32,1,1,1,1,1,1
"26621","1250","Ec_N",444,41,41,"Ec",32,1,1,1,1,1,1
"26622","1250","Ec_N",444,42,42,"Ec",32,1,1,1,1,1,1
"26623","1250","Ec_N",444,43,43,"Ec",32,1,1,1,1,1,1
"26624","1250","Ec_N",444,44,44,"Ec",32,1,1,1,1,1,1
"26625","1250","Ec_N",444,45,45,"Ec",32,1,1,1,1,1,1
"26626","1250","Ec_N",444,46,46,"Ec",32,1,1,1,1,1,1
"26627","1250","Ec_N",444,47,47,"Ec",32,1,1,1,1,1,1
"26628","1250","Ec_N",444,48,48,"Ec",32,1,1,1,1,1,1
"26629","1250","Ec_N",444,49,49,"Ec",32,1,1,1,1,1,1
"26630","1250","Ec_N",444,50,50,"Ec",32,1,1,1,1,1,1
"26631","1250","Ec_N",444,51,51,"Ec",32,1,1,1,1,1,1
"26632","1250","Ec_N",444,52,52,"Ec",32,1,1,1,1,1,1
"26633","1250","Ec_N",444,53,53,"Ec",32,1,1,1,1,1,1
"26634","1250","Ec_N",444,54,54,"Ec",32,1,1,1,1,1,1
"26635","1250","Ec_N",444,55,55,"Ec",32,1,1,1,1,1,1
"26636","1250","Ec_N",444,56,56,"Ec",32,1,1,1,1,1,1
"26637","1250","Ec_N",444,57,57,"Ec",32,1,1,1,1,1,1
"26638","1250","Ec_N",444,58,58,"Ec",32,1,1,1,1,1,1
"26639","1250","Ec_N",444,59,59,"Ec",32,1,1,1,1,1,1
"26640","1250","Ec_N",444,60,60,"Ec",32,1,1,1,1,1,1
"26641","1250","Ec_N",445,1,1,"Ec",1,0,0,0,0,0,0
"26642","1250","Ec_N",445,2,2,"Ec",1,0,0,0,0,0,0
"26643","1250","Ec_N",445,3,3,"Ec",1,0,0,0,0,0,0
"26644","1250","Ec_N",445,4,4,"Ec",1,0,0,0,0,0,0
"26645","1250","Ec_N",445,5,5,"Ec",17,0,0,0,0,1,0.14692246949649
"26646","1250","Ec_N",445,6,6,"Ec",25,0,0,0,1,1,0.464273274362394
"26647","1250","Ec_N",445,7,7,"Ec",27,0,1,0,1,1,0.50104458373578
"26648","1250","Ec_N",445,8,8,"Ec",27,0,1,0,1,1,0.50104458373578
"26649","1250","Ec_N",445,9,9,"Ec",27,0,1,0,1,1,0.50104458373578
"26650","1250","Ec_N",445,10,10,"Ec",27,0,1,0,1,1,0.50104458373578
"26651","1250","Ec_N",445,11,11,"Ec",27,0,1,0,1,1,0.50104458373578
"26652","1250","Ec_N",445,12,12,"Ec",27,0,1,0,1,1,0.50104458373578
"26653","1250","Ec_N",445,13,13,"Ec",27,0,1,0,1,1,0.50104458373578
"26654","1250","Ec_N",445,14,14,"Ec",27,0,1,0,1,1,0.50104458373578
"26655","1250","Ec_N",445,15,15,"Ec",27,0,1,0,1,1,0.50104458373578
"26656","1250","Ec_N",445,16,16,"Ec",27,0,1,0,1,1,0.50104458373578
"26657","1250","Ec_N",445,17,17,"Ec",27,0,1,0,1,1,0.50104458373578
"26658","1250","Ec_N",445,18,18,"Ec",27,0,1,0,1,1,0.50104458373578
"26659","1250","Ec_N",445,19,19,"Ec",27,0,1,0,1,1,0.50104458373578
"26660","1250","Ec_N",445,20,20,"Ec",27,0,1,0,1,1,0.50104458373578
"26661","1250","Ec_N",445,21,21,"Ec",31,0,1,1,1,1,0.778987345540232
"26662","1250","Ec_N",445,22,22,"Ec",31,0,1,1,1,1,0.778987345540232
"26663","1250","Ec_N",445,23,23,"Ec",31,0,1,1,1,1,0.778987345540232
"26664","1250","Ec_N",445,24,24,"Ec",31,0,1,1,1,1,0.778987345540232
"26665","1250","Ec_N",445,25,25,"Ec",31,0,1,1,1,1,0.778987345540232
"26666","1250","Ec_N",445,26,26,"Ec",31,0,1,1,1,1,0.778987345540232
"26667","1250","Ec_N",445,27,27,"Ec",31,0,1,1,1,1,0.778987345540232
"26668","1250","Ec_N",445,28,28,"Ec",31,0,1,1,1,1,0.778987345540232
"26669","1250","Ec_N",445,29,29,"Ec",31,0,1,1,1,1,0.778987345540232
"26670","1250","Ec_N",445,30,30,"Ec",31,0,1,1,1,1,0.778987345540232
"26671","1250","Ec_N",445,31,31,"Ec",31,0,1,1,1,1,0.778987345540232
"26672","1250","Ec_N",445,32,32,"Ec",31,0,1,1,1,1,0.778987345540232
"26673","1250","Ec_N",445,33,33,"Ec",31,0,1,1,1,1,0.778987345540232
"26674","1250","Ec_N",445,34,34,"Ec",31,0,1,1,1,1,0.778987345540232
"26675","1250","Ec_N",445,35,35,"Ec",31,0,1,1,1,1,0.778987345540232
"26676","1250","Ec_N",445,36,36,"Ec",31,0,1,1,1,1,0.778987345540232
"26677","1250","Ec_N",445,37,37,"Ec",31,0,1,1,1,1,0.778987345540232
"26678","1250","Ec_N",445,38,38,"Ec",31,0,1,1,1,1,0.778987345540232
"26679","1250","Ec_N",445,39,39,"Ec",31,0,1,1,1,1,0.778987345540232
"26680","1250","Ec_N",445,40,40,"Ec",31,0,1,1,1,1,0.778987345540232
"26681","1250","Ec_N",445,41,41,"Ec",31,0,1,1,1,1,0.778987345540232
"26682","1250","Ec_N",445,42,42,"Ec",31,0,1,1,1,1,0.778987345540232
"26683","1250","Ec_N",445,43,43,"Ec",31,0,1,1,1,1,0.778987345540232
"26684","1250","Ec_N",445,44,44,"Ec",32,1,1,1,1,1,1
"26685","1250","Ec_N",445,45,45,"Ec",32,1,1,1,1,1,1
"26686","1250","Ec_N",445,46,46,"Ec",32,1,1,1,1,1,1
"26687","1250","Ec_N",445,47,47,"Ec",32,1,1,1,1,1,1
"26688","1250","Ec_N",445,48,48,"Ec",32,1,1,1,1,1,1
"26689","1250","Ec_N",445,49,49,"Ec",32,1,1,1,1,1,1
"26690","1250","Ec_N",445,50,50,"Ec",32,1,1,1,1,1,1
"26691","1250","Ec_N",445,51,51,"Ec",32,1,1,1,1,1,1
"26692","1250","Ec_N",445,52,52,"Ec",32,1,1,1,1,1,1
"26693","1250","Ec_N",445,53,53,"Ec",32,1,1,1,1,1,1
"26694","1250","Ec_N",445,54,54,"Ec",32,1,1,1,1,1,1
"26695","1250","Ec_N",445,55,55,"Ec",32,1,1,1,1,1,1
"26696","1250","Ec_N",445,56,56,"Ec",32,1,1,1,1,1,1
"26697","1250","Ec_N",445,57,57,"Ec",32,1,1,1,1,1,1
"26698","1250","Ec_N",445,58,58,"Ec",32,1,1,1,1,1,1
"26699","1250","Ec_N",445,59,59,"Ec",32,1,1,1,1,1,1
"26700","1250","Ec_N",445,60,60,"Ec",32,1,1,1,1,1,1
"26701","1250","Ec_N",446,1,1,"Ec",1,0,0,0,0,0,0
"26702","1250","Ec_N",446,2,2,"Ec",5,0,0,1,0,0,0.232063491762724
"26703","1250","Ec_N",446,3,3,"Ec",5,0,0,1,0,0,0.232063491762724
"26704","1250","Ec_N",446,4,4,"Ec",5,0,0,1,0,0,0.232063491762724
"26705","1250","Ec_N",446,5,5,"Ec",13,0,0,1,1,0,0.499809141804299
"26706","1250","Ec_N",446,6,6,"Ec",13,0,0,1,1,0,0.499809141804299
"26707","1250","Ec_N",446,7,7,"Ec",13,0,0,1,1,0,0.499809141804299
"26708","1250","Ec_N",446,8,8,"Ec",13,0,0,1,1,0,0.499809141804299
"26709","1250","Ec_N",446,9,9,"Ec",13,0,0,1,1,0,0.499809141804299
"26710","1250","Ec_N",446,10,10,"Ec",13,0,0,1,1,0,0.499809141804299
"26711","1250","Ec_N",446,11,11,"Ec",13,0,0,1,1,0,0.499809141804299
"26712","1250","Ec_N",446,12,12,"Ec",13,0,0,1,1,0,0.499809141804299
"26713","1250","Ec_N",446,13,13,"Ec",13,0,0,1,1,0,0.499809141804299
"26714","1250","Ec_N",446,14,14,"Ec",13,0,0,1,1,0,0.499809141804299
"26715","1250","Ec_N",446,15,15,"Ec",13,0,0,1,1,0,0.499809141804299
"26716","1250","Ec_N",446,16,16,"Ec",29,0,0,1,1,1,0.696336766125118
"26717","1250","Ec_N",446,17,17,"Ec",29,0,0,1,1,1,0.696336766125118
"26718","1250","Ec_N",446,18,18,"Ec",29,0,0,1,1,1,0.696336766125118
"26719","1250","Ec_N",446,19,19,"Ec",29,0,0,1,1,1,0.696336766125118
"26720","1250","Ec_N",446,20,20,"Ec",29,0,0,1,1,1,0.696336766125118
"26721","1250","Ec_N",446,21,21,"Ec",29,0,0,1,1,1,0.696336766125118
"26722","1250","Ec_N",446,22,22,"Ec",29,0,0,1,1,1,0.696336766125118
"26723","1250","Ec_N",446,23,23,"Ec",29,0,0,1,1,1,0.696336766125118
"26724","1250","Ec_N",446,24,24,"Ec",30,1,0,1,1,1,0.981696467924213
"26725","1250","Ec_N",446,25,25,"Ec",30,1,0,1,1,1,0.981696467924213
"26726","1250","Ec_N",446,26,26,"Ec",30,1,0,1,1,1,0.981696467924213
"26727","1250","Ec_N",446,27,27,"Ec",30,1,0,1,1,1,0.981696467924213
"26728","1250","Ec_N",446,28,28,"Ec",30,1,0,1,1,1,0.981696467924213
"26729","1250","Ec_N",446,29,29,"Ec",30,1,0,1,1,1,0.981696467924213
"26730","1250","Ec_N",446,30,30,"Ec",30,1,0,1,1,1,0.981696467924213
"26731","1250","Ec_N",446,31,31,"Ec",32,1,1,1,1,1,1
"26732","1250","Ec_N",446,32,32,"Ec",32,1,1,1,1,1,1
"26733","1250","Ec_N",446,33,33,"Ec",32,1,1,1,1,1,1
"26734","1250","Ec_N",446,34,34,"Ec",32,1,1,1,1,1,1
"26735","1250","Ec_N",446,35,35,"Ec",32,1,1,1,1,1,1
"26736","1250","Ec_N",446,36,36,"Ec",32,1,1,1,1,1,1
"26737","1250","Ec_N",446,37,37,"Ec",32,1,1,1,1,1,1
"26738","1250","Ec_N",446,38,38,"Ec",32,1,1,1,1,1,1
"26739","1250","Ec_N",446,39,39,"Ec",32,1,1,1,1,1,1
"26740","1250","Ec_N",446,40,40,"Ec",32,1,1,1,1,1,1
"26741","1250","Ec_N",446,41,41,"Ec",32,1,1,1,1,1,1
"26742","1250","Ec_N",446,42,42,"Ec",32,1,1,1,1,1,1
"26743","1250","Ec_N",446,43,43,"Ec",32,1,1,1,1,1,1
"26744","1250","Ec_N",446,44,44,"Ec",32,1,1,1,1,1,1
"26745","1250","Ec_N",446,45,45,"Ec",32,1,1,1,1,1,1
"26746","1250","Ec_N",446,46,46,"Ec",32,1,1,1,1,1,1
"26747","1250","Ec_N",446,47,47,"Ec",32,1,1,1,1,1,1
"26748","1250","Ec_N",446,48,48,"Ec",32,1,1,1,1,1,1
"26749","1250","Ec_N",446,49,49,"Ec",32,1,1,1,1,1,1
"26750","1250","Ec_N",446,50,50,"Ec",32,1,1,1,1,1,1
"26751","1250","Ec_N",446,51,51,"Ec",32,1,1,1,1,1,1
"26752","1250","Ec_N",446,52,52,"Ec",32,1,1,1,1,1,1
"26753","1250","Ec_N",446,53,53,"Ec",32,1,1,1,1,1,1
"26754","1250","Ec_N",446,54,54,"Ec",32,1,1,1,1,1,1
"26755","1250","Ec_N",446,55,55,"Ec",32,1,1,1,1,1,1
"26756","1250","Ec_N",446,56,56,"Ec",32,1,1,1,1,1,1
"26757","1250","Ec_N",446,57,57,"Ec",32,1,1,1,1,1,1
"26758","1250","Ec_N",446,58,58,"Ec",32,1,1,1,1,1,1
"26759","1250","Ec_N",446,59,59,"Ec",32,1,1,1,1,1,1
"26760","1250","Ec_N",446,60,60,"Ec",32,1,1,1,1,1,1
"26761","1250","Ec_N",447,1,1,"Ec",1,0,0,0,0,0,0
"26762","1250","Ec_N",447,2,2,"Ec",1,0,0,0,0,0,0
"26763","1250","Ec_N",447,3,3,"Ec",1,0,0,0,0,0,0
"26764","1250","Ec_N",447,4,4,"Ec",1,0,0,0,0,0,0
"26765","1250","Ec_N",447,5,5,"Ec",1,0,0,0,0,0,0
"26766","1250","Ec_N",447,6,6,"Ec",1,0,0,0,0,0,0
"26767","1250","Ec_N",447,7,7,"Ec",1,0,0,0,0,0,0
"26768","1250","Ec_N",447,8,8,"Ec",17,0,0,0,0,1,0.14692246949649
"26769","1250","Ec_N",447,9,9,"Ec",17,0,0,0,0,1,0.14692246949649
"26770","1250","Ec_N",447,10,10,"Ec",17,0,0,0,0,1,0.14692246949649
"26771","1250","Ec_N",447,11,11,"Ec",19,0,1,0,0,1,0.179678659430889
"26772","1250","Ec_N",447,12,12,"Ec",19,0,1,0,0,1,0.179678659430889
"26773","1250","Ec_N",447,13,13,"Ec",19,0,1,0,0,1,0.179678659430889
"26774","1250","Ec_N",447,14,14,"Ec",19,0,1,0,0,1,0.179678659430889
"26775","1250","Ec_N",447,15,15,"Ec",19,0,1,0,0,1,0.179678659430889
"26776","1250","Ec_N",447,16,16,"Ec",19,0,1,0,0,1,0.179678659430889
"26777","1250","Ec_N",447,17,17,"Ec",19,0,1,0,0,1,0.179678659430889
"26778","1250","Ec_N",447,18,18,"Ec",27,0,1,0,1,1,0.50104458373578
"26779","1250","Ec_N",447,19,19,"Ec",27,0,1,0,1,1,0.50104458373578
"26780","1250","Ec_N",447,20,20,"Ec",31,0,1,1,1,1,0.778987345540232
"26781","1250","Ec_N",447,21,21,"Ec",31,0,1,1,1,1,0.778987345540232
"26782","1250","Ec_N",447,22,22,"Ec",31,0,1,1,1,1,0.778987345540232
"26783","1250","Ec_N",447,23,23,"Ec",31,0,1,1,1,1,0.778987345540232
"26784","1250","Ec_N",447,24,24,"Ec",31,0,1,1,1,1,0.778987345540232
"26785","1250","Ec_N",447,25,25,"Ec",31,0,1,1,1,1,0.778987345540232
"26786","1250","Ec_N",447,26,26,"Ec",31,0,1,1,1,1,0.778987345540232
"26787","1250","Ec_N",447,27,27,"Ec",31,0,1,1,1,1,0.778987345540232
"26788","1250","Ec_N",447,28,28,"Ec",31,0,1,1,1,1,0.778987345540232
"26789","1250","Ec_N",447,29,29,"Ec",31,0,1,1,1,1,0.778987345540232
"26790","1250","Ec_N",447,30,30,"Ec",31,0,1,1,1,1,0.778987345540232
"26791","1250","Ec_N",447,31,31,"Ec",31,0,1,1,1,1,0.778987345540232
"26792","1250","Ec_N",447,32,32,"Ec",31,0,1,1,1,1,0.778987345540232
"26793","1250","Ec_N",447,33,33,"Ec",31,0,1,1,1,1,0.778987345540232
"26794","1250","Ec_N",447,34,34,"Ec",31,0,1,1,1,1,0.778987345540232
"26795","1250","Ec_N",447,35,35,"Ec",31,0,1,1,1,1,0.778987345540232
"26796","1250","Ec_N",447,36,36,"Ec",32,1,1,1,1,1,1
"26797","1250","Ec_N",447,37,37,"Ec",32,1,1,1,1,1,1
"26798","1250","Ec_N",447,38,38,"Ec",32,1,1,1,1,1,1
"26799","1250","Ec_N",447,39,39,"Ec",32,1,1,1,1,1,1
"26800","1250","Ec_N",447,40,40,"Ec",32,1,1,1,1,1,1
"26801","1250","Ec_N",447,41,41,"Ec",32,1,1,1,1,1,1
"26802","1250","Ec_N",447,42,42,"Ec",32,1,1,1,1,1,1
"26803","1250","Ec_N",447,43,43,"Ec",32,1,1,1,1,1,1
"26804","1250","Ec_N",447,44,44,"Ec",32,1,1,1,1,1,1
"26805","1250","Ec_N",447,45,45,"Ec",32,1,1,1,1,1,1
"26806","1250","Ec_N",447,46,46,"Ec",32,1,1,1,1,1,1
"26807","1250","Ec_N",447,47,47,"Ec",32,1,1,1,1,1,1
"26808","1250","Ec_N",447,48,48,"Ec",32,1,1,1,1,1,1
"26809","1250","Ec_N",447,49,49,"Ec",32,1,1,1,1,1,1
"26810","1250","Ec_N",447,50,50,"Ec",32,1,1,1,1,1,1
"26811","1250","Ec_N",447,51,51,"Ec",32,1,1,1,1,1,1
"26812","1250","Ec_N",447,52,52,"Ec",32,1,1,1,1,1,1
"26813","1250","Ec_N",447,53,53,"Ec",32,1,1,1,1,1,1
"26814","1250","Ec_N",447,54,54,"Ec",32,1,1,1,1,1,1
"26815","1250","Ec_N",447,55,55,"Ec",32,1,1,1,1,1,1
"26816","1250","Ec_N",447,56,56,"Ec",32,1,1,1,1,1,1
"26817","1250","Ec_N",447,57,57,"Ec",32,1,1,1,1,1,1
"26818","1250","Ec_N",447,58,58,"Ec",32,1,1,1,1,1,1
"26819","1250","Ec_N",447,59,59,"Ec",32,1,1,1,1,1,1
"26820","1250","Ec_N",447,60,60,"Ec",32,1,1,1,1,1,1
"26821","1250","Ec_N",448,1,1,"Ec",1,0,0,0,0,0,0
"26822","1250","Ec_N",448,2,2,"Ec",1,0,0,0,0,0,0
"26823","1250","Ec_N",448,3,3,"Ec",1,0,0,0,0,0,0
"26824","1250","Ec_N",448,4,4,"Ec",2,1,0,0,0,0,0.221012654459768
"26825","1250","Ec_N",448,5,5,"Ec",2,1,0,0,0,0,0.221012654459768
"26826","1250","Ec_N",448,6,6,"Ec",10,1,0,0,1,0,0.488758304501343
"26827","1250","Ec_N",448,7,7,"Ec",10,1,0,0,1,0,0.488758304501343
"26828","1250","Ec_N",448,8,8,"Ec",10,1,0,0,1,0,0.488758304501343
"26829","1250","Ec_N",448,9,9,"Ec",10,1,0,0,1,0,0.488758304501343
"26830","1250","Ec_N",448,10,10,"Ec",10,1,0,0,1,0,0.488758304501343
"26831","1250","Ec_N",448,11,11,"Ec",10,1,0,0,1,0,0.488758304501343
"26832","1250","Ec_N",448,12,12,"Ec",10,1,0,0,1,0,0.488758304501343
"26833","1250","Ec_N",448,13,13,"Ec",10,1,0,0,1,0,0.488758304501343
"26834","1250","Ec_N",448,14,14,"Ec",10,1,0,0,1,0,0.488758304501343
"26835","1250","Ec_N",448,15,15,"Ec",10,1,0,0,1,0,0.488758304501343
"26836","1250","Ec_N",448,16,16,"Ec",10,1,0,0,1,0,0.488758304501343
"26837","1250","Ec_N",448,17,17,"Ec",10,1,0,0,1,0,0.488758304501343
"26838","1250","Ec_N",448,18,18,"Ec",10,1,0,0,1,0,0.488758304501343
"26839","1250","Ec_N",448,19,19,"Ec",10,1,0,0,1,0,0.488758304501343
"26840","1250","Ec_N",448,20,20,"Ec",10,1,0,0,1,0,0.488758304501343
"26841","1250","Ec_N",448,21,21,"Ec",10,1,0,0,1,0,0.488758304501343
"26842","1250","Ec_N",448,22,22,"Ec",10,1,0,0,1,0,0.488758304501343
"26843","1250","Ec_N",448,23,23,"Ec",10,1,0,0,1,0,0.488758304501343
"26844","1250","Ec_N",448,24,24,"Ec",10,1,0,0,1,0,0.488758304501343
"26845","1250","Ec_N",448,25,25,"Ec",10,1,0,0,1,0,0.488758304501343
"26846","1250","Ec_N",448,26,26,"Ec",10,1,0,0,1,0,0.488758304501343
"26847","1250","Ec_N",448,27,27,"Ec",10,1,0,0,1,0,0.488758304501343
"26848","1250","Ec_N",448,28,28,"Ec",10,1,0,0,1,0,0.488758304501343
"26849","1250","Ec_N",448,29,29,"Ec",10,1,0,0,1,0,0.488758304501343
"26850","1250","Ec_N",448,30,30,"Ec",12,1,1,0,1,0,0.552627762799163
"26851","1250","Ec_N",448,31,31,"Ec",12,1,1,0,1,0,0.552627762799163
"26852","1250","Ec_N",448,32,32,"Ec",12,1,1,0,1,0,0.552627762799163
"26853","1250","Ec_N",448,33,33,"Ec",12,1,1,0,1,0,0.552627762799163
"26854","1250","Ec_N",448,34,34,"Ec",12,1,1,0,1,0,0.552627762799163
"26855","1250","Ec_N",448,35,35,"Ec",12,1,1,0,1,0,0.552627762799163
"26856","1250","Ec_N",448,36,36,"Ec",12,1,1,0,1,0,0.552627762799163
"26857","1250","Ec_N",448,37,37,"Ec",12,1,1,0,1,0,0.552627762799163
"26858","1250","Ec_N",448,38,38,"Ec",12,1,1,0,1,0,0.552627762799163
"26859","1250","Ec_N",448,39,39,"Ec",12,1,1,0,1,0,0.552627762799163
"26860","1250","Ec_N",448,40,40,"Ec",12,1,1,0,1,0,0.552627762799163
"26861","1250","Ec_N",448,41,41,"Ec",12,1,1,0,1,0,0.552627762799163
"26862","1250","Ec_N",448,42,42,"Ec",12,1,1,0,1,0,0.552627762799163
"26863","1250","Ec_N",448,43,43,"Ec",12,1,1,0,1,0,0.552627762799163
"26864","1250","Ec_N",448,44,44,"Ec",12,1,1,0,1,0,0.552627762799163
"26865","1250","Ec_N",448,45,45,"Ec",16,1,1,1,1,0,0.879284144928883
"26866","1250","Ec_N",448,46,46,"Ec",16,1,1,1,1,0,0.879284144928883
"26867","1250","Ec_N",448,47,47,"Ec",16,1,1,1,1,0,0.879284144928883
"26868","1250","Ec_N",448,48,48,"Ec",16,1,1,1,1,0,0.879284144928883
"26869","1250","Ec_N",448,49,49,"Ec",16,1,1,1,1,0,0.879284144928883
"26870","1250","Ec_N",448,50,50,"Ec",16,1,1,1,1,0,0.879284144928883
"26871","1250","Ec_N",448,51,51,"Ec",16,1,1,1,1,0,0.879284144928883
"26872","1250","Ec_N",448,52,52,"Ec",16,1,1,1,1,0,0.879284144928883
"26873","1250","Ec_N",448,53,53,"Ec",16,1,1,1,1,0,0.879284144928883
"26874","1250","Ec_N",448,54,54,"Ec",16,1,1,1,1,0,0.879284144928883
"26875","1250","Ec_N",448,55,55,"Ec",16,1,1,1,1,0,0.879284144928883
"26876","1250","Ec_N",448,56,56,"Ec",16,1,1,1,1,0,0.879284144928883
"26877","1250","Ec_N",448,57,57,"Ec",16,1,1,1,1,0,0.879284144928883
"26878","1250","Ec_N",448,58,58,"Ec",16,1,1,1,1,0,0.879284144928883
"26879","1250","Ec_N",448,59,59,"Ec",16,1,1,1,1,0,0.879284144928883
"26880","1250","Ec_N",448,60,60,"Ec",16,1,1,1,1,0,0.879284144928883
"26881","1250","Ec_N",449,1,1,"Ec",1,0,0,0,0,0,0
"26882","1250","Ec_N",449,2,2,"Ec",1,0,0,0,0,0,0
"26883","1250","Ec_N",449,3,3,"Ec",3,0,1,0,0,0,0.082650579415114
"26884","1250","Ec_N",449,4,4,"Ec",4,1,1,0,0,0,0.303663233874882
"26885","1250","Ec_N",449,5,5,"Ec",20,1,1,0,0,1,0.500190858195701
"26886","1250","Ec_N",449,6,6,"Ec",20,1,1,0,0,1,0.500190858195701
"26887","1250","Ec_N",449,7,7,"Ec",20,1,1,0,0,1,0.500190858195701
"26888","1250","Ec_N",449,8,8,"Ec",20,1,1,0,0,1,0.500190858195701
"26889","1250","Ec_N",449,9,9,"Ec",20,1,1,0,0,1,0.500190858195701
"26890","1250","Ec_N",449,10,10,"Ec",20,1,1,0,0,1,0.500190858195701
"26891","1250","Ec_N",449,11,11,"Ec",20,1,1,0,0,1,0.500190858195701
"26892","1250","Ec_N",449,12,12,"Ec",20,1,1,0,0,1,0.500190858195701
"26893","1250","Ec_N",449,13,13,"Ec",20,1,1,0,0,1,0.500190858195701
"26894","1250","Ec_N",449,14,14,"Ec",24,1,1,1,0,1,0.732254349958425
"26895","1250","Ec_N",449,15,15,"Ec",24,1,1,1,0,1,0.732254349958425
"26896","1250","Ec_N",449,16,16,"Ec",24,1,1,1,0,1,0.732254349958425
"26897","1250","Ec_N",449,17,17,"Ec",24,1,1,1,0,1,0.732254349958425
"26898","1250","Ec_N",449,18,18,"Ec",24,1,1,1,0,1,0.732254349958425
"26899","1250","Ec_N",449,19,19,"Ec",24,1,1,1,0,1,0.732254349958425
"26900","1250","Ec_N",449,20,20,"Ec",24,1,1,1,0,1,0.732254349958425
"26901","1250","Ec_N",449,21,21,"Ec",24,1,1,1,0,1,0.732254349958425
"26902","1250","Ec_N",449,22,22,"Ec",24,1,1,1,0,1,0.732254349958425
"26903","1250","Ec_N",449,23,23,"Ec",24,1,1,1,0,1,0.732254349958425
"26904","1250","Ec_N",449,24,24,"Ec",24,1,1,1,0,1,0.732254349958425
"26905","1250","Ec_N",449,25,25,"Ec",24,1,1,1,0,1,0.732254349958425
"26906","1250","Ec_N",449,26,26,"Ec",24,1,1,1,0,1,0.732254349958425
"26907","1250","Ec_N",449,27,27,"Ec",24,1,1,1,0,1,0.732254349958425
"26908","1250","Ec_N",449,28,28,"Ec",24,1,1,1,0,1,0.732254349958425
"26909","1250","Ec_N",449,29,29,"Ec",24,1,1,1,0,1,0.732254349958425
"26910","1250","Ec_N",449,30,30,"Ec",24,1,1,1,0,1,0.732254349958425
"26911","1250","Ec_N",449,31,31,"Ec",24,1,1,1,0,1,0.732254349958425
"26912","1250","Ec_N",449,32,32,"Ec",24,1,1,1,0,1,0.732254349958425
"26913","1250","Ec_N",449,33,33,"Ec",24,1,1,1,0,1,0.732254349958425
"26914","1250","Ec_N",449,34,34,"Ec",32,1,1,1,1,1,1
"26915","1250","Ec_N",449,35,35,"Ec",32,1,1,1,1,1,1
"26916","1250","Ec_N",449,36,36,"Ec",32,1,1,1,1,1,1
"26917","1250","Ec_N",449,37,37,"Ec",32,1,1,1,1,1,1
"26918","1250","Ec_N",449,38,38,"Ec",32,1,1,1,1,1,1
"26919","1250","Ec_N",449,39,39,"Ec",32,1,1,1,1,1,1
"26920","1250","Ec_N",449,40,40,"Ec",32,1,1,1,1,1,1
"26921","1250","Ec_N",449,41,41,"Ec",32,1,1,1,1,1,1
"26922","1250","Ec_N",449,42,42,"Ec",32,1,1,1,1,1,1
"26923","1250","Ec_N",449,43,43,"Ec",32,1,1,1,1,1,1
"26924","1250","Ec_N",449,44,44,"Ec",32,1,1,1,1,1,1
"26925","1250","Ec_N",449,45,45,"Ec",32,1,1,1,1,1,1
"26926","1250","Ec_N",449,46,46,"Ec",32,1,1,1,1,1,1
"26927","1250","Ec_N",449,47,47,"Ec",32,1,1,1,1,1,1
"26928","1250","Ec_N",449,48,48,"Ec",32,1,1,1,1,1,1
"26929","1250","Ec_N",449,49,49,"Ec",32,1,1,1,1,1,1
"26930","1250","Ec_N",449,50,50,"Ec",32,1,1,1,1,1,1
"26931","1250","Ec_N",449,51,51,"Ec",32,1,1,1,1,1,1
"26932","1250","Ec_N",449,52,52,"Ec",32,1,1,1,1,1,1
"26933","1250","Ec_N",449,53,53,"Ec",32,1,1,1,1,1,1
"26934","1250","Ec_N",449,54,54,"Ec",32,1,1,1,1,1,1
"26935","1250","Ec_N",449,55,55,"Ec",32,1,1,1,1,1,1
"26936","1250","Ec_N",449,56,56,"Ec",32,1,1,1,1,1,1
"26937","1250","Ec_N",449,57,57,"Ec",32,1,1,1,1,1,1
"26938","1250","Ec_N",449,58,58,"Ec",32,1,1,1,1,1,1
"26939","1250","Ec_N",449,59,59,"Ec",32,1,1,1,1,1,1
"26940","1250","Ec_N",449,60,60,"Ec",32,1,1,1,1,1,1
"26941","1250","Ec_N",450,1,1,"Ec",1,0,0,0,0,0,0
"26942","1250","Ec_N",450,2,2,"Ec",1,0,0,0,0,0,0
"26943","1250","Ec_N",450,3,3,"Ec",1,0,0,0,0,0,0
"26944","1250","Ec_N",450,4,4,"Ec",1,0,0,0,0,0,0
"26945","1250","Ec_N",450,5,5,"Ec",1,0,0,0,0,0,0
"26946","1250","Ec_N",450,6,6,"Ec",1,0,0,0,0,0,0
"26947","1250","Ec_N",450,7,7,"Ec",5,0,0,1,0,0,0.232063491762724
"26948","1250","Ec_N",450,8,8,"Ec",5,0,0,1,0,0,0.232063491762724
"26949","1250","Ec_N",450,9,9,"Ec",5,0,0,1,0,0,0.232063491762724
"26950","1250","Ec_N",450,10,10,"Ec",5,0,0,1,0,0,0.232063491762724
"26951","1250","Ec_N",450,11,11,"Ec",13,0,0,1,1,0,0.499809141804299
"26952","1250","Ec_N",450,12,12,"Ec",13,0,0,1,1,0,0.499809141804299
"26953","1250","Ec_N",450,13,13,"Ec",13,0,0,1,1,0,0.499809141804299
"26954","1250","Ec_N",450,14,14,"Ec",14,1,0,1,1,0,0.720821796264067
"26955","1250","Ec_N",450,15,15,"Ec",14,1,0,1,1,0,0.720821796264067
"26956","1250","Ec_N",450,16,16,"Ec",14,1,0,1,1,0,0.720821796264067
"26957","1250","Ec_N",450,17,17,"Ec",14,1,0,1,1,0,0.720821796264067
"26958","1250","Ec_N",450,18,18,"Ec",14,1,0,1,1,0,0.720821796264067
"26959","1250","Ec_N",450,19,19,"Ec",14,1,0,1,1,0,0.720821796264067
"26960","1250","Ec_N",450,20,20,"Ec",14,1,0,1,1,0,0.720821796264067
"26961","1250","Ec_N",450,21,21,"Ec",14,1,0,1,1,0,0.720821796264067
"26962","1250","Ec_N",450,22,22,"Ec",14,1,0,1,1,0,0.720821796264067
"26963","1250","Ec_N",450,23,23,"Ec",14,1,0,1,1,0,0.720821796264067
"26964","1250","Ec_N",450,24,24,"Ec",14,1,0,1,1,0,0.720821796264067
"26965","1250","Ec_N",450,25,25,"Ec",14,1,0,1,1,0,0.720821796264067
"26966","1250","Ec_N",450,26,26,"Ec",14,1,0,1,1,0,0.720821796264067
"26967","1250","Ec_N",450,27,27,"Ec",14,1,0,1,1,0,0.720821796264067
"26968","1250","Ec_N",450,28,28,"Ec",14,1,0,1,1,0,0.720821796264067
"26969","1250","Ec_N",450,29,29,"Ec",14,1,0,1,1,0,0.720821796264067
"26970","1250","Ec_N",450,30,30,"Ec",14,1,0,1,1,0,0.720821796264067
"26971","1250","Ec_N",450,31,31,"Ec",14,1,0,1,1,0,0.720821796264067
"26972","1250","Ec_N",450,32,32,"Ec",14,1,0,1,1,0,0.720821796264067
"26973","1250","Ec_N",450,33,33,"Ec",14,1,0,1,1,0,0.720821796264067
"26974","1250","Ec_N",450,34,34,"Ec",14,1,0,1,1,0,0.720821796264067
"26975","1250","Ec_N",450,35,35,"Ec",14,1,0,1,1,0,0.720821796264067
"26976","1250","Ec_N",450,36,36,"Ec",14,1,0,1,1,0,0.720821796264067
"26977","1250","Ec_N",450,37,37,"Ec",14,1,0,1,1,0,0.720821796264067
"26978","1250","Ec_N",450,38,38,"Ec",14,1,0,1,1,0,0.720821796264067
"26979","1250","Ec_N",450,39,39,"Ec",14,1,0,1,1,0,0.720821796264067
"26980","1250","Ec_N",450,40,40,"Ec",14,1,0,1,1,0,0.720821796264067
"26981","1250","Ec_N",450,41,41,"Ec",14,1,0,1,1,0,0.720821796264067
"26982","1250","Ec_N",450,42,42,"Ec",14,1,0,1,1,0,0.720821796264067
"26983","1250","Ec_N",450,43,43,"Ec",16,1,1,1,1,0,0.879284144928883
"26984","1250","Ec_N",450,44,44,"Ec",16,1,1,1,1,0,0.879284144928883
"26985","1250","Ec_N",450,45,45,"Ec",16,1,1,1,1,0,0.879284144928883
"26986","1250","Ec_N",450,46,46,"Ec",16,1,1,1,1,0,0.879284144928883
"26987","1250","Ec_N",450,47,47,"Ec",16,1,1,1,1,0,0.879284144928883
"26988","1250","Ec_N",450,48,48,"Ec",16,1,1,1,1,0,0.879284144928883
"26989","1250","Ec_N",450,49,49,"Ec",16,1,1,1,1,0,0.879284144928883
"26990","1250","Ec_N",450,50,50,"Ec",16,1,1,1,1,0,0.879284144928883
"26991","1250","Ec_N",450,51,51,"Ec",16,1,1,1,1,0,0.879284144928883
"26992","1250","Ec_N",450,52,52,"Ec",16,1,1,1,1,0,0.879284144928883
"26993","1250","Ec_N",450,53,53,"Ec",16,1,1,1,1,0,0.879284144928883
"26994","1250","Ec_N",450,54,54,"Ec",16,1,1,1,1,0,0.879284144928883
"26995","1250","Ec_N",450,55,55,"Ec",16,1,1,1,1,0,0.879284144928883
"26996","1250","Ec_N",450,56,56,"Ec",16,1,1,1,1,0,0.879284144928883
"26997","1250","Ec_N",450,57,57,"Ec",16,1,1,1,1,0,0.879284144928883
"26998","1250","Ec_N",450,58,58,"Ec",16,1,1,1,1,0,0.879284144928883
"26999","1250","Ec_N",450,59,59,"Ec",16,1,1,1,1,0,0.879284144928883
"27000","1250","Ec_N",450,60,60,"Ec",16,1,1,1,1,0,0.879284144928883
"27001","1250","Ec_N",451,1,1,"Ec",1,0,0,0,0,0,0
"27002","1250","Ec_N",451,2,2,"Ec",1,0,0,0,0,0,0
"27003","1250","Ec_N",451,3,3,"Ec",1,0,0,0,0,0,0
"27004","1250","Ec_N",451,4,4,"Ec",2,1,0,0,0,0,0.221012654459768
"27005","1250","Ec_N",451,5,5,"Ec",4,1,1,0,0,0,0.303663233874882
"27006","1250","Ec_N",451,6,6,"Ec",4,1,1,0,0,0,0.303663233874882
"27007","1250","Ec_N",451,7,7,"Ec",4,1,1,0,0,0,0.303663233874882
"27008","1250","Ec_N",451,8,8,"Ec",20,1,1,0,0,1,0.500190858195701
"27009","1250","Ec_N",451,9,9,"Ec",20,1,1,0,0,1,0.500190858195701
"27010","1250","Ec_N",451,10,10,"Ec",20,1,1,0,0,1,0.500190858195701
"27011","1250","Ec_N",451,11,11,"Ec",20,1,1,0,0,1,0.500190858195701
"27012","1250","Ec_N",451,12,12,"Ec",28,1,1,0,1,1,0.770762719311211
"27013","1250","Ec_N",451,13,13,"Ec",28,1,1,0,1,1,0.770762719311211
"27014","1250","Ec_N",451,14,14,"Ec",28,1,1,0,1,1,0.770762719311211
"27015","1250","Ec_N",451,15,15,"Ec",28,1,1,0,1,1,0.770762719311211
"27016","1250","Ec_N",451,16,16,"Ec",28,1,1,0,1,1,0.770762719311211
"27017","1250","Ec_N",451,17,17,"Ec",28,1,1,0,1,1,0.770762719311211
"27018","1250","Ec_N",451,18,18,"Ec",28,1,1,0,1,1,0.770762719311211
"27019","1250","Ec_N",451,19,19,"Ec",28,1,1,0,1,1,0.770762719311211
"27020","1250","Ec_N",451,20,20,"Ec",28,1,1,0,1,1,0.770762719311211
"27021","1250","Ec_N",451,21,21,"Ec",28,1,1,0,1,1,0.770762719311211
"27022","1250","Ec_N",451,22,22,"Ec",28,1,1,0,1,1,0.770762719311211
"27023","1250","Ec_N",451,23,23,"Ec",28,1,1,0,1,1,0.770762719311211
"27024","1250","Ec_N",451,24,24,"Ec",28,1,1,0,1,1,0.770762719311211
"27025","1250","Ec_N",451,25,25,"Ec",28,1,1,0,1,1,0.770762719311211
"27026","1250","Ec_N",451,26,26,"Ec",28,1,1,0,1,1,0.770762719311211
"27027","1250","Ec_N",451,27,27,"Ec",32,1,1,1,1,1,1
"27028","1250","Ec_N",451,28,28,"Ec",32,1,1,1,1,1,1
"27029","1250","Ec_N",451,29,29,"Ec",32,1,1,1,1,1,1
"27030","1250","Ec_N",451,30,30,"Ec",32,1,1,1,1,1,1
"27031","1250","Ec_N",451,31,31,"Ec",32,1,1,1,1,1,1
"27032","1250","Ec_N",451,32,32,"Ec",32,1,1,1,1,1,1
"27033","1250","Ec_N",451,33,33,"Ec",32,1,1,1,1,1,1
"27034","1250","Ec_N",451,34,34,"Ec",32,1,1,1,1,1,1
"27035","1250","Ec_N",451,35,35,"Ec",32,1,1,1,1,1,1
"27036","1250","Ec_N",451,36,36,"Ec",32,1,1,1,1,1,1
"27037","1250","Ec_N",451,37,37,"Ec",32,1,1,1,1,1,1
"27038","1250","Ec_N",451,38,38,"Ec",32,1,1,1,1,1,1
"27039","1250","Ec_N",451,39,39,"Ec",32,1,1,1,1,1,1
"27040","1250","Ec_N",451,40,40,"Ec",32,1,1,1,1,1,1
"27041","1250","Ec_N",451,41,41,"Ec",32,1,1,1,1,1,1
"27042","1250","Ec_N",451,42,42,"Ec",32,1,1,1,1,1,1
"27043","1250","Ec_N",451,43,43,"Ec",32,1,1,1,1,1,1
"27044","1250","Ec_N",451,44,44,"Ec",32,1,1,1,1,1,1
"27045","1250","Ec_N",451,45,45,"Ec",32,1,1,1,1,1,1
"27046","1250","Ec_N",451,46,46,"Ec",32,1,1,1,1,1,1
"27047","1250","Ec_N",451,47,47,"Ec",32,1,1,1,1,1,1
"27048","1250","Ec_N",451,48,48,"Ec",32,1,1,1,1,1,1
"27049","1250","Ec_N",451,49,49,"Ec",32,1,1,1,1,1,1
"27050","1250","Ec_N",451,50,50,"Ec",32,1,1,1,1,1,1
"27051","1250","Ec_N",451,51,51,"Ec",32,1,1,1,1,1,1
"27052","1250","Ec_N",451,52,52,"Ec",32,1,1,1,1,1,1
"27053","1250","Ec_N",451,53,53,"Ec",32,1,1,1,1,1,1
"27054","1250","Ec_N",451,54,54,"Ec",32,1,1,1,1,1,1
"27055","1250","Ec_N",451,55,55,"Ec",32,1,1,1,1,1,1
"27056","1250","Ec_N",451,56,56,"Ec",32,1,1,1,1,1,1
"27057","1250","Ec_N",451,57,57,"Ec",32,1,1,1,1,1,1
"27058","1250","Ec_N",451,58,58,"Ec",32,1,1,1,1,1,1
"27059","1250","Ec_N",451,59,59,"Ec",32,1,1,1,1,1,1
"27060","1250","Ec_N",451,60,60,"Ec",32,1,1,1,1,1,1
"27061","1250","Ec_N",452,1,1,"Ec",1,0,0,0,0,0,0
"27062","1250","Ec_N",452,2,2,"Ec",1,0,0,0,0,0,0
"27063","1250","Ec_N",452,3,3,"Ec",1,0,0,0,0,0,0
"27064","1250","Ec_N",452,4,4,"Ec",1,0,0,0,0,0,0
"27065","1250","Ec_N",452,5,5,"Ec",9,0,0,0,1,0,0.267745650041575
"27066","1250","Ec_N",452,6,6,"Ec",9,0,0,0,1,0,0.267745650041575
"27067","1250","Ec_N",452,7,7,"Ec",9,0,0,0,1,0,0.267745650041575
"27068","1250","Ec_N",452,8,8,"Ec",9,0,0,0,1,0,0.267745650041575
"27069","1250","Ec_N",452,9,9,"Ec",9,0,0,0,1,0,0.267745650041575
"27070","1250","Ec_N",452,10,10,"Ec",10,1,0,0,1,0,0.488758304501343
"27071","1250","Ec_N",452,11,11,"Ec",10,1,0,0,1,0,0.488758304501343
"27072","1250","Ec_N",452,12,12,"Ec",10,1,0,0,1,0,0.488758304501343
"27073","1250","Ec_N",452,13,13,"Ec",10,1,0,0,1,0,0.488758304501343
"27074","1250","Ec_N",452,14,14,"Ec",10,1,0,0,1,0,0.488758304501343
"27075","1250","Ec_N",452,15,15,"Ec",10,1,0,0,1,0,0.488758304501343
"27076","1250","Ec_N",452,16,16,"Ec",14,1,0,1,1,0,0.720821796264067
"27077","1250","Ec_N",452,17,17,"Ec",14,1,0,1,1,0,0.720821796264067
"27078","1250","Ec_N",452,18,18,"Ec",14,1,0,1,1,0,0.720821796264067
"27079","1250","Ec_N",452,19,19,"Ec",14,1,0,1,1,0,0.720821796264067
"27080","1250","Ec_N",452,20,20,"Ec",30,1,0,1,1,1,0.981696467924213
"27081","1250","Ec_N",452,21,21,"Ec",30,1,0,1,1,1,0.981696467924213
"27082","1250","Ec_N",452,22,22,"Ec",30,1,0,1,1,1,0.981696467924213
"27083","1250","Ec_N",452,23,23,"Ec",30,1,0,1,1,1,0.981696467924213
"27084","1250","Ec_N",452,24,24,"Ec",32,1,1,1,1,1,1
"27085","1250","Ec_N",452,25,25,"Ec",32,1,1,1,1,1,1
"27086","1250","Ec_N",452,26,26,"Ec",32,1,1,1,1,1,1
"27087","1250","Ec_N",452,27,27,"Ec",32,1,1,1,1,1,1
"27088","1250","Ec_N",452,28,28,"Ec",32,1,1,1,1,1,1
"27089","1250","Ec_N",452,29,29,"Ec",32,1,1,1,1,1,1
"27090","1250","Ec_N",452,30,30,"Ec",32,1,1,1,1,1,1
"27091","1250","Ec_N",452,31,31,"Ec",32,1,1,1,1,1,1
"27092","1250","Ec_N",452,32,32,"Ec",32,1,1,1,1,1,1
"27093","1250","Ec_N",452,33,33,"Ec",32,1,1,1,1,1,1
"27094","1250","Ec_N",452,34,34,"Ec",32,1,1,1,1,1,1
"27095","1250","Ec_N",452,35,35,"Ec",32,1,1,1,1,1,1
"27096","1250","Ec_N",452,36,36,"Ec",32,1,1,1,1,1,1
"27097","1250","Ec_N",452,37,37,"Ec",32,1,1,1,1,1,1
"27098","1250","Ec_N",452,38,38,"Ec",32,1,1,1,1,1,1
"27099","1250","Ec_N",452,39,39,"Ec",32,1,1,1,1,1,1
"27100","1250","Ec_N",452,40,40,"Ec",32,1,1,1,1,1,1
"27101","1250","Ec_N",452,41,41,"Ec",32,1,1,1,1,1,1
"27102","1250","Ec_N",452,42,42,"Ec",32,1,1,1,1,1,1
"27103","1250","Ec_N",452,43,43,"Ec",32,1,1,1,1,1,1
"27104","1250","Ec_N",452,44,44,"Ec",32,1,1,1,1,1,1
"27105","1250","Ec_N",452,45,45,"Ec",32,1,1,1,1,1,1
"27106","1250","Ec_N",452,46,46,"Ec",32,1,1,1,1,1,1
"27107","1250","Ec_N",452,47,47,"Ec",32,1,1,1,1,1,1
"27108","1250","Ec_N",452,48,48,"Ec",32,1,1,1,1,1,1
"27109","1250","Ec_N",452,49,49,"Ec",32,1,1,1,1,1,1
"27110","1250","Ec_N",452,50,50,"Ec",32,1,1,1,1,1,1
"27111","1250","Ec_N",452,51,51,"Ec",32,1,1,1,1,1,1
"27112","1250","Ec_N",452,52,52,"Ec",32,1,1,1,1,1,1
"27113","1250","Ec_N",452,53,53,"Ec",32,1,1,1,1,1,1
"27114","1250","Ec_N",452,54,54,"Ec",32,1,1,1,1,1,1
"27115","1250","Ec_N",452,55,55,"Ec",32,1,1,1,1,1,1
"27116","1250","Ec_N",452,56,56,"Ec",32,1,1,1,1,1,1
"27117","1250","Ec_N",452,57,57,"Ec",32,1,1,1,1,1,1
"27118","1250","Ec_N",452,58,58,"Ec",32,1,1,1,1,1,1
"27119","1250","Ec_N",452,59,59,"Ec",32,1,1,1,1,1,1
"27120","1250","Ec_N",452,60,60,"Ec",32,1,1,1,1,1,1
"27121","1250","Ec_N",453,1,1,"Ec",1,0,0,0,0,0,0
"27122","1250","Ec_N",453,2,2,"Ec",1,0,0,0,0,0,0
"27123","1250","Ec_N",453,3,3,"Ec",5,0,0,1,0,0,0.232063491762724
"27124","1250","Ec_N",453,4,4,"Ec",5,0,0,1,0,0,0.232063491762724
"27125","1250","Ec_N",453,5,5,"Ec",5,0,0,1,0,0,0.232063491762724
"27126","1250","Ec_N",453,6,6,"Ec",5,0,0,1,0,0,0.232063491762724
"27127","1250","Ec_N",453,7,7,"Ec",5,0,0,1,0,0,0.232063491762724
"27128","1250","Ec_N",453,8,8,"Ec",5,0,0,1,0,0,0.232063491762724
"27129","1250","Ec_N",453,9,9,"Ec",5,0,0,1,0,0,0.232063491762724
"27130","1250","Ec_N",453,10,10,"Ec",5,0,0,1,0,0,0.232063491762724
"27131","1250","Ec_N",453,11,11,"Ec",5,0,0,1,0,0,0.232063491762724
"27132","1250","Ec_N",453,12,12,"Ec",5,0,0,1,0,0,0.232063491762724
"27133","1250","Ec_N",453,13,13,"Ec",5,0,0,1,0,0,0.232063491762724
"27134","1250","Ec_N",453,14,14,"Ec",7,0,1,1,0,0,0.314714071177838
"27135","1250","Ec_N",453,15,15,"Ec",23,0,1,1,0,1,0.511241695498657
"27136","1250","Ec_N",453,16,16,"Ec",23,0,1,1,0,1,0.511241695498657
"27137","1250","Ec_N",453,17,17,"Ec",23,0,1,1,0,1,0.511241695498657
"27138","1250","Ec_N",453,18,18,"Ec",23,0,1,1,0,1,0.511241695498657
"27139","1250","Ec_N",453,19,19,"Ec",23,0,1,1,0,1,0.511241695498657
"27140","1250","Ec_N",453,20,20,"Ec",23,0,1,1,0,1,0.511241695498657
"27141","1250","Ec_N",453,21,21,"Ec",23,0,1,1,0,1,0.511241695498657
"27142","1250","Ec_N",453,22,22,"Ec",23,0,1,1,0,1,0.511241695498657
"27143","1250","Ec_N",453,23,23,"Ec",23,0,1,1,0,1,0.511241695498657
"27144","1250","Ec_N",453,24,24,"Ec",23,0,1,1,0,1,0.511241695498657
"27145","1250","Ec_N",453,25,25,"Ec",23,0,1,1,0,1,0.511241695498657
"27146","1250","Ec_N",453,26,26,"Ec",23,0,1,1,0,1,0.511241695498657
"27147","1250","Ec_N",453,27,27,"Ec",23,0,1,1,0,1,0.511241695498657
"27148","1250","Ec_N",453,28,28,"Ec",23,0,1,1,0,1,0.511241695498657
"27149","1250","Ec_N",453,29,29,"Ec",23,0,1,1,0,1,0.511241695498657
"27150","1250","Ec_N",453,30,30,"Ec",24,1,1,1,0,1,0.732254349958425
"27151","1250","Ec_N",453,31,31,"Ec",24,1,1,1,0,1,0.732254349958425
"27152","1250","Ec_N",453,32,32,"Ec",24,1,1,1,0,1,0.732254349958425
"27153","1250","Ec_N",453,33,33,"Ec",24,1,1,1,0,1,0.732254349958425
"27154","1250","Ec_N",453,34,34,"Ec",24,1,1,1,0,1,0.732254349958425
"27155","1250","Ec_N",453,35,35,"Ec",24,1,1,1,0,1,0.732254349958425
"27156","1250","Ec_N",453,36,36,"Ec",24,1,1,1,0,1,0.732254349958425
"27157","1250","Ec_N",453,37,37,"Ec",24,1,1,1,0,1,0.732254349958425
"27158","1250","Ec_N",453,38,38,"Ec",24,1,1,1,0,1,0.732254349958425
"27159","1250","Ec_N",453,39,39,"Ec",24,1,1,1,0,1,0.732254349958425
"27160","1250","Ec_N",453,40,40,"Ec",24,1,1,1,0,1,0.732254349958425
"27161","1250","Ec_N",453,41,41,"Ec",24,1,1,1,0,1,0.732254349958425
"27162","1250","Ec_N",453,42,42,"Ec",24,1,1,1,0,1,0.732254349958425
"27163","1250","Ec_N",453,43,43,"Ec",24,1,1,1,0,1,0.732254349958425
"27164","1250","Ec_N",453,44,44,"Ec",24,1,1,1,0,1,0.732254349958425
"27165","1250","Ec_N",453,45,45,"Ec",24,1,1,1,0,1,0.732254349958425
"27166","1250","Ec_N",453,46,46,"Ec",24,1,1,1,0,1,0.732254349958425
"27167","1250","Ec_N",453,47,47,"Ec",24,1,1,1,0,1,0.732254349958425
"27168","1250","Ec_N",453,48,48,"Ec",24,1,1,1,0,1,0.732254349958425
"27169","1250","Ec_N",453,49,49,"Ec",24,1,1,1,0,1,0.732254349958425
"27170","1250","Ec_N",453,50,50,"Ec",24,1,1,1,0,1,0.732254349958425
"27171","1250","Ec_N",453,51,51,"Ec",24,1,1,1,0,1,0.732254349958425
"27172","1250","Ec_N",453,52,52,"Ec",24,1,1,1,0,1,0.732254349958425
"27173","1250","Ec_N",453,53,53,"Ec",24,1,1,1,0,1,0.732254349958425
"27174","1250","Ec_N",453,54,54,"Ec",32,1,1,1,1,1,1
"27175","1250","Ec_N",453,55,55,"Ec",32,1,1,1,1,1,1
"27176","1250","Ec_N",453,56,56,"Ec",32,1,1,1,1,1,1
"27177","1250","Ec_N",453,57,57,"Ec",32,1,1,1,1,1,1
"27178","1250","Ec_N",453,58,58,"Ec",32,1,1,1,1,1,1
"27179","1250","Ec_N",453,59,59,"Ec",32,1,1,1,1,1,1
"27180","1250","Ec_N",453,60,60,"Ec",32,1,1,1,1,1,1
"27181","1250","Ec_N",454,1,1,"Ec",1,0,0,0,0,0,0
"27182","1250","Ec_N",454,2,2,"Ec",1,0,0,0,0,0,0
"27183","1250","Ec_N",454,3,3,"Ec",5,0,0,1,0,0,0.232063491762724
"27184","1250","Ec_N",454,4,4,"Ec",13,0,0,1,1,0,0.499809141804299
"27185","1250","Ec_N",454,5,5,"Ec",13,0,0,1,1,0,0.499809141804299
"27186","1250","Ec_N",454,6,6,"Ec",13,0,0,1,1,0,0.499809141804299
"27187","1250","Ec_N",454,7,7,"Ec",14,1,0,1,1,0,0.720821796264067
"27188","1250","Ec_N",454,8,8,"Ec",14,1,0,1,1,0,0.720821796264067
"27189","1250","Ec_N",454,9,9,"Ec",14,1,0,1,1,0,0.720821796264067
"27190","1250","Ec_N",454,10,10,"Ec",16,1,1,1,1,0,0.879284144928883
"27191","1250","Ec_N",454,11,11,"Ec",16,1,1,1,1,0,0.879284144928883
"27192","1250","Ec_N",454,12,12,"Ec",16,1,1,1,1,0,0.879284144928883
"27193","1250","Ec_N",454,13,13,"Ec",16,1,1,1,1,0,0.879284144928883
"27194","1250","Ec_N",454,14,14,"Ec",16,1,1,1,1,0,0.879284144928883
"27195","1250","Ec_N",454,15,15,"Ec",16,1,1,1,1,0,0.879284144928883
"27196","1250","Ec_N",454,16,16,"Ec",16,1,1,1,1,0,0.879284144928883
"27197","1250","Ec_N",454,17,17,"Ec",16,1,1,1,1,0,0.879284144928883
"27198","1250","Ec_N",454,18,18,"Ec",16,1,1,1,1,0,0.879284144928883
"27199","1250","Ec_N",454,19,19,"Ec",16,1,1,1,1,0,0.879284144928883
"27200","1250","Ec_N",454,20,20,"Ec",16,1,1,1,1,0,0.879284144928883
"27201","1250","Ec_N",454,21,21,"Ec",16,1,1,1,1,0,0.879284144928883
"27202","1250","Ec_N",454,22,22,"Ec",16,1,1,1,1,0,0.879284144928883
"27203","1250","Ec_N",454,23,23,"Ec",16,1,1,1,1,0,0.879284144928883
"27204","1250","Ec_N",454,24,24,"Ec",32,1,1,1,1,1,1
"27205","1250","Ec_N",454,25,25,"Ec",32,1,1,1,1,1,1
"27206","1250","Ec_N",454,26,26,"Ec",32,1,1,1,1,1,1
"27207","1250","Ec_N",454,27,27,"Ec",32,1,1,1,1,1,1
"27208","1250","Ec_N",454,28,28,"Ec",32,1,1,1,1,1,1
"27209","1250","Ec_N",454,29,29,"Ec",32,1,1,1,1,1,1
"27210","1250","Ec_N",454,30,30,"Ec",32,1,1,1,1,1,1
"27211","1250","Ec_N",454,31,31,"Ec",32,1,1,1,1,1,1
"27212","1250","Ec_N",454,32,32,"Ec",32,1,1,1,1,1,1
"27213","1250","Ec_N",454,33,33,"Ec",32,1,1,1,1,1,1
"27214","1250","Ec_N",454,34,34,"Ec",32,1,1,1,1,1,1
"27215","1250","Ec_N",454,35,35,"Ec",32,1,1,1,1,1,1
"27216","1250","Ec_N",454,36,36,"Ec",32,1,1,1,1,1,1
"27217","1250","Ec_N",454,37,37,"Ec",32,1,1,1,1,1,1
"27218","1250","Ec_N",454,38,38,"Ec",32,1,1,1,1,1,1
"27219","1250","Ec_N",454,39,39,"Ec",32,1,1,1,1,1,1
"27220","1250","Ec_N",454,40,40,"Ec",32,1,1,1,1,1,1
"27221","1250","Ec_N",454,41,41,"Ec",32,1,1,1,1,1,1
"27222","1250","Ec_N",454,42,42,"Ec",32,1,1,1,1,1,1
"27223","1250","Ec_N",454,43,43,"Ec",32,1,1,1,1,1,1
"27224","1250","Ec_N",454,44,44,"Ec",32,1,1,1,1,1,1
"27225","1250","Ec_N",454,45,45,"Ec",32,1,1,1,1,1,1
"27226","1250","Ec_N",454,46,46,"Ec",32,1,1,1,1,1,1
"27227","1250","Ec_N",454,47,47,"Ec",32,1,1,1,1,1,1
"27228","1250","Ec_N",454,48,48,"Ec",32,1,1,1,1,1,1
"27229","1250","Ec_N",454,49,49,"Ec",32,1,1,1,1,1,1
"27230","1250","Ec_N",454,50,50,"Ec",32,1,1,1,1,1,1
"27231","1250","Ec_N",454,51,51,"Ec",32,1,1,1,1,1,1
"27232","1250","Ec_N",454,52,52,"Ec",32,1,1,1,1,1,1
"27233","1250","Ec_N",454,53,53,"Ec",32,1,1,1,1,1,1
"27234","1250","Ec_N",454,54,54,"Ec",32,1,1,1,1,1,1
"27235","1250","Ec_N",454,55,55,"Ec",32,1,1,1,1,1,1
"27236","1250","Ec_N",454,56,56,"Ec",32,1,1,1,1,1,1
"27237","1250","Ec_N",454,57,57,"Ec",32,1,1,1,1,1,1
"27238","1250","Ec_N",454,58,58,"Ec",32,1,1,1,1,1,1
"27239","1250","Ec_N",454,59,59,"Ec",32,1,1,1,1,1,1
"27240","1250","Ec_N",454,60,60,"Ec",32,1,1,1,1,1,1
"27241","1250","Ec_N",455,1,1,"Ec",1,0,0,0,0,0,0
"27242","1250","Ec_N",455,2,2,"Ec",1,0,0,0,0,0,0
"27243","1250","Ec_N",455,3,3,"Ec",1,0,0,0,0,0,0
"27244","1250","Ec_N",455,4,4,"Ec",1,0,0,0,0,0,0
"27245","1250","Ec_N",455,5,5,"Ec",1,0,0,0,0,0,0
"27246","1250","Ec_N",455,6,6,"Ec",1,0,0,0,0,0,0
"27247","1250","Ec_N",455,7,7,"Ec",1,0,0,0,0,0,0
"27248","1250","Ec_N",455,8,8,"Ec",1,0,0,0,0,0,0
"27249","1250","Ec_N",455,9,9,"Ec",1,0,0,0,0,0,0
"27250","1250","Ec_N",455,10,10,"Ec",1,0,0,0,0,0,0
"27251","1250","Ec_N",455,11,11,"Ec",1,0,0,0,0,0,0
"27252","1250","Ec_N",455,12,12,"Ec",1,0,0,0,0,0,0
"27253","1250","Ec_N",455,13,13,"Ec",1,0,0,0,0,0,0
"27254","1250","Ec_N",455,14,14,"Ec",1,0,0,0,0,0,0
"27255","1250","Ec_N",455,15,15,"Ec",1,0,0,0,0,0,0
"27256","1250","Ec_N",455,16,16,"Ec",1,0,0,0,0,0,0
"27257","1250","Ec_N",455,17,17,"Ec",17,0,0,0,0,1,0.14692246949649
"27258","1250","Ec_N",455,18,18,"Ec",17,0,0,0,0,1,0.14692246949649
"27259","1250","Ec_N",455,19,19,"Ec",17,0,0,0,0,1,0.14692246949649
"27260","1250","Ec_N",455,20,20,"Ec",17,0,0,0,0,1,0.14692246949649
"27261","1250","Ec_N",455,21,21,"Ec",17,0,0,0,0,1,0.14692246949649
"27262","1250","Ec_N",455,22,22,"Ec",17,0,0,0,0,1,0.14692246949649
"27263","1250","Ec_N",455,23,23,"Ec",17,0,0,0,0,1,0.14692246949649
"27264","1250","Ec_N",455,24,24,"Ec",17,0,0,0,0,1,0.14692246949649
"27265","1250","Ec_N",455,25,25,"Ec",17,0,0,0,0,1,0.14692246949649
"27266","1250","Ec_N",455,26,26,"Ec",25,0,0,0,1,1,0.464273274362394
"27267","1250","Ec_N",455,27,27,"Ec",25,0,0,0,1,1,0.464273274362394
"27268","1250","Ec_N",455,28,28,"Ec",27,0,1,0,1,1,0.50104458373578
"27269","1250","Ec_N",455,29,29,"Ec",27,0,1,0,1,1,0.50104458373578
"27270","1250","Ec_N",455,30,30,"Ec",27,0,1,0,1,1,0.50104458373578
"27271","1250","Ec_N",455,31,31,"Ec",27,0,1,0,1,1,0.50104458373578
"27272","1250","Ec_N",455,32,32,"Ec",27,0,1,0,1,1,0.50104458373578
"27273","1250","Ec_N",455,33,33,"Ec",27,0,1,0,1,1,0.50104458373578
"27274","1250","Ec_N",455,34,34,"Ec",27,0,1,0,1,1,0.50104458373578
"27275","1250","Ec_N",455,35,35,"Ec",27,0,1,0,1,1,0.50104458373578
"27276","1250","Ec_N",455,36,36,"Ec",27,0,1,0,1,1,0.50104458373578
"27277","1250","Ec_N",455,37,37,"Ec",27,0,1,0,1,1,0.50104458373578
"27278","1250","Ec_N",455,38,38,"Ec",28,1,1,0,1,1,0.770762719311211
"27279","1250","Ec_N",455,39,39,"Ec",28,1,1,0,1,1,0.770762719311211
"27280","1250","Ec_N",455,40,40,"Ec",32,1,1,1,1,1,1
"27281","1250","Ec_N",455,41,41,"Ec",32,1,1,1,1,1,1
"27282","1250","Ec_N",455,42,42,"Ec",32,1,1,1,1,1,1
"27283","1250","Ec_N",455,43,43,"Ec",32,1,1,1,1,1,1
"27284","1250","Ec_N",455,44,44,"Ec",32,1,1,1,1,1,1
"27285","1250","Ec_N",455,45,45,"Ec",32,1,1,1,1,1,1
"27286","1250","Ec_N",455,46,46,"Ec",32,1,1,1,1,1,1
"27287","1250","Ec_N",455,47,47,"Ec",32,1,1,1,1,1,1
"27288","1250","Ec_N",455,48,48,"Ec",32,1,1,1,1,1,1
"27289","1250","Ec_N",455,49,49,"Ec",32,1,1,1,1,1,1
"27290","1250","Ec_N",455,50,50,"Ec",32,1,1,1,1,1,1
"27291","1250","Ec_N",455,51,51,"Ec",32,1,1,1,1,1,1
"27292","1250","Ec_N",455,52,52,"Ec",32,1,1,1,1,1,1
"27293","1250","Ec_N",455,53,53,"Ec",32,1,1,1,1,1,1
"27294","1250","Ec_N",455,54,54,"Ec",32,1,1,1,1,1,1
"27295","1250","Ec_N",455,55,55,"Ec",32,1,1,1,1,1,1
"27296","1250","Ec_N",455,56,56,"Ec",32,1,1,1,1,1,1
"27297","1250","Ec_N",455,57,57,"Ec",32,1,1,1,1,1,1
"27298","1250","Ec_N",455,58,58,"Ec",32,1,1,1,1,1,1
"27299","1250","Ec_N",455,59,59,"Ec",32,1,1,1,1,1,1
"27300","1250","Ec_N",455,60,60,"Ec",32,1,1,1,1,1,1
"27301","1250","Ec_N",456,1,1,"Ec",1,0,0,0,0,0,0
"27302","1250","Ec_N",456,2,2,"Ec",9,0,0,0,1,0,0.267745650041575
"27303","1250","Ec_N",456,3,3,"Ec",9,0,0,0,1,0,0.267745650041575
"27304","1250","Ec_N",456,4,4,"Ec",9,0,0,0,1,0,0.267745650041575
"27305","1250","Ec_N",456,5,5,"Ec",9,0,0,0,1,0,0.267745650041575
"27306","1250","Ec_N",456,6,6,"Ec",9,0,0,0,1,0,0.267745650041575
"27307","1250","Ec_N",456,7,7,"Ec",9,0,0,0,1,0,0.267745650041575
"27308","1250","Ec_N",456,8,8,"Ec",9,0,0,0,1,0,0.267745650041575
"27309","1250","Ec_N",456,9,9,"Ec",9,0,0,0,1,0,0.267745650041575
"27310","1250","Ec_N",456,10,10,"Ec",13,0,0,1,1,0,0.499809141804299
"27311","1250","Ec_N",456,11,11,"Ec",13,0,0,1,1,0,0.499809141804299
"27312","1250","Ec_N",456,12,12,"Ec",13,0,0,1,1,0,0.499809141804299
"27313","1250","Ec_N",456,13,13,"Ec",13,0,0,1,1,0,0.499809141804299
"27314","1250","Ec_N",456,14,14,"Ec",13,0,0,1,1,0,0.499809141804299
"27315","1250","Ec_N",456,15,15,"Ec",13,0,0,1,1,0,0.499809141804299
"27316","1250","Ec_N",456,16,16,"Ec",13,0,0,1,1,0,0.499809141804299
"27317","1250","Ec_N",456,17,17,"Ec",13,0,0,1,1,0,0.499809141804299
"27318","1250","Ec_N",456,18,18,"Ec",13,0,0,1,1,0,0.499809141804299
"27319","1250","Ec_N",456,19,19,"Ec",13,0,0,1,1,0,0.499809141804299
"27320","1250","Ec_N",456,20,20,"Ec",13,0,0,1,1,0,0.499809141804299
"27321","1250","Ec_N",456,21,21,"Ec",13,0,0,1,1,0,0.499809141804299
"27322","1250","Ec_N",456,22,22,"Ec",13,0,0,1,1,0,0.499809141804299
"27323","1250","Ec_N",456,23,23,"Ec",13,0,0,1,1,0,0.499809141804299
"27324","1250","Ec_N",456,24,24,"Ec",13,0,0,1,1,0,0.499809141804299
"27325","1250","Ec_N",456,25,25,"Ec",13,0,0,1,1,0,0.499809141804299
"27326","1250","Ec_N",456,26,26,"Ec",29,0,0,1,1,1,0.696336766125118
"27327","1250","Ec_N",456,27,27,"Ec",29,0,0,1,1,1,0.696336766125118
"27328","1250","Ec_N",456,28,28,"Ec",29,0,0,1,1,1,0.696336766125118
"27329","1250","Ec_N",456,29,29,"Ec",29,0,0,1,1,1,0.696336766125118
"27330","1250","Ec_N",456,30,30,"Ec",29,0,0,1,1,1,0.696336766125118
"27331","1250","Ec_N",456,31,31,"Ec",29,0,0,1,1,1,0.696336766125118
"27332","1250","Ec_N",456,32,32,"Ec",29,0,0,1,1,1,0.696336766125118
"27333","1250","Ec_N",456,33,33,"Ec",29,0,0,1,1,1,0.696336766125118
"27334","1250","Ec_N",456,34,34,"Ec",29,0,0,1,1,1,0.696336766125118
"27335","1250","Ec_N",456,35,35,"Ec",30,1,0,1,1,1,0.981696467924213
"27336","1250","Ec_N",456,36,36,"Ec",30,1,0,1,1,1,0.981696467924213
"27337","1250","Ec_N",456,37,37,"Ec",30,1,0,1,1,1,0.981696467924213
"27338","1250","Ec_N",456,38,38,"Ec",30,1,0,1,1,1,0.981696467924213
"27339","1250","Ec_N",456,39,39,"Ec",30,1,0,1,1,1,0.981696467924213
"27340","1250","Ec_N",456,40,40,"Ec",30,1,0,1,1,1,0.981696467924213
"27341","1250","Ec_N",456,41,41,"Ec",30,1,0,1,1,1,0.981696467924213
"27342","1250","Ec_N",456,42,42,"Ec",30,1,0,1,1,1,0.981696467924213
"27343","1250","Ec_N",456,43,43,"Ec",30,1,0,1,1,1,0.981696467924213
"27344","1250","Ec_N",456,44,44,"Ec",30,1,0,1,1,1,0.981696467924213
"27345","1250","Ec_N",456,45,45,"Ec",30,1,0,1,1,1,0.981696467924213
"27346","1250","Ec_N",456,46,46,"Ec",30,1,0,1,1,1,0.981696467924213
"27347","1250","Ec_N",456,47,47,"Ec",30,1,0,1,1,1,0.981696467924213
"27348","1250","Ec_N",456,48,48,"Ec",30,1,0,1,1,1,0.981696467924213
"27349","1250","Ec_N",456,49,49,"Ec",30,1,0,1,1,1,0.981696467924213
"27350","1250","Ec_N",456,50,50,"Ec",30,1,0,1,1,1,0.981696467924213
"27351","1250","Ec_N",456,51,51,"Ec",30,1,0,1,1,1,0.981696467924213
"27352","1250","Ec_N",456,52,52,"Ec",30,1,0,1,1,1,0.981696467924213
"27353","1250","Ec_N",456,53,53,"Ec",30,1,0,1,1,1,0.981696467924213
"27354","1250","Ec_N",456,54,54,"Ec",30,1,0,1,1,1,0.981696467924213
"27355","1250","Ec_N",456,55,55,"Ec",30,1,0,1,1,1,0.981696467924213
"27356","1250","Ec_N",456,56,56,"Ec",30,1,0,1,1,1,0.981696467924213
"27357","1250","Ec_N",456,57,57,"Ec",30,1,0,1,1,1,0.981696467924213
"27358","1250","Ec_N",456,58,58,"Ec",30,1,0,1,1,1,0.981696467924213
"27359","1250","Ec_N",456,59,59,"Ec",30,1,0,1,1,1,0.981696467924213
"27360","1250","Ec_N",456,60,60,"Ec",30,1,0,1,1,1,0.981696467924213
"27361","1250","Ec_N",457,1,1,"Ec",1,0,0,0,0,0,0
"27362","1250","Ec_N",457,2,2,"Ec",1,0,0,0,0,0,0
"27363","1250","Ec_N",457,3,3,"Ec",1,0,0,0,0,0,0
"27364","1250","Ec_N",457,4,4,"Ec",3,0,1,0,0,0,0.082650579415114
"27365","1250","Ec_N",457,5,5,"Ec",3,0,1,0,0,0,0.082650579415114
"27366","1250","Ec_N",457,6,6,"Ec",3,0,1,0,0,0,0.082650579415114
"27367","1250","Ec_N",457,7,7,"Ec",3,0,1,0,0,0,0.082650579415114
"27368","1250","Ec_N",457,8,8,"Ec",3,0,1,0,0,0,0.082650579415114
"27369","1250","Ec_N",457,9,9,"Ec",3,0,1,0,0,0,0.082650579415114
"27370","1250","Ec_N",457,10,10,"Ec",19,0,1,0,0,1,0.179678659430889
"27371","1250","Ec_N",457,11,11,"Ec",19,0,1,0,0,1,0.179678659430889
"27372","1250","Ec_N",457,12,12,"Ec",19,0,1,0,0,1,0.179678659430889
"27373","1250","Ec_N",457,13,13,"Ec",23,0,1,1,0,1,0.511241695498657
"27374","1250","Ec_N",457,14,14,"Ec",23,0,1,1,0,1,0.511241695498657
"27375","1250","Ec_N",457,15,15,"Ec",23,0,1,1,0,1,0.511241695498657
"27376","1250","Ec_N",457,16,16,"Ec",23,0,1,1,0,1,0.511241695498657
"27377","1250","Ec_N",457,17,17,"Ec",23,0,1,1,0,1,0.511241695498657
"27378","1250","Ec_N",457,18,18,"Ec",23,0,1,1,0,1,0.511241695498657
"27379","1250","Ec_N",457,19,19,"Ec",23,0,1,1,0,1,0.511241695498657
"27380","1250","Ec_N",457,20,20,"Ec",23,0,1,1,0,1,0.511241695498657
"27381","1250","Ec_N",457,21,21,"Ec",23,0,1,1,0,1,0.511241695498657
"27382","1250","Ec_N",457,22,22,"Ec",23,0,1,1,0,1,0.511241695498657
"27383","1250","Ec_N",457,23,23,"Ec",23,0,1,1,0,1,0.511241695498657
"27384","1250","Ec_N",457,24,24,"Ec",23,0,1,1,0,1,0.511241695498657
"27385","1250","Ec_N",457,25,25,"Ec",23,0,1,1,0,1,0.511241695498657
"27386","1250","Ec_N",457,26,26,"Ec",23,0,1,1,0,1,0.511241695498657
"27387","1250","Ec_N",457,27,27,"Ec",31,0,1,1,1,1,0.778987345540232
"27388","1250","Ec_N",457,28,28,"Ec",31,0,1,1,1,1,0.778987345540232
"27389","1250","Ec_N",457,29,29,"Ec",31,0,1,1,1,1,0.778987345540232
"27390","1250","Ec_N",457,30,30,"Ec",31,0,1,1,1,1,0.778987345540232
"27391","1250","Ec_N",457,31,31,"Ec",31,0,1,1,1,1,0.778987345540232
"27392","1250","Ec_N",457,32,32,"Ec",31,0,1,1,1,1,0.778987345540232
"27393","1250","Ec_N",457,33,33,"Ec",31,0,1,1,1,1,0.778987345540232
"27394","1250","Ec_N",457,34,34,"Ec",31,0,1,1,1,1,0.778987345540232
"27395","1250","Ec_N",457,35,35,"Ec",31,0,1,1,1,1,0.778987345540232
"27396","1250","Ec_N",457,36,36,"Ec",31,0,1,1,1,1,0.778987345540232
"27397","1250","Ec_N",457,37,37,"Ec",31,0,1,1,1,1,0.778987345540232
"27398","1250","Ec_N",457,38,38,"Ec",31,0,1,1,1,1,0.778987345540232
"27399","1250","Ec_N",457,39,39,"Ec",31,0,1,1,1,1,0.778987345540232
"27400","1250","Ec_N",457,40,40,"Ec",31,0,1,1,1,1,0.778987345540232
"27401","1250","Ec_N",457,41,41,"Ec",31,0,1,1,1,1,0.778987345540232
"27402","1250","Ec_N",457,42,42,"Ec",31,0,1,1,1,1,0.778987345540232
"27403","1250","Ec_N",457,43,43,"Ec",31,0,1,1,1,1,0.778987345540232
"27404","1250","Ec_N",457,44,44,"Ec",31,0,1,1,1,1,0.778987345540232
"27405","1250","Ec_N",457,45,45,"Ec",31,0,1,1,1,1,0.778987345540232
"27406","1250","Ec_N",457,46,46,"Ec",31,0,1,1,1,1,0.778987345540232
"27407","1250","Ec_N",457,47,47,"Ec",31,0,1,1,1,1,0.778987345540232
"27408","1250","Ec_N",457,48,48,"Ec",31,0,1,1,1,1,0.778987345540232
"27409","1250","Ec_N",457,49,49,"Ec",31,0,1,1,1,1,0.778987345540232
"27410","1250","Ec_N",457,50,50,"Ec",31,0,1,1,1,1,0.778987345540232
"27411","1250","Ec_N",457,51,51,"Ec",31,0,1,1,1,1,0.778987345540232
"27412","1250","Ec_N",457,52,52,"Ec",31,0,1,1,1,1,0.778987345540232
"27413","1250","Ec_N",457,53,53,"Ec",31,0,1,1,1,1,0.778987345540232
"27414","1250","Ec_N",457,54,54,"Ec",31,0,1,1,1,1,0.778987345540232
"27415","1250","Ec_N",457,55,55,"Ec",31,0,1,1,1,1,0.778987345540232
"27416","1250","Ec_N",457,56,56,"Ec",31,0,1,1,1,1,0.778987345540232
"27417","1250","Ec_N",457,57,57,"Ec",31,0,1,1,1,1,0.778987345540232
"27418","1250","Ec_N",457,58,58,"Ec",31,0,1,1,1,1,0.778987345540232
"27419","1250","Ec_N",457,59,59,"Ec",31,0,1,1,1,1,0.778987345540232
"27420","1250","Ec_N",457,60,60,"Ec",31,0,1,1,1,1,0.778987345540232
"27421","1250","Ec_N",458,1,1,"Ec",1,0,0,0,0,0,0
"27422","1250","Ec_N",458,2,2,"Ec",1,0,0,0,0,0,0
"27423","1250","Ec_N",458,3,3,"Ec",1,0,0,0,0,0,0
"27424","1250","Ec_N",458,4,4,"Ec",9,0,0,0,1,0,0.267745650041575
"27425","1250","Ec_N",458,5,5,"Ec",9,0,0,0,1,0,0.267745650041575
"27426","1250","Ec_N",458,6,6,"Ec",9,0,0,0,1,0,0.267745650041575
"27427","1250","Ec_N",458,7,7,"Ec",9,0,0,0,1,0,0.267745650041575
"27428","1250","Ec_N",458,8,8,"Ec",10,1,0,0,1,0,0.488758304501343
"27429","1250","Ec_N",458,9,9,"Ec",10,1,0,0,1,0,0.488758304501343
"27430","1250","Ec_N",458,10,10,"Ec",10,1,0,0,1,0,0.488758304501343
"27431","1250","Ec_N",458,11,11,"Ec",26,1,0,0,1,1,0.685285928822162
"27432","1250","Ec_N",458,12,12,"Ec",26,1,0,0,1,1,0.685285928822162
"27433","1250","Ec_N",458,13,13,"Ec",26,1,0,0,1,1,0.685285928822162
"27434","1250","Ec_N",458,14,14,"Ec",26,1,0,0,1,1,0.685285928822162
"27435","1250","Ec_N",458,15,15,"Ec",30,1,0,1,1,1,0.981696467924213
"27436","1250","Ec_N",458,16,16,"Ec",30,1,0,1,1,1,0.981696467924213
"27437","1250","Ec_N",458,17,17,"Ec",30,1,0,1,1,1,0.981696467924213
"27438","1250","Ec_N",458,18,18,"Ec",30,1,0,1,1,1,0.981696467924213
"27439","1250","Ec_N",458,19,19,"Ec",30,1,0,1,1,1,0.981696467924213
"27440","1250","Ec_N",458,20,20,"Ec",30,1,0,1,1,1,0.981696467924213
"27441","1250","Ec_N",458,21,21,"Ec",30,1,0,1,1,1,0.981696467924213
"27442","1250","Ec_N",458,22,22,"Ec",30,1,0,1,1,1,0.981696467924213
"27443","1250","Ec_N",458,23,23,"Ec",30,1,0,1,1,1,0.981696467924213
"27444","1250","Ec_N",458,24,24,"Ec",30,1,0,1,1,1,0.981696467924213
"27445","1250","Ec_N",458,25,25,"Ec",30,1,0,1,1,1,0.981696467924213
"27446","1250","Ec_N",458,26,26,"Ec",32,1,1,1,1,1,1
"27447","1250","Ec_N",458,27,27,"Ec",32,1,1,1,1,1,1
"27448","1250","Ec_N",458,28,28,"Ec",32,1,1,1,1,1,1
"27449","1250","Ec_N",458,29,29,"Ec",32,1,1,1,1,1,1
"27450","1250","Ec_N",458,30,30,"Ec",32,1,1,1,1,1,1
"27451","1250","Ec_N",458,31,31,"Ec",32,1,1,1,1,1,1
"27452","1250","Ec_N",458,32,32,"Ec",32,1,1,1,1,1,1
"27453","1250","Ec_N",458,33,33,"Ec",32,1,1,1,1,1,1
"27454","1250","Ec_N",458,34,34,"Ec",32,1,1,1,1,1,1
"27455","1250","Ec_N",458,35,35,"Ec",32,1,1,1,1,1,1
"27456","1250","Ec_N",458,36,36,"Ec",32,1,1,1,1,1,1
"27457","1250","Ec_N",458,37,37,"Ec",32,1,1,1,1,1,1
"27458","1250","Ec_N",458,38,38,"Ec",32,1,1,1,1,1,1
"27459","1250","Ec_N",458,39,39,"Ec",32,1,1,1,1,1,1
"27460","1250","Ec_N",458,40,40,"Ec",32,1,1,1,1,1,1
"27461","1250","Ec_N",458,41,41,"Ec",32,1,1,1,1,1,1
"27462","1250","Ec_N",458,42,42,"Ec",32,1,1,1,1,1,1
"27463","1250","Ec_N",458,43,43,"Ec",32,1,1,1,1,1,1
"27464","1250","Ec_N",458,44,44,"Ec",32,1,1,1,1,1,1
"27465","1250","Ec_N",458,45,45,"Ec",32,1,1,1,1,1,1
"27466","1250","Ec_N",458,46,46,"Ec",32,1,1,1,1,1,1
"27467","1250","Ec_N",458,47,47,"Ec",32,1,1,1,1,1,1
"27468","1250","Ec_N",458,48,48,"Ec",32,1,1,1,1,1,1
"27469","1250","Ec_N",458,49,49,"Ec",32,1,1,1,1,1,1
"27470","1250","Ec_N",458,50,50,"Ec",32,1,1,1,1,1,1
"27471","1250","Ec_N",458,51,51,"Ec",32,1,1,1,1,1,1
"27472","1250","Ec_N",458,52,52,"Ec",32,1,1,1,1,1,1
"27473","1250","Ec_N",458,53,53,"Ec",32,1,1,1,1,1,1
"27474","1250","Ec_N",458,54,54,"Ec",32,1,1,1,1,1,1
"27475","1250","Ec_N",458,55,55,"Ec",32,1,1,1,1,1,1
"27476","1250","Ec_N",458,56,56,"Ec",32,1,1,1,1,1,1
"27477","1250","Ec_N",458,57,57,"Ec",32,1,1,1,1,1,1
"27478","1250","Ec_N",458,58,58,"Ec",32,1,1,1,1,1,1
"27479","1250","Ec_N",458,59,59,"Ec",32,1,1,1,1,1,1
"27480","1250","Ec_N",458,60,60,"Ec",32,1,1,1,1,1,1
"27481","1250","Ec_N",459,1,1,"Ec",1,0,0,0,0,0,0
"27482","1250","Ec_N",459,2,2,"Ec",1,0,0,0,0,0,0
"27483","1250","Ec_N",459,3,3,"Ec",1,0,0,0,0,0,0
"27484","1250","Ec_N",459,4,4,"Ec",1,0,0,0,0,0,0
"27485","1250","Ec_N",459,5,5,"Ec",1,0,0,0,0,0,0
"27486","1250","Ec_N",459,6,6,"Ec",1,0,0,0,0,0,0
"27487","1250","Ec_N",459,7,7,"Ec",1,0,0,0,0,0,0
"27488","1250","Ec_N",459,8,8,"Ec",1,0,0,0,0,0,0
"27489","1250","Ec_N",459,9,9,"Ec",1,0,0,0,0,0,0
"27490","1250","Ec_N",459,10,10,"Ec",2,1,0,0,0,0,0.221012654459768
"27491","1250","Ec_N",459,11,11,"Ec",2,1,0,0,0,0,0.221012654459768
"27492","1250","Ec_N",459,12,12,"Ec",2,1,0,0,0,0,0.221012654459768
"27493","1250","Ec_N",459,13,13,"Ec",2,1,0,0,0,0,0.221012654459768
"27494","1250","Ec_N",459,14,14,"Ec",2,1,0,0,0,0,0.221012654459768
"27495","1250","Ec_N",459,15,15,"Ec",10,1,0,0,1,0,0.488758304501343
"27496","1250","Ec_N",459,16,16,"Ec",10,1,0,0,1,0,0.488758304501343
"27497","1250","Ec_N",459,17,17,"Ec",10,1,0,0,1,0,0.488758304501343
"27498","1250","Ec_N",459,18,18,"Ec",10,1,0,0,1,0,0.488758304501343
"27499","1250","Ec_N",459,19,19,"Ec",10,1,0,0,1,0,0.488758304501343
"27500","1250","Ec_N",459,20,20,"Ec",10,1,0,0,1,0,0.488758304501343
"27501","1250","Ec_N",459,21,21,"Ec",10,1,0,0,1,0,0.488758304501343
"27502","1250","Ec_N",459,22,22,"Ec",10,1,0,0,1,0,0.488758304501343
"27503","1250","Ec_N",459,23,23,"Ec",10,1,0,0,1,0,0.488758304501343
"27504","1250","Ec_N",459,24,24,"Ec",10,1,0,0,1,0,0.488758304501343
"27505","1250","Ec_N",459,25,25,"Ec",10,1,0,0,1,0,0.488758304501343
"27506","1250","Ec_N",459,26,26,"Ec",10,1,0,0,1,0,0.488758304501343
"27507","1250","Ec_N",459,27,27,"Ec",14,1,0,1,1,0,0.720821796264067
"27508","1250","Ec_N",459,28,28,"Ec",14,1,0,1,1,0,0.720821796264067
"27509","1250","Ec_N",459,29,29,"Ec",14,1,0,1,1,0,0.720821796264067
"27510","1250","Ec_N",459,30,30,"Ec",14,1,0,1,1,0,0.720821796264067
"27511","1250","Ec_N",459,31,31,"Ec",14,1,0,1,1,0,0.720821796264067
"27512","1250","Ec_N",459,32,32,"Ec",14,1,0,1,1,0,0.720821796264067
"27513","1250","Ec_N",459,33,33,"Ec",14,1,0,1,1,0,0.720821796264067
"27514","1250","Ec_N",459,34,34,"Ec",14,1,0,1,1,0,0.720821796264067
"27515","1250","Ec_N",459,35,35,"Ec",14,1,0,1,1,0,0.720821796264067
"27516","1250","Ec_N",459,36,36,"Ec",14,1,0,1,1,0,0.720821796264067
"27517","1250","Ec_N",459,37,37,"Ec",14,1,0,1,1,0,0.720821796264067
"27518","1250","Ec_N",459,38,38,"Ec",14,1,0,1,1,0,0.720821796264067
"27519","1250","Ec_N",459,39,39,"Ec",14,1,0,1,1,0,0.720821796264067
"27520","1250","Ec_N",459,40,40,"Ec",14,1,0,1,1,0,0.720821796264067
"27521","1250","Ec_N",459,41,41,"Ec",14,1,0,1,1,0,0.720821796264067
"27522","1250","Ec_N",459,42,42,"Ec",14,1,0,1,1,0,0.720821796264067
"27523","1250","Ec_N",459,43,43,"Ec",16,1,1,1,1,0,0.879284144928883
"27524","1250","Ec_N",459,44,44,"Ec",16,1,1,1,1,0,0.879284144928883
"27525","1250","Ec_N",459,45,45,"Ec",16,1,1,1,1,0,0.879284144928883
"27526","1250","Ec_N",459,46,46,"Ec",16,1,1,1,1,0,0.879284144928883
"27527","1250","Ec_N",459,47,47,"Ec",16,1,1,1,1,0,0.879284144928883
"27528","1250","Ec_N",459,48,48,"Ec",16,1,1,1,1,0,0.879284144928883
"27529","1250","Ec_N",459,49,49,"Ec",16,1,1,1,1,0,0.879284144928883
"27530","1250","Ec_N",459,50,50,"Ec",16,1,1,1,1,0,0.879284144928883
"27531","1250","Ec_N",459,51,51,"Ec",16,1,1,1,1,0,0.879284144928883
"27532","1250","Ec_N",459,52,52,"Ec",16,1,1,1,1,0,0.879284144928883
"27533","1250","Ec_N",459,53,53,"Ec",16,1,1,1,1,0,0.879284144928883
"27534","1250","Ec_N",459,54,54,"Ec",16,1,1,1,1,0,0.879284144928883
"27535","1250","Ec_N",459,55,55,"Ec",16,1,1,1,1,0,0.879284144928883
"27536","1250","Ec_N",459,56,56,"Ec",16,1,1,1,1,0,0.879284144928883
"27537","1250","Ec_N",459,57,57,"Ec",16,1,1,1,1,0,0.879284144928883
"27538","1250","Ec_N",459,58,58,"Ec",16,1,1,1,1,0,0.879284144928883
"27539","1250","Ec_N",459,59,59,"Ec",16,1,1,1,1,0,0.879284144928883
"27540","1250","Ec_N",459,60,60,"Ec",16,1,1,1,1,0,0.879284144928883
"27541","1250","Ec_N",460,1,1,"Ec",1,0,0,0,0,0,0
"27542","1250","Ec_N",460,2,2,"Ec",1,0,0,0,0,0,0
"27543","1250","Ec_N",460,3,3,"Ec",1,0,0,0,0,0,0
"27544","1250","Ec_N",460,4,4,"Ec",1,0,0,0,0,0,0
"27545","1250","Ec_N",460,5,5,"Ec",1,0,0,0,0,0,0
"27546","1250","Ec_N",460,6,6,"Ec",1,0,0,0,0,0,0
"27547","1250","Ec_N",460,7,7,"Ec",1,0,0,0,0,0,0
"27548","1250","Ec_N",460,8,8,"Ec",1,0,0,0,0,0,0
"27549","1250","Ec_N",460,9,9,"Ec",1,0,0,0,0,0,0
"27550","1250","Ec_N",460,10,10,"Ec",9,0,0,0,1,0,0.267745650041575
"27551","1250","Ec_N",460,11,11,"Ec",9,0,0,0,1,0,0.267745650041575
"27552","1250","Ec_N",460,12,12,"Ec",9,0,0,0,1,0,0.267745650041575
"27553","1250","Ec_N",460,13,13,"Ec",10,1,0,0,1,0,0.488758304501343
"27554","1250","Ec_N",460,14,14,"Ec",10,1,0,0,1,0,0.488758304501343
"27555","1250","Ec_N",460,15,15,"Ec",10,1,0,0,1,0,0.488758304501343
"27556","1250","Ec_N",460,16,16,"Ec",26,1,0,0,1,1,0.685285928822162
"27557","1250","Ec_N",460,17,17,"Ec",26,1,0,0,1,1,0.685285928822162
"27558","1250","Ec_N",460,18,18,"Ec",26,1,0,0,1,1,0.685285928822162
"27559","1250","Ec_N",460,19,19,"Ec",26,1,0,0,1,1,0.685285928822162
"27560","1250","Ec_N",460,20,20,"Ec",26,1,0,0,1,1,0.685285928822162
"27561","1250","Ec_N",460,21,21,"Ec",26,1,0,0,1,1,0.685285928822162
"27562","1250","Ec_N",460,22,22,"Ec",26,1,0,0,1,1,0.685285928822162
"27563","1250","Ec_N",460,23,23,"Ec",28,1,1,0,1,1,0.770762719311211
"27564","1250","Ec_N",460,24,24,"Ec",28,1,1,0,1,1,0.770762719311211
"27565","1250","Ec_N",460,25,25,"Ec",28,1,1,0,1,1,0.770762719311211
"27566","1250","Ec_N",460,26,26,"Ec",28,1,1,0,1,1,0.770762719311211
"27567","1250","Ec_N",460,27,27,"Ec",28,1,1,0,1,1,0.770762719311211
"27568","1250","Ec_N",460,28,28,"Ec",28,1,1,0,1,1,0.770762719311211
"27569","1250","Ec_N",460,29,29,"Ec",28,1,1,0,1,1,0.770762719311211
"27570","1250","Ec_N",460,30,30,"Ec",28,1,1,0,1,1,0.770762719311211
"27571","1250","Ec_N",460,31,31,"Ec",28,1,1,0,1,1,0.770762719311211
"27572","1250","Ec_N",460,32,32,"Ec",28,1,1,0,1,1,0.770762719311211
"27573","1250","Ec_N",460,33,33,"Ec",28,1,1,0,1,1,0.770762719311211
"27574","1250","Ec_N",460,34,34,"Ec",28,1,1,0,1,1,0.770762719311211
"27575","1250","Ec_N",460,35,35,"Ec",28,1,1,0,1,1,0.770762719311211
"27576","1250","Ec_N",460,36,36,"Ec",28,1,1,0,1,1,0.770762719311211
"27577","1250","Ec_N",460,37,37,"Ec",28,1,1,0,1,1,0.770762719311211
"27578","1250","Ec_N",460,38,38,"Ec",28,1,1,0,1,1,0.770762719311211
"27579","1250","Ec_N",460,39,39,"Ec",28,1,1,0,1,1,0.770762719311211
"27580","1250","Ec_N",460,40,40,"Ec",28,1,1,0,1,1,0.770762719311211
"27581","1250","Ec_N",460,41,41,"Ec",28,1,1,0,1,1,0.770762719311211
"27582","1250","Ec_N",460,42,42,"Ec",28,1,1,0,1,1,0.770762719311211
"27583","1250","Ec_N",460,43,43,"Ec",28,1,1,0,1,1,0.770762719311211
"27584","1250","Ec_N",460,44,44,"Ec",28,1,1,0,1,1,0.770762719311211
"27585","1250","Ec_N",460,45,45,"Ec",28,1,1,0,1,1,0.770762719311211
"27586","1250","Ec_N",460,46,46,"Ec",32,1,1,1,1,1,1
"27587","1250","Ec_N",460,47,47,"Ec",32,1,1,1,1,1,1
"27588","1250","Ec_N",460,48,48,"Ec",32,1,1,1,1,1,1
"27589","1250","Ec_N",460,49,49,"Ec",32,1,1,1,1,1,1
"27590","1250","Ec_N",460,50,50,"Ec",32,1,1,1,1,1,1
"27591","1250","Ec_N",460,51,51,"Ec",32,1,1,1,1,1,1
"27592","1250","Ec_N",460,52,52,"Ec",32,1,1,1,1,1,1
"27593","1250","Ec_N",460,53,53,"Ec",32,1,1,1,1,1,1
"27594","1250","Ec_N",460,54,54,"Ec",32,1,1,1,1,1,1
"27595","1250","Ec_N",460,55,55,"Ec",32,1,1,1,1,1,1
"27596","1250","Ec_N",460,56,56,"Ec",32,1,1,1,1,1,1
"27597","1250","Ec_N",460,57,57,"Ec",32,1,1,1,1,1,1
"27598","1250","Ec_N",460,58,58,"Ec",32,1,1,1,1,1,1
"27599","1250","Ec_N",460,59,59,"Ec",32,1,1,1,1,1,1
"27600","1250","Ec_N",460,60,60,"Ec",32,1,1,1,1,1,1
"27601","1250","Ec_N",461,1,1,"Ec",1,0,0,0,0,0,0
"27602","1250","Ec_N",461,2,2,"Ec",9,0,0,0,1,0,0.267745650041575
"27603","1250","Ec_N",461,3,3,"Ec",9,0,0,0,1,0,0.267745650041575
"27604","1250","Ec_N",461,4,4,"Ec",9,0,0,0,1,0,0.267745650041575
"27605","1250","Ec_N",461,5,5,"Ec",10,1,0,0,1,0,0.488758304501343
"27606","1250","Ec_N",461,6,6,"Ec",10,1,0,0,1,0,0.488758304501343
"27607","1250","Ec_N",461,7,7,"Ec",10,1,0,0,1,0,0.488758304501343
"27608","1250","Ec_N",461,8,8,"Ec",10,1,0,0,1,0,0.488758304501343
"27609","1250","Ec_N",461,9,9,"Ec",10,1,0,0,1,0,0.488758304501343
"27610","1250","Ec_N",461,10,10,"Ec",10,1,0,0,1,0,0.488758304501343
"27611","1250","Ec_N",461,11,11,"Ec",10,1,0,0,1,0,0.488758304501343
"27612","1250","Ec_N",461,12,12,"Ec",10,1,0,0,1,0,0.488758304501343
"27613","1250","Ec_N",461,13,13,"Ec",10,1,0,0,1,0,0.488758304501343
"27614","1250","Ec_N",461,14,14,"Ec",10,1,0,0,1,0,0.488758304501343
"27615","1250","Ec_N",461,15,15,"Ec",10,1,0,0,1,0,0.488758304501343
"27616","1250","Ec_N",461,16,16,"Ec",10,1,0,0,1,0,0.488758304501343
"27617","1250","Ec_N",461,17,17,"Ec",26,1,0,0,1,1,0.685285928822162
"27618","1250","Ec_N",461,18,18,"Ec",26,1,0,0,1,1,0.685285928822162
"27619","1250","Ec_N",461,19,19,"Ec",26,1,0,0,1,1,0.685285928822162
"27620","1250","Ec_N",461,20,20,"Ec",26,1,0,0,1,1,0.685285928822162
"27621","1250","Ec_N",461,21,21,"Ec",26,1,0,0,1,1,0.685285928822162
"27622","1250","Ec_N",461,22,22,"Ec",26,1,0,0,1,1,0.685285928822162
"27623","1250","Ec_N",461,23,23,"Ec",26,1,0,0,1,1,0.685285928822162
"27624","1250","Ec_N",461,24,24,"Ec",30,1,0,1,1,1,0.981696467924213
"27625","1250","Ec_N",461,25,25,"Ec",30,1,0,1,1,1,0.981696467924213
"27626","1250","Ec_N",461,26,26,"Ec",30,1,0,1,1,1,0.981696467924213
"27627","1250","Ec_N",461,27,27,"Ec",30,1,0,1,1,1,0.981696467924213
"27628","1250","Ec_N",461,28,28,"Ec",30,1,0,1,1,1,0.981696467924213
"27629","1250","Ec_N",461,29,29,"Ec",30,1,0,1,1,1,0.981696467924213
"27630","1250","Ec_N",461,30,30,"Ec",30,1,0,1,1,1,0.981696467924213
"27631","1250","Ec_N",461,31,31,"Ec",30,1,0,1,1,1,0.981696467924213
"27632","1250","Ec_N",461,32,32,"Ec",30,1,0,1,1,1,0.981696467924213
"27633","1250","Ec_N",461,33,33,"Ec",30,1,0,1,1,1,0.981696467924213
"27634","1250","Ec_N",461,34,34,"Ec",30,1,0,1,1,1,0.981696467924213
"27635","1250","Ec_N",461,35,35,"Ec",30,1,0,1,1,1,0.981696467924213
"27636","1250","Ec_N",461,36,36,"Ec",30,1,0,1,1,1,0.981696467924213
"27637","1250","Ec_N",461,37,37,"Ec",30,1,0,1,1,1,0.981696467924213
"27638","1250","Ec_N",461,38,38,"Ec",30,1,0,1,1,1,0.981696467924213
"27639","1250","Ec_N",461,39,39,"Ec",30,1,0,1,1,1,0.981696467924213
"27640","1250","Ec_N",461,40,40,"Ec",30,1,0,1,1,1,0.981696467924213
"27641","1250","Ec_N",461,41,41,"Ec",30,1,0,1,1,1,0.981696467924213
"27642","1250","Ec_N",461,42,42,"Ec",32,1,1,1,1,1,1
"27643","1250","Ec_N",461,43,43,"Ec",32,1,1,1,1,1,1
"27644","1250","Ec_N",461,44,44,"Ec",32,1,1,1,1,1,1
"27645","1250","Ec_N",461,45,45,"Ec",32,1,1,1,1,1,1
"27646","1250","Ec_N",461,46,46,"Ec",32,1,1,1,1,1,1
"27647","1250","Ec_N",461,47,47,"Ec",32,1,1,1,1,1,1
"27648","1250","Ec_N",461,48,48,"Ec",32,1,1,1,1,1,1
"27649","1250","Ec_N",461,49,49,"Ec",32,1,1,1,1,1,1
"27650","1250","Ec_N",461,50,50,"Ec",32,1,1,1,1,1,1
"27651","1250","Ec_N",461,51,51,"Ec",32,1,1,1,1,1,1
"27652","1250","Ec_N",461,52,52,"Ec",32,1,1,1,1,1,1
"27653","1250","Ec_N",461,53,53,"Ec",32,1,1,1,1,1,1
"27654","1250","Ec_N",461,54,54,"Ec",32,1,1,1,1,1,1
"27655","1250","Ec_N",461,55,55,"Ec",32,1,1,1,1,1,1
"27656","1250","Ec_N",461,56,56,"Ec",32,1,1,1,1,1,1
"27657","1250","Ec_N",461,57,57,"Ec",32,1,1,1,1,1,1
"27658","1250","Ec_N",461,58,58,"Ec",32,1,1,1,1,1,1
"27659","1250","Ec_N",461,59,59,"Ec",32,1,1,1,1,1,1
"27660","1250","Ec_N",461,60,60,"Ec",32,1,1,1,1,1,1
"27661","1250","Ec_N",462,1,1,"Ec",1,0,0,0,0,0,0
"27662","1250","Ec_N",462,2,2,"Ec",1,0,0,0,0,0,0
"27663","1250","Ec_N",462,3,3,"Ec",1,0,0,0,0,0,0
"27664","1250","Ec_N",462,4,4,"Ec",1,0,0,0,0,0,0
"27665","1250","Ec_N",462,5,5,"Ec",1,0,0,0,0,0,0
"27666","1250","Ec_N",462,6,6,"Ec",1,0,0,0,0,0,0
"27667","1250","Ec_N",462,7,7,"Ec",17,0,0,0,0,1,0.14692246949649
"27668","1250","Ec_N",462,8,8,"Ec",17,0,0,0,0,1,0.14692246949649
"27669","1250","Ec_N",462,9,9,"Ec",18,1,0,0,0,1,0.417540278780587
"27670","1250","Ec_N",462,10,10,"Ec",18,1,0,0,0,1,0.417540278780587
"27671","1250","Ec_N",462,11,11,"Ec",18,1,0,0,0,1,0.417540278780587
"27672","1250","Ec_N",462,12,12,"Ec",18,1,0,0,0,1,0.417540278780587
"27673","1250","Ec_N",462,13,13,"Ec",22,1,0,1,0,1,0.649603770543311
"27674","1250","Ec_N",462,14,14,"Ec",22,1,0,1,0,1,0.649603770543311
"27675","1250","Ec_N",462,15,15,"Ec",24,1,1,1,0,1,0.732254349958425
"27676","1250","Ec_N",462,16,16,"Ec",24,1,1,1,0,1,0.732254349958425
"27677","1250","Ec_N",462,17,17,"Ec",24,1,1,1,0,1,0.732254349958425
"27678","1250","Ec_N",462,18,18,"Ec",24,1,1,1,0,1,0.732254349958425
"27679","1250","Ec_N",462,19,19,"Ec",24,1,1,1,0,1,0.732254349958425
"27680","1250","Ec_N",462,20,20,"Ec",24,1,1,1,0,1,0.732254349958425
"27681","1250","Ec_N",462,21,21,"Ec",24,1,1,1,0,1,0.732254349958425
"27682","1250","Ec_N",462,22,22,"Ec",24,1,1,1,0,1,0.732254349958425
"27683","1250","Ec_N",462,23,23,"Ec",24,1,1,1,0,1,0.732254349958425
"27684","1250","Ec_N",462,24,24,"Ec",24,1,1,1,0,1,0.732254349958425
"27685","1250","Ec_N",462,25,25,"Ec",24,1,1,1,0,1,0.732254349958425
"27686","1250","Ec_N",462,26,26,"Ec",24,1,1,1,0,1,0.732254349958425
"27687","1250","Ec_N",462,27,27,"Ec",32,1,1,1,1,1,1
"27688","1250","Ec_N",462,28,28,"Ec",32,1,1,1,1,1,1
"27689","1250","Ec_N",462,29,29,"Ec",32,1,1,1,1,1,1
"27690","1250","Ec_N",462,30,30,"Ec",32,1,1,1,1,1,1
"27691","1250","Ec_N",462,31,31,"Ec",32,1,1,1,1,1,1
"27692","1250","Ec_N",462,32,32,"Ec",32,1,1,1,1,1,1
"27693","1250","Ec_N",462,33,33,"Ec",32,1,1,1,1,1,1
"27694","1250","Ec_N",462,34,34,"Ec",32,1,1,1,1,1,1
"27695","1250","Ec_N",462,35,35,"Ec",32,1,1,1,1,1,1
"27696","1250","Ec_N",462,36,36,"Ec",32,1,1,1,1,1,1
"27697","1250","Ec_N",462,37,37,"Ec",32,1,1,1,1,1,1
"27698","1250","Ec_N",462,38,38,"Ec",32,1,1,1,1,1,1
"27699","1250","Ec_N",462,39,39,"Ec",32,1,1,1,1,1,1
"27700","1250","Ec_N",462,40,40,"Ec",32,1,1,1,1,1,1
"27701","1250","Ec_N",462,41,41,"Ec",32,1,1,1,1,1,1
"27702","1250","Ec_N",462,42,42,"Ec",32,1,1,1,1,1,1
"27703","1250","Ec_N",462,43,43,"Ec",32,1,1,1,1,1,1
"27704","1250","Ec_N",462,44,44,"Ec",32,1,1,1,1,1,1
"27705","1250","Ec_N",462,45,45,"Ec",32,1,1,1,1,1,1
"27706","1250","Ec_N",462,46,46,"Ec",32,1,1,1,1,1,1
"27707","1250","Ec_N",462,47,47,"Ec",32,1,1,1,1,1,1
"27708","1250","Ec_N",462,48,48,"Ec",32,1,1,1,1,1,1
"27709","1250","Ec_N",462,49,49,"Ec",32,1,1,1,1,1,1
"27710","1250","Ec_N",462,50,50,"Ec",32,1,1,1,1,1,1
"27711","1250","Ec_N",462,51,51,"Ec",32,1,1,1,1,1,1
"27712","1250","Ec_N",462,52,52,"Ec",32,1,1,1,1,1,1
"27713","1250","Ec_N",462,53,53,"Ec",32,1,1,1,1,1,1
"27714","1250","Ec_N",462,54,54,"Ec",32,1,1,1,1,1,1
"27715","1250","Ec_N",462,55,55,"Ec",32,1,1,1,1,1,1
"27716","1250","Ec_N",462,56,56,"Ec",32,1,1,1,1,1,1
"27717","1250","Ec_N",462,57,57,"Ec",32,1,1,1,1,1,1
"27718","1250","Ec_N",462,58,58,"Ec",32,1,1,1,1,1,1
"27719","1250","Ec_N",462,59,59,"Ec",32,1,1,1,1,1,1
"27720","1250","Ec_N",462,60,60,"Ec",32,1,1,1,1,1,1
"27721","1250","Ec_N",463,1,1,"Ec",1,0,0,0,0,0,0
"27722","1250","Ec_N",463,2,2,"Ec",1,0,0,0,0,0,0
"27723","1250","Ec_N",463,3,3,"Ec",1,0,0,0,0,0,0
"27724","1250","Ec_N",463,4,4,"Ec",1,0,0,0,0,0,0
"27725","1250","Ec_N",463,5,5,"Ec",1,0,0,0,0,0,0
"27726","1250","Ec_N",463,6,6,"Ec",5,0,0,1,0,0,0.232063491762724
"27727","1250","Ec_N",463,7,7,"Ec",5,0,0,1,0,0,0.232063491762724
"27728","1250","Ec_N",463,8,8,"Ec",5,0,0,1,0,0,0.232063491762724
"27729","1250","Ec_N",463,9,9,"Ec",5,0,0,1,0,0,0.232063491762724
"27730","1250","Ec_N",463,10,10,"Ec",5,0,0,1,0,0,0.232063491762724
"27731","1250","Ec_N",463,11,11,"Ec",5,0,0,1,0,0,0.232063491762724
"27732","1250","Ec_N",463,12,12,"Ec",5,0,0,1,0,0,0.232063491762724
"27733","1250","Ec_N",463,13,13,"Ec",5,0,0,1,0,0,0.232063491762724
"27734","1250","Ec_N",463,14,14,"Ec",5,0,0,1,0,0,0.232063491762724
"27735","1250","Ec_N",463,15,15,"Ec",7,0,1,1,0,0,0.314714071177838
"27736","1250","Ec_N",463,16,16,"Ec",7,0,1,1,0,0,0.314714071177838
"27737","1250","Ec_N",463,17,17,"Ec",7,0,1,1,0,0,0.314714071177838
"27738","1250","Ec_N",463,18,18,"Ec",7,0,1,1,0,0,0.314714071177838
"27739","1250","Ec_N",463,19,19,"Ec",7,0,1,1,0,0,0.314714071177838
"27740","1250","Ec_N",463,20,20,"Ec",23,0,1,1,0,1,0.511241695498657
"27741","1250","Ec_N",463,21,21,"Ec",23,0,1,1,0,1,0.511241695498657
"27742","1250","Ec_N",463,22,22,"Ec",23,0,1,1,0,1,0.511241695498657
"27743","1250","Ec_N",463,23,23,"Ec",31,0,1,1,1,1,0.778987345540232
"27744","1250","Ec_N",463,24,24,"Ec",31,0,1,1,1,1,0.778987345540232
"27745","1250","Ec_N",463,25,25,"Ec",31,0,1,1,1,1,0.778987345540232
"27746","1250","Ec_N",463,26,26,"Ec",31,0,1,1,1,1,0.778987345540232
"27747","1250","Ec_N",463,27,27,"Ec",32,1,1,1,1,1,1
"27748","1250","Ec_N",463,28,28,"Ec",32,1,1,1,1,1,1
"27749","1250","Ec_N",463,29,29,"Ec",32,1,1,1,1,1,1
"27750","1250","Ec_N",463,30,30,"Ec",32,1,1,1,1,1,1
"27751","1250","Ec_N",463,31,31,"Ec",32,1,1,1,1,1,1
"27752","1250","Ec_N",463,32,32,"Ec",32,1,1,1,1,1,1
"27753","1250","Ec_N",463,33,33,"Ec",32,1,1,1,1,1,1
"27754","1250","Ec_N",463,34,34,"Ec",32,1,1,1,1,1,1
"27755","1250","Ec_N",463,35,35,"Ec",32,1,1,1,1,1,1
"27756","1250","Ec_N",463,36,36,"Ec",32,1,1,1,1,1,1
"27757","1250","Ec_N",463,37,37,"Ec",32,1,1,1,1,1,1
"27758","1250","Ec_N",463,38,38,"Ec",32,1,1,1,1,1,1
"27759","1250","Ec_N",463,39,39,"Ec",32,1,1,1,1,1,1
"27760","1250","Ec_N",463,40,40,"Ec",32,1,1,1,1,1,1
"27761","1250","Ec_N",463,41,41,"Ec",32,1,1,1,1,1,1
"27762","1250","Ec_N",463,42,42,"Ec",32,1,1,1,1,1,1
"27763","1250","Ec_N",463,43,43,"Ec",32,1,1,1,1,1,1
"27764","1250","Ec_N",463,44,44,"Ec",32,1,1,1,1,1,1
"27765","1250","Ec_N",463,45,45,"Ec",32,1,1,1,1,1,1
"27766","1250","Ec_N",463,46,46,"Ec",32,1,1,1,1,1,1
"27767","1250","Ec_N",463,47,47,"Ec",32,1,1,1,1,1,1
"27768","1250","Ec_N",463,48,48,"Ec",32,1,1,1,1,1,1
"27769","1250","Ec_N",463,49,49,"Ec",32,1,1,1,1,1,1
"27770","1250","Ec_N",463,50,50,"Ec",32,1,1,1,1,1,1
"27771","1250","Ec_N",463,51,51,"Ec",32,1,1,1,1,1,1
"27772","1250","Ec_N",463,52,52,"Ec",32,1,1,1,1,1,1
"27773","1250","Ec_N",463,53,53,"Ec",32,1,1,1,1,1,1
"27774","1250","Ec_N",463,54,54,"Ec",32,1,1,1,1,1,1
"27775","1250","Ec_N",463,55,55,"Ec",32,1,1,1,1,1,1
"27776","1250","Ec_N",463,56,56,"Ec",32,1,1,1,1,1,1
"27777","1250","Ec_N",463,57,57,"Ec",32,1,1,1,1,1,1
"27778","1250","Ec_N",463,58,58,"Ec",32,1,1,1,1,1,1
"27779","1250","Ec_N",463,59,59,"Ec",32,1,1,1,1,1,1
"27780","1250","Ec_N",463,60,60,"Ec",32,1,1,1,1,1,1
"27781","1250","Ec_N",464,1,1,"Ec",1,0,0,0,0,0,0
"27782","1250","Ec_N",464,2,2,"Ec",1,0,0,0,0,0,0
"27783","1250","Ec_N",464,3,3,"Ec",1,0,0,0,0,0,0
"27784","1250","Ec_N",464,4,4,"Ec",1,0,0,0,0,0,0
"27785","1250","Ec_N",464,5,5,"Ec",1,0,0,0,0,0,0
"27786","1250","Ec_N",464,6,6,"Ec",1,0,0,0,0,0,0
"27787","1250","Ec_N",464,7,7,"Ec",1,0,0,0,0,0,0
"27788","1250","Ec_N",464,8,8,"Ec",1,0,0,0,0,0,0
"27789","1250","Ec_N",464,9,9,"Ec",2,1,0,0,0,0,0.221012654459768
"27790","1250","Ec_N",464,10,10,"Ec",2,1,0,0,0,0,0.221012654459768
"27791","1250","Ec_N",464,11,11,"Ec",2,1,0,0,0,0,0.221012654459768
"27792","1250","Ec_N",464,12,12,"Ec",10,1,0,0,1,0,0.488758304501343
"27793","1250","Ec_N",464,13,13,"Ec",10,1,0,0,1,0,0.488758304501343
"27794","1250","Ec_N",464,14,14,"Ec",10,1,0,0,1,0,0.488758304501343
"27795","1250","Ec_N",464,15,15,"Ec",10,1,0,0,1,0,0.488758304501343
"27796","1250","Ec_N",464,16,16,"Ec",10,1,0,0,1,0,0.488758304501343
"27797","1250","Ec_N",464,17,17,"Ec",10,1,0,0,1,0,0.488758304501343
"27798","1250","Ec_N",464,18,18,"Ec",10,1,0,0,1,0,0.488758304501343
"27799","1250","Ec_N",464,19,19,"Ec",26,1,0,0,1,1,0.685285928822162
"27800","1250","Ec_N",464,20,20,"Ec",26,1,0,0,1,1,0.685285928822162
"27801","1250","Ec_N",464,21,21,"Ec",26,1,0,0,1,1,0.685285928822162
"27802","1250","Ec_N",464,22,22,"Ec",26,1,0,0,1,1,0.685285928822162
"27803","1250","Ec_N",464,23,23,"Ec",26,1,0,0,1,1,0.685285928822162
"27804","1250","Ec_N",464,24,24,"Ec",26,1,0,0,1,1,0.685285928822162
"27805","1250","Ec_N",464,25,25,"Ec",26,1,0,0,1,1,0.685285928822162
"27806","1250","Ec_N",464,26,26,"Ec",26,1,0,0,1,1,0.685285928822162
"27807","1250","Ec_N",464,27,27,"Ec",26,1,0,0,1,1,0.685285928822162
"27808","1250","Ec_N",464,28,28,"Ec",30,1,0,1,1,1,0.981696467924213
"27809","1250","Ec_N",464,29,29,"Ec",30,1,0,1,1,1,0.981696467924213
"27810","1250","Ec_N",464,30,30,"Ec",30,1,0,1,1,1,0.981696467924213
"27811","1250","Ec_N",464,31,31,"Ec",30,1,0,1,1,1,0.981696467924213
"27812","1250","Ec_N",464,32,32,"Ec",30,1,0,1,1,1,0.981696467924213
"27813","1250","Ec_N",464,33,33,"Ec",30,1,0,1,1,1,0.981696467924213
"27814","1250","Ec_N",464,34,34,"Ec",30,1,0,1,1,1,0.981696467924213
"27815","1250","Ec_N",464,35,35,"Ec",30,1,0,1,1,1,0.981696467924213
"27816","1250","Ec_N",464,36,36,"Ec",30,1,0,1,1,1,0.981696467924213
"27817","1250","Ec_N",464,37,37,"Ec",30,1,0,1,1,1,0.981696467924213
"27818","1250","Ec_N",464,38,38,"Ec",30,1,0,1,1,1,0.981696467924213
"27819","1250","Ec_N",464,39,39,"Ec",30,1,0,1,1,1,0.981696467924213
"27820","1250","Ec_N",464,40,40,"Ec",30,1,0,1,1,1,0.981696467924213
"27821","1250","Ec_N",464,41,41,"Ec",30,1,0,1,1,1,0.981696467924213
"27822","1250","Ec_N",464,42,42,"Ec",30,1,0,1,1,1,0.981696467924213
"27823","1250","Ec_N",464,43,43,"Ec",30,1,0,1,1,1,0.981696467924213
"27824","1250","Ec_N",464,44,44,"Ec",30,1,0,1,1,1,0.981696467924213
"27825","1250","Ec_N",464,45,45,"Ec",30,1,0,1,1,1,0.981696467924213
"27826","1250","Ec_N",464,46,46,"Ec",30,1,0,1,1,1,0.981696467924213
"27827","1250","Ec_N",464,47,47,"Ec",30,1,0,1,1,1,0.981696467924213
"27828","1250","Ec_N",464,48,48,"Ec",30,1,0,1,1,1,0.981696467924213
"27829","1250","Ec_N",464,49,49,"Ec",30,1,0,1,1,1,0.981696467924213
"27830","1250","Ec_N",464,50,50,"Ec",30,1,0,1,1,1,0.981696467924213
"27831","1250","Ec_N",464,51,51,"Ec",30,1,0,1,1,1,0.981696467924213
"27832","1250","Ec_N",464,52,52,"Ec",30,1,0,1,1,1,0.981696467924213
"27833","1250","Ec_N",464,53,53,"Ec",30,1,0,1,1,1,0.981696467924213
"27834","1250","Ec_N",464,54,54,"Ec",30,1,0,1,1,1,0.981696467924213
"27835","1250","Ec_N",464,55,55,"Ec",30,1,0,1,1,1,0.981696467924213
"27836","1250","Ec_N",464,56,56,"Ec",30,1,0,1,1,1,0.981696467924213
"27837","1250","Ec_N",464,57,57,"Ec",30,1,0,1,1,1,0.981696467924213
"27838","1250","Ec_N",464,58,58,"Ec",30,1,0,1,1,1,0.981696467924213
"27839","1250","Ec_N",464,59,59,"Ec",30,1,0,1,1,1,0.981696467924213
"27840","1250","Ec_N",464,60,60,"Ec",30,1,0,1,1,1,0.981696467924213
"27841","1250","Ec_N",465,1,1,"Ec",1,0,0,0,0,0,0
"27842","1250","Ec_N",465,2,2,"Ec",1,0,0,0,0,0,0
"27843","1250","Ec_N",465,3,3,"Ec",1,0,0,0,0,0,0
"27844","1250","Ec_N",465,4,4,"Ec",1,0,0,0,0,0,0
"27845","1250","Ec_N",465,5,5,"Ec",1,0,0,0,0,0,0
"27846","1250","Ec_N",465,6,6,"Ec",9,0,0,0,1,0,0.267745650041575
"27847","1250","Ec_N",465,7,7,"Ec",9,0,0,0,1,0,0.267745650041575
"27848","1250","Ec_N",465,8,8,"Ec",9,0,0,0,1,0,0.267745650041575
"27849","1250","Ec_N",465,9,9,"Ec",13,0,0,1,1,0,0.499809141804299
"27850","1250","Ec_N",465,10,10,"Ec",13,0,0,1,1,0,0.499809141804299
"27851","1250","Ec_N",465,11,11,"Ec",13,0,0,1,1,0,0.499809141804299
"27852","1250","Ec_N",465,12,12,"Ec",13,0,0,1,1,0,0.499809141804299
"27853","1250","Ec_N",465,13,13,"Ec",13,0,0,1,1,0,0.499809141804299
"27854","1250","Ec_N",465,14,14,"Ec",14,1,0,1,1,0,0.720821796264067
"27855","1250","Ec_N",465,15,15,"Ec",14,1,0,1,1,0,0.720821796264067
"27856","1250","Ec_N",465,16,16,"Ec",14,1,0,1,1,0,0.720821796264067
"27857","1250","Ec_N",465,17,17,"Ec",14,1,0,1,1,0,0.720821796264067
"27858","1250","Ec_N",465,18,18,"Ec",14,1,0,1,1,0,0.720821796264067
"27859","1250","Ec_N",465,19,19,"Ec",14,1,0,1,1,0,0.720821796264067
"27860","1250","Ec_N",465,20,20,"Ec",14,1,0,1,1,0,0.720821796264067
"27861","1250","Ec_N",465,21,21,"Ec",14,1,0,1,1,0,0.720821796264067
"27862","1250","Ec_N",465,22,22,"Ec",14,1,0,1,1,0,0.720821796264067
"27863","1250","Ec_N",465,23,23,"Ec",14,1,0,1,1,0,0.720821796264067
"27864","1250","Ec_N",465,24,24,"Ec",14,1,0,1,1,0,0.720821796264067
"27865","1250","Ec_N",465,25,25,"Ec",14,1,0,1,1,0,0.720821796264067
"27866","1250","Ec_N",465,26,26,"Ec",14,1,0,1,1,0,0.720821796264067
"27867","1250","Ec_N",465,27,27,"Ec",14,1,0,1,1,0,0.720821796264067
"27868","1250","Ec_N",465,28,28,"Ec",14,1,0,1,1,0,0.720821796264067
"27869","1250","Ec_N",465,29,29,"Ec",14,1,0,1,1,0,0.720821796264067
"27870","1250","Ec_N",465,30,30,"Ec",30,1,0,1,1,1,0.981696467924213
"27871","1250","Ec_N",465,31,31,"Ec",30,1,0,1,1,1,0.981696467924213
"27872","1250","Ec_N",465,32,32,"Ec",30,1,0,1,1,1,0.981696467924213
"27873","1250","Ec_N",465,33,33,"Ec",30,1,0,1,1,1,0.981696467924213
"27874","1250","Ec_N",465,34,34,"Ec",30,1,0,1,1,1,0.981696467924213
"27875","1250","Ec_N",465,35,35,"Ec",30,1,0,1,1,1,0.981696467924213
"27876","1250","Ec_N",465,36,36,"Ec",30,1,0,1,1,1,0.981696467924213
"27877","1250","Ec_N",465,37,37,"Ec",30,1,0,1,1,1,0.981696467924213
"27878","1250","Ec_N",465,38,38,"Ec",30,1,0,1,1,1,0.981696467924213
"27879","1250","Ec_N",465,39,39,"Ec",30,1,0,1,1,1,0.981696467924213
"27880","1250","Ec_N",465,40,40,"Ec",30,1,0,1,1,1,0.981696467924213
"27881","1250","Ec_N",465,41,41,"Ec",30,1,0,1,1,1,0.981696467924213
"27882","1250","Ec_N",465,42,42,"Ec",30,1,0,1,1,1,0.981696467924213
"27883","1250","Ec_N",465,43,43,"Ec",30,1,0,1,1,1,0.981696467924213
"27884","1250","Ec_N",465,44,44,"Ec",30,1,0,1,1,1,0.981696467924213
"27885","1250","Ec_N",465,45,45,"Ec",30,1,0,1,1,1,0.981696467924213
"27886","1250","Ec_N",465,46,46,"Ec",30,1,0,1,1,1,0.981696467924213
"27887","1250","Ec_N",465,47,47,"Ec",30,1,0,1,1,1,0.981696467924213
"27888","1250","Ec_N",465,48,48,"Ec",32,1,1,1,1,1,1
"27889","1250","Ec_N",465,49,49,"Ec",32,1,1,1,1,1,1
"27890","1250","Ec_N",465,50,50,"Ec",32,1,1,1,1,1,1
"27891","1250","Ec_N",465,51,51,"Ec",32,1,1,1,1,1,1
"27892","1250","Ec_N",465,52,52,"Ec",32,1,1,1,1,1,1
"27893","1250","Ec_N",465,53,53,"Ec",32,1,1,1,1,1,1
"27894","1250","Ec_N",465,54,54,"Ec",32,1,1,1,1,1,1
"27895","1250","Ec_N",465,55,55,"Ec",32,1,1,1,1,1,1
"27896","1250","Ec_N",465,56,56,"Ec",32,1,1,1,1,1,1
"27897","1250","Ec_N",465,57,57,"Ec",32,1,1,1,1,1,1
"27898","1250","Ec_N",465,58,58,"Ec",32,1,1,1,1,1,1
"27899","1250","Ec_N",465,59,59,"Ec",32,1,1,1,1,1,1
"27900","1250","Ec_N",465,60,60,"Ec",32,1,1,1,1,1,1
"27901","1250","Ec_N",466,1,1,"Ec",1,0,0,0,0,0,0
"27902","1250","Ec_N",466,2,2,"Ec",1,0,0,0,0,0,0
"27903","1250","Ec_N",466,3,3,"Ec",1,0,0,0,0,0,0
"27904","1250","Ec_N",466,4,4,"Ec",3,0,1,0,0,0,0.082650579415114
"27905","1250","Ec_N",466,5,5,"Ec",3,0,1,0,0,0,0.082650579415114
"27906","1250","Ec_N",466,6,6,"Ec",7,0,1,1,0,0,0.314714071177838
"27907","1250","Ec_N",466,7,7,"Ec",7,0,1,1,0,0,0.314714071177838
"27908","1250","Ec_N",466,8,8,"Ec",23,0,1,1,0,1,0.511241695498657
"27909","1250","Ec_N",466,9,9,"Ec",23,0,1,1,0,1,0.511241695498657
"27910","1250","Ec_N",466,10,10,"Ec",23,0,1,1,0,1,0.511241695498657
"27911","1250","Ec_N",466,11,11,"Ec",23,0,1,1,0,1,0.511241695498657
"27912","1250","Ec_N",466,12,12,"Ec",23,0,1,1,0,1,0.511241695498657
"27913","1250","Ec_N",466,13,13,"Ec",23,0,1,1,0,1,0.511241695498657
"27914","1250","Ec_N",466,14,14,"Ec",23,0,1,1,0,1,0.511241695498657
"27915","1250","Ec_N",466,15,15,"Ec",23,0,1,1,0,1,0.511241695498657
"27916","1250","Ec_N",466,16,16,"Ec",31,0,1,1,1,1,0.778987345540232
"27917","1250","Ec_N",466,17,17,"Ec",31,0,1,1,1,1,0.778987345540232
"27918","1250","Ec_N",466,18,18,"Ec",31,0,1,1,1,1,0.778987345540232
"27919","1250","Ec_N",466,19,19,"Ec",31,0,1,1,1,1,0.778987345540232
"27920","1250","Ec_N",466,20,20,"Ec",31,0,1,1,1,1,0.778987345540232
"27921","1250","Ec_N",466,21,21,"Ec",31,0,1,1,1,1,0.778987345540232
"27922","1250","Ec_N",466,22,22,"Ec",31,0,1,1,1,1,0.778987345540232
"27923","1250","Ec_N",466,23,23,"Ec",31,0,1,1,1,1,0.778987345540232
"27924","1250","Ec_N",466,24,24,"Ec",31,0,1,1,1,1,0.778987345540232
"27925","1250","Ec_N",466,25,25,"Ec",31,0,1,1,1,1,0.778987345540232
"27926","1250","Ec_N",466,26,26,"Ec",31,0,1,1,1,1,0.778987345540232
"27927","1250","Ec_N",466,27,27,"Ec",31,0,1,1,1,1,0.778987345540232
"27928","1250","Ec_N",466,28,28,"Ec",31,0,1,1,1,1,0.778987345540232
"27929","1250","Ec_N",466,29,29,"Ec",31,0,1,1,1,1,0.778987345540232
"27930","1250","Ec_N",466,30,30,"Ec",31,0,1,1,1,1,0.778987345540232
"27931","1250","Ec_N",466,31,31,"Ec",31,0,1,1,1,1,0.778987345540232
"27932","1250","Ec_N",466,32,32,"Ec",31,0,1,1,1,1,0.778987345540232
"27933","1250","Ec_N",466,33,33,"Ec",31,0,1,1,1,1,0.778987345540232
"27934","1250","Ec_N",466,34,34,"Ec",31,0,1,1,1,1,0.778987345540232
"27935","1250","Ec_N",466,35,35,"Ec",31,0,1,1,1,1,0.778987345540232
"27936","1250","Ec_N",466,36,36,"Ec",31,0,1,1,1,1,0.778987345540232
"27937","1250","Ec_N",466,37,37,"Ec",31,0,1,1,1,1,0.778987345540232
"27938","1250","Ec_N",466,38,38,"Ec",31,0,1,1,1,1,0.778987345540232
"27939","1250","Ec_N",466,39,39,"Ec",31,0,1,1,1,1,0.778987345540232
"27940","1250","Ec_N",466,40,40,"Ec",31,0,1,1,1,1,0.778987345540232
"27941","1250","Ec_N",466,41,41,"Ec",31,0,1,1,1,1,0.778987345540232
"27942","1250","Ec_N",466,42,42,"Ec",31,0,1,1,1,1,0.778987345540232
"27943","1250","Ec_N",466,43,43,"Ec",31,0,1,1,1,1,0.778987345540232
"27944","1250","Ec_N",466,44,44,"Ec",31,0,1,1,1,1,0.778987345540232
"27945","1250","Ec_N",466,45,45,"Ec",32,1,1,1,1,1,1
"27946","1250","Ec_N",466,46,46,"Ec",32,1,1,1,1,1,1
"27947","1250","Ec_N",466,47,47,"Ec",32,1,1,1,1,1,1
"27948","1250","Ec_N",466,48,48,"Ec",32,1,1,1,1,1,1
"27949","1250","Ec_N",466,49,49,"Ec",32,1,1,1,1,1,1
"27950","1250","Ec_N",466,50,50,"Ec",32,1,1,1,1,1,1
"27951","1250","Ec_N",466,51,51,"Ec",32,1,1,1,1,1,1
"27952","1250","Ec_N",466,52,52,"Ec",32,1,1,1,1,1,1
"27953","1250","Ec_N",466,53,53,"Ec",32,1,1,1,1,1,1
"27954","1250","Ec_N",466,54,54,"Ec",32,1,1,1,1,1,1
"27955","1250","Ec_N",466,55,55,"Ec",32,1,1,1,1,1,1
"27956","1250","Ec_N",466,56,56,"Ec",32,1,1,1,1,1,1
"27957","1250","Ec_N",466,57,57,"Ec",32,1,1,1,1,1,1
"27958","1250","Ec_N",466,58,58,"Ec",32,1,1,1,1,1,1
"27959","1250","Ec_N",466,59,59,"Ec",32,1,1,1,1,1,1
"27960","1250","Ec_N",466,60,60,"Ec",32,1,1,1,1,1,1
"27961","1250","Ec_N",467,1,1,"Ec",1,0,0,0,0,0,0
"27962","1250","Ec_N",467,2,2,"Ec",3,0,1,0,0,0,0.082650579415114
"27963","1250","Ec_N",467,3,3,"Ec",7,0,1,1,0,0,0.314714071177838
"27964","1250","Ec_N",467,4,4,"Ec",7,0,1,1,0,0,0.314714071177838
"27965","1250","Ec_N",467,5,5,"Ec",7,0,1,1,0,0,0.314714071177838
"27966","1250","Ec_N",467,6,6,"Ec",7,0,1,1,0,0,0.314714071177838
"27967","1250","Ec_N",467,7,7,"Ec",7,0,1,1,0,0,0.314714071177838
"27968","1250","Ec_N",467,8,8,"Ec",7,0,1,1,0,0,0.314714071177838
"27969","1250","Ec_N",467,9,9,"Ec",7,0,1,1,0,0,0.314714071177838
"27970","1250","Ec_N",467,10,10,"Ec",7,0,1,1,0,0,0.314714071177838
"27971","1250","Ec_N",467,11,11,"Ec",7,0,1,1,0,0,0.314714071177838
"27972","1250","Ec_N",467,12,12,"Ec",7,0,1,1,0,0,0.314714071177838
"27973","1250","Ec_N",467,13,13,"Ec",8,1,1,1,0,0,0.440600849145421
"27974","1250","Ec_N",467,14,14,"Ec",8,1,1,1,0,0,0.440600849145421
"27975","1250","Ec_N",467,15,15,"Ec",8,1,1,1,0,0,0.440600849145421
"27976","1250","Ec_N",467,16,16,"Ec",8,1,1,1,0,0,0.440600849145421
"27977","1250","Ec_N",467,17,17,"Ec",8,1,1,1,0,0,0.440600849145421
"27978","1250","Ec_N",467,18,18,"Ec",16,1,1,1,1,0,0.879284144928883
"27979","1250","Ec_N",467,19,19,"Ec",16,1,1,1,1,0,0.879284144928883
"27980","1250","Ec_N",467,20,20,"Ec",16,1,1,1,1,0,0.879284144928883
"27981","1250","Ec_N",467,21,21,"Ec",16,1,1,1,1,0,0.879284144928883
"27982","1250","Ec_N",467,22,22,"Ec",16,1,1,1,1,0,0.879284144928883
"27983","1250","Ec_N",467,23,23,"Ec",16,1,1,1,1,0,0.879284144928883
"27984","1250","Ec_N",467,24,24,"Ec",16,1,1,1,1,0,0.879284144928883
"27985","1250","Ec_N",467,25,25,"Ec",16,1,1,1,1,0,0.879284144928883
"27986","1250","Ec_N",467,26,26,"Ec",16,1,1,1,1,0,0.879284144928883
"27987","1250","Ec_N",467,27,27,"Ec",16,1,1,1,1,0,0.879284144928883
"27988","1250","Ec_N",467,28,28,"Ec",16,1,1,1,1,0,0.879284144928883
"27989","1250","Ec_N",467,29,29,"Ec",16,1,1,1,1,0,0.879284144928883
"27990","1250","Ec_N",467,30,30,"Ec",16,1,1,1,1,0,0.879284144928883
"27991","1250","Ec_N",467,31,31,"Ec",16,1,1,1,1,0,0.879284144928883
"27992","1250","Ec_N",467,32,32,"Ec",16,1,1,1,1,0,0.879284144928883
"27993","1250","Ec_N",467,33,33,"Ec",16,1,1,1,1,0,0.879284144928883
"27994","1250","Ec_N",467,34,34,"Ec",16,1,1,1,1,0,0.879284144928883
"27995","1250","Ec_N",467,35,35,"Ec",16,1,1,1,1,0,0.879284144928883
"27996","1250","Ec_N",467,36,36,"Ec",16,1,1,1,1,0,0.879284144928883
"27997","1250","Ec_N",467,37,37,"Ec",16,1,1,1,1,0,0.879284144928883
"27998","1250","Ec_N",467,38,38,"Ec",16,1,1,1,1,0,0.879284144928883
"27999","1250","Ec_N",467,39,39,"Ec",16,1,1,1,1,0,0.879284144928883
"28000","1250","Ec_N",467,40,40,"Ec",16,1,1,1,1,0,0.879284144928883
"28001","1250","Ec_N",467,41,41,"Ec",16,1,1,1,1,0,0.879284144928883
"28002","1250","Ec_N",467,42,42,"Ec",16,1,1,1,1,0,0.879284144928883
"28003","1250","Ec_N",467,43,43,"Ec",16,1,1,1,1,0,0.879284144928883
"28004","1250","Ec_N",467,44,44,"Ec",16,1,1,1,1,0,0.879284144928883
"28005","1250","Ec_N",467,45,45,"Ec",16,1,1,1,1,0,0.879284144928883
"28006","1250","Ec_N",467,46,46,"Ec",32,1,1,1,1,1,1
"28007","1250","Ec_N",467,47,47,"Ec",32,1,1,1,1,1,1
"28008","1250","Ec_N",467,48,48,"Ec",32,1,1,1,1,1,1
"28009","1250","Ec_N",467,49,49,"Ec",32,1,1,1,1,1,1
"28010","1250","Ec_N",467,50,50,"Ec",32,1,1,1,1,1,1
"28011","1250","Ec_N",467,51,51,"Ec",32,1,1,1,1,1,1
"28012","1250","Ec_N",467,52,52,"Ec",32,1,1,1,1,1,1
"28013","1250","Ec_N",467,53,53,"Ec",32,1,1,1,1,1,1
"28014","1250","Ec_N",467,54,54,"Ec",32,1,1,1,1,1,1
"28015","1250","Ec_N",467,55,55,"Ec",32,1,1,1,1,1,1
"28016","1250","Ec_N",467,56,56,"Ec",32,1,1,1,1,1,1
"28017","1250","Ec_N",467,57,57,"Ec",32,1,1,1,1,1,1
"28018","1250","Ec_N",467,58,58,"Ec",32,1,1,1,1,1,1
"28019","1250","Ec_N",467,59,59,"Ec",32,1,1,1,1,1,1
"28020","1250","Ec_N",467,60,60,"Ec",32,1,1,1,1,1,1
"28021","1250","Ec_N",468,1,1,"Ec",1,0,0,0,0,0,0
"28022","1250","Ec_N",468,2,2,"Ec",9,0,0,0,1,0,0.267745650041575
"28023","1250","Ec_N",468,3,3,"Ec",13,0,0,1,1,0,0.499809141804299
"28024","1250","Ec_N",468,4,4,"Ec",29,0,0,1,1,1,0.696336766125118
"28025","1250","Ec_N",468,5,5,"Ec",29,0,0,1,1,1,0.696336766125118
"28026","1250","Ec_N",468,6,6,"Ec",29,0,0,1,1,1,0.696336766125118
"28027","1250","Ec_N",468,7,7,"Ec",29,0,0,1,1,1,0.696336766125118
"28028","1250","Ec_N",468,8,8,"Ec",30,1,0,1,1,1,0.981696467924213
"28029","1250","Ec_N",468,9,9,"Ec",30,1,0,1,1,1,0.981696467924213
"28030","1250","Ec_N",468,10,10,"Ec",30,1,0,1,1,1,0.981696467924213
"28031","1250","Ec_N",468,11,11,"Ec",30,1,0,1,1,1,0.981696467924213
"28032","1250","Ec_N",468,12,12,"Ec",30,1,0,1,1,1,0.981696467924213
"28033","1250","Ec_N",468,13,13,"Ec",30,1,0,1,1,1,0.981696467924213
"28034","1250","Ec_N",468,14,14,"Ec",30,1,0,1,1,1,0.981696467924213
"28035","1250","Ec_N",468,15,15,"Ec",30,1,0,1,1,1,0.981696467924213
"28036","1250","Ec_N",468,16,16,"Ec",30,1,0,1,1,1,0.981696467924213
"28037","1250","Ec_N",468,17,17,"Ec",30,1,0,1,1,1,0.981696467924213
"28038","1250","Ec_N",468,18,18,"Ec",32,1,1,1,1,1,1
"28039","1250","Ec_N",468,19,19,"Ec",32,1,1,1,1,1,1
"28040","1250","Ec_N",468,20,20,"Ec",32,1,1,1,1,1,1
"28041","1250","Ec_N",468,21,21,"Ec",32,1,1,1,1,1,1
"28042","1250","Ec_N",468,22,22,"Ec",32,1,1,1,1,1,1
"28043","1250","Ec_N",468,23,23,"Ec",32,1,1,1,1,1,1
"28044","1250","Ec_N",468,24,24,"Ec",32,1,1,1,1,1,1
"28045","1250","Ec_N",468,25,25,"Ec",32,1,1,1,1,1,1
"28046","1250","Ec_N",468,26,26,"Ec",32,1,1,1,1,1,1
"28047","1250","Ec_N",468,27,27,"Ec",32,1,1,1,1,1,1
"28048","1250","Ec_N",468,28,28,"Ec",32,1,1,1,1,1,1
"28049","1250","Ec_N",468,29,29,"Ec",32,1,1,1,1,1,1
"28050","1250","Ec_N",468,30,30,"Ec",32,1,1,1,1,1,1
"28051","1250","Ec_N",468,31,31,"Ec",32,1,1,1,1,1,1
"28052","1250","Ec_N",468,32,32,"Ec",32,1,1,1,1,1,1
"28053","1250","Ec_N",468,33,33,"Ec",32,1,1,1,1,1,1
"28054","1250","Ec_N",468,34,34,"Ec",32,1,1,1,1,1,1
"28055","1250","Ec_N",468,35,35,"Ec",32,1,1,1,1,1,1
"28056","1250","Ec_N",468,36,36,"Ec",32,1,1,1,1,1,1
"28057","1250","Ec_N",468,37,37,"Ec",32,1,1,1,1,1,1
"28058","1250","Ec_N",468,38,38,"Ec",32,1,1,1,1,1,1
"28059","1250","Ec_N",468,39,39,"Ec",32,1,1,1,1,1,1
"28060","1250","Ec_N",468,40,40,"Ec",32,1,1,1,1,1,1
"28061","1250","Ec_N",468,41,41,"Ec",32,1,1,1,1,1,1
"28062","1250","Ec_N",468,42,42,"Ec",32,1,1,1,1,1,1
"28063","1250","Ec_N",468,43,43,"Ec",32,1,1,1,1,1,1
"28064","1250","Ec_N",468,44,44,"Ec",32,1,1,1,1,1,1
"28065","1250","Ec_N",468,45,45,"Ec",32,1,1,1,1,1,1
"28066","1250","Ec_N",468,46,46,"Ec",32,1,1,1,1,1,1
"28067","1250","Ec_N",468,47,47,"Ec",32,1,1,1,1,1,1
"28068","1250","Ec_N",468,48,48,"Ec",32,1,1,1,1,1,1
"28069","1250","Ec_N",468,49,49,"Ec",32,1,1,1,1,1,1
"28070","1250","Ec_N",468,50,50,"Ec",32,1,1,1,1,1,1
"28071","1250","Ec_N",468,51,51,"Ec",32,1,1,1,1,1,1
"28072","1250","Ec_N",468,52,52,"Ec",32,1,1,1,1,1,1
"28073","1250","Ec_N",468,53,53,"Ec",32,1,1,1,1,1,1
"28074","1250","Ec_N",468,54,54,"Ec",32,1,1,1,1,1,1
"28075","1250","Ec_N",468,55,55,"Ec",32,1,1,1,1,1,1
"28076","1250","Ec_N",468,56,56,"Ec",32,1,1,1,1,1,1
"28077","1250","Ec_N",468,57,57,"Ec",32,1,1,1,1,1,1
"28078","1250","Ec_N",468,58,58,"Ec",32,1,1,1,1,1,1
"28079","1250","Ec_N",468,59,59,"Ec",32,1,1,1,1,1,1
"28080","1250","Ec_N",468,60,60,"Ec",32,1,1,1,1,1,1
"28081","1250","Ec_N",469,1,1,"Ec",1,0,0,0,0,0,0
"28082","1250","Ec_N",469,2,2,"Ec",5,0,0,1,0,0,0.232063491762724
"28083","1250","Ec_N",469,3,3,"Ec",5,0,0,1,0,0,0.232063491762724
"28084","1250","Ec_N",469,4,4,"Ec",5,0,0,1,0,0,0.232063491762724
"28085","1250","Ec_N",469,5,5,"Ec",5,0,0,1,0,0,0.232063491762724
"28086","1250","Ec_N",469,6,6,"Ec",5,0,0,1,0,0,0.232063491762724
"28087","1250","Ec_N",469,7,7,"Ec",21,0,0,1,0,1,0.428591116083543
"28088","1250","Ec_N",469,8,8,"Ec",21,0,0,1,0,1,0.428591116083543
"28089","1250","Ec_N",469,9,9,"Ec",21,0,0,1,0,1,0.428591116083543
"28090","1250","Ec_N",469,10,10,"Ec",21,0,0,1,0,1,0.428591116083543
"28091","1250","Ec_N",469,11,11,"Ec",21,0,0,1,0,1,0.428591116083543
"28092","1250","Ec_N",469,12,12,"Ec",21,0,0,1,0,1,0.428591116083543
"28093","1250","Ec_N",469,13,13,"Ec",21,0,0,1,0,1,0.428591116083543
"28094","1250","Ec_N",469,14,14,"Ec",21,0,0,1,0,1,0.428591116083543
"28095","1250","Ec_N",469,15,15,"Ec",21,0,0,1,0,1,0.428591116083543
"28096","1250","Ec_N",469,16,16,"Ec",21,0,0,1,0,1,0.428591116083543
"28097","1250","Ec_N",469,17,17,"Ec",21,0,0,1,0,1,0.428591116083543
"28098","1250","Ec_N",469,18,18,"Ec",21,0,0,1,0,1,0.428591116083543
"28099","1250","Ec_N",469,19,19,"Ec",21,0,0,1,0,1,0.428591116083543
"28100","1250","Ec_N",469,20,20,"Ec",21,0,0,1,0,1,0.428591116083543
"28101","1250","Ec_N",469,21,21,"Ec",21,0,0,1,0,1,0.428591116083543
"28102","1250","Ec_N",469,22,22,"Ec",21,0,0,1,0,1,0.428591116083543
"28103","1250","Ec_N",469,23,23,"Ec",21,0,0,1,0,1,0.428591116083543
"28104","1250","Ec_N",469,24,24,"Ec",21,0,0,1,0,1,0.428591116083543
"28105","1250","Ec_N",469,25,25,"Ec",21,0,0,1,0,1,0.428591116083543
"28106","1250","Ec_N",469,26,26,"Ec",21,0,0,1,0,1,0.428591116083543
"28107","1250","Ec_N",469,27,27,"Ec",21,0,0,1,0,1,0.428591116083543
"28108","1250","Ec_N",469,28,28,"Ec",21,0,0,1,0,1,0.428591116083543
"28109","1250","Ec_N",469,29,29,"Ec",21,0,0,1,0,1,0.428591116083543
"28110","1250","Ec_N",469,30,30,"Ec",21,0,0,1,0,1,0.428591116083543
"28111","1250","Ec_N",469,31,31,"Ec",21,0,0,1,0,1,0.428591116083543
"28112","1250","Ec_N",469,32,32,"Ec",21,0,0,1,0,1,0.428591116083543
"28113","1250","Ec_N",469,33,33,"Ec",21,0,0,1,0,1,0.428591116083543
"28114","1250","Ec_N",469,34,34,"Ec",21,0,0,1,0,1,0.428591116083543
"28115","1250","Ec_N",469,35,35,"Ec",21,0,0,1,0,1,0.428591116083543
"28116","1250","Ec_N",469,36,36,"Ec",21,0,0,1,0,1,0.428591116083543
"28117","1250","Ec_N",469,37,37,"Ec",21,0,0,1,0,1,0.428591116083543
"28118","1250","Ec_N",469,38,38,"Ec",21,0,0,1,0,1,0.428591116083543
"28119","1250","Ec_N",469,39,39,"Ec",22,1,0,1,0,1,0.649603770543311
"28120","1250","Ec_N",469,40,40,"Ec",22,1,0,1,0,1,0.649603770543311
"28121","1250","Ec_N",469,41,41,"Ec",22,1,0,1,0,1,0.649603770543311
"28122","1250","Ec_N",469,42,42,"Ec",22,1,0,1,0,1,0.649603770543311
"28123","1250","Ec_N",469,43,43,"Ec",22,1,0,1,0,1,0.649603770543311
"28124","1250","Ec_N",469,44,44,"Ec",30,1,0,1,1,1,0.981696467924213
"28125","1250","Ec_N",469,45,45,"Ec",30,1,0,1,1,1,0.981696467924213
"28126","1250","Ec_N",469,46,46,"Ec",30,1,0,1,1,1,0.981696467924213
"28127","1250","Ec_N",469,47,47,"Ec",30,1,0,1,1,1,0.981696467924213
"28128","1250","Ec_N",469,48,48,"Ec",30,1,0,1,1,1,0.981696467924213
"28129","1250","Ec_N",469,49,49,"Ec",30,1,0,1,1,1,0.981696467924213
"28130","1250","Ec_N",469,50,50,"Ec",30,1,0,1,1,1,0.981696467924213
"28131","1250","Ec_N",469,51,51,"Ec",32,1,1,1,1,1,1
"28132","1250","Ec_N",469,52,52,"Ec",32,1,1,1,1,1,1
"28133","1250","Ec_N",469,53,53,"Ec",32,1,1,1,1,1,1
"28134","1250","Ec_N",469,54,54,"Ec",32,1,1,1,1,1,1
"28135","1250","Ec_N",469,55,55,"Ec",32,1,1,1,1,1,1
"28136","1250","Ec_N",469,56,56,"Ec",32,1,1,1,1,1,1
"28137","1250","Ec_N",469,57,57,"Ec",32,1,1,1,1,1,1
"28138","1250","Ec_N",469,58,58,"Ec",32,1,1,1,1,1,1
"28139","1250","Ec_N",469,59,59,"Ec",32,1,1,1,1,1,1
"28140","1250","Ec_N",469,60,60,"Ec",32,1,1,1,1,1,1
"28141","1250","Ec_N",470,1,1,"Ec",1,0,0,0,0,0,0
"28142","1250","Ec_N",470,2,2,"Ec",1,0,0,0,0,0,0
"28143","1250","Ec_N",470,3,3,"Ec",1,0,0,0,0,0,0
"28144","1250","Ec_N",470,4,4,"Ec",2,1,0,0,0,0,0.221012654459768
"28145","1250","Ec_N",470,5,5,"Ec",2,1,0,0,0,0,0.221012654459768
"28146","1250","Ec_N",470,6,6,"Ec",4,1,1,0,0,0,0.303663233874882
"28147","1250","Ec_N",470,7,7,"Ec",4,1,1,0,0,0,0.303663233874882
"28148","1250","Ec_N",470,8,8,"Ec",4,1,1,0,0,0,0.303663233874882
"28149","1250","Ec_N",470,9,9,"Ec",4,1,1,0,0,0,0.303663233874882
"28150","1250","Ec_N",470,10,10,"Ec",12,1,1,0,1,0,0.552627762799163
"28151","1250","Ec_N",470,11,11,"Ec",12,1,1,0,1,0,0.552627762799163
"28152","1250","Ec_N",470,12,12,"Ec",12,1,1,0,1,0,0.552627762799163
"28153","1250","Ec_N",470,13,13,"Ec",12,1,1,0,1,0,0.552627762799163
"28154","1250","Ec_N",470,14,14,"Ec",12,1,1,0,1,0,0.552627762799163
"28155","1250","Ec_N",470,15,15,"Ec",12,1,1,0,1,0,0.552627762799163
"28156","1250","Ec_N",470,16,16,"Ec",12,1,1,0,1,0,0.552627762799163
"28157","1250","Ec_N",470,17,17,"Ec",12,1,1,0,1,0,0.552627762799163
"28158","1250","Ec_N",470,18,18,"Ec",12,1,1,0,1,0,0.552627762799163
"28159","1250","Ec_N",470,19,19,"Ec",12,1,1,0,1,0,0.552627762799163
"28160","1250","Ec_N",470,20,20,"Ec",12,1,1,0,1,0,0.552627762799163
"28161","1250","Ec_N",470,21,21,"Ec",12,1,1,0,1,0,0.552627762799163
"28162","1250","Ec_N",470,22,22,"Ec",28,1,1,0,1,1,0.770762719311211
"28163","1250","Ec_N",470,23,23,"Ec",28,1,1,0,1,1,0.770762719311211
"28164","1250","Ec_N",470,24,24,"Ec",28,1,1,0,1,1,0.770762719311211
"28165","1250","Ec_N",470,25,25,"Ec",28,1,1,0,1,1,0.770762719311211
"28166","1250","Ec_N",470,26,26,"Ec",28,1,1,0,1,1,0.770762719311211
"28167","1250","Ec_N",470,27,27,"Ec",28,1,1,0,1,1,0.770762719311211
"28168","1250","Ec_N",470,28,28,"Ec",28,1,1,0,1,1,0.770762719311211
"28169","1250","Ec_N",470,29,29,"Ec",28,1,1,0,1,1,0.770762719311211
"28170","1250","Ec_N",470,30,30,"Ec",28,1,1,0,1,1,0.770762719311211
"28171","1250","Ec_N",470,31,31,"Ec",28,1,1,0,1,1,0.770762719311211
"28172","1250","Ec_N",470,32,32,"Ec",28,1,1,0,1,1,0.770762719311211
"28173","1250","Ec_N",470,33,33,"Ec",28,1,1,0,1,1,0.770762719311211
"28174","1250","Ec_N",470,34,34,"Ec",32,1,1,1,1,1,1
"28175","1250","Ec_N",470,35,35,"Ec",32,1,1,1,1,1,1
"28176","1250","Ec_N",470,36,36,"Ec",32,1,1,1,1,1,1
"28177","1250","Ec_N",470,37,37,"Ec",32,1,1,1,1,1,1
"28178","1250","Ec_N",470,38,38,"Ec",32,1,1,1,1,1,1
"28179","1250","Ec_N",470,39,39,"Ec",32,1,1,1,1,1,1
"28180","1250","Ec_N",470,40,40,"Ec",32,1,1,1,1,1,1
"28181","1250","Ec_N",470,41,41,"Ec",32,1,1,1,1,1,1
"28182","1250","Ec_N",470,42,42,"Ec",32,1,1,1,1,1,1
"28183","1250","Ec_N",470,43,43,"Ec",32,1,1,1,1,1,1
"28184","1250","Ec_N",470,44,44,"Ec",32,1,1,1,1,1,1
"28185","1250","Ec_N",470,45,45,"Ec",32,1,1,1,1,1,1
"28186","1250","Ec_N",470,46,46,"Ec",32,1,1,1,1,1,1
"28187","1250","Ec_N",470,47,47,"Ec",32,1,1,1,1,1,1
"28188","1250","Ec_N",470,48,48,"Ec",32,1,1,1,1,1,1
"28189","1250","Ec_N",470,49,49,"Ec",32,1,1,1,1,1,1
"28190","1250","Ec_N",470,50,50,"Ec",32,1,1,1,1,1,1
"28191","1250","Ec_N",470,51,51,"Ec",32,1,1,1,1,1,1
"28192","1250","Ec_N",470,52,52,"Ec",32,1,1,1,1,1,1
"28193","1250","Ec_N",470,53,53,"Ec",32,1,1,1,1,1,1
"28194","1250","Ec_N",470,54,54,"Ec",32,1,1,1,1,1,1
"28195","1250","Ec_N",470,55,55,"Ec",32,1,1,1,1,1,1
"28196","1250","Ec_N",470,56,56,"Ec",32,1,1,1,1,1,1
"28197","1250","Ec_N",470,57,57,"Ec",32,1,1,1,1,1,1
"28198","1250","Ec_N",470,58,58,"Ec",32,1,1,1,1,1,1
"28199","1250","Ec_N",470,59,59,"Ec",32,1,1,1,1,1,1
"28200","1250","Ec_N",470,60,60,"Ec",32,1,1,1,1,1,1
"28201","1250","Ec_N",471,1,1,"Ec",1,0,0,0,0,0,0
"28202","1250","Ec_N",471,2,2,"Ec",2,1,0,0,0,0,0.221012654459768
"28203","1250","Ec_N",471,3,3,"Ec",2,1,0,0,0,0,0.221012654459768
"28204","1250","Ec_N",471,4,4,"Ec",2,1,0,0,0,0,0.221012654459768
"28205","1250","Ec_N",471,5,5,"Ec",2,1,0,0,0,0,0.221012654459768
"28206","1250","Ec_N",471,6,6,"Ec",2,1,0,0,0,0,0.221012654459768
"28207","1250","Ec_N",471,7,7,"Ec",2,1,0,0,0,0,0.221012654459768
"28208","1250","Ec_N",471,8,8,"Ec",2,1,0,0,0,0,0.221012654459768
"28209","1250","Ec_N",471,9,9,"Ec",2,1,0,0,0,0,0.221012654459768
"28210","1250","Ec_N",471,10,10,"Ec",2,1,0,0,0,0,0.221012654459768
"28211","1250","Ec_N",471,11,11,"Ec",2,1,0,0,0,0,0.221012654459768
"28212","1250","Ec_N",471,12,12,"Ec",2,1,0,0,0,0,0.221012654459768
"28213","1250","Ec_N",471,13,13,"Ec",2,1,0,0,0,0,0.221012654459768
"28214","1250","Ec_N",471,14,14,"Ec",2,1,0,0,0,0,0.221012654459768
"28215","1250","Ec_N",471,15,15,"Ec",2,1,0,0,0,0,0.221012654459768
"28216","1250","Ec_N",471,16,16,"Ec",2,1,0,0,0,0,0.221012654459768
"28217","1250","Ec_N",471,17,17,"Ec",2,1,0,0,0,0,0.221012654459768
"28218","1250","Ec_N",471,18,18,"Ec",2,1,0,0,0,0,0.221012654459768
"28219","1250","Ec_N",471,19,19,"Ec",2,1,0,0,0,0,0.221012654459768
"28220","1250","Ec_N",471,20,20,"Ec",2,1,0,0,0,0,0.221012654459768
"28221","1250","Ec_N",471,21,21,"Ec",2,1,0,0,0,0,0.221012654459768
"28222","1250","Ec_N",471,22,22,"Ec",2,1,0,0,0,0,0.221012654459768
"28223","1250","Ec_N",471,23,23,"Ec",2,1,0,0,0,0,0.221012654459768
"28224","1250","Ec_N",471,24,24,"Ec",2,1,0,0,0,0,0.221012654459768
"28225","1250","Ec_N",471,25,25,"Ec",2,1,0,0,0,0,0.221012654459768
"28226","1250","Ec_N",471,26,26,"Ec",2,1,0,0,0,0,0.221012654459768
"28227","1250","Ec_N",471,27,27,"Ec",2,1,0,0,0,0,0.221012654459768
"28228","1250","Ec_N",471,28,28,"Ec",2,1,0,0,0,0,0.221012654459768
"28229","1250","Ec_N",471,29,29,"Ec",2,1,0,0,0,0,0.221012654459768
"28230","1250","Ec_N",471,30,30,"Ec",2,1,0,0,0,0,0.221012654459768
"28231","1250","Ec_N",471,31,31,"Ec",2,1,0,0,0,0,0.221012654459768
"28232","1250","Ec_N",471,32,32,"Ec",10,1,0,0,1,0,0.488758304501343
"28233","1250","Ec_N",471,33,33,"Ec",10,1,0,0,1,0,0.488758304501343
"28234","1250","Ec_N",471,34,34,"Ec",10,1,0,0,1,0,0.488758304501343
"28235","1250","Ec_N",471,35,35,"Ec",10,1,0,0,1,0,0.488758304501343
"28236","1250","Ec_N",471,36,36,"Ec",10,1,0,0,1,0,0.488758304501343
"28237","1250","Ec_N",471,37,37,"Ec",10,1,0,0,1,0,0.488758304501343
"28238","1250","Ec_N",471,38,38,"Ec",10,1,0,0,1,0,0.488758304501343
"28239","1250","Ec_N",471,39,39,"Ec",10,1,0,0,1,0,0.488758304501343
"28240","1250","Ec_N",471,40,40,"Ec",10,1,0,0,1,0,0.488758304501343
"28241","1250","Ec_N",471,41,41,"Ec",10,1,0,0,1,0,0.488758304501343
"28242","1250","Ec_N",471,42,42,"Ec",10,1,0,0,1,0,0.488758304501343
"28243","1250","Ec_N",471,43,43,"Ec",10,1,0,0,1,0,0.488758304501343
"28244","1250","Ec_N",471,44,44,"Ec",10,1,0,0,1,0,0.488758304501343
"28245","1250","Ec_N",471,45,45,"Ec",10,1,0,0,1,0,0.488758304501343
"28246","1250","Ec_N",471,46,46,"Ec",10,1,0,0,1,0,0.488758304501343
"28247","1250","Ec_N",471,47,47,"Ec",10,1,0,0,1,0,0.488758304501343
"28248","1250","Ec_N",471,48,48,"Ec",10,1,0,0,1,0,0.488758304501343
"28249","1250","Ec_N",471,49,49,"Ec",14,1,0,1,1,0,0.720821796264067
"28250","1250","Ec_N",471,50,50,"Ec",14,1,0,1,1,0,0.720821796264067
"28251","1250","Ec_N",471,51,51,"Ec",14,1,0,1,1,0,0.720821796264067
"28252","1250","Ec_N",471,52,52,"Ec",14,1,0,1,1,0,0.720821796264067
"28253","1250","Ec_N",471,53,53,"Ec",14,1,0,1,1,0,0.720821796264067
"28254","1250","Ec_N",471,54,54,"Ec",14,1,0,1,1,0,0.720821796264067
"28255","1250","Ec_N",471,55,55,"Ec",14,1,0,1,1,0,0.720821796264067
"28256","1250","Ec_N",471,56,56,"Ec",14,1,0,1,1,0,0.720821796264067
"28257","1250","Ec_N",471,57,57,"Ec",14,1,0,1,1,0,0.720821796264067
"28258","1250","Ec_N",471,58,58,"Ec",14,1,0,1,1,0,0.720821796264067
"28259","1250","Ec_N",471,59,59,"Ec",14,1,0,1,1,0,0.720821796264067
"28260","1250","Ec_N",471,60,60,"Ec",14,1,0,1,1,0,0.720821796264067
"28261","1250","Ec_N",472,1,1,"Ec",1,0,0,0,0,0,0
"28262","1250","Ec_N",472,2,2,"Ec",17,0,0,0,0,1,0.14692246949649
"28263","1250","Ec_N",472,3,3,"Ec",17,0,0,0,0,1,0.14692246949649
"28264","1250","Ec_N",472,4,4,"Ec",25,0,0,0,1,1,0.464273274362394
"28265","1250","Ec_N",472,5,5,"Ec",25,0,0,0,1,1,0.464273274362394
"28266","1250","Ec_N",472,6,6,"Ec",25,0,0,0,1,1,0.464273274362394
"28267","1250","Ec_N",472,7,7,"Ec",25,0,0,0,1,1,0.464273274362394
"28268","1250","Ec_N",472,8,8,"Ec",25,0,0,0,1,1,0.464273274362394
"28269","1250","Ec_N",472,9,9,"Ec",25,0,0,0,1,1,0.464273274362394
"28270","1250","Ec_N",472,10,10,"Ec",25,0,0,0,1,1,0.464273274362394
"28271","1250","Ec_N",472,11,11,"Ec",25,0,0,0,1,1,0.464273274362394
"28272","1250","Ec_N",472,12,12,"Ec",26,1,0,0,1,1,0.685285928822162
"28273","1250","Ec_N",472,13,13,"Ec",26,1,0,0,1,1,0.685285928822162
"28274","1250","Ec_N",472,14,14,"Ec",26,1,0,0,1,1,0.685285928822162
"28275","1250","Ec_N",472,15,15,"Ec",30,1,0,1,1,1,0.981696467924213
"28276","1250","Ec_N",472,16,16,"Ec",30,1,0,1,1,1,0.981696467924213
"28277","1250","Ec_N",472,17,17,"Ec",30,1,0,1,1,1,0.981696467924213
"28278","1250","Ec_N",472,18,18,"Ec",30,1,0,1,1,1,0.981696467924213
"28279","1250","Ec_N",472,19,19,"Ec",30,1,0,1,1,1,0.981696467924213
"28280","1250","Ec_N",472,20,20,"Ec",30,1,0,1,1,1,0.981696467924213
"28281","1250","Ec_N",472,21,21,"Ec",30,1,0,1,1,1,0.981696467924213
"28282","1250","Ec_N",472,22,22,"Ec",30,1,0,1,1,1,0.981696467924213
"28283","1250","Ec_N",472,23,23,"Ec",30,1,0,1,1,1,0.981696467924213
"28284","1250","Ec_N",472,24,24,"Ec",30,1,0,1,1,1,0.981696467924213
"28285","1250","Ec_N",472,25,25,"Ec",30,1,0,1,1,1,0.981696467924213
"28286","1250","Ec_N",472,26,26,"Ec",30,1,0,1,1,1,0.981696467924213
"28287","1250","Ec_N",472,27,27,"Ec",30,1,0,1,1,1,0.981696467924213
"28288","1250","Ec_N",472,28,28,"Ec",30,1,0,1,1,1,0.981696467924213
"28289","1250","Ec_N",472,29,29,"Ec",30,1,0,1,1,1,0.981696467924213
"28290","1250","Ec_N",472,30,30,"Ec",30,1,0,1,1,1,0.981696467924213
"28291","1250","Ec_N",472,31,31,"Ec",30,1,0,1,1,1,0.981696467924213
"28292","1250","Ec_N",472,32,32,"Ec",30,1,0,1,1,1,0.981696467924213
"28293","1250","Ec_N",472,33,33,"Ec",30,1,0,1,1,1,0.981696467924213
"28294","1250","Ec_N",472,34,34,"Ec",30,1,0,1,1,1,0.981696467924213
"28295","1250","Ec_N",472,35,35,"Ec",30,1,0,1,1,1,0.981696467924213
"28296","1250","Ec_N",472,36,36,"Ec",30,1,0,1,1,1,0.981696467924213
"28297","1250","Ec_N",472,37,37,"Ec",30,1,0,1,1,1,0.981696467924213
"28298","1250","Ec_N",472,38,38,"Ec",30,1,0,1,1,1,0.981696467924213
"28299","1250","Ec_N",472,39,39,"Ec",30,1,0,1,1,1,0.981696467924213
"28300","1250","Ec_N",472,40,40,"Ec",30,1,0,1,1,1,0.981696467924213
"28301","1250","Ec_N",472,41,41,"Ec",30,1,0,1,1,1,0.981696467924213
"28302","1250","Ec_N",472,42,42,"Ec",30,1,0,1,1,1,0.981696467924213
"28303","1250","Ec_N",472,43,43,"Ec",30,1,0,1,1,1,0.981696467924213
"28304","1250","Ec_N",472,44,44,"Ec",30,1,0,1,1,1,0.981696467924213
"28305","1250","Ec_N",472,45,45,"Ec",30,1,0,1,1,1,0.981696467924213
"28306","1250","Ec_N",472,46,46,"Ec",30,1,0,1,1,1,0.981696467924213
"28307","1250","Ec_N",472,47,47,"Ec",30,1,0,1,1,1,0.981696467924213
"28308","1250","Ec_N",472,48,48,"Ec",30,1,0,1,1,1,0.981696467924213
"28309","1250","Ec_N",472,49,49,"Ec",30,1,0,1,1,1,0.981696467924213
"28310","1250","Ec_N",472,50,50,"Ec",30,1,0,1,1,1,0.981696467924213
"28311","1250","Ec_N",472,51,51,"Ec",30,1,0,1,1,1,0.981696467924213
"28312","1250","Ec_N",472,52,52,"Ec",30,1,0,1,1,1,0.981696467924213
"28313","1250","Ec_N",472,53,53,"Ec",32,1,1,1,1,1,1
"28314","1250","Ec_N",472,54,54,"Ec",32,1,1,1,1,1,1
"28315","1250","Ec_N",472,55,55,"Ec",32,1,1,1,1,1,1
"28316","1250","Ec_N",472,56,56,"Ec",32,1,1,1,1,1,1
"28317","1250","Ec_N",472,57,57,"Ec",32,1,1,1,1,1,1
"28318","1250","Ec_N",472,58,58,"Ec",32,1,1,1,1,1,1
"28319","1250","Ec_N",472,59,59,"Ec",32,1,1,1,1,1,1
"28320","1250","Ec_N",472,60,60,"Ec",32,1,1,1,1,1,1
"28321","1250","Ec_N",473,1,1,"Ec",1,0,0,0,0,0,0
"28322","1250","Ec_N",473,2,2,"Ec",1,0,0,0,0,0,0
"28323","1250","Ec_N",473,3,3,"Ec",1,0,0,0,0,0,0
"28324","1250","Ec_N",473,4,4,"Ec",1,0,0,0,0,0,0
"28325","1250","Ec_N",473,5,5,"Ec",1,0,0,0,0,0,0
"28326","1250","Ec_N",473,6,6,"Ec",1,0,0,0,0,0,0
"28327","1250","Ec_N",473,7,7,"Ec",1,0,0,0,0,0,0
"28328","1250","Ec_N",473,8,8,"Ec",1,0,0,0,0,0,0
"28329","1250","Ec_N",473,9,9,"Ec",1,0,0,0,0,0,0
"28330","1250","Ec_N",473,10,10,"Ec",9,0,0,0,1,0,0.267745650041575
"28331","1250","Ec_N",473,11,11,"Ec",13,0,0,1,1,0,0.499809141804299
"28332","1250","Ec_N",473,12,12,"Ec",13,0,0,1,1,0,0.499809141804299
"28333","1250","Ec_N",473,13,13,"Ec",13,0,0,1,1,0,0.499809141804299
"28334","1250","Ec_N",473,14,14,"Ec",13,0,0,1,1,0,0.499809141804299
"28335","1250","Ec_N",473,15,15,"Ec",13,0,0,1,1,0,0.499809141804299
"28336","1250","Ec_N",473,16,16,"Ec",13,0,0,1,1,0,0.499809141804299
"28337","1250","Ec_N",473,17,17,"Ec",15,0,1,1,1,0,0.582459721219413
"28338","1250","Ec_N",473,18,18,"Ec",15,0,1,1,1,0,0.582459721219413
"28339","1250","Ec_N",473,19,19,"Ec",15,0,1,1,1,0,0.582459721219413
"28340","1250","Ec_N",473,20,20,"Ec",15,0,1,1,1,0,0.582459721219413
"28341","1250","Ec_N",473,21,21,"Ec",15,0,1,1,1,0,0.582459721219413
"28342","1250","Ec_N",473,22,22,"Ec",15,0,1,1,1,0,0.582459721219413
"28343","1250","Ec_N",473,23,23,"Ec",31,0,1,1,1,1,0.778987345540232
"28344","1250","Ec_N",473,24,24,"Ec",31,0,1,1,1,1,0.778987345540232
"28345","1250","Ec_N",473,25,25,"Ec",31,0,1,1,1,1,0.778987345540232
"28346","1250","Ec_N",473,26,26,"Ec",31,0,1,1,1,1,0.778987345540232
"28347","1250","Ec_N",473,27,27,"Ec",31,0,1,1,1,1,0.778987345540232
"28348","1250","Ec_N",473,28,28,"Ec",31,0,1,1,1,1,0.778987345540232
"28349","1250","Ec_N",473,29,29,"Ec",31,0,1,1,1,1,0.778987345540232
"28350","1250","Ec_N",473,30,30,"Ec",31,0,1,1,1,1,0.778987345540232
"28351","1250","Ec_N",473,31,31,"Ec",31,0,1,1,1,1,0.778987345540232
"28352","1250","Ec_N",473,32,32,"Ec",31,0,1,1,1,1,0.778987345540232
"28353","1250","Ec_N",473,33,33,"Ec",31,0,1,1,1,1,0.778987345540232
"28354","1250","Ec_N",473,34,34,"Ec",31,0,1,1,1,1,0.778987345540232
"28355","1250","Ec_N",473,35,35,"Ec",31,0,1,1,1,1,0.778987345540232
"28356","1250","Ec_N",473,36,36,"Ec",31,0,1,1,1,1,0.778987345540232
"28357","1250","Ec_N",473,37,37,"Ec",31,0,1,1,1,1,0.778987345540232
"28358","1250","Ec_N",473,38,38,"Ec",32,1,1,1,1,1,1
"28359","1250","Ec_N",473,39,39,"Ec",32,1,1,1,1,1,1
"28360","1250","Ec_N",473,40,40,"Ec",32,1,1,1,1,1,1
"28361","1250","Ec_N",473,41,41,"Ec",32,1,1,1,1,1,1
"28362","1250","Ec_N",473,42,42,"Ec",32,1,1,1,1,1,1
"28363","1250","Ec_N",473,43,43,"Ec",32,1,1,1,1,1,1
"28364","1250","Ec_N",473,44,44,"Ec",32,1,1,1,1,1,1
"28365","1250","Ec_N",473,45,45,"Ec",32,1,1,1,1,1,1
"28366","1250","Ec_N",473,46,46,"Ec",32,1,1,1,1,1,1
"28367","1250","Ec_N",473,47,47,"Ec",32,1,1,1,1,1,1
"28368","1250","Ec_N",473,48,48,"Ec",32,1,1,1,1,1,1
"28369","1250","Ec_N",473,49,49,"Ec",32,1,1,1,1,1,1
"28370","1250","Ec_N",473,50,50,"Ec",32,1,1,1,1,1,1
"28371","1250","Ec_N",473,51,51,"Ec",32,1,1,1,1,1,1
"28372","1250","Ec_N",473,52,52,"Ec",32,1,1,1,1,1,1
"28373","1250","Ec_N",473,53,53,"Ec",32,1,1,1,1,1,1
"28374","1250","Ec_N",473,54,54,"Ec",32,1,1,1,1,1,1
"28375","1250","Ec_N",473,55,55,"Ec",32,1,1,1,1,1,1
"28376","1250","Ec_N",473,56,56,"Ec",32,1,1,1,1,1,1
"28377","1250","Ec_N",473,57,57,"Ec",32,1,1,1,1,1,1
"28378","1250","Ec_N",473,58,58,"Ec",32,1,1,1,1,1,1
"28379","1250","Ec_N",473,59,59,"Ec",32,1,1,1,1,1,1
"28380","1250","Ec_N",473,60,60,"Ec",32,1,1,1,1,1,1
"28381","1250","Ec_N",474,1,1,"Ec",1,0,0,0,0,0,0
"28382","1250","Ec_N",474,2,2,"Ec",1,0,0,0,0,0,0
"28383","1250","Ec_N",474,3,3,"Ec",1,0,0,0,0,0,0
"28384","1250","Ec_N",474,4,4,"Ec",1,0,0,0,0,0,0
"28385","1250","Ec_N",474,5,5,"Ec",1,0,0,0,0,0,0
"28386","1250","Ec_N",474,6,6,"Ec",1,0,0,0,0,0,0
"28387","1250","Ec_N",474,7,7,"Ec",1,0,0,0,0,0,0
"28388","1250","Ec_N",474,8,8,"Ec",9,0,0,0,1,0,0.267745650041575
"28389","1250","Ec_N",474,9,9,"Ec",9,0,0,0,1,0,0.267745650041575
"28390","1250","Ec_N",474,10,10,"Ec",9,0,0,0,1,0,0.267745650041575
"28391","1250","Ec_N",474,11,11,"Ec",9,0,0,0,1,0,0.267745650041575
"28392","1250","Ec_N",474,12,12,"Ec",9,0,0,0,1,0,0.267745650041575
"28393","1250","Ec_N",474,13,13,"Ec",9,0,0,0,1,0,0.267745650041575
"28394","1250","Ec_N",474,14,14,"Ec",9,0,0,0,1,0,0.267745650041575
"28395","1250","Ec_N",474,15,15,"Ec",9,0,0,0,1,0,0.267745650041575
"28396","1250","Ec_N",474,16,16,"Ec",9,0,0,0,1,0,0.267745650041575
"28397","1250","Ec_N",474,17,17,"Ec",9,0,0,0,1,0,0.267745650041575
"28398","1250","Ec_N",474,18,18,"Ec",10,1,0,0,1,0,0.488758304501343
"28399","1250","Ec_N",474,19,19,"Ec",10,1,0,0,1,0,0.488758304501343
"28400","1250","Ec_N",474,20,20,"Ec",10,1,0,0,1,0,0.488758304501343
"28401","1250","Ec_N",474,21,21,"Ec",26,1,0,0,1,1,0.685285928822162
"28402","1250","Ec_N",474,22,22,"Ec",26,1,0,0,1,1,0.685285928822162
"28403","1250","Ec_N",474,23,23,"Ec",26,1,0,0,1,1,0.685285928822162
"28404","1250","Ec_N",474,24,24,"Ec",26,1,0,0,1,1,0.685285928822162
"28405","1250","Ec_N",474,25,25,"Ec",26,1,0,0,1,1,0.685285928822162
"28406","1250","Ec_N",474,26,26,"Ec",26,1,0,0,1,1,0.685285928822162
"28407","1250","Ec_N",474,27,27,"Ec",26,1,0,0,1,1,0.685285928822162
"28408","1250","Ec_N",474,28,28,"Ec",26,1,0,0,1,1,0.685285928822162
"28409","1250","Ec_N",474,29,29,"Ec",26,1,0,0,1,1,0.685285928822162
"28410","1250","Ec_N",474,30,30,"Ec",26,1,0,0,1,1,0.685285928822162
"28411","1250","Ec_N",474,31,31,"Ec",26,1,0,0,1,1,0.685285928822162
"28412","1250","Ec_N",474,32,32,"Ec",26,1,0,0,1,1,0.685285928822162
"28413","1250","Ec_N",474,33,33,"Ec",26,1,0,0,1,1,0.685285928822162
"28414","1250","Ec_N",474,34,34,"Ec",26,1,0,0,1,1,0.685285928822162
"28415","1250","Ec_N",474,35,35,"Ec",26,1,0,0,1,1,0.685285928822162
"28416","1250","Ec_N",474,36,36,"Ec",26,1,0,0,1,1,0.685285928822162
"28417","1250","Ec_N",474,37,37,"Ec",28,1,1,0,1,1,0.770762719311211
"28418","1250","Ec_N",474,38,38,"Ec",28,1,1,0,1,1,0.770762719311211
"28419","1250","Ec_N",474,39,39,"Ec",28,1,1,0,1,1,0.770762719311211
"28420","1250","Ec_N",474,40,40,"Ec",28,1,1,0,1,1,0.770762719311211
"28421","1250","Ec_N",474,41,41,"Ec",28,1,1,0,1,1,0.770762719311211
"28422","1250","Ec_N",474,42,42,"Ec",28,1,1,0,1,1,0.770762719311211
"28423","1250","Ec_N",474,43,43,"Ec",28,1,1,0,1,1,0.770762719311211
"28424","1250","Ec_N",474,44,44,"Ec",28,1,1,0,1,1,0.770762719311211
"28425","1250","Ec_N",474,45,45,"Ec",28,1,1,0,1,1,0.770762719311211
"28426","1250","Ec_N",474,46,46,"Ec",28,1,1,0,1,1,0.770762719311211
"28427","1250","Ec_N",474,47,47,"Ec",28,1,1,0,1,1,0.770762719311211
"28428","1250","Ec_N",474,48,48,"Ec",28,1,1,0,1,1,0.770762719311211
"28429","1250","Ec_N",474,49,49,"Ec",28,1,1,0,1,1,0.770762719311211
"28430","1250","Ec_N",474,50,50,"Ec",28,1,1,0,1,1,0.770762719311211
"28431","1250","Ec_N",474,51,51,"Ec",28,1,1,0,1,1,0.770762719311211
"28432","1250","Ec_N",474,52,52,"Ec",28,1,1,0,1,1,0.770762719311211
"28433","1250","Ec_N",474,53,53,"Ec",28,1,1,0,1,1,0.770762719311211
"28434","1250","Ec_N",474,54,54,"Ec",28,1,1,0,1,1,0.770762719311211
"28435","1250","Ec_N",474,55,55,"Ec",28,1,1,0,1,1,0.770762719311211
"28436","1250","Ec_N",474,56,56,"Ec",28,1,1,0,1,1,0.770762719311211
"28437","1250","Ec_N",474,57,57,"Ec",28,1,1,0,1,1,0.770762719311211
"28438","1250","Ec_N",474,58,58,"Ec",28,1,1,0,1,1,0.770762719311211
"28439","1250","Ec_N",474,59,59,"Ec",28,1,1,0,1,1,0.770762719311211
"28440","1250","Ec_N",474,60,60,"Ec",28,1,1,0,1,1,0.770762719311211
"28441","1250","Ec_N",475,1,1,"Ec",1,0,0,0,0,0,0
"28442","1250","Ec_N",475,2,2,"Ec",1,0,0,0,0,0,0
"28443","1250","Ec_N",475,3,3,"Ec",1,0,0,0,0,0,0
"28444","1250","Ec_N",475,4,4,"Ec",1,0,0,0,0,0,0
"28445","1250","Ec_N",475,5,5,"Ec",1,0,0,0,0,0,0
"28446","1250","Ec_N",475,6,6,"Ec",3,0,1,0,0,0,0.082650579415114
"28447","1250","Ec_N",475,7,7,"Ec",3,0,1,0,0,0,0.082650579415114
"28448","1250","Ec_N",475,8,8,"Ec",3,0,1,0,0,0,0.082650579415114
"28449","1250","Ec_N",475,9,9,"Ec",11,0,1,0,1,0,0.168832555215222
"28450","1250","Ec_N",475,10,10,"Ec",11,0,1,0,1,0,0.168832555215222
"28451","1250","Ec_N",475,11,11,"Ec",11,0,1,0,1,0,0.168832555215222
"28452","1250","Ec_N",475,12,12,"Ec",11,0,1,0,1,0,0.168832555215222
"28453","1250","Ec_N",475,13,13,"Ec",11,0,1,0,1,0,0.168832555215222
"28454","1250","Ec_N",475,14,14,"Ec",9,0,0,0,1,0,0.267745650041575
"28455","1250","Ec_N",475,15,15,"Ec",9,0,0,0,1,0,0.267745650041575
"28456","1250","Ec_N",475,16,16,"Ec",9,0,0,0,1,0,0.267745650041575
"28457","1250","Ec_N",475,17,17,"Ec",13,0,0,1,1,0,0.499809141804299
"28458","1250","Ec_N",475,18,18,"Ec",13,0,0,1,1,0,0.499809141804299
"28459","1250","Ec_N",475,19,19,"Ec",15,0,1,1,1,0,0.582459721219413
"28460","1250","Ec_N",475,20,20,"Ec",15,0,1,1,1,0,0.582459721219413
"28461","1250","Ec_N",475,21,21,"Ec",15,0,1,1,1,0,0.582459721219413
"28462","1250","Ec_N",475,22,22,"Ec",15,0,1,1,1,0,0.582459721219413
"28463","1250","Ec_N",475,23,23,"Ec",15,0,1,1,1,0,0.582459721219413
"28464","1250","Ec_N",475,24,24,"Ec",15,0,1,1,1,0,0.582459721219413
"28465","1250","Ec_N",475,25,25,"Ec",15,0,1,1,1,0,0.582459721219413
"28466","1250","Ec_N",475,26,26,"Ec",15,0,1,1,1,0,0.582459721219413
"28467","1250","Ec_N",475,27,27,"Ec",16,1,1,1,1,0,0.879284144928883
"28468","1250","Ec_N",475,28,28,"Ec",16,1,1,1,1,0,0.879284144928883
"28469","1250","Ec_N",475,29,29,"Ec",16,1,1,1,1,0,0.879284144928883
"28470","1250","Ec_N",475,30,30,"Ec",16,1,1,1,1,0,0.879284144928883
"28471","1250","Ec_N",475,31,31,"Ec",16,1,1,1,1,0,0.879284144928883
"28472","1250","Ec_N",475,32,32,"Ec",16,1,1,1,1,0,0.879284144928883
"28473","1250","Ec_N",475,33,33,"Ec",16,1,1,1,1,0,0.879284144928883
"28474","1250","Ec_N",475,34,34,"Ec",16,1,1,1,1,0,0.879284144928883
"28475","1250","Ec_N",475,35,35,"Ec",32,1,1,1,1,1,1
"28476","1250","Ec_N",475,36,36,"Ec",32,1,1,1,1,1,1
"28477","1250","Ec_N",475,37,37,"Ec",32,1,1,1,1,1,1
"28478","1250","Ec_N",475,38,38,"Ec",32,1,1,1,1,1,1
"28479","1250","Ec_N",475,39,39,"Ec",32,1,1,1,1,1,1
"28480","1250","Ec_N",475,40,40,"Ec",32,1,1,1,1,1,1
"28481","1250","Ec_N",475,41,41,"Ec",32,1,1,1,1,1,1
"28482","1250","Ec_N",475,42,42,"Ec",32,1,1,1,1,1,1
"28483","1250","Ec_N",475,43,43,"Ec",32,1,1,1,1,1,1
"28484","1250","Ec_N",475,44,44,"Ec",32,1,1,1,1,1,1
"28485","1250","Ec_N",475,45,45,"Ec",32,1,1,1,1,1,1
"28486","1250","Ec_N",475,46,46,"Ec",32,1,1,1,1,1,1
"28487","1250","Ec_N",475,47,47,"Ec",32,1,1,1,1,1,1
"28488","1250","Ec_N",475,48,48,"Ec",32,1,1,1,1,1,1
"28489","1250","Ec_N",475,49,49,"Ec",32,1,1,1,1,1,1
"28490","1250","Ec_N",475,50,50,"Ec",32,1,1,1,1,1,1
"28491","1250","Ec_N",475,51,51,"Ec",32,1,1,1,1,1,1
"28492","1250","Ec_N",475,52,52,"Ec",32,1,1,1,1,1,1
"28493","1250","Ec_N",475,53,53,"Ec",32,1,1,1,1,1,1
"28494","1250","Ec_N",475,54,54,"Ec",32,1,1,1,1,1,1
"28495","1250","Ec_N",475,55,55,"Ec",32,1,1,1,1,1,1
"28496","1250","Ec_N",475,56,56,"Ec",32,1,1,1,1,1,1
"28497","1250","Ec_N",475,57,57,"Ec",32,1,1,1,1,1,1
"28498","1250","Ec_N",475,58,58,"Ec",32,1,1,1,1,1,1
"28499","1250","Ec_N",475,59,59,"Ec",32,1,1,1,1,1,1
"28500","1250","Ec_N",475,60,60,"Ec",32,1,1,1,1,1,1
"28501","1250","Ec_N",476,1,1,"Ec",1,0,0,0,0,0,0
"28502","1250","Ec_N",476,2,2,"Ec",2,1,0,0,0,0,0.221012654459768
"28503","1250","Ec_N",476,3,3,"Ec",2,1,0,0,0,0,0.221012654459768
"28504","1250","Ec_N",476,4,4,"Ec",2,1,0,0,0,0,0.221012654459768
"28505","1250","Ec_N",476,5,5,"Ec",2,1,0,0,0,0,0.221012654459768
"28506","1250","Ec_N",476,6,6,"Ec",4,1,1,0,0,0,0.303663233874882
"28507","1250","Ec_N",476,7,7,"Ec",4,1,1,0,0,0,0.303663233874882
"28508","1250","Ec_N",476,8,8,"Ec",4,1,1,0,0,0,0.303663233874882
"28509","1250","Ec_N",476,9,9,"Ec",4,1,1,0,0,0,0.303663233874882
"28510","1250","Ec_N",476,10,10,"Ec",4,1,1,0,0,0,0.303663233874882
"28511","1250","Ec_N",476,11,11,"Ec",4,1,1,0,0,0,0.303663233874882
"28512","1250","Ec_N",476,12,12,"Ec",12,1,1,0,1,0,0.552627762799163
"28513","1250","Ec_N",476,13,13,"Ec",12,1,1,0,1,0,0.552627762799163
"28514","1250","Ec_N",476,14,14,"Ec",12,1,1,0,1,0,0.552627762799163
"28515","1250","Ec_N",476,15,15,"Ec",12,1,1,0,1,0,0.552627762799163
"28516","1250","Ec_N",476,16,16,"Ec",12,1,1,0,1,0,0.552627762799163
"28517","1250","Ec_N",476,17,17,"Ec",12,1,1,0,1,0,0.552627762799163
"28518","1250","Ec_N",476,18,18,"Ec",12,1,1,0,1,0,0.552627762799163
"28519","1250","Ec_N",476,19,19,"Ec",16,1,1,1,1,0,0.879284144928883
"28520","1250","Ec_N",476,20,20,"Ec",16,1,1,1,1,0,0.879284144928883
"28521","1250","Ec_N",476,21,21,"Ec",16,1,1,1,1,0,0.879284144928883
"28522","1250","Ec_N",476,22,22,"Ec",16,1,1,1,1,0,0.879284144928883
"28523","1250","Ec_N",476,23,23,"Ec",16,1,1,1,1,0,0.879284144928883
"28524","1250","Ec_N",476,24,24,"Ec",16,1,1,1,1,0,0.879284144928883
"28525","1250","Ec_N",476,25,25,"Ec",16,1,1,1,1,0,0.879284144928883
"28526","1250","Ec_N",476,26,26,"Ec",16,1,1,1,1,0,0.879284144928883
"28527","1250","Ec_N",476,27,27,"Ec",16,1,1,1,1,0,0.879284144928883
"28528","1250","Ec_N",476,28,28,"Ec",16,1,1,1,1,0,0.879284144928883
"28529","1250","Ec_N",476,29,29,"Ec",16,1,1,1,1,0,0.879284144928883
"28530","1250","Ec_N",476,30,30,"Ec",16,1,1,1,1,0,0.879284144928883
"28531","1250","Ec_N",476,31,31,"Ec",16,1,1,1,1,0,0.879284144928883
"28532","1250","Ec_N",476,32,32,"Ec",32,1,1,1,1,1,1
"28533","1250","Ec_N",476,33,33,"Ec",32,1,1,1,1,1,1
"28534","1250","Ec_N",476,34,34,"Ec",32,1,1,1,1,1,1
"28535","1250","Ec_N",476,35,35,"Ec",32,1,1,1,1,1,1
"28536","1250","Ec_N",476,36,36,"Ec",32,1,1,1,1,1,1
"28537","1250","Ec_N",476,37,37,"Ec",32,1,1,1,1,1,1
"28538","1250","Ec_N",476,38,38,"Ec",32,1,1,1,1,1,1
"28539","1250","Ec_N",476,39,39,"Ec",32,1,1,1,1,1,1
"28540","1250","Ec_N",476,40,40,"Ec",32,1,1,1,1,1,1
"28541","1250","Ec_N",476,41,41,"Ec",32,1,1,1,1,1,1
"28542","1250","Ec_N",476,42,42,"Ec",32,1,1,1,1,1,1
"28543","1250","Ec_N",476,43,43,"Ec",32,1,1,1,1,1,1
"28544","1250","Ec_N",476,44,44,"Ec",32,1,1,1,1,1,1
"28545","1250","Ec_N",476,45,45,"Ec",32,1,1,1,1,1,1
"28546","1250","Ec_N",476,46,46,"Ec",32,1,1,1,1,1,1
"28547","1250","Ec_N",476,47,47,"Ec",32,1,1,1,1,1,1
"28548","1250","Ec_N",476,48,48,"Ec",32,1,1,1,1,1,1
"28549","1250","Ec_N",476,49,49,"Ec",32,1,1,1,1,1,1
"28550","1250","Ec_N",476,50,50,"Ec",32,1,1,1,1,1,1
"28551","1250","Ec_N",476,51,51,"Ec",32,1,1,1,1,1,1
"28552","1250","Ec_N",476,52,52,"Ec",32,1,1,1,1,1,1
"28553","1250","Ec_N",476,53,53,"Ec",32,1,1,1,1,1,1
"28554","1250","Ec_N",476,54,54,"Ec",32,1,1,1,1,1,1
"28555","1250","Ec_N",476,55,55,"Ec",32,1,1,1,1,1,1
"28556","1250","Ec_N",476,56,56,"Ec",32,1,1,1,1,1,1
"28557","1250","Ec_N",476,57,57,"Ec",32,1,1,1,1,1,1
"28558","1250","Ec_N",476,58,58,"Ec",32,1,1,1,1,1,1
"28559","1250","Ec_N",476,59,59,"Ec",32,1,1,1,1,1,1
"28560","1250","Ec_N",476,60,60,"Ec",32,1,1,1,1,1,1
"28561","1250","Ec_N",477,1,1,"Ec",1,0,0,0,0,0,0
"28562","1250","Ec_N",477,2,2,"Ec",1,0,0,0,0,0,0
"28563","1250","Ec_N",477,3,3,"Ec",5,0,0,1,0,0,0.232063491762724
"28564","1250","Ec_N",477,4,4,"Ec",5,0,0,1,0,0,0.232063491762724
"28565","1250","Ec_N",477,5,5,"Ec",5,0,0,1,0,0,0.232063491762724
"28566","1250","Ec_N",477,6,6,"Ec",5,0,0,1,0,0,0.232063491762724
"28567","1250","Ec_N",477,7,7,"Ec",5,0,0,1,0,0,0.232063491762724
"28568","1250","Ec_N",477,8,8,"Ec",13,0,0,1,1,0,0.499809141804299
"28569","1250","Ec_N",477,9,9,"Ec",13,0,0,1,1,0,0.499809141804299
"28570","1250","Ec_N",477,10,10,"Ec",13,0,0,1,1,0,0.499809141804299
"28571","1250","Ec_N",477,11,11,"Ec",14,1,0,1,1,0,0.720821796264067
"28572","1250","Ec_N",477,12,12,"Ec",16,1,1,1,1,0,0.879284144928883
"28573","1250","Ec_N",477,13,13,"Ec",16,1,1,1,1,0,0.879284144928883
"28574","1250","Ec_N",477,14,14,"Ec",16,1,1,1,1,0,0.879284144928883
"28575","1250","Ec_N",477,15,15,"Ec",16,1,1,1,1,0,0.879284144928883
"28576","1250","Ec_N",477,16,16,"Ec",16,1,1,1,1,0,0.879284144928883
"28577","1250","Ec_N",477,17,17,"Ec",16,1,1,1,1,0,0.879284144928883
"28578","1250","Ec_N",477,18,18,"Ec",16,1,1,1,1,0,0.879284144928883
"28579","1250","Ec_N",477,19,19,"Ec",16,1,1,1,1,0,0.879284144928883
"28580","1250","Ec_N",477,20,20,"Ec",16,1,1,1,1,0,0.879284144928883
"28581","1250","Ec_N",477,21,21,"Ec",16,1,1,1,1,0,0.879284144928883
"28582","1250","Ec_N",477,22,22,"Ec",16,1,1,1,1,0,0.879284144928883
"28583","1250","Ec_N",477,23,23,"Ec",16,1,1,1,1,0,0.879284144928883
"28584","1250","Ec_N",477,24,24,"Ec",16,1,1,1,1,0,0.879284144928883
"28585","1250","Ec_N",477,25,25,"Ec",16,1,1,1,1,0,0.879284144928883
"28586","1250","Ec_N",477,26,26,"Ec",16,1,1,1,1,0,0.879284144928883
"28587","1250","Ec_N",477,27,27,"Ec",16,1,1,1,1,0,0.879284144928883
"28588","1250","Ec_N",477,28,28,"Ec",16,1,1,1,1,0,0.879284144928883
"28589","1250","Ec_N",477,29,29,"Ec",16,1,1,1,1,0,0.879284144928883
"28590","1250","Ec_N",477,30,30,"Ec",16,1,1,1,1,0,0.879284144928883
"28591","1250","Ec_N",477,31,31,"Ec",16,1,1,1,1,0,0.879284144928883
"28592","1250","Ec_N",477,32,32,"Ec",16,1,1,1,1,0,0.879284144928883
"28593","1250","Ec_N",477,33,33,"Ec",16,1,1,1,1,0,0.879284144928883
"28594","1250","Ec_N",477,34,34,"Ec",16,1,1,1,1,0,0.879284144928883
"28595","1250","Ec_N",477,35,35,"Ec",32,1,1,1,1,1,1
"28596","1250","Ec_N",477,36,36,"Ec",32,1,1,1,1,1,1
"28597","1250","Ec_N",477,37,37,"Ec",32,1,1,1,1,1,1
"28598","1250","Ec_N",477,38,38,"Ec",32,1,1,1,1,1,1
"28599","1250","Ec_N",477,39,39,"Ec",32,1,1,1,1,1,1
"28600","1250","Ec_N",477,40,40,"Ec",32,1,1,1,1,1,1
"28601","1250","Ec_N",477,41,41,"Ec",32,1,1,1,1,1,1
"28602","1250","Ec_N",477,42,42,"Ec",32,1,1,1,1,1,1
"28603","1250","Ec_N",477,43,43,"Ec",32,1,1,1,1,1,1
"28604","1250","Ec_N",477,44,44,"Ec",32,1,1,1,1,1,1
"28605","1250","Ec_N",477,45,45,"Ec",32,1,1,1,1,1,1
"28606","1250","Ec_N",477,46,46,"Ec",32,1,1,1,1,1,1
"28607","1250","Ec_N",477,47,47,"Ec",32,1,1,1,1,1,1
"28608","1250","Ec_N",477,48,48,"Ec",32,1,1,1,1,1,1
"28609","1250","Ec_N",477,49,49,"Ec",32,1,1,1,1,1,1
"28610","1250","Ec_N",477,50,50,"Ec",32,1,1,1,1,1,1
"28611","1250","Ec_N",477,51,51,"Ec",32,1,1,1,1,1,1
"28612","1250","Ec_N",477,52,52,"Ec",32,1,1,1,1,1,1
"28613","1250","Ec_N",477,53,53,"Ec",32,1,1,1,1,1,1
"28614","1250","Ec_N",477,54,54,"Ec",32,1,1,1,1,1,1
"28615","1250","Ec_N",477,55,55,"Ec",32,1,1,1,1,1,1
"28616","1250","Ec_N",477,56,56,"Ec",32,1,1,1,1,1,1
"28617","1250","Ec_N",477,57,57,"Ec",32,1,1,1,1,1,1
"28618","1250","Ec_N",477,58,58,"Ec",32,1,1,1,1,1,1
"28619","1250","Ec_N",477,59,59,"Ec",32,1,1,1,1,1,1
"28620","1250","Ec_N",477,60,60,"Ec",32,1,1,1,1,1,1
"28621","1250","Ec_N",478,1,1,"Ec",1,0,0,0,0,0,0
"28622","1250","Ec_N",478,2,2,"Ec",1,0,0,0,0,0,0
"28623","1250","Ec_N",478,3,3,"Ec",1,0,0,0,0,0,0
"28624","1250","Ec_N",478,4,4,"Ec",2,1,0,0,0,0,0.221012654459768
"28625","1250","Ec_N",478,5,5,"Ec",2,1,0,0,0,0,0.221012654459768
"28626","1250","Ec_N",478,6,6,"Ec",2,1,0,0,0,0,0.221012654459768
"28627","1250","Ec_N",478,7,7,"Ec",2,1,0,0,0,0,0.221012654459768
"28628","1250","Ec_N",478,8,8,"Ec",10,1,0,0,1,0,0.488758304501343
"28629","1250","Ec_N",478,9,9,"Ec",10,1,0,0,1,0,0.488758304501343
"28630","1250","Ec_N",478,10,10,"Ec",10,1,0,0,1,0,0.488758304501343
"28631","1250","Ec_N",478,11,11,"Ec",12,1,1,0,1,0,0.552627762799163
"28632","1250","Ec_N",478,12,12,"Ec",12,1,1,0,1,0,0.552627762799163
"28633","1250","Ec_N",478,13,13,"Ec",12,1,1,0,1,0,0.552627762799163
"28634","1250","Ec_N",478,14,14,"Ec",12,1,1,0,1,0,0.552627762799163
"28635","1250","Ec_N",478,15,15,"Ec",12,1,1,0,1,0,0.552627762799163
"28636","1250","Ec_N",478,16,16,"Ec",12,1,1,0,1,0,0.552627762799163
"28637","1250","Ec_N",478,17,17,"Ec",12,1,1,0,1,0,0.552627762799163
"28638","1250","Ec_N",478,18,18,"Ec",12,1,1,0,1,0,0.552627762799163
"28639","1250","Ec_N",478,19,19,"Ec",12,1,1,0,1,0,0.552627762799163
"28640","1250","Ec_N",478,20,20,"Ec",12,1,1,0,1,0,0.552627762799163
"28641","1250","Ec_N",478,21,21,"Ec",12,1,1,0,1,0,0.552627762799163
"28642","1250","Ec_N",478,22,22,"Ec",12,1,1,0,1,0,0.552627762799163
"28643","1250","Ec_N",478,23,23,"Ec",12,1,1,0,1,0,0.552627762799163
"28644","1250","Ec_N",478,24,24,"Ec",28,1,1,0,1,1,0.770762719311211
"28645","1250","Ec_N",478,25,25,"Ec",28,1,1,0,1,1,0.770762719311211
"28646","1250","Ec_N",478,26,26,"Ec",28,1,1,0,1,1,0.770762719311211
"28647","1250","Ec_N",478,27,27,"Ec",28,1,1,0,1,1,0.770762719311211
"28648","1250","Ec_N",478,28,28,"Ec",28,1,1,0,1,1,0.770762719311211
"28649","1250","Ec_N",478,29,29,"Ec",28,1,1,0,1,1,0.770762719311211
"28650","1250","Ec_N",478,30,30,"Ec",32,1,1,1,1,1,1
"28651","1250","Ec_N",478,31,31,"Ec",32,1,1,1,1,1,1
"28652","1250","Ec_N",478,32,32,"Ec",32,1,1,1,1,1,1
"28653","1250","Ec_N",478,33,33,"Ec",32,1,1,1,1,1,1
"28654","1250","Ec_N",478,34,34,"Ec",32,1,1,1,1,1,1
"28655","1250","Ec_N",478,35,35,"Ec",32,1,1,1,1,1,1
"28656","1250","Ec_N",478,36,36,"Ec",32,1,1,1,1,1,1
"28657","1250","Ec_N",478,37,37,"Ec",32,1,1,1,1,1,1
"28658","1250","Ec_N",478,38,38,"Ec",32,1,1,1,1,1,1
"28659","1250","Ec_N",478,39,39,"Ec",32,1,1,1,1,1,1
"28660","1250","Ec_N",478,40,40,"Ec",32,1,1,1,1,1,1
"28661","1250","Ec_N",478,41,41,"Ec",32,1,1,1,1,1,1
"28662","1250","Ec_N",478,42,42,"Ec",32,1,1,1,1,1,1
"28663","1250","Ec_N",478,43,43,"Ec",32,1,1,1,1,1,1
"28664","1250","Ec_N",478,44,44,"Ec",32,1,1,1,1,1,1
"28665","1250","Ec_N",478,45,45,"Ec",32,1,1,1,1,1,1
"28666","1250","Ec_N",478,46,46,"Ec",32,1,1,1,1,1,1
"28667","1250","Ec_N",478,47,47,"Ec",32,1,1,1,1,1,1
"28668","1250","Ec_N",478,48,48,"Ec",32,1,1,1,1,1,1
"28669","1250","Ec_N",478,49,49,"Ec",32,1,1,1,1,1,1
"28670","1250","Ec_N",478,50,50,"Ec",32,1,1,1,1,1,1
"28671","1250","Ec_N",478,51,51,"Ec",32,1,1,1,1,1,1
"28672","1250","Ec_N",478,52,52,"Ec",32,1,1,1,1,1,1
"28673","1250","Ec_N",478,53,53,"Ec",32,1,1,1,1,1,1
"28674","1250","Ec_N",478,54,54,"Ec",32,1,1,1,1,1,1
"28675","1250","Ec_N",478,55,55,"Ec",32,1,1,1,1,1,1
"28676","1250","Ec_N",478,56,56,"Ec",32,1,1,1,1,1,1
"28677","1250","Ec_N",478,57,57,"Ec",32,1,1,1,1,1,1
"28678","1250","Ec_N",478,58,58,"Ec",32,1,1,1,1,1,1
"28679","1250","Ec_N",478,59,59,"Ec",32,1,1,1,1,1,1
"28680","1250","Ec_N",478,60,60,"Ec",32,1,1,1,1,1,1
"28681","1250","Ec_N",479,1,1,"Ec",1,0,0,0,0,0,0
"28682","1250","Ec_N",479,2,2,"Ec",1,0,0,0,0,0,0
"28683","1250","Ec_N",479,3,3,"Ec",5,0,0,1,0,0,0.232063491762724
"28684","1250","Ec_N",479,4,4,"Ec",5,0,0,1,0,0,0.232063491762724
"28685","1250","Ec_N",479,5,5,"Ec",5,0,0,1,0,0,0.232063491762724
"28686","1250","Ec_N",479,6,6,"Ec",5,0,0,1,0,0,0.232063491762724
"28687","1250","Ec_N",479,7,7,"Ec",5,0,0,1,0,0,0.232063491762724
"28688","1250","Ec_N",479,8,8,"Ec",5,0,0,1,0,0,0.232063491762724
"28689","1250","Ec_N",479,9,9,"Ec",5,0,0,1,0,0,0.232063491762724
"28690","1250","Ec_N",479,10,10,"Ec",5,0,0,1,0,0,0.232063491762724
"28691","1250","Ec_N",479,11,11,"Ec",5,0,0,1,0,0,0.232063491762724
"28692","1250","Ec_N",479,12,12,"Ec",13,0,0,1,1,0,0.499809141804299
"28693","1250","Ec_N",479,13,13,"Ec",13,0,0,1,1,0,0.499809141804299
"28694","1250","Ec_N",479,14,14,"Ec",13,0,0,1,1,0,0.499809141804299
"28695","1250","Ec_N",479,15,15,"Ec",13,0,0,1,1,0,0.499809141804299
"28696","1250","Ec_N",479,16,16,"Ec",13,0,0,1,1,0,0.499809141804299
"28697","1250","Ec_N",479,17,17,"Ec",15,0,1,1,1,0,0.582459721219413
"28698","1250","Ec_N",479,18,18,"Ec",16,1,1,1,1,0,0.879284144928883
"28699","1250","Ec_N",479,19,19,"Ec",16,1,1,1,1,0,0.879284144928883
"28700","1250","Ec_N",479,20,20,"Ec",16,1,1,1,1,0,0.879284144928883
"28701","1250","Ec_N",479,21,21,"Ec",16,1,1,1,1,0,0.879284144928883
"28702","1250","Ec_N",479,22,22,"Ec",16,1,1,1,1,0,0.879284144928883
"28703","1250","Ec_N",479,23,23,"Ec",16,1,1,1,1,0,0.879284144928883
"28704","1250","Ec_N",479,24,24,"Ec",16,1,1,1,1,0,0.879284144928883
"28705","1250","Ec_N",479,25,25,"Ec",16,1,1,1,1,0,0.879284144928883
"28706","1250","Ec_N",479,26,26,"Ec",16,1,1,1,1,0,0.879284144928883
"28707","1250","Ec_N",479,27,27,"Ec",16,1,1,1,1,0,0.879284144928883
"28708","1250","Ec_N",479,28,28,"Ec",16,1,1,1,1,0,0.879284144928883
"28709","1250","Ec_N",479,29,29,"Ec",16,1,1,1,1,0,0.879284144928883
"28710","1250","Ec_N",479,30,30,"Ec",32,1,1,1,1,1,1
"28711","1250","Ec_N",479,31,31,"Ec",32,1,1,1,1,1,1
"28712","1250","Ec_N",479,32,32,"Ec",32,1,1,1,1,1,1
"28713","1250","Ec_N",479,33,33,"Ec",32,1,1,1,1,1,1
"28714","1250","Ec_N",479,34,34,"Ec",32,1,1,1,1,1,1
"28715","1250","Ec_N",479,35,35,"Ec",32,1,1,1,1,1,1
"28716","1250","Ec_N",479,36,36,"Ec",32,1,1,1,1,1,1
"28717","1250","Ec_N",479,37,37,"Ec",32,1,1,1,1,1,1
"28718","1250","Ec_N",479,38,38,"Ec",32,1,1,1,1,1,1
"28719","1250","Ec_N",479,39,39,"Ec",32,1,1,1,1,1,1
"28720","1250","Ec_N",479,40,40,"Ec",32,1,1,1,1,1,1
"28721","1250","Ec_N",479,41,41,"Ec",32,1,1,1,1,1,1
"28722","1250","Ec_N",479,42,42,"Ec",32,1,1,1,1,1,1
"28723","1250","Ec_N",479,43,43,"Ec",32,1,1,1,1,1,1
"28724","1250","Ec_N",479,44,44,"Ec",32,1,1,1,1,1,1
"28725","1250","Ec_N",479,45,45,"Ec",32,1,1,1,1,1,1
"28726","1250","Ec_N",479,46,46,"Ec",32,1,1,1,1,1,1
"28727","1250","Ec_N",479,47,47,"Ec",32,1,1,1,1,1,1
"28728","1250","Ec_N",479,48,48,"Ec",32,1,1,1,1,1,1
"28729","1250","Ec_N",479,49,49,"Ec",32,1,1,1,1,1,1
"28730","1250","Ec_N",479,50,50,"Ec",32,1,1,1,1,1,1
"28731","1250","Ec_N",479,51,51,"Ec",32,1,1,1,1,1,1
"28732","1250","Ec_N",479,52,52,"Ec",32,1,1,1,1,1,1
"28733","1250","Ec_N",479,53,53,"Ec",32,1,1,1,1,1,1
"28734","1250","Ec_N",479,54,54,"Ec",32,1,1,1,1,1,1
"28735","1250","Ec_N",479,55,55,"Ec",32,1,1,1,1,1,1
"28736","1250","Ec_N",479,56,56,"Ec",32,1,1,1,1,1,1
"28737","1250","Ec_N",479,57,57,"Ec",32,1,1,1,1,1,1
"28738","1250","Ec_N",479,58,58,"Ec",32,1,1,1,1,1,1
"28739","1250","Ec_N",479,59,59,"Ec",32,1,1,1,1,1,1
"28740","1250","Ec_N",479,60,60,"Ec",32,1,1,1,1,1,1
"28741","1250","Ec_N",480,1,1,"Ec",1,0,0,0,0,0,0
"28742","1250","Ec_N",480,2,2,"Ec",1,0,0,0,0,0,0
"28743","1250","Ec_N",480,3,3,"Ec",1,0,0,0,0,0,0
"28744","1250","Ec_N",480,4,4,"Ec",1,0,0,0,0,0,0
"28745","1250","Ec_N",480,5,5,"Ec",3,0,1,0,0,0,0.082650579415114
"28746","1250","Ec_N",480,6,6,"Ec",19,0,1,0,0,1,0.179678659430889
"28747","1250","Ec_N",480,7,7,"Ec",19,0,1,0,0,1,0.179678659430889
"28748","1250","Ec_N",480,8,8,"Ec",19,0,1,0,0,1,0.179678659430889
"28749","1250","Ec_N",480,9,9,"Ec",19,0,1,0,0,1,0.179678659430889
"28750","1250","Ec_N",480,10,10,"Ec",23,0,1,1,0,1,0.511241695498657
"28751","1250","Ec_N",480,11,11,"Ec",23,0,1,1,0,1,0.511241695498657
"28752","1250","Ec_N",480,12,12,"Ec",23,0,1,1,0,1,0.511241695498657
"28753","1250","Ec_N",480,13,13,"Ec",31,0,1,1,1,1,0.778987345540232
"28754","1250","Ec_N",480,14,14,"Ec",31,0,1,1,1,1,0.778987345540232
"28755","1250","Ec_N",480,15,15,"Ec",31,0,1,1,1,1,0.778987345540232
"28756","1250","Ec_N",480,16,16,"Ec",32,1,1,1,1,1,1
"28757","1250","Ec_N",480,17,17,"Ec",32,1,1,1,1,1,1
"28758","1250","Ec_N",480,18,18,"Ec",32,1,1,1,1,1,1
"28759","1250","Ec_N",480,19,19,"Ec",32,1,1,1,1,1,1
"28760","1250","Ec_N",480,20,20,"Ec",32,1,1,1,1,1,1
"28761","1250","Ec_N",480,21,21,"Ec",32,1,1,1,1,1,1
"28762","1250","Ec_N",480,22,22,"Ec",32,1,1,1,1,1,1
"28763","1250","Ec_N",480,23,23,"Ec",32,1,1,1,1,1,1
"28764","1250","Ec_N",480,24,24,"Ec",32,1,1,1,1,1,1
"28765","1250","Ec_N",480,25,25,"Ec",32,1,1,1,1,1,1
"28766","1250","Ec_N",480,26,26,"Ec",32,1,1,1,1,1,1
"28767","1250","Ec_N",480,27,27,"Ec",32,1,1,1,1,1,1
"28768","1250","Ec_N",480,28,28,"Ec",32,1,1,1,1,1,1
"28769","1250","Ec_N",480,29,29,"Ec",32,1,1,1,1,1,1
"28770","1250","Ec_N",480,30,30,"Ec",32,1,1,1,1,1,1
"28771","1250","Ec_N",480,31,31,"Ec",32,1,1,1,1,1,1
"28772","1250","Ec_N",480,32,32,"Ec",32,1,1,1,1,1,1
"28773","1250","Ec_N",480,33,33,"Ec",32,1,1,1,1,1,1
"28774","1250","Ec_N",480,34,34,"Ec",32,1,1,1,1,1,1
"28775","1250","Ec_N",480,35,35,"Ec",32,1,1,1,1,1,1
"28776","1250","Ec_N",480,36,36,"Ec",32,1,1,1,1,1,1
"28777","1250","Ec_N",480,37,37,"Ec",32,1,1,1,1,1,1
"28778","1250","Ec_N",480,38,38,"Ec",32,1,1,1,1,1,1
"28779","1250","Ec_N",480,39,39,"Ec",32,1,1,1,1,1,1
"28780","1250","Ec_N",480,40,40,"Ec",32,1,1,1,1,1,1
"28781","1250","Ec_N",480,41,41,"Ec",32,1,1,1,1,1,1
"28782","1250","Ec_N",480,42,42,"Ec",32,1,1,1,1,1,1
"28783","1250","Ec_N",480,43,43,"Ec",32,1,1,1,1,1,1
"28784","1250","Ec_N",480,44,44,"Ec",32,1,1,1,1,1,1
"28785","1250","Ec_N",480,45,45,"Ec",32,1,1,1,1,1,1
"28786","1250","Ec_N",480,46,46,"Ec",32,1,1,1,1,1,1
"28787","1250","Ec_N",480,47,47,"Ec",32,1,1,1,1,1,1
"28788","1250","Ec_N",480,48,48,"Ec",32,1,1,1,1,1,1
"28789","1250","Ec_N",480,49,49,"Ec",32,1,1,1,1,1,1
"28790","1250","Ec_N",480,50,50,"Ec",32,1,1,1,1,1,1
"28791","1250","Ec_N",480,51,51,"Ec",32,1,1,1,1,1,1
"28792","1250","Ec_N",480,52,52,"Ec",32,1,1,1,1,1,1
"28793","1250","Ec_N",480,53,53,"Ec",32,1,1,1,1,1,1
"28794","1250","Ec_N",480,54,54,"Ec",32,1,1,1,1,1,1
"28795","1250","Ec_N",480,55,55,"Ec",32,1,1,1,1,1,1
"28796","1250","Ec_N",480,56,56,"Ec",32,1,1,1,1,1,1
"28797","1250","Ec_N",480,57,57,"Ec",32,1,1,1,1,1,1
"28798","1250","Ec_N",480,58,58,"Ec",32,1,1,1,1,1,1
"28799","1250","Ec_N",480,59,59,"Ec",32,1,1,1,1,1,1
"28800","1250","Ec_N",480,60,60,"Ec",32,1,1,1,1,1,1
"28801","1250","Ec_N",481,1,1,"Ec",1,0,0,0,0,0,0
"28802","1250","Ec_N",481,2,2,"Ec",1,0,0,0,0,0,0
"28803","1250","Ec_N",481,3,3,"Ec",9,0,0,0,1,0,0.267745650041575
"28804","1250","Ec_N",481,4,4,"Ec",9,0,0,0,1,0,0.267745650041575
"28805","1250","Ec_N",481,5,5,"Ec",9,0,0,0,1,0,0.267745650041575
"28806","1250","Ec_N",481,6,6,"Ec",9,0,0,0,1,0,0.267745650041575
"28807","1250","Ec_N",481,7,7,"Ec",9,0,0,0,1,0,0.267745650041575
"28808","1250","Ec_N",481,8,8,"Ec",9,0,0,0,1,0,0.267745650041575
"28809","1250","Ec_N",481,9,9,"Ec",9,0,0,0,1,0,0.267745650041575
"28810","1250","Ec_N",481,10,10,"Ec",9,0,0,0,1,0,0.267745650041575
"28811","1250","Ec_N",481,11,11,"Ec",9,0,0,0,1,0,0.267745650041575
"28812","1250","Ec_N",481,12,12,"Ec",9,0,0,0,1,0,0.267745650041575
"28813","1250","Ec_N",481,13,13,"Ec",9,0,0,0,1,0,0.267745650041575
"28814","1250","Ec_N",481,14,14,"Ec",9,0,0,0,1,0,0.267745650041575
"28815","1250","Ec_N",481,15,15,"Ec",9,0,0,0,1,0,0.267745650041575
"28816","1250","Ec_N",481,16,16,"Ec",9,0,0,0,1,0,0.267745650041575
"28817","1250","Ec_N",481,17,17,"Ec",25,0,0,0,1,1,0.464273274362394
"28818","1250","Ec_N",481,18,18,"Ec",25,0,0,0,1,1,0.464273274362394
"28819","1250","Ec_N",481,19,19,"Ec",25,0,0,0,1,1,0.464273274362394
"28820","1250","Ec_N",481,20,20,"Ec",29,0,0,1,1,1,0.696336766125118
"28821","1250","Ec_N",481,21,21,"Ec",29,0,0,1,1,1,0.696336766125118
"28822","1250","Ec_N",481,22,22,"Ec",29,0,0,1,1,1,0.696336766125118
"28823","1250","Ec_N",481,23,23,"Ec",29,0,0,1,1,1,0.696336766125118
"28824","1250","Ec_N",481,24,24,"Ec",29,0,0,1,1,1,0.696336766125118
"28825","1250","Ec_N",481,25,25,"Ec",29,0,0,1,1,1,0.696336766125118
"28826","1250","Ec_N",481,26,26,"Ec",29,0,0,1,1,1,0.696336766125118
"28827","1250","Ec_N",481,27,27,"Ec",29,0,0,1,1,1,0.696336766125118
"28828","1250","Ec_N",481,28,28,"Ec",30,1,0,1,1,1,0.981696467924213
"28829","1250","Ec_N",481,29,29,"Ec",30,1,0,1,1,1,0.981696467924213
"28830","1250","Ec_N",481,30,30,"Ec",30,1,0,1,1,1,0.981696467924213
"28831","1250","Ec_N",481,31,31,"Ec",30,1,0,1,1,1,0.981696467924213
"28832","1250","Ec_N",481,32,32,"Ec",30,1,0,1,1,1,0.981696467924213
"28833","1250","Ec_N",481,33,33,"Ec",30,1,0,1,1,1,0.981696467924213
"28834","1250","Ec_N",481,34,34,"Ec",30,1,0,1,1,1,0.981696467924213
"28835","1250","Ec_N",481,35,35,"Ec",30,1,0,1,1,1,0.981696467924213
"28836","1250","Ec_N",481,36,36,"Ec",30,1,0,1,1,1,0.981696467924213
"28837","1250","Ec_N",481,37,37,"Ec",30,1,0,1,1,1,0.981696467924213
"28838","1250","Ec_N",481,38,38,"Ec",30,1,0,1,1,1,0.981696467924213
"28839","1250","Ec_N",481,39,39,"Ec",30,1,0,1,1,1,0.981696467924213
"28840","1250","Ec_N",481,40,40,"Ec",30,1,0,1,1,1,0.981696467924213
"28841","1250","Ec_N",481,41,41,"Ec",30,1,0,1,1,1,0.981696467924213
"28842","1250","Ec_N",481,42,42,"Ec",30,1,0,1,1,1,0.981696467924213
"28843","1250","Ec_N",481,43,43,"Ec",30,1,0,1,1,1,0.981696467924213
"28844","1250","Ec_N",481,44,44,"Ec",30,1,0,1,1,1,0.981696467924213
"28845","1250","Ec_N",481,45,45,"Ec",30,1,0,1,1,1,0.981696467924213
"28846","1250","Ec_N",481,46,46,"Ec",30,1,0,1,1,1,0.981696467924213
"28847","1250","Ec_N",481,47,47,"Ec",30,1,0,1,1,1,0.981696467924213
"28848","1250","Ec_N",481,48,48,"Ec",30,1,0,1,1,1,0.981696467924213
"28849","1250","Ec_N",481,49,49,"Ec",30,1,0,1,1,1,0.981696467924213
"28850","1250","Ec_N",481,50,50,"Ec",32,1,1,1,1,1,1
"28851","1250","Ec_N",481,51,51,"Ec",32,1,1,1,1,1,1
"28852","1250","Ec_N",481,52,52,"Ec",32,1,1,1,1,1,1
"28853","1250","Ec_N",481,53,53,"Ec",32,1,1,1,1,1,1
"28854","1250","Ec_N",481,54,54,"Ec",32,1,1,1,1,1,1
"28855","1250","Ec_N",481,55,55,"Ec",32,1,1,1,1,1,1
"28856","1250","Ec_N",481,56,56,"Ec",32,1,1,1,1,1,1
"28857","1250","Ec_N",481,57,57,"Ec",32,1,1,1,1,1,1
"28858","1250","Ec_N",481,58,58,"Ec",32,1,1,1,1,1,1
"28859","1250","Ec_N",481,59,59,"Ec",32,1,1,1,1,1,1
"28860","1250","Ec_N",481,60,60,"Ec",32,1,1,1,1,1,1
"28861","1250","Ec_N",482,1,1,"Ec",1,0,0,0,0,0,0
"28862","1250","Ec_N",482,2,2,"Ec",1,0,0,0,0,0,0
"28863","1250","Ec_N",482,3,3,"Ec",1,0,0,0,0,0,0
"28864","1250","Ec_N",482,4,4,"Ec",1,0,0,0,0,0,0
"28865","1250","Ec_N",482,5,5,"Ec",1,0,0,0,0,0,0
"28866","1250","Ec_N",482,6,6,"Ec",3,0,1,0,0,0,0.082650579415114
"28867","1250","Ec_N",482,7,7,"Ec",3,0,1,0,0,0,0.082650579415114
"28868","1250","Ec_N",482,8,8,"Ec",3,0,1,0,0,0,0.082650579415114
"28869","1250","Ec_N",482,9,9,"Ec",3,0,1,0,0,0,0.082650579415114
"28870","1250","Ec_N",482,10,10,"Ec",3,0,1,0,0,0,0.082650579415114
"28871","1250","Ec_N",482,11,11,"Ec",3,0,1,0,0,0,0.082650579415114
"28872","1250","Ec_N",482,12,12,"Ec",3,0,1,0,0,0,0.082650579415114
"28873","1250","Ec_N",482,13,13,"Ec",3,0,1,0,0,0,0.082650579415114
"28874","1250","Ec_N",482,14,14,"Ec",3,0,1,0,0,0,0.082650579415114
"28875","1250","Ec_N",482,15,15,"Ec",3,0,1,0,0,0,0.082650579415114
"28876","1250","Ec_N",482,16,16,"Ec",3,0,1,0,0,0,0.082650579415114
"28877","1250","Ec_N",482,17,17,"Ec",3,0,1,0,0,0,0.082650579415114
"28878","1250","Ec_N",482,18,18,"Ec",4,1,1,0,0,0,0.303663233874882
"28879","1250","Ec_N",482,19,19,"Ec",4,1,1,0,0,0,0.303663233874882
"28880","1250","Ec_N",482,20,20,"Ec",4,1,1,0,0,0,0.303663233874882
"28881","1250","Ec_N",482,21,21,"Ec",4,1,1,0,0,0,0.303663233874882
"28882","1250","Ec_N",482,22,22,"Ec",4,1,1,0,0,0,0.303663233874882
"28883","1250","Ec_N",482,23,23,"Ec",4,1,1,0,0,0,0.303663233874882
"28884","1250","Ec_N",482,24,24,"Ec",4,1,1,0,0,0,0.303663233874882
"28885","1250","Ec_N",482,25,25,"Ec",4,1,1,0,0,0,0.303663233874882
"28886","1250","Ec_N",482,26,26,"Ec",4,1,1,0,0,0,0.303663233874882
"28887","1250","Ec_N",482,27,27,"Ec",4,1,1,0,0,0,0.303663233874882
"28888","1250","Ec_N",482,28,28,"Ec",8,1,1,1,0,0,0.440600849145421
"28889","1250","Ec_N",482,29,29,"Ec",8,1,1,1,0,0,0.440600849145421
"28890","1250","Ec_N",482,30,30,"Ec",8,1,1,1,0,0,0.440600849145421
"28891","1250","Ec_N",482,31,31,"Ec",8,1,1,1,0,0,0.440600849145421
"28892","1250","Ec_N",482,32,32,"Ec",8,1,1,1,0,0,0.440600849145421
"28893","1250","Ec_N",482,33,33,"Ec",8,1,1,1,0,0,0.440600849145421
"28894","1250","Ec_N",482,34,34,"Ec",8,1,1,1,0,0,0.440600849145421
"28895","1250","Ec_N",482,35,35,"Ec",24,1,1,1,0,1,0.732254349958425
"28896","1250","Ec_N",482,36,36,"Ec",24,1,1,1,0,1,0.732254349958425
"28897","1250","Ec_N",482,37,37,"Ec",24,1,1,1,0,1,0.732254349958425
"28898","1250","Ec_N",482,38,38,"Ec",24,1,1,1,0,1,0.732254349958425
"28899","1250","Ec_N",482,39,39,"Ec",24,1,1,1,0,1,0.732254349958425
"28900","1250","Ec_N",482,40,40,"Ec",24,1,1,1,0,1,0.732254349958425
"28901","1250","Ec_N",482,41,41,"Ec",24,1,1,1,0,1,0.732254349958425
"28902","1250","Ec_N",482,42,42,"Ec",24,1,1,1,0,1,0.732254349958425
"28903","1250","Ec_N",482,43,43,"Ec",24,1,1,1,0,1,0.732254349958425
"28904","1250","Ec_N",482,44,44,"Ec",24,1,1,1,0,1,0.732254349958425
"28905","1250","Ec_N",482,45,45,"Ec",24,1,1,1,0,1,0.732254349958425
"28906","1250","Ec_N",482,46,46,"Ec",24,1,1,1,0,1,0.732254349958425
"28907","1250","Ec_N",482,47,47,"Ec",24,1,1,1,0,1,0.732254349958425
"28908","1250","Ec_N",482,48,48,"Ec",24,1,1,1,0,1,0.732254349958425
"28909","1250","Ec_N",482,49,49,"Ec",24,1,1,1,0,1,0.732254349958425
"28910","1250","Ec_N",482,50,50,"Ec",32,1,1,1,1,1,1
"28911","1250","Ec_N",482,51,51,"Ec",32,1,1,1,1,1,1
"28912","1250","Ec_N",482,52,52,"Ec",32,1,1,1,1,1,1
"28913","1250","Ec_N",482,53,53,"Ec",32,1,1,1,1,1,1
"28914","1250","Ec_N",482,54,54,"Ec",32,1,1,1,1,1,1
"28915","1250","Ec_N",482,55,55,"Ec",32,1,1,1,1,1,1
"28916","1250","Ec_N",482,56,56,"Ec",32,1,1,1,1,1,1
"28917","1250","Ec_N",482,57,57,"Ec",32,1,1,1,1,1,1
"28918","1250","Ec_N",482,58,58,"Ec",32,1,1,1,1,1,1
"28919","1250","Ec_N",482,59,59,"Ec",32,1,1,1,1,1,1
"28920","1250","Ec_N",482,60,60,"Ec",32,1,1,1,1,1,1
"28921","1250","Ec_N",483,1,1,"Ec",1,0,0,0,0,0,0
"28922","1250","Ec_N",483,2,2,"Ec",1,0,0,0,0,0,0
"28923","1250","Ec_N",483,3,3,"Ec",1,0,0,0,0,0,0
"28924","1250","Ec_N",483,4,4,"Ec",1,0,0,0,0,0,0
"28925","1250","Ec_N",483,5,5,"Ec",1,0,0,0,0,0,0
"28926","1250","Ec_N",483,6,6,"Ec",1,0,0,0,0,0,0
"28927","1250","Ec_N",483,7,7,"Ec",1,0,0,0,0,0,0
"28928","1250","Ec_N",483,8,8,"Ec",1,0,0,0,0,0,0
"28929","1250","Ec_N",483,9,9,"Ec",1,0,0,0,0,0,0
"28930","1250","Ec_N",483,10,10,"Ec",1,0,0,0,0,0,0
"28931","1250","Ec_N",483,11,11,"Ec",1,0,0,0,0,0,0
"28932","1250","Ec_N",483,12,12,"Ec",1,0,0,0,0,0,0
"28933","1250","Ec_N",483,13,13,"Ec",1,0,0,0,0,0,0
"28934","1250","Ec_N",483,14,14,"Ec",2,1,0,0,0,0,0.221012654459768
"28935","1250","Ec_N",483,15,15,"Ec",2,1,0,0,0,0,0.221012654459768
"28936","1250","Ec_N",483,16,16,"Ec",2,1,0,0,0,0,0.221012654459768
"28937","1250","Ec_N",483,17,17,"Ec",2,1,0,0,0,0,0.221012654459768
"28938","1250","Ec_N",483,18,18,"Ec",2,1,0,0,0,0,0.221012654459768
"28939","1250","Ec_N",483,19,19,"Ec",2,1,0,0,0,0,0.221012654459768
"28940","1250","Ec_N",483,20,20,"Ec",10,1,0,0,1,0,0.488758304501343
"28941","1250","Ec_N",483,21,21,"Ec",10,1,0,0,1,0,0.488758304501343
"28942","1250","Ec_N",483,22,22,"Ec",10,1,0,0,1,0,0.488758304501343
"28943","1250","Ec_N",483,23,23,"Ec",10,1,0,0,1,0,0.488758304501343
"28944","1250","Ec_N",483,24,24,"Ec",10,1,0,0,1,0,0.488758304501343
"28945","1250","Ec_N",483,25,25,"Ec",10,1,0,0,1,0,0.488758304501343
"28946","1250","Ec_N",483,26,26,"Ec",10,1,0,0,1,0,0.488758304501343
"28947","1250","Ec_N",483,27,27,"Ec",10,1,0,0,1,0,0.488758304501343
"28948","1250","Ec_N",483,28,28,"Ec",10,1,0,0,1,0,0.488758304501343
"28949","1250","Ec_N",483,29,29,"Ec",14,1,0,1,1,0,0.720821796264067
"28950","1250","Ec_N",483,30,30,"Ec",14,1,0,1,1,0,0.720821796264067
"28951","1250","Ec_N",483,31,31,"Ec",14,1,0,1,1,0,0.720821796264067
"28952","1250","Ec_N",483,32,32,"Ec",14,1,0,1,1,0,0.720821796264067
"28953","1250","Ec_N",483,33,33,"Ec",14,1,0,1,1,0,0.720821796264067
"28954","1250","Ec_N",483,34,34,"Ec",14,1,0,1,1,0,0.720821796264067
"28955","1250","Ec_N",483,35,35,"Ec",14,1,0,1,1,0,0.720821796264067
"28956","1250","Ec_N",483,36,36,"Ec",14,1,0,1,1,0,0.720821796264067
"28957","1250","Ec_N",483,37,37,"Ec",14,1,0,1,1,0,0.720821796264067
"28958","1250","Ec_N",483,38,38,"Ec",14,1,0,1,1,0,0.720821796264067
"28959","1250","Ec_N",483,39,39,"Ec",14,1,0,1,1,0,0.720821796264067
"28960","1250","Ec_N",483,40,40,"Ec",14,1,0,1,1,0,0.720821796264067
"28961","1250","Ec_N",483,41,41,"Ec",14,1,0,1,1,0,0.720821796264067
"28962","1250","Ec_N",483,42,42,"Ec",14,1,0,1,1,0,0.720821796264067
"28963","1250","Ec_N",483,43,43,"Ec",16,1,1,1,1,0,0.879284144928883
"28964","1250","Ec_N",483,44,44,"Ec",16,1,1,1,1,0,0.879284144928883
"28965","1250","Ec_N",483,45,45,"Ec",16,1,1,1,1,0,0.879284144928883
"28966","1250","Ec_N",483,46,46,"Ec",16,1,1,1,1,0,0.879284144928883
"28967","1250","Ec_N",483,47,47,"Ec",16,1,1,1,1,0,0.879284144928883
"28968","1250","Ec_N",483,48,48,"Ec",16,1,1,1,1,0,0.879284144928883
"28969","1250","Ec_N",483,49,49,"Ec",16,1,1,1,1,0,0.879284144928883
"28970","1250","Ec_N",483,50,50,"Ec",16,1,1,1,1,0,0.879284144928883
"28971","1250","Ec_N",483,51,51,"Ec",16,1,1,1,1,0,0.879284144928883
"28972","1250","Ec_N",483,52,52,"Ec",16,1,1,1,1,0,0.879284144928883
"28973","1250","Ec_N",483,53,53,"Ec",16,1,1,1,1,0,0.879284144928883
"28974","1250","Ec_N",483,54,54,"Ec",16,1,1,1,1,0,0.879284144928883
"28975","1250","Ec_N",483,55,55,"Ec",16,1,1,1,1,0,0.879284144928883
"28976","1250","Ec_N",483,56,56,"Ec",16,1,1,1,1,0,0.879284144928883
"28977","1250","Ec_N",483,57,57,"Ec",16,1,1,1,1,0,0.879284144928883
"28978","1250","Ec_N",483,58,58,"Ec",16,1,1,1,1,0,0.879284144928883
"28979","1250","Ec_N",483,59,59,"Ec",32,1,1,1,1,1,1
"28980","1250","Ec_N",483,60,60,"Ec",32,1,1,1,1,1,1
"28981","1250","Ec_N",484,1,1,"Ec",1,0,0,0,0,0,0
"28982","1250","Ec_N",484,2,2,"Ec",1,0,0,0,0,0,0
"28983","1250","Ec_N",484,3,3,"Ec",1,0,0,0,0,0,0
"28984","1250","Ec_N",484,4,4,"Ec",1,0,0,0,0,0,0
"28985","1250","Ec_N",484,5,5,"Ec",1,0,0,0,0,0,0
"28986","1250","Ec_N",484,6,6,"Ec",2,1,0,0,0,0,0.221012654459768
"28987","1250","Ec_N",484,7,7,"Ec",4,1,1,0,0,0,0.303663233874882
"28988","1250","Ec_N",484,8,8,"Ec",4,1,1,0,0,0,0.303663233874882
"28989","1250","Ec_N",484,9,9,"Ec",4,1,1,0,0,0,0.303663233874882
"28990","1250","Ec_N",484,10,10,"Ec",4,1,1,0,0,0,0.303663233874882
"28991","1250","Ec_N",484,11,11,"Ec",4,1,1,0,0,0,0.303663233874882
"28992","1250","Ec_N",484,12,12,"Ec",4,1,1,0,0,0,0.303663233874882
"28993","1250","Ec_N",484,13,13,"Ec",4,1,1,0,0,0,0.303663233874882
"28994","1250","Ec_N",484,14,14,"Ec",4,1,1,0,0,0,0.303663233874882
"28995","1250","Ec_N",484,15,15,"Ec",4,1,1,0,0,0,0.303663233874882
"28996","1250","Ec_N",484,16,16,"Ec",4,1,1,0,0,0,0.303663233874882
"28997","1250","Ec_N",484,17,17,"Ec",4,1,1,0,0,0,0.303663233874882
"28998","1250","Ec_N",484,18,18,"Ec",4,1,1,0,0,0,0.303663233874882
"28999","1250","Ec_N",484,19,19,"Ec",4,1,1,0,0,0,0.303663233874882
"29000","1250","Ec_N",484,20,20,"Ec",4,1,1,0,0,0,0.303663233874882
"29001","1250","Ec_N",484,21,21,"Ec",4,1,1,0,0,0,0.303663233874882
"29002","1250","Ec_N",484,22,22,"Ec",4,1,1,0,0,0,0.303663233874882
"29003","1250","Ec_N",484,23,23,"Ec",4,1,1,0,0,0,0.303663233874882
"29004","1250","Ec_N",484,24,24,"Ec",4,1,1,0,0,0,0.303663233874882
"29005","1250","Ec_N",484,25,25,"Ec",4,1,1,0,0,0,0.303663233874882
"29006","1250","Ec_N",484,26,26,"Ec",4,1,1,0,0,0,0.303663233874882
"29007","1250","Ec_N",484,27,27,"Ec",4,1,1,0,0,0,0.303663233874882
"29008","1250","Ec_N",484,28,28,"Ec",4,1,1,0,0,0,0.303663233874882
"29009","1250","Ec_N",484,29,29,"Ec",8,1,1,1,0,0,0.440600849145421
"29010","1250","Ec_N",484,30,30,"Ec",16,1,1,1,1,0,0.879284144928883
"29011","1250","Ec_N",484,31,31,"Ec",16,1,1,1,1,0,0.879284144928883
"29012","1250","Ec_N",484,32,32,"Ec",16,1,1,1,1,0,0.879284144928883
"29013","1250","Ec_N",484,33,33,"Ec",16,1,1,1,1,0,0.879284144928883
"29014","1250","Ec_N",484,34,34,"Ec",16,1,1,1,1,0,0.879284144928883
"29015","1250","Ec_N",484,35,35,"Ec",16,1,1,1,1,0,0.879284144928883
"29016","1250","Ec_N",484,36,36,"Ec",16,1,1,1,1,0,0.879284144928883
"29017","1250","Ec_N",484,37,37,"Ec",16,1,1,1,1,0,0.879284144928883
"29018","1250","Ec_N",484,38,38,"Ec",16,1,1,1,1,0,0.879284144928883
"29019","1250","Ec_N",484,39,39,"Ec",16,1,1,1,1,0,0.879284144928883
"29020","1250","Ec_N",484,40,40,"Ec",16,1,1,1,1,0,0.879284144928883
"29021","1250","Ec_N",484,41,41,"Ec",16,1,1,1,1,0,0.879284144928883
"29022","1250","Ec_N",484,42,42,"Ec",16,1,1,1,1,0,0.879284144928883
"29023","1250","Ec_N",484,43,43,"Ec",16,1,1,1,1,0,0.879284144928883
"29024","1250","Ec_N",484,44,44,"Ec",16,1,1,1,1,0,0.879284144928883
"29025","1250","Ec_N",484,45,45,"Ec",16,1,1,1,1,0,0.879284144928883
"29026","1250","Ec_N",484,46,46,"Ec",16,1,1,1,1,0,0.879284144928883
"29027","1250","Ec_N",484,47,47,"Ec",16,1,1,1,1,0,0.879284144928883
"29028","1250","Ec_N",484,48,48,"Ec",16,1,1,1,1,0,0.879284144928883
"29029","1250","Ec_N",484,49,49,"Ec",16,1,1,1,1,0,0.879284144928883
"29030","1250","Ec_N",484,50,50,"Ec",16,1,1,1,1,0,0.879284144928883
"29031","1250","Ec_N",484,51,51,"Ec",16,1,1,1,1,0,0.879284144928883
"29032","1250","Ec_N",484,52,52,"Ec",16,1,1,1,1,0,0.879284144928883
"29033","1250","Ec_N",484,53,53,"Ec",16,1,1,1,1,0,0.879284144928883
"29034","1250","Ec_N",484,54,54,"Ec",16,1,1,1,1,0,0.879284144928883
"29035","1250","Ec_N",484,55,55,"Ec",16,1,1,1,1,0,0.879284144928883
"29036","1250","Ec_N",484,56,56,"Ec",32,1,1,1,1,1,1
"29037","1250","Ec_N",484,57,57,"Ec",32,1,1,1,1,1,1
"29038","1250","Ec_N",484,58,58,"Ec",32,1,1,1,1,1,1
"29039","1250","Ec_N",484,59,59,"Ec",32,1,1,1,1,1,1
"29040","1250","Ec_N",484,60,60,"Ec",32,1,1,1,1,1,1
"29041","1250","Ec_N",485,1,1,"Ec",1,0,0,0,0,0,0
"29042","1250","Ec_N",485,2,2,"Ec",1,0,0,0,0,0,0
"29043","1250","Ec_N",485,3,3,"Ec",1,0,0,0,0,0,0
"29044","1250","Ec_N",485,4,4,"Ec",1,0,0,0,0,0,0
"29045","1250","Ec_N",485,5,5,"Ec",9,0,0,0,1,0,0.267745650041575
"29046","1250","Ec_N",485,6,6,"Ec",9,0,0,0,1,0,0.267745650041575
"29047","1250","Ec_N",485,7,7,"Ec",9,0,0,0,1,0,0.267745650041575
"29048","1250","Ec_N",485,8,8,"Ec",9,0,0,0,1,0,0.267745650041575
"29049","1250","Ec_N",485,9,9,"Ec",9,0,0,0,1,0,0.267745650041575
"29050","1250","Ec_N",485,10,10,"Ec",9,0,0,0,1,0,0.267745650041575
"29051","1250","Ec_N",485,11,11,"Ec",9,0,0,0,1,0,0.267745650041575
"29052","1250","Ec_N",485,12,12,"Ec",9,0,0,0,1,0,0.267745650041575
"29053","1250","Ec_N",485,13,13,"Ec",9,0,0,0,1,0,0.267745650041575
"29054","1250","Ec_N",485,14,14,"Ec",9,0,0,0,1,0,0.267745650041575
"29055","1250","Ec_N",485,15,15,"Ec",9,0,0,0,1,0,0.267745650041575
"29056","1250","Ec_N",485,16,16,"Ec",9,0,0,0,1,0,0.267745650041575
"29057","1250","Ec_N",485,17,17,"Ec",9,0,0,0,1,0,0.267745650041575
"29058","1250","Ec_N",485,18,18,"Ec",25,0,0,0,1,1,0.464273274362394
"29059","1250","Ec_N",485,19,19,"Ec",25,0,0,0,1,1,0.464273274362394
"29060","1250","Ec_N",485,20,20,"Ec",25,0,0,0,1,1,0.464273274362394
"29061","1250","Ec_N",485,21,21,"Ec",27,0,1,0,1,1,0.50104458373578
"29062","1250","Ec_N",485,22,22,"Ec",27,0,1,0,1,1,0.50104458373578
"29063","1250","Ec_N",485,23,23,"Ec",27,0,1,0,1,1,0.50104458373578
"29064","1250","Ec_N",485,24,24,"Ec",27,0,1,0,1,1,0.50104458373578
"29065","1250","Ec_N",485,25,25,"Ec",27,0,1,0,1,1,0.50104458373578
"29066","1250","Ec_N",485,26,26,"Ec",27,0,1,0,1,1,0.50104458373578
"29067","1250","Ec_N",485,27,27,"Ec",27,0,1,0,1,1,0.50104458373578
"29068","1250","Ec_N",485,28,28,"Ec",27,0,1,0,1,1,0.50104458373578
"29069","1250","Ec_N",485,29,29,"Ec",27,0,1,0,1,1,0.50104458373578
"29070","1250","Ec_N",485,30,30,"Ec",27,0,1,0,1,1,0.50104458373578
"29071","1250","Ec_N",485,31,31,"Ec",27,0,1,0,1,1,0.50104458373578
"29072","1250","Ec_N",485,32,32,"Ec",27,0,1,0,1,1,0.50104458373578
"29073","1250","Ec_N",485,33,33,"Ec",27,0,1,0,1,1,0.50104458373578
"29074","1250","Ec_N",485,34,34,"Ec",27,0,1,0,1,1,0.50104458373578
"29075","1250","Ec_N",485,35,35,"Ec",27,0,1,0,1,1,0.50104458373578
"29076","1250","Ec_N",485,36,36,"Ec",27,0,1,0,1,1,0.50104458373578
"29077","1250","Ec_N",485,37,37,"Ec",27,0,1,0,1,1,0.50104458373578
"29078","1250","Ec_N",485,38,38,"Ec",27,0,1,0,1,1,0.50104458373578
"29079","1250","Ec_N",485,39,39,"Ec",27,0,1,0,1,1,0.50104458373578
"29080","1250","Ec_N",485,40,40,"Ec",27,0,1,0,1,1,0.50104458373578
"29081","1250","Ec_N",485,41,41,"Ec",27,0,1,0,1,1,0.50104458373578
"29082","1250","Ec_N",485,42,42,"Ec",27,0,1,0,1,1,0.50104458373578
"29083","1250","Ec_N",485,43,43,"Ec",27,0,1,0,1,1,0.50104458373578
"29084","1250","Ec_N",485,44,44,"Ec",27,0,1,0,1,1,0.50104458373578
"29085","1250","Ec_N",485,45,45,"Ec",27,0,1,0,1,1,0.50104458373578
"29086","1250","Ec_N",485,46,46,"Ec",27,0,1,0,1,1,0.50104458373578
"29087","1250","Ec_N",485,47,47,"Ec",27,0,1,0,1,1,0.50104458373578
"29088","1250","Ec_N",485,48,48,"Ec",27,0,1,0,1,1,0.50104458373578
"29089","1250","Ec_N",485,49,49,"Ec",27,0,1,0,1,1,0.50104458373578
"29090","1250","Ec_N",485,50,50,"Ec",27,0,1,0,1,1,0.50104458373578
"29091","1250","Ec_N",485,51,51,"Ec",28,1,1,0,1,1,0.770762719311211
"29092","1250","Ec_N",485,52,52,"Ec",28,1,1,0,1,1,0.770762719311211
"29093","1250","Ec_N",485,53,53,"Ec",28,1,1,0,1,1,0.770762719311211
"29094","1250","Ec_N",485,54,54,"Ec",28,1,1,0,1,1,0.770762719311211
"29095","1250","Ec_N",485,55,55,"Ec",28,1,1,0,1,1,0.770762719311211
"29096","1250","Ec_N",485,56,56,"Ec",28,1,1,0,1,1,0.770762719311211
"29097","1250","Ec_N",485,57,57,"Ec",28,1,1,0,1,1,0.770762719311211
"29098","1250","Ec_N",485,58,58,"Ec",28,1,1,0,1,1,0.770762719311211
"29099","1250","Ec_N",485,59,59,"Ec",28,1,1,0,1,1,0.770762719311211
"29100","1250","Ec_N",485,60,60,"Ec",28,1,1,0,1,1,0.770762719311211
"29101","1250","Ec_N",486,1,1,"Ec",1,0,0,0,0,0,0
"29102","1250","Ec_N",486,2,2,"Ec",5,0,0,1,0,0,0.232063491762724
"29103","1250","Ec_N",486,3,3,"Ec",5,0,0,1,0,0,0.232063491762724
"29104","1250","Ec_N",486,4,4,"Ec",5,0,0,1,0,0,0.232063491762724
"29105","1250","Ec_N",486,5,5,"Ec",5,0,0,1,0,0,0.232063491762724
"29106","1250","Ec_N",486,6,6,"Ec",21,0,0,1,0,1,0.428591116083543
"29107","1250","Ec_N",486,7,7,"Ec",21,0,0,1,0,1,0.428591116083543
"29108","1250","Ec_N",486,8,8,"Ec",29,0,0,1,1,1,0.696336766125118
"29109","1250","Ec_N",486,9,9,"Ec",29,0,0,1,1,1,0.696336766125118
"29110","1250","Ec_N",486,10,10,"Ec",29,0,0,1,1,1,0.696336766125118
"29111","1250","Ec_N",486,11,11,"Ec",29,0,0,1,1,1,0.696336766125118
"29112","1250","Ec_N",486,12,12,"Ec",29,0,0,1,1,1,0.696336766125118
"29113","1250","Ec_N",486,13,13,"Ec",29,0,0,1,1,1,0.696336766125118
"29114","1250","Ec_N",486,14,14,"Ec",29,0,0,1,1,1,0.696336766125118
"29115","1250","Ec_N",486,15,15,"Ec",29,0,0,1,1,1,0.696336766125118
"29116","1250","Ec_N",486,16,16,"Ec",31,0,1,1,1,1,0.778987345540232
"29117","1250","Ec_N",486,17,17,"Ec",31,0,1,1,1,1,0.778987345540232
"29118","1250","Ec_N",486,18,18,"Ec",31,0,1,1,1,1,0.778987345540232
"29119","1250","Ec_N",486,19,19,"Ec",31,0,1,1,1,1,0.778987345540232
"29120","1250","Ec_N",486,20,20,"Ec",31,0,1,1,1,1,0.778987345540232
"29121","1250","Ec_N",486,21,21,"Ec",31,0,1,1,1,1,0.778987345540232
"29122","1250","Ec_N",486,22,22,"Ec",31,0,1,1,1,1,0.778987345540232
"29123","1250","Ec_N",486,23,23,"Ec",31,0,1,1,1,1,0.778987345540232
"29124","1250","Ec_N",486,24,24,"Ec",31,0,1,1,1,1,0.778987345540232
"29125","1250","Ec_N",486,25,25,"Ec",31,0,1,1,1,1,0.778987345540232
"29126","1250","Ec_N",486,26,26,"Ec",31,0,1,1,1,1,0.778987345540232
"29127","1250","Ec_N",486,27,27,"Ec",31,0,1,1,1,1,0.778987345540232
"29128","1250","Ec_N",486,28,28,"Ec",31,0,1,1,1,1,0.778987345540232
"29129","1250","Ec_N",486,29,29,"Ec",31,0,1,1,1,1,0.778987345540232
"29130","1250","Ec_N",486,30,30,"Ec",31,0,1,1,1,1,0.778987345540232
"29131","1250","Ec_N",486,31,31,"Ec",31,0,1,1,1,1,0.778987345540232
"29132","1250","Ec_N",486,32,32,"Ec",31,0,1,1,1,1,0.778987345540232
"29133","1250","Ec_N",486,33,33,"Ec",31,0,1,1,1,1,0.778987345540232
"29134","1250","Ec_N",486,34,34,"Ec",31,0,1,1,1,1,0.778987345540232
"29135","1250","Ec_N",486,35,35,"Ec",31,0,1,1,1,1,0.778987345540232
"29136","1250","Ec_N",486,36,36,"Ec",31,0,1,1,1,1,0.778987345540232
"29137","1250","Ec_N",486,37,37,"Ec",31,0,1,1,1,1,0.778987345540232
"29138","1250","Ec_N",486,38,38,"Ec",31,0,1,1,1,1,0.778987345540232
"29139","1250","Ec_N",486,39,39,"Ec",31,0,1,1,1,1,0.778987345540232
"29140","1250","Ec_N",486,40,40,"Ec",31,0,1,1,1,1,0.778987345540232
"29141","1250","Ec_N",486,41,41,"Ec",31,0,1,1,1,1,0.778987345540232
"29142","1250","Ec_N",486,42,42,"Ec",31,0,1,1,1,1,0.778987345540232
"29143","1250","Ec_N",486,43,43,"Ec",31,0,1,1,1,1,0.778987345540232
"29144","1250","Ec_N",486,44,44,"Ec",31,0,1,1,1,1,0.778987345540232
"29145","1250","Ec_N",486,45,45,"Ec",31,0,1,1,1,1,0.778987345540232
"29146","1250","Ec_N",486,46,46,"Ec",31,0,1,1,1,1,0.778987345540232
"29147","1250","Ec_N",486,47,47,"Ec",31,0,1,1,1,1,0.778987345540232
"29148","1250","Ec_N",486,48,48,"Ec",31,0,1,1,1,1,0.778987345540232
"29149","1250","Ec_N",486,49,49,"Ec",31,0,1,1,1,1,0.778987345540232
"29150","1250","Ec_N",486,50,50,"Ec",31,0,1,1,1,1,0.778987345540232
"29151","1250","Ec_N",486,51,51,"Ec",31,0,1,1,1,1,0.778987345540232
"29152","1250","Ec_N",486,52,52,"Ec",31,0,1,1,1,1,0.778987345540232
"29153","1250","Ec_N",486,53,53,"Ec",31,0,1,1,1,1,0.778987345540232
"29154","1250","Ec_N",486,54,54,"Ec",31,0,1,1,1,1,0.778987345540232
"29155","1250","Ec_N",486,55,55,"Ec",32,1,1,1,1,1,1
"29156","1250","Ec_N",486,56,56,"Ec",32,1,1,1,1,1,1
"29157","1250","Ec_N",486,57,57,"Ec",32,1,1,1,1,1,1
"29158","1250","Ec_N",486,58,58,"Ec",32,1,1,1,1,1,1
"29159","1250","Ec_N",486,59,59,"Ec",32,1,1,1,1,1,1
"29160","1250","Ec_N",486,60,60,"Ec",32,1,1,1,1,1,1
"29161","1250","Ec_N",487,1,1,"Ec",1,0,0,0,0,0,0
"29162","1250","Ec_N",487,2,2,"Ec",1,0,0,0,0,0,0
"29163","1250","Ec_N",487,3,3,"Ec",1,0,0,0,0,0,0
"29164","1250","Ec_N",487,4,4,"Ec",1,0,0,0,0,0,0
"29165","1250","Ec_N",487,5,5,"Ec",17,0,0,0,0,1,0.14692246949649
"29166","1250","Ec_N",487,6,6,"Ec",17,0,0,0,0,1,0.14692246949649
"29167","1250","Ec_N",487,7,7,"Ec",17,0,0,0,0,1,0.14692246949649
"29168","1250","Ec_N",487,8,8,"Ec",17,0,0,0,0,1,0.14692246949649
"29169","1250","Ec_N",487,9,9,"Ec",17,0,0,0,0,1,0.14692246949649
"29170","1250","Ec_N",487,10,10,"Ec",17,0,0,0,0,1,0.14692246949649
"29171","1250","Ec_N",487,11,11,"Ec",17,0,0,0,0,1,0.14692246949649
"29172","1250","Ec_N",487,12,12,"Ec",17,0,0,0,0,1,0.14692246949649
"29173","1250","Ec_N",487,13,13,"Ec",17,0,0,0,0,1,0.14692246949649
"29174","1250","Ec_N",487,14,14,"Ec",17,0,0,0,0,1,0.14692246949649
"29175","1250","Ec_N",487,15,15,"Ec",17,0,0,0,0,1,0.14692246949649
"29176","1250","Ec_N",487,16,16,"Ec",17,0,0,0,0,1,0.14692246949649
"29177","1250","Ec_N",487,17,17,"Ec",17,0,0,0,0,1,0.14692246949649
"29178","1250","Ec_N",487,18,18,"Ec",17,0,0,0,0,1,0.14692246949649
"29179","1250","Ec_N",487,19,19,"Ec",17,0,0,0,0,1,0.14692246949649
"29180","1250","Ec_N",487,20,20,"Ec",19,0,1,0,0,1,0.179678659430889
"29181","1250","Ec_N",487,21,21,"Ec",20,1,1,0,0,1,0.500190858195701
"29182","1250","Ec_N",487,22,22,"Ec",24,1,1,1,0,1,0.732254349958425
"29183","1250","Ec_N",487,23,23,"Ec",24,1,1,1,0,1,0.732254349958425
"29184","1250","Ec_N",487,24,24,"Ec",24,1,1,1,0,1,0.732254349958425
"29185","1250","Ec_N",487,25,25,"Ec",24,1,1,1,0,1,0.732254349958425
"29186","1250","Ec_N",487,26,26,"Ec",24,1,1,1,0,1,0.732254349958425
"29187","1250","Ec_N",487,27,27,"Ec",24,1,1,1,0,1,0.732254349958425
"29188","1250","Ec_N",487,28,28,"Ec",24,1,1,1,0,1,0.732254349958425
"29189","1250","Ec_N",487,29,29,"Ec",24,1,1,1,0,1,0.732254349958425
"29190","1250","Ec_N",487,30,30,"Ec",24,1,1,1,0,1,0.732254349958425
"29191","1250","Ec_N",487,31,31,"Ec",32,1,1,1,1,1,1
"29192","1250","Ec_N",487,32,32,"Ec",32,1,1,1,1,1,1
"29193","1250","Ec_N",487,33,33,"Ec",32,1,1,1,1,1,1
"29194","1250","Ec_N",487,34,34,"Ec",32,1,1,1,1,1,1
"29195","1250","Ec_N",487,35,35,"Ec",32,1,1,1,1,1,1
"29196","1250","Ec_N",487,36,36,"Ec",32,1,1,1,1,1,1
"29197","1250","Ec_N",487,37,37,"Ec",32,1,1,1,1,1,1
"29198","1250","Ec_N",487,38,38,"Ec",32,1,1,1,1,1,1
"29199","1250","Ec_N",487,39,39,"Ec",32,1,1,1,1,1,1
"29200","1250","Ec_N",487,40,40,"Ec",32,1,1,1,1,1,1
"29201","1250","Ec_N",487,41,41,"Ec",32,1,1,1,1,1,1
"29202","1250","Ec_N",487,42,42,"Ec",32,1,1,1,1,1,1
"29203","1250","Ec_N",487,43,43,"Ec",32,1,1,1,1,1,1
"29204","1250","Ec_N",487,44,44,"Ec",32,1,1,1,1,1,1
"29205","1250","Ec_N",487,45,45,"Ec",32,1,1,1,1,1,1
"29206","1250","Ec_N",487,46,46,"Ec",32,1,1,1,1,1,1
"29207","1250","Ec_N",487,47,47,"Ec",32,1,1,1,1,1,1
"29208","1250","Ec_N",487,48,48,"Ec",32,1,1,1,1,1,1
"29209","1250","Ec_N",487,49,49,"Ec",32,1,1,1,1,1,1
"29210","1250","Ec_N",487,50,50,"Ec",32,1,1,1,1,1,1
"29211","1250","Ec_N",487,51,51,"Ec",32,1,1,1,1,1,1
"29212","1250","Ec_N",487,52,52,"Ec",32,1,1,1,1,1,1
"29213","1250","Ec_N",487,53,53,"Ec",32,1,1,1,1,1,1
"29214","1250","Ec_N",487,54,54,"Ec",32,1,1,1,1,1,1
"29215","1250","Ec_N",487,55,55,"Ec",32,1,1,1,1,1,1
"29216","1250","Ec_N",487,56,56,"Ec",32,1,1,1,1,1,1
"29217","1250","Ec_N",487,57,57,"Ec",32,1,1,1,1,1,1
"29218","1250","Ec_N",487,58,58,"Ec",32,1,1,1,1,1,1
"29219","1250","Ec_N",487,59,59,"Ec",32,1,1,1,1,1,1
"29220","1250","Ec_N",487,60,60,"Ec",32,1,1,1,1,1,1
"29221","1250","Ec_N",488,1,1,"Ec",1,0,0,0,0,0,0
"29222","1250","Ec_N",488,2,2,"Ec",1,0,0,0,0,0,0
"29223","1250","Ec_N",488,3,3,"Ec",9,0,0,0,1,0,0.267745650041575
"29224","1250","Ec_N",488,4,4,"Ec",9,0,0,0,1,0,0.267745650041575
"29225","1250","Ec_N",488,5,5,"Ec",9,0,0,0,1,0,0.267745650041575
"29226","1250","Ec_N",488,6,6,"Ec",9,0,0,0,1,0,0.267745650041575
"29227","1250","Ec_N",488,7,7,"Ec",25,0,0,0,1,1,0.464273274362394
"29228","1250","Ec_N",488,8,8,"Ec",25,0,0,0,1,1,0.464273274362394
"29229","1250","Ec_N",488,9,9,"Ec",25,0,0,0,1,1,0.464273274362394
"29230","1250","Ec_N",488,10,10,"Ec",26,1,0,0,1,1,0.685285928822162
"29231","1250","Ec_N",488,11,11,"Ec",26,1,0,0,1,1,0.685285928822162
"29232","1250","Ec_N",488,12,12,"Ec",26,1,0,0,1,1,0.685285928822162
"29233","1250","Ec_N",488,13,13,"Ec",26,1,0,0,1,1,0.685285928822162
"29234","1250","Ec_N",488,14,14,"Ec",26,1,0,0,1,1,0.685285928822162
"29235","1250","Ec_N",488,15,15,"Ec",30,1,0,1,1,1,0.981696467924213
"29236","1250","Ec_N",488,16,16,"Ec",30,1,0,1,1,1,0.981696467924213
"29237","1250","Ec_N",488,17,17,"Ec",30,1,0,1,1,1,0.981696467924213
"29238","1250","Ec_N",488,18,18,"Ec",30,1,0,1,1,1,0.981696467924213
"29239","1250","Ec_N",488,19,19,"Ec",30,1,0,1,1,1,0.981696467924213
"29240","1250","Ec_N",488,20,20,"Ec",30,1,0,1,1,1,0.981696467924213
"29241","1250","Ec_N",488,21,21,"Ec",30,1,0,1,1,1,0.981696467924213
"29242","1250","Ec_N",488,22,22,"Ec",32,1,1,1,1,1,1
"29243","1250","Ec_N",488,23,23,"Ec",32,1,1,1,1,1,1
"29244","1250","Ec_N",488,24,24,"Ec",32,1,1,1,1,1,1
"29245","1250","Ec_N",488,25,25,"Ec",32,1,1,1,1,1,1
"29246","1250","Ec_N",488,26,26,"Ec",32,1,1,1,1,1,1
"29247","1250","Ec_N",488,27,27,"Ec",32,1,1,1,1,1,1
"29248","1250","Ec_N",488,28,28,"Ec",32,1,1,1,1,1,1
"29249","1250","Ec_N",488,29,29,"Ec",32,1,1,1,1,1,1
"29250","1250","Ec_N",488,30,30,"Ec",32,1,1,1,1,1,1
"29251","1250","Ec_N",488,31,31,"Ec",32,1,1,1,1,1,1
"29252","1250","Ec_N",488,32,32,"Ec",32,1,1,1,1,1,1
"29253","1250","Ec_N",488,33,33,"Ec",32,1,1,1,1,1,1
"29254","1250","Ec_N",488,34,34,"Ec",32,1,1,1,1,1,1
"29255","1250","Ec_N",488,35,35,"Ec",32,1,1,1,1,1,1
"29256","1250","Ec_N",488,36,36,"Ec",32,1,1,1,1,1,1
"29257","1250","Ec_N",488,37,37,"Ec",32,1,1,1,1,1,1
"29258","1250","Ec_N",488,38,38,"Ec",32,1,1,1,1,1,1
"29259","1250","Ec_N",488,39,39,"Ec",32,1,1,1,1,1,1
"29260","1250","Ec_N",488,40,40,"Ec",32,1,1,1,1,1,1
"29261","1250","Ec_N",488,41,41,"Ec",32,1,1,1,1,1,1
"29262","1250","Ec_N",488,42,42,"Ec",32,1,1,1,1,1,1
"29263","1250","Ec_N",488,43,43,"Ec",32,1,1,1,1,1,1
"29264","1250","Ec_N",488,44,44,"Ec",32,1,1,1,1,1,1
"29265","1250","Ec_N",488,45,45,"Ec",32,1,1,1,1,1,1
"29266","1250","Ec_N",488,46,46,"Ec",32,1,1,1,1,1,1
"29267","1250","Ec_N",488,47,47,"Ec",32,1,1,1,1,1,1
"29268","1250","Ec_N",488,48,48,"Ec",32,1,1,1,1,1,1
"29269","1250","Ec_N",488,49,49,"Ec",32,1,1,1,1,1,1
"29270","1250","Ec_N",488,50,50,"Ec",32,1,1,1,1,1,1
"29271","1250","Ec_N",488,51,51,"Ec",32,1,1,1,1,1,1
"29272","1250","Ec_N",488,52,52,"Ec",32,1,1,1,1,1,1
"29273","1250","Ec_N",488,53,53,"Ec",32,1,1,1,1,1,1
"29274","1250","Ec_N",488,54,54,"Ec",32,1,1,1,1,1,1
"29275","1250","Ec_N",488,55,55,"Ec",32,1,1,1,1,1,1
"29276","1250","Ec_N",488,56,56,"Ec",32,1,1,1,1,1,1
"29277","1250","Ec_N",488,57,57,"Ec",32,1,1,1,1,1,1
"29278","1250","Ec_N",488,58,58,"Ec",32,1,1,1,1,1,1
"29279","1250","Ec_N",488,59,59,"Ec",32,1,1,1,1,1,1
"29280","1250","Ec_N",488,60,60,"Ec",32,1,1,1,1,1,1
"29281","1250","Ec_N",489,1,1,"Ec",1,0,0,0,0,0,0
"29282","1250","Ec_N",489,2,2,"Ec",1,0,0,0,0,0,0
"29283","1250","Ec_N",489,3,3,"Ec",1,0,0,0,0,0,0
"29284","1250","Ec_N",489,4,4,"Ec",1,0,0,0,0,0,0
"29285","1250","Ec_N",489,5,5,"Ec",17,0,0,0,0,1,0.14692246949649
"29286","1250","Ec_N",489,6,6,"Ec",17,0,0,0,0,1,0.14692246949649
"29287","1250","Ec_N",489,7,7,"Ec",17,0,0,0,0,1,0.14692246949649
"29288","1250","Ec_N",489,8,8,"Ec",17,0,0,0,0,1,0.14692246949649
"29289","1250","Ec_N",489,9,9,"Ec",17,0,0,0,0,1,0.14692246949649
"29290","1250","Ec_N",489,10,10,"Ec",17,0,0,0,0,1,0.14692246949649
"29291","1250","Ec_N",489,11,11,"Ec",17,0,0,0,0,1,0.14692246949649
"29292","1250","Ec_N",489,12,12,"Ec",17,0,0,0,0,1,0.14692246949649
"29293","1250","Ec_N",489,13,13,"Ec",17,0,0,0,0,1,0.14692246949649
"29294","1250","Ec_N",489,14,14,"Ec",17,0,0,0,0,1,0.14692246949649
"29295","1250","Ec_N",489,15,15,"Ec",17,0,0,0,0,1,0.14692246949649
"29296","1250","Ec_N",489,16,16,"Ec",17,0,0,0,0,1,0.14692246949649
"29297","1250","Ec_N",489,17,17,"Ec",17,0,0,0,0,1,0.14692246949649
"29298","1250","Ec_N",489,18,18,"Ec",17,0,0,0,0,1,0.14692246949649
"29299","1250","Ec_N",489,19,19,"Ec",17,0,0,0,0,1,0.14692246949649
"29300","1250","Ec_N",489,20,20,"Ec",17,0,0,0,0,1,0.14692246949649
"29301","1250","Ec_N",489,21,21,"Ec",17,0,0,0,0,1,0.14692246949649
"29302","1250","Ec_N",489,22,22,"Ec",17,0,0,0,0,1,0.14692246949649
"29303","1250","Ec_N",489,23,23,"Ec",17,0,0,0,0,1,0.14692246949649
"29304","1250","Ec_N",489,24,24,"Ec",21,0,0,1,0,1,0.428591116083543
"29305","1250","Ec_N",489,25,25,"Ec",21,0,0,1,0,1,0.428591116083543
"29306","1250","Ec_N",489,26,26,"Ec",21,0,0,1,0,1,0.428591116083543
"29307","1250","Ec_N",489,27,27,"Ec",21,0,0,1,0,1,0.428591116083543
"29308","1250","Ec_N",489,28,28,"Ec",21,0,0,1,0,1,0.428591116083543
"29309","1250","Ec_N",489,29,29,"Ec",21,0,0,1,0,1,0.428591116083543
"29310","1250","Ec_N",489,30,30,"Ec",23,0,1,1,0,1,0.511241695498657
"29311","1250","Ec_N",489,31,31,"Ec",23,0,1,1,0,1,0.511241695498657
"29312","1250","Ec_N",489,32,32,"Ec",23,0,1,1,0,1,0.511241695498657
"29313","1250","Ec_N",489,33,33,"Ec",23,0,1,1,0,1,0.511241695498657
"29314","1250","Ec_N",489,34,34,"Ec",23,0,1,1,0,1,0.511241695498657
"29315","1250","Ec_N",489,35,35,"Ec",23,0,1,1,0,1,0.511241695498657
"29316","1250","Ec_N",489,36,36,"Ec",23,0,1,1,0,1,0.511241695498657
"29317","1250","Ec_N",489,37,37,"Ec",31,0,1,1,1,1,0.778987345540232
"29318","1250","Ec_N",489,38,38,"Ec",31,0,1,1,1,1,0.778987345540232
"29319","1250","Ec_N",489,39,39,"Ec",31,0,1,1,1,1,0.778987345540232
"29320","1250","Ec_N",489,40,40,"Ec",31,0,1,1,1,1,0.778987345540232
"29321","1250","Ec_N",489,41,41,"Ec",31,0,1,1,1,1,0.778987345540232
"29322","1250","Ec_N",489,42,42,"Ec",31,0,1,1,1,1,0.778987345540232
"29323","1250","Ec_N",489,43,43,"Ec",31,0,1,1,1,1,0.778987345540232
"29324","1250","Ec_N",489,44,44,"Ec",31,0,1,1,1,1,0.778987345540232
"29325","1250","Ec_N",489,45,45,"Ec",31,0,1,1,1,1,0.778987345540232
"29326","1250","Ec_N",489,46,46,"Ec",32,1,1,1,1,1,1
"29327","1250","Ec_N",489,47,47,"Ec",32,1,1,1,1,1,1
"29328","1250","Ec_N",489,48,48,"Ec",32,1,1,1,1,1,1
"29329","1250","Ec_N",489,49,49,"Ec",32,1,1,1,1,1,1
"29330","1250","Ec_N",489,50,50,"Ec",32,1,1,1,1,1,1
"29331","1250","Ec_N",489,51,51,"Ec",32,1,1,1,1,1,1
"29332","1250","Ec_N",489,52,52,"Ec",32,1,1,1,1,1,1
"29333","1250","Ec_N",489,53,53,"Ec",32,1,1,1,1,1,1
"29334","1250","Ec_N",489,54,54,"Ec",32,1,1,1,1,1,1
"29335","1250","Ec_N",489,55,55,"Ec",32,1,1,1,1,1,1
"29336","1250","Ec_N",489,56,56,"Ec",32,1,1,1,1,1,1
"29337","1250","Ec_N",489,57,57,"Ec",32,1,1,1,1,1,1
"29338","1250","Ec_N",489,58,58,"Ec",32,1,1,1,1,1,1
"29339","1250","Ec_N",489,59,59,"Ec",32,1,1,1,1,1,1
"29340","1250","Ec_N",489,60,60,"Ec",32,1,1,1,1,1,1
"29341","1250","Ec_N",490,1,1,"Ec",1,0,0,0,0,0,0
"29342","1250","Ec_N",490,2,2,"Ec",1,0,0,0,0,0,0
"29343","1250","Ec_N",490,3,3,"Ec",1,0,0,0,0,0,0
"29344","1250","Ec_N",490,4,4,"Ec",1,0,0,0,0,0,0
"29345","1250","Ec_N",490,5,5,"Ec",9,0,0,0,1,0,0.267745650041575
"29346","1250","Ec_N",490,6,6,"Ec",9,0,0,0,1,0,0.267745650041575
"29347","1250","Ec_N",490,7,7,"Ec",9,0,0,0,1,0,0.267745650041575
"29348","1250","Ec_N",490,8,8,"Ec",9,0,0,0,1,0,0.267745650041575
"29349","1250","Ec_N",490,9,9,"Ec",9,0,0,0,1,0,0.267745650041575
"29350","1250","Ec_N",490,10,10,"Ec",9,0,0,0,1,0,0.267745650041575
"29351","1250","Ec_N",490,11,11,"Ec",10,1,0,0,1,0,0.488758304501343
"29352","1250","Ec_N",490,12,12,"Ec",10,1,0,0,1,0,0.488758304501343
"29353","1250","Ec_N",490,13,13,"Ec",10,1,0,0,1,0,0.488758304501343
"29354","1250","Ec_N",490,14,14,"Ec",10,1,0,0,1,0,0.488758304501343
"29355","1250","Ec_N",490,15,15,"Ec",10,1,0,0,1,0,0.488758304501343
"29356","1250","Ec_N",490,16,16,"Ec",10,1,0,0,1,0,0.488758304501343
"29357","1250","Ec_N",490,17,17,"Ec",10,1,0,0,1,0,0.488758304501343
"29358","1250","Ec_N",490,18,18,"Ec",10,1,0,0,1,0,0.488758304501343
"29359","1250","Ec_N",490,19,19,"Ec",10,1,0,0,1,0,0.488758304501343
"29360","1250","Ec_N",490,20,20,"Ec",10,1,0,0,1,0,0.488758304501343
"29361","1250","Ec_N",490,21,21,"Ec",14,1,0,1,1,0,0.720821796264067
"29362","1250","Ec_N",490,22,22,"Ec",14,1,0,1,1,0,0.720821796264067
"29363","1250","Ec_N",490,23,23,"Ec",14,1,0,1,1,0,0.720821796264067
"29364","1250","Ec_N",490,24,24,"Ec",14,1,0,1,1,0,0.720821796264067
"29365","1250","Ec_N",490,25,25,"Ec",14,1,0,1,1,0,0.720821796264067
"29366","1250","Ec_N",490,26,26,"Ec",14,1,0,1,1,0,0.720821796264067
"29367","1250","Ec_N",490,27,27,"Ec",14,1,0,1,1,0,0.720821796264067
"29368","1250","Ec_N",490,28,28,"Ec",14,1,0,1,1,0,0.720821796264067
"29369","1250","Ec_N",490,29,29,"Ec",14,1,0,1,1,0,0.720821796264067
"29370","1250","Ec_N",490,30,30,"Ec",14,1,0,1,1,0,0.720821796264067
"29371","1250","Ec_N",490,31,31,"Ec",14,1,0,1,1,0,0.720821796264067
"29372","1250","Ec_N",490,32,32,"Ec",16,1,1,1,1,0,0.879284144928883
"29373","1250","Ec_N",490,33,33,"Ec",16,1,1,1,1,0,0.879284144928883
"29374","1250","Ec_N",490,34,34,"Ec",16,1,1,1,1,0,0.879284144928883
"29375","1250","Ec_N",490,35,35,"Ec",16,1,1,1,1,0,0.879284144928883
"29376","1250","Ec_N",490,36,36,"Ec",32,1,1,1,1,1,1
"29377","1250","Ec_N",490,37,37,"Ec",32,1,1,1,1,1,1
"29378","1250","Ec_N",490,38,38,"Ec",32,1,1,1,1,1,1
"29379","1250","Ec_N",490,39,39,"Ec",32,1,1,1,1,1,1
"29380","1250","Ec_N",490,40,40,"Ec",32,1,1,1,1,1,1
"29381","1250","Ec_N",490,41,41,"Ec",32,1,1,1,1,1,1
"29382","1250","Ec_N",490,42,42,"Ec",32,1,1,1,1,1,1
"29383","1250","Ec_N",490,43,43,"Ec",32,1,1,1,1,1,1
"29384","1250","Ec_N",490,44,44,"Ec",32,1,1,1,1,1,1
"29385","1250","Ec_N",490,45,45,"Ec",32,1,1,1,1,1,1
"29386","1250","Ec_N",490,46,46,"Ec",32,1,1,1,1,1,1
"29387","1250","Ec_N",490,47,47,"Ec",32,1,1,1,1,1,1
"29388","1250","Ec_N",490,48,48,"Ec",32,1,1,1,1,1,1
"29389","1250","Ec_N",490,49,49,"Ec",32,1,1,1,1,1,1
"29390","1250","Ec_N",490,50,50,"Ec",32,1,1,1,1,1,1
"29391","1250","Ec_N",490,51,51,"Ec",32,1,1,1,1,1,1
"29392","1250","Ec_N",490,52,52,"Ec",32,1,1,1,1,1,1
"29393","1250","Ec_N",490,53,53,"Ec",32,1,1,1,1,1,1
"29394","1250","Ec_N",490,54,54,"Ec",32,1,1,1,1,1,1
"29395","1250","Ec_N",490,55,55,"Ec",32,1,1,1,1,1,1
"29396","1250","Ec_N",490,56,56,"Ec",32,1,1,1,1,1,1
"29397","1250","Ec_N",490,57,57,"Ec",32,1,1,1,1,1,1
"29398","1250","Ec_N",490,58,58,"Ec",32,1,1,1,1,1,1
"29399","1250","Ec_N",490,59,59,"Ec",32,1,1,1,1,1,1
"29400","1250","Ec_N",490,60,60,"Ec",32,1,1,1,1,1,1
"29401","1250","Ec_N",491,1,1,"Ec",1,0,0,0,0,0,0
"29402","1250","Ec_N",491,2,2,"Ec",1,0,0,0,0,0,0
"29403","1250","Ec_N",491,3,3,"Ec",1,0,0,0,0,0,0
"29404","1250","Ec_N",491,4,4,"Ec",1,0,0,0,0,0,0
"29405","1250","Ec_N",491,5,5,"Ec",3,0,1,0,0,0,0.082650579415114
"29406","1250","Ec_N",491,6,6,"Ec",3,0,1,0,0,0,0.082650579415114
"29407","1250","Ec_N",491,7,7,"Ec",3,0,1,0,0,0,0.082650579415114
"29408","1250","Ec_N",491,8,8,"Ec",3,0,1,0,0,0,0.082650579415114
"29409","1250","Ec_N",491,9,9,"Ec",11,0,1,0,1,0,0.168832555215222
"29410","1250","Ec_N",491,10,10,"Ec",11,0,1,0,1,0,0.168832555215222
"29411","1250","Ec_N",491,11,11,"Ec",15,0,1,1,1,0,0.582459721219413
"29412","1250","Ec_N",491,12,12,"Ec",31,0,1,1,1,1,0.778987345540232
"29413","1250","Ec_N",491,13,13,"Ec",32,1,1,1,1,1,1
"29414","1250","Ec_N",491,14,14,"Ec",32,1,1,1,1,1,1
"29415","1250","Ec_N",491,15,15,"Ec",32,1,1,1,1,1,1
"29416","1250","Ec_N",491,16,16,"Ec",32,1,1,1,1,1,1
"29417","1250","Ec_N",491,17,17,"Ec",32,1,1,1,1,1,1
"29418","1250","Ec_N",491,18,18,"Ec",32,1,1,1,1,1,1
"29419","1250","Ec_N",491,19,19,"Ec",32,1,1,1,1,1,1
"29420","1250","Ec_N",491,20,20,"Ec",32,1,1,1,1,1,1
"29421","1250","Ec_N",491,21,21,"Ec",32,1,1,1,1,1,1
"29422","1250","Ec_N",491,22,22,"Ec",32,1,1,1,1,1,1
"29423","1250","Ec_N",491,23,23,"Ec",32,1,1,1,1,1,1
"29424","1250","Ec_N",491,24,24,"Ec",32,1,1,1,1,1,1
"29425","1250","Ec_N",491,25,25,"Ec",32,1,1,1,1,1,1
"29426","1250","Ec_N",491,26,26,"Ec",32,1,1,1,1,1,1
"29427","1250","Ec_N",491,27,27,"Ec",32,1,1,1,1,1,1
"29428","1250","Ec_N",491,28,28,"Ec",32,1,1,1,1,1,1
"29429","1250","Ec_N",491,29,29,"Ec",32,1,1,1,1,1,1
"29430","1250","Ec_N",491,30,30,"Ec",32,1,1,1,1,1,1
"29431","1250","Ec_N",491,31,31,"Ec",32,1,1,1,1,1,1
"29432","1250","Ec_N",491,32,32,"Ec",32,1,1,1,1,1,1
"29433","1250","Ec_N",491,33,33,"Ec",32,1,1,1,1,1,1
"29434","1250","Ec_N",491,34,34,"Ec",32,1,1,1,1,1,1
"29435","1250","Ec_N",491,35,35,"Ec",32,1,1,1,1,1,1
"29436","1250","Ec_N",491,36,36,"Ec",32,1,1,1,1,1,1
"29437","1250","Ec_N",491,37,37,"Ec",32,1,1,1,1,1,1
"29438","1250","Ec_N",491,38,38,"Ec",32,1,1,1,1,1,1
"29439","1250","Ec_N",491,39,39,"Ec",32,1,1,1,1,1,1
"29440","1250","Ec_N",491,40,40,"Ec",32,1,1,1,1,1,1
"29441","1250","Ec_N",491,41,41,"Ec",32,1,1,1,1,1,1
"29442","1250","Ec_N",491,42,42,"Ec",32,1,1,1,1,1,1
"29443","1250","Ec_N",491,43,43,"Ec",32,1,1,1,1,1,1
"29444","1250","Ec_N",491,44,44,"Ec",32,1,1,1,1,1,1
"29445","1250","Ec_N",491,45,45,"Ec",32,1,1,1,1,1,1
"29446","1250","Ec_N",491,46,46,"Ec",32,1,1,1,1,1,1
"29447","1250","Ec_N",491,47,47,"Ec",32,1,1,1,1,1,1
"29448","1250","Ec_N",491,48,48,"Ec",32,1,1,1,1,1,1
"29449","1250","Ec_N",491,49,49,"Ec",32,1,1,1,1,1,1
"29450","1250","Ec_N",491,50,50,"Ec",32,1,1,1,1,1,1
"29451","1250","Ec_N",491,51,51,"Ec",32,1,1,1,1,1,1
"29452","1250","Ec_N",491,52,52,"Ec",32,1,1,1,1,1,1
"29453","1250","Ec_N",491,53,53,"Ec",32,1,1,1,1,1,1
"29454","1250","Ec_N",491,54,54,"Ec",32,1,1,1,1,1,1
"29455","1250","Ec_N",491,55,55,"Ec",32,1,1,1,1,1,1
"29456","1250","Ec_N",491,56,56,"Ec",32,1,1,1,1,1,1
"29457","1250","Ec_N",491,57,57,"Ec",32,1,1,1,1,1,1
"29458","1250","Ec_N",491,58,58,"Ec",32,1,1,1,1,1,1
"29459","1250","Ec_N",491,59,59,"Ec",32,1,1,1,1,1,1
"29460","1250","Ec_N",491,60,60,"Ec",32,1,1,1,1,1,1
"29461","1250","Ec_N",492,1,1,"Ec",1,0,0,0,0,0,0
"29462","1250","Ec_N",492,2,2,"Ec",1,0,0,0,0,0,0
"29463","1250","Ec_N",492,3,3,"Ec",1,0,0,0,0,0,0
"29464","1250","Ec_N",492,4,4,"Ec",17,0,0,0,0,1,0.14692246949649
"29465","1250","Ec_N",492,5,5,"Ec",17,0,0,0,0,1,0.14692246949649
"29466","1250","Ec_N",492,6,6,"Ec",17,0,0,0,0,1,0.14692246949649
"29467","1250","Ec_N",492,7,7,"Ec",17,0,0,0,0,1,0.14692246949649
"29468","1250","Ec_N",492,8,8,"Ec",19,0,1,0,0,1,0.179678659430889
"29469","1250","Ec_N",492,9,9,"Ec",27,0,1,0,1,1,0.50104458373578
"29470","1250","Ec_N",492,10,10,"Ec",27,0,1,0,1,1,0.50104458373578
"29471","1250","Ec_N",492,11,11,"Ec",27,0,1,0,1,1,0.50104458373578
"29472","1250","Ec_N",492,12,12,"Ec",28,1,1,0,1,1,0.770762719311211
"29473","1250","Ec_N",492,13,13,"Ec",28,1,1,0,1,1,0.770762719311211
"29474","1250","Ec_N",492,14,14,"Ec",28,1,1,0,1,1,0.770762719311211
"29475","1250","Ec_N",492,15,15,"Ec",28,1,1,0,1,1,0.770762719311211
"29476","1250","Ec_N",492,16,16,"Ec",28,1,1,0,1,1,0.770762719311211
"29477","1250","Ec_N",492,17,17,"Ec",28,1,1,0,1,1,0.770762719311211
"29478","1250","Ec_N",492,18,18,"Ec",28,1,1,0,1,1,0.770762719311211
"29479","1250","Ec_N",492,19,19,"Ec",28,1,1,0,1,1,0.770762719311211
"29480","1250","Ec_N",492,20,20,"Ec",28,1,1,0,1,1,0.770762719311211
"29481","1250","Ec_N",492,21,21,"Ec",28,1,1,0,1,1,0.770762719311211
"29482","1250","Ec_N",492,22,22,"Ec",28,1,1,0,1,1,0.770762719311211
"29483","1250","Ec_N",492,23,23,"Ec",32,1,1,1,1,1,1
"29484","1250","Ec_N",492,24,24,"Ec",32,1,1,1,1,1,1
"29485","1250","Ec_N",492,25,25,"Ec",32,1,1,1,1,1,1
"29486","1250","Ec_N",492,26,26,"Ec",32,1,1,1,1,1,1
"29487","1250","Ec_N",492,27,27,"Ec",32,1,1,1,1,1,1
"29488","1250","Ec_N",492,28,28,"Ec",32,1,1,1,1,1,1
"29489","1250","Ec_N",492,29,29,"Ec",32,1,1,1,1,1,1
"29490","1250","Ec_N",492,30,30,"Ec",32,1,1,1,1,1,1
"29491","1250","Ec_N",492,31,31,"Ec",32,1,1,1,1,1,1
"29492","1250","Ec_N",492,32,32,"Ec",32,1,1,1,1,1,1
"29493","1250","Ec_N",492,33,33,"Ec",32,1,1,1,1,1,1
"29494","1250","Ec_N",492,34,34,"Ec",32,1,1,1,1,1,1
"29495","1250","Ec_N",492,35,35,"Ec",32,1,1,1,1,1,1
"29496","1250","Ec_N",492,36,36,"Ec",32,1,1,1,1,1,1
"29497","1250","Ec_N",492,37,37,"Ec",32,1,1,1,1,1,1
"29498","1250","Ec_N",492,38,38,"Ec",32,1,1,1,1,1,1
"29499","1250","Ec_N",492,39,39,"Ec",32,1,1,1,1,1,1
"29500","1250","Ec_N",492,40,40,"Ec",32,1,1,1,1,1,1
"29501","1250","Ec_N",492,41,41,"Ec",32,1,1,1,1,1,1
"29502","1250","Ec_N",492,42,42,"Ec",32,1,1,1,1,1,1
"29503","1250","Ec_N",492,43,43,"Ec",32,1,1,1,1,1,1
"29504","1250","Ec_N",492,44,44,"Ec",32,1,1,1,1,1,1
"29505","1250","Ec_N",492,45,45,"Ec",32,1,1,1,1,1,1
"29506","1250","Ec_N",492,46,46,"Ec",32,1,1,1,1,1,1
"29507","1250","Ec_N",492,47,47,"Ec",32,1,1,1,1,1,1
"29508","1250","Ec_N",492,48,48,"Ec",32,1,1,1,1,1,1
"29509","1250","Ec_N",492,49,49,"Ec",32,1,1,1,1,1,1
"29510","1250","Ec_N",492,50,50,"Ec",32,1,1,1,1,1,1
"29511","1250","Ec_N",492,51,51,"Ec",32,1,1,1,1,1,1
"29512","1250","Ec_N",492,52,52,"Ec",32,1,1,1,1,1,1
"29513","1250","Ec_N",492,53,53,"Ec",32,1,1,1,1,1,1
"29514","1250","Ec_N",492,54,54,"Ec",32,1,1,1,1,1,1
"29515","1250","Ec_N",492,55,55,"Ec",32,1,1,1,1,1,1
"29516","1250","Ec_N",492,56,56,"Ec",32,1,1,1,1,1,1
"29517","1250","Ec_N",492,57,57,"Ec",32,1,1,1,1,1,1
"29518","1250","Ec_N",492,58,58,"Ec",32,1,1,1,1,1,1
"29519","1250","Ec_N",492,59,59,"Ec",32,1,1,1,1,1,1
"29520","1250","Ec_N",492,60,60,"Ec",32,1,1,1,1,1,1
"29521","1250","Ec_N",493,1,1,"Ec",1,0,0,0,0,0,0
"29522","1250","Ec_N",493,2,2,"Ec",1,0,0,0,0,0,0
"29523","1250","Ec_N",493,3,3,"Ec",1,0,0,0,0,0,0
"29524","1250","Ec_N",493,4,4,"Ec",1,0,0,0,0,0,0
"29525","1250","Ec_N",493,5,5,"Ec",2,1,0,0,0,0,0.221012654459768
"29526","1250","Ec_N",493,6,6,"Ec",2,1,0,0,0,0,0.221012654459768
"29527","1250","Ec_N",493,7,7,"Ec",2,1,0,0,0,0,0.221012654459768
"29528","1250","Ec_N",493,8,8,"Ec",2,1,0,0,0,0,0.221012654459768
"29529","1250","Ec_N",493,9,9,"Ec",18,1,0,0,0,1,0.417540278780587
"29530","1250","Ec_N",493,10,10,"Ec",22,1,0,1,0,1,0.649603770543311
"29531","1250","Ec_N",493,11,11,"Ec",22,1,0,1,0,1,0.649603770543311
"29532","1250","Ec_N",493,12,12,"Ec",22,1,0,1,0,1,0.649603770543311
"29533","1250","Ec_N",493,13,13,"Ec",22,1,0,1,0,1,0.649603770543311
"29534","1250","Ec_N",493,14,14,"Ec",22,1,0,1,0,1,0.649603770543311
"29535","1250","Ec_N",493,15,15,"Ec",22,1,0,1,0,1,0.649603770543311
"29536","1250","Ec_N",493,16,16,"Ec",22,1,0,1,0,1,0.649603770543311
"29537","1250","Ec_N",493,17,17,"Ec",22,1,0,1,0,1,0.649603770543311
"29538","1250","Ec_N",493,18,18,"Ec",22,1,0,1,0,1,0.649603770543311
"29539","1250","Ec_N",493,19,19,"Ec",22,1,0,1,0,1,0.649603770543311
"29540","1250","Ec_N",493,20,20,"Ec",22,1,0,1,0,1,0.649603770543311
"29541","1250","Ec_N",493,21,21,"Ec",22,1,0,1,0,1,0.649603770543311
"29542","1250","Ec_N",493,22,22,"Ec",30,1,0,1,1,1,0.981696467924213
"29543","1250","Ec_N",493,23,23,"Ec",30,1,0,1,1,1,0.981696467924213
"29544","1250","Ec_N",493,24,24,"Ec",30,1,0,1,1,1,0.981696467924213
"29545","1250","Ec_N",493,25,25,"Ec",30,1,0,1,1,1,0.981696467924213
"29546","1250","Ec_N",493,26,26,"Ec",30,1,0,1,1,1,0.981696467924213
"29547","1250","Ec_N",493,27,27,"Ec",30,1,0,1,1,1,0.981696467924213
"29548","1250","Ec_N",493,28,28,"Ec",30,1,0,1,1,1,0.981696467924213
"29549","1250","Ec_N",493,29,29,"Ec",30,1,0,1,1,1,0.981696467924213
"29550","1250","Ec_N",493,30,30,"Ec",30,1,0,1,1,1,0.981696467924213
"29551","1250","Ec_N",493,31,31,"Ec",30,1,0,1,1,1,0.981696467924213
"29552","1250","Ec_N",493,32,32,"Ec",30,1,0,1,1,1,0.981696467924213
"29553","1250","Ec_N",493,33,33,"Ec",30,1,0,1,1,1,0.981696467924213
"29554","1250","Ec_N",493,34,34,"Ec",30,1,0,1,1,1,0.981696467924213
"29555","1250","Ec_N",493,35,35,"Ec",30,1,0,1,1,1,0.981696467924213
"29556","1250","Ec_N",493,36,36,"Ec",30,1,0,1,1,1,0.981696467924213
"29557","1250","Ec_N",493,37,37,"Ec",30,1,0,1,1,1,0.981696467924213
"29558","1250","Ec_N",493,38,38,"Ec",30,1,0,1,1,1,0.981696467924213
"29559","1250","Ec_N",493,39,39,"Ec",30,1,0,1,1,1,0.981696467924213
"29560","1250","Ec_N",493,40,40,"Ec",30,1,0,1,1,1,0.981696467924213
"29561","1250","Ec_N",493,41,41,"Ec",30,1,0,1,1,1,0.981696467924213
"29562","1250","Ec_N",493,42,42,"Ec",30,1,0,1,1,1,0.981696467924213
"29563","1250","Ec_N",493,43,43,"Ec",30,1,0,1,1,1,0.981696467924213
"29564","1250","Ec_N",493,44,44,"Ec",30,1,0,1,1,1,0.981696467924213
"29565","1250","Ec_N",493,45,45,"Ec",30,1,0,1,1,1,0.981696467924213
"29566","1250","Ec_N",493,46,46,"Ec",30,1,0,1,1,1,0.981696467924213
"29567","1250","Ec_N",493,47,47,"Ec",30,1,0,1,1,1,0.981696467924213
"29568","1250","Ec_N",493,48,48,"Ec",30,1,0,1,1,1,0.981696467924213
"29569","1250","Ec_N",493,49,49,"Ec",30,1,0,1,1,1,0.981696467924213
"29570","1250","Ec_N",493,50,50,"Ec",30,1,0,1,1,1,0.981696467924213
"29571","1250","Ec_N",493,51,51,"Ec",30,1,0,1,1,1,0.981696467924213
"29572","1250","Ec_N",493,52,52,"Ec",30,1,0,1,1,1,0.981696467924213
"29573","1250","Ec_N",493,53,53,"Ec",30,1,0,1,1,1,0.981696467924213
"29574","1250","Ec_N",493,54,54,"Ec",30,1,0,1,1,1,0.981696467924213
"29575","1250","Ec_N",493,55,55,"Ec",30,1,0,1,1,1,0.981696467924213
"29576","1250","Ec_N",493,56,56,"Ec",30,1,0,1,1,1,0.981696467924213
"29577","1250","Ec_N",493,57,57,"Ec",30,1,0,1,1,1,0.981696467924213
"29578","1250","Ec_N",493,58,58,"Ec",30,1,0,1,1,1,0.981696467924213
"29579","1250","Ec_N",493,59,59,"Ec",30,1,0,1,1,1,0.981696467924213
"29580","1250","Ec_N",493,60,60,"Ec",32,1,1,1,1,1,1
"29581","1250","Ec_N",494,1,1,"Ec",1,0,0,0,0,0,0
"29582","1250","Ec_N",494,2,2,"Ec",1,0,0,0,0,0,0
"29583","1250","Ec_N",494,3,3,"Ec",1,0,0,0,0,0,0
"29584","1250","Ec_N",494,4,4,"Ec",1,0,0,0,0,0,0
"29585","1250","Ec_N",494,5,5,"Ec",1,0,0,0,0,0,0
"29586","1250","Ec_N",494,6,6,"Ec",1,0,0,0,0,0,0
"29587","1250","Ec_N",494,7,7,"Ec",1,0,0,0,0,0,0
"29588","1250","Ec_N",494,8,8,"Ec",1,0,0,0,0,0,0
"29589","1250","Ec_N",494,9,9,"Ec",1,0,0,0,0,0,0
"29590","1250","Ec_N",494,10,10,"Ec",1,0,0,0,0,0,0
"29591","1250","Ec_N",494,11,11,"Ec",5,0,0,1,0,0,0.232063491762724
"29592","1250","Ec_N",494,12,12,"Ec",5,0,0,1,0,0,0.232063491762724
"29593","1250","Ec_N",494,13,13,"Ec",5,0,0,1,0,0,0.232063491762724
"29594","1250","Ec_N",494,14,14,"Ec",5,0,0,1,0,0,0.232063491762724
"29595","1250","Ec_N",494,15,15,"Ec",6,1,0,1,0,0,0.453076146222492
"29596","1250","Ec_N",494,16,16,"Ec",6,1,0,1,0,0,0.453076146222492
"29597","1250","Ec_N",494,17,17,"Ec",6,1,0,1,0,0,0.453076146222492
"29598","1250","Ec_N",494,18,18,"Ec",6,1,0,1,0,0,0.453076146222492
"29599","1250","Ec_N",494,19,19,"Ec",6,1,0,1,0,0,0.453076146222492
"29600","1250","Ec_N",494,20,20,"Ec",6,1,0,1,0,0,0.453076146222492
"29601","1250","Ec_N",494,21,21,"Ec",6,1,0,1,0,0,0.453076146222492
"29602","1250","Ec_N",494,22,22,"Ec",6,1,0,1,0,0,0.453076146222492
"29603","1250","Ec_N",494,23,23,"Ec",22,1,0,1,0,1,0.649603770543311
"29604","1250","Ec_N",494,24,24,"Ec",22,1,0,1,0,1,0.649603770543311
"29605","1250","Ec_N",494,25,25,"Ec",30,1,0,1,1,1,0.981696467924213
"29606","1250","Ec_N",494,26,26,"Ec",32,1,1,1,1,1,1
"29607","1250","Ec_N",494,27,27,"Ec",32,1,1,1,1,1,1
"29608","1250","Ec_N",494,28,28,"Ec",32,1,1,1,1,1,1
"29609","1250","Ec_N",494,29,29,"Ec",32,1,1,1,1,1,1
"29610","1250","Ec_N",494,30,30,"Ec",32,1,1,1,1,1,1
"29611","1250","Ec_N",494,31,31,"Ec",32,1,1,1,1,1,1
"29612","1250","Ec_N",494,32,32,"Ec",32,1,1,1,1,1,1
"29613","1250","Ec_N",494,33,33,"Ec",32,1,1,1,1,1,1
"29614","1250","Ec_N",494,34,34,"Ec",32,1,1,1,1,1,1
"29615","1250","Ec_N",494,35,35,"Ec",32,1,1,1,1,1,1
"29616","1250","Ec_N",494,36,36,"Ec",32,1,1,1,1,1,1
"29617","1250","Ec_N",494,37,37,"Ec",32,1,1,1,1,1,1
"29618","1250","Ec_N",494,38,38,"Ec",32,1,1,1,1,1,1
"29619","1250","Ec_N",494,39,39,"Ec",32,1,1,1,1,1,1
"29620","1250","Ec_N",494,40,40,"Ec",32,1,1,1,1,1,1
"29621","1250","Ec_N",494,41,41,"Ec",32,1,1,1,1,1,1
"29622","1250","Ec_N",494,42,42,"Ec",32,1,1,1,1,1,1
"29623","1250","Ec_N",494,43,43,"Ec",32,1,1,1,1,1,1
"29624","1250","Ec_N",494,44,44,"Ec",32,1,1,1,1,1,1
"29625","1250","Ec_N",494,45,45,"Ec",32,1,1,1,1,1,1
"29626","1250","Ec_N",494,46,46,"Ec",32,1,1,1,1,1,1
"29627","1250","Ec_N",494,47,47,"Ec",32,1,1,1,1,1,1
"29628","1250","Ec_N",494,48,48,"Ec",32,1,1,1,1,1,1
"29629","1250","Ec_N",494,49,49,"Ec",32,1,1,1,1,1,1
"29630","1250","Ec_N",494,50,50,"Ec",32,1,1,1,1,1,1
"29631","1250","Ec_N",494,51,51,"Ec",32,1,1,1,1,1,1
"29632","1250","Ec_N",494,52,52,"Ec",32,1,1,1,1,1,1
"29633","1250","Ec_N",494,53,53,"Ec",32,1,1,1,1,1,1
"29634","1250","Ec_N",494,54,54,"Ec",32,1,1,1,1,1,1
"29635","1250","Ec_N",494,55,55,"Ec",32,1,1,1,1,1,1
"29636","1250","Ec_N",494,56,56,"Ec",32,1,1,1,1,1,1
"29637","1250","Ec_N",494,57,57,"Ec",32,1,1,1,1,1,1
"29638","1250","Ec_N",494,58,58,"Ec",32,1,1,1,1,1,1
"29639","1250","Ec_N",494,59,59,"Ec",32,1,1,1,1,1,1
"29640","1250","Ec_N",494,60,60,"Ec",32,1,1,1,1,1,1
"29641","1250","Ec_N",495,1,1,"Ec",1,0,0,0,0,0,0
"29642","1250","Ec_N",495,2,2,"Ec",1,0,0,0,0,0,0
"29643","1250","Ec_N",495,3,3,"Ec",2,1,0,0,0,0,0.221012654459768
"29644","1250","Ec_N",495,4,4,"Ec",2,1,0,0,0,0,0.221012654459768
"29645","1250","Ec_N",495,5,5,"Ec",2,1,0,0,0,0,0.221012654459768
"29646","1250","Ec_N",495,6,6,"Ec",2,1,0,0,0,0,0.221012654459768
"29647","1250","Ec_N",495,7,7,"Ec",2,1,0,0,0,0,0.221012654459768
"29648","1250","Ec_N",495,8,8,"Ec",2,1,0,0,0,0,0.221012654459768
"29649","1250","Ec_N",495,9,9,"Ec",2,1,0,0,0,0,0.221012654459768
"29650","1250","Ec_N",495,10,10,"Ec",2,1,0,0,0,0,0.221012654459768
"29651","1250","Ec_N",495,11,11,"Ec",2,1,0,0,0,0,0.221012654459768
"29652","1250","Ec_N",495,12,12,"Ec",2,1,0,0,0,0,0.221012654459768
"29653","1250","Ec_N",495,13,13,"Ec",2,1,0,0,0,0,0.221012654459768
"29654","1250","Ec_N",495,14,14,"Ec",2,1,0,0,0,0,0.221012654459768
"29655","1250","Ec_N",495,15,15,"Ec",4,1,1,0,0,0,0.303663233874882
"29656","1250","Ec_N",495,16,16,"Ec",4,1,1,0,0,0,0.303663233874882
"29657","1250","Ec_N",495,17,17,"Ec",4,1,1,0,0,0,0.303663233874882
"29658","1250","Ec_N",495,18,18,"Ec",4,1,1,0,0,0,0.303663233874882
"29659","1250","Ec_N",495,19,19,"Ec",4,1,1,0,0,0,0.303663233874882
"29660","1250","Ec_N",495,20,20,"Ec",4,1,1,0,0,0,0.303663233874882
"29661","1250","Ec_N",495,21,21,"Ec",4,1,1,0,0,0,0.303663233874882
"29662","1250","Ec_N",495,22,22,"Ec",4,1,1,0,0,0,0.303663233874882
"29663","1250","Ec_N",495,23,23,"Ec",4,1,1,0,0,0,0.303663233874882
"29664","1250","Ec_N",495,24,24,"Ec",12,1,1,0,1,0,0.552627762799163
"29665","1250","Ec_N",495,25,25,"Ec",12,1,1,0,1,0,0.552627762799163
"29666","1250","Ec_N",495,26,26,"Ec",12,1,1,0,1,0,0.552627762799163
"29667","1250","Ec_N",495,27,27,"Ec",12,1,1,0,1,0,0.552627762799163
"29668","1250","Ec_N",495,28,28,"Ec",12,1,1,0,1,0,0.552627762799163
"29669","1250","Ec_N",495,29,29,"Ec",12,1,1,0,1,0,0.552627762799163
"29670","1250","Ec_N",495,30,30,"Ec",12,1,1,0,1,0,0.552627762799163
"29671","1250","Ec_N",495,31,31,"Ec",12,1,1,0,1,0,0.552627762799163
"29672","1250","Ec_N",495,32,32,"Ec",12,1,1,0,1,0,0.552627762799163
"29673","1250","Ec_N",495,33,33,"Ec",12,1,1,0,1,0,0.552627762799163
"29674","1250","Ec_N",495,34,34,"Ec",12,1,1,0,1,0,0.552627762799163
"29675","1250","Ec_N",495,35,35,"Ec",12,1,1,0,1,0,0.552627762799163
"29676","1250","Ec_N",495,36,36,"Ec",12,1,1,0,1,0,0.552627762799163
"29677","1250","Ec_N",495,37,37,"Ec",12,1,1,0,1,0,0.552627762799163
"29678","1250","Ec_N",495,38,38,"Ec",16,1,1,1,1,0,0.879284144928883
"29679","1250","Ec_N",495,39,39,"Ec",16,1,1,1,1,0,0.879284144928883
"29680","1250","Ec_N",495,40,40,"Ec",16,1,1,1,1,0,0.879284144928883
"29681","1250","Ec_N",495,41,41,"Ec",16,1,1,1,1,0,0.879284144928883
"29682","1250","Ec_N",495,42,42,"Ec",16,1,1,1,1,0,0.879284144928883
"29683","1250","Ec_N",495,43,43,"Ec",16,1,1,1,1,0,0.879284144928883
"29684","1250","Ec_N",495,44,44,"Ec",16,1,1,1,1,0,0.879284144928883
"29685","1250","Ec_N",495,45,45,"Ec",16,1,1,1,1,0,0.879284144928883
"29686","1250","Ec_N",495,46,46,"Ec",16,1,1,1,1,0,0.879284144928883
"29687","1250","Ec_N",495,47,47,"Ec",16,1,1,1,1,0,0.879284144928883
"29688","1250","Ec_N",495,48,48,"Ec",16,1,1,1,1,0,0.879284144928883
"29689","1250","Ec_N",495,49,49,"Ec",16,1,1,1,1,0,0.879284144928883
"29690","1250","Ec_N",495,50,50,"Ec",16,1,1,1,1,0,0.879284144928883
"29691","1250","Ec_N",495,51,51,"Ec",16,1,1,1,1,0,0.879284144928883
"29692","1250","Ec_N",495,52,52,"Ec",16,1,1,1,1,0,0.879284144928883
"29693","1250","Ec_N",495,53,53,"Ec",16,1,1,1,1,0,0.879284144928883
"29694","1250","Ec_N",495,54,54,"Ec",16,1,1,1,1,0,0.879284144928883
"29695","1250","Ec_N",495,55,55,"Ec",16,1,1,1,1,0,0.879284144928883
"29696","1250","Ec_N",495,56,56,"Ec",16,1,1,1,1,0,0.879284144928883
"29697","1250","Ec_N",495,57,57,"Ec",16,1,1,1,1,0,0.879284144928883
"29698","1250","Ec_N",495,58,58,"Ec",16,1,1,1,1,0,0.879284144928883
"29699","1250","Ec_N",495,59,59,"Ec",16,1,1,1,1,0,0.879284144928883
"29700","1250","Ec_N",495,60,60,"Ec",16,1,1,1,1,0,0.879284144928883
"29701","1250","Ec_N",496,1,1,"Ec",1,0,0,0,0,0,0
"29702","1250","Ec_N",496,2,2,"Ec",1,0,0,0,0,0,0
"29703","1250","Ec_N",496,3,3,"Ec",1,0,0,0,0,0,0
"29704","1250","Ec_N",496,4,4,"Ec",17,0,0,0,0,1,0.14692246949649
"29705","1250","Ec_N",496,5,5,"Ec",17,0,0,0,0,1,0.14692246949649
"29706","1250","Ec_N",496,6,6,"Ec",17,0,0,0,0,1,0.14692246949649
"29707","1250","Ec_N",496,7,7,"Ec",19,0,1,0,0,1,0.179678659430889
"29708","1250","Ec_N",496,8,8,"Ec",19,0,1,0,0,1,0.179678659430889
"29709","1250","Ec_N",496,9,9,"Ec",19,0,1,0,0,1,0.179678659430889
"29710","1250","Ec_N",496,10,10,"Ec",19,0,1,0,0,1,0.179678659430889
"29711","1250","Ec_N",496,11,11,"Ec",19,0,1,0,0,1,0.179678659430889
"29712","1250","Ec_N",496,12,12,"Ec",27,0,1,0,1,1,0.50104458373578
"29713","1250","Ec_N",496,13,13,"Ec",27,0,1,0,1,1,0.50104458373578
"29714","1250","Ec_N",496,14,14,"Ec",27,0,1,0,1,1,0.50104458373578
"29715","1250","Ec_N",496,15,15,"Ec",27,0,1,0,1,1,0.50104458373578
"29716","1250","Ec_N",496,16,16,"Ec",27,0,1,0,1,1,0.50104458373578
"29717","1250","Ec_N",496,17,17,"Ec",27,0,1,0,1,1,0.50104458373578
"29718","1250","Ec_N",496,18,18,"Ec",31,0,1,1,1,1,0.778987345540232
"29719","1250","Ec_N",496,19,19,"Ec",31,0,1,1,1,1,0.778987345540232
"29720","1250","Ec_N",496,20,20,"Ec",31,0,1,1,1,1,0.778987345540232
"29721","1250","Ec_N",496,21,21,"Ec",31,0,1,1,1,1,0.778987345540232
"29722","1250","Ec_N",496,22,22,"Ec",31,0,1,1,1,1,0.778987345540232
"29723","1250","Ec_N",496,23,23,"Ec",31,0,1,1,1,1,0.778987345540232
"29724","1250","Ec_N",496,24,24,"Ec",31,0,1,1,1,1,0.778987345540232
"29725","1250","Ec_N",496,25,25,"Ec",31,0,1,1,1,1,0.778987345540232
"29726","1250","Ec_N",496,26,26,"Ec",31,0,1,1,1,1,0.778987345540232
"29727","1250","Ec_N",496,27,27,"Ec",31,0,1,1,1,1,0.778987345540232
"29728","1250","Ec_N",496,28,28,"Ec",31,0,1,1,1,1,0.778987345540232
"29729","1250","Ec_N",496,29,29,"Ec",31,0,1,1,1,1,0.778987345540232
"29730","1250","Ec_N",496,30,30,"Ec",31,0,1,1,1,1,0.778987345540232
"29731","1250","Ec_N",496,31,31,"Ec",32,1,1,1,1,1,1
"29732","1250","Ec_N",496,32,32,"Ec",32,1,1,1,1,1,1
"29733","1250","Ec_N",496,33,33,"Ec",32,1,1,1,1,1,1
"29734","1250","Ec_N",496,34,34,"Ec",32,1,1,1,1,1,1
"29735","1250","Ec_N",496,35,35,"Ec",32,1,1,1,1,1,1
"29736","1250","Ec_N",496,36,36,"Ec",32,1,1,1,1,1,1
"29737","1250","Ec_N",496,37,37,"Ec",32,1,1,1,1,1,1
"29738","1250","Ec_N",496,38,38,"Ec",32,1,1,1,1,1,1
"29739","1250","Ec_N",496,39,39,"Ec",32,1,1,1,1,1,1
"29740","1250","Ec_N",496,40,40,"Ec",32,1,1,1,1,1,1
"29741","1250","Ec_N",496,41,41,"Ec",32,1,1,1,1,1,1
"29742","1250","Ec_N",496,42,42,"Ec",32,1,1,1,1,1,1
"29743","1250","Ec_N",496,43,43,"Ec",32,1,1,1,1,1,1
"29744","1250","Ec_N",496,44,44,"Ec",32,1,1,1,1,1,1
"29745","1250","Ec_N",496,45,45,"Ec",32,1,1,1,1,1,1
"29746","1250","Ec_N",496,46,46,"Ec",32,1,1,1,1,1,1
"29747","1250","Ec_N",496,47,47,"Ec",32,1,1,1,1,1,1
"29748","1250","Ec_N",496,48,48,"Ec",32,1,1,1,1,1,1
"29749","1250","Ec_N",496,49,49,"Ec",32,1,1,1,1,1,1
"29750","1250","Ec_N",496,50,50,"Ec",32,1,1,1,1,1,1
"29751","1250","Ec_N",496,51,51,"Ec",32,1,1,1,1,1,1
"29752","1250","Ec_N",496,52,52,"Ec",32,1,1,1,1,1,1
"29753","1250","Ec_N",496,53,53,"Ec",32,1,1,1,1,1,1
"29754","1250","Ec_N",496,54,54,"Ec",32,1,1,1,1,1,1
"29755","1250","Ec_N",496,55,55,"Ec",32,1,1,1,1,1,1
"29756","1250","Ec_N",496,56,56,"Ec",32,1,1,1,1,1,1
"29757","1250","Ec_N",496,57,57,"Ec",32,1,1,1,1,1,1
"29758","1250","Ec_N",496,58,58,"Ec",32,1,1,1,1,1,1
"29759","1250","Ec_N",496,59,59,"Ec",32,1,1,1,1,1,1
"29760","1250","Ec_N",496,60,60,"Ec",32,1,1,1,1,1,1
"29761","1250","Ec_N",497,1,1,"Ec",1,0,0,0,0,0,0
"29762","1250","Ec_N",497,2,2,"Ec",1,0,0,0,0,0,0
"29763","1250","Ec_N",497,3,3,"Ec",1,0,0,0,0,0,0
"29764","1250","Ec_N",497,4,4,"Ec",1,0,0,0,0,0,0
"29765","1250","Ec_N",497,5,5,"Ec",1,0,0,0,0,0,0
"29766","1250","Ec_N",497,6,6,"Ec",1,0,0,0,0,0,0
"29767","1250","Ec_N",497,7,7,"Ec",1,0,0,0,0,0,0
"29768","1250","Ec_N",497,8,8,"Ec",1,0,0,0,0,0,0
"29769","1250","Ec_N",497,9,9,"Ec",1,0,0,0,0,0,0
"29770","1250","Ec_N",497,10,10,"Ec",1,0,0,0,0,0,0
"29771","1250","Ec_N",497,11,11,"Ec",1,0,0,0,0,0,0
"29772","1250","Ec_N",497,12,12,"Ec",1,0,0,0,0,0,0
"29773","1250","Ec_N",497,13,13,"Ec",1,0,0,0,0,0,0
"29774","1250","Ec_N",497,14,14,"Ec",1,0,0,0,0,0,0
"29775","1250","Ec_N",497,15,15,"Ec",1,0,0,0,0,0,0
"29776","1250","Ec_N",497,16,16,"Ec",5,0,0,1,0,0,0.232063491762724
"29777","1250","Ec_N",497,17,17,"Ec",13,0,0,1,1,0,0.499809141804299
"29778","1250","Ec_N",497,18,18,"Ec",13,0,0,1,1,0,0.499809141804299
"29779","1250","Ec_N",497,19,19,"Ec",13,0,0,1,1,0,0.499809141804299
"29780","1250","Ec_N",497,20,20,"Ec",13,0,0,1,1,0,0.499809141804299
"29781","1250","Ec_N",497,21,21,"Ec",13,0,0,1,1,0,0.499809141804299
"29782","1250","Ec_N",497,22,22,"Ec",13,0,0,1,1,0,0.499809141804299
"29783","1250","Ec_N",497,23,23,"Ec",13,0,0,1,1,0,0.499809141804299
"29784","1250","Ec_N",497,24,24,"Ec",13,0,0,1,1,0,0.499809141804299
"29785","1250","Ec_N",497,25,25,"Ec",13,0,0,1,1,0,0.499809141804299
"29786","1250","Ec_N",497,26,26,"Ec",13,0,0,1,1,0,0.499809141804299
"29787","1250","Ec_N",497,27,27,"Ec",13,0,0,1,1,0,0.499809141804299
"29788","1250","Ec_N",497,28,28,"Ec",13,0,0,1,1,0,0.499809141804299
"29789","1250","Ec_N",497,29,29,"Ec",13,0,0,1,1,0,0.499809141804299
"29790","1250","Ec_N",497,30,30,"Ec",13,0,0,1,1,0,0.499809141804299
"29791","1250","Ec_N",497,31,31,"Ec",13,0,0,1,1,0,0.499809141804299
"29792","1250","Ec_N",497,32,32,"Ec",13,0,0,1,1,0,0.499809141804299
"29793","1250","Ec_N",497,33,33,"Ec",13,0,0,1,1,0,0.499809141804299
"29794","1250","Ec_N",497,34,34,"Ec",13,0,0,1,1,0,0.499809141804299
"29795","1250","Ec_N",497,35,35,"Ec",13,0,0,1,1,0,0.499809141804299
"29796","1250","Ec_N",497,36,36,"Ec",14,1,0,1,1,0,0.720821796264067
"29797","1250","Ec_N",497,37,37,"Ec",14,1,0,1,1,0,0.720821796264067
"29798","1250","Ec_N",497,38,38,"Ec",14,1,0,1,1,0,0.720821796264067
"29799","1250","Ec_N",497,39,39,"Ec",14,1,0,1,1,0,0.720821796264067
"29800","1250","Ec_N",497,40,40,"Ec",14,1,0,1,1,0,0.720821796264067
"29801","1250","Ec_N",497,41,41,"Ec",14,1,0,1,1,0,0.720821796264067
"29802","1250","Ec_N",497,42,42,"Ec",14,1,0,1,1,0,0.720821796264067
"29803","1250","Ec_N",497,43,43,"Ec",30,1,0,1,1,1,0.981696467924213
"29804","1250","Ec_N",497,44,44,"Ec",30,1,0,1,1,1,0.981696467924213
"29805","1250","Ec_N",497,45,45,"Ec",30,1,0,1,1,1,0.981696467924213
"29806","1250","Ec_N",497,46,46,"Ec",30,1,0,1,1,1,0.981696467924213
"29807","1250","Ec_N",497,47,47,"Ec",30,1,0,1,1,1,0.981696467924213
"29808","1250","Ec_N",497,48,48,"Ec",30,1,0,1,1,1,0.981696467924213
"29809","1250","Ec_N",497,49,49,"Ec",30,1,0,1,1,1,0.981696467924213
"29810","1250","Ec_N",497,50,50,"Ec",30,1,0,1,1,1,0.981696467924213
"29811","1250","Ec_N",497,51,51,"Ec",30,1,0,1,1,1,0.981696467924213
"29812","1250","Ec_N",497,52,52,"Ec",30,1,0,1,1,1,0.981696467924213
"29813","1250","Ec_N",497,53,53,"Ec",30,1,0,1,1,1,0.981696467924213
"29814","1250","Ec_N",497,54,54,"Ec",30,1,0,1,1,1,0.981696467924213
"29815","1250","Ec_N",497,55,55,"Ec",30,1,0,1,1,1,0.981696467924213
"29816","1250","Ec_N",497,56,56,"Ec",30,1,0,1,1,1,0.981696467924213
"29817","1250","Ec_N",497,57,57,"Ec",30,1,0,1,1,1,0.981696467924213
"29818","1250","Ec_N",497,58,58,"Ec",30,1,0,1,1,1,0.981696467924213
"29819","1250","Ec_N",497,59,59,"Ec",32,1,1,1,1,1,1
"29820","1250","Ec_N",497,60,60,"Ec",32,1,1,1,1,1,1
"29821","1250","Ec_N",498,1,1,"Ec",1,0,0,0,0,0,0
"29822","1250","Ec_N",498,2,2,"Ec",1,0,0,0,0,0,0
"29823","1250","Ec_N",498,3,3,"Ec",1,0,0,0,0,0,0
"29824","1250","Ec_N",498,4,4,"Ec",1,0,0,0,0,0,0
"29825","1250","Ec_N",498,5,5,"Ec",1,0,0,0,0,0,0
"29826","1250","Ec_N",498,6,6,"Ec",1,0,0,0,0,0,0
"29827","1250","Ec_N",498,7,7,"Ec",1,0,0,0,0,0,0
"29828","1250","Ec_N",498,8,8,"Ec",1,0,0,0,0,0,0
"29829","1250","Ec_N",498,9,9,"Ec",1,0,0,0,0,0,0
"29830","1250","Ec_N",498,10,10,"Ec",1,0,0,0,0,0,0
"29831","1250","Ec_N",498,11,11,"Ec",17,0,0,0,0,1,0.14692246949649
"29832","1250","Ec_N",498,12,12,"Ec",17,0,0,0,0,1,0.14692246949649
"29833","1250","Ec_N",498,13,13,"Ec",19,0,1,0,0,1,0.179678659430889
"29834","1250","Ec_N",498,14,14,"Ec",19,0,1,0,0,1,0.179678659430889
"29835","1250","Ec_N",498,15,15,"Ec",19,0,1,0,0,1,0.179678659430889
"29836","1250","Ec_N",498,16,16,"Ec",23,0,1,1,0,1,0.511241695498657
"29837","1250","Ec_N",498,17,17,"Ec",23,0,1,1,0,1,0.511241695498657
"29838","1250","Ec_N",498,18,18,"Ec",23,0,1,1,0,1,0.511241695498657
"29839","1250","Ec_N",498,19,19,"Ec",23,0,1,1,0,1,0.511241695498657
"29840","1250","Ec_N",498,20,20,"Ec",23,0,1,1,0,1,0.511241695498657
"29841","1250","Ec_N",498,21,21,"Ec",23,0,1,1,0,1,0.511241695498657
"29842","1250","Ec_N",498,22,22,"Ec",23,0,1,1,0,1,0.511241695498657
"29843","1250","Ec_N",498,23,23,"Ec",23,0,1,1,0,1,0.511241695498657
"29844","1250","Ec_N",498,24,24,"Ec",23,0,1,1,0,1,0.511241695498657
"29845","1250","Ec_N",498,25,25,"Ec",23,0,1,1,0,1,0.511241695498657
"29846","1250","Ec_N",498,26,26,"Ec",23,0,1,1,0,1,0.511241695498657
"29847","1250","Ec_N",498,27,27,"Ec",23,0,1,1,0,1,0.511241695498657
"29848","1250","Ec_N",498,28,28,"Ec",23,0,1,1,0,1,0.511241695498657
"29849","1250","Ec_N",498,29,29,"Ec",23,0,1,1,0,1,0.511241695498657
"29850","1250","Ec_N",498,30,30,"Ec",23,0,1,1,0,1,0.511241695498657
"29851","1250","Ec_N",498,31,31,"Ec",24,1,1,1,0,1,0.732254349958425
"29852","1250","Ec_N",498,32,32,"Ec",24,1,1,1,0,1,0.732254349958425
"29853","1250","Ec_N",498,33,33,"Ec",24,1,1,1,0,1,0.732254349958425
"29854","1250","Ec_N",498,34,34,"Ec",24,1,1,1,0,1,0.732254349958425
"29855","1250","Ec_N",498,35,35,"Ec",24,1,1,1,0,1,0.732254349958425
"29856","1250","Ec_N",498,36,36,"Ec",24,1,1,1,0,1,0.732254349958425
"29857","1250","Ec_N",498,37,37,"Ec",24,1,1,1,0,1,0.732254349958425
"29858","1250","Ec_N",498,38,38,"Ec",24,1,1,1,0,1,0.732254349958425
"29859","1250","Ec_N",498,39,39,"Ec",24,1,1,1,0,1,0.732254349958425
"29860","1250","Ec_N",498,40,40,"Ec",24,1,1,1,0,1,0.732254349958425
"29861","1250","Ec_N",498,41,41,"Ec",24,1,1,1,0,1,0.732254349958425
"29862","1250","Ec_N",498,42,42,"Ec",24,1,1,1,0,1,0.732254349958425
"29863","1250","Ec_N",498,43,43,"Ec",24,1,1,1,0,1,0.732254349958425
"29864","1250","Ec_N",498,44,44,"Ec",24,1,1,1,0,1,0.732254349958425
"29865","1250","Ec_N",498,45,45,"Ec",24,1,1,1,0,1,0.732254349958425
"29866","1250","Ec_N",498,46,46,"Ec",24,1,1,1,0,1,0.732254349958425
"29867","1250","Ec_N",498,47,47,"Ec",24,1,1,1,0,1,0.732254349958425
"29868","1250","Ec_N",498,48,48,"Ec",24,1,1,1,0,1,0.732254349958425
"29869","1250","Ec_N",498,49,49,"Ec",24,1,1,1,0,1,0.732254349958425
"29870","1250","Ec_N",498,50,50,"Ec",24,1,1,1,0,1,0.732254349958425
"29871","1250","Ec_N",498,51,51,"Ec",24,1,1,1,0,1,0.732254349958425
"29872","1250","Ec_N",498,52,52,"Ec",24,1,1,1,0,1,0.732254349958425
"29873","1250","Ec_N",498,53,53,"Ec",24,1,1,1,0,1,0.732254349958425
"29874","1250","Ec_N",498,54,54,"Ec",24,1,1,1,0,1,0.732254349958425
"29875","1250","Ec_N",498,55,55,"Ec",24,1,1,1,0,1,0.732254349958425
"29876","1250","Ec_N",498,56,56,"Ec",24,1,1,1,0,1,0.732254349958425
"29877","1250","Ec_N",498,57,57,"Ec",24,1,1,1,0,1,0.732254349958425
"29878","1250","Ec_N",498,58,58,"Ec",24,1,1,1,0,1,0.732254349958425
"29879","1250","Ec_N",498,59,59,"Ec",24,1,1,1,0,1,0.732254349958425
"29880","1250","Ec_N",498,60,60,"Ec",24,1,1,1,0,1,0.732254349958425
"29881","1250","Ec_N",499,1,1,"Ec",1,0,0,0,0,0,0
"29882","1250","Ec_N",499,2,2,"Ec",1,0,0,0,0,0,0
"29883","1250","Ec_N",499,3,3,"Ec",1,0,0,0,0,0,0
"29884","1250","Ec_N",499,4,4,"Ec",1,0,0,0,0,0,0
"29885","1250","Ec_N",499,5,5,"Ec",1,0,0,0,0,0,0
"29886","1250","Ec_N",499,6,6,"Ec",1,0,0,0,0,0,0
"29887","1250","Ec_N",499,7,7,"Ec",1,0,0,0,0,0,0
"29888","1250","Ec_N",499,8,8,"Ec",1,0,0,0,0,0,0
"29889","1250","Ec_N",499,9,9,"Ec",1,0,0,0,0,0,0
"29890","1250","Ec_N",499,10,10,"Ec",1,0,0,0,0,0,0
"29891","1250","Ec_N",499,11,11,"Ec",1,0,0,0,0,0,0
"29892","1250","Ec_N",499,12,12,"Ec",1,0,0,0,0,0,0
"29893","1250","Ec_N",499,13,13,"Ec",1,0,0,0,0,0,0
"29894","1250","Ec_N",499,14,14,"Ec",1,0,0,0,0,0,0
"29895","1250","Ec_N",499,15,15,"Ec",1,0,0,0,0,0,0
"29896","1250","Ec_N",499,16,16,"Ec",1,0,0,0,0,0,0
"29897","1250","Ec_N",499,17,17,"Ec",1,0,0,0,0,0,0
"29898","1250","Ec_N",499,18,18,"Ec",1,0,0,0,0,0,0
"29899","1250","Ec_N",499,19,19,"Ec",1,0,0,0,0,0,0
"29900","1250","Ec_N",499,20,20,"Ec",1,0,0,0,0,0,0
"29901","1250","Ec_N",499,21,21,"Ec",1,0,0,0,0,0,0
"29902","1250","Ec_N",499,22,22,"Ec",1,0,0,0,0,0,0
"29903","1250","Ec_N",499,23,23,"Ec",2,1,0,0,0,0,0.221012654459768
"29904","1250","Ec_N",499,24,24,"Ec",2,1,0,0,0,0,0.221012654459768
"29905","1250","Ec_N",499,25,25,"Ec",2,1,0,0,0,0,0.221012654459768
"29906","1250","Ec_N",499,26,26,"Ec",18,1,0,0,0,1,0.417540278780587
"29907","1250","Ec_N",499,27,27,"Ec",18,1,0,0,0,1,0.417540278780587
"29908","1250","Ec_N",499,28,28,"Ec",18,1,0,0,0,1,0.417540278780587
"29909","1250","Ec_N",499,29,29,"Ec",18,1,0,0,0,1,0.417540278780587
"29910","1250","Ec_N",499,30,30,"Ec",18,1,0,0,0,1,0.417540278780587
"29911","1250","Ec_N",499,31,31,"Ec",20,1,1,0,0,1,0.500190858195701
"29912","1250","Ec_N",499,32,32,"Ec",20,1,1,0,0,1,0.500190858195701
"29913","1250","Ec_N",499,33,33,"Ec",28,1,1,0,1,1,0.770762719311211
"29914","1250","Ec_N",499,34,34,"Ec",28,1,1,0,1,1,0.770762719311211
"29915","1250","Ec_N",499,35,35,"Ec",28,1,1,0,1,1,0.770762719311211
"29916","1250","Ec_N",499,36,36,"Ec",28,1,1,0,1,1,0.770762719311211
"29917","1250","Ec_N",499,37,37,"Ec",28,1,1,0,1,1,0.770762719311211
"29918","1250","Ec_N",499,38,38,"Ec",28,1,1,0,1,1,0.770762719311211
"29919","1250","Ec_N",499,39,39,"Ec",28,1,1,0,1,1,0.770762719311211
"29920","1250","Ec_N",499,40,40,"Ec",28,1,1,0,1,1,0.770762719311211
"29921","1250","Ec_N",499,41,41,"Ec",28,1,1,0,1,1,0.770762719311211
"29922","1250","Ec_N",499,42,42,"Ec",28,1,1,0,1,1,0.770762719311211
"29923","1250","Ec_N",499,43,43,"Ec",28,1,1,0,1,1,0.770762719311211
"29924","1250","Ec_N",499,44,44,"Ec",28,1,1,0,1,1,0.770762719311211
"29925","1250","Ec_N",499,45,45,"Ec",28,1,1,0,1,1,0.770762719311211
"29926","1250","Ec_N",499,46,46,"Ec",28,1,1,0,1,1,0.770762719311211
"29927","1250","Ec_N",499,47,47,"Ec",28,1,1,0,1,1,0.770762719311211
"29928","1250","Ec_N",499,48,48,"Ec",28,1,1,0,1,1,0.770762719311211
"29929","1250","Ec_N",499,49,49,"Ec",28,1,1,0,1,1,0.770762719311211
"29930","1250","Ec_N",499,50,50,"Ec",28,1,1,0,1,1,0.770762719311211
"29931","1250","Ec_N",499,51,51,"Ec",28,1,1,0,1,1,0.770762719311211
"29932","1250","Ec_N",499,52,52,"Ec",28,1,1,0,1,1,0.770762719311211
"29933","1250","Ec_N",499,53,53,"Ec",28,1,1,0,1,1,0.770762719311211
"29934","1250","Ec_N",499,54,54,"Ec",28,1,1,0,1,1,0.770762719311211
"29935","1250","Ec_N",499,55,55,"Ec",28,1,1,0,1,1,0.770762719311211
"29936","1250","Ec_N",499,56,56,"Ec",28,1,1,0,1,1,0.770762719311211
"29937","1250","Ec_N",499,57,57,"Ec",28,1,1,0,1,1,0.770762719311211
"29938","1250","Ec_N",499,58,58,"Ec",28,1,1,0,1,1,0.770762719311211
"29939","1250","Ec_N",499,59,59,"Ec",28,1,1,0,1,1,0.770762719311211
"29940","1250","Ec_N",499,60,60,"Ec",28,1,1,0,1,1,0.770762719311211
"29941","1250","Ec_N",500,1,1,"Ec",1,0,0,0,0,0,0
"29942","1250","Ec_N",500,2,2,"Ec",1,0,0,0,0,0,0
"29943","1250","Ec_N",500,3,3,"Ec",1,0,0,0,0,0,0
"29944","1250","Ec_N",500,4,4,"Ec",1,0,0,0,0,0,0
"29945","1250","Ec_N",500,5,5,"Ec",1,0,0,0,0,0,0
"29946","1250","Ec_N",500,6,6,"Ec",1,0,0,0,0,0,0
"29947","1250","Ec_N",500,7,7,"Ec",1,0,0,0,0,0,0
"29948","1250","Ec_N",500,8,8,"Ec",1,0,0,0,0,0,0
"29949","1250","Ec_N",500,9,9,"Ec",1,0,0,0,0,0,0
"29950","1250","Ec_N",500,10,10,"Ec",9,0,0,0,1,0,0.267745650041575
"29951","1250","Ec_N",500,11,11,"Ec",9,0,0,0,1,0,0.267745650041575
"29952","1250","Ec_N",500,12,12,"Ec",9,0,0,0,1,0,0.267745650041575
"29953","1250","Ec_N",500,13,13,"Ec",25,0,0,0,1,1,0.464273274362394
"29954","1250","Ec_N",500,14,14,"Ec",25,0,0,0,1,1,0.464273274362394
"29955","1250","Ec_N",500,15,15,"Ec",25,0,0,0,1,1,0.464273274362394
"29956","1250","Ec_N",500,16,16,"Ec",25,0,0,0,1,1,0.464273274362394
"29957","1250","Ec_N",500,17,17,"Ec",25,0,0,0,1,1,0.464273274362394
"29958","1250","Ec_N",500,18,18,"Ec",26,1,0,0,1,1,0.685285928822162
"29959","1250","Ec_N",500,19,19,"Ec",26,1,0,0,1,1,0.685285928822162
"29960","1250","Ec_N",500,20,20,"Ec",26,1,0,0,1,1,0.685285928822162
"29961","1250","Ec_N",500,21,21,"Ec",26,1,0,0,1,1,0.685285928822162
"29962","1250","Ec_N",500,22,22,"Ec",26,1,0,0,1,1,0.685285928822162
"29963","1250","Ec_N",500,23,23,"Ec",26,1,0,0,1,1,0.685285928822162
"29964","1250","Ec_N",500,24,24,"Ec",26,1,0,0,1,1,0.685285928822162
"29965","1250","Ec_N",500,25,25,"Ec",26,1,0,0,1,1,0.685285928822162
"29966","1250","Ec_N",500,26,26,"Ec",26,1,0,0,1,1,0.685285928822162
"29967","1250","Ec_N",500,27,27,"Ec",26,1,0,0,1,1,0.685285928822162
"29968","1250","Ec_N",500,28,28,"Ec",26,1,0,0,1,1,0.685285928822162
"29969","1250","Ec_N",500,29,29,"Ec",26,1,0,0,1,1,0.685285928822162
"29970","1250","Ec_N",500,30,30,"Ec",28,1,1,0,1,1,0.770762719311211
"29971","1250","Ec_N",500,31,31,"Ec",28,1,1,0,1,1,0.770762719311211
"29972","1250","Ec_N",500,32,32,"Ec",28,1,1,0,1,1,0.770762719311211
"29973","1250","Ec_N",500,33,33,"Ec",28,1,1,0,1,1,0.770762719311211
"29974","1250","Ec_N",500,34,34,"Ec",28,1,1,0,1,1,0.770762719311211
"29975","1250","Ec_N",500,35,35,"Ec",28,1,1,0,1,1,0.770762719311211
"29976","1250","Ec_N",500,36,36,"Ec",28,1,1,0,1,1,0.770762719311211
"29977","1250","Ec_N",500,37,37,"Ec",28,1,1,0,1,1,0.770762719311211
"29978","1250","Ec_N",500,38,38,"Ec",28,1,1,0,1,1,0.770762719311211
"29979","1250","Ec_N",500,39,39,"Ec",28,1,1,0,1,1,0.770762719311211
"29980","1250","Ec_N",500,40,40,"Ec",28,1,1,0,1,1,0.770762719311211
"29981","1250","Ec_N",500,41,41,"Ec",28,1,1,0,1,1,0.770762719311211
"29982","1250","Ec_N",500,42,42,"Ec",28,1,1,0,1,1,0.770762719311211
"29983","1250","Ec_N",500,43,43,"Ec",28,1,1,0,1,1,0.770762719311211
"29984","1250","Ec_N",500,44,44,"Ec",28,1,1,0,1,1,0.770762719311211
"29985","1250","Ec_N",500,45,45,"Ec",28,1,1,0,1,1,0.770762719311211
"29986","1250","Ec_N",500,46,46,"Ec",28,1,1,0,1,1,0.770762719311211
"29987","1250","Ec_N",500,47,47,"Ec",28,1,1,0,1,1,0.770762719311211
"29988","1250","Ec_N",500,48,48,"Ec",28,1,1,0,1,1,0.770762719311211
"29989","1250","Ec_N",500,49,49,"Ec",28,1,1,0,1,1,0.770762719311211
"29990","1250","Ec_N",500,50,50,"Ec",28,1,1,0,1,1,0.770762719311211
"29991","1250","Ec_N",500,51,51,"Ec",28,1,1,0,1,1,0.770762719311211
"29992","1250","Ec_N",500,52,52,"Ec",28,1,1,0,1,1,0.770762719311211
"29993","1250","Ec_N",500,53,53,"Ec",28,1,1,0,1,1,0.770762719311211
"29994","1250","Ec_N",500,54,54,"Ec",28,1,1,0,1,1,0.770762719311211
"29995","1250","Ec_N",500,55,55,"Ec",28,1,1,0,1,1,0.770762719311211
"29996","1250","Ec_N",500,56,56,"Ec",28,1,1,0,1,1,0.770762719311211
"29997","1250","Ec_N",500,57,57,"Ec",28,1,1,0,1,1,0.770762719311211
"29998","1250","Ec_N",500,58,58,"Ec",28,1,1,0,1,1,0.770762719311211
"29999","1250","Ec_N",500,59,59,"Ec",28,1,1,0,1,1,0.770762719311211
"30000","1250","Ec_N",500,60,60,"Ec",28,1,1,0,1,1,0.770762719311211
