"","Partition_ID","Treatment_ID","Replicate","Cumulative_time","Species_time","Species_order","Genotype","g","A","E","G","M","Resistance"
"1",191,"Ec_N",1,1,1,"Ec",1,0,0,0,0,0,0
"2",191,"Ec_N",1,2,2,"Ec",1,0,0,0,0,0,0
"3",191,"Ec_N",1,3,3,"Ec",9,0,0,0,1,0,0.0305419930719563
"4",191,"Ec_N",1,4,4,"Ec",9,0,0,0,1,0,0.0305419930719563
"5",191,"Ec_N",1,5,5,"Ec",11,0,1,0,1,0,0.0857419302602629
"6",191,"Ec_N",1,6,6,"Ec",11,0,1,0,1,0,0.0857419302602629
"7",191,"Ec_N",1,7,7,"Ec",11,0,1,0,1,0,0.0857419302602629
"8",191,"Ec_N",1,8,8,"Ec",11,0,1,0,1,0,0.0857419302602629
"9",191,"Ec_N",1,9,9,"Ec",11,0,1,0,1,0,0.0857419302602629
"10",191,"Ec_N",1,10,10,"Ec",11,0,1,0,1,0,0.0857419302602629
"11",191,"Ec_N",1,11,11,"Ec",11,0,1,0,1,0,0.0857419302602629
"12",191,"Ec_N",1,12,12,"Ec",11,0,1,0,1,0,0.0857419302602629
"13",191,"Ec_N",1,13,13,"Ec",11,0,1,0,1,0,0.0857419302602629
"14",191,"Ec_N",1,14,14,"Ec",11,0,1,0,1,0,0.0857419302602629
"15",191,"Ec_N",1,15,15,"Ec",27,0,1,0,1,1,0.357221419161902
"16",191,"Ec_N",1,16,16,"Ec",27,0,1,0,1,1,0.357221419161902
"17",191,"Ec_N",1,17,17,"Ec",25,0,0,0,1,1,0.403163568932085
"18",191,"Ec_N",1,18,18,"Ec",25,0,0,0,1,1,0.403163568932085
"19",191,"Ec_N",1,19,19,"Ec",25,0,0,0,1,1,0.403163568932085
"20",191,"Ec_N",1,20,20,"Ec",25,0,0,0,1,1,0.403163568932085
"21",191,"Ec_N",1,21,21,"Ec",25,0,0,0,1,1,0.403163568932085
"22",191,"Ec_N",1,22,22,"Ec",25,0,0,0,1,1,0.403163568932085
"23",191,"Ec_N",1,23,23,"Ec",26,1,0,0,1,1,0.514384015075299
"24",191,"Ec_N",1,24,24,"Ec",26,1,0,0,1,1,0.514384015075299
"25",191,"Ec_N",1,25,25,"Ec",26,1,0,0,1,1,0.514384015075299
"26",191,"Ec_N",1,26,26,"Ec",26,1,0,0,1,1,0.514384015075299
"27",191,"Ec_N",1,27,27,"Ec",26,1,0,0,1,1,0.514384015075299
"28",191,"Ec_N",1,28,28,"Ec",26,1,0,0,1,1,0.514384015075299
"29",191,"Ec_N",1,29,29,"Ec",26,1,0,0,1,1,0.514384015075299
"30",191,"Ec_N",1,30,30,"Ec",26,1,0,0,1,1,0.514384015075299
"31",191,"Ec_N",1,31,31,"Ec",26,1,0,0,1,1,0.514384015075299
"32",191,"Ec_N",1,32,32,"Ec",28,1,1,0,1,1,0.681047421119041
"33",191,"Ec_N",1,33,33,"Ec",28,1,1,0,1,1,0.681047421119041
"34",191,"Ec_N",1,34,34,"Ec",28,1,1,0,1,1,0.681047421119041
"35",191,"Ec_N",1,35,35,"Ec",28,1,1,0,1,1,0.681047421119041
"36",191,"Ec_N",1,36,36,"Ec",28,1,1,0,1,1,0.681047421119041
"37",191,"Ec_N",1,37,37,"Ec",28,1,1,0,1,1,0.681047421119041
"38",191,"Ec_N",1,38,38,"Ec",28,1,1,0,1,1,0.681047421119041
"39",191,"Ec_N",1,39,39,"Ec",28,1,1,0,1,1,0.681047421119041
"40",191,"Ec_N",1,40,40,"Ec",28,1,1,0,1,1,0.681047421119041
"41",191,"Ec_N",1,41,41,"Ec",28,1,1,0,1,1,0.681047421119041
"42",191,"Ec_N",1,42,42,"Ec",28,1,1,0,1,1,0.681047421119041
"43",191,"Ec_N",1,43,43,"Ec",32,1,1,1,1,1,1
"44",191,"Ec_N",1,44,44,"Ec",32,1,1,1,1,1,1
"45",191,"Ec_N",1,45,45,"Ec",32,1,1,1,1,1,1
"46",191,"Ec_N",1,46,46,"Ec",32,1,1,1,1,1,1
"47",191,"Ec_N",1,47,47,"Ec",32,1,1,1,1,1,1
"48",191,"Ec_N",1,48,48,"Ec",32,1,1,1,1,1,1
"49",191,"Ec_N",1,49,49,"Ec",32,1,1,1,1,1,1
"50",191,"Ec_N",1,50,50,"Ec",32,1,1,1,1,1,1
"51",191,"Ec_N",1,51,51,"Ec",32,1,1,1,1,1,1
"52",191,"Ec_N",1,52,52,"Ec",32,1,1,1,1,1,1
"53",191,"Ec_N",1,53,53,"Ec",32,1,1,1,1,1,1
"54",191,"Ec_N",1,54,54,"Ec",32,1,1,1,1,1,1
"55",191,"Ec_N",1,55,55,"Ec",32,1,1,1,1,1,1
"56",191,"Ec_N",1,56,56,"Ec",32,1,1,1,1,1,1
"57",191,"Ec_N",1,57,57,"Ec",32,1,1,1,1,1,1
"58",191,"Ec_N",1,58,58,"Ec",32,1,1,1,1,1,1
"59",191,"Ec_N",1,59,59,"Ec",32,1,1,1,1,1,1
"60",191,"Ec_N",1,60,60,"Ec",32,1,1,1,1,1,1
"61",191,"Ec_N",2,1,1,"Ec",1,0,0,0,0,0,0
"62",191,"Ec_N",2,2,2,"Ec",1,0,0,0,0,0,0
"63",191,"Ec_N",2,3,3,"Ec",1,0,0,0,0,0,0
"64",191,"Ec_N",2,4,4,"Ec",1,0,0,0,0,0,0
"65",191,"Ec_N",2,5,5,"Ec",1,0,0,0,0,0,0
"66",191,"Ec_N",2,6,6,"Ec",1,0,0,0,0,0,0
"67",191,"Ec_N",2,7,7,"Ec",1,0,0,0,0,0,0
"68",191,"Ec_N",2,8,8,"Ec",1,0,0,0,0,0,0
"69",191,"Ec_N",2,9,9,"Ec",1,0,0,0,0,0,0
"70",191,"Ec_N",2,10,10,"Ec",5,0,0,1,0,0,0.49313446766664
"71",191,"Ec_N",2,11,11,"Ec",5,0,0,1,0,0,0.49313446766664
"72",191,"Ec_N",2,12,12,"Ec",5,0,0,1,0,0,0.49313446766664
"73",191,"Ec_N",2,13,13,"Ec",5,0,0,1,0,0,0.49313446766664
"74",191,"Ec_N",2,14,14,"Ec",5,0,0,1,0,0,0.49313446766664
"75",191,"Ec_N",2,15,15,"Ec",5,0,0,1,0,0,0.49313446766664
"76",191,"Ec_N",2,16,16,"Ec",5,0,0,1,0,0,0.49313446766664
"77",191,"Ec_N",2,17,17,"Ec",5,0,0,1,0,0,0.49313446766664
"78",191,"Ec_N",2,18,18,"Ec",5,0,0,1,0,0,0.49313446766664
"79",191,"Ec_N",2,19,19,"Ec",5,0,0,1,0,0,0.49313446766664
"80",191,"Ec_N",2,20,20,"Ec",6,1,0,1,0,0,0.542157591427696
"81",191,"Ec_N",2,21,21,"Ec",6,1,0,1,0,0,0.542157591427696
"82",191,"Ec_N",2,22,22,"Ec",6,1,0,1,0,0,0.542157591427696
"83",191,"Ec_N",2,23,23,"Ec",6,1,0,1,0,0,0.542157591427696
"84",191,"Ec_N",2,24,24,"Ec",6,1,0,1,0,0,0.542157591427696
"85",191,"Ec_N",2,25,25,"Ec",6,1,0,1,0,0,0.542157591427696
"86",191,"Ec_N",2,26,26,"Ec",6,1,0,1,0,0,0.542157591427696
"87",191,"Ec_N",2,27,27,"Ec",6,1,0,1,0,0,0.542157591427696
"88",191,"Ec_N",2,28,28,"Ec",6,1,0,1,0,0,0.542157591427696
"89",191,"Ec_N",2,29,29,"Ec",14,1,0,1,1,0,0.746777083195453
"90",191,"Ec_N",2,30,30,"Ec",14,1,0,1,1,0,0.746777083195453
"91",191,"Ec_N",2,31,31,"Ec",14,1,0,1,1,0,0.746777083195453
"92",191,"Ec_N",2,32,32,"Ec",14,1,0,1,1,0,0.746777083195453
"93",191,"Ec_N",2,33,33,"Ec",14,1,0,1,1,0,0.746777083195453
"94",191,"Ec_N",2,34,34,"Ec",14,1,0,1,1,0,0.746777083195453
"95",191,"Ec_N",2,35,35,"Ec",14,1,0,1,1,0,0.746777083195453
"96",191,"Ec_N",2,36,36,"Ec",14,1,0,1,1,0,0.746777083195453
"97",191,"Ec_N",2,37,37,"Ec",14,1,0,1,1,0,0.746777083195453
"98",191,"Ec_N",2,38,38,"Ec",14,1,0,1,1,0,0.746777083195453
"99",191,"Ec_N",2,39,39,"Ec",14,1,0,1,1,0,0.746777083195453
"100",191,"Ec_N",2,40,40,"Ec",14,1,0,1,1,0,0.746777083195453
"101",191,"Ec_N",2,41,41,"Ec",14,1,0,1,1,0,0.746777083195453
"102",191,"Ec_N",2,42,42,"Ec",14,1,0,1,1,0,0.746777083195453
"103",191,"Ec_N",2,43,43,"Ec",14,1,0,1,1,0,0.746777083195453
"104",191,"Ec_N",2,44,44,"Ec",14,1,0,1,1,0,0.746777083195453
"105",191,"Ec_N",2,45,45,"Ec",14,1,0,1,1,0,0.746777083195453
"106",191,"Ec_N",2,46,46,"Ec",14,1,0,1,1,0,0.746777083195453
"107",191,"Ec_N",2,47,47,"Ec",14,1,0,1,1,0,0.746777083195453
"108",191,"Ec_N",2,48,48,"Ec",14,1,0,1,1,0,0.746777083195453
"109",191,"Ec_N",2,49,49,"Ec",14,1,0,1,1,0,0.746777083195453
"110",191,"Ec_N",2,50,50,"Ec",14,1,0,1,1,0,0.746777083195453
"111",191,"Ec_N",2,51,51,"Ec",14,1,0,1,1,0,0.746777083195453
"112",191,"Ec_N",2,52,52,"Ec",14,1,0,1,1,0,0.746777083195453
"113",191,"Ec_N",2,53,53,"Ec",14,1,0,1,1,0,0.746777083195453
"114",191,"Ec_N",2,54,54,"Ec",14,1,0,1,1,0,0.746777083195453
"115",191,"Ec_N",2,55,55,"Ec",14,1,0,1,1,0,0.746777083195453
"116",191,"Ec_N",2,56,56,"Ec",14,1,0,1,1,0,0.746777083195453
"117",191,"Ec_N",2,57,57,"Ec",14,1,0,1,1,0,0.746777083195453
"118",191,"Ec_N",2,58,58,"Ec",14,1,0,1,1,0,0.746777083195453
"119",191,"Ec_N",2,59,59,"Ec",30,1,0,1,1,1,0.958688519948705
"120",191,"Ec_N",2,60,60,"Ec",30,1,0,1,1,1,0.958688519948705
"121",191,"Ec_N",3,1,1,"Ec",1,0,0,0,0,0,0
"122",191,"Ec_N",3,2,2,"Ec",1,0,0,0,0,0,0
"123",191,"Ec_N",3,3,3,"Ec",1,0,0,0,0,0,0
"124",191,"Ec_N",3,4,4,"Ec",1,0,0,0,0,0,0
"125",191,"Ec_N",3,5,5,"Ec",1,0,0,0,0,0,0
"126",191,"Ec_N",3,6,6,"Ec",1,0,0,0,0,0,0
"127",191,"Ec_N",3,7,7,"Ec",1,0,0,0,0,0,0
"128",191,"Ec_N",3,8,8,"Ec",1,0,0,0,0,0,0
"129",191,"Ec_N",3,9,9,"Ec",1,0,0,0,0,0,0
"130",191,"Ec_N",3,10,10,"Ec",1,0,0,0,0,0,0
"131",191,"Ec_N",3,11,11,"Ec",1,0,0,0,0,0,0
"132",191,"Ec_N",3,12,12,"Ec",1,0,0,0,0,0,0
"133",191,"Ec_N",3,13,13,"Ec",1,0,0,0,0,0,0
"134",191,"Ec_N",3,14,14,"Ec",1,0,0,0,0,0,0
"135",191,"Ec_N",3,15,15,"Ec",1,0,0,0,0,0,0
"136",191,"Ec_N",3,16,16,"Ec",3,0,1,0,0,0,0.041311480051295
"137",191,"Ec_N",3,17,17,"Ec",3,0,1,0,0,0,0.041311480051295
"138",191,"Ec_N",3,18,18,"Ec",3,0,1,0,0,0,0.041311480051295
"139",191,"Ec_N",3,19,19,"Ec",3,0,1,0,0,0,0.041311480051295
"140",191,"Ec_N",3,20,20,"Ec",3,0,1,0,0,0,0.041311480051295
"141",191,"Ec_N",3,21,21,"Ec",3,0,1,0,0,0,0.041311480051295
"142",191,"Ec_N",3,22,22,"Ec",3,0,1,0,0,0,0.041311480051295
"143",191,"Ec_N",3,23,23,"Ec",3,0,1,0,0,0,0.041311480051295
"144",191,"Ec_N",3,24,24,"Ec",3,0,1,0,0,0,0.041311480051295
"145",191,"Ec_N",3,25,25,"Ec",3,0,1,0,0,0,0.041311480051295
"146",191,"Ec_N",3,26,26,"Ec",3,0,1,0,0,0,0.041311480051295
"147",191,"Ec_N",3,27,27,"Ec",3,0,1,0,0,0,0.041311480051295
"148",191,"Ec_N",3,28,28,"Ec",3,0,1,0,0,0,0.041311480051295
"149",191,"Ec_N",3,29,29,"Ec",3,0,1,0,0,0,0.041311480051295
"150",191,"Ec_N",3,30,30,"Ec",3,0,1,0,0,0,0.041311480051295
"151",191,"Ec_N",3,31,31,"Ec",3,0,1,0,0,0,0.041311480051295
"152",191,"Ec_N",3,32,32,"Ec",3,0,1,0,0,0,0.041311480051295
"153",191,"Ec_N",3,33,33,"Ec",3,0,1,0,0,0,0.041311480051295
"154",191,"Ec_N",3,34,34,"Ec",11,0,1,0,1,0,0.0857419302602629
"155",191,"Ec_N",3,35,35,"Ec",11,0,1,0,1,0,0.0857419302602629
"156",191,"Ec_N",3,36,36,"Ec",11,0,1,0,1,0,0.0857419302602629
"157",191,"Ec_N",3,37,37,"Ec",11,0,1,0,1,0,0.0857419302602629
"158",191,"Ec_N",3,38,38,"Ec",11,0,1,0,1,0,0.0857419302602629
"159",191,"Ec_N",3,39,39,"Ec",11,0,1,0,1,0,0.0857419302602629
"160",191,"Ec_N",3,40,40,"Ec",11,0,1,0,1,0,0.0857419302602629
"161",191,"Ec_N",3,41,41,"Ec",11,0,1,0,1,0,0.0857419302602629
"162",191,"Ec_N",3,42,42,"Ec",11,0,1,0,1,0,0.0857419302602629
"163",191,"Ec_N",3,43,43,"Ec",11,0,1,0,1,0,0.0857419302602629
"164",191,"Ec_N",3,44,44,"Ec",11,0,1,0,1,0,0.0857419302602629
"165",191,"Ec_N",3,45,45,"Ec",11,0,1,0,1,0,0.0857419302602629
"166",191,"Ec_N",3,46,46,"Ec",11,0,1,0,1,0,0.0857419302602629
"167",191,"Ec_N",3,47,47,"Ec",11,0,1,0,1,0,0.0857419302602629
"168",191,"Ec_N",3,48,48,"Ec",11,0,1,0,1,0,0.0857419302602629
"169",191,"Ec_N",3,49,49,"Ec",15,0,1,1,1,0,0.437080043527332
"170",191,"Ec_N",3,50,50,"Ec",7,0,1,1,0,0,0.589282297794007
"171",191,"Ec_N",3,51,51,"Ec",7,0,1,1,0,0,0.589282297794007
"172",191,"Ec_N",3,52,52,"Ec",7,0,1,1,0,0,0.589282297794007
"173",191,"Ec_N",3,53,53,"Ec",7,0,1,1,0,0,0.589282297794007
"174",191,"Ec_N",3,54,54,"Ec",7,0,1,1,0,0,0.589282297794007
"175",191,"Ec_N",3,55,55,"Ec",7,0,1,1,0,0,0.589282297794007
"176",191,"Ec_N",3,56,56,"Ec",7,0,1,1,0,0,0.589282297794007
"177",191,"Ec_N",3,57,57,"Ec",7,0,1,1,0,0,0.589282297794007
"178",191,"Ec_N",3,58,58,"Ec",7,0,1,1,0,0,0.589282297794007
"179",191,"Ec_N",3,59,59,"Ec",7,0,1,1,0,0,0.589282297794007
"180",191,"Ec_N",3,60,60,"Ec",7,0,1,1,0,0,0.589282297794007
"181",191,"Ec_N",4,1,1,"Ec",1,0,0,0,0,0,0
"182",191,"Ec_N",4,2,2,"Ec",1,0,0,0,0,0,0
"183",191,"Ec_N",4,3,3,"Ec",1,0,0,0,0,0,0
"184",191,"Ec_N",4,4,4,"Ec",9,0,0,0,1,0,0.0305419930719563
"185",191,"Ec_N",4,5,5,"Ec",9,0,0,0,1,0,0.0305419930719563
"186",191,"Ec_N",4,6,6,"Ec",9,0,0,0,1,0,0.0305419930719563
"187",191,"Ec_N",4,7,7,"Ec",9,0,0,0,1,0,0.0305419930719563
"188",191,"Ec_N",4,8,8,"Ec",9,0,0,0,1,0,0.0305419930719563
"189",191,"Ec_N",4,9,9,"Ec",9,0,0,0,1,0,0.0305419930719563
"190",191,"Ec_N",4,10,10,"Ec",9,0,0,0,1,0,0.0305419930719563
"191",191,"Ec_N",4,11,11,"Ec",9,0,0,0,1,0,0.0305419930719563
"192",191,"Ec_N",4,12,12,"Ec",9,0,0,0,1,0,0.0305419930719563
"193",191,"Ec_N",4,13,13,"Ec",9,0,0,0,1,0,0.0305419930719563
"194",191,"Ec_N",4,14,14,"Ec",9,0,0,0,1,0,0.0305419930719563
"195",191,"Ec_N",4,15,15,"Ec",9,0,0,0,1,0,0.0305419930719563
"196",191,"Ec_N",4,16,16,"Ec",11,0,1,0,1,0,0.0857419302602629
"197",191,"Ec_N",4,17,17,"Ec",11,0,1,0,1,0,0.0857419302602629
"198",191,"Ec_N",4,18,18,"Ec",11,0,1,0,1,0,0.0857419302602629
"199",191,"Ec_N",4,19,19,"Ec",11,0,1,0,1,0,0.0857419302602629
"200",191,"Ec_N",4,20,20,"Ec",15,0,1,1,1,0,0.437080043527332
"201",191,"Ec_N",4,21,21,"Ec",16,1,1,1,1,0,0.456015583082203
"202",191,"Ec_N",4,22,22,"Ec",8,1,1,1,0,0,0.583469071478991
"203",191,"Ec_N",4,23,23,"Ec",8,1,1,1,0,0,0.583469071478991
"204",191,"Ec_N",4,24,24,"Ec",8,1,1,1,0,0,0.583469071478991
"205",191,"Ec_N",4,25,25,"Ec",8,1,1,1,0,0,0.583469071478991
"206",191,"Ec_N",4,26,26,"Ec",7,0,1,1,0,0,0.589282297794007
"207",191,"Ec_N",4,27,27,"Ec",7,0,1,1,0,0,0.589282297794007
"208",191,"Ec_N",4,28,28,"Ec",7,0,1,1,0,0,0.589282297794007
"209",191,"Ec_N",4,29,29,"Ec",7,0,1,1,0,0,0.589282297794007
"210",191,"Ec_N",4,30,30,"Ec",7,0,1,1,0,0,0.589282297794007
"211",191,"Ec_N",4,31,31,"Ec",7,0,1,1,0,0,0.589282297794007
"212",191,"Ec_N",4,32,32,"Ec",7,0,1,1,0,0,0.589282297794007
"213",191,"Ec_N",4,33,33,"Ec",7,0,1,1,0,0,0.589282297794007
"214",191,"Ec_N",4,34,34,"Ec",7,0,1,1,0,0,0.589282297794007
"215",191,"Ec_N",4,35,35,"Ec",7,0,1,1,0,0,0.589282297794007
"216",191,"Ec_N",4,36,36,"Ec",7,0,1,1,0,0,0.589282297794007
"217",191,"Ec_N",4,37,37,"Ec",7,0,1,1,0,0,0.589282297794007
"218",191,"Ec_N",4,38,38,"Ec",7,0,1,1,0,0,0.589282297794007
"219",191,"Ec_N",4,39,39,"Ec",7,0,1,1,0,0,0.589282297794007
"220",191,"Ec_N",4,40,40,"Ec",7,0,1,1,0,0,0.589282297794007
"221",191,"Ec_N",4,41,41,"Ec",7,0,1,1,0,0,0.589282297794007
"222",191,"Ec_N",4,42,42,"Ec",7,0,1,1,0,0,0.589282297794007
"223",191,"Ec_N",4,43,43,"Ec",7,0,1,1,0,0,0.589282297794007
"224",191,"Ec_N",4,44,44,"Ec",7,0,1,1,0,0,0.589282297794007
"225",191,"Ec_N",4,45,45,"Ec",7,0,1,1,0,0,0.589282297794007
"226",191,"Ec_N",4,46,46,"Ec",7,0,1,1,0,0,0.589282297794007
"227",191,"Ec_N",4,47,47,"Ec",7,0,1,1,0,0,0.589282297794007
"228",191,"Ec_N",4,48,48,"Ec",7,0,1,1,0,0,0.589282297794007
"229",191,"Ec_N",4,49,49,"Ec",7,0,1,1,0,0,0.589282297794007
"230",191,"Ec_N",4,50,50,"Ec",7,0,1,1,0,0,0.589282297794007
"231",191,"Ec_N",4,51,51,"Ec",7,0,1,1,0,0,0.589282297794007
"232",191,"Ec_N",4,52,52,"Ec",7,0,1,1,0,0,0.589282297794007
"233",191,"Ec_N",4,53,53,"Ec",7,0,1,1,0,0,0.589282297794007
"234",191,"Ec_N",4,54,54,"Ec",7,0,1,1,0,0,0.589282297794007
"235",191,"Ec_N",4,55,55,"Ec",7,0,1,1,0,0,0.589282297794007
"236",191,"Ec_N",4,56,56,"Ec",7,0,1,1,0,0,0.589282297794007
"237",191,"Ec_N",4,57,57,"Ec",7,0,1,1,0,0,0.589282297794007
"238",191,"Ec_N",4,58,58,"Ec",7,0,1,1,0,0,0.589282297794007
"239",191,"Ec_N",4,59,59,"Ec",7,0,1,1,0,0,0.589282297794007
"240",191,"Ec_N",4,60,60,"Ec",7,0,1,1,0,0,0.589282297794007
"241",191,"Ec_N",5,1,1,"Ec",1,0,0,0,0,0,0
"242",191,"Ec_N",5,2,2,"Ec",1,0,0,0,0,0,0
"243",191,"Ec_N",5,3,3,"Ec",1,0,0,0,0,0,0
"244",191,"Ec_N",5,4,4,"Ec",1,0,0,0,0,0,0
"245",191,"Ec_N",5,5,5,"Ec",1,0,0,0,0,0,0
"246",191,"Ec_N",5,6,6,"Ec",1,0,0,0,0,0,0
"247",191,"Ec_N",5,7,7,"Ec",1,0,0,0,0,0,0
"248",191,"Ec_N",5,8,8,"Ec",1,0,0,0,0,0,0
"249",191,"Ec_N",5,9,9,"Ec",9,0,0,0,1,0,0.0305419930719563
"250",191,"Ec_N",5,10,10,"Ec",9,0,0,0,1,0,0.0305419930719563
"251",191,"Ec_N",5,11,11,"Ec",9,0,0,0,1,0,0.0305419930719563
"252",191,"Ec_N",5,12,12,"Ec",9,0,0,0,1,0,0.0305419930719563
"253",191,"Ec_N",5,13,13,"Ec",9,0,0,0,1,0,0.0305419930719563
"254",191,"Ec_N",5,14,14,"Ec",9,0,0,0,1,0,0.0305419930719563
"255",191,"Ec_N",5,15,15,"Ec",9,0,0,0,1,0,0.0305419930719563
"256",191,"Ec_N",5,16,16,"Ec",9,0,0,0,1,0,0.0305419930719563
"257",191,"Ec_N",5,17,17,"Ec",9,0,0,0,1,0,0.0305419930719563
"258",191,"Ec_N",5,18,18,"Ec",10,1,0,0,1,0,0.228562363617893
"259",191,"Ec_N",5,19,19,"Ec",10,1,0,0,1,0,0.228562363617893
"260",191,"Ec_N",5,20,20,"Ec",10,1,0,0,1,0,0.228562363617893
"261",191,"Ec_N",5,21,21,"Ec",10,1,0,0,1,0,0.228562363617893
"262",191,"Ec_N",5,22,22,"Ec",10,1,0,0,1,0,0.228562363617893
"263",191,"Ec_N",5,23,23,"Ec",10,1,0,0,1,0,0.228562363617893
"264",191,"Ec_N",5,24,24,"Ec",10,1,0,0,1,0,0.228562363617893
"265",191,"Ec_N",5,25,25,"Ec",10,1,0,0,1,0,0.228562363617893
"266",191,"Ec_N",5,26,26,"Ec",12,1,1,0,1,0,0.259780205416137
"267",191,"Ec_N",5,27,27,"Ec",28,1,1,0,1,1,0.681047421119041
"268",191,"Ec_N",5,28,28,"Ec",28,1,1,0,1,1,0.681047421119041
"269",191,"Ec_N",5,29,29,"Ec",28,1,1,0,1,1,0.681047421119041
"270",191,"Ec_N",5,30,30,"Ec",28,1,1,0,1,1,0.681047421119041
"271",191,"Ec_N",5,31,31,"Ec",28,1,1,0,1,1,0.681047421119041
"272",191,"Ec_N",5,32,32,"Ec",28,1,1,0,1,1,0.681047421119041
"273",191,"Ec_N",5,33,33,"Ec",28,1,1,0,1,1,0.681047421119041
"274",191,"Ec_N",5,34,34,"Ec",28,1,1,0,1,1,0.681047421119041
"275",191,"Ec_N",5,35,35,"Ec",28,1,1,0,1,1,0.681047421119041
"276",191,"Ec_N",5,36,36,"Ec",28,1,1,0,1,1,0.681047421119041
"277",191,"Ec_N",5,37,37,"Ec",28,1,1,0,1,1,0.681047421119041
"278",191,"Ec_N",5,38,38,"Ec",28,1,1,0,1,1,0.681047421119041
"279",191,"Ec_N",5,39,39,"Ec",28,1,1,0,1,1,0.681047421119041
"280",191,"Ec_N",5,40,40,"Ec",28,1,1,0,1,1,0.681047421119041
"281",191,"Ec_N",5,41,41,"Ec",28,1,1,0,1,1,0.681047421119041
"282",191,"Ec_N",5,42,42,"Ec",28,1,1,0,1,1,0.681047421119041
"283",191,"Ec_N",5,43,43,"Ec",28,1,1,0,1,1,0.681047421119041
"284",191,"Ec_N",5,44,44,"Ec",28,1,1,0,1,1,0.681047421119041
"285",191,"Ec_N",5,45,45,"Ec",28,1,1,0,1,1,0.681047421119041
"286",191,"Ec_N",5,46,46,"Ec",28,1,1,0,1,1,0.681047421119041
"287",191,"Ec_N",5,47,47,"Ec",28,1,1,0,1,1,0.681047421119041
"288",191,"Ec_N",5,48,48,"Ec",28,1,1,0,1,1,0.681047421119041
"289",191,"Ec_N",5,49,49,"Ec",28,1,1,0,1,1,0.681047421119041
"290",191,"Ec_N",5,50,50,"Ec",32,1,1,1,1,1,1
"291",191,"Ec_N",5,51,51,"Ec",32,1,1,1,1,1,1
"292",191,"Ec_N",5,52,52,"Ec",32,1,1,1,1,1,1
"293",191,"Ec_N",5,53,53,"Ec",32,1,1,1,1,1,1
"294",191,"Ec_N",5,54,54,"Ec",32,1,1,1,1,1,1
"295",191,"Ec_N",5,55,55,"Ec",32,1,1,1,1,1,1
"296",191,"Ec_N",5,56,56,"Ec",32,1,1,1,1,1,1
"297",191,"Ec_N",5,57,57,"Ec",32,1,1,1,1,1,1
"298",191,"Ec_N",5,58,58,"Ec",32,1,1,1,1,1,1
"299",191,"Ec_N",5,59,59,"Ec",32,1,1,1,1,1,1
"300",191,"Ec_N",5,60,60,"Ec",32,1,1,1,1,1,1
"301",191,"Ec_N",6,1,1,"Ec",1,0,0,0,0,0,0
"302",191,"Ec_N",6,2,2,"Ec",1,0,0,0,0,0,0
"303",191,"Ec_N",6,3,3,"Ec",5,0,0,1,0,0,0.49313446766664
"304",191,"Ec_N",6,4,4,"Ec",5,0,0,1,0,0,0.49313446766664
"305",191,"Ec_N",6,5,5,"Ec",5,0,0,1,0,0,0.49313446766664
"306",191,"Ec_N",6,6,6,"Ec",5,0,0,1,0,0,0.49313446766664
"307",191,"Ec_N",6,7,7,"Ec",5,0,0,1,0,0,0.49313446766664
"308",191,"Ec_N",6,8,8,"Ec",5,0,0,1,0,0,0.49313446766664
"309",191,"Ec_N",6,9,9,"Ec",5,0,0,1,0,0,0.49313446766664
"310",191,"Ec_N",6,10,10,"Ec",5,0,0,1,0,0,0.49313446766664
"311",191,"Ec_N",6,11,11,"Ec",5,0,0,1,0,0,0.49313446766664
"312",191,"Ec_N",6,12,12,"Ec",5,0,0,1,0,0,0.49313446766664
"313",191,"Ec_N",6,13,13,"Ec",5,0,0,1,0,0,0.49313446766664
"314",191,"Ec_N",6,14,14,"Ec",5,0,0,1,0,0,0.49313446766664
"315",191,"Ec_N",6,15,15,"Ec",5,0,0,1,0,0,0.49313446766664
"316",191,"Ec_N",6,16,16,"Ec",21,0,0,1,0,1,0.726280938342543
"317",191,"Ec_N",6,17,17,"Ec",22,1,0,1,0,1,0.92522428176681
"318",191,"Ec_N",6,18,18,"Ec",22,1,0,1,0,1,0.92522428176681
"319",191,"Ec_N",6,19,19,"Ec",22,1,0,1,0,1,0.92522428176681
"320",191,"Ec_N",6,20,20,"Ec",22,1,0,1,0,1,0.92522428176681
"321",191,"Ec_N",6,21,21,"Ec",22,1,0,1,0,1,0.92522428176681
"322",191,"Ec_N",6,22,22,"Ec",22,1,0,1,0,1,0.92522428176681
"323",191,"Ec_N",6,23,23,"Ec",22,1,0,1,0,1,0.92522428176681
"324",191,"Ec_N",6,24,24,"Ec",22,1,0,1,0,1,0.92522428176681
"325",191,"Ec_N",6,25,25,"Ec",22,1,0,1,0,1,0.92522428176681
"326",191,"Ec_N",6,26,26,"Ec",22,1,0,1,0,1,0.92522428176681
"327",191,"Ec_N",6,27,27,"Ec",22,1,0,1,0,1,0.92522428176681
"328",191,"Ec_N",6,28,28,"Ec",22,1,0,1,0,1,0.92522428176681
"329",191,"Ec_N",6,29,29,"Ec",22,1,0,1,0,1,0.92522428176681
"330",191,"Ec_N",6,30,30,"Ec",22,1,0,1,0,1,0.92522428176681
"331",191,"Ec_N",6,31,31,"Ec",22,1,0,1,0,1,0.92522428176681
"332",191,"Ec_N",6,32,32,"Ec",22,1,0,1,0,1,0.92522428176681
"333",191,"Ec_N",6,33,33,"Ec",22,1,0,1,0,1,0.92522428176681
"334",191,"Ec_N",6,34,34,"Ec",22,1,0,1,0,1,0.92522428176681
"335",191,"Ec_N",6,35,35,"Ec",22,1,0,1,0,1,0.92522428176681
"336",191,"Ec_N",6,36,36,"Ec",22,1,0,1,0,1,0.92522428176681
"337",191,"Ec_N",6,37,37,"Ec",22,1,0,1,0,1,0.92522428176681
"338",191,"Ec_N",6,38,38,"Ec",22,1,0,1,0,1,0.92522428176681
"339",191,"Ec_N",6,39,39,"Ec",22,1,0,1,0,1,0.92522428176681
"340",191,"Ec_N",6,40,40,"Ec",22,1,0,1,0,1,0.92522428176681
"341",191,"Ec_N",6,41,41,"Ec",22,1,0,1,0,1,0.92522428176681
"342",191,"Ec_N",6,42,42,"Ec",22,1,0,1,0,1,0.92522428176681
"343",191,"Ec_N",6,43,43,"Ec",22,1,0,1,0,1,0.92522428176681
"344",191,"Ec_N",6,44,44,"Ec",22,1,0,1,0,1,0.92522428176681
"345",191,"Ec_N",6,45,45,"Ec",22,1,0,1,0,1,0.92522428176681
"346",191,"Ec_N",6,46,46,"Ec",22,1,0,1,0,1,0.92522428176681
"347",191,"Ec_N",6,47,47,"Ec",22,1,0,1,0,1,0.92522428176681
"348",191,"Ec_N",6,48,48,"Ec",24,1,1,1,0,1,0.969458006928044
"349",191,"Ec_N",6,49,49,"Ec",24,1,1,1,0,1,0.969458006928044
"350",191,"Ec_N",6,50,50,"Ec",24,1,1,1,0,1,0.969458006928044
"351",191,"Ec_N",6,51,51,"Ec",24,1,1,1,0,1,0.969458006928044
"352",191,"Ec_N",6,52,52,"Ec",24,1,1,1,0,1,0.969458006928044
"353",191,"Ec_N",6,53,53,"Ec",24,1,1,1,0,1,0.969458006928044
"354",191,"Ec_N",6,54,54,"Ec",24,1,1,1,0,1,0.969458006928044
"355",191,"Ec_N",6,55,55,"Ec",24,1,1,1,0,1,0.969458006928044
"356",191,"Ec_N",6,56,56,"Ec",24,1,1,1,0,1,0.969458006928044
"357",191,"Ec_N",6,57,57,"Ec",24,1,1,1,0,1,0.969458006928044
"358",191,"Ec_N",6,58,58,"Ec",24,1,1,1,0,1,0.969458006928044
"359",191,"Ec_N",6,59,59,"Ec",32,1,1,1,1,1,1
"360",191,"Ec_N",6,60,60,"Ec",32,1,1,1,1,1,1
"361",191,"Ec_N",7,1,1,"Ec",1,0,0,0,0,0,0
"362",191,"Ec_N",7,2,2,"Ec",3,0,1,0,0,0,0.041311480051295
"363",191,"Ec_N",7,3,3,"Ec",3,0,1,0,0,0,0.041311480051295
"364",191,"Ec_N",7,4,4,"Ec",3,0,1,0,0,0,0.041311480051295
"365",191,"Ec_N",7,5,5,"Ec",3,0,1,0,0,0,0.041311480051295
"366",191,"Ec_N",7,6,6,"Ec",3,0,1,0,0,0,0.041311480051295
"367",191,"Ec_N",7,7,7,"Ec",3,0,1,0,0,0,0.041311480051295
"368",191,"Ec_N",7,8,8,"Ec",3,0,1,0,0,0,0.041311480051295
"369",191,"Ec_N",7,9,9,"Ec",3,0,1,0,0,0,0.041311480051295
"370",191,"Ec_N",7,10,10,"Ec",3,0,1,0,0,0,0.041311480051295
"371",191,"Ec_N",7,11,11,"Ec",11,0,1,0,1,0,0.0857419302602629
"372",191,"Ec_N",7,12,12,"Ec",11,0,1,0,1,0,0.0857419302602629
"373",191,"Ec_N",7,13,13,"Ec",11,0,1,0,1,0,0.0857419302602629
"374",191,"Ec_N",7,14,14,"Ec",11,0,1,0,1,0,0.0857419302602629
"375",191,"Ec_N",7,15,15,"Ec",11,0,1,0,1,0,0.0857419302602629
"376",191,"Ec_N",7,16,16,"Ec",27,0,1,0,1,1,0.357221419161902
"377",191,"Ec_N",7,17,17,"Ec",25,0,0,0,1,1,0.403163568932085
"378",191,"Ec_N",7,18,18,"Ec",25,0,0,0,1,1,0.403163568932085
"379",191,"Ec_N",7,19,19,"Ec",25,0,0,0,1,1,0.403163568932085
"380",191,"Ec_N",7,20,20,"Ec",25,0,0,0,1,1,0.403163568932085
"381",191,"Ec_N",7,21,21,"Ec",25,0,0,0,1,1,0.403163568932085
"382",191,"Ec_N",7,22,22,"Ec",26,1,0,0,1,1,0.514384015075299
"383",191,"Ec_N",7,23,23,"Ec",26,1,0,0,1,1,0.514384015075299
"384",191,"Ec_N",7,24,24,"Ec",26,1,0,0,1,1,0.514384015075299
"385",191,"Ec_N",7,25,25,"Ec",30,1,0,1,1,1,0.958688519948705
"386",191,"Ec_N",7,26,26,"Ec",30,1,0,1,1,1,0.958688519948705
"387",191,"Ec_N",7,27,27,"Ec",32,1,1,1,1,1,1
"388",191,"Ec_N",7,28,28,"Ec",32,1,1,1,1,1,1
"389",191,"Ec_N",7,29,29,"Ec",32,1,1,1,1,1,1
"390",191,"Ec_N",7,30,30,"Ec",32,1,1,1,1,1,1
"391",191,"Ec_N",7,31,31,"Ec",32,1,1,1,1,1,1
"392",191,"Ec_N",7,32,32,"Ec",32,1,1,1,1,1,1
"393",191,"Ec_N",7,33,33,"Ec",32,1,1,1,1,1,1
"394",191,"Ec_N",7,34,34,"Ec",32,1,1,1,1,1,1
"395",191,"Ec_N",7,35,35,"Ec",32,1,1,1,1,1,1
"396",191,"Ec_N",7,36,36,"Ec",32,1,1,1,1,1,1
"397",191,"Ec_N",7,37,37,"Ec",32,1,1,1,1,1,1
"398",191,"Ec_N",7,38,38,"Ec",32,1,1,1,1,1,1
"399",191,"Ec_N",7,39,39,"Ec",32,1,1,1,1,1,1
"400",191,"Ec_N",7,40,40,"Ec",32,1,1,1,1,1,1
"401",191,"Ec_N",7,41,41,"Ec",32,1,1,1,1,1,1
"402",191,"Ec_N",7,42,42,"Ec",32,1,1,1,1,1,1
"403",191,"Ec_N",7,43,43,"Ec",32,1,1,1,1,1,1
"404",191,"Ec_N",7,44,44,"Ec",32,1,1,1,1,1,1
"405",191,"Ec_N",7,45,45,"Ec",32,1,1,1,1,1,1
"406",191,"Ec_N",7,46,46,"Ec",32,1,1,1,1,1,1
"407",191,"Ec_N",7,47,47,"Ec",32,1,1,1,1,1,1
"408",191,"Ec_N",7,48,48,"Ec",32,1,1,1,1,1,1
"409",191,"Ec_N",7,49,49,"Ec",32,1,1,1,1,1,1
"410",191,"Ec_N",7,50,50,"Ec",32,1,1,1,1,1,1
"411",191,"Ec_N",7,51,51,"Ec",32,1,1,1,1,1,1
"412",191,"Ec_N",7,52,52,"Ec",32,1,1,1,1,1,1
"413",191,"Ec_N",7,53,53,"Ec",32,1,1,1,1,1,1
"414",191,"Ec_N",7,54,54,"Ec",32,1,1,1,1,1,1
"415",191,"Ec_N",7,55,55,"Ec",32,1,1,1,1,1,1
"416",191,"Ec_N",7,56,56,"Ec",32,1,1,1,1,1,1
"417",191,"Ec_N",7,57,57,"Ec",32,1,1,1,1,1,1
"418",191,"Ec_N",7,58,58,"Ec",32,1,1,1,1,1,1
"419",191,"Ec_N",7,59,59,"Ec",32,1,1,1,1,1,1
"420",191,"Ec_N",7,60,60,"Ec",32,1,1,1,1,1,1
"421",191,"Ec_N",8,1,1,"Ec",1,0,0,0,0,0,0
"422",191,"Ec_N",8,2,2,"Ec",1,0,0,0,0,0,0
"423",191,"Ec_N",8,3,3,"Ec",1,0,0,0,0,0,0
"424",191,"Ec_N",8,4,4,"Ec",1,0,0,0,0,0,0
"425",191,"Ec_N",8,5,5,"Ec",5,0,0,1,0,0,0.49313446766664
"426",191,"Ec_N",8,6,6,"Ec",5,0,0,1,0,0,0.49313446766664
"427",191,"Ec_N",8,7,7,"Ec",5,0,0,1,0,0,0.49313446766664
"428",191,"Ec_N",8,8,8,"Ec",21,0,0,1,0,1,0.726280938342543
"429",191,"Ec_N",8,9,9,"Ec",21,0,0,1,0,1,0.726280938342543
"430",191,"Ec_N",8,10,10,"Ec",21,0,0,1,0,1,0.726280938342543
"431",191,"Ec_N",8,11,11,"Ec",21,0,0,1,0,1,0.726280938342543
"432",191,"Ec_N",8,12,12,"Ec",21,0,0,1,0,1,0.726280938342543
"433",191,"Ec_N",8,13,13,"Ec",21,0,0,1,0,1,0.726280938342543
"434",191,"Ec_N",8,14,14,"Ec",21,0,0,1,0,1,0.726280938342543
"435",191,"Ec_N",8,15,15,"Ec",29,0,0,1,1,1,0.760668149402769
"436",191,"Ec_N",8,16,16,"Ec",30,1,0,1,1,1,0.958688519948705
"437",191,"Ec_N",8,17,17,"Ec",30,1,0,1,1,1,0.958688519948705
"438",191,"Ec_N",8,18,18,"Ec",30,1,0,1,1,1,0.958688519948705
"439",191,"Ec_N",8,19,19,"Ec",30,1,0,1,1,1,0.958688519948705
"440",191,"Ec_N",8,20,20,"Ec",30,1,0,1,1,1,0.958688519948705
"441",191,"Ec_N",8,21,21,"Ec",30,1,0,1,1,1,0.958688519948705
"442",191,"Ec_N",8,22,22,"Ec",30,1,0,1,1,1,0.958688519948705
"443",191,"Ec_N",8,23,23,"Ec",30,1,0,1,1,1,0.958688519948705
"444",191,"Ec_N",8,24,24,"Ec",32,1,1,1,1,1,1
"445",191,"Ec_N",8,25,25,"Ec",32,1,1,1,1,1,1
"446",191,"Ec_N",8,26,26,"Ec",32,1,1,1,1,1,1
"447",191,"Ec_N",8,27,27,"Ec",32,1,1,1,1,1,1
"448",191,"Ec_N",8,28,28,"Ec",32,1,1,1,1,1,1
"449",191,"Ec_N",8,29,29,"Ec",32,1,1,1,1,1,1
"450",191,"Ec_N",8,30,30,"Ec",32,1,1,1,1,1,1
"451",191,"Ec_N",8,31,31,"Ec",32,1,1,1,1,1,1
"452",191,"Ec_N",8,32,32,"Ec",32,1,1,1,1,1,1
"453",191,"Ec_N",8,33,33,"Ec",32,1,1,1,1,1,1
"454",191,"Ec_N",8,34,34,"Ec",32,1,1,1,1,1,1
"455",191,"Ec_N",8,35,35,"Ec",32,1,1,1,1,1,1
"456",191,"Ec_N",8,36,36,"Ec",32,1,1,1,1,1,1
"457",191,"Ec_N",8,37,37,"Ec",32,1,1,1,1,1,1
"458",191,"Ec_N",8,38,38,"Ec",32,1,1,1,1,1,1
"459",191,"Ec_N",8,39,39,"Ec",32,1,1,1,1,1,1
"460",191,"Ec_N",8,40,40,"Ec",32,1,1,1,1,1,1
"461",191,"Ec_N",8,41,41,"Ec",32,1,1,1,1,1,1
"462",191,"Ec_N",8,42,42,"Ec",32,1,1,1,1,1,1
"463",191,"Ec_N",8,43,43,"Ec",32,1,1,1,1,1,1
"464",191,"Ec_N",8,44,44,"Ec",32,1,1,1,1,1,1
"465",191,"Ec_N",8,45,45,"Ec",32,1,1,1,1,1,1
"466",191,"Ec_N",8,46,46,"Ec",32,1,1,1,1,1,1
"467",191,"Ec_N",8,47,47,"Ec",32,1,1,1,1,1,1
"468",191,"Ec_N",8,48,48,"Ec",32,1,1,1,1,1,1
"469",191,"Ec_N",8,49,49,"Ec",32,1,1,1,1,1,1
"470",191,"Ec_N",8,50,50,"Ec",32,1,1,1,1,1,1
"471",191,"Ec_N",8,51,51,"Ec",32,1,1,1,1,1,1
"472",191,"Ec_N",8,52,52,"Ec",32,1,1,1,1,1,1
"473",191,"Ec_N",8,53,53,"Ec",32,1,1,1,1,1,1
"474",191,"Ec_N",8,54,54,"Ec",32,1,1,1,1,1,1
"475",191,"Ec_N",8,55,55,"Ec",32,1,1,1,1,1,1
"476",191,"Ec_N",8,56,56,"Ec",32,1,1,1,1,1,1
"477",191,"Ec_N",8,57,57,"Ec",32,1,1,1,1,1,1
"478",191,"Ec_N",8,58,58,"Ec",32,1,1,1,1,1,1
"479",191,"Ec_N",8,59,59,"Ec",32,1,1,1,1,1,1
"480",191,"Ec_N",8,60,60,"Ec",32,1,1,1,1,1,1
"481",191,"Ec_N",9,1,1,"Ec",1,0,0,0,0,0,0
"482",191,"Ec_N",9,2,2,"Ec",1,0,0,0,0,0,0
"483",191,"Ec_N",9,3,3,"Ec",1,0,0,0,0,0,0
"484",191,"Ec_N",9,4,4,"Ec",1,0,0,0,0,0,0
"485",191,"Ec_N",9,5,5,"Ec",1,0,0,0,0,0,0
"486",191,"Ec_N",9,6,6,"Ec",5,0,0,1,0,0,0.49313446766664
"487",191,"Ec_N",9,7,7,"Ec",5,0,0,1,0,0,0.49313446766664
"488",191,"Ec_N",9,8,8,"Ec",5,0,0,1,0,0,0.49313446766664
"489",191,"Ec_N",9,9,9,"Ec",5,0,0,1,0,0,0.49313446766664
"490",191,"Ec_N",9,10,10,"Ec",5,0,0,1,0,0,0.49313446766664
"491",191,"Ec_N",9,11,11,"Ec",5,0,0,1,0,0,0.49313446766664
"492",191,"Ec_N",9,12,12,"Ec",5,0,0,1,0,0,0.49313446766664
"493",191,"Ec_N",9,13,13,"Ec",5,0,0,1,0,0,0.49313446766664
"494",191,"Ec_N",9,14,14,"Ec",5,0,0,1,0,0,0.49313446766664
"495",191,"Ec_N",9,15,15,"Ec",5,0,0,1,0,0,0.49313446766664
"496",191,"Ec_N",9,16,16,"Ec",5,0,0,1,0,0,0.49313446766664
"497",191,"Ec_N",9,17,17,"Ec",5,0,0,1,0,0,0.49313446766664
"498",191,"Ec_N",9,18,18,"Ec",5,0,0,1,0,0,0.49313446766664
"499",191,"Ec_N",9,19,19,"Ec",5,0,0,1,0,0,0.49313446766664
"500",191,"Ec_N",9,20,20,"Ec",5,0,0,1,0,0,0.49313446766664
"501",191,"Ec_N",9,21,21,"Ec",5,0,0,1,0,0,0.49313446766664
"502",191,"Ec_N",9,22,22,"Ec",6,1,0,1,0,0,0.542157591427696
"503",191,"Ec_N",9,23,23,"Ec",6,1,0,1,0,0,0.542157591427696
"504",191,"Ec_N",9,24,24,"Ec",6,1,0,1,0,0,0.542157591427696
"505",191,"Ec_N",9,25,25,"Ec",6,1,0,1,0,0,0.542157591427696
"506",191,"Ec_N",9,26,26,"Ec",6,1,0,1,0,0,0.542157591427696
"507",191,"Ec_N",9,27,27,"Ec",6,1,0,1,0,0,0.542157591427696
"508",191,"Ec_N",9,28,28,"Ec",8,1,1,1,0,0,0.583469071478991
"509",191,"Ec_N",9,29,29,"Ec",7,0,1,1,0,0,0.589282297794007
"510",191,"Ec_N",9,30,30,"Ec",7,0,1,1,0,0,0.589282297794007
"511",191,"Ec_N",9,31,31,"Ec",23,0,1,1,0,1,0.616809062130864
"512",191,"Ec_N",9,32,32,"Ec",23,0,1,1,0,1,0.616809062130864
"513",191,"Ec_N",9,33,33,"Ec",23,0,1,1,0,1,0.616809062130864
"514",191,"Ec_N",9,34,34,"Ec",23,0,1,1,0,1,0.616809062130864
"515",191,"Ec_N",9,35,35,"Ec",23,0,1,1,0,1,0.616809062130864
"516",191,"Ec_N",9,36,36,"Ec",23,0,1,1,0,1,0.616809062130864
"517",191,"Ec_N",9,37,37,"Ec",23,0,1,1,0,1,0.616809062130864
"518",191,"Ec_N",9,38,38,"Ec",23,0,1,1,0,1,0.616809062130864
"519",191,"Ec_N",9,39,39,"Ec",23,0,1,1,0,1,0.616809062130864
"520",191,"Ec_N",9,40,40,"Ec",23,0,1,1,0,1,0.616809062130864
"521",191,"Ec_N",9,41,41,"Ec",23,0,1,1,0,1,0.616809062130864
"522",191,"Ec_N",9,42,42,"Ec",23,0,1,1,0,1,0.616809062130864
"523",191,"Ec_N",9,43,43,"Ec",23,0,1,1,0,1,0.616809062130864
"524",191,"Ec_N",9,44,44,"Ec",23,0,1,1,0,1,0.616809062130864
"525",191,"Ec_N",9,45,45,"Ec",23,0,1,1,0,1,0.616809062130864
"526",191,"Ec_N",9,46,46,"Ec",21,0,0,1,0,1,0.726280938342543
"527",191,"Ec_N",9,47,47,"Ec",21,0,0,1,0,1,0.726280938342543
"528",191,"Ec_N",9,48,48,"Ec",21,0,0,1,0,1,0.726280938342543
"529",191,"Ec_N",9,49,49,"Ec",21,0,0,1,0,1,0.726280938342543
"530",191,"Ec_N",9,50,50,"Ec",21,0,0,1,0,1,0.726280938342543
"531",191,"Ec_N",9,51,51,"Ec",21,0,0,1,0,1,0.726280938342543
"532",191,"Ec_N",9,52,52,"Ec",21,0,0,1,0,1,0.726280938342543
"533",191,"Ec_N",9,53,53,"Ec",21,0,0,1,0,1,0.726280938342543
"534",191,"Ec_N",9,54,54,"Ec",21,0,0,1,0,1,0.726280938342543
"535",191,"Ec_N",9,55,55,"Ec",21,0,0,1,0,1,0.726280938342543
"536",191,"Ec_N",9,56,56,"Ec",21,0,0,1,0,1,0.726280938342543
"537",191,"Ec_N",9,57,57,"Ec",21,0,0,1,0,1,0.726280938342543
"538",191,"Ec_N",9,58,58,"Ec",21,0,0,1,0,1,0.726280938342543
"539",191,"Ec_N",9,59,59,"Ec",21,0,0,1,0,1,0.726280938342543
"540",191,"Ec_N",9,60,60,"Ec",21,0,0,1,0,1,0.726280938342543
"541",191,"Ec_N",10,1,1,"Ec",1,0,0,0,0,0,0
"542",191,"Ec_N",10,2,2,"Ec",1,0,0,0,0,0,0
"543",191,"Ec_N",10,3,3,"Ec",1,0,0,0,0,0,0
"544",191,"Ec_N",10,4,4,"Ec",1,0,0,0,0,0,0
"545",191,"Ec_N",10,5,5,"Ec",17,0,0,0,0,1,0.229834113103391
"546",191,"Ec_N",10,6,6,"Ec",17,0,0,0,0,1,0.229834113103391
"547",191,"Ec_N",10,7,7,"Ec",17,0,0,0,0,1,0.229834113103391
"548",191,"Ec_N",10,8,8,"Ec",17,0,0,0,0,1,0.229834113103391
"549",191,"Ec_N",10,9,9,"Ec",17,0,0,0,0,1,0.229834113103391
"550",191,"Ec_N",10,10,10,"Ec",17,0,0,0,0,1,0.229834113103391
"551",191,"Ec_N",10,11,11,"Ec",25,0,0,0,1,1,0.403163568932085
"552",191,"Ec_N",10,12,12,"Ec",25,0,0,0,1,1,0.403163568932085
"553",191,"Ec_N",10,13,13,"Ec",25,0,0,0,1,1,0.403163568932085
"554",191,"Ec_N",10,14,14,"Ec",25,0,0,0,1,1,0.403163568932085
"555",191,"Ec_N",10,15,15,"Ec",29,0,0,1,1,1,0.760668149402769
"556",191,"Ec_N",10,16,16,"Ec",29,0,0,1,1,1,0.760668149402769
"557",191,"Ec_N",10,17,17,"Ec",29,0,0,1,1,1,0.760668149402769
"558",191,"Ec_N",10,18,18,"Ec",29,0,0,1,1,1,0.760668149402769
"559",191,"Ec_N",10,19,19,"Ec",29,0,0,1,1,1,0.760668149402769
"560",191,"Ec_N",10,20,20,"Ec",29,0,0,1,1,1,0.760668149402769
"561",191,"Ec_N",10,21,21,"Ec",29,0,0,1,1,1,0.760668149402769
"562",191,"Ec_N",10,22,22,"Ec",29,0,0,1,1,1,0.760668149402769
"563",191,"Ec_N",10,23,23,"Ec",30,1,0,1,1,1,0.958688519948705
"564",191,"Ec_N",10,24,24,"Ec",30,1,0,1,1,1,0.958688519948705
"565",191,"Ec_N",10,25,25,"Ec",30,1,0,1,1,1,0.958688519948705
"566",191,"Ec_N",10,26,26,"Ec",30,1,0,1,1,1,0.958688519948705
"567",191,"Ec_N",10,27,27,"Ec",30,1,0,1,1,1,0.958688519948705
"568",191,"Ec_N",10,28,28,"Ec",30,1,0,1,1,1,0.958688519948705
"569",191,"Ec_N",10,29,29,"Ec",30,1,0,1,1,1,0.958688519948705
"570",191,"Ec_N",10,30,30,"Ec",30,1,0,1,1,1,0.958688519948705
"571",191,"Ec_N",10,31,31,"Ec",30,1,0,1,1,1,0.958688519948705
"572",191,"Ec_N",10,32,32,"Ec",30,1,0,1,1,1,0.958688519948705
"573",191,"Ec_N",10,33,33,"Ec",32,1,1,1,1,1,1
"574",191,"Ec_N",10,34,34,"Ec",32,1,1,1,1,1,1
"575",191,"Ec_N",10,35,35,"Ec",32,1,1,1,1,1,1
"576",191,"Ec_N",10,36,36,"Ec",32,1,1,1,1,1,1
"577",191,"Ec_N",10,37,37,"Ec",32,1,1,1,1,1,1
"578",191,"Ec_N",10,38,38,"Ec",32,1,1,1,1,1,1
"579",191,"Ec_N",10,39,39,"Ec",32,1,1,1,1,1,1
"580",191,"Ec_N",10,40,40,"Ec",32,1,1,1,1,1,1
"581",191,"Ec_N",10,41,41,"Ec",32,1,1,1,1,1,1
"582",191,"Ec_N",10,42,42,"Ec",32,1,1,1,1,1,1
"583",191,"Ec_N",10,43,43,"Ec",32,1,1,1,1,1,1
"584",191,"Ec_N",10,44,44,"Ec",32,1,1,1,1,1,1
"585",191,"Ec_N",10,45,45,"Ec",32,1,1,1,1,1,1
"586",191,"Ec_N",10,46,46,"Ec",32,1,1,1,1,1,1
"587",191,"Ec_N",10,47,47,"Ec",32,1,1,1,1,1,1
"588",191,"Ec_N",10,48,48,"Ec",32,1,1,1,1,1,1
"589",191,"Ec_N",10,49,49,"Ec",32,1,1,1,1,1,1
"590",191,"Ec_N",10,50,50,"Ec",32,1,1,1,1,1,1
"591",191,"Ec_N",10,51,51,"Ec",32,1,1,1,1,1,1
"592",191,"Ec_N",10,52,52,"Ec",32,1,1,1,1,1,1
"593",191,"Ec_N",10,53,53,"Ec",32,1,1,1,1,1,1
"594",191,"Ec_N",10,54,54,"Ec",32,1,1,1,1,1,1
"595",191,"Ec_N",10,55,55,"Ec",32,1,1,1,1,1,1
"596",191,"Ec_N",10,56,56,"Ec",32,1,1,1,1,1,1
"597",191,"Ec_N",10,57,57,"Ec",32,1,1,1,1,1,1
"598",191,"Ec_N",10,58,58,"Ec",32,1,1,1,1,1,1
"599",191,"Ec_N",10,59,59,"Ec",32,1,1,1,1,1,1
"600",191,"Ec_N",10,60,60,"Ec",32,1,1,1,1,1,1
"601",191,"Ec_N",11,1,1,"Ec",1,0,0,0,0,0,0
"602",191,"Ec_N",11,2,2,"Ec",1,0,0,0,0,0,0
"603",191,"Ec_N",11,3,3,"Ec",1,0,0,0,0,0,0
"604",191,"Ec_N",11,4,4,"Ec",1,0,0,0,0,0,0
"605",191,"Ec_N",11,5,5,"Ec",1,0,0,0,0,0,0
"606",191,"Ec_N",11,6,6,"Ec",1,0,0,0,0,0,0
"607",191,"Ec_N",11,7,7,"Ec",5,0,0,1,0,0,0.49313446766664
"608",191,"Ec_N",11,8,8,"Ec",5,0,0,1,0,0,0.49313446766664
"609",191,"Ec_N",11,9,9,"Ec",5,0,0,1,0,0,0.49313446766664
"610",191,"Ec_N",11,10,10,"Ec",5,0,0,1,0,0,0.49313446766664
"611",191,"Ec_N",11,11,11,"Ec",5,0,0,1,0,0,0.49313446766664
"612",191,"Ec_N",11,12,12,"Ec",5,0,0,1,0,0,0.49313446766664
"613",191,"Ec_N",11,13,13,"Ec",5,0,0,1,0,0,0.49313446766664
"614",191,"Ec_N",11,14,14,"Ec",5,0,0,1,0,0,0.49313446766664
"615",191,"Ec_N",11,15,15,"Ec",5,0,0,1,0,0,0.49313446766664
"616",191,"Ec_N",11,16,16,"Ec",5,0,0,1,0,0,0.49313446766664
"617",191,"Ec_N",11,17,17,"Ec",5,0,0,1,0,0,0.49313446766664
"618",191,"Ec_N",11,18,18,"Ec",5,0,0,1,0,0,0.49313446766664
"619",191,"Ec_N",11,19,19,"Ec",5,0,0,1,0,0,0.49313446766664
"620",191,"Ec_N",11,20,20,"Ec",5,0,0,1,0,0,0.49313446766664
"621",191,"Ec_N",11,21,21,"Ec",5,0,0,1,0,0,0.49313446766664
"622",191,"Ec_N",11,22,22,"Ec",5,0,0,1,0,0,0.49313446766664
"623",191,"Ec_N",11,23,23,"Ec",5,0,0,1,0,0,0.49313446766664
"624",191,"Ec_N",11,24,24,"Ec",5,0,0,1,0,0,0.49313446766664
"625",191,"Ec_N",11,25,25,"Ec",5,0,0,1,0,0,0.49313446766664
"626",191,"Ec_N",11,26,26,"Ec",5,0,0,1,0,0,0.49313446766664
"627",191,"Ec_N",11,27,27,"Ec",5,0,0,1,0,0,0.49313446766664
"628",191,"Ec_N",11,28,28,"Ec",5,0,0,1,0,0,0.49313446766664
"629",191,"Ec_N",11,29,29,"Ec",5,0,0,1,0,0,0.49313446766664
"630",191,"Ec_N",11,30,30,"Ec",5,0,0,1,0,0,0.49313446766664
"631",191,"Ec_N",11,31,31,"Ec",5,0,0,1,0,0,0.49313446766664
"632",191,"Ec_N",11,32,32,"Ec",5,0,0,1,0,0,0.49313446766664
"633",191,"Ec_N",11,33,33,"Ec",5,0,0,1,0,0,0.49313446766664
"634",191,"Ec_N",11,34,34,"Ec",5,0,0,1,0,0,0.49313446766664
"635",191,"Ec_N",11,35,35,"Ec",5,0,0,1,0,0,0.49313446766664
"636",191,"Ec_N",11,36,36,"Ec",5,0,0,1,0,0,0.49313446766664
"637",191,"Ec_N",11,37,37,"Ec",5,0,0,1,0,0,0.49313446766664
"638",191,"Ec_N",11,38,38,"Ec",5,0,0,1,0,0,0.49313446766664
"639",191,"Ec_N",11,39,39,"Ec",6,1,0,1,0,0,0.542157591427696
"640",191,"Ec_N",11,40,40,"Ec",6,1,0,1,0,0,0.542157591427696
"641",191,"Ec_N",11,41,41,"Ec",8,1,1,1,0,0,0.583469071478991
"642",191,"Ec_N",11,42,42,"Ec",8,1,1,1,0,0,0.583469071478991
"643",191,"Ec_N",11,43,43,"Ec",7,0,1,1,0,0,0.589282297794007
"644",191,"Ec_N",11,44,44,"Ec",23,0,1,1,0,1,0.616809062130864
"645",191,"Ec_N",11,45,45,"Ec",23,0,1,1,0,1,0.616809062130864
"646",191,"Ec_N",11,46,46,"Ec",31,0,1,1,1,1,0.801979629454064
"647",191,"Ec_N",11,47,47,"Ec",31,0,1,1,1,1,0.801979629454064
"648",191,"Ec_N",11,48,48,"Ec",31,0,1,1,1,1,0.801979629454064
"649",191,"Ec_N",11,49,49,"Ec",31,0,1,1,1,1,0.801979629454064
"650",191,"Ec_N",11,50,50,"Ec",31,0,1,1,1,1,0.801979629454064
"651",191,"Ec_N",11,51,51,"Ec",31,0,1,1,1,1,0.801979629454064
"652",191,"Ec_N",11,52,52,"Ec",31,0,1,1,1,1,0.801979629454064
"653",191,"Ec_N",11,53,53,"Ec",31,0,1,1,1,1,0.801979629454064
"654",191,"Ec_N",11,54,54,"Ec",31,0,1,1,1,1,0.801979629454064
"655",191,"Ec_N",11,55,55,"Ec",31,0,1,1,1,1,0.801979629454064
"656",191,"Ec_N",11,56,56,"Ec",31,0,1,1,1,1,0.801979629454064
"657",191,"Ec_N",11,57,57,"Ec",31,0,1,1,1,1,0.801979629454064
"658",191,"Ec_N",11,58,58,"Ec",31,0,1,1,1,1,0.801979629454064
"659",191,"Ec_N",11,59,59,"Ec",31,0,1,1,1,1,0.801979629454064
"660",191,"Ec_N",11,60,60,"Ec",31,0,1,1,1,1,0.801979629454064
"661",191,"Ec_N",12,1,1,"Ec",1,0,0,0,0,0,0
"662",191,"Ec_N",12,2,2,"Ec",1,0,0,0,0,0,0
"663",191,"Ec_N",12,3,3,"Ec",1,0,0,0,0,0,0
"664",191,"Ec_N",12,4,4,"Ec",1,0,0,0,0,0,0
"665",191,"Ec_N",12,5,5,"Ec",1,0,0,0,0,0,0
"666",191,"Ec_N",12,6,6,"Ec",1,0,0,0,0,0,0
"667",191,"Ec_N",12,7,7,"Ec",1,0,0,0,0,0,0
"668",191,"Ec_N",12,8,8,"Ec",1,0,0,0,0,0,0
"669",191,"Ec_N",12,9,9,"Ec",1,0,0,0,0,0,0
"670",191,"Ec_N",12,10,10,"Ec",1,0,0,0,0,0,0
"671",191,"Ec_N",12,11,11,"Ec",1,0,0,0,0,0,0
"672",191,"Ec_N",12,12,12,"Ec",1,0,0,0,0,0,0
"673",191,"Ec_N",12,13,13,"Ec",1,0,0,0,0,0,0
"674",191,"Ec_N",12,14,14,"Ec",1,0,0,0,0,0,0
"675",191,"Ec_N",12,15,15,"Ec",2,1,0,0,0,0,0.198020370545937
"676",191,"Ec_N",12,16,16,"Ec",2,1,0,0,0,0,0.198020370545937
"677",191,"Ec_N",12,17,17,"Ec",2,1,0,0,0,0,0.198020370545937
"678",191,"Ec_N",12,18,18,"Ec",2,1,0,0,0,0,0.198020370545937
"679",191,"Ec_N",12,19,19,"Ec",2,1,0,0,0,0,0.198020370545937
"680",191,"Ec_N",12,20,20,"Ec",2,1,0,0,0,0,0.198020370545937
"681",191,"Ec_N",12,21,21,"Ec",2,1,0,0,0,0,0.198020370545937
"682",191,"Ec_N",12,22,22,"Ec",2,1,0,0,0,0,0.198020370545937
"683",191,"Ec_N",12,23,23,"Ec",10,1,0,0,1,0,0.228562363617893
"684",191,"Ec_N",12,24,24,"Ec",10,1,0,0,1,0,0.228562363617893
"685",191,"Ec_N",12,25,25,"Ec",10,1,0,0,1,0,0.228562363617893
"686",191,"Ec_N",12,26,26,"Ec",10,1,0,0,1,0,0.228562363617893
"687",191,"Ec_N",12,27,27,"Ec",10,1,0,0,1,0,0.228562363617893
"688",191,"Ec_N",12,28,28,"Ec",10,1,0,0,1,0,0.228562363617893
"689",191,"Ec_N",12,29,29,"Ec",10,1,0,0,1,0,0.228562363617893
"690",191,"Ec_N",12,30,30,"Ec",10,1,0,0,1,0,0.228562363617893
"691",191,"Ec_N",12,31,31,"Ec",14,1,0,1,1,0,0.746777083195453
"692",191,"Ec_N",12,32,32,"Ec",14,1,0,1,1,0,0.746777083195453
"693",191,"Ec_N",12,33,33,"Ec",14,1,0,1,1,0,0.746777083195453
"694",191,"Ec_N",12,34,34,"Ec",14,1,0,1,1,0,0.746777083195453
"695",191,"Ec_N",12,35,35,"Ec",14,1,0,1,1,0,0.746777083195453
"696",191,"Ec_N",12,36,36,"Ec",14,1,0,1,1,0,0.746777083195453
"697",191,"Ec_N",12,37,37,"Ec",14,1,0,1,1,0,0.746777083195453
"698",191,"Ec_N",12,38,38,"Ec",14,1,0,1,1,0,0.746777083195453
"699",191,"Ec_N",12,39,39,"Ec",14,1,0,1,1,0,0.746777083195453
"700",191,"Ec_N",12,40,40,"Ec",14,1,0,1,1,0,0.746777083195453
"701",191,"Ec_N",12,41,41,"Ec",14,1,0,1,1,0,0.746777083195453
"702",191,"Ec_N",12,42,42,"Ec",14,1,0,1,1,0,0.746777083195453
"703",191,"Ec_N",12,43,43,"Ec",14,1,0,1,1,0,0.746777083195453
"704",191,"Ec_N",12,44,44,"Ec",30,1,0,1,1,1,0.958688519948705
"705",191,"Ec_N",12,45,45,"Ec",30,1,0,1,1,1,0.958688519948705
"706",191,"Ec_N",12,46,46,"Ec",30,1,0,1,1,1,0.958688519948705
"707",191,"Ec_N",12,47,47,"Ec",30,1,0,1,1,1,0.958688519948705
"708",191,"Ec_N",12,48,48,"Ec",30,1,0,1,1,1,0.958688519948705
"709",191,"Ec_N",12,49,49,"Ec",30,1,0,1,1,1,0.958688519948705
"710",191,"Ec_N",12,50,50,"Ec",30,1,0,1,1,1,0.958688519948705
"711",191,"Ec_N",12,51,51,"Ec",30,1,0,1,1,1,0.958688519948705
"712",191,"Ec_N",12,52,52,"Ec",30,1,0,1,1,1,0.958688519948705
"713",191,"Ec_N",12,53,53,"Ec",30,1,0,1,1,1,0.958688519948705
"714",191,"Ec_N",12,54,54,"Ec",30,1,0,1,1,1,0.958688519948705
"715",191,"Ec_N",12,55,55,"Ec",32,1,1,1,1,1,1
"716",191,"Ec_N",12,56,56,"Ec",32,1,1,1,1,1,1
"717",191,"Ec_N",12,57,57,"Ec",32,1,1,1,1,1,1
"718",191,"Ec_N",12,58,58,"Ec",32,1,1,1,1,1,1
"719",191,"Ec_N",12,59,59,"Ec",32,1,1,1,1,1,1
"720",191,"Ec_N",12,60,60,"Ec",32,1,1,1,1,1,1
"721",191,"Ec_N",13,1,1,"Ec",1,0,0,0,0,0,0
"722",191,"Ec_N",13,2,2,"Ec",1,0,0,0,0,0,0
"723",191,"Ec_N",13,3,3,"Ec",1,0,0,0,0,0,0
"724",191,"Ec_N",13,4,4,"Ec",17,0,0,0,0,1,0.229834113103391
"725",191,"Ec_N",13,5,5,"Ec",21,0,0,1,0,1,0.726280938342543
"726",191,"Ec_N",13,6,6,"Ec",21,0,0,1,0,1,0.726280938342543
"727",191,"Ec_N",13,7,7,"Ec",21,0,0,1,0,1,0.726280938342543
"728",191,"Ec_N",13,8,8,"Ec",21,0,0,1,0,1,0.726280938342543
"729",191,"Ec_N",13,9,9,"Ec",21,0,0,1,0,1,0.726280938342543
"730",191,"Ec_N",13,10,10,"Ec",21,0,0,1,0,1,0.726280938342543
"731",191,"Ec_N",13,11,11,"Ec",21,0,0,1,0,1,0.726280938342543
"732",191,"Ec_N",13,12,12,"Ec",21,0,0,1,0,1,0.726280938342543
"733",191,"Ec_N",13,13,13,"Ec",21,0,0,1,0,1,0.726280938342543
"734",191,"Ec_N",13,14,14,"Ec",21,0,0,1,0,1,0.726280938342543
"735",191,"Ec_N",13,15,15,"Ec",22,1,0,1,0,1,0.92522428176681
"736",191,"Ec_N",13,16,16,"Ec",22,1,0,1,0,1,0.92522428176681
"737",191,"Ec_N",13,17,17,"Ec",22,1,0,1,0,1,0.92522428176681
"738",191,"Ec_N",13,18,18,"Ec",22,1,0,1,0,1,0.92522428176681
"739",191,"Ec_N",13,19,19,"Ec",22,1,0,1,0,1,0.92522428176681
"740",191,"Ec_N",13,20,20,"Ec",22,1,0,1,0,1,0.92522428176681
"741",191,"Ec_N",13,21,21,"Ec",22,1,0,1,0,1,0.92522428176681
"742",191,"Ec_N",13,22,22,"Ec",22,1,0,1,0,1,0.92522428176681
"743",191,"Ec_N",13,23,23,"Ec",22,1,0,1,0,1,0.92522428176681
"744",191,"Ec_N",13,24,24,"Ec",22,1,0,1,0,1,0.92522428176681
"745",191,"Ec_N",13,25,25,"Ec",22,1,0,1,0,1,0.92522428176681
"746",191,"Ec_N",13,26,26,"Ec",22,1,0,1,0,1,0.92522428176681
"747",191,"Ec_N",13,27,27,"Ec",22,1,0,1,0,1,0.92522428176681
"748",191,"Ec_N",13,28,28,"Ec",22,1,0,1,0,1,0.92522428176681
"749",191,"Ec_N",13,29,29,"Ec",24,1,1,1,0,1,0.969458006928044
"750",191,"Ec_N",13,30,30,"Ec",24,1,1,1,0,1,0.969458006928044
"751",191,"Ec_N",13,31,31,"Ec",24,1,1,1,0,1,0.969458006928044
"752",191,"Ec_N",13,32,32,"Ec",24,1,1,1,0,1,0.969458006928044
"753",191,"Ec_N",13,33,33,"Ec",24,1,1,1,0,1,0.969458006928044
"754",191,"Ec_N",13,34,34,"Ec",24,1,1,1,0,1,0.969458006928044
"755",191,"Ec_N",13,35,35,"Ec",24,1,1,1,0,1,0.969458006928044
"756",191,"Ec_N",13,36,36,"Ec",24,1,1,1,0,1,0.969458006928044
"757",191,"Ec_N",13,37,37,"Ec",24,1,1,1,0,1,0.969458006928044
"758",191,"Ec_N",13,38,38,"Ec",24,1,1,1,0,1,0.969458006928044
"759",191,"Ec_N",13,39,39,"Ec",24,1,1,1,0,1,0.969458006928044
"760",191,"Ec_N",13,40,40,"Ec",24,1,1,1,0,1,0.969458006928044
"761",191,"Ec_N",13,41,41,"Ec",24,1,1,1,0,1,0.969458006928044
"762",191,"Ec_N",13,42,42,"Ec",24,1,1,1,0,1,0.969458006928044
"763",191,"Ec_N",13,43,43,"Ec",24,1,1,1,0,1,0.969458006928044
"764",191,"Ec_N",13,44,44,"Ec",24,1,1,1,0,1,0.969458006928044
"765",191,"Ec_N",13,45,45,"Ec",24,1,1,1,0,1,0.969458006928044
"766",191,"Ec_N",13,46,46,"Ec",24,1,1,1,0,1,0.969458006928044
"767",191,"Ec_N",13,47,47,"Ec",24,1,1,1,0,1,0.969458006928044
"768",191,"Ec_N",13,48,48,"Ec",24,1,1,1,0,1,0.969458006928044
"769",191,"Ec_N",13,49,49,"Ec",24,1,1,1,0,1,0.969458006928044
"770",191,"Ec_N",13,50,50,"Ec",24,1,1,1,0,1,0.969458006928044
"771",191,"Ec_N",13,51,51,"Ec",24,1,1,1,0,1,0.969458006928044
"772",191,"Ec_N",13,52,52,"Ec",24,1,1,1,0,1,0.969458006928044
"773",191,"Ec_N",13,53,53,"Ec",24,1,1,1,0,1,0.969458006928044
"774",191,"Ec_N",13,54,54,"Ec",24,1,1,1,0,1,0.969458006928044
"775",191,"Ec_N",13,55,55,"Ec",24,1,1,1,0,1,0.969458006928044
"776",191,"Ec_N",13,56,56,"Ec",24,1,1,1,0,1,0.969458006928044
"777",191,"Ec_N",13,57,57,"Ec",24,1,1,1,0,1,0.969458006928044
"778",191,"Ec_N",13,58,58,"Ec",24,1,1,1,0,1,0.969458006928044
"779",191,"Ec_N",13,59,59,"Ec",32,1,1,1,1,1,1
"780",191,"Ec_N",13,60,60,"Ec",32,1,1,1,1,1,1
"781",191,"Ec_N",14,1,1,"Ec",1,0,0,0,0,0,0
"782",191,"Ec_N",14,2,2,"Ec",1,0,0,0,0,0,0
"783",191,"Ec_N",14,3,3,"Ec",1,0,0,0,0,0,0
"784",191,"Ec_N",14,4,4,"Ec",1,0,0,0,0,0,0
"785",191,"Ec_N",14,5,5,"Ec",1,0,0,0,0,0,0
"786",191,"Ec_N",14,6,6,"Ec",1,0,0,0,0,0,0
"787",191,"Ec_N",14,7,7,"Ec",1,0,0,0,0,0,0
"788",191,"Ec_N",14,8,8,"Ec",1,0,0,0,0,0,0
"789",191,"Ec_N",14,9,9,"Ec",1,0,0,0,0,0,0
"790",191,"Ec_N",14,10,10,"Ec",1,0,0,0,0,0,0
"791",191,"Ec_N",14,11,11,"Ec",1,0,0,0,0,0,0
"792",191,"Ec_N",14,12,12,"Ec",1,0,0,0,0,0,0
"793",191,"Ec_N",14,13,13,"Ec",1,0,0,0,0,0,0
"794",191,"Ec_N",14,14,14,"Ec",1,0,0,0,0,0,0
"795",191,"Ec_N",14,15,15,"Ec",1,0,0,0,0,0,0
"796",191,"Ec_N",14,16,16,"Ec",1,0,0,0,0,0,0
"797",191,"Ec_N",14,17,17,"Ec",3,0,1,0,0,0,0.041311480051295
"798",191,"Ec_N",14,18,18,"Ec",3,0,1,0,0,0,0.041311480051295
"799",191,"Ec_N",14,19,19,"Ec",3,0,1,0,0,0,0.041311480051295
"800",191,"Ec_N",14,20,20,"Ec",3,0,1,0,0,0,0.041311480051295
"801",191,"Ec_N",14,21,21,"Ec",3,0,1,0,0,0,0.041311480051295
"802",191,"Ec_N",14,22,22,"Ec",3,0,1,0,0,0,0.041311480051295
"803",191,"Ec_N",14,23,23,"Ec",3,0,1,0,0,0,0.041311480051295
"804",191,"Ec_N",14,24,24,"Ec",3,0,1,0,0,0,0.041311480051295
"805",191,"Ec_N",14,25,25,"Ec",3,0,1,0,0,0,0.041311480051295
"806",191,"Ec_N",14,26,26,"Ec",3,0,1,0,0,0,0.041311480051295
"807",191,"Ec_N",14,27,27,"Ec",3,0,1,0,0,0,0.041311480051295
"808",191,"Ec_N",14,28,28,"Ec",3,0,1,0,0,0,0.041311480051295
"809",191,"Ec_N",14,29,29,"Ec",3,0,1,0,0,0,0.041311480051295
"810",191,"Ec_N",14,30,30,"Ec",3,0,1,0,0,0,0.041311480051295
"811",191,"Ec_N",14,31,31,"Ec",19,0,1,0,0,1,0.427300415500348
"812",191,"Ec_N",14,32,32,"Ec",19,0,1,0,0,1,0.427300415500348
"813",191,"Ec_N",14,33,33,"Ec",19,0,1,0,0,1,0.427300415500348
"814",191,"Ec_N",14,34,34,"Ec",19,0,1,0,0,1,0.427300415500348
"815",191,"Ec_N",14,35,35,"Ec",19,0,1,0,0,1,0.427300415500348
"816",191,"Ec_N",14,36,36,"Ec",19,0,1,0,0,1,0.427300415500348
"817",191,"Ec_N",14,37,37,"Ec",19,0,1,0,0,1,0.427300415500348
"818",191,"Ec_N",14,38,38,"Ec",19,0,1,0,0,1,0.427300415500348
"819",191,"Ec_N",14,39,39,"Ec",19,0,1,0,0,1,0.427300415500348
"820",191,"Ec_N",14,40,40,"Ec",19,0,1,0,0,1,0.427300415500348
"821",191,"Ec_N",14,41,41,"Ec",19,0,1,0,0,1,0.427300415500348
"822",191,"Ec_N",14,42,42,"Ec",19,0,1,0,0,1,0.427300415500348
"823",191,"Ec_N",14,43,43,"Ec",19,0,1,0,0,1,0.427300415500348
"824",191,"Ec_N",14,44,44,"Ec",19,0,1,0,0,1,0.427300415500348
"825",191,"Ec_N",14,45,45,"Ec",19,0,1,0,0,1,0.427300415500348
"826",191,"Ec_N",14,46,46,"Ec",19,0,1,0,0,1,0.427300415500348
"827",191,"Ec_N",14,47,47,"Ec",19,0,1,0,0,1,0.427300415500348
"828",191,"Ec_N",14,48,48,"Ec",19,0,1,0,0,1,0.427300415500348
"829",191,"Ec_N",14,49,49,"Ec",19,0,1,0,0,1,0.427300415500348
"830",191,"Ec_N",14,50,50,"Ec",19,0,1,0,0,1,0.427300415500348
"831",191,"Ec_N",14,51,51,"Ec",19,0,1,0,0,1,0.427300415500348
"832",191,"Ec_N",14,52,52,"Ec",19,0,1,0,0,1,0.427300415500348
"833",191,"Ec_N",14,53,53,"Ec",19,0,1,0,0,1,0.427300415500348
"834",191,"Ec_N",14,54,54,"Ec",19,0,1,0,0,1,0.427300415500348
"835",191,"Ec_N",14,55,55,"Ec",19,0,1,0,0,1,0.427300415500348
"836",191,"Ec_N",14,56,56,"Ec",19,0,1,0,0,1,0.427300415500348
"837",191,"Ec_N",14,57,57,"Ec",19,0,1,0,0,1,0.427300415500348
"838",191,"Ec_N",14,58,58,"Ec",19,0,1,0,0,1,0.427300415500348
"839",191,"Ec_N",14,59,59,"Ec",19,0,1,0,0,1,0.427300415500348
"840",191,"Ec_N",14,60,60,"Ec",19,0,1,0,0,1,0.427300415500348
"841",191,"Ec_N",15,1,1,"Ec",1,0,0,0,0,0,0
"842",191,"Ec_N",15,2,2,"Ec",1,0,0,0,0,0,0
"843",191,"Ec_N",15,3,3,"Ec",1,0,0,0,0,0,0
"844",191,"Ec_N",15,4,4,"Ec",1,0,0,0,0,0,0
"845",191,"Ec_N",15,5,5,"Ec",1,0,0,0,0,0,0
"846",191,"Ec_N",15,6,6,"Ec",1,0,0,0,0,0,0
"847",191,"Ec_N",15,7,7,"Ec",2,1,0,0,0,0,0.198020370545937
"848",191,"Ec_N",15,8,8,"Ec",2,1,0,0,0,0,0.198020370545937
"849",191,"Ec_N",15,9,9,"Ec",2,1,0,0,0,0,0.198020370545937
"850",191,"Ec_N",15,10,10,"Ec",2,1,0,0,0,0,0.198020370545937
"851",191,"Ec_N",15,11,11,"Ec",10,1,0,0,1,0,0.228562363617893
"852",191,"Ec_N",15,12,12,"Ec",10,1,0,0,1,0,0.228562363617893
"853",191,"Ec_N",15,13,13,"Ec",10,1,0,0,1,0,0.228562363617893
"854",191,"Ec_N",15,14,14,"Ec",10,1,0,0,1,0,0.228562363617893
"855",191,"Ec_N",15,15,15,"Ec",10,1,0,0,1,0,0.228562363617893
"856",191,"Ec_N",15,16,16,"Ec",10,1,0,0,1,0,0.228562363617893
"857",191,"Ec_N",15,17,17,"Ec",10,1,0,0,1,0,0.228562363617893
"858",191,"Ec_N",15,18,18,"Ec",10,1,0,0,1,0,0.228562363617893
"859",191,"Ec_N",15,19,19,"Ec",10,1,0,0,1,0,0.228562363617893
"860",191,"Ec_N",15,20,20,"Ec",10,1,0,0,1,0,0.228562363617893
"861",191,"Ec_N",15,21,21,"Ec",10,1,0,0,1,0,0.228562363617893
"862",191,"Ec_N",15,22,22,"Ec",10,1,0,0,1,0,0.228562363617893
"863",191,"Ec_N",15,23,23,"Ec",10,1,0,0,1,0,0.228562363617893
"864",191,"Ec_N",15,24,24,"Ec",10,1,0,0,1,0,0.228562363617893
"865",191,"Ec_N",15,25,25,"Ec",26,1,0,0,1,1,0.514384015075299
"866",191,"Ec_N",15,26,26,"Ec",26,1,0,0,1,1,0.514384015075299
"867",191,"Ec_N",15,27,27,"Ec",26,1,0,0,1,1,0.514384015075299
"868",191,"Ec_N",15,28,28,"Ec",26,1,0,0,1,1,0.514384015075299
"869",191,"Ec_N",15,29,29,"Ec",18,1,0,0,0,1,0.646504780524047
"870",191,"Ec_N",15,30,30,"Ec",18,1,0,0,0,1,0.646504780524047
"871",191,"Ec_N",15,31,31,"Ec",18,1,0,0,0,1,0.646504780524047
"872",191,"Ec_N",15,32,32,"Ec",22,1,0,1,0,1,0.92522428176681
"873",191,"Ec_N",15,33,33,"Ec",22,1,0,1,0,1,0.92522428176681
"874",191,"Ec_N",15,34,34,"Ec",22,1,0,1,0,1,0.92522428176681
"875",191,"Ec_N",15,35,35,"Ec",22,1,0,1,0,1,0.92522428176681
"876",191,"Ec_N",15,36,36,"Ec",24,1,1,1,0,1,0.969458006928044
"877",191,"Ec_N",15,37,37,"Ec",24,1,1,1,0,1,0.969458006928044
"878",191,"Ec_N",15,38,38,"Ec",24,1,1,1,0,1,0.969458006928044
"879",191,"Ec_N",15,39,39,"Ec",24,1,1,1,0,1,0.969458006928044
"880",191,"Ec_N",15,40,40,"Ec",24,1,1,1,0,1,0.969458006928044
"881",191,"Ec_N",15,41,41,"Ec",24,1,1,1,0,1,0.969458006928044
"882",191,"Ec_N",15,42,42,"Ec",24,1,1,1,0,1,0.969458006928044
"883",191,"Ec_N",15,43,43,"Ec",24,1,1,1,0,1,0.969458006928044
"884",191,"Ec_N",15,44,44,"Ec",24,1,1,1,0,1,0.969458006928044
"885",191,"Ec_N",15,45,45,"Ec",24,1,1,1,0,1,0.969458006928044
"886",191,"Ec_N",15,46,46,"Ec",24,1,1,1,0,1,0.969458006928044
"887",191,"Ec_N",15,47,47,"Ec",24,1,1,1,0,1,0.969458006928044
"888",191,"Ec_N",15,48,48,"Ec",24,1,1,1,0,1,0.969458006928044
"889",191,"Ec_N",15,49,49,"Ec",24,1,1,1,0,1,0.969458006928044
"890",191,"Ec_N",15,50,50,"Ec",24,1,1,1,0,1,0.969458006928044
"891",191,"Ec_N",15,51,51,"Ec",24,1,1,1,0,1,0.969458006928044
"892",191,"Ec_N",15,52,52,"Ec",24,1,1,1,0,1,0.969458006928044
"893",191,"Ec_N",15,53,53,"Ec",32,1,1,1,1,1,1
"894",191,"Ec_N",15,54,54,"Ec",32,1,1,1,1,1,1
"895",191,"Ec_N",15,55,55,"Ec",32,1,1,1,1,1,1
"896",191,"Ec_N",15,56,56,"Ec",32,1,1,1,1,1,1
"897",191,"Ec_N",15,57,57,"Ec",32,1,1,1,1,1,1
"898",191,"Ec_N",15,58,58,"Ec",32,1,1,1,1,1,1
"899",191,"Ec_N",15,59,59,"Ec",32,1,1,1,1,1,1
"900",191,"Ec_N",15,60,60,"Ec",32,1,1,1,1,1,1
"901",191,"Ec_N",16,1,1,"Ec",1,0,0,0,0,0,0
"902",191,"Ec_N",16,2,2,"Ec",1,0,0,0,0,0,0
"903",191,"Ec_N",16,3,3,"Ec",1,0,0,0,0,0,0
"904",191,"Ec_N",16,4,4,"Ec",1,0,0,0,0,0,0
"905",191,"Ec_N",16,5,5,"Ec",3,0,1,0,0,0,0.041311480051295
"906",191,"Ec_N",16,6,6,"Ec",3,0,1,0,0,0,0.041311480051295
"907",191,"Ec_N",16,7,7,"Ec",3,0,1,0,0,0,0.041311480051295
"908",191,"Ec_N",16,8,8,"Ec",3,0,1,0,0,0,0.041311480051295
"909",191,"Ec_N",16,9,9,"Ec",3,0,1,0,0,0,0.041311480051295
"910",191,"Ec_N",16,10,10,"Ec",3,0,1,0,0,0,0.041311480051295
"911",191,"Ec_N",16,11,11,"Ec",3,0,1,0,0,0,0.041311480051295
"912",191,"Ec_N",16,12,12,"Ec",3,0,1,0,0,0,0.041311480051295
"913",191,"Ec_N",16,13,13,"Ec",3,0,1,0,0,0,0.041311480051295
"914",191,"Ec_N",16,14,14,"Ec",3,0,1,0,0,0,0.041311480051295
"915",191,"Ec_N",16,15,15,"Ec",3,0,1,0,0,0,0.041311480051295
"916",191,"Ec_N",16,16,16,"Ec",3,0,1,0,0,0,0.041311480051295
"917",191,"Ec_N",16,17,17,"Ec",3,0,1,0,0,0,0.041311480051295
"918",191,"Ec_N",16,18,18,"Ec",11,0,1,0,1,0,0.0857419302602629
"919",191,"Ec_N",16,19,19,"Ec",27,0,1,0,1,1,0.357221419161902
"920",191,"Ec_N",16,20,20,"Ec",27,0,1,0,1,1,0.357221419161902
"921",191,"Ec_N",16,21,21,"Ec",27,0,1,0,1,1,0.357221419161902
"922",191,"Ec_N",16,22,22,"Ec",27,0,1,0,1,1,0.357221419161902
"923",191,"Ec_N",16,23,23,"Ec",27,0,1,0,1,1,0.357221419161902
"924",191,"Ec_N",16,24,24,"Ec",27,0,1,0,1,1,0.357221419161902
"925",191,"Ec_N",16,25,25,"Ec",27,0,1,0,1,1,0.357221419161902
"926",191,"Ec_N",16,26,26,"Ec",27,0,1,0,1,1,0.357221419161902
"927",191,"Ec_N",16,27,27,"Ec",27,0,1,0,1,1,0.357221419161902
"928",191,"Ec_N",16,28,28,"Ec",27,0,1,0,1,1,0.357221419161902
"929",191,"Ec_N",16,29,29,"Ec",28,1,1,0,1,1,0.681047421119041
"930",191,"Ec_N",16,30,30,"Ec",28,1,1,0,1,1,0.681047421119041
"931",191,"Ec_N",16,31,31,"Ec",28,1,1,0,1,1,0.681047421119041
"932",191,"Ec_N",16,32,32,"Ec",28,1,1,0,1,1,0.681047421119041
"933",191,"Ec_N",16,33,33,"Ec",28,1,1,0,1,1,0.681047421119041
"934",191,"Ec_N",16,34,34,"Ec",32,1,1,1,1,1,1
"935",191,"Ec_N",16,35,35,"Ec",32,1,1,1,1,1,1
"936",191,"Ec_N",16,36,36,"Ec",32,1,1,1,1,1,1
"937",191,"Ec_N",16,37,37,"Ec",32,1,1,1,1,1,1
"938",191,"Ec_N",16,38,38,"Ec",32,1,1,1,1,1,1
"939",191,"Ec_N",16,39,39,"Ec",32,1,1,1,1,1,1
"940",191,"Ec_N",16,40,40,"Ec",32,1,1,1,1,1,1
"941",191,"Ec_N",16,41,41,"Ec",32,1,1,1,1,1,1
"942",191,"Ec_N",16,42,42,"Ec",32,1,1,1,1,1,1
"943",191,"Ec_N",16,43,43,"Ec",32,1,1,1,1,1,1
"944",191,"Ec_N",16,44,44,"Ec",32,1,1,1,1,1,1
"945",191,"Ec_N",16,45,45,"Ec",32,1,1,1,1,1,1
"946",191,"Ec_N",16,46,46,"Ec",32,1,1,1,1,1,1
"947",191,"Ec_N",16,47,47,"Ec",32,1,1,1,1,1,1
"948",191,"Ec_N",16,48,48,"Ec",32,1,1,1,1,1,1
"949",191,"Ec_N",16,49,49,"Ec",32,1,1,1,1,1,1
"950",191,"Ec_N",16,50,50,"Ec",32,1,1,1,1,1,1
"951",191,"Ec_N",16,51,51,"Ec",32,1,1,1,1,1,1
"952",191,"Ec_N",16,52,52,"Ec",32,1,1,1,1,1,1
"953",191,"Ec_N",16,53,53,"Ec",32,1,1,1,1,1,1
"954",191,"Ec_N",16,54,54,"Ec",32,1,1,1,1,1,1
"955",191,"Ec_N",16,55,55,"Ec",32,1,1,1,1,1,1
"956",191,"Ec_N",16,56,56,"Ec",32,1,1,1,1,1,1
"957",191,"Ec_N",16,57,57,"Ec",32,1,1,1,1,1,1
"958",191,"Ec_N",16,58,58,"Ec",32,1,1,1,1,1,1
"959",191,"Ec_N",16,59,59,"Ec",32,1,1,1,1,1,1
"960",191,"Ec_N",16,60,60,"Ec",32,1,1,1,1,1,1
"961",191,"Ec_N",17,1,1,"Ec",1,0,0,0,0,0,0
"962",191,"Ec_N",17,2,2,"Ec",1,0,0,0,0,0,0
"963",191,"Ec_N",17,3,3,"Ec",1,0,0,0,0,0,0
"964",191,"Ec_N",17,4,4,"Ec",9,0,0,0,1,0,0.0305419930719563
"965",191,"Ec_N",17,5,5,"Ec",13,0,0,1,1,0,0.374679213953716
"966",191,"Ec_N",17,6,6,"Ec",13,0,0,1,1,0,0.374679213953716
"967",191,"Ec_N",17,7,7,"Ec",13,0,0,1,1,0,0.374679213953716
"968",191,"Ec_N",17,8,8,"Ec",13,0,0,1,1,0,0.374679213953716
"969",191,"Ec_N",17,9,9,"Ec",13,0,0,1,1,0,0.374679213953716
"970",191,"Ec_N",17,10,10,"Ec",13,0,0,1,1,0,0.374679213953716
"971",191,"Ec_N",17,11,11,"Ec",13,0,0,1,1,0,0.374679213953716
"972",191,"Ec_N",17,12,12,"Ec",13,0,0,1,1,0,0.374679213953716
"973",191,"Ec_N",17,13,13,"Ec",13,0,0,1,1,0,0.374679213953716
"974",191,"Ec_N",17,14,14,"Ec",13,0,0,1,1,0,0.374679213953716
"975",191,"Ec_N",17,15,15,"Ec",13,0,0,1,1,0,0.374679213953716
"976",191,"Ec_N",17,16,16,"Ec",14,1,0,1,1,0,0.746777083195453
"977",191,"Ec_N",17,17,17,"Ec",14,1,0,1,1,0,0.746777083195453
"978",191,"Ec_N",17,18,18,"Ec",14,1,0,1,1,0,0.746777083195453
"979",191,"Ec_N",17,19,19,"Ec",14,1,0,1,1,0,0.746777083195453
"980",191,"Ec_N",17,20,20,"Ec",14,1,0,1,1,0,0.746777083195453
"981",191,"Ec_N",17,21,21,"Ec",14,1,0,1,1,0,0.746777083195453
"982",191,"Ec_N",17,22,22,"Ec",14,1,0,1,1,0,0.746777083195453
"983",191,"Ec_N",17,23,23,"Ec",14,1,0,1,1,0,0.746777083195453
"984",191,"Ec_N",17,24,24,"Ec",14,1,0,1,1,0,0.746777083195453
"985",191,"Ec_N",17,25,25,"Ec",14,1,0,1,1,0,0.746777083195453
"986",191,"Ec_N",17,26,26,"Ec",14,1,0,1,1,0,0.746777083195453
"987",191,"Ec_N",17,27,27,"Ec",14,1,0,1,1,0,0.746777083195453
"988",191,"Ec_N",17,28,28,"Ec",14,1,0,1,1,0,0.746777083195453
"989",191,"Ec_N",17,29,29,"Ec",14,1,0,1,1,0,0.746777083195453
"990",191,"Ec_N",17,30,30,"Ec",14,1,0,1,1,0,0.746777083195453
"991",191,"Ec_N",17,31,31,"Ec",14,1,0,1,1,0,0.746777083195453
"992",191,"Ec_N",17,32,32,"Ec",30,1,0,1,1,1,0.958688519948705
"993",191,"Ec_N",17,33,33,"Ec",30,1,0,1,1,1,0.958688519948705
"994",191,"Ec_N",17,34,34,"Ec",30,1,0,1,1,1,0.958688519948705
"995",191,"Ec_N",17,35,35,"Ec",30,1,0,1,1,1,0.958688519948705
"996",191,"Ec_N",17,36,36,"Ec",30,1,0,1,1,1,0.958688519948705
"997",191,"Ec_N",17,37,37,"Ec",30,1,0,1,1,1,0.958688519948705
"998",191,"Ec_N",17,38,38,"Ec",30,1,0,1,1,1,0.958688519948705
"999",191,"Ec_N",17,39,39,"Ec",30,1,0,1,1,1,0.958688519948705
"1000",191,"Ec_N",17,40,40,"Ec",30,1,0,1,1,1,0.958688519948705
"1001",191,"Ec_N",17,41,41,"Ec",30,1,0,1,1,1,0.958688519948705
"1002",191,"Ec_N",17,42,42,"Ec",30,1,0,1,1,1,0.958688519948705
"1003",191,"Ec_N",17,43,43,"Ec",30,1,0,1,1,1,0.958688519948705
"1004",191,"Ec_N",17,44,44,"Ec",30,1,0,1,1,1,0.958688519948705
"1005",191,"Ec_N",17,45,45,"Ec",30,1,0,1,1,1,0.958688519948705
"1006",191,"Ec_N",17,46,46,"Ec",30,1,0,1,1,1,0.958688519948705
"1007",191,"Ec_N",17,47,47,"Ec",32,1,1,1,1,1,1
"1008",191,"Ec_N",17,48,48,"Ec",32,1,1,1,1,1,1
"1009",191,"Ec_N",17,49,49,"Ec",32,1,1,1,1,1,1
"1010",191,"Ec_N",17,50,50,"Ec",32,1,1,1,1,1,1
"1011",191,"Ec_N",17,51,51,"Ec",32,1,1,1,1,1,1
"1012",191,"Ec_N",17,52,52,"Ec",32,1,1,1,1,1,1
"1013",191,"Ec_N",17,53,53,"Ec",32,1,1,1,1,1,1
"1014",191,"Ec_N",17,54,54,"Ec",32,1,1,1,1,1,1
"1015",191,"Ec_N",17,55,55,"Ec",32,1,1,1,1,1,1
"1016",191,"Ec_N",17,56,56,"Ec",32,1,1,1,1,1,1
"1017",191,"Ec_N",17,57,57,"Ec",32,1,1,1,1,1,1
"1018",191,"Ec_N",17,58,58,"Ec",32,1,1,1,1,1,1
"1019",191,"Ec_N",17,59,59,"Ec",32,1,1,1,1,1,1
"1020",191,"Ec_N",17,60,60,"Ec",32,1,1,1,1,1,1
"1021",191,"Ec_N",18,1,1,"Ec",1,0,0,0,0,0,0
"1022",191,"Ec_N",18,2,2,"Ec",9,0,0,0,1,0,0.0305419930719563
"1023",191,"Ec_N",18,3,3,"Ec",9,0,0,0,1,0,0.0305419930719563
"1024",191,"Ec_N",18,4,4,"Ec",9,0,0,0,1,0,0.0305419930719563
"1025",191,"Ec_N",18,5,5,"Ec",9,0,0,0,1,0,0.0305419930719563
"1026",191,"Ec_N",18,6,6,"Ec",25,0,0,0,1,1,0.403163568932085
"1027",191,"Ec_N",18,7,7,"Ec",25,0,0,0,1,1,0.403163568932085
"1028",191,"Ec_N",18,8,8,"Ec",25,0,0,0,1,1,0.403163568932085
"1029",191,"Ec_N",18,9,9,"Ec",25,0,0,0,1,1,0.403163568932085
"1030",191,"Ec_N",18,10,10,"Ec",25,0,0,0,1,1,0.403163568932085
"1031",191,"Ec_N",18,11,11,"Ec",25,0,0,0,1,1,0.403163568932085
"1032",191,"Ec_N",18,12,12,"Ec",25,0,0,0,1,1,0.403163568932085
"1033",191,"Ec_N",18,13,13,"Ec",25,0,0,0,1,1,0.403163568932085
"1034",191,"Ec_N",18,14,14,"Ec",25,0,0,0,1,1,0.403163568932085
"1035",191,"Ec_N",18,15,15,"Ec",25,0,0,0,1,1,0.403163568932085
"1036",191,"Ec_N",18,16,16,"Ec",25,0,0,0,1,1,0.403163568932085
"1037",191,"Ec_N",18,17,17,"Ec",25,0,0,0,1,1,0.403163568932085
"1038",191,"Ec_N",18,18,18,"Ec",29,0,0,1,1,1,0.760668149402769
"1039",191,"Ec_N",18,19,19,"Ec",29,0,0,1,1,1,0.760668149402769
"1040",191,"Ec_N",18,20,20,"Ec",29,0,0,1,1,1,0.760668149402769
"1041",191,"Ec_N",18,21,21,"Ec",29,0,0,1,1,1,0.760668149402769
"1042",191,"Ec_N",18,22,22,"Ec",29,0,0,1,1,1,0.760668149402769
"1043",191,"Ec_N",18,23,23,"Ec",29,0,0,1,1,1,0.760668149402769
"1044",191,"Ec_N",18,24,24,"Ec",29,0,0,1,1,1,0.760668149402769
"1045",191,"Ec_N",18,25,25,"Ec",29,0,0,1,1,1,0.760668149402769
"1046",191,"Ec_N",18,26,26,"Ec",29,0,0,1,1,1,0.760668149402769
"1047",191,"Ec_N",18,27,27,"Ec",29,0,0,1,1,1,0.760668149402769
"1048",191,"Ec_N",18,28,28,"Ec",29,0,0,1,1,1,0.760668149402769
"1049",191,"Ec_N",18,29,29,"Ec",29,0,0,1,1,1,0.760668149402769
"1050",191,"Ec_N",18,30,30,"Ec",29,0,0,1,1,1,0.760668149402769
"1051",191,"Ec_N",18,31,31,"Ec",29,0,0,1,1,1,0.760668149402769
"1052",191,"Ec_N",18,32,32,"Ec",29,0,0,1,1,1,0.760668149402769
"1053",191,"Ec_N",18,33,33,"Ec",29,0,0,1,1,1,0.760668149402769
"1054",191,"Ec_N",18,34,34,"Ec",29,0,0,1,1,1,0.760668149402769
"1055",191,"Ec_N",18,35,35,"Ec",29,0,0,1,1,1,0.760668149402769
"1056",191,"Ec_N",18,36,36,"Ec",29,0,0,1,1,1,0.760668149402769
"1057",191,"Ec_N",18,37,37,"Ec",29,0,0,1,1,1,0.760668149402769
"1058",191,"Ec_N",18,38,38,"Ec",29,0,0,1,1,1,0.760668149402769
"1059",191,"Ec_N",18,39,39,"Ec",29,0,0,1,1,1,0.760668149402769
"1060",191,"Ec_N",18,40,40,"Ec",29,0,0,1,1,1,0.760668149402769
"1061",191,"Ec_N",18,41,41,"Ec",29,0,0,1,1,1,0.760668149402769
"1062",191,"Ec_N",18,42,42,"Ec",29,0,0,1,1,1,0.760668149402769
"1063",191,"Ec_N",18,43,43,"Ec",29,0,0,1,1,1,0.760668149402769
"1064",191,"Ec_N",18,44,44,"Ec",29,0,0,1,1,1,0.760668149402769
"1065",191,"Ec_N",18,45,45,"Ec",29,0,0,1,1,1,0.760668149402769
"1066",191,"Ec_N",18,46,46,"Ec",29,0,0,1,1,1,0.760668149402769
"1067",191,"Ec_N",18,47,47,"Ec",29,0,0,1,1,1,0.760668149402769
"1068",191,"Ec_N",18,48,48,"Ec",29,0,0,1,1,1,0.760668149402769
"1069",191,"Ec_N",18,49,49,"Ec",29,0,0,1,1,1,0.760668149402769
"1070",191,"Ec_N",18,50,50,"Ec",29,0,0,1,1,1,0.760668149402769
"1071",191,"Ec_N",18,51,51,"Ec",29,0,0,1,1,1,0.760668149402769
"1072",191,"Ec_N",18,52,52,"Ec",29,0,0,1,1,1,0.760668149402769
"1073",191,"Ec_N",18,53,53,"Ec",29,0,0,1,1,1,0.760668149402769
"1074",191,"Ec_N",18,54,54,"Ec",29,0,0,1,1,1,0.760668149402769
"1075",191,"Ec_N",18,55,55,"Ec",29,0,0,1,1,1,0.760668149402769
"1076",191,"Ec_N",18,56,56,"Ec",29,0,0,1,1,1,0.760668149402769
"1077",191,"Ec_N",18,57,57,"Ec",29,0,0,1,1,1,0.760668149402769
"1078",191,"Ec_N",18,58,58,"Ec",29,0,0,1,1,1,0.760668149402769
"1079",191,"Ec_N",18,59,59,"Ec",29,0,0,1,1,1,0.760668149402769
"1080",191,"Ec_N",18,60,60,"Ec",29,0,0,1,1,1,0.760668149402769
"1081",191,"Ec_N",19,1,1,"Ec",1,0,0,0,0,0,0
"1082",191,"Ec_N",19,2,2,"Ec",17,0,0,0,0,1,0.229834113103391
"1083",191,"Ec_N",19,3,3,"Ec",17,0,0,0,0,1,0.229834113103391
"1084",191,"Ec_N",19,4,4,"Ec",21,0,0,1,0,1,0.726280938342543
"1085",191,"Ec_N",19,5,5,"Ec",21,0,0,1,0,1,0.726280938342543
"1086",191,"Ec_N",19,6,6,"Ec",21,0,0,1,0,1,0.726280938342543
"1087",191,"Ec_N",19,7,7,"Ec",21,0,0,1,0,1,0.726280938342543
"1088",191,"Ec_N",19,8,8,"Ec",21,0,0,1,0,1,0.726280938342543
"1089",191,"Ec_N",19,9,9,"Ec",21,0,0,1,0,1,0.726280938342543
"1090",191,"Ec_N",19,10,10,"Ec",21,0,0,1,0,1,0.726280938342543
"1091",191,"Ec_N",19,11,11,"Ec",21,0,0,1,0,1,0.726280938342543
"1092",191,"Ec_N",19,12,12,"Ec",21,0,0,1,0,1,0.726280938342543
"1093",191,"Ec_N",19,13,13,"Ec",21,0,0,1,0,1,0.726280938342543
"1094",191,"Ec_N",19,14,14,"Ec",21,0,0,1,0,1,0.726280938342543
"1095",191,"Ec_N",19,15,15,"Ec",21,0,0,1,0,1,0.726280938342543
"1096",191,"Ec_N",19,16,16,"Ec",21,0,0,1,0,1,0.726280938342543
"1097",191,"Ec_N",19,17,17,"Ec",21,0,0,1,0,1,0.726280938342543
"1098",191,"Ec_N",19,18,18,"Ec",21,0,0,1,0,1,0.726280938342543
"1099",191,"Ec_N",19,19,19,"Ec",21,0,0,1,0,1,0.726280938342543
"1100",191,"Ec_N",19,20,20,"Ec",21,0,0,1,0,1,0.726280938342543
"1101",191,"Ec_N",19,21,21,"Ec",21,0,0,1,0,1,0.726280938342543
"1102",191,"Ec_N",19,22,22,"Ec",21,0,0,1,0,1,0.726280938342543
"1103",191,"Ec_N",19,23,23,"Ec",21,0,0,1,0,1,0.726280938342543
"1104",191,"Ec_N",19,24,24,"Ec",21,0,0,1,0,1,0.726280938342543
"1105",191,"Ec_N",19,25,25,"Ec",21,0,0,1,0,1,0.726280938342543
"1106",191,"Ec_N",19,26,26,"Ec",21,0,0,1,0,1,0.726280938342543
"1107",191,"Ec_N",19,27,27,"Ec",21,0,0,1,0,1,0.726280938342543
"1108",191,"Ec_N",19,28,28,"Ec",21,0,0,1,0,1,0.726280938342543
"1109",191,"Ec_N",19,29,29,"Ec",21,0,0,1,0,1,0.726280938342543
"1110",191,"Ec_N",19,30,30,"Ec",29,0,0,1,1,1,0.760668149402769
"1111",191,"Ec_N",19,31,31,"Ec",29,0,0,1,1,1,0.760668149402769
"1112",191,"Ec_N",19,32,32,"Ec",29,0,0,1,1,1,0.760668149402769
"1113",191,"Ec_N",19,33,33,"Ec",29,0,0,1,1,1,0.760668149402769
"1114",191,"Ec_N",19,34,34,"Ec",29,0,0,1,1,1,0.760668149402769
"1115",191,"Ec_N",19,35,35,"Ec",29,0,0,1,1,1,0.760668149402769
"1116",191,"Ec_N",19,36,36,"Ec",29,0,0,1,1,1,0.760668149402769
"1117",191,"Ec_N",19,37,37,"Ec",31,0,1,1,1,1,0.801979629454064
"1118",191,"Ec_N",19,38,38,"Ec",31,0,1,1,1,1,0.801979629454064
"1119",191,"Ec_N",19,39,39,"Ec",31,0,1,1,1,1,0.801979629454064
"1120",191,"Ec_N",19,40,40,"Ec",31,0,1,1,1,1,0.801979629454064
"1121",191,"Ec_N",19,41,41,"Ec",31,0,1,1,1,1,0.801979629454064
"1122",191,"Ec_N",19,42,42,"Ec",32,1,1,1,1,1,1
"1123",191,"Ec_N",19,43,43,"Ec",32,1,1,1,1,1,1
"1124",191,"Ec_N",19,44,44,"Ec",32,1,1,1,1,1,1
"1125",191,"Ec_N",19,45,45,"Ec",32,1,1,1,1,1,1
"1126",191,"Ec_N",19,46,46,"Ec",32,1,1,1,1,1,1
"1127",191,"Ec_N",19,47,47,"Ec",32,1,1,1,1,1,1
"1128",191,"Ec_N",19,48,48,"Ec",32,1,1,1,1,1,1
"1129",191,"Ec_N",19,49,49,"Ec",32,1,1,1,1,1,1
"1130",191,"Ec_N",19,50,50,"Ec",32,1,1,1,1,1,1
"1131",191,"Ec_N",19,51,51,"Ec",32,1,1,1,1,1,1
"1132",191,"Ec_N",19,52,52,"Ec",32,1,1,1,1,1,1
"1133",191,"Ec_N",19,53,53,"Ec",32,1,1,1,1,1,1
"1134",191,"Ec_N",19,54,54,"Ec",32,1,1,1,1,1,1
"1135",191,"Ec_N",19,55,55,"Ec",32,1,1,1,1,1,1
"1136",191,"Ec_N",19,56,56,"Ec",32,1,1,1,1,1,1
"1137",191,"Ec_N",19,57,57,"Ec",32,1,1,1,1,1,1
"1138",191,"Ec_N",19,58,58,"Ec",32,1,1,1,1,1,1
"1139",191,"Ec_N",19,59,59,"Ec",32,1,1,1,1,1,1
"1140",191,"Ec_N",19,60,60,"Ec",32,1,1,1,1,1,1
"1141",191,"Ec_N",20,1,1,"Ec",1,0,0,0,0,0,0
"1142",191,"Ec_N",20,2,2,"Ec",1,0,0,0,0,0,0
"1143",191,"Ec_N",20,3,3,"Ec",1,0,0,0,0,0,0
"1144",191,"Ec_N",20,4,4,"Ec",1,0,0,0,0,0,0
"1145",191,"Ec_N",20,5,5,"Ec",1,0,0,0,0,0,0
"1146",191,"Ec_N",20,6,6,"Ec",1,0,0,0,0,0,0
"1147",191,"Ec_N",20,7,7,"Ec",9,0,0,0,1,0,0.0305419930719563
"1148",191,"Ec_N",20,8,8,"Ec",9,0,0,0,1,0,0.0305419930719563
"1149",191,"Ec_N",20,9,9,"Ec",9,0,0,0,1,0,0.0305419930719563
"1150",191,"Ec_N",20,10,10,"Ec",9,0,0,0,1,0,0.0305419930719563
"1151",191,"Ec_N",20,11,11,"Ec",9,0,0,0,1,0,0.0305419930719563
"1152",191,"Ec_N",20,12,12,"Ec",9,0,0,0,1,0,0.0305419930719563
"1153",191,"Ec_N",20,13,13,"Ec",9,0,0,0,1,0,0.0305419930719563
"1154",191,"Ec_N",20,14,14,"Ec",10,1,0,0,1,0,0.228562363617893
"1155",191,"Ec_N",20,15,15,"Ec",12,1,1,0,1,0,0.259780205416137
"1156",191,"Ec_N",20,16,16,"Ec",12,1,1,0,1,0,0.259780205416137
"1157",191,"Ec_N",20,17,17,"Ec",12,1,1,0,1,0,0.259780205416137
"1158",191,"Ec_N",20,18,18,"Ec",12,1,1,0,1,0,0.259780205416137
"1159",191,"Ec_N",20,19,19,"Ec",12,1,1,0,1,0,0.259780205416137
"1160",191,"Ec_N",20,20,20,"Ec",12,1,1,0,1,0,0.259780205416137
"1161",191,"Ec_N",20,21,21,"Ec",28,1,1,0,1,1,0.681047421119041
"1162",191,"Ec_N",20,22,22,"Ec",28,1,1,0,1,1,0.681047421119041
"1163",191,"Ec_N",20,23,23,"Ec",28,1,1,0,1,1,0.681047421119041
"1164",191,"Ec_N",20,24,24,"Ec",28,1,1,0,1,1,0.681047421119041
"1165",191,"Ec_N",20,25,25,"Ec",28,1,1,0,1,1,0.681047421119041
"1166",191,"Ec_N",20,26,26,"Ec",28,1,1,0,1,1,0.681047421119041
"1167",191,"Ec_N",20,27,27,"Ec",28,1,1,0,1,1,0.681047421119041
"1168",191,"Ec_N",20,28,28,"Ec",28,1,1,0,1,1,0.681047421119041
"1169",191,"Ec_N",20,29,29,"Ec",28,1,1,0,1,1,0.681047421119041
"1170",191,"Ec_N",20,30,30,"Ec",28,1,1,0,1,1,0.681047421119041
"1171",191,"Ec_N",20,31,31,"Ec",28,1,1,0,1,1,0.681047421119041
"1172",191,"Ec_N",20,32,32,"Ec",28,1,1,0,1,1,0.681047421119041
"1173",191,"Ec_N",20,33,33,"Ec",28,1,1,0,1,1,0.681047421119041
"1174",191,"Ec_N",20,34,34,"Ec",32,1,1,1,1,1,1
"1175",191,"Ec_N",20,35,35,"Ec",32,1,1,1,1,1,1
"1176",191,"Ec_N",20,36,36,"Ec",32,1,1,1,1,1,1
"1177",191,"Ec_N",20,37,37,"Ec",32,1,1,1,1,1,1
"1178",191,"Ec_N",20,38,38,"Ec",32,1,1,1,1,1,1
"1179",191,"Ec_N",20,39,39,"Ec",32,1,1,1,1,1,1
"1180",191,"Ec_N",20,40,40,"Ec",32,1,1,1,1,1,1
"1181",191,"Ec_N",20,41,41,"Ec",32,1,1,1,1,1,1
"1182",191,"Ec_N",20,42,42,"Ec",32,1,1,1,1,1,1
"1183",191,"Ec_N",20,43,43,"Ec",32,1,1,1,1,1,1
"1184",191,"Ec_N",20,44,44,"Ec",32,1,1,1,1,1,1
"1185",191,"Ec_N",20,45,45,"Ec",32,1,1,1,1,1,1
"1186",191,"Ec_N",20,46,46,"Ec",32,1,1,1,1,1,1
"1187",191,"Ec_N",20,47,47,"Ec",32,1,1,1,1,1,1
"1188",191,"Ec_N",20,48,48,"Ec",32,1,1,1,1,1,1
"1189",191,"Ec_N",20,49,49,"Ec",32,1,1,1,1,1,1
"1190",191,"Ec_N",20,50,50,"Ec",32,1,1,1,1,1,1
"1191",191,"Ec_N",20,51,51,"Ec",32,1,1,1,1,1,1
"1192",191,"Ec_N",20,52,52,"Ec",32,1,1,1,1,1,1
"1193",191,"Ec_N",20,53,53,"Ec",32,1,1,1,1,1,1
"1194",191,"Ec_N",20,54,54,"Ec",32,1,1,1,1,1,1
"1195",191,"Ec_N",20,55,55,"Ec",32,1,1,1,1,1,1
"1196",191,"Ec_N",20,56,56,"Ec",32,1,1,1,1,1,1
"1197",191,"Ec_N",20,57,57,"Ec",32,1,1,1,1,1,1
"1198",191,"Ec_N",20,58,58,"Ec",32,1,1,1,1,1,1
"1199",191,"Ec_N",20,59,59,"Ec",32,1,1,1,1,1,1
"1200",191,"Ec_N",20,60,60,"Ec",32,1,1,1,1,1,1
"1201",191,"Ec_N",21,1,1,"Ec",1,0,0,0,0,0,0
"1202",191,"Ec_N",21,2,2,"Ec",17,0,0,0,0,1,0.229834113103391
"1203",191,"Ec_N",21,3,3,"Ec",17,0,0,0,0,1,0.229834113103391
"1204",191,"Ec_N",21,4,4,"Ec",17,0,0,0,0,1,0.229834113103391
"1205",191,"Ec_N",21,5,5,"Ec",17,0,0,0,0,1,0.229834113103391
"1206",191,"Ec_N",21,6,6,"Ec",17,0,0,0,0,1,0.229834113103391
"1207",191,"Ec_N",21,7,7,"Ec",19,0,1,0,0,1,0.427300415500348
"1208",191,"Ec_N",21,8,8,"Ec",20,1,1,0,0,1,0.610298755308086
"1209",191,"Ec_N",21,9,9,"Ec",20,1,1,0,0,1,0.610298755308086
"1210",191,"Ec_N",21,10,10,"Ec",20,1,1,0,0,1,0.610298755308086
"1211",191,"Ec_N",21,11,11,"Ec",20,1,1,0,0,1,0.610298755308086
"1212",191,"Ec_N",21,12,12,"Ec",18,1,0,0,0,1,0.646504780524047
"1213",191,"Ec_N",21,13,13,"Ec",18,1,0,0,0,1,0.646504780524047
"1214",191,"Ec_N",21,14,14,"Ec",18,1,0,0,0,1,0.646504780524047
"1215",191,"Ec_N",21,15,15,"Ec",18,1,0,0,0,1,0.646504780524047
"1216",191,"Ec_N",21,16,16,"Ec",18,1,0,0,0,1,0.646504780524047
"1217",191,"Ec_N",21,17,17,"Ec",18,1,0,0,0,1,0.646504780524047
"1218",191,"Ec_N",21,18,18,"Ec",18,1,0,0,0,1,0.646504780524047
"1219",191,"Ec_N",21,19,19,"Ec",18,1,0,0,0,1,0.646504780524047
"1220",191,"Ec_N",21,20,20,"Ec",18,1,0,0,0,1,0.646504780524047
"1221",191,"Ec_N",21,21,21,"Ec",18,1,0,0,0,1,0.646504780524047
"1222",191,"Ec_N",21,22,22,"Ec",18,1,0,0,0,1,0.646504780524047
"1223",191,"Ec_N",21,23,23,"Ec",18,1,0,0,0,1,0.646504780524047
"1224",191,"Ec_N",21,24,24,"Ec",18,1,0,0,0,1,0.646504780524047
"1225",191,"Ec_N",21,25,25,"Ec",18,1,0,0,0,1,0.646504780524047
"1226",191,"Ec_N",21,26,26,"Ec",18,1,0,0,0,1,0.646504780524047
"1227",191,"Ec_N",21,27,27,"Ec",18,1,0,0,0,1,0.646504780524047
"1228",191,"Ec_N",21,28,28,"Ec",18,1,0,0,0,1,0.646504780524047
"1229",191,"Ec_N",21,29,29,"Ec",18,1,0,0,0,1,0.646504780524047
"1230",191,"Ec_N",21,30,30,"Ec",18,1,0,0,0,1,0.646504780524047
"1231",191,"Ec_N",21,31,31,"Ec",18,1,0,0,0,1,0.646504780524047
"1232",191,"Ec_N",21,32,32,"Ec",18,1,0,0,0,1,0.646504780524047
"1233",191,"Ec_N",21,33,33,"Ec",18,1,0,0,0,1,0.646504780524047
"1234",191,"Ec_N",21,34,34,"Ec",18,1,0,0,0,1,0.646504780524047
"1235",191,"Ec_N",21,35,35,"Ec",18,1,0,0,0,1,0.646504780524047
"1236",191,"Ec_N",21,36,36,"Ec",18,1,0,0,0,1,0.646504780524047
"1237",191,"Ec_N",21,37,37,"Ec",22,1,0,1,0,1,0.92522428176681
"1238",191,"Ec_N",21,38,38,"Ec",22,1,0,1,0,1,0.92522428176681
"1239",191,"Ec_N",21,39,39,"Ec",22,1,0,1,0,1,0.92522428176681
"1240",191,"Ec_N",21,40,40,"Ec",22,1,0,1,0,1,0.92522428176681
"1241",191,"Ec_N",21,41,41,"Ec",22,1,0,1,0,1,0.92522428176681
"1242",191,"Ec_N",21,42,42,"Ec",22,1,0,1,0,1,0.92522428176681
"1243",191,"Ec_N",21,43,43,"Ec",22,1,0,1,0,1,0.92522428176681
"1244",191,"Ec_N",21,44,44,"Ec",22,1,0,1,0,1,0.92522428176681
"1245",191,"Ec_N",21,45,45,"Ec",22,1,0,1,0,1,0.92522428176681
"1246",191,"Ec_N",21,46,46,"Ec",22,1,0,1,0,1,0.92522428176681
"1247",191,"Ec_N",21,47,47,"Ec",22,1,0,1,0,1,0.92522428176681
"1248",191,"Ec_N",21,48,48,"Ec",22,1,0,1,0,1,0.92522428176681
"1249",191,"Ec_N",21,49,49,"Ec",24,1,1,1,0,1,0.969458006928044
"1250",191,"Ec_N",21,50,50,"Ec",24,1,1,1,0,1,0.969458006928044
"1251",191,"Ec_N",21,51,51,"Ec",24,1,1,1,0,1,0.969458006928044
"1252",191,"Ec_N",21,52,52,"Ec",24,1,1,1,0,1,0.969458006928044
"1253",191,"Ec_N",21,53,53,"Ec",24,1,1,1,0,1,0.969458006928044
"1254",191,"Ec_N",21,54,54,"Ec",24,1,1,1,0,1,0.969458006928044
"1255",191,"Ec_N",21,55,55,"Ec",24,1,1,1,0,1,0.969458006928044
"1256",191,"Ec_N",21,56,56,"Ec",24,1,1,1,0,1,0.969458006928044
"1257",191,"Ec_N",21,57,57,"Ec",24,1,1,1,0,1,0.969458006928044
"1258",191,"Ec_N",21,58,58,"Ec",24,1,1,1,0,1,0.969458006928044
"1259",191,"Ec_N",21,59,59,"Ec",24,1,1,1,0,1,0.969458006928044
"1260",191,"Ec_N",21,60,60,"Ec",24,1,1,1,0,1,0.969458006928044
"1261",191,"Ec_N",22,1,1,"Ec",1,0,0,0,0,0,0
"1262",191,"Ec_N",22,2,2,"Ec",1,0,0,0,0,0,0
"1263",191,"Ec_N",22,3,3,"Ec",1,0,0,0,0,0,0
"1264",191,"Ec_N",22,4,4,"Ec",2,1,0,0,0,0,0.198020370545937
"1265",191,"Ec_N",22,5,5,"Ec",2,1,0,0,0,0,0.198020370545937
"1266",191,"Ec_N",22,6,6,"Ec",2,1,0,0,0,0,0.198020370545937
"1267",191,"Ec_N",22,7,7,"Ec",2,1,0,0,0,0,0.198020370545937
"1268",191,"Ec_N",22,8,8,"Ec",6,1,0,1,0,0,0.542157591427696
"1269",191,"Ec_N",22,9,9,"Ec",6,1,0,1,0,0,0.542157591427696
"1270",191,"Ec_N",22,10,10,"Ec",6,1,0,1,0,0,0.542157591427696
"1271",191,"Ec_N",22,11,11,"Ec",6,1,0,1,0,0,0.542157591427696
"1272",191,"Ec_N",22,12,12,"Ec",6,1,0,1,0,0,0.542157591427696
"1273",191,"Ec_N",22,13,13,"Ec",6,1,0,1,0,0,0.542157591427696
"1274",191,"Ec_N",22,14,14,"Ec",6,1,0,1,0,0,0.542157591427696
"1275",191,"Ec_N",22,15,15,"Ec",6,1,0,1,0,0,0.542157591427696
"1276",191,"Ec_N",22,16,16,"Ec",14,1,0,1,1,0,0.746777083195453
"1277",191,"Ec_N",22,17,17,"Ec",14,1,0,1,1,0,0.746777083195453
"1278",191,"Ec_N",22,18,18,"Ec",30,1,0,1,1,1,0.958688519948705
"1279",191,"Ec_N",22,19,19,"Ec",30,1,0,1,1,1,0.958688519948705
"1280",191,"Ec_N",22,20,20,"Ec",30,1,0,1,1,1,0.958688519948705
"1281",191,"Ec_N",22,21,21,"Ec",30,1,0,1,1,1,0.958688519948705
"1282",191,"Ec_N",22,22,22,"Ec",30,1,0,1,1,1,0.958688519948705
"1283",191,"Ec_N",22,23,23,"Ec",30,1,0,1,1,1,0.958688519948705
"1284",191,"Ec_N",22,24,24,"Ec",30,1,0,1,1,1,0.958688519948705
"1285",191,"Ec_N",22,25,25,"Ec",30,1,0,1,1,1,0.958688519948705
"1286",191,"Ec_N",22,26,26,"Ec",30,1,0,1,1,1,0.958688519948705
"1287",191,"Ec_N",22,27,27,"Ec",30,1,0,1,1,1,0.958688519948705
"1288",191,"Ec_N",22,28,28,"Ec",30,1,0,1,1,1,0.958688519948705
"1289",191,"Ec_N",22,29,29,"Ec",30,1,0,1,1,1,0.958688519948705
"1290",191,"Ec_N",22,30,30,"Ec",30,1,0,1,1,1,0.958688519948705
"1291",191,"Ec_N",22,31,31,"Ec",30,1,0,1,1,1,0.958688519948705
"1292",191,"Ec_N",22,32,32,"Ec",30,1,0,1,1,1,0.958688519948705
"1293",191,"Ec_N",22,33,33,"Ec",30,1,0,1,1,1,0.958688519948705
"1294",191,"Ec_N",22,34,34,"Ec",30,1,0,1,1,1,0.958688519948705
"1295",191,"Ec_N",22,35,35,"Ec",30,1,0,1,1,1,0.958688519948705
"1296",191,"Ec_N",22,36,36,"Ec",30,1,0,1,1,1,0.958688519948705
"1297",191,"Ec_N",22,37,37,"Ec",30,1,0,1,1,1,0.958688519948705
"1298",191,"Ec_N",22,38,38,"Ec",30,1,0,1,1,1,0.958688519948705
"1299",191,"Ec_N",22,39,39,"Ec",30,1,0,1,1,1,0.958688519948705
"1300",191,"Ec_N",22,40,40,"Ec",30,1,0,1,1,1,0.958688519948705
"1301",191,"Ec_N",22,41,41,"Ec",30,1,0,1,1,1,0.958688519948705
"1302",191,"Ec_N",22,42,42,"Ec",30,1,0,1,1,1,0.958688519948705
"1303",191,"Ec_N",22,43,43,"Ec",30,1,0,1,1,1,0.958688519948705
"1304",191,"Ec_N",22,44,44,"Ec",30,1,0,1,1,1,0.958688519948705
"1305",191,"Ec_N",22,45,45,"Ec",30,1,0,1,1,1,0.958688519948705
"1306",191,"Ec_N",22,46,46,"Ec",30,1,0,1,1,1,0.958688519948705
"1307",191,"Ec_N",22,47,47,"Ec",30,1,0,1,1,1,0.958688519948705
"1308",191,"Ec_N",22,48,48,"Ec",30,1,0,1,1,1,0.958688519948705
"1309",191,"Ec_N",22,49,49,"Ec",30,1,0,1,1,1,0.958688519948705
"1310",191,"Ec_N",22,50,50,"Ec",30,1,0,1,1,1,0.958688519948705
"1311",191,"Ec_N",22,51,51,"Ec",30,1,0,1,1,1,0.958688519948705
"1312",191,"Ec_N",22,52,52,"Ec",30,1,0,1,1,1,0.958688519948705
"1313",191,"Ec_N",22,53,53,"Ec",30,1,0,1,1,1,0.958688519948705
"1314",191,"Ec_N",22,54,54,"Ec",30,1,0,1,1,1,0.958688519948705
"1315",191,"Ec_N",22,55,55,"Ec",30,1,0,1,1,1,0.958688519948705
"1316",191,"Ec_N",22,56,56,"Ec",30,1,0,1,1,1,0.958688519948705
"1317",191,"Ec_N",22,57,57,"Ec",30,1,0,1,1,1,0.958688519948705
"1318",191,"Ec_N",22,58,58,"Ec",30,1,0,1,1,1,0.958688519948705
"1319",191,"Ec_N",22,59,59,"Ec",30,1,0,1,1,1,0.958688519948705
"1320",191,"Ec_N",22,60,60,"Ec",30,1,0,1,1,1,0.958688519948705
"1321",191,"Ec_N",23,1,1,"Ec",1,0,0,0,0,0,0
"1322",191,"Ec_N",23,2,2,"Ec",3,0,1,0,0,0,0.041311480051295
"1323",191,"Ec_N",23,3,3,"Ec",3,0,1,0,0,0,0.041311480051295
"1324",191,"Ec_N",23,4,4,"Ec",3,0,1,0,0,0,0.041311480051295
"1325",191,"Ec_N",23,5,5,"Ec",11,0,1,0,1,0,0.0857419302602629
"1326",191,"Ec_N",23,6,6,"Ec",11,0,1,0,1,0,0.0857419302602629
"1327",191,"Ec_N",23,7,7,"Ec",11,0,1,0,1,0,0.0857419302602629
"1328",191,"Ec_N",23,8,8,"Ec",11,0,1,0,1,0,0.0857419302602629
"1329",191,"Ec_N",23,9,9,"Ec",11,0,1,0,1,0,0.0857419302602629
"1330",191,"Ec_N",23,10,10,"Ec",11,0,1,0,1,0,0.0857419302602629
"1331",191,"Ec_N",23,11,11,"Ec",11,0,1,0,1,0,0.0857419302602629
"1332",191,"Ec_N",23,12,12,"Ec",11,0,1,0,1,0,0.0857419302602629
"1333",191,"Ec_N",23,13,13,"Ec",11,0,1,0,1,0,0.0857419302602629
"1334",191,"Ec_N",23,14,14,"Ec",11,0,1,0,1,0,0.0857419302602629
"1335",191,"Ec_N",23,15,15,"Ec",11,0,1,0,1,0,0.0857419302602629
"1336",191,"Ec_N",23,16,16,"Ec",11,0,1,0,1,0,0.0857419302602629
"1337",191,"Ec_N",23,17,17,"Ec",11,0,1,0,1,0,0.0857419302602629
"1338",191,"Ec_N",23,18,18,"Ec",11,0,1,0,1,0,0.0857419302602629
"1339",191,"Ec_N",23,19,19,"Ec",11,0,1,0,1,0,0.0857419302602629
"1340",191,"Ec_N",23,20,20,"Ec",11,0,1,0,1,0,0.0857419302602629
"1341",191,"Ec_N",23,21,21,"Ec",11,0,1,0,1,0,0.0857419302602629
"1342",191,"Ec_N",23,22,22,"Ec",11,0,1,0,1,0,0.0857419302602629
"1343",191,"Ec_N",23,23,23,"Ec",11,0,1,0,1,0,0.0857419302602629
"1344",191,"Ec_N",23,24,24,"Ec",11,0,1,0,1,0,0.0857419302602629
"1345",191,"Ec_N",23,25,25,"Ec",12,1,1,0,1,0,0.259780205416137
"1346",191,"Ec_N",23,26,26,"Ec",12,1,1,0,1,0,0.259780205416137
"1347",191,"Ec_N",23,27,27,"Ec",12,1,1,0,1,0,0.259780205416137
"1348",191,"Ec_N",23,28,28,"Ec",12,1,1,0,1,0,0.259780205416137
"1349",191,"Ec_N",23,29,29,"Ec",12,1,1,0,1,0,0.259780205416137
"1350",191,"Ec_N",23,30,30,"Ec",12,1,1,0,1,0,0.259780205416137
"1351",191,"Ec_N",23,31,31,"Ec",28,1,1,0,1,1,0.681047421119041
"1352",191,"Ec_N",23,32,32,"Ec",28,1,1,0,1,1,0.681047421119041
"1353",191,"Ec_N",23,33,33,"Ec",28,1,1,0,1,1,0.681047421119041
"1354",191,"Ec_N",23,34,34,"Ec",28,1,1,0,1,1,0.681047421119041
"1355",191,"Ec_N",23,35,35,"Ec",28,1,1,0,1,1,0.681047421119041
"1356",191,"Ec_N",23,36,36,"Ec",28,1,1,0,1,1,0.681047421119041
"1357",191,"Ec_N",23,37,37,"Ec",28,1,1,0,1,1,0.681047421119041
"1358",191,"Ec_N",23,38,38,"Ec",32,1,1,1,1,1,1
"1359",191,"Ec_N",23,39,39,"Ec",32,1,1,1,1,1,1
"1360",191,"Ec_N",23,40,40,"Ec",32,1,1,1,1,1,1
"1361",191,"Ec_N",23,41,41,"Ec",32,1,1,1,1,1,1
"1362",191,"Ec_N",23,42,42,"Ec",32,1,1,1,1,1,1
"1363",191,"Ec_N",23,43,43,"Ec",32,1,1,1,1,1,1
"1364",191,"Ec_N",23,44,44,"Ec",32,1,1,1,1,1,1
"1365",191,"Ec_N",23,45,45,"Ec",32,1,1,1,1,1,1
"1366",191,"Ec_N",23,46,46,"Ec",32,1,1,1,1,1,1
"1367",191,"Ec_N",23,47,47,"Ec",32,1,1,1,1,1,1
"1368",191,"Ec_N",23,48,48,"Ec",32,1,1,1,1,1,1
"1369",191,"Ec_N",23,49,49,"Ec",32,1,1,1,1,1,1
"1370",191,"Ec_N",23,50,50,"Ec",32,1,1,1,1,1,1
"1371",191,"Ec_N",23,51,51,"Ec",32,1,1,1,1,1,1
"1372",191,"Ec_N",23,52,52,"Ec",32,1,1,1,1,1,1
"1373",191,"Ec_N",23,53,53,"Ec",32,1,1,1,1,1,1
"1374",191,"Ec_N",23,54,54,"Ec",32,1,1,1,1,1,1
"1375",191,"Ec_N",23,55,55,"Ec",32,1,1,1,1,1,1
"1376",191,"Ec_N",23,56,56,"Ec",32,1,1,1,1,1,1
"1377",191,"Ec_N",23,57,57,"Ec",32,1,1,1,1,1,1
"1378",191,"Ec_N",23,58,58,"Ec",32,1,1,1,1,1,1
"1379",191,"Ec_N",23,59,59,"Ec",32,1,1,1,1,1,1
"1380",191,"Ec_N",23,60,60,"Ec",32,1,1,1,1,1,1
"1381",191,"Ec_N",24,1,1,"Ec",1,0,0,0,0,0,0
"1382",191,"Ec_N",24,2,2,"Ec",1,0,0,0,0,0,0
"1383",191,"Ec_N",24,3,3,"Ec",3,0,1,0,0,0,0.041311480051295
"1384",191,"Ec_N",24,4,4,"Ec",3,0,1,0,0,0,0.041311480051295
"1385",191,"Ec_N",24,5,5,"Ec",3,0,1,0,0,0,0.041311480051295
"1386",191,"Ec_N",24,6,6,"Ec",3,0,1,0,0,0,0.041311480051295
"1387",191,"Ec_N",24,7,7,"Ec",3,0,1,0,0,0,0.041311480051295
"1388",191,"Ec_N",24,8,8,"Ec",3,0,1,0,0,0,0.041311480051295
"1389",191,"Ec_N",24,9,9,"Ec",3,0,1,0,0,0,0.041311480051295
"1390",191,"Ec_N",24,10,10,"Ec",3,0,1,0,0,0,0.041311480051295
"1391",191,"Ec_N",24,11,11,"Ec",3,0,1,0,0,0,0.041311480051295
"1392",191,"Ec_N",24,12,12,"Ec",3,0,1,0,0,0,0.041311480051295
"1393",191,"Ec_N",24,13,13,"Ec",3,0,1,0,0,0,0.041311480051295
"1394",191,"Ec_N",24,14,14,"Ec",3,0,1,0,0,0,0.041311480051295
"1395",191,"Ec_N",24,15,15,"Ec",3,0,1,0,0,0,0.041311480051295
"1396",191,"Ec_N",24,16,16,"Ec",11,0,1,0,1,0,0.0857419302602629
"1397",191,"Ec_N",24,17,17,"Ec",11,0,1,0,1,0,0.0857419302602629
"1398",191,"Ec_N",24,18,18,"Ec",11,0,1,0,1,0,0.0857419302602629
"1399",191,"Ec_N",24,19,19,"Ec",11,0,1,0,1,0,0.0857419302602629
"1400",191,"Ec_N",24,20,20,"Ec",11,0,1,0,1,0,0.0857419302602629
"1401",191,"Ec_N",24,21,21,"Ec",11,0,1,0,1,0,0.0857419302602629
"1402",191,"Ec_N",24,22,22,"Ec",11,0,1,0,1,0,0.0857419302602629
"1403",191,"Ec_N",24,23,23,"Ec",11,0,1,0,1,0,0.0857419302602629
"1404",191,"Ec_N",24,24,24,"Ec",12,1,1,0,1,0,0.259780205416137
"1405",191,"Ec_N",24,25,25,"Ec",28,1,1,0,1,1,0.681047421119041
"1406",191,"Ec_N",24,26,26,"Ec",28,1,1,0,1,1,0.681047421119041
"1407",191,"Ec_N",24,27,27,"Ec",28,1,1,0,1,1,0.681047421119041
"1408",191,"Ec_N",24,28,28,"Ec",28,1,1,0,1,1,0.681047421119041
"1409",191,"Ec_N",24,29,29,"Ec",28,1,1,0,1,1,0.681047421119041
"1410",191,"Ec_N",24,30,30,"Ec",28,1,1,0,1,1,0.681047421119041
"1411",191,"Ec_N",24,31,31,"Ec",28,1,1,0,1,1,0.681047421119041
"1412",191,"Ec_N",24,32,32,"Ec",28,1,1,0,1,1,0.681047421119041
"1413",191,"Ec_N",24,33,33,"Ec",28,1,1,0,1,1,0.681047421119041
"1414",191,"Ec_N",24,34,34,"Ec",28,1,1,0,1,1,0.681047421119041
"1415",191,"Ec_N",24,35,35,"Ec",28,1,1,0,1,1,0.681047421119041
"1416",191,"Ec_N",24,36,36,"Ec",28,1,1,0,1,1,0.681047421119041
"1417",191,"Ec_N",24,37,37,"Ec",28,1,1,0,1,1,0.681047421119041
"1418",191,"Ec_N",24,38,38,"Ec",28,1,1,0,1,1,0.681047421119041
"1419",191,"Ec_N",24,39,39,"Ec",28,1,1,0,1,1,0.681047421119041
"1420",191,"Ec_N",24,40,40,"Ec",28,1,1,0,1,1,0.681047421119041
"1421",191,"Ec_N",24,41,41,"Ec",28,1,1,0,1,1,0.681047421119041
"1422",191,"Ec_N",24,42,42,"Ec",28,1,1,0,1,1,0.681047421119041
"1423",191,"Ec_N",24,43,43,"Ec",28,1,1,0,1,1,0.681047421119041
"1424",191,"Ec_N",24,44,44,"Ec",28,1,1,0,1,1,0.681047421119041
"1425",191,"Ec_N",24,45,45,"Ec",28,1,1,0,1,1,0.681047421119041
"1426",191,"Ec_N",24,46,46,"Ec",28,1,1,0,1,1,0.681047421119041
"1427",191,"Ec_N",24,47,47,"Ec",28,1,1,0,1,1,0.681047421119041
"1428",191,"Ec_N",24,48,48,"Ec",28,1,1,0,1,1,0.681047421119041
"1429",191,"Ec_N",24,49,49,"Ec",28,1,1,0,1,1,0.681047421119041
"1430",191,"Ec_N",24,50,50,"Ec",28,1,1,0,1,1,0.681047421119041
"1431",191,"Ec_N",24,51,51,"Ec",28,1,1,0,1,1,0.681047421119041
"1432",191,"Ec_N",24,52,52,"Ec",28,1,1,0,1,1,0.681047421119041
"1433",191,"Ec_N",24,53,53,"Ec",28,1,1,0,1,1,0.681047421119041
"1434",191,"Ec_N",24,54,54,"Ec",28,1,1,0,1,1,0.681047421119041
"1435",191,"Ec_N",24,55,55,"Ec",28,1,1,0,1,1,0.681047421119041
"1436",191,"Ec_N",24,56,56,"Ec",28,1,1,0,1,1,0.681047421119041
"1437",191,"Ec_N",24,57,57,"Ec",28,1,1,0,1,1,0.681047421119041
"1438",191,"Ec_N",24,58,58,"Ec",28,1,1,0,1,1,0.681047421119041
"1439",191,"Ec_N",24,59,59,"Ec",28,1,1,0,1,1,0.681047421119041
"1440",191,"Ec_N",24,60,60,"Ec",28,1,1,0,1,1,0.681047421119041
"1441",191,"Ec_N",25,1,1,"Ec",1,0,0,0,0,0,0
"1442",191,"Ec_N",25,2,2,"Ec",1,0,0,0,0,0,0
"1443",191,"Ec_N",25,3,3,"Ec",2,1,0,0,0,0,0.198020370545937
"1444",191,"Ec_N",25,4,4,"Ec",2,1,0,0,0,0,0.198020370545937
"1445",191,"Ec_N",25,5,5,"Ec",2,1,0,0,0,0,0.198020370545937
"1446",191,"Ec_N",25,6,6,"Ec",2,1,0,0,0,0,0.198020370545937
"1447",191,"Ec_N",25,7,7,"Ec",2,1,0,0,0,0,0.198020370545937
"1448",191,"Ec_N",25,8,8,"Ec",2,1,0,0,0,0,0.198020370545937
"1449",191,"Ec_N",25,9,9,"Ec",2,1,0,0,0,0,0.198020370545937
"1450",191,"Ec_N",25,10,10,"Ec",2,1,0,0,0,0,0.198020370545937
"1451",191,"Ec_N",25,11,11,"Ec",2,1,0,0,0,0,0.198020370545937
"1452",191,"Ec_N",25,12,12,"Ec",2,1,0,0,0,0,0.198020370545937
"1453",191,"Ec_N",25,13,13,"Ec",6,1,0,1,0,0,0.542157591427696
"1454",191,"Ec_N",25,14,14,"Ec",6,1,0,1,0,0,0.542157591427696
"1455",191,"Ec_N",25,15,15,"Ec",6,1,0,1,0,0,0.542157591427696
"1456",191,"Ec_N",25,16,16,"Ec",6,1,0,1,0,0,0.542157591427696
"1457",191,"Ec_N",25,17,17,"Ec",8,1,1,1,0,0,0.583469071478991
"1458",191,"Ec_N",25,18,18,"Ec",8,1,1,1,0,0,0.583469071478991
"1459",191,"Ec_N",25,19,19,"Ec",8,1,1,1,0,0,0.583469071478991
"1460",191,"Ec_N",25,20,20,"Ec",8,1,1,1,0,0,0.583469071478991
"1461",191,"Ec_N",25,21,21,"Ec",8,1,1,1,0,0,0.583469071478991
"1462",191,"Ec_N",25,22,22,"Ec",8,1,1,1,0,0,0.583469071478991
"1463",191,"Ec_N",25,23,23,"Ec",8,1,1,1,0,0,0.583469071478991
"1464",191,"Ec_N",25,24,24,"Ec",8,1,1,1,0,0,0.583469071478991
"1465",191,"Ec_N",25,25,25,"Ec",8,1,1,1,0,0,0.583469071478991
"1466",191,"Ec_N",25,26,26,"Ec",8,1,1,1,0,0,0.583469071478991
"1467",191,"Ec_N",25,27,27,"Ec",8,1,1,1,0,0,0.583469071478991
"1468",191,"Ec_N",25,28,28,"Ec",8,1,1,1,0,0,0.583469071478991
"1469",191,"Ec_N",25,29,29,"Ec",8,1,1,1,0,0,0.583469071478991
"1470",191,"Ec_N",25,30,30,"Ec",8,1,1,1,0,0,0.583469071478991
"1471",191,"Ec_N",25,31,31,"Ec",8,1,1,1,0,0,0.583469071478991
"1472",191,"Ec_N",25,32,32,"Ec",8,1,1,1,0,0,0.583469071478991
"1473",191,"Ec_N",25,33,33,"Ec",8,1,1,1,0,0,0.583469071478991
"1474",191,"Ec_N",25,34,34,"Ec",8,1,1,1,0,0,0.583469071478991
"1475",191,"Ec_N",25,35,35,"Ec",8,1,1,1,0,0,0.583469071478991
"1476",191,"Ec_N",25,36,36,"Ec",8,1,1,1,0,0,0.583469071478991
"1477",191,"Ec_N",25,37,37,"Ec",8,1,1,1,0,0,0.583469071478991
"1478",191,"Ec_N",25,38,38,"Ec",8,1,1,1,0,0,0.583469071478991
"1479",191,"Ec_N",25,39,39,"Ec",7,0,1,1,0,0,0.589282297794007
"1480",191,"Ec_N",25,40,40,"Ec",7,0,1,1,0,0,0.589282297794007
"1481",191,"Ec_N",25,41,41,"Ec",7,0,1,1,0,0,0.589282297794007
"1482",191,"Ec_N",25,42,42,"Ec",7,0,1,1,0,0,0.589282297794007
"1483",191,"Ec_N",25,43,43,"Ec",7,0,1,1,0,0,0.589282297794007
"1484",191,"Ec_N",25,44,44,"Ec",7,0,1,1,0,0,0.589282297794007
"1485",191,"Ec_N",25,45,45,"Ec",23,0,1,1,0,1,0.616809062130864
"1486",191,"Ec_N",25,46,46,"Ec",23,0,1,1,0,1,0.616809062130864
"1487",191,"Ec_N",25,47,47,"Ec",23,0,1,1,0,1,0.616809062130864
"1488",191,"Ec_N",25,48,48,"Ec",21,0,0,1,0,1,0.726280938342543
"1489",191,"Ec_N",25,49,49,"Ec",21,0,0,1,0,1,0.726280938342543
"1490",191,"Ec_N",25,50,50,"Ec",22,1,0,1,0,1,0.92522428176681
"1491",191,"Ec_N",25,51,51,"Ec",22,1,0,1,0,1,0.92522428176681
"1492",191,"Ec_N",25,52,52,"Ec",24,1,1,1,0,1,0.969458006928044
"1493",191,"Ec_N",25,53,53,"Ec",24,1,1,1,0,1,0.969458006928044
"1494",191,"Ec_N",25,54,54,"Ec",24,1,1,1,0,1,0.969458006928044
"1495",191,"Ec_N",25,55,55,"Ec",24,1,1,1,0,1,0.969458006928044
"1496",191,"Ec_N",25,56,56,"Ec",24,1,1,1,0,1,0.969458006928044
"1497",191,"Ec_N",25,57,57,"Ec",24,1,1,1,0,1,0.969458006928044
"1498",191,"Ec_N",25,58,58,"Ec",24,1,1,1,0,1,0.969458006928044
"1499",191,"Ec_N",25,59,59,"Ec",32,1,1,1,1,1,1
"1500",191,"Ec_N",25,60,60,"Ec",32,1,1,1,1,1,1
"1501",191,"Ec_N",26,1,1,"Ec",1,0,0,0,0,0,0
"1502",191,"Ec_N",26,2,2,"Ec",1,0,0,0,0,0,0
"1503",191,"Ec_N",26,3,3,"Ec",5,0,0,1,0,0,0.49313446766664
"1504",191,"Ec_N",26,4,4,"Ec",5,0,0,1,0,0,0.49313446766664
"1505",191,"Ec_N",26,5,5,"Ec",5,0,0,1,0,0,0.49313446766664
"1506",191,"Ec_N",26,6,6,"Ec",5,0,0,1,0,0,0.49313446766664
"1507",191,"Ec_N",26,7,7,"Ec",5,0,0,1,0,0,0.49313446766664
"1508",191,"Ec_N",26,8,8,"Ec",5,0,0,1,0,0,0.49313446766664
"1509",191,"Ec_N",26,9,9,"Ec",5,0,0,1,0,0,0.49313446766664
"1510",191,"Ec_N",26,10,10,"Ec",5,0,0,1,0,0,0.49313446766664
"1511",191,"Ec_N",26,11,11,"Ec",5,0,0,1,0,0,0.49313446766664
"1512",191,"Ec_N",26,12,12,"Ec",5,0,0,1,0,0,0.49313446766664
"1513",191,"Ec_N",26,13,13,"Ec",5,0,0,1,0,0,0.49313446766664
"1514",191,"Ec_N",26,14,14,"Ec",5,0,0,1,0,0,0.49313446766664
"1515",191,"Ec_N",26,15,15,"Ec",5,0,0,1,0,0,0.49313446766664
"1516",191,"Ec_N",26,16,16,"Ec",5,0,0,1,0,0,0.49313446766664
"1517",191,"Ec_N",26,17,17,"Ec",5,0,0,1,0,0,0.49313446766664
"1518",191,"Ec_N",26,18,18,"Ec",5,0,0,1,0,0,0.49313446766664
"1519",191,"Ec_N",26,19,19,"Ec",5,0,0,1,0,0,0.49313446766664
"1520",191,"Ec_N",26,20,20,"Ec",5,0,0,1,0,0,0.49313446766664
"1521",191,"Ec_N",26,21,21,"Ec",5,0,0,1,0,0,0.49313446766664
"1522",191,"Ec_N",26,22,22,"Ec",6,1,0,1,0,0,0.542157591427696
"1523",191,"Ec_N",26,23,23,"Ec",6,1,0,1,0,0,0.542157591427696
"1524",191,"Ec_N",26,24,24,"Ec",6,1,0,1,0,0,0.542157591427696
"1525",191,"Ec_N",26,25,25,"Ec",6,1,0,1,0,0,0.542157591427696
"1526",191,"Ec_N",26,26,26,"Ec",6,1,0,1,0,0,0.542157591427696
"1527",191,"Ec_N",26,27,27,"Ec",6,1,0,1,0,0,0.542157591427696
"1528",191,"Ec_N",26,28,28,"Ec",6,1,0,1,0,0,0.542157591427696
"1529",191,"Ec_N",26,29,29,"Ec",6,1,0,1,0,0,0.542157591427696
"1530",191,"Ec_N",26,30,30,"Ec",6,1,0,1,0,0,0.542157591427696
"1531",191,"Ec_N",26,31,31,"Ec",6,1,0,1,0,0,0.542157591427696
"1532",191,"Ec_N",26,32,32,"Ec",6,1,0,1,0,0,0.542157591427696
"1533",191,"Ec_N",26,33,33,"Ec",6,1,0,1,0,0,0.542157591427696
"1534",191,"Ec_N",26,34,34,"Ec",6,1,0,1,0,0,0.542157591427696
"1535",191,"Ec_N",26,35,35,"Ec",6,1,0,1,0,0,0.542157591427696
"1536",191,"Ec_N",26,36,36,"Ec",6,1,0,1,0,0,0.542157591427696
"1537",191,"Ec_N",26,37,37,"Ec",6,1,0,1,0,0,0.542157591427696
"1538",191,"Ec_N",26,38,38,"Ec",6,1,0,1,0,0,0.542157591427696
"1539",191,"Ec_N",26,39,39,"Ec",6,1,0,1,0,0,0.542157591427696
"1540",191,"Ec_N",26,40,40,"Ec",6,1,0,1,0,0,0.542157591427696
"1541",191,"Ec_N",26,41,41,"Ec",6,1,0,1,0,0,0.542157591427696
"1542",191,"Ec_N",26,42,42,"Ec",6,1,0,1,0,0,0.542157591427696
"1543",191,"Ec_N",26,43,43,"Ec",6,1,0,1,0,0,0.542157591427696
"1544",191,"Ec_N",26,44,44,"Ec",6,1,0,1,0,0,0.542157591427696
"1545",191,"Ec_N",26,45,45,"Ec",6,1,0,1,0,0,0.542157591427696
"1546",191,"Ec_N",26,46,46,"Ec",6,1,0,1,0,0,0.542157591427696
"1547",191,"Ec_N",26,47,47,"Ec",6,1,0,1,0,0,0.542157591427696
"1548",191,"Ec_N",26,48,48,"Ec",6,1,0,1,0,0,0.542157591427696
"1549",191,"Ec_N",26,49,49,"Ec",6,1,0,1,0,0,0.542157591427696
"1550",191,"Ec_N",26,50,50,"Ec",6,1,0,1,0,0,0.542157591427696
"1551",191,"Ec_N",26,51,51,"Ec",8,1,1,1,0,0,0.583469071478991
"1552",191,"Ec_N",26,52,52,"Ec",8,1,1,1,0,0,0.583469071478991
"1553",191,"Ec_N",26,53,53,"Ec",8,1,1,1,0,0,0.583469071478991
"1554",191,"Ec_N",26,54,54,"Ec",8,1,1,1,0,0,0.583469071478991
"1555",191,"Ec_N",26,55,55,"Ec",8,1,1,1,0,0,0.583469071478991
"1556",191,"Ec_N",26,56,56,"Ec",8,1,1,1,0,0,0.583469071478991
"1557",191,"Ec_N",26,57,57,"Ec",8,1,1,1,0,0,0.583469071478991
"1558",191,"Ec_N",26,58,58,"Ec",8,1,1,1,0,0,0.583469071478991
"1559",191,"Ec_N",26,59,59,"Ec",8,1,1,1,0,0,0.583469071478991
"1560",191,"Ec_N",26,60,60,"Ec",8,1,1,1,0,0,0.583469071478991
"1561",191,"Ec_N",27,1,1,"Ec",1,0,0,0,0,0,0
"1562",191,"Ec_N",27,2,2,"Ec",1,0,0,0,0,0,0
"1563",191,"Ec_N",27,3,3,"Ec",1,0,0,0,0,0,0
"1564",191,"Ec_N",27,4,4,"Ec",1,0,0,0,0,0,0
"1565",191,"Ec_N",27,5,5,"Ec",1,0,0,0,0,0,0
"1566",191,"Ec_N",27,6,6,"Ec",2,1,0,0,0,0,0.198020370545937
"1567",191,"Ec_N",27,7,7,"Ec",2,1,0,0,0,0,0.198020370545937
"1568",191,"Ec_N",27,8,8,"Ec",2,1,0,0,0,0,0.198020370545937
"1569",191,"Ec_N",27,9,9,"Ec",2,1,0,0,0,0,0.198020370545937
"1570",191,"Ec_N",27,10,10,"Ec",2,1,0,0,0,0,0.198020370545937
"1571",191,"Ec_N",27,11,11,"Ec",2,1,0,0,0,0,0.198020370545937
"1572",191,"Ec_N",27,12,12,"Ec",2,1,0,0,0,0,0.198020370545937
"1573",191,"Ec_N",27,13,13,"Ec",18,1,0,0,0,1,0.646504780524047
"1574",191,"Ec_N",27,14,14,"Ec",18,1,0,0,0,1,0.646504780524047
"1575",191,"Ec_N",27,15,15,"Ec",18,1,0,0,0,1,0.646504780524047
"1576",191,"Ec_N",27,16,16,"Ec",18,1,0,0,0,1,0.646504780524047
"1577",191,"Ec_N",27,17,17,"Ec",18,1,0,0,0,1,0.646504780524047
"1578",191,"Ec_N",27,18,18,"Ec",18,1,0,0,0,1,0.646504780524047
"1579",191,"Ec_N",27,19,19,"Ec",18,1,0,0,0,1,0.646504780524047
"1580",191,"Ec_N",27,20,20,"Ec",18,1,0,0,0,1,0.646504780524047
"1581",191,"Ec_N",27,21,21,"Ec",18,1,0,0,0,1,0.646504780524047
"1582",191,"Ec_N",27,22,22,"Ec",18,1,0,0,0,1,0.646504780524047
"1583",191,"Ec_N",27,23,23,"Ec",18,1,0,0,0,1,0.646504780524047
"1584",191,"Ec_N",27,24,24,"Ec",18,1,0,0,0,1,0.646504780524047
"1585",191,"Ec_N",27,25,25,"Ec",18,1,0,0,0,1,0.646504780524047
"1586",191,"Ec_N",27,26,26,"Ec",18,1,0,0,0,1,0.646504780524047
"1587",191,"Ec_N",27,27,27,"Ec",18,1,0,0,0,1,0.646504780524047
"1588",191,"Ec_N",27,28,28,"Ec",18,1,0,0,0,1,0.646504780524047
"1589",191,"Ec_N",27,29,29,"Ec",18,1,0,0,0,1,0.646504780524047
"1590",191,"Ec_N",27,30,30,"Ec",18,1,0,0,0,1,0.646504780524047
"1591",191,"Ec_N",27,31,31,"Ec",18,1,0,0,0,1,0.646504780524047
"1592",191,"Ec_N",27,32,32,"Ec",18,1,0,0,0,1,0.646504780524047
"1593",191,"Ec_N",27,33,33,"Ec",18,1,0,0,0,1,0.646504780524047
"1594",191,"Ec_N",27,34,34,"Ec",18,1,0,0,0,1,0.646504780524047
"1595",191,"Ec_N",27,35,35,"Ec",18,1,0,0,0,1,0.646504780524047
"1596",191,"Ec_N",27,36,36,"Ec",18,1,0,0,0,1,0.646504780524047
"1597",191,"Ec_N",27,37,37,"Ec",18,1,0,0,0,1,0.646504780524047
"1598",191,"Ec_N",27,38,38,"Ec",18,1,0,0,0,1,0.646504780524047
"1599",191,"Ec_N",27,39,39,"Ec",18,1,0,0,0,1,0.646504780524047
"1600",191,"Ec_N",27,40,40,"Ec",18,1,0,0,0,1,0.646504780524047
"1601",191,"Ec_N",27,41,41,"Ec",18,1,0,0,0,1,0.646504780524047
"1602",191,"Ec_N",27,42,42,"Ec",18,1,0,0,0,1,0.646504780524047
"1603",191,"Ec_N",27,43,43,"Ec",18,1,0,0,0,1,0.646504780524047
"1604",191,"Ec_N",27,44,44,"Ec",18,1,0,0,0,1,0.646504780524047
"1605",191,"Ec_N",27,45,45,"Ec",18,1,0,0,0,1,0.646504780524047
"1606",191,"Ec_N",27,46,46,"Ec",18,1,0,0,0,1,0.646504780524047
"1607",191,"Ec_N",27,47,47,"Ec",18,1,0,0,0,1,0.646504780524047
"1608",191,"Ec_N",27,48,48,"Ec",18,1,0,0,0,1,0.646504780524047
"1609",191,"Ec_N",27,49,49,"Ec",18,1,0,0,0,1,0.646504780524047
"1610",191,"Ec_N",27,50,50,"Ec",18,1,0,0,0,1,0.646504780524047
"1611",191,"Ec_N",27,51,51,"Ec",18,1,0,0,0,1,0.646504780524047
"1612",191,"Ec_N",27,52,52,"Ec",18,1,0,0,0,1,0.646504780524047
"1613",191,"Ec_N",27,53,53,"Ec",18,1,0,0,0,1,0.646504780524047
"1614",191,"Ec_N",27,54,54,"Ec",18,1,0,0,0,1,0.646504780524047
"1615",191,"Ec_N",27,55,55,"Ec",18,1,0,0,0,1,0.646504780524047
"1616",191,"Ec_N",27,56,56,"Ec",18,1,0,0,0,1,0.646504780524047
"1617",191,"Ec_N",27,57,57,"Ec",18,1,0,0,0,1,0.646504780524047
"1618",191,"Ec_N",27,58,58,"Ec",22,1,0,1,0,1,0.92522428176681
"1619",191,"Ec_N",27,59,59,"Ec",22,1,0,1,0,1,0.92522428176681
"1620",191,"Ec_N",27,60,60,"Ec",22,1,0,1,0,1,0.92522428176681
"1621",191,"Ec_N",28,1,1,"Ec",1,0,0,0,0,0,0
"1622",191,"Ec_N",28,2,2,"Ec",2,1,0,0,0,0,0.198020370545937
"1623",191,"Ec_N",28,3,3,"Ec",2,1,0,0,0,0,0.198020370545937
"1624",191,"Ec_N",28,4,4,"Ec",2,1,0,0,0,0,0.198020370545937
"1625",191,"Ec_N",28,5,5,"Ec",2,1,0,0,0,0,0.198020370545937
"1626",191,"Ec_N",28,6,6,"Ec",2,1,0,0,0,0,0.198020370545937
"1627",191,"Ec_N",28,7,7,"Ec",2,1,0,0,0,0,0.198020370545937
"1628",191,"Ec_N",28,8,8,"Ec",2,1,0,0,0,0,0.198020370545937
"1629",191,"Ec_N",28,9,9,"Ec",2,1,0,0,0,0,0.198020370545937
"1630",191,"Ec_N",28,10,10,"Ec",2,1,0,0,0,0,0.198020370545937
"1631",191,"Ec_N",28,11,11,"Ec",2,1,0,0,0,0,0.198020370545937
"1632",191,"Ec_N",28,12,12,"Ec",10,1,0,0,1,0,0.228562363617893
"1633",191,"Ec_N",28,13,13,"Ec",10,1,0,0,1,0,0.228562363617893
"1634",191,"Ec_N",28,14,14,"Ec",14,1,0,1,1,0,0.746777083195453
"1635",191,"Ec_N",28,15,15,"Ec",14,1,0,1,1,0,0.746777083195453
"1636",191,"Ec_N",28,16,16,"Ec",14,1,0,1,1,0,0.746777083195453
"1637",191,"Ec_N",28,17,17,"Ec",14,1,0,1,1,0,0.746777083195453
"1638",191,"Ec_N",28,18,18,"Ec",14,1,0,1,1,0,0.746777083195453
"1639",191,"Ec_N",28,19,19,"Ec",14,1,0,1,1,0,0.746777083195453
"1640",191,"Ec_N",28,20,20,"Ec",30,1,0,1,1,1,0.958688519948705
"1641",191,"Ec_N",28,21,21,"Ec",30,1,0,1,1,1,0.958688519948705
"1642",191,"Ec_N",28,22,22,"Ec",30,1,0,1,1,1,0.958688519948705
"1643",191,"Ec_N",28,23,23,"Ec",30,1,0,1,1,1,0.958688519948705
"1644",191,"Ec_N",28,24,24,"Ec",30,1,0,1,1,1,0.958688519948705
"1645",191,"Ec_N",28,25,25,"Ec",30,1,0,1,1,1,0.958688519948705
"1646",191,"Ec_N",28,26,26,"Ec",30,1,0,1,1,1,0.958688519948705
"1647",191,"Ec_N",28,27,27,"Ec",30,1,0,1,1,1,0.958688519948705
"1648",191,"Ec_N",28,28,28,"Ec",30,1,0,1,1,1,0.958688519948705
"1649",191,"Ec_N",28,29,29,"Ec",30,1,0,1,1,1,0.958688519948705
"1650",191,"Ec_N",28,30,30,"Ec",32,1,1,1,1,1,1
"1651",191,"Ec_N",28,31,31,"Ec",32,1,1,1,1,1,1
"1652",191,"Ec_N",28,32,32,"Ec",32,1,1,1,1,1,1
"1653",191,"Ec_N",28,33,33,"Ec",32,1,1,1,1,1,1
"1654",191,"Ec_N",28,34,34,"Ec",32,1,1,1,1,1,1
"1655",191,"Ec_N",28,35,35,"Ec",32,1,1,1,1,1,1
"1656",191,"Ec_N",28,36,36,"Ec",32,1,1,1,1,1,1
"1657",191,"Ec_N",28,37,37,"Ec",32,1,1,1,1,1,1
"1658",191,"Ec_N",28,38,38,"Ec",32,1,1,1,1,1,1
"1659",191,"Ec_N",28,39,39,"Ec",32,1,1,1,1,1,1
"1660",191,"Ec_N",28,40,40,"Ec",32,1,1,1,1,1,1
"1661",191,"Ec_N",28,41,41,"Ec",32,1,1,1,1,1,1
"1662",191,"Ec_N",28,42,42,"Ec",32,1,1,1,1,1,1
"1663",191,"Ec_N",28,43,43,"Ec",32,1,1,1,1,1,1
"1664",191,"Ec_N",28,44,44,"Ec",32,1,1,1,1,1,1
"1665",191,"Ec_N",28,45,45,"Ec",32,1,1,1,1,1,1
"1666",191,"Ec_N",28,46,46,"Ec",32,1,1,1,1,1,1
"1667",191,"Ec_N",28,47,47,"Ec",32,1,1,1,1,1,1
"1668",191,"Ec_N",28,48,48,"Ec",32,1,1,1,1,1,1
"1669",191,"Ec_N",28,49,49,"Ec",32,1,1,1,1,1,1
"1670",191,"Ec_N",28,50,50,"Ec",32,1,1,1,1,1,1
"1671",191,"Ec_N",28,51,51,"Ec",32,1,1,1,1,1,1
"1672",191,"Ec_N",28,52,52,"Ec",32,1,1,1,1,1,1
"1673",191,"Ec_N",28,53,53,"Ec",32,1,1,1,1,1,1
"1674",191,"Ec_N",28,54,54,"Ec",32,1,1,1,1,1,1
"1675",191,"Ec_N",28,55,55,"Ec",32,1,1,1,1,1,1
"1676",191,"Ec_N",28,56,56,"Ec",32,1,1,1,1,1,1
"1677",191,"Ec_N",28,57,57,"Ec",32,1,1,1,1,1,1
"1678",191,"Ec_N",28,58,58,"Ec",32,1,1,1,1,1,1
"1679",191,"Ec_N",28,59,59,"Ec",32,1,1,1,1,1,1
"1680",191,"Ec_N",28,60,60,"Ec",32,1,1,1,1,1,1
"1681",191,"Ec_N",29,1,1,"Ec",1,0,0,0,0,0,0
"1682",191,"Ec_N",29,2,2,"Ec",1,0,0,0,0,0,0
"1683",191,"Ec_N",29,3,3,"Ec",1,0,0,0,0,0,0
"1684",191,"Ec_N",29,4,4,"Ec",3,0,1,0,0,0,0.041311480051295
"1685",191,"Ec_N",29,5,5,"Ec",3,0,1,0,0,0,0.041311480051295
"1686",191,"Ec_N",29,6,6,"Ec",3,0,1,0,0,0,0.041311480051295
"1687",191,"Ec_N",29,7,7,"Ec",3,0,1,0,0,0,0.041311480051295
"1688",191,"Ec_N",29,8,8,"Ec",3,0,1,0,0,0,0.041311480051295
"1689",191,"Ec_N",29,9,9,"Ec",3,0,1,0,0,0,0.041311480051295
"1690",191,"Ec_N",29,10,10,"Ec",3,0,1,0,0,0,0.041311480051295
"1691",191,"Ec_N",29,11,11,"Ec",3,0,1,0,0,0,0.041311480051295
"1692",191,"Ec_N",29,12,12,"Ec",3,0,1,0,0,0,0.041311480051295
"1693",191,"Ec_N",29,13,13,"Ec",3,0,1,0,0,0,0.041311480051295
"1694",191,"Ec_N",29,14,14,"Ec",11,0,1,0,1,0,0.0857419302602629
"1695",191,"Ec_N",29,15,15,"Ec",11,0,1,0,1,0,0.0857419302602629
"1696",191,"Ec_N",29,16,16,"Ec",11,0,1,0,1,0,0.0857419302602629
"1697",191,"Ec_N",29,17,17,"Ec",15,0,1,1,1,0,0.437080043527332
"1698",191,"Ec_N",29,18,18,"Ec",15,0,1,1,1,0,0.437080043527332
"1699",191,"Ec_N",29,19,19,"Ec",15,0,1,1,1,0,0.437080043527332
"1700",191,"Ec_N",29,20,20,"Ec",15,0,1,1,1,0,0.437080043527332
"1701",191,"Ec_N",29,21,21,"Ec",15,0,1,1,1,0,0.437080043527332
"1702",191,"Ec_N",29,22,22,"Ec",15,0,1,1,1,0,0.437080043527332
"1703",191,"Ec_N",29,23,23,"Ec",15,0,1,1,1,0,0.437080043527332
"1704",191,"Ec_N",29,24,24,"Ec",15,0,1,1,1,0,0.437080043527332
"1705",191,"Ec_N",29,25,25,"Ec",15,0,1,1,1,0,0.437080043527332
"1706",191,"Ec_N",29,26,26,"Ec",15,0,1,1,1,0,0.437080043527332
"1707",191,"Ec_N",29,27,27,"Ec",15,0,1,1,1,0,0.437080043527332
"1708",191,"Ec_N",29,28,28,"Ec",15,0,1,1,1,0,0.437080043527332
"1709",191,"Ec_N",29,29,29,"Ec",15,0,1,1,1,0,0.437080043527332
"1710",191,"Ec_N",29,30,30,"Ec",15,0,1,1,1,0,0.437080043527332
"1711",191,"Ec_N",29,31,31,"Ec",7,0,1,1,0,0,0.589282297794007
"1712",191,"Ec_N",29,32,32,"Ec",7,0,1,1,0,0,0.589282297794007
"1713",191,"Ec_N",29,33,33,"Ec",7,0,1,1,0,0,0.589282297794007
"1714",191,"Ec_N",29,34,34,"Ec",7,0,1,1,0,0,0.589282297794007
"1715",191,"Ec_N",29,35,35,"Ec",7,0,1,1,0,0,0.589282297794007
"1716",191,"Ec_N",29,36,36,"Ec",7,0,1,1,0,0,0.589282297794007
"1717",191,"Ec_N",29,37,37,"Ec",7,0,1,1,0,0,0.589282297794007
"1718",191,"Ec_N",29,38,38,"Ec",7,0,1,1,0,0,0.589282297794007
"1719",191,"Ec_N",29,39,39,"Ec",23,0,1,1,0,1,0.616809062130864
"1720",191,"Ec_N",29,40,40,"Ec",24,1,1,1,0,1,0.969458006928044
"1721",191,"Ec_N",29,41,41,"Ec",24,1,1,1,0,1,0.969458006928044
"1722",191,"Ec_N",29,42,42,"Ec",24,1,1,1,0,1,0.969458006928044
"1723",191,"Ec_N",29,43,43,"Ec",24,1,1,1,0,1,0.969458006928044
"1724",191,"Ec_N",29,44,44,"Ec",24,1,1,1,0,1,0.969458006928044
"1725",191,"Ec_N",29,45,45,"Ec",24,1,1,1,0,1,0.969458006928044
"1726",191,"Ec_N",29,46,46,"Ec",24,1,1,1,0,1,0.969458006928044
"1727",191,"Ec_N",29,47,47,"Ec",24,1,1,1,0,1,0.969458006928044
"1728",191,"Ec_N",29,48,48,"Ec",24,1,1,1,0,1,0.969458006928044
"1729",191,"Ec_N",29,49,49,"Ec",24,1,1,1,0,1,0.969458006928044
"1730",191,"Ec_N",29,50,50,"Ec",24,1,1,1,0,1,0.969458006928044
"1731",191,"Ec_N",29,51,51,"Ec",24,1,1,1,0,1,0.969458006928044
"1732",191,"Ec_N",29,52,52,"Ec",24,1,1,1,0,1,0.969458006928044
"1733",191,"Ec_N",29,53,53,"Ec",24,1,1,1,0,1,0.969458006928044
"1734",191,"Ec_N",29,54,54,"Ec",24,1,1,1,0,1,0.969458006928044
"1735",191,"Ec_N",29,55,55,"Ec",24,1,1,1,0,1,0.969458006928044
"1736",191,"Ec_N",29,56,56,"Ec",32,1,1,1,1,1,1
"1737",191,"Ec_N",29,57,57,"Ec",32,1,1,1,1,1,1
"1738",191,"Ec_N",29,58,58,"Ec",32,1,1,1,1,1,1
"1739",191,"Ec_N",29,59,59,"Ec",32,1,1,1,1,1,1
"1740",191,"Ec_N",29,60,60,"Ec",32,1,1,1,1,1,1
"1741",191,"Ec_N",30,1,1,"Ec",1,0,0,0,0,0,0
"1742",191,"Ec_N",30,2,2,"Ec",1,0,0,0,0,0,0
"1743",191,"Ec_N",30,3,3,"Ec",1,0,0,0,0,0,0
"1744",191,"Ec_N",30,4,4,"Ec",1,0,0,0,0,0,0
"1745",191,"Ec_N",30,5,5,"Ec",1,0,0,0,0,0,0
"1746",191,"Ec_N",30,6,6,"Ec",1,0,0,0,0,0,0
"1747",191,"Ec_N",30,7,7,"Ec",17,0,0,0,0,1,0.229834113103391
"1748",191,"Ec_N",30,8,8,"Ec",17,0,0,0,0,1,0.229834113103391
"1749",191,"Ec_N",30,9,9,"Ec",17,0,0,0,0,1,0.229834113103391
"1750",191,"Ec_N",30,10,10,"Ec",17,0,0,0,0,1,0.229834113103391
"1751",191,"Ec_N",30,11,11,"Ec",21,0,0,1,0,1,0.726280938342543
"1752",191,"Ec_N",30,12,12,"Ec",21,0,0,1,0,1,0.726280938342543
"1753",191,"Ec_N",30,13,13,"Ec",22,1,0,1,0,1,0.92522428176681
"1754",191,"Ec_N",30,14,14,"Ec",22,1,0,1,0,1,0.92522428176681
"1755",191,"Ec_N",30,15,15,"Ec",22,1,0,1,0,1,0.92522428176681
"1756",191,"Ec_N",30,16,16,"Ec",22,1,0,1,0,1,0.92522428176681
"1757",191,"Ec_N",30,17,17,"Ec",22,1,0,1,0,1,0.92522428176681
"1758",191,"Ec_N",30,18,18,"Ec",22,1,0,1,0,1,0.92522428176681
"1759",191,"Ec_N",30,19,19,"Ec",24,1,1,1,0,1,0.969458006928044
"1760",191,"Ec_N",30,20,20,"Ec",24,1,1,1,0,1,0.969458006928044
"1761",191,"Ec_N",30,21,21,"Ec",24,1,1,1,0,1,0.969458006928044
"1762",191,"Ec_N",30,22,22,"Ec",24,1,1,1,0,1,0.969458006928044
"1763",191,"Ec_N",30,23,23,"Ec",24,1,1,1,0,1,0.969458006928044
"1764",191,"Ec_N",30,24,24,"Ec",24,1,1,1,0,1,0.969458006928044
"1765",191,"Ec_N",30,25,25,"Ec",24,1,1,1,0,1,0.969458006928044
"1766",191,"Ec_N",30,26,26,"Ec",24,1,1,1,0,1,0.969458006928044
"1767",191,"Ec_N",30,27,27,"Ec",24,1,1,1,0,1,0.969458006928044
"1768",191,"Ec_N",30,28,28,"Ec",24,1,1,1,0,1,0.969458006928044
"1769",191,"Ec_N",30,29,29,"Ec",24,1,1,1,0,1,0.969458006928044
"1770",191,"Ec_N",30,30,30,"Ec",24,1,1,1,0,1,0.969458006928044
"1771",191,"Ec_N",30,31,31,"Ec",24,1,1,1,0,1,0.969458006928044
"1772",191,"Ec_N",30,32,32,"Ec",24,1,1,1,0,1,0.969458006928044
"1773",191,"Ec_N",30,33,33,"Ec",24,1,1,1,0,1,0.969458006928044
"1774",191,"Ec_N",30,34,34,"Ec",24,1,1,1,0,1,0.969458006928044
"1775",191,"Ec_N",30,35,35,"Ec",24,1,1,1,0,1,0.969458006928044
"1776",191,"Ec_N",30,36,36,"Ec",24,1,1,1,0,1,0.969458006928044
"1777",191,"Ec_N",30,37,37,"Ec",24,1,1,1,0,1,0.969458006928044
"1778",191,"Ec_N",30,38,38,"Ec",24,1,1,1,0,1,0.969458006928044
"1779",191,"Ec_N",30,39,39,"Ec",24,1,1,1,0,1,0.969458006928044
"1780",191,"Ec_N",30,40,40,"Ec",24,1,1,1,0,1,0.969458006928044
"1781",191,"Ec_N",30,41,41,"Ec",24,1,1,1,0,1,0.969458006928044
"1782",191,"Ec_N",30,42,42,"Ec",24,1,1,1,0,1,0.969458006928044
"1783",191,"Ec_N",30,43,43,"Ec",24,1,1,1,0,1,0.969458006928044
"1784",191,"Ec_N",30,44,44,"Ec",24,1,1,1,0,1,0.969458006928044
"1785",191,"Ec_N",30,45,45,"Ec",24,1,1,1,0,1,0.969458006928044
"1786",191,"Ec_N",30,46,46,"Ec",24,1,1,1,0,1,0.969458006928044
"1787",191,"Ec_N",30,47,47,"Ec",24,1,1,1,0,1,0.969458006928044
"1788",191,"Ec_N",30,48,48,"Ec",24,1,1,1,0,1,0.969458006928044
"1789",191,"Ec_N",30,49,49,"Ec",24,1,1,1,0,1,0.969458006928044
"1790",191,"Ec_N",30,50,50,"Ec",24,1,1,1,0,1,0.969458006928044
"1791",191,"Ec_N",30,51,51,"Ec",24,1,1,1,0,1,0.969458006928044
"1792",191,"Ec_N",30,52,52,"Ec",24,1,1,1,0,1,0.969458006928044
"1793",191,"Ec_N",30,53,53,"Ec",24,1,1,1,0,1,0.969458006928044
"1794",191,"Ec_N",30,54,54,"Ec",24,1,1,1,0,1,0.969458006928044
"1795",191,"Ec_N",30,55,55,"Ec",24,1,1,1,0,1,0.969458006928044
"1796",191,"Ec_N",30,56,56,"Ec",24,1,1,1,0,1,0.969458006928044
"1797",191,"Ec_N",30,57,57,"Ec",24,1,1,1,0,1,0.969458006928044
"1798",191,"Ec_N",30,58,58,"Ec",24,1,1,1,0,1,0.969458006928044
"1799",191,"Ec_N",30,59,59,"Ec",24,1,1,1,0,1,0.969458006928044
"1800",191,"Ec_N",30,60,60,"Ec",24,1,1,1,0,1,0.969458006928044
"1801",191,"Ec_N",31,1,1,"Ec",1,0,0,0,0,0,0
"1802",191,"Ec_N",31,2,2,"Ec",1,0,0,0,0,0,0
"1803",191,"Ec_N",31,3,3,"Ec",1,0,0,0,0,0,0
"1804",191,"Ec_N",31,4,4,"Ec",1,0,0,0,0,0,0
"1805",191,"Ec_N",31,5,5,"Ec",1,0,0,0,0,0,0
"1806",191,"Ec_N",31,6,6,"Ec",1,0,0,0,0,0,0
"1807",191,"Ec_N",31,7,7,"Ec",2,1,0,0,0,0,0.198020370545937
"1808",191,"Ec_N",31,8,8,"Ec",2,1,0,0,0,0,0.198020370545937
"1809",191,"Ec_N",31,9,9,"Ec",2,1,0,0,0,0,0.198020370545937
"1810",191,"Ec_N",31,10,10,"Ec",2,1,0,0,0,0,0.198020370545937
"1811",191,"Ec_N",31,11,11,"Ec",2,1,0,0,0,0,0.198020370545937
"1812",191,"Ec_N",31,12,12,"Ec",2,1,0,0,0,0,0.198020370545937
"1813",191,"Ec_N",31,13,13,"Ec",2,1,0,0,0,0,0.198020370545937
"1814",191,"Ec_N",31,14,14,"Ec",2,1,0,0,0,0,0.198020370545937
"1815",191,"Ec_N",31,15,15,"Ec",2,1,0,0,0,0,0.198020370545937
"1816",191,"Ec_N",31,16,16,"Ec",2,1,0,0,0,0,0.198020370545937
"1817",191,"Ec_N",31,17,17,"Ec",2,1,0,0,0,0,0.198020370545937
"1818",191,"Ec_N",31,18,18,"Ec",2,1,0,0,0,0,0.198020370545937
"1819",191,"Ec_N",31,19,19,"Ec",2,1,0,0,0,0,0.198020370545937
"1820",191,"Ec_N",31,20,20,"Ec",18,1,0,0,0,1,0.646504780524047
"1821",191,"Ec_N",31,21,21,"Ec",18,1,0,0,0,1,0.646504780524047
"1822",191,"Ec_N",31,22,22,"Ec",18,1,0,0,0,1,0.646504780524047
"1823",191,"Ec_N",31,23,23,"Ec",18,1,0,0,0,1,0.646504780524047
"1824",191,"Ec_N",31,24,24,"Ec",18,1,0,0,0,1,0.646504780524047
"1825",191,"Ec_N",31,25,25,"Ec",18,1,0,0,0,1,0.646504780524047
"1826",191,"Ec_N",31,26,26,"Ec",18,1,0,0,0,1,0.646504780524047
"1827",191,"Ec_N",31,27,27,"Ec",18,1,0,0,0,1,0.646504780524047
"1828",191,"Ec_N",31,28,28,"Ec",18,1,0,0,0,1,0.646504780524047
"1829",191,"Ec_N",31,29,29,"Ec",22,1,0,1,0,1,0.92522428176681
"1830",191,"Ec_N",31,30,30,"Ec",22,1,0,1,0,1,0.92522428176681
"1831",191,"Ec_N",31,31,31,"Ec",22,1,0,1,0,1,0.92522428176681
"1832",191,"Ec_N",31,32,32,"Ec",22,1,0,1,0,1,0.92522428176681
"1833",191,"Ec_N",31,33,33,"Ec",22,1,0,1,0,1,0.92522428176681
"1834",191,"Ec_N",31,34,34,"Ec",22,1,0,1,0,1,0.92522428176681
"1835",191,"Ec_N",31,35,35,"Ec",22,1,0,1,0,1,0.92522428176681
"1836",191,"Ec_N",31,36,36,"Ec",22,1,0,1,0,1,0.92522428176681
"1837",191,"Ec_N",31,37,37,"Ec",22,1,0,1,0,1,0.92522428176681
"1838",191,"Ec_N",31,38,38,"Ec",22,1,0,1,0,1,0.92522428176681
"1839",191,"Ec_N",31,39,39,"Ec",24,1,1,1,0,1,0.969458006928044
"1840",191,"Ec_N",31,40,40,"Ec",24,1,1,1,0,1,0.969458006928044
"1841",191,"Ec_N",31,41,41,"Ec",24,1,1,1,0,1,0.969458006928044
"1842",191,"Ec_N",31,42,42,"Ec",24,1,1,1,0,1,0.969458006928044
"1843",191,"Ec_N",31,43,43,"Ec",24,1,1,1,0,1,0.969458006928044
"1844",191,"Ec_N",31,44,44,"Ec",24,1,1,1,0,1,0.969458006928044
"1845",191,"Ec_N",31,45,45,"Ec",24,1,1,1,0,1,0.969458006928044
"1846",191,"Ec_N",31,46,46,"Ec",24,1,1,1,0,1,0.969458006928044
"1847",191,"Ec_N",31,47,47,"Ec",24,1,1,1,0,1,0.969458006928044
"1848",191,"Ec_N",31,48,48,"Ec",32,1,1,1,1,1,1
"1849",191,"Ec_N",31,49,49,"Ec",32,1,1,1,1,1,1
"1850",191,"Ec_N",31,50,50,"Ec",32,1,1,1,1,1,1
"1851",191,"Ec_N",31,51,51,"Ec",32,1,1,1,1,1,1
"1852",191,"Ec_N",31,52,52,"Ec",32,1,1,1,1,1,1
"1853",191,"Ec_N",31,53,53,"Ec",32,1,1,1,1,1,1
"1854",191,"Ec_N",31,54,54,"Ec",32,1,1,1,1,1,1
"1855",191,"Ec_N",31,55,55,"Ec",32,1,1,1,1,1,1
"1856",191,"Ec_N",31,56,56,"Ec",32,1,1,1,1,1,1
"1857",191,"Ec_N",31,57,57,"Ec",32,1,1,1,1,1,1
"1858",191,"Ec_N",31,58,58,"Ec",32,1,1,1,1,1,1
"1859",191,"Ec_N",31,59,59,"Ec",32,1,1,1,1,1,1
"1860",191,"Ec_N",31,60,60,"Ec",32,1,1,1,1,1,1
"1861",191,"Ec_N",32,1,1,"Ec",1,0,0,0,0,0,0
"1862",191,"Ec_N",32,2,2,"Ec",1,0,0,0,0,0,0
"1863",191,"Ec_N",32,3,3,"Ec",17,0,0,0,0,1,0.229834113103391
"1864",191,"Ec_N",32,4,4,"Ec",17,0,0,0,0,1,0.229834113103391
"1865",191,"Ec_N",32,5,5,"Ec",18,1,0,0,0,1,0.646504780524047
"1866",191,"Ec_N",32,6,6,"Ec",18,1,0,0,0,1,0.646504780524047
"1867",191,"Ec_N",32,7,7,"Ec",18,1,0,0,0,1,0.646504780524047
"1868",191,"Ec_N",32,8,8,"Ec",18,1,0,0,0,1,0.646504780524047
"1869",191,"Ec_N",32,9,9,"Ec",18,1,0,0,0,1,0.646504780524047
"1870",191,"Ec_N",32,10,10,"Ec",18,1,0,0,0,1,0.646504780524047
"1871",191,"Ec_N",32,11,11,"Ec",18,1,0,0,0,1,0.646504780524047
"1872",191,"Ec_N",32,12,12,"Ec",18,1,0,0,0,1,0.646504780524047
"1873",191,"Ec_N",32,13,13,"Ec",18,1,0,0,0,1,0.646504780524047
"1874",191,"Ec_N",32,14,14,"Ec",18,1,0,0,0,1,0.646504780524047
"1875",191,"Ec_N",32,15,15,"Ec",18,1,0,0,0,1,0.646504780524047
"1876",191,"Ec_N",32,16,16,"Ec",18,1,0,0,0,1,0.646504780524047
"1877",191,"Ec_N",32,17,17,"Ec",18,1,0,0,0,1,0.646504780524047
"1878",191,"Ec_N",32,18,18,"Ec",18,1,0,0,0,1,0.646504780524047
"1879",191,"Ec_N",32,19,19,"Ec",18,1,0,0,0,1,0.646504780524047
"1880",191,"Ec_N",32,20,20,"Ec",18,1,0,0,0,1,0.646504780524047
"1881",191,"Ec_N",32,21,21,"Ec",18,1,0,0,0,1,0.646504780524047
"1882",191,"Ec_N",32,22,22,"Ec",18,1,0,0,0,1,0.646504780524047
"1883",191,"Ec_N",32,23,23,"Ec",22,1,0,1,0,1,0.92522428176681
"1884",191,"Ec_N",32,24,24,"Ec",22,1,0,1,0,1,0.92522428176681
"1885",191,"Ec_N",32,25,25,"Ec",22,1,0,1,0,1,0.92522428176681
"1886",191,"Ec_N",32,26,26,"Ec",22,1,0,1,0,1,0.92522428176681
"1887",191,"Ec_N",32,27,27,"Ec",22,1,0,1,0,1,0.92522428176681
"1888",191,"Ec_N",32,28,28,"Ec",22,1,0,1,0,1,0.92522428176681
"1889",191,"Ec_N",32,29,29,"Ec",30,1,0,1,1,1,0.958688519948705
"1890",191,"Ec_N",32,30,30,"Ec",30,1,0,1,1,1,0.958688519948705
"1891",191,"Ec_N",32,31,31,"Ec",30,1,0,1,1,1,0.958688519948705
"1892",191,"Ec_N",32,32,32,"Ec",30,1,0,1,1,1,0.958688519948705
"1893",191,"Ec_N",32,33,33,"Ec",30,1,0,1,1,1,0.958688519948705
"1894",191,"Ec_N",32,34,34,"Ec",30,1,0,1,1,1,0.958688519948705
"1895",191,"Ec_N",32,35,35,"Ec",30,1,0,1,1,1,0.958688519948705
"1896",191,"Ec_N",32,36,36,"Ec",30,1,0,1,1,1,0.958688519948705
"1897",191,"Ec_N",32,37,37,"Ec",30,1,0,1,1,1,0.958688519948705
"1898",191,"Ec_N",32,38,38,"Ec",30,1,0,1,1,1,0.958688519948705
"1899",191,"Ec_N",32,39,39,"Ec",30,1,0,1,1,1,0.958688519948705
"1900",191,"Ec_N",32,40,40,"Ec",30,1,0,1,1,1,0.958688519948705
"1901",191,"Ec_N",32,41,41,"Ec",30,1,0,1,1,1,0.958688519948705
"1902",191,"Ec_N",32,42,42,"Ec",30,1,0,1,1,1,0.958688519948705
"1903",191,"Ec_N",32,43,43,"Ec",32,1,1,1,1,1,1
"1904",191,"Ec_N",32,44,44,"Ec",32,1,1,1,1,1,1
"1905",191,"Ec_N",32,45,45,"Ec",32,1,1,1,1,1,1
"1906",191,"Ec_N",32,46,46,"Ec",32,1,1,1,1,1,1
"1907",191,"Ec_N",32,47,47,"Ec",32,1,1,1,1,1,1
"1908",191,"Ec_N",32,48,48,"Ec",32,1,1,1,1,1,1
"1909",191,"Ec_N",32,49,49,"Ec",32,1,1,1,1,1,1
"1910",191,"Ec_N",32,50,50,"Ec",32,1,1,1,1,1,1
"1911",191,"Ec_N",32,51,51,"Ec",32,1,1,1,1,1,1
"1912",191,"Ec_N",32,52,52,"Ec",32,1,1,1,1,1,1
"1913",191,"Ec_N",32,53,53,"Ec",32,1,1,1,1,1,1
"1914",191,"Ec_N",32,54,54,"Ec",32,1,1,1,1,1,1
"1915",191,"Ec_N",32,55,55,"Ec",32,1,1,1,1,1,1
"1916",191,"Ec_N",32,56,56,"Ec",32,1,1,1,1,1,1
"1917",191,"Ec_N",32,57,57,"Ec",32,1,1,1,1,1,1
"1918",191,"Ec_N",32,58,58,"Ec",32,1,1,1,1,1,1
"1919",191,"Ec_N",32,59,59,"Ec",32,1,1,1,1,1,1
"1920",191,"Ec_N",32,60,60,"Ec",32,1,1,1,1,1,1
"1921",191,"Ec_N",33,1,1,"Ec",1,0,0,0,0,0,0
"1922",191,"Ec_N",33,2,2,"Ec",1,0,0,0,0,0,0
"1923",191,"Ec_N",33,3,3,"Ec",2,1,0,0,0,0,0.198020370545937
"1924",191,"Ec_N",33,4,4,"Ec",2,1,0,0,0,0,0.198020370545937
"1925",191,"Ec_N",33,5,5,"Ec",18,1,0,0,0,1,0.646504780524047
"1926",191,"Ec_N",33,6,6,"Ec",18,1,0,0,0,1,0.646504780524047
"1927",191,"Ec_N",33,7,7,"Ec",18,1,0,0,0,1,0.646504780524047
"1928",191,"Ec_N",33,8,8,"Ec",18,1,0,0,0,1,0.646504780524047
"1929",191,"Ec_N",33,9,9,"Ec",18,1,0,0,0,1,0.646504780524047
"1930",191,"Ec_N",33,10,10,"Ec",18,1,0,0,0,1,0.646504780524047
"1931",191,"Ec_N",33,11,11,"Ec",18,1,0,0,0,1,0.646504780524047
"1932",191,"Ec_N",33,12,12,"Ec",18,1,0,0,0,1,0.646504780524047
"1933",191,"Ec_N",33,13,13,"Ec",18,1,0,0,0,1,0.646504780524047
"1934",191,"Ec_N",33,14,14,"Ec",18,1,0,0,0,1,0.646504780524047
"1935",191,"Ec_N",33,15,15,"Ec",18,1,0,0,0,1,0.646504780524047
"1936",191,"Ec_N",33,16,16,"Ec",18,1,0,0,0,1,0.646504780524047
"1937",191,"Ec_N",33,17,17,"Ec",18,1,0,0,0,1,0.646504780524047
"1938",191,"Ec_N",33,18,18,"Ec",18,1,0,0,0,1,0.646504780524047
"1939",191,"Ec_N",33,19,19,"Ec",18,1,0,0,0,1,0.646504780524047
"1940",191,"Ec_N",33,20,20,"Ec",18,1,0,0,0,1,0.646504780524047
"1941",191,"Ec_N",33,21,21,"Ec",18,1,0,0,0,1,0.646504780524047
"1942",191,"Ec_N",33,22,22,"Ec",18,1,0,0,0,1,0.646504780524047
"1943",191,"Ec_N",33,23,23,"Ec",22,1,0,1,0,1,0.92522428176681
"1944",191,"Ec_N",33,24,24,"Ec",22,1,0,1,0,1,0.92522428176681
"1945",191,"Ec_N",33,25,25,"Ec",22,1,0,1,0,1,0.92522428176681
"1946",191,"Ec_N",33,26,26,"Ec",22,1,0,1,0,1,0.92522428176681
"1947",191,"Ec_N",33,27,27,"Ec",22,1,0,1,0,1,0.92522428176681
"1948",191,"Ec_N",33,28,28,"Ec",22,1,0,1,0,1,0.92522428176681
"1949",191,"Ec_N",33,29,29,"Ec",22,1,0,1,0,1,0.92522428176681
"1950",191,"Ec_N",33,30,30,"Ec",24,1,1,1,0,1,0.969458006928044
"1951",191,"Ec_N",33,31,31,"Ec",24,1,1,1,0,1,0.969458006928044
"1952",191,"Ec_N",33,32,32,"Ec",24,1,1,1,0,1,0.969458006928044
"1953",191,"Ec_N",33,33,33,"Ec",24,1,1,1,0,1,0.969458006928044
"1954",191,"Ec_N",33,34,34,"Ec",24,1,1,1,0,1,0.969458006928044
"1955",191,"Ec_N",33,35,35,"Ec",24,1,1,1,0,1,0.969458006928044
"1956",191,"Ec_N",33,36,36,"Ec",24,1,1,1,0,1,0.969458006928044
"1957",191,"Ec_N",33,37,37,"Ec",24,1,1,1,0,1,0.969458006928044
"1958",191,"Ec_N",33,38,38,"Ec",24,1,1,1,0,1,0.969458006928044
"1959",191,"Ec_N",33,39,39,"Ec",24,1,1,1,0,1,0.969458006928044
"1960",191,"Ec_N",33,40,40,"Ec",24,1,1,1,0,1,0.969458006928044
"1961",191,"Ec_N",33,41,41,"Ec",24,1,1,1,0,1,0.969458006928044
"1962",191,"Ec_N",33,42,42,"Ec",24,1,1,1,0,1,0.969458006928044
"1963",191,"Ec_N",33,43,43,"Ec",24,1,1,1,0,1,0.969458006928044
"1964",191,"Ec_N",33,44,44,"Ec",24,1,1,1,0,1,0.969458006928044
"1965",191,"Ec_N",33,45,45,"Ec",32,1,1,1,1,1,1
"1966",191,"Ec_N",33,46,46,"Ec",32,1,1,1,1,1,1
"1967",191,"Ec_N",33,47,47,"Ec",32,1,1,1,1,1,1
"1968",191,"Ec_N",33,48,48,"Ec",32,1,1,1,1,1,1
"1969",191,"Ec_N",33,49,49,"Ec",32,1,1,1,1,1,1
"1970",191,"Ec_N",33,50,50,"Ec",32,1,1,1,1,1,1
"1971",191,"Ec_N",33,51,51,"Ec",32,1,1,1,1,1,1
"1972",191,"Ec_N",33,52,52,"Ec",32,1,1,1,1,1,1
"1973",191,"Ec_N",33,53,53,"Ec",32,1,1,1,1,1,1
"1974",191,"Ec_N",33,54,54,"Ec",32,1,1,1,1,1,1
"1975",191,"Ec_N",33,55,55,"Ec",32,1,1,1,1,1,1
"1976",191,"Ec_N",33,56,56,"Ec",32,1,1,1,1,1,1
"1977",191,"Ec_N",33,57,57,"Ec",32,1,1,1,1,1,1
"1978",191,"Ec_N",33,58,58,"Ec",32,1,1,1,1,1,1
"1979",191,"Ec_N",33,59,59,"Ec",32,1,1,1,1,1,1
"1980",191,"Ec_N",33,60,60,"Ec",32,1,1,1,1,1,1
"1981",191,"Ec_N",34,1,1,"Ec",1,0,0,0,0,0,0
"1982",191,"Ec_N",34,2,2,"Ec",1,0,0,0,0,0,0
"1983",191,"Ec_N",34,3,3,"Ec",2,1,0,0,0,0,0.198020370545937
"1984",191,"Ec_N",34,4,4,"Ec",2,1,0,0,0,0,0.198020370545937
"1985",191,"Ec_N",34,5,5,"Ec",2,1,0,0,0,0,0.198020370545937
"1986",191,"Ec_N",34,6,6,"Ec",2,1,0,0,0,0,0.198020370545937
"1987",191,"Ec_N",34,7,7,"Ec",10,1,0,0,1,0,0.228562363617893
"1988",191,"Ec_N",34,8,8,"Ec",26,1,0,0,1,1,0.514384015075299
"1989",191,"Ec_N",34,9,9,"Ec",26,1,0,0,1,1,0.514384015075299
"1990",191,"Ec_N",34,10,10,"Ec",26,1,0,0,1,1,0.514384015075299
"1991",191,"Ec_N",34,11,11,"Ec",26,1,0,0,1,1,0.514384015075299
"1992",191,"Ec_N",34,12,12,"Ec",18,1,0,0,0,1,0.646504780524047
"1993",191,"Ec_N",34,13,13,"Ec",18,1,0,0,0,1,0.646504780524047
"1994",191,"Ec_N",34,14,14,"Ec",18,1,0,0,0,1,0.646504780524047
"1995",191,"Ec_N",34,15,15,"Ec",18,1,0,0,0,1,0.646504780524047
"1996",191,"Ec_N",34,16,16,"Ec",18,1,0,0,0,1,0.646504780524047
"1997",191,"Ec_N",34,17,17,"Ec",18,1,0,0,0,1,0.646504780524047
"1998",191,"Ec_N",34,18,18,"Ec",18,1,0,0,0,1,0.646504780524047
"1999",191,"Ec_N",34,19,19,"Ec",18,1,0,0,0,1,0.646504780524047
"2000",191,"Ec_N",34,20,20,"Ec",22,1,0,1,0,1,0.92522428176681
"2001",191,"Ec_N",34,21,21,"Ec",22,1,0,1,0,1,0.92522428176681
"2002",191,"Ec_N",34,22,22,"Ec",22,1,0,1,0,1,0.92522428176681
"2003",191,"Ec_N",34,23,23,"Ec",22,1,0,1,0,1,0.92522428176681
"2004",191,"Ec_N",34,24,24,"Ec",22,1,0,1,0,1,0.92522428176681
"2005",191,"Ec_N",34,25,25,"Ec",22,1,0,1,0,1,0.92522428176681
"2006",191,"Ec_N",34,26,26,"Ec",22,1,0,1,0,1,0.92522428176681
"2007",191,"Ec_N",34,27,27,"Ec",22,1,0,1,0,1,0.92522428176681
"2008",191,"Ec_N",34,28,28,"Ec",22,1,0,1,0,1,0.92522428176681
"2009",191,"Ec_N",34,29,29,"Ec",22,1,0,1,0,1,0.92522428176681
"2010",191,"Ec_N",34,30,30,"Ec",22,1,0,1,0,1,0.92522428176681
"2011",191,"Ec_N",34,31,31,"Ec",22,1,0,1,0,1,0.92522428176681
"2012",191,"Ec_N",34,32,32,"Ec",30,1,0,1,1,1,0.958688519948705
"2013",191,"Ec_N",34,33,33,"Ec",30,1,0,1,1,1,0.958688519948705
"2014",191,"Ec_N",34,34,34,"Ec",30,1,0,1,1,1,0.958688519948705
"2015",191,"Ec_N",34,35,35,"Ec",30,1,0,1,1,1,0.958688519948705
"2016",191,"Ec_N",34,36,36,"Ec",30,1,0,1,1,1,0.958688519948705
"2017",191,"Ec_N",34,37,37,"Ec",30,1,0,1,1,1,0.958688519948705
"2018",191,"Ec_N",34,38,38,"Ec",30,1,0,1,1,1,0.958688519948705
"2019",191,"Ec_N",34,39,39,"Ec",30,1,0,1,1,1,0.958688519948705
"2020",191,"Ec_N",34,40,40,"Ec",30,1,0,1,1,1,0.958688519948705
"2021",191,"Ec_N",34,41,41,"Ec",30,1,0,1,1,1,0.958688519948705
"2022",191,"Ec_N",34,42,42,"Ec",30,1,0,1,1,1,0.958688519948705
"2023",191,"Ec_N",34,43,43,"Ec",30,1,0,1,1,1,0.958688519948705
"2024",191,"Ec_N",34,44,44,"Ec",30,1,0,1,1,1,0.958688519948705
"2025",191,"Ec_N",34,45,45,"Ec",30,1,0,1,1,1,0.958688519948705
"2026",191,"Ec_N",34,46,46,"Ec",30,1,0,1,1,1,0.958688519948705
"2027",191,"Ec_N",34,47,47,"Ec",30,1,0,1,1,1,0.958688519948705
"2028",191,"Ec_N",34,48,48,"Ec",30,1,0,1,1,1,0.958688519948705
"2029",191,"Ec_N",34,49,49,"Ec",30,1,0,1,1,1,0.958688519948705
"2030",191,"Ec_N",34,50,50,"Ec",30,1,0,1,1,1,0.958688519948705
"2031",191,"Ec_N",34,51,51,"Ec",30,1,0,1,1,1,0.958688519948705
"2032",191,"Ec_N",34,52,52,"Ec",30,1,0,1,1,1,0.958688519948705
"2033",191,"Ec_N",34,53,53,"Ec",30,1,0,1,1,1,0.958688519948705
"2034",191,"Ec_N",34,54,54,"Ec",30,1,0,1,1,1,0.958688519948705
"2035",191,"Ec_N",34,55,55,"Ec",30,1,0,1,1,1,0.958688519948705
"2036",191,"Ec_N",34,56,56,"Ec",30,1,0,1,1,1,0.958688519948705
"2037",191,"Ec_N",34,57,57,"Ec",30,1,0,1,1,1,0.958688519948705
"2038",191,"Ec_N",34,58,58,"Ec",30,1,0,1,1,1,0.958688519948705
"2039",191,"Ec_N",34,59,59,"Ec",30,1,0,1,1,1,0.958688519948705
"2040",191,"Ec_N",34,60,60,"Ec",30,1,0,1,1,1,0.958688519948705
"2041",191,"Ec_N",35,1,1,"Ec",1,0,0,0,0,0,0
"2042",191,"Ec_N",35,2,2,"Ec",1,0,0,0,0,0,0
"2043",191,"Ec_N",35,3,3,"Ec",1,0,0,0,0,0,0
"2044",191,"Ec_N",35,4,4,"Ec",2,1,0,0,0,0,0.198020370545937
"2045",191,"Ec_N",35,5,5,"Ec",2,1,0,0,0,0,0.198020370545937
"2046",191,"Ec_N",35,6,6,"Ec",2,1,0,0,0,0,0.198020370545937
"2047",191,"Ec_N",35,7,7,"Ec",2,1,0,0,0,0,0.198020370545937
"2048",191,"Ec_N",35,8,8,"Ec",2,1,0,0,0,0,0.198020370545937
"2049",191,"Ec_N",35,9,9,"Ec",2,1,0,0,0,0,0.198020370545937
"2050",191,"Ec_N",35,10,10,"Ec",2,1,0,0,0,0,0.198020370545937
"2051",191,"Ec_N",35,11,11,"Ec",10,1,0,0,1,0,0.228562363617893
"2052",191,"Ec_N",35,12,12,"Ec",10,1,0,0,1,0,0.228562363617893
"2053",191,"Ec_N",35,13,13,"Ec",10,1,0,0,1,0,0.228562363617893
"2054",191,"Ec_N",35,14,14,"Ec",10,1,0,0,1,0,0.228562363617893
"2055",191,"Ec_N",35,15,15,"Ec",10,1,0,0,1,0,0.228562363617893
"2056",191,"Ec_N",35,16,16,"Ec",10,1,0,0,1,0,0.228562363617893
"2057",191,"Ec_N",35,17,17,"Ec",26,1,0,0,1,1,0.514384015075299
"2058",191,"Ec_N",35,18,18,"Ec",26,1,0,0,1,1,0.514384015075299
"2059",191,"Ec_N",35,19,19,"Ec",26,1,0,0,1,1,0.514384015075299
"2060",191,"Ec_N",35,20,20,"Ec",26,1,0,0,1,1,0.514384015075299
"2061",191,"Ec_N",35,21,21,"Ec",28,1,1,0,1,1,0.681047421119041
"2062",191,"Ec_N",35,22,22,"Ec",28,1,1,0,1,1,0.681047421119041
"2063",191,"Ec_N",35,23,23,"Ec",32,1,1,1,1,1,1
"2064",191,"Ec_N",35,24,24,"Ec",32,1,1,1,1,1,1
"2065",191,"Ec_N",35,25,25,"Ec",32,1,1,1,1,1,1
"2066",191,"Ec_N",35,26,26,"Ec",32,1,1,1,1,1,1
"2067",191,"Ec_N",35,27,27,"Ec",32,1,1,1,1,1,1
"2068",191,"Ec_N",35,28,28,"Ec",32,1,1,1,1,1,1
"2069",191,"Ec_N",35,29,29,"Ec",32,1,1,1,1,1,1
"2070",191,"Ec_N",35,30,30,"Ec",32,1,1,1,1,1,1
"2071",191,"Ec_N",35,31,31,"Ec",32,1,1,1,1,1,1
"2072",191,"Ec_N",35,32,32,"Ec",32,1,1,1,1,1,1
"2073",191,"Ec_N",35,33,33,"Ec",32,1,1,1,1,1,1
"2074",191,"Ec_N",35,34,34,"Ec",32,1,1,1,1,1,1
"2075",191,"Ec_N",35,35,35,"Ec",32,1,1,1,1,1,1
"2076",191,"Ec_N",35,36,36,"Ec",32,1,1,1,1,1,1
"2077",191,"Ec_N",35,37,37,"Ec",32,1,1,1,1,1,1
"2078",191,"Ec_N",35,38,38,"Ec",32,1,1,1,1,1,1
"2079",191,"Ec_N",35,39,39,"Ec",32,1,1,1,1,1,1
"2080",191,"Ec_N",35,40,40,"Ec",32,1,1,1,1,1,1
"2081",191,"Ec_N",35,41,41,"Ec",32,1,1,1,1,1,1
"2082",191,"Ec_N",35,42,42,"Ec",32,1,1,1,1,1,1
"2083",191,"Ec_N",35,43,43,"Ec",32,1,1,1,1,1,1
"2084",191,"Ec_N",35,44,44,"Ec",32,1,1,1,1,1,1
"2085",191,"Ec_N",35,45,45,"Ec",32,1,1,1,1,1,1
"2086",191,"Ec_N",35,46,46,"Ec",32,1,1,1,1,1,1
"2087",191,"Ec_N",35,47,47,"Ec",32,1,1,1,1,1,1
"2088",191,"Ec_N",35,48,48,"Ec",32,1,1,1,1,1,1
"2089",191,"Ec_N",35,49,49,"Ec",32,1,1,1,1,1,1
"2090",191,"Ec_N",35,50,50,"Ec",32,1,1,1,1,1,1
"2091",191,"Ec_N",35,51,51,"Ec",32,1,1,1,1,1,1
"2092",191,"Ec_N",35,52,52,"Ec",32,1,1,1,1,1,1
"2093",191,"Ec_N",35,53,53,"Ec",32,1,1,1,1,1,1
"2094",191,"Ec_N",35,54,54,"Ec",32,1,1,1,1,1,1
"2095",191,"Ec_N",35,55,55,"Ec",32,1,1,1,1,1,1
"2096",191,"Ec_N",35,56,56,"Ec",32,1,1,1,1,1,1
"2097",191,"Ec_N",35,57,57,"Ec",32,1,1,1,1,1,1
"2098",191,"Ec_N",35,58,58,"Ec",32,1,1,1,1,1,1
"2099",191,"Ec_N",35,59,59,"Ec",32,1,1,1,1,1,1
"2100",191,"Ec_N",35,60,60,"Ec",32,1,1,1,1,1,1
"2101",191,"Ec_N",36,1,1,"Ec",1,0,0,0,0,0,0
"2102",191,"Ec_N",36,2,2,"Ec",1,0,0,0,0,0,0
"2103",191,"Ec_N",36,3,3,"Ec",9,0,0,0,1,0,0.0305419930719563
"2104",191,"Ec_N",36,4,4,"Ec",9,0,0,0,1,0,0.0305419930719563
"2105",191,"Ec_N",36,5,5,"Ec",9,0,0,0,1,0,0.0305419930719563
"2106",191,"Ec_N",36,6,6,"Ec",9,0,0,0,1,0,0.0305419930719563
"2107",191,"Ec_N",36,7,7,"Ec",9,0,0,0,1,0,0.0305419930719563
"2108",191,"Ec_N",36,8,8,"Ec",9,0,0,0,1,0,0.0305419930719563
"2109",191,"Ec_N",36,9,9,"Ec",9,0,0,0,1,0,0.0305419930719563
"2110",191,"Ec_N",36,10,10,"Ec",9,0,0,0,1,0,0.0305419930719563
"2111",191,"Ec_N",36,11,11,"Ec",9,0,0,0,1,0,0.0305419930719563
"2112",191,"Ec_N",36,12,12,"Ec",9,0,0,0,1,0,0.0305419930719563
"2113",191,"Ec_N",36,13,13,"Ec",9,0,0,0,1,0,0.0305419930719563
"2114",191,"Ec_N",36,14,14,"Ec",9,0,0,0,1,0,0.0305419930719563
"2115",191,"Ec_N",36,15,15,"Ec",25,0,0,0,1,1,0.403163568932085
"2116",191,"Ec_N",36,16,16,"Ec",25,0,0,0,1,1,0.403163568932085
"2117",191,"Ec_N",36,17,17,"Ec",25,0,0,0,1,1,0.403163568932085
"2118",191,"Ec_N",36,18,18,"Ec",25,0,0,0,1,1,0.403163568932085
"2119",191,"Ec_N",36,19,19,"Ec",25,0,0,0,1,1,0.403163568932085
"2120",191,"Ec_N",36,20,20,"Ec",29,0,0,1,1,1,0.760668149402769
"2121",191,"Ec_N",36,21,21,"Ec",29,0,0,1,1,1,0.760668149402769
"2122",191,"Ec_N",36,22,22,"Ec",29,0,0,1,1,1,0.760668149402769
"2123",191,"Ec_N",36,23,23,"Ec",29,0,0,1,1,1,0.760668149402769
"2124",191,"Ec_N",36,24,24,"Ec",29,0,0,1,1,1,0.760668149402769
"2125",191,"Ec_N",36,25,25,"Ec",29,0,0,1,1,1,0.760668149402769
"2126",191,"Ec_N",36,26,26,"Ec",29,0,0,1,1,1,0.760668149402769
"2127",191,"Ec_N",36,27,27,"Ec",29,0,0,1,1,1,0.760668149402769
"2128",191,"Ec_N",36,28,28,"Ec",29,0,0,1,1,1,0.760668149402769
"2129",191,"Ec_N",36,29,29,"Ec",29,0,0,1,1,1,0.760668149402769
"2130",191,"Ec_N",36,30,30,"Ec",29,0,0,1,1,1,0.760668149402769
"2131",191,"Ec_N",36,31,31,"Ec",29,0,0,1,1,1,0.760668149402769
"2132",191,"Ec_N",36,32,32,"Ec",29,0,0,1,1,1,0.760668149402769
"2133",191,"Ec_N",36,33,33,"Ec",29,0,0,1,1,1,0.760668149402769
"2134",191,"Ec_N",36,34,34,"Ec",29,0,0,1,1,1,0.760668149402769
"2135",191,"Ec_N",36,35,35,"Ec",31,0,1,1,1,1,0.801979629454064
"2136",191,"Ec_N",36,36,36,"Ec",31,0,1,1,1,1,0.801979629454064
"2137",191,"Ec_N",36,37,37,"Ec",31,0,1,1,1,1,0.801979629454064
"2138",191,"Ec_N",36,38,38,"Ec",31,0,1,1,1,1,0.801979629454064
"2139",191,"Ec_N",36,39,39,"Ec",31,0,1,1,1,1,0.801979629454064
"2140",191,"Ec_N",36,40,40,"Ec",31,0,1,1,1,1,0.801979629454064
"2141",191,"Ec_N",36,41,41,"Ec",31,0,1,1,1,1,0.801979629454064
"2142",191,"Ec_N",36,42,42,"Ec",31,0,1,1,1,1,0.801979629454064
"2143",191,"Ec_N",36,43,43,"Ec",31,0,1,1,1,1,0.801979629454064
"2144",191,"Ec_N",36,44,44,"Ec",31,0,1,1,1,1,0.801979629454064
"2145",191,"Ec_N",36,45,45,"Ec",31,0,1,1,1,1,0.801979629454064
"2146",191,"Ec_N",36,46,46,"Ec",31,0,1,1,1,1,0.801979629454064
"2147",191,"Ec_N",36,47,47,"Ec",31,0,1,1,1,1,0.801979629454064
"2148",191,"Ec_N",36,48,48,"Ec",31,0,1,1,1,1,0.801979629454064
"2149",191,"Ec_N",36,49,49,"Ec",31,0,1,1,1,1,0.801979629454064
"2150",191,"Ec_N",36,50,50,"Ec",31,0,1,1,1,1,0.801979629454064
"2151",191,"Ec_N",36,51,51,"Ec",31,0,1,1,1,1,0.801979629454064
"2152",191,"Ec_N",36,52,52,"Ec",31,0,1,1,1,1,0.801979629454064
"2153",191,"Ec_N",36,53,53,"Ec",31,0,1,1,1,1,0.801979629454064
"2154",191,"Ec_N",36,54,54,"Ec",31,0,1,1,1,1,0.801979629454064
"2155",191,"Ec_N",36,55,55,"Ec",31,0,1,1,1,1,0.801979629454064
"2156",191,"Ec_N",36,56,56,"Ec",31,0,1,1,1,1,0.801979629454064
"2157",191,"Ec_N",36,57,57,"Ec",31,0,1,1,1,1,0.801979629454064
"2158",191,"Ec_N",36,58,58,"Ec",31,0,1,1,1,1,0.801979629454064
"2159",191,"Ec_N",36,59,59,"Ec",31,0,1,1,1,1,0.801979629454064
"2160",191,"Ec_N",36,60,60,"Ec",32,1,1,1,1,1,1
"2161",191,"Ec_N",37,1,1,"Ec",1,0,0,0,0,0,0
"2162",191,"Ec_N",37,2,2,"Ec",1,0,0,0,0,0,0
"2163",191,"Ec_N",37,3,3,"Ec",17,0,0,0,0,1,0.229834113103391
"2164",191,"Ec_N",37,4,4,"Ec",17,0,0,0,0,1,0.229834113103391
"2165",191,"Ec_N",37,5,5,"Ec",19,0,1,0,0,1,0.427300415500348
"2166",191,"Ec_N",37,6,6,"Ec",19,0,1,0,0,1,0.427300415500348
"2167",191,"Ec_N",37,7,7,"Ec",19,0,1,0,0,1,0.427300415500348
"2168",191,"Ec_N",37,8,8,"Ec",19,0,1,0,0,1,0.427300415500348
"2169",191,"Ec_N",37,9,9,"Ec",19,0,1,0,0,1,0.427300415500348
"2170",191,"Ec_N",37,10,10,"Ec",19,0,1,0,0,1,0.427300415500348
"2171",191,"Ec_N",37,11,11,"Ec",19,0,1,0,0,1,0.427300415500348
"2172",191,"Ec_N",37,12,12,"Ec",19,0,1,0,0,1,0.427300415500348
"2173",191,"Ec_N",37,13,13,"Ec",19,0,1,0,0,1,0.427300415500348
"2174",191,"Ec_N",37,14,14,"Ec",19,0,1,0,0,1,0.427300415500348
"2175",191,"Ec_N",37,15,15,"Ec",19,0,1,0,0,1,0.427300415500348
"2176",191,"Ec_N",37,16,16,"Ec",19,0,1,0,0,1,0.427300415500348
"2177",191,"Ec_N",37,17,17,"Ec",19,0,1,0,0,1,0.427300415500348
"2178",191,"Ec_N",37,18,18,"Ec",19,0,1,0,0,1,0.427300415500348
"2179",191,"Ec_N",37,19,19,"Ec",19,0,1,0,0,1,0.427300415500348
"2180",191,"Ec_N",37,20,20,"Ec",19,0,1,0,0,1,0.427300415500348
"2181",191,"Ec_N",37,21,21,"Ec",19,0,1,0,0,1,0.427300415500348
"2182",191,"Ec_N",37,22,22,"Ec",19,0,1,0,0,1,0.427300415500348
"2183",191,"Ec_N",37,23,23,"Ec",19,0,1,0,0,1,0.427300415500348
"2184",191,"Ec_N",37,24,24,"Ec",19,0,1,0,0,1,0.427300415500348
"2185",191,"Ec_N",37,25,25,"Ec",23,0,1,1,0,1,0.616809062130864
"2186",191,"Ec_N",37,26,26,"Ec",24,1,1,1,0,1,0.969458006928044
"2187",191,"Ec_N",37,27,27,"Ec",24,1,1,1,0,1,0.969458006928044
"2188",191,"Ec_N",37,28,28,"Ec",24,1,1,1,0,1,0.969458006928044
"2189",191,"Ec_N",37,29,29,"Ec",24,1,1,1,0,1,0.969458006928044
"2190",191,"Ec_N",37,30,30,"Ec",24,1,1,1,0,1,0.969458006928044
"2191",191,"Ec_N",37,31,31,"Ec",24,1,1,1,0,1,0.969458006928044
"2192",191,"Ec_N",37,32,32,"Ec",24,1,1,1,0,1,0.969458006928044
"2193",191,"Ec_N",37,33,33,"Ec",24,1,1,1,0,1,0.969458006928044
"2194",191,"Ec_N",37,34,34,"Ec",24,1,1,1,0,1,0.969458006928044
"2195",191,"Ec_N",37,35,35,"Ec",24,1,1,1,0,1,0.969458006928044
"2196",191,"Ec_N",37,36,36,"Ec",24,1,1,1,0,1,0.969458006928044
"2197",191,"Ec_N",37,37,37,"Ec",24,1,1,1,0,1,0.969458006928044
"2198",191,"Ec_N",37,38,38,"Ec",24,1,1,1,0,1,0.969458006928044
"2199",191,"Ec_N",37,39,39,"Ec",24,1,1,1,0,1,0.969458006928044
"2200",191,"Ec_N",37,40,40,"Ec",24,1,1,1,0,1,0.969458006928044
"2201",191,"Ec_N",37,41,41,"Ec",24,1,1,1,0,1,0.969458006928044
"2202",191,"Ec_N",37,42,42,"Ec",24,1,1,1,0,1,0.969458006928044
"2203",191,"Ec_N",37,43,43,"Ec",24,1,1,1,0,1,0.969458006928044
"2204",191,"Ec_N",37,44,44,"Ec",24,1,1,1,0,1,0.969458006928044
"2205",191,"Ec_N",37,45,45,"Ec",24,1,1,1,0,1,0.969458006928044
"2206",191,"Ec_N",37,46,46,"Ec",24,1,1,1,0,1,0.969458006928044
"2207",191,"Ec_N",37,47,47,"Ec",32,1,1,1,1,1,1
"2208",191,"Ec_N",37,48,48,"Ec",32,1,1,1,1,1,1
"2209",191,"Ec_N",37,49,49,"Ec",32,1,1,1,1,1,1
"2210",191,"Ec_N",37,50,50,"Ec",32,1,1,1,1,1,1
"2211",191,"Ec_N",37,51,51,"Ec",32,1,1,1,1,1,1
"2212",191,"Ec_N",37,52,52,"Ec",32,1,1,1,1,1,1
"2213",191,"Ec_N",37,53,53,"Ec",32,1,1,1,1,1,1
"2214",191,"Ec_N",37,54,54,"Ec",32,1,1,1,1,1,1
"2215",191,"Ec_N",37,55,55,"Ec",32,1,1,1,1,1,1
"2216",191,"Ec_N",37,56,56,"Ec",32,1,1,1,1,1,1
"2217",191,"Ec_N",37,57,57,"Ec",32,1,1,1,1,1,1
"2218",191,"Ec_N",37,58,58,"Ec",32,1,1,1,1,1,1
"2219",191,"Ec_N",37,59,59,"Ec",32,1,1,1,1,1,1
"2220",191,"Ec_N",37,60,60,"Ec",32,1,1,1,1,1,1
"2221",191,"Ec_N",38,1,1,"Ec",1,0,0,0,0,0,0
"2222",191,"Ec_N",38,2,2,"Ec",1,0,0,0,0,0,0
"2223",191,"Ec_N",38,3,3,"Ec",1,0,0,0,0,0,0
"2224",191,"Ec_N",38,4,4,"Ec",1,0,0,0,0,0,0
"2225",191,"Ec_N",38,5,5,"Ec",1,0,0,0,0,0,0
"2226",191,"Ec_N",38,6,6,"Ec",9,0,0,0,1,0,0.0305419930719563
"2227",191,"Ec_N",38,7,7,"Ec",9,0,0,0,1,0,0.0305419930719563
"2228",191,"Ec_N",38,8,8,"Ec",9,0,0,0,1,0,0.0305419930719563
"2229",191,"Ec_N",38,9,9,"Ec",9,0,0,0,1,0,0.0305419930719563
"2230",191,"Ec_N",38,10,10,"Ec",9,0,0,0,1,0,0.0305419930719563
"2231",191,"Ec_N",38,11,11,"Ec",9,0,0,0,1,0,0.0305419930719563
"2232",191,"Ec_N",38,12,12,"Ec",9,0,0,0,1,0,0.0305419930719563
"2233",191,"Ec_N",38,13,13,"Ec",9,0,0,0,1,0,0.0305419930719563
"2234",191,"Ec_N",38,14,14,"Ec",9,0,0,0,1,0,0.0305419930719563
"2235",191,"Ec_N",38,15,15,"Ec",9,0,0,0,1,0,0.0305419930719563
"2236",191,"Ec_N",38,16,16,"Ec",9,0,0,0,1,0,0.0305419930719563
"2237",191,"Ec_N",38,17,17,"Ec",9,0,0,0,1,0,0.0305419930719563
"2238",191,"Ec_N",38,18,18,"Ec",11,0,1,0,1,0,0.0857419302602629
"2239",191,"Ec_N",38,19,19,"Ec",11,0,1,0,1,0,0.0857419302602629
"2240",191,"Ec_N",38,20,20,"Ec",11,0,1,0,1,0,0.0857419302602629
"2241",191,"Ec_N",38,21,21,"Ec",11,0,1,0,1,0,0.0857419302602629
"2242",191,"Ec_N",38,22,22,"Ec",11,0,1,0,1,0,0.0857419302602629
"2243",191,"Ec_N",38,23,23,"Ec",11,0,1,0,1,0,0.0857419302602629
"2244",191,"Ec_N",38,24,24,"Ec",11,0,1,0,1,0,0.0857419302602629
"2245",191,"Ec_N",38,25,25,"Ec",11,0,1,0,1,0,0.0857419302602629
"2246",191,"Ec_N",38,26,26,"Ec",11,0,1,0,1,0,0.0857419302602629
"2247",191,"Ec_N",38,27,27,"Ec",11,0,1,0,1,0,0.0857419302602629
"2248",191,"Ec_N",38,28,28,"Ec",27,0,1,0,1,1,0.357221419161902
"2249",191,"Ec_N",38,29,29,"Ec",27,0,1,0,1,1,0.357221419161902
"2250",191,"Ec_N",38,30,30,"Ec",27,0,1,0,1,1,0.357221419161902
"2251",191,"Ec_N",38,31,31,"Ec",27,0,1,0,1,1,0.357221419161902
"2252",191,"Ec_N",38,32,32,"Ec",27,0,1,0,1,1,0.357221419161902
"2253",191,"Ec_N",38,33,33,"Ec",27,0,1,0,1,1,0.357221419161902
"2254",191,"Ec_N",38,34,34,"Ec",27,0,1,0,1,1,0.357221419161902
"2255",191,"Ec_N",38,35,35,"Ec",27,0,1,0,1,1,0.357221419161902
"2256",191,"Ec_N",38,36,36,"Ec",27,0,1,0,1,1,0.357221419161902
"2257",191,"Ec_N",38,37,37,"Ec",27,0,1,0,1,1,0.357221419161902
"2258",191,"Ec_N",38,38,38,"Ec",27,0,1,0,1,1,0.357221419161902
"2259",191,"Ec_N",38,39,39,"Ec",27,0,1,0,1,1,0.357221419161902
"2260",191,"Ec_N",38,40,40,"Ec",27,0,1,0,1,1,0.357221419161902
"2261",191,"Ec_N",38,41,41,"Ec",27,0,1,0,1,1,0.357221419161902
"2262",191,"Ec_N",38,42,42,"Ec",27,0,1,0,1,1,0.357221419161902
"2263",191,"Ec_N",38,43,43,"Ec",27,0,1,0,1,1,0.357221419161902
"2264",191,"Ec_N",38,44,44,"Ec",27,0,1,0,1,1,0.357221419161902
"2265",191,"Ec_N",38,45,45,"Ec",27,0,1,0,1,1,0.357221419161902
"2266",191,"Ec_N",38,46,46,"Ec",27,0,1,0,1,1,0.357221419161902
"2267",191,"Ec_N",38,47,47,"Ec",27,0,1,0,1,1,0.357221419161902
"2268",191,"Ec_N",38,48,48,"Ec",27,0,1,0,1,1,0.357221419161902
"2269",191,"Ec_N",38,49,49,"Ec",27,0,1,0,1,1,0.357221419161902
"2270",191,"Ec_N",38,50,50,"Ec",27,0,1,0,1,1,0.357221419161902
"2271",191,"Ec_N",38,51,51,"Ec",27,0,1,0,1,1,0.357221419161902
"2272",191,"Ec_N",38,52,52,"Ec",27,0,1,0,1,1,0.357221419161902
"2273",191,"Ec_N",38,53,53,"Ec",27,0,1,0,1,1,0.357221419161902
"2274",191,"Ec_N",38,54,54,"Ec",27,0,1,0,1,1,0.357221419161902
"2275",191,"Ec_N",38,55,55,"Ec",27,0,1,0,1,1,0.357221419161902
"2276",191,"Ec_N",38,56,56,"Ec",27,0,1,0,1,1,0.357221419161902
"2277",191,"Ec_N",38,57,57,"Ec",27,0,1,0,1,1,0.357221419161902
"2278",191,"Ec_N",38,58,58,"Ec",27,0,1,0,1,1,0.357221419161902
"2279",191,"Ec_N",38,59,59,"Ec",27,0,1,0,1,1,0.357221419161902
"2280",191,"Ec_N",38,60,60,"Ec",27,0,1,0,1,1,0.357221419161902
"2281",191,"Ec_N",39,1,1,"Ec",1,0,0,0,0,0,0
"2282",191,"Ec_N",39,2,2,"Ec",1,0,0,0,0,0,0
"2283",191,"Ec_N",39,3,3,"Ec",2,1,0,0,0,0,0.198020370545937
"2284",191,"Ec_N",39,4,4,"Ec",2,1,0,0,0,0,0.198020370545937
"2285",191,"Ec_N",39,5,5,"Ec",2,1,0,0,0,0,0.198020370545937
"2286",191,"Ec_N",39,6,6,"Ec",2,1,0,0,0,0,0.198020370545937
"2287",191,"Ec_N",39,7,7,"Ec",2,1,0,0,0,0,0.198020370545937
"2288",191,"Ec_N",39,8,8,"Ec",2,1,0,0,0,0,0.198020370545937
"2289",191,"Ec_N",39,9,9,"Ec",2,1,0,0,0,0,0.198020370545937
"2290",191,"Ec_N",39,10,10,"Ec",2,1,0,0,0,0,0.198020370545937
"2291",191,"Ec_N",39,11,11,"Ec",2,1,0,0,0,0,0.198020370545937
"2292",191,"Ec_N",39,12,12,"Ec",18,1,0,0,0,1,0.646504780524047
"2293",191,"Ec_N",39,13,13,"Ec",18,1,0,0,0,1,0.646504780524047
"2294",191,"Ec_N",39,14,14,"Ec",18,1,0,0,0,1,0.646504780524047
"2295",191,"Ec_N",39,15,15,"Ec",22,1,0,1,0,1,0.92522428176681
"2296",191,"Ec_N",39,16,16,"Ec",22,1,0,1,0,1,0.92522428176681
"2297",191,"Ec_N",39,17,17,"Ec",22,1,0,1,0,1,0.92522428176681
"2298",191,"Ec_N",39,18,18,"Ec",30,1,0,1,1,1,0.958688519948705
"2299",191,"Ec_N",39,19,19,"Ec",30,1,0,1,1,1,0.958688519948705
"2300",191,"Ec_N",39,20,20,"Ec",30,1,0,1,1,1,0.958688519948705
"2301",191,"Ec_N",39,21,21,"Ec",30,1,0,1,1,1,0.958688519948705
"2302",191,"Ec_N",39,22,22,"Ec",30,1,0,1,1,1,0.958688519948705
"2303",191,"Ec_N",39,23,23,"Ec",30,1,0,1,1,1,0.958688519948705
"2304",191,"Ec_N",39,24,24,"Ec",30,1,0,1,1,1,0.958688519948705
"2305",191,"Ec_N",39,25,25,"Ec",30,1,0,1,1,1,0.958688519948705
"2306",191,"Ec_N",39,26,26,"Ec",30,1,0,1,1,1,0.958688519948705
"2307",191,"Ec_N",39,27,27,"Ec",30,1,0,1,1,1,0.958688519948705
"2308",191,"Ec_N",39,28,28,"Ec",30,1,0,1,1,1,0.958688519948705
"2309",191,"Ec_N",39,29,29,"Ec",30,1,0,1,1,1,0.958688519948705
"2310",191,"Ec_N",39,30,30,"Ec",30,1,0,1,1,1,0.958688519948705
"2311",191,"Ec_N",39,31,31,"Ec",30,1,0,1,1,1,0.958688519948705
"2312",191,"Ec_N",39,32,32,"Ec",30,1,0,1,1,1,0.958688519948705
"2313",191,"Ec_N",39,33,33,"Ec",30,1,0,1,1,1,0.958688519948705
"2314",191,"Ec_N",39,34,34,"Ec",30,1,0,1,1,1,0.958688519948705
"2315",191,"Ec_N",39,35,35,"Ec",30,1,0,1,1,1,0.958688519948705
"2316",191,"Ec_N",39,36,36,"Ec",30,1,0,1,1,1,0.958688519948705
"2317",191,"Ec_N",39,37,37,"Ec",32,1,1,1,1,1,1
"2318",191,"Ec_N",39,38,38,"Ec",32,1,1,1,1,1,1
"2319",191,"Ec_N",39,39,39,"Ec",32,1,1,1,1,1,1
"2320",191,"Ec_N",39,40,40,"Ec",32,1,1,1,1,1,1
"2321",191,"Ec_N",39,41,41,"Ec",32,1,1,1,1,1,1
"2322",191,"Ec_N",39,42,42,"Ec",32,1,1,1,1,1,1
"2323",191,"Ec_N",39,43,43,"Ec",32,1,1,1,1,1,1
"2324",191,"Ec_N",39,44,44,"Ec",32,1,1,1,1,1,1
"2325",191,"Ec_N",39,45,45,"Ec",32,1,1,1,1,1,1
"2326",191,"Ec_N",39,46,46,"Ec",32,1,1,1,1,1,1
"2327",191,"Ec_N",39,47,47,"Ec",32,1,1,1,1,1,1
"2328",191,"Ec_N",39,48,48,"Ec",32,1,1,1,1,1,1
"2329",191,"Ec_N",39,49,49,"Ec",32,1,1,1,1,1,1
"2330",191,"Ec_N",39,50,50,"Ec",32,1,1,1,1,1,1
"2331",191,"Ec_N",39,51,51,"Ec",32,1,1,1,1,1,1
"2332",191,"Ec_N",39,52,52,"Ec",32,1,1,1,1,1,1
"2333",191,"Ec_N",39,53,53,"Ec",32,1,1,1,1,1,1
"2334",191,"Ec_N",39,54,54,"Ec",32,1,1,1,1,1,1
"2335",191,"Ec_N",39,55,55,"Ec",32,1,1,1,1,1,1
"2336",191,"Ec_N",39,56,56,"Ec",32,1,1,1,1,1,1
"2337",191,"Ec_N",39,57,57,"Ec",32,1,1,1,1,1,1
"2338",191,"Ec_N",39,58,58,"Ec",32,1,1,1,1,1,1
"2339",191,"Ec_N",39,59,59,"Ec",32,1,1,1,1,1,1
"2340",191,"Ec_N",39,60,60,"Ec",32,1,1,1,1,1,1
"2341",191,"Ec_N",40,1,1,"Ec",1,0,0,0,0,0,0
"2342",191,"Ec_N",40,2,2,"Ec",1,0,0,0,0,0,0
"2343",191,"Ec_N",40,3,3,"Ec",1,0,0,0,0,0,0
"2344",191,"Ec_N",40,4,4,"Ec",3,0,1,0,0,0,0.041311480051295
"2345",191,"Ec_N",40,5,5,"Ec",3,0,1,0,0,0,0.041311480051295
"2346",191,"Ec_N",40,6,6,"Ec",19,0,1,0,0,1,0.427300415500348
"2347",191,"Ec_N",40,7,7,"Ec",19,0,1,0,0,1,0.427300415500348
"2348",191,"Ec_N",40,8,8,"Ec",19,0,1,0,0,1,0.427300415500348
"2349",191,"Ec_N",40,9,9,"Ec",20,1,1,0,0,1,0.610298755308086
"2350",191,"Ec_N",40,10,10,"Ec",18,1,0,0,0,1,0.646504780524047
"2351",191,"Ec_N",40,11,11,"Ec",18,1,0,0,0,1,0.646504780524047
"2352",191,"Ec_N",40,12,12,"Ec",18,1,0,0,0,1,0.646504780524047
"2353",191,"Ec_N",40,13,13,"Ec",18,1,0,0,0,1,0.646504780524047
"2354",191,"Ec_N",40,14,14,"Ec",18,1,0,0,0,1,0.646504780524047
"2355",191,"Ec_N",40,15,15,"Ec",18,1,0,0,0,1,0.646504780524047
"2356",191,"Ec_N",40,16,16,"Ec",18,1,0,0,0,1,0.646504780524047
"2357",191,"Ec_N",40,17,17,"Ec",18,1,0,0,0,1,0.646504780524047
"2358",191,"Ec_N",40,18,18,"Ec",22,1,0,1,0,1,0.92522428176681
"2359",191,"Ec_N",40,19,19,"Ec",30,1,0,1,1,1,0.958688519948705
"2360",191,"Ec_N",40,20,20,"Ec",30,1,0,1,1,1,0.958688519948705
"2361",191,"Ec_N",40,21,21,"Ec",30,1,0,1,1,1,0.958688519948705
"2362",191,"Ec_N",40,22,22,"Ec",30,1,0,1,1,1,0.958688519948705
"2363",191,"Ec_N",40,23,23,"Ec",30,1,0,1,1,1,0.958688519948705
"2364",191,"Ec_N",40,24,24,"Ec",30,1,0,1,1,1,0.958688519948705
"2365",191,"Ec_N",40,25,25,"Ec",30,1,0,1,1,1,0.958688519948705
"2366",191,"Ec_N",40,26,26,"Ec",30,1,0,1,1,1,0.958688519948705
"2367",191,"Ec_N",40,27,27,"Ec",30,1,0,1,1,1,0.958688519948705
"2368",191,"Ec_N",40,28,28,"Ec",30,1,0,1,1,1,0.958688519948705
"2369",191,"Ec_N",40,29,29,"Ec",30,1,0,1,1,1,0.958688519948705
"2370",191,"Ec_N",40,30,30,"Ec",32,1,1,1,1,1,1
"2371",191,"Ec_N",40,31,31,"Ec",32,1,1,1,1,1,1
"2372",191,"Ec_N",40,32,32,"Ec",32,1,1,1,1,1,1
"2373",191,"Ec_N",40,33,33,"Ec",32,1,1,1,1,1,1
"2374",191,"Ec_N",40,34,34,"Ec",32,1,1,1,1,1,1
"2375",191,"Ec_N",40,35,35,"Ec",32,1,1,1,1,1,1
"2376",191,"Ec_N",40,36,36,"Ec",32,1,1,1,1,1,1
"2377",191,"Ec_N",40,37,37,"Ec",32,1,1,1,1,1,1
"2378",191,"Ec_N",40,38,38,"Ec",32,1,1,1,1,1,1
"2379",191,"Ec_N",40,39,39,"Ec",32,1,1,1,1,1,1
"2380",191,"Ec_N",40,40,40,"Ec",32,1,1,1,1,1,1
"2381",191,"Ec_N",40,41,41,"Ec",32,1,1,1,1,1,1
"2382",191,"Ec_N",40,42,42,"Ec",32,1,1,1,1,1,1
"2383",191,"Ec_N",40,43,43,"Ec",32,1,1,1,1,1,1
"2384",191,"Ec_N",40,44,44,"Ec",32,1,1,1,1,1,1
"2385",191,"Ec_N",40,45,45,"Ec",32,1,1,1,1,1,1
"2386",191,"Ec_N",40,46,46,"Ec",32,1,1,1,1,1,1
"2387",191,"Ec_N",40,47,47,"Ec",32,1,1,1,1,1,1
"2388",191,"Ec_N",40,48,48,"Ec",32,1,1,1,1,1,1
"2389",191,"Ec_N",40,49,49,"Ec",32,1,1,1,1,1,1
"2390",191,"Ec_N",40,50,50,"Ec",32,1,1,1,1,1,1
"2391",191,"Ec_N",40,51,51,"Ec",32,1,1,1,1,1,1
"2392",191,"Ec_N",40,52,52,"Ec",32,1,1,1,1,1,1
"2393",191,"Ec_N",40,53,53,"Ec",32,1,1,1,1,1,1
"2394",191,"Ec_N",40,54,54,"Ec",32,1,1,1,1,1,1
"2395",191,"Ec_N",40,55,55,"Ec",32,1,1,1,1,1,1
"2396",191,"Ec_N",40,56,56,"Ec",32,1,1,1,1,1,1
"2397",191,"Ec_N",40,57,57,"Ec",32,1,1,1,1,1,1
"2398",191,"Ec_N",40,58,58,"Ec",32,1,1,1,1,1,1
"2399",191,"Ec_N",40,59,59,"Ec",32,1,1,1,1,1,1
"2400",191,"Ec_N",40,60,60,"Ec",32,1,1,1,1,1,1
"2401",191,"Ec_N",41,1,1,"Ec",1,0,0,0,0,0,0
"2402",191,"Ec_N",41,2,2,"Ec",1,0,0,0,0,0,0
"2403",191,"Ec_N",41,3,3,"Ec",1,0,0,0,0,0,0
"2404",191,"Ec_N",41,4,4,"Ec",1,0,0,0,0,0,0
"2405",191,"Ec_N",41,5,5,"Ec",1,0,0,0,0,0,0
"2406",191,"Ec_N",41,6,6,"Ec",1,0,0,0,0,0,0
"2407",191,"Ec_N",41,7,7,"Ec",1,0,0,0,0,0,0
"2408",191,"Ec_N",41,8,8,"Ec",3,0,1,0,0,0,0.041311480051295
"2409",191,"Ec_N",41,9,9,"Ec",3,0,1,0,0,0,0.041311480051295
"2410",191,"Ec_N",41,10,10,"Ec",3,0,1,0,0,0,0.041311480051295
"2411",191,"Ec_N",41,11,11,"Ec",3,0,1,0,0,0,0.041311480051295
"2412",191,"Ec_N",41,12,12,"Ec",3,0,1,0,0,0,0.041311480051295
"2413",191,"Ec_N",41,13,13,"Ec",3,0,1,0,0,0,0.041311480051295
"2414",191,"Ec_N",41,14,14,"Ec",19,0,1,0,0,1,0.427300415500348
"2415",191,"Ec_N",41,15,15,"Ec",19,0,1,0,0,1,0.427300415500348
"2416",191,"Ec_N",41,16,16,"Ec",19,0,1,0,0,1,0.427300415500348
"2417",191,"Ec_N",41,17,17,"Ec",19,0,1,0,0,1,0.427300415500348
"2418",191,"Ec_N",41,18,18,"Ec",19,0,1,0,0,1,0.427300415500348
"2419",191,"Ec_N",41,19,19,"Ec",19,0,1,0,0,1,0.427300415500348
"2420",191,"Ec_N",41,20,20,"Ec",19,0,1,0,0,1,0.427300415500348
"2421",191,"Ec_N",41,21,21,"Ec",19,0,1,0,0,1,0.427300415500348
"2422",191,"Ec_N",41,22,22,"Ec",19,0,1,0,0,1,0.427300415500348
"2423",191,"Ec_N",41,23,23,"Ec",19,0,1,0,0,1,0.427300415500348
"2424",191,"Ec_N",41,24,24,"Ec",23,0,1,1,0,1,0.616809062130864
"2425",191,"Ec_N",41,25,25,"Ec",23,0,1,1,0,1,0.616809062130864
"2426",191,"Ec_N",41,26,26,"Ec",23,0,1,1,0,1,0.616809062130864
"2427",191,"Ec_N",41,27,27,"Ec",24,1,1,1,0,1,0.969458006928044
"2428",191,"Ec_N",41,28,28,"Ec",24,1,1,1,0,1,0.969458006928044
"2429",191,"Ec_N",41,29,29,"Ec",24,1,1,1,0,1,0.969458006928044
"2430",191,"Ec_N",41,30,30,"Ec",24,1,1,1,0,1,0.969458006928044
"2431",191,"Ec_N",41,31,31,"Ec",24,1,1,1,0,1,0.969458006928044
"2432",191,"Ec_N",41,32,32,"Ec",24,1,1,1,0,1,0.969458006928044
"2433",191,"Ec_N",41,33,33,"Ec",24,1,1,1,0,1,0.969458006928044
"2434",191,"Ec_N",41,34,34,"Ec",24,1,1,1,0,1,0.969458006928044
"2435",191,"Ec_N",41,35,35,"Ec",24,1,1,1,0,1,0.969458006928044
"2436",191,"Ec_N",41,36,36,"Ec",24,1,1,1,0,1,0.969458006928044
"2437",191,"Ec_N",41,37,37,"Ec",24,1,1,1,0,1,0.969458006928044
"2438",191,"Ec_N",41,38,38,"Ec",24,1,1,1,0,1,0.969458006928044
"2439",191,"Ec_N",41,39,39,"Ec",24,1,1,1,0,1,0.969458006928044
"2440",191,"Ec_N",41,40,40,"Ec",24,1,1,1,0,1,0.969458006928044
"2441",191,"Ec_N",41,41,41,"Ec",24,1,1,1,0,1,0.969458006928044
"2442",191,"Ec_N",41,42,42,"Ec",24,1,1,1,0,1,0.969458006928044
"2443",191,"Ec_N",41,43,43,"Ec",24,1,1,1,0,1,0.969458006928044
"2444",191,"Ec_N",41,44,44,"Ec",24,1,1,1,0,1,0.969458006928044
"2445",191,"Ec_N",41,45,45,"Ec",24,1,1,1,0,1,0.969458006928044
"2446",191,"Ec_N",41,46,46,"Ec",24,1,1,1,0,1,0.969458006928044
"2447",191,"Ec_N",41,47,47,"Ec",24,1,1,1,0,1,0.969458006928044
"2448",191,"Ec_N",41,48,48,"Ec",24,1,1,1,0,1,0.969458006928044
"2449",191,"Ec_N",41,49,49,"Ec",32,1,1,1,1,1,1
"2450",191,"Ec_N",41,50,50,"Ec",32,1,1,1,1,1,1
"2451",191,"Ec_N",41,51,51,"Ec",32,1,1,1,1,1,1
"2452",191,"Ec_N",41,52,52,"Ec",32,1,1,1,1,1,1
"2453",191,"Ec_N",41,53,53,"Ec",32,1,1,1,1,1,1
"2454",191,"Ec_N",41,54,54,"Ec",32,1,1,1,1,1,1
"2455",191,"Ec_N",41,55,55,"Ec",32,1,1,1,1,1,1
"2456",191,"Ec_N",41,56,56,"Ec",32,1,1,1,1,1,1
"2457",191,"Ec_N",41,57,57,"Ec",32,1,1,1,1,1,1
"2458",191,"Ec_N",41,58,58,"Ec",32,1,1,1,1,1,1
"2459",191,"Ec_N",41,59,59,"Ec",32,1,1,1,1,1,1
"2460",191,"Ec_N",41,60,60,"Ec",32,1,1,1,1,1,1
"2461",191,"Ec_N",42,1,1,"Ec",1,0,0,0,0,0,0
"2462",191,"Ec_N",42,2,2,"Ec",1,0,0,0,0,0,0
"2463",191,"Ec_N",42,3,3,"Ec",1,0,0,0,0,0,0
"2464",191,"Ec_N",42,4,4,"Ec",1,0,0,0,0,0,0
"2465",191,"Ec_N",42,5,5,"Ec",1,0,0,0,0,0,0
"2466",191,"Ec_N",42,6,6,"Ec",1,0,0,0,0,0,0
"2467",191,"Ec_N",42,7,7,"Ec",5,0,0,1,0,0,0.49313446766664
"2468",191,"Ec_N",42,8,8,"Ec",5,0,0,1,0,0,0.49313446766664
"2469",191,"Ec_N",42,9,9,"Ec",5,0,0,1,0,0,0.49313446766664
"2470",191,"Ec_N",42,10,10,"Ec",5,0,0,1,0,0,0.49313446766664
"2471",191,"Ec_N",42,11,11,"Ec",5,0,0,1,0,0,0.49313446766664
"2472",191,"Ec_N",42,12,12,"Ec",5,0,0,1,0,0,0.49313446766664
"2473",191,"Ec_N",42,13,13,"Ec",5,0,0,1,0,0,0.49313446766664
"2474",191,"Ec_N",42,14,14,"Ec",5,0,0,1,0,0,0.49313446766664
"2475",191,"Ec_N",42,15,15,"Ec",6,1,0,1,0,0,0.542157591427696
"2476",191,"Ec_N",42,16,16,"Ec",6,1,0,1,0,0,0.542157591427696
"2477",191,"Ec_N",42,17,17,"Ec",6,1,0,1,0,0,0.542157591427696
"2478",191,"Ec_N",42,18,18,"Ec",8,1,1,1,0,0,0.583469071478991
"2479",191,"Ec_N",42,19,19,"Ec",8,1,1,1,0,0,0.583469071478991
"2480",191,"Ec_N",42,20,20,"Ec",8,1,1,1,0,0,0.583469071478991
"2481",191,"Ec_N",42,21,21,"Ec",8,1,1,1,0,0,0.583469071478991
"2482",191,"Ec_N",42,22,22,"Ec",8,1,1,1,0,0,0.583469071478991
"2483",191,"Ec_N",42,23,23,"Ec",8,1,1,1,0,0,0.583469071478991
"2484",191,"Ec_N",42,24,24,"Ec",8,1,1,1,0,0,0.583469071478991
"2485",191,"Ec_N",42,25,25,"Ec",8,1,1,1,0,0,0.583469071478991
"2486",191,"Ec_N",42,26,26,"Ec",8,1,1,1,0,0,0.583469071478991
"2487",191,"Ec_N",42,27,27,"Ec",24,1,1,1,0,1,0.969458006928044
"2488",191,"Ec_N",42,28,28,"Ec",24,1,1,1,0,1,0.969458006928044
"2489",191,"Ec_N",42,29,29,"Ec",24,1,1,1,0,1,0.969458006928044
"2490",191,"Ec_N",42,30,30,"Ec",24,1,1,1,0,1,0.969458006928044
"2491",191,"Ec_N",42,31,31,"Ec",24,1,1,1,0,1,0.969458006928044
"2492",191,"Ec_N",42,32,32,"Ec",24,1,1,1,0,1,0.969458006928044
"2493",191,"Ec_N",42,33,33,"Ec",24,1,1,1,0,1,0.969458006928044
"2494",191,"Ec_N",42,34,34,"Ec",24,1,1,1,0,1,0.969458006928044
"2495",191,"Ec_N",42,35,35,"Ec",24,1,1,1,0,1,0.969458006928044
"2496",191,"Ec_N",42,36,36,"Ec",24,1,1,1,0,1,0.969458006928044
"2497",191,"Ec_N",42,37,37,"Ec",24,1,1,1,0,1,0.969458006928044
"2498",191,"Ec_N",42,38,38,"Ec",24,1,1,1,0,1,0.969458006928044
"2499",191,"Ec_N",42,39,39,"Ec",24,1,1,1,0,1,0.969458006928044
"2500",191,"Ec_N",42,40,40,"Ec",24,1,1,1,0,1,0.969458006928044
"2501",191,"Ec_N",42,41,41,"Ec",24,1,1,1,0,1,0.969458006928044
"2502",191,"Ec_N",42,42,42,"Ec",24,1,1,1,0,1,0.969458006928044
"2503",191,"Ec_N",42,43,43,"Ec",24,1,1,1,0,1,0.969458006928044
"2504",191,"Ec_N",42,44,44,"Ec",24,1,1,1,0,1,0.969458006928044
"2505",191,"Ec_N",42,45,45,"Ec",24,1,1,1,0,1,0.969458006928044
"2506",191,"Ec_N",42,46,46,"Ec",24,1,1,1,0,1,0.969458006928044
"2507",191,"Ec_N",42,47,47,"Ec",24,1,1,1,0,1,0.969458006928044
"2508",191,"Ec_N",42,48,48,"Ec",24,1,1,1,0,1,0.969458006928044
"2509",191,"Ec_N",42,49,49,"Ec",24,1,1,1,0,1,0.969458006928044
"2510",191,"Ec_N",42,50,50,"Ec",24,1,1,1,0,1,0.969458006928044
"2511",191,"Ec_N",42,51,51,"Ec",24,1,1,1,0,1,0.969458006928044
"2512",191,"Ec_N",42,52,52,"Ec",24,1,1,1,0,1,0.969458006928044
"2513",191,"Ec_N",42,53,53,"Ec",24,1,1,1,0,1,0.969458006928044
"2514",191,"Ec_N",42,54,54,"Ec",24,1,1,1,0,1,0.969458006928044
"2515",191,"Ec_N",42,55,55,"Ec",24,1,1,1,0,1,0.969458006928044
"2516",191,"Ec_N",42,56,56,"Ec",24,1,1,1,0,1,0.969458006928044
"2517",191,"Ec_N",42,57,57,"Ec",24,1,1,1,0,1,0.969458006928044
"2518",191,"Ec_N",42,58,58,"Ec",24,1,1,1,0,1,0.969458006928044
"2519",191,"Ec_N",42,59,59,"Ec",32,1,1,1,1,1,1
"2520",191,"Ec_N",42,60,60,"Ec",32,1,1,1,1,1,1
"2521",191,"Ec_N",43,1,1,"Ec",1,0,0,0,0,0,0
"2522",191,"Ec_N",43,2,2,"Ec",1,0,0,0,0,0,0
"2523",191,"Ec_N",43,3,3,"Ec",1,0,0,0,0,0,0
"2524",191,"Ec_N",43,4,4,"Ec",1,0,0,0,0,0,0
"2525",191,"Ec_N",43,5,5,"Ec",1,0,0,0,0,0,0
"2526",191,"Ec_N",43,6,6,"Ec",1,0,0,0,0,0,0
"2527",191,"Ec_N",43,7,7,"Ec",1,0,0,0,0,0,0
"2528",191,"Ec_N",43,8,8,"Ec",9,0,0,0,1,0,0.0305419930719563
"2529",191,"Ec_N",43,9,9,"Ec",9,0,0,0,1,0,0.0305419930719563
"2530",191,"Ec_N",43,10,10,"Ec",9,0,0,0,1,0,0.0305419930719563
"2531",191,"Ec_N",43,11,11,"Ec",9,0,0,0,1,0,0.0305419930719563
"2532",191,"Ec_N",43,12,12,"Ec",9,0,0,0,1,0,0.0305419930719563
"2533",191,"Ec_N",43,13,13,"Ec",9,0,0,0,1,0,0.0305419930719563
"2534",191,"Ec_N",43,14,14,"Ec",9,0,0,0,1,0,0.0305419930719563
"2535",191,"Ec_N",43,15,15,"Ec",9,0,0,0,1,0,0.0305419930719563
"2536",191,"Ec_N",43,16,16,"Ec",10,1,0,0,1,0,0.228562363617893
"2537",191,"Ec_N",43,17,17,"Ec",10,1,0,0,1,0,0.228562363617893
"2538",191,"Ec_N",43,18,18,"Ec",10,1,0,0,1,0,0.228562363617893
"2539",191,"Ec_N",43,19,19,"Ec",10,1,0,0,1,0,0.228562363617893
"2540",191,"Ec_N",43,20,20,"Ec",10,1,0,0,1,0,0.228562363617893
"2541",191,"Ec_N",43,21,21,"Ec",10,1,0,0,1,0,0.228562363617893
"2542",191,"Ec_N",43,22,22,"Ec",10,1,0,0,1,0,0.228562363617893
"2543",191,"Ec_N",43,23,23,"Ec",10,1,0,0,1,0,0.228562363617893
"2544",191,"Ec_N",43,24,24,"Ec",10,1,0,0,1,0,0.228562363617893
"2545",191,"Ec_N",43,25,25,"Ec",10,1,0,0,1,0,0.228562363617893
"2546",191,"Ec_N",43,26,26,"Ec",10,1,0,0,1,0,0.228562363617893
"2547",191,"Ec_N",43,27,27,"Ec",10,1,0,0,1,0,0.228562363617893
"2548",191,"Ec_N",43,28,28,"Ec",10,1,0,0,1,0,0.228562363617893
"2549",191,"Ec_N",43,29,29,"Ec",10,1,0,0,1,0,0.228562363617893
"2550",191,"Ec_N",43,30,30,"Ec",10,1,0,0,1,0,0.228562363617893
"2551",191,"Ec_N",43,31,31,"Ec",10,1,0,0,1,0,0.228562363617893
"2552",191,"Ec_N",43,32,32,"Ec",14,1,0,1,1,0,0.746777083195453
"2553",191,"Ec_N",43,33,33,"Ec",14,1,0,1,1,0,0.746777083195453
"2554",191,"Ec_N",43,34,34,"Ec",14,1,0,1,1,0,0.746777083195453
"2555",191,"Ec_N",43,35,35,"Ec",14,1,0,1,1,0,0.746777083195453
"2556",191,"Ec_N",43,36,36,"Ec",14,1,0,1,1,0,0.746777083195453
"2557",191,"Ec_N",43,37,37,"Ec",14,1,0,1,1,0,0.746777083195453
"2558",191,"Ec_N",43,38,38,"Ec",14,1,0,1,1,0,0.746777083195453
"2559",191,"Ec_N",43,39,39,"Ec",14,1,0,1,1,0,0.746777083195453
"2560",191,"Ec_N",43,40,40,"Ec",14,1,0,1,1,0,0.746777083195453
"2561",191,"Ec_N",43,41,41,"Ec",14,1,0,1,1,0,0.746777083195453
"2562",191,"Ec_N",43,42,42,"Ec",14,1,0,1,1,0,0.746777083195453
"2563",191,"Ec_N",43,43,43,"Ec",14,1,0,1,1,0,0.746777083195453
"2564",191,"Ec_N",43,44,44,"Ec",14,1,0,1,1,0,0.746777083195453
"2565",191,"Ec_N",43,45,45,"Ec",14,1,0,1,1,0,0.746777083195453
"2566",191,"Ec_N",43,46,46,"Ec",14,1,0,1,1,0,0.746777083195453
"2567",191,"Ec_N",43,47,47,"Ec",14,1,0,1,1,0,0.746777083195453
"2568",191,"Ec_N",43,48,48,"Ec",14,1,0,1,1,0,0.746777083195453
"2569",191,"Ec_N",43,49,49,"Ec",14,1,0,1,1,0,0.746777083195453
"2570",191,"Ec_N",43,50,50,"Ec",14,1,0,1,1,0,0.746777083195453
"2571",191,"Ec_N",43,51,51,"Ec",14,1,0,1,1,0,0.746777083195453
"2572",191,"Ec_N",43,52,52,"Ec",14,1,0,1,1,0,0.746777083195453
"2573",191,"Ec_N",43,53,53,"Ec",14,1,0,1,1,0,0.746777083195453
"2574",191,"Ec_N",43,54,54,"Ec",30,1,0,1,1,1,0.958688519948705
"2575",191,"Ec_N",43,55,55,"Ec",30,1,0,1,1,1,0.958688519948705
"2576",191,"Ec_N",43,56,56,"Ec",30,1,0,1,1,1,0.958688519948705
"2577",191,"Ec_N",43,57,57,"Ec",30,1,0,1,1,1,0.958688519948705
"2578",191,"Ec_N",43,58,58,"Ec",30,1,0,1,1,1,0.958688519948705
"2579",191,"Ec_N",43,59,59,"Ec",30,1,0,1,1,1,0.958688519948705
"2580",191,"Ec_N",43,60,60,"Ec",30,1,0,1,1,1,0.958688519948705
"2581",191,"Ec_N",44,1,1,"Ec",1,0,0,0,0,0,0
"2582",191,"Ec_N",44,2,2,"Ec",1,0,0,0,0,0,0
"2583",191,"Ec_N",44,3,3,"Ec",1,0,0,0,0,0,0
"2584",191,"Ec_N",44,4,4,"Ec",1,0,0,0,0,0,0
"2585",191,"Ec_N",44,5,5,"Ec",1,0,0,0,0,0,0
"2586",191,"Ec_N",44,6,6,"Ec",17,0,0,0,0,1,0.229834113103391
"2587",191,"Ec_N",44,7,7,"Ec",17,0,0,0,0,1,0.229834113103391
"2588",191,"Ec_N",44,8,8,"Ec",17,0,0,0,0,1,0.229834113103391
"2589",191,"Ec_N",44,9,9,"Ec",17,0,0,0,0,1,0.229834113103391
"2590",191,"Ec_N",44,10,10,"Ec",19,0,1,0,0,1,0.427300415500348
"2591",191,"Ec_N",44,11,11,"Ec",19,0,1,0,0,1,0.427300415500348
"2592",191,"Ec_N",44,12,12,"Ec",19,0,1,0,0,1,0.427300415500348
"2593",191,"Ec_N",44,13,13,"Ec",19,0,1,0,0,1,0.427300415500348
"2594",191,"Ec_N",44,14,14,"Ec",19,0,1,0,0,1,0.427300415500348
"2595",191,"Ec_N",44,15,15,"Ec",19,0,1,0,0,1,0.427300415500348
"2596",191,"Ec_N",44,16,16,"Ec",19,0,1,0,0,1,0.427300415500348
"2597",191,"Ec_N",44,17,17,"Ec",19,0,1,0,0,1,0.427300415500348
"2598",191,"Ec_N",44,18,18,"Ec",19,0,1,0,0,1,0.427300415500348
"2599",191,"Ec_N",44,19,19,"Ec",19,0,1,0,0,1,0.427300415500348
"2600",191,"Ec_N",44,20,20,"Ec",19,0,1,0,0,1,0.427300415500348
"2601",191,"Ec_N",44,21,21,"Ec",19,0,1,0,0,1,0.427300415500348
"2602",191,"Ec_N",44,22,22,"Ec",19,0,1,0,0,1,0.427300415500348
"2603",191,"Ec_N",44,23,23,"Ec",19,0,1,0,0,1,0.427300415500348
"2604",191,"Ec_N",44,24,24,"Ec",19,0,1,0,0,1,0.427300415500348
"2605",191,"Ec_N",44,25,25,"Ec",19,0,1,0,0,1,0.427300415500348
"2606",191,"Ec_N",44,26,26,"Ec",19,0,1,0,0,1,0.427300415500348
"2607",191,"Ec_N",44,27,27,"Ec",19,0,1,0,0,1,0.427300415500348
"2608",191,"Ec_N",44,28,28,"Ec",19,0,1,0,0,1,0.427300415500348
"2609",191,"Ec_N",44,29,29,"Ec",19,0,1,0,0,1,0.427300415500348
"2610",191,"Ec_N",44,30,30,"Ec",19,0,1,0,0,1,0.427300415500348
"2611",191,"Ec_N",44,31,31,"Ec",19,0,1,0,0,1,0.427300415500348
"2612",191,"Ec_N",44,32,32,"Ec",19,0,1,0,0,1,0.427300415500348
"2613",191,"Ec_N",44,33,33,"Ec",19,0,1,0,0,1,0.427300415500348
"2614",191,"Ec_N",44,34,34,"Ec",19,0,1,0,0,1,0.427300415500348
"2615",191,"Ec_N",44,35,35,"Ec",19,0,1,0,0,1,0.427300415500348
"2616",191,"Ec_N",44,36,36,"Ec",19,0,1,0,0,1,0.427300415500348
"2617",191,"Ec_N",44,37,37,"Ec",23,0,1,1,0,1,0.616809062130864
"2618",191,"Ec_N",44,38,38,"Ec",23,0,1,1,0,1,0.616809062130864
"2619",191,"Ec_N",44,39,39,"Ec",23,0,1,1,0,1,0.616809062130864
"2620",191,"Ec_N",44,40,40,"Ec",23,0,1,1,0,1,0.616809062130864
"2621",191,"Ec_N",44,41,41,"Ec",23,0,1,1,0,1,0.616809062130864
"2622",191,"Ec_N",44,42,42,"Ec",31,0,1,1,1,1,0.801979629454064
"2623",191,"Ec_N",44,43,43,"Ec",31,0,1,1,1,1,0.801979629454064
"2624",191,"Ec_N",44,44,44,"Ec",31,0,1,1,1,1,0.801979629454064
"2625",191,"Ec_N",44,45,45,"Ec",31,0,1,1,1,1,0.801979629454064
"2626",191,"Ec_N",44,46,46,"Ec",31,0,1,1,1,1,0.801979629454064
"2627",191,"Ec_N",44,47,47,"Ec",31,0,1,1,1,1,0.801979629454064
"2628",191,"Ec_N",44,48,48,"Ec",31,0,1,1,1,1,0.801979629454064
"2629",191,"Ec_N",44,49,49,"Ec",31,0,1,1,1,1,0.801979629454064
"2630",191,"Ec_N",44,50,50,"Ec",31,0,1,1,1,1,0.801979629454064
"2631",191,"Ec_N",44,51,51,"Ec",31,0,1,1,1,1,0.801979629454064
"2632",191,"Ec_N",44,52,52,"Ec",31,0,1,1,1,1,0.801979629454064
"2633",191,"Ec_N",44,53,53,"Ec",31,0,1,1,1,1,0.801979629454064
"2634",191,"Ec_N",44,54,54,"Ec",31,0,1,1,1,1,0.801979629454064
"2635",191,"Ec_N",44,55,55,"Ec",31,0,1,1,1,1,0.801979629454064
"2636",191,"Ec_N",44,56,56,"Ec",31,0,1,1,1,1,0.801979629454064
"2637",191,"Ec_N",44,57,57,"Ec",31,0,1,1,1,1,0.801979629454064
"2638",191,"Ec_N",44,58,58,"Ec",31,0,1,1,1,1,0.801979629454064
"2639",191,"Ec_N",44,59,59,"Ec",31,0,1,1,1,1,0.801979629454064
"2640",191,"Ec_N",44,60,60,"Ec",31,0,1,1,1,1,0.801979629454064
"2641",191,"Ec_N",45,1,1,"Ec",1,0,0,0,0,0,0
"2642",191,"Ec_N",45,2,2,"Ec",9,0,0,0,1,0,0.0305419930719563
"2643",191,"Ec_N",45,3,3,"Ec",9,0,0,0,1,0,0.0305419930719563
"2644",191,"Ec_N",45,4,4,"Ec",9,0,0,0,1,0,0.0305419930719563
"2645",191,"Ec_N",45,5,5,"Ec",9,0,0,0,1,0,0.0305419930719563
"2646",191,"Ec_N",45,6,6,"Ec",9,0,0,0,1,0,0.0305419930719563
"2647",191,"Ec_N",45,7,7,"Ec",9,0,0,0,1,0,0.0305419930719563
"2648",191,"Ec_N",45,8,8,"Ec",9,0,0,0,1,0,0.0305419930719563
"2649",191,"Ec_N",45,9,9,"Ec",9,0,0,0,1,0,0.0305419930719563
"2650",191,"Ec_N",45,10,10,"Ec",9,0,0,0,1,0,0.0305419930719563
"2651",191,"Ec_N",45,11,11,"Ec",9,0,0,0,1,0,0.0305419930719563
"2652",191,"Ec_N",45,12,12,"Ec",9,0,0,0,1,0,0.0305419930719563
"2653",191,"Ec_N",45,13,13,"Ec",10,1,0,0,1,0,0.228562363617893
"2654",191,"Ec_N",45,14,14,"Ec",10,1,0,0,1,0,0.228562363617893
"2655",191,"Ec_N",45,15,15,"Ec",10,1,0,0,1,0,0.228562363617893
"2656",191,"Ec_N",45,16,16,"Ec",10,1,0,0,1,0,0.228562363617893
"2657",191,"Ec_N",45,17,17,"Ec",10,1,0,0,1,0,0.228562363617893
"2658",191,"Ec_N",45,18,18,"Ec",10,1,0,0,1,0,0.228562363617893
"2659",191,"Ec_N",45,19,19,"Ec",10,1,0,0,1,0,0.228562363617893
"2660",191,"Ec_N",45,20,20,"Ec",10,1,0,0,1,0,0.228562363617893
"2661",191,"Ec_N",45,21,21,"Ec",12,1,1,0,1,0,0.259780205416137
"2662",191,"Ec_N",45,22,22,"Ec",12,1,1,0,1,0,0.259780205416137
"2663",191,"Ec_N",45,23,23,"Ec",12,1,1,0,1,0,0.259780205416137
"2664",191,"Ec_N",45,24,24,"Ec",12,1,1,0,1,0,0.259780205416137
"2665",191,"Ec_N",45,25,25,"Ec",12,1,1,0,1,0,0.259780205416137
"2666",191,"Ec_N",45,26,26,"Ec",12,1,1,0,1,0,0.259780205416137
"2667",191,"Ec_N",45,27,27,"Ec",16,1,1,1,1,0,0.456015583082203
"2668",191,"Ec_N",45,28,28,"Ec",16,1,1,1,1,0,0.456015583082203
"2669",191,"Ec_N",45,29,29,"Ec",16,1,1,1,1,0,0.456015583082203
"2670",191,"Ec_N",45,30,30,"Ec",16,1,1,1,1,0,0.456015583082203
"2671",191,"Ec_N",45,31,31,"Ec",16,1,1,1,1,0,0.456015583082203
"2672",191,"Ec_N",45,32,32,"Ec",16,1,1,1,1,0,0.456015583082203
"2673",191,"Ec_N",45,33,33,"Ec",16,1,1,1,1,0,0.456015583082203
"2674",191,"Ec_N",45,34,34,"Ec",16,1,1,1,1,0,0.456015583082203
"2675",191,"Ec_N",45,35,35,"Ec",16,1,1,1,1,0,0.456015583082203
"2676",191,"Ec_N",45,36,36,"Ec",16,1,1,1,1,0,0.456015583082203
"2677",191,"Ec_N",45,37,37,"Ec",16,1,1,1,1,0,0.456015583082203
"2678",191,"Ec_N",45,38,38,"Ec",16,1,1,1,1,0,0.456015583082203
"2679",191,"Ec_N",45,39,39,"Ec",16,1,1,1,1,0,0.456015583082203
"2680",191,"Ec_N",45,40,40,"Ec",16,1,1,1,1,0,0.456015583082203
"2681",191,"Ec_N",45,41,41,"Ec",16,1,1,1,1,0,0.456015583082203
"2682",191,"Ec_N",45,42,42,"Ec",16,1,1,1,1,0,0.456015583082203
"2683",191,"Ec_N",45,43,43,"Ec",16,1,1,1,1,0,0.456015583082203
"2684",191,"Ec_N",45,44,44,"Ec",16,1,1,1,1,0,0.456015583082203
"2685",191,"Ec_N",45,45,45,"Ec",16,1,1,1,1,0,0.456015583082203
"2686",191,"Ec_N",45,46,46,"Ec",16,1,1,1,1,0,0.456015583082203
"2687",191,"Ec_N",45,47,47,"Ec",16,1,1,1,1,0,0.456015583082203
"2688",191,"Ec_N",45,48,48,"Ec",16,1,1,1,1,0,0.456015583082203
"2689",191,"Ec_N",45,49,49,"Ec",32,1,1,1,1,1,1
"2690",191,"Ec_N",45,50,50,"Ec",32,1,1,1,1,1,1
"2691",191,"Ec_N",45,51,51,"Ec",32,1,1,1,1,1,1
"2692",191,"Ec_N",45,52,52,"Ec",32,1,1,1,1,1,1
"2693",191,"Ec_N",45,53,53,"Ec",32,1,1,1,1,1,1
"2694",191,"Ec_N",45,54,54,"Ec",32,1,1,1,1,1,1
"2695",191,"Ec_N",45,55,55,"Ec",32,1,1,1,1,1,1
"2696",191,"Ec_N",45,56,56,"Ec",32,1,1,1,1,1,1
"2697",191,"Ec_N",45,57,57,"Ec",32,1,1,1,1,1,1
"2698",191,"Ec_N",45,58,58,"Ec",32,1,1,1,1,1,1
"2699",191,"Ec_N",45,59,59,"Ec",32,1,1,1,1,1,1
"2700",191,"Ec_N",45,60,60,"Ec",32,1,1,1,1,1,1
"2701",191,"Ec_N",46,1,1,"Ec",1,0,0,0,0,0,0
"2702",191,"Ec_N",46,2,2,"Ec",3,0,1,0,0,0,0.041311480051295
"2703",191,"Ec_N",46,3,3,"Ec",3,0,1,0,0,0,0.041311480051295
"2704",191,"Ec_N",46,4,4,"Ec",3,0,1,0,0,0,0.041311480051295
"2705",191,"Ec_N",46,5,5,"Ec",3,0,1,0,0,0,0.041311480051295
"2706",191,"Ec_N",46,6,6,"Ec",3,0,1,0,0,0,0.041311480051295
"2707",191,"Ec_N",46,7,7,"Ec",3,0,1,0,0,0,0.041311480051295
"2708",191,"Ec_N",46,8,8,"Ec",3,0,1,0,0,0,0.041311480051295
"2709",191,"Ec_N",46,9,9,"Ec",3,0,1,0,0,0,0.041311480051295
"2710",191,"Ec_N",46,10,10,"Ec",7,0,1,1,0,0,0.589282297794007
"2711",191,"Ec_N",46,11,11,"Ec",7,0,1,1,0,0,0.589282297794007
"2712",191,"Ec_N",46,12,12,"Ec",23,0,1,1,0,1,0.616809062130864
"2713",191,"Ec_N",46,13,13,"Ec",23,0,1,1,0,1,0.616809062130864
"2714",191,"Ec_N",46,14,14,"Ec",23,0,1,1,0,1,0.616809062130864
"2715",191,"Ec_N",46,15,15,"Ec",23,0,1,1,0,1,0.616809062130864
"2716",191,"Ec_N",46,16,16,"Ec",23,0,1,1,0,1,0.616809062130864
"2717",191,"Ec_N",46,17,17,"Ec",23,0,1,1,0,1,0.616809062130864
"2718",191,"Ec_N",46,18,18,"Ec",21,0,0,1,0,1,0.726280938342543
"2719",191,"Ec_N",46,19,19,"Ec",21,0,0,1,0,1,0.726280938342543
"2720",191,"Ec_N",46,20,20,"Ec",21,0,0,1,0,1,0.726280938342543
"2721",191,"Ec_N",46,21,21,"Ec",21,0,0,1,0,1,0.726280938342543
"2722",191,"Ec_N",46,22,22,"Ec",21,0,0,1,0,1,0.726280938342543
"2723",191,"Ec_N",46,23,23,"Ec",21,0,0,1,0,1,0.726280938342543
"2724",191,"Ec_N",46,24,24,"Ec",21,0,0,1,0,1,0.726280938342543
"2725",191,"Ec_N",46,25,25,"Ec",21,0,0,1,0,1,0.726280938342543
"2726",191,"Ec_N",46,26,26,"Ec",21,0,0,1,0,1,0.726280938342543
"2727",191,"Ec_N",46,27,27,"Ec",21,0,0,1,0,1,0.726280938342543
"2728",191,"Ec_N",46,28,28,"Ec",21,0,0,1,0,1,0.726280938342543
"2729",191,"Ec_N",46,29,29,"Ec",21,0,0,1,0,1,0.726280938342543
"2730",191,"Ec_N",46,30,30,"Ec",21,0,0,1,0,1,0.726280938342543
"2731",191,"Ec_N",46,31,31,"Ec",21,0,0,1,0,1,0.726280938342543
"2732",191,"Ec_N",46,32,32,"Ec",21,0,0,1,0,1,0.726280938342543
"2733",191,"Ec_N",46,33,33,"Ec",21,0,0,1,0,1,0.726280938342543
"2734",191,"Ec_N",46,34,34,"Ec",21,0,0,1,0,1,0.726280938342543
"2735",191,"Ec_N",46,35,35,"Ec",21,0,0,1,0,1,0.726280938342543
"2736",191,"Ec_N",46,36,36,"Ec",21,0,0,1,0,1,0.726280938342543
"2737",191,"Ec_N",46,37,37,"Ec",21,0,0,1,0,1,0.726280938342543
"2738",191,"Ec_N",46,38,38,"Ec",21,0,0,1,0,1,0.726280938342543
"2739",191,"Ec_N",46,39,39,"Ec",21,0,0,1,0,1,0.726280938342543
"2740",191,"Ec_N",46,40,40,"Ec",21,0,0,1,0,1,0.726280938342543
"2741",191,"Ec_N",46,41,41,"Ec",21,0,0,1,0,1,0.726280938342543
"2742",191,"Ec_N",46,42,42,"Ec",21,0,0,1,0,1,0.726280938342543
"2743",191,"Ec_N",46,43,43,"Ec",21,0,0,1,0,1,0.726280938342543
"2744",191,"Ec_N",46,44,44,"Ec",21,0,0,1,0,1,0.726280938342543
"2745",191,"Ec_N",46,45,45,"Ec",21,0,0,1,0,1,0.726280938342543
"2746",191,"Ec_N",46,46,46,"Ec",21,0,0,1,0,1,0.726280938342543
"2747",191,"Ec_N",46,47,47,"Ec",21,0,0,1,0,1,0.726280938342543
"2748",191,"Ec_N",46,48,48,"Ec",21,0,0,1,0,1,0.726280938342543
"2749",191,"Ec_N",46,49,49,"Ec",21,0,0,1,0,1,0.726280938342543
"2750",191,"Ec_N",46,50,50,"Ec",21,0,0,1,0,1,0.726280938342543
"2751",191,"Ec_N",46,51,51,"Ec",21,0,0,1,0,1,0.726280938342543
"2752",191,"Ec_N",46,52,52,"Ec",21,0,0,1,0,1,0.726280938342543
"2753",191,"Ec_N",46,53,53,"Ec",21,0,0,1,0,1,0.726280938342543
"2754",191,"Ec_N",46,54,54,"Ec",21,0,0,1,0,1,0.726280938342543
"2755",191,"Ec_N",46,55,55,"Ec",22,1,0,1,0,1,0.92522428176681
"2756",191,"Ec_N",46,56,56,"Ec",22,1,0,1,0,1,0.92522428176681
"2757",191,"Ec_N",46,57,57,"Ec",22,1,0,1,0,1,0.92522428176681
"2758",191,"Ec_N",46,58,58,"Ec",22,1,0,1,0,1,0.92522428176681
"2759",191,"Ec_N",46,59,59,"Ec",22,1,0,1,0,1,0.92522428176681
"2760",191,"Ec_N",46,60,60,"Ec",22,1,0,1,0,1,0.92522428176681
"2761",191,"Ec_N",47,1,1,"Ec",1,0,0,0,0,0,0
"2762",191,"Ec_N",47,2,2,"Ec",1,0,0,0,0,0,0
"2763",191,"Ec_N",47,3,3,"Ec",1,0,0,0,0,0,0
"2764",191,"Ec_N",47,4,4,"Ec",1,0,0,0,0,0,0
"2765",191,"Ec_N",47,5,5,"Ec",1,0,0,0,0,0,0
"2766",191,"Ec_N",47,6,6,"Ec",1,0,0,0,0,0,0
"2767",191,"Ec_N",47,7,7,"Ec",1,0,0,0,0,0,0
"2768",191,"Ec_N",47,8,8,"Ec",1,0,0,0,0,0,0
"2769",191,"Ec_N",47,9,9,"Ec",17,0,0,0,0,1,0.229834113103391
"2770",191,"Ec_N",47,10,10,"Ec",17,0,0,0,0,1,0.229834113103391
"2771",191,"Ec_N",47,11,11,"Ec",17,0,0,0,0,1,0.229834113103391
"2772",191,"Ec_N",47,12,12,"Ec",17,0,0,0,0,1,0.229834113103391
"2773",191,"Ec_N",47,13,13,"Ec",19,0,1,0,0,1,0.427300415500348
"2774",191,"Ec_N",47,14,14,"Ec",19,0,1,0,0,1,0.427300415500348
"2775",191,"Ec_N",47,15,15,"Ec",19,0,1,0,0,1,0.427300415500348
"2776",191,"Ec_N",47,16,16,"Ec",23,0,1,1,0,1,0.616809062130864
"2777",191,"Ec_N",47,17,17,"Ec",23,0,1,1,0,1,0.616809062130864
"2778",191,"Ec_N",47,18,18,"Ec",23,0,1,1,0,1,0.616809062130864
"2779",191,"Ec_N",47,19,19,"Ec",23,0,1,1,0,1,0.616809062130864
"2780",191,"Ec_N",47,20,20,"Ec",23,0,1,1,0,1,0.616809062130864
"2781",191,"Ec_N",47,21,21,"Ec",23,0,1,1,0,1,0.616809062130864
"2782",191,"Ec_N",47,22,22,"Ec",23,0,1,1,0,1,0.616809062130864
"2783",191,"Ec_N",47,23,23,"Ec",23,0,1,1,0,1,0.616809062130864
"2784",191,"Ec_N",47,24,24,"Ec",23,0,1,1,0,1,0.616809062130864
"2785",191,"Ec_N",47,25,25,"Ec",31,0,1,1,1,1,0.801979629454064
"2786",191,"Ec_N",47,26,26,"Ec",31,0,1,1,1,1,0.801979629454064
"2787",191,"Ec_N",47,27,27,"Ec",31,0,1,1,1,1,0.801979629454064
"2788",191,"Ec_N",47,28,28,"Ec",31,0,1,1,1,1,0.801979629454064
"2789",191,"Ec_N",47,29,29,"Ec",31,0,1,1,1,1,0.801979629454064
"2790",191,"Ec_N",47,30,30,"Ec",31,0,1,1,1,1,0.801979629454064
"2791",191,"Ec_N",47,31,31,"Ec",31,0,1,1,1,1,0.801979629454064
"2792",191,"Ec_N",47,32,32,"Ec",31,0,1,1,1,1,0.801979629454064
"2793",191,"Ec_N",47,33,33,"Ec",31,0,1,1,1,1,0.801979629454064
"2794",191,"Ec_N",47,34,34,"Ec",32,1,1,1,1,1,1
"2795",191,"Ec_N",47,35,35,"Ec",32,1,1,1,1,1,1
"2796",191,"Ec_N",47,36,36,"Ec",32,1,1,1,1,1,1
"2797",191,"Ec_N",47,37,37,"Ec",32,1,1,1,1,1,1
"2798",191,"Ec_N",47,38,38,"Ec",32,1,1,1,1,1,1
"2799",191,"Ec_N",47,39,39,"Ec",32,1,1,1,1,1,1
"2800",191,"Ec_N",47,40,40,"Ec",32,1,1,1,1,1,1
"2801",191,"Ec_N",47,41,41,"Ec",32,1,1,1,1,1,1
"2802",191,"Ec_N",47,42,42,"Ec",32,1,1,1,1,1,1
"2803",191,"Ec_N",47,43,43,"Ec",32,1,1,1,1,1,1
"2804",191,"Ec_N",47,44,44,"Ec",32,1,1,1,1,1,1
"2805",191,"Ec_N",47,45,45,"Ec",32,1,1,1,1,1,1
"2806",191,"Ec_N",47,46,46,"Ec",32,1,1,1,1,1,1
"2807",191,"Ec_N",47,47,47,"Ec",32,1,1,1,1,1,1
"2808",191,"Ec_N",47,48,48,"Ec",32,1,1,1,1,1,1
"2809",191,"Ec_N",47,49,49,"Ec",32,1,1,1,1,1,1
"2810",191,"Ec_N",47,50,50,"Ec",32,1,1,1,1,1,1
"2811",191,"Ec_N",47,51,51,"Ec",32,1,1,1,1,1,1
"2812",191,"Ec_N",47,52,52,"Ec",32,1,1,1,1,1,1
"2813",191,"Ec_N",47,53,53,"Ec",32,1,1,1,1,1,1
"2814",191,"Ec_N",47,54,54,"Ec",32,1,1,1,1,1,1
"2815",191,"Ec_N",47,55,55,"Ec",32,1,1,1,1,1,1
"2816",191,"Ec_N",47,56,56,"Ec",32,1,1,1,1,1,1
"2817",191,"Ec_N",47,57,57,"Ec",32,1,1,1,1,1,1
"2818",191,"Ec_N",47,58,58,"Ec",32,1,1,1,1,1,1
"2819",191,"Ec_N",47,59,59,"Ec",32,1,1,1,1,1,1
"2820",191,"Ec_N",47,60,60,"Ec",32,1,1,1,1,1,1
"2821",191,"Ec_N",48,1,1,"Ec",1,0,0,0,0,0,0
"2822",191,"Ec_N",48,2,2,"Ec",1,0,0,0,0,0,0
"2823",191,"Ec_N",48,3,3,"Ec",1,0,0,0,0,0,0
"2824",191,"Ec_N",48,4,4,"Ec",1,0,0,0,0,0,0
"2825",191,"Ec_N",48,5,5,"Ec",1,0,0,0,0,0,0
"2826",191,"Ec_N",48,6,6,"Ec",1,0,0,0,0,0,0
"2827",191,"Ec_N",48,7,7,"Ec",5,0,0,1,0,0,0.49313446766664
"2828",191,"Ec_N",48,8,8,"Ec",6,1,0,1,0,0,0.542157591427696
"2829",191,"Ec_N",48,9,9,"Ec",6,1,0,1,0,0,0.542157591427696
"2830",191,"Ec_N",48,10,10,"Ec",6,1,0,1,0,0,0.542157591427696
"2831",191,"Ec_N",48,11,11,"Ec",6,1,0,1,0,0,0.542157591427696
"2832",191,"Ec_N",48,12,12,"Ec",6,1,0,1,0,0,0.542157591427696
"2833",191,"Ec_N",48,13,13,"Ec",6,1,0,1,0,0,0.542157591427696
"2834",191,"Ec_N",48,14,14,"Ec",6,1,0,1,0,0,0.542157591427696
"2835",191,"Ec_N",48,15,15,"Ec",6,1,0,1,0,0,0.542157591427696
"2836",191,"Ec_N",48,16,16,"Ec",6,1,0,1,0,0,0.542157591427696
"2837",191,"Ec_N",48,17,17,"Ec",6,1,0,1,0,0,0.542157591427696
"2838",191,"Ec_N",48,18,18,"Ec",6,1,0,1,0,0,0.542157591427696
"2839",191,"Ec_N",48,19,19,"Ec",6,1,0,1,0,0,0.542157591427696
"2840",191,"Ec_N",48,20,20,"Ec",6,1,0,1,0,0,0.542157591427696
"2841",191,"Ec_N",48,21,21,"Ec",14,1,0,1,1,0,0.746777083195453
"2842",191,"Ec_N",48,22,22,"Ec",14,1,0,1,1,0,0.746777083195453
"2843",191,"Ec_N",48,23,23,"Ec",14,1,0,1,1,0,0.746777083195453
"2844",191,"Ec_N",48,24,24,"Ec",14,1,0,1,1,0,0.746777083195453
"2845",191,"Ec_N",48,25,25,"Ec",14,1,0,1,1,0,0.746777083195453
"2846",191,"Ec_N",48,26,26,"Ec",14,1,0,1,1,0,0.746777083195453
"2847",191,"Ec_N",48,27,27,"Ec",30,1,0,1,1,1,0.958688519948705
"2848",191,"Ec_N",48,28,28,"Ec",30,1,0,1,1,1,0.958688519948705
"2849",191,"Ec_N",48,29,29,"Ec",30,1,0,1,1,1,0.958688519948705
"2850",191,"Ec_N",48,30,30,"Ec",30,1,0,1,1,1,0.958688519948705
"2851",191,"Ec_N",48,31,31,"Ec",32,1,1,1,1,1,1
"2852",191,"Ec_N",48,32,32,"Ec",32,1,1,1,1,1,1
"2853",191,"Ec_N",48,33,33,"Ec",32,1,1,1,1,1,1
"2854",191,"Ec_N",48,34,34,"Ec",32,1,1,1,1,1,1
"2855",191,"Ec_N",48,35,35,"Ec",32,1,1,1,1,1,1
"2856",191,"Ec_N",48,36,36,"Ec",32,1,1,1,1,1,1
"2857",191,"Ec_N",48,37,37,"Ec",32,1,1,1,1,1,1
"2858",191,"Ec_N",48,38,38,"Ec",32,1,1,1,1,1,1
"2859",191,"Ec_N",48,39,39,"Ec",32,1,1,1,1,1,1
"2860",191,"Ec_N",48,40,40,"Ec",32,1,1,1,1,1,1
"2861",191,"Ec_N",48,41,41,"Ec",32,1,1,1,1,1,1
"2862",191,"Ec_N",48,42,42,"Ec",32,1,1,1,1,1,1
"2863",191,"Ec_N",48,43,43,"Ec",32,1,1,1,1,1,1
"2864",191,"Ec_N",48,44,44,"Ec",32,1,1,1,1,1,1
"2865",191,"Ec_N",48,45,45,"Ec",32,1,1,1,1,1,1
"2866",191,"Ec_N",48,46,46,"Ec",32,1,1,1,1,1,1
"2867",191,"Ec_N",48,47,47,"Ec",32,1,1,1,1,1,1
"2868",191,"Ec_N",48,48,48,"Ec",32,1,1,1,1,1,1
"2869",191,"Ec_N",48,49,49,"Ec",32,1,1,1,1,1,1
"2870",191,"Ec_N",48,50,50,"Ec",32,1,1,1,1,1,1
"2871",191,"Ec_N",48,51,51,"Ec",32,1,1,1,1,1,1
"2872",191,"Ec_N",48,52,52,"Ec",32,1,1,1,1,1,1
"2873",191,"Ec_N",48,53,53,"Ec",32,1,1,1,1,1,1
"2874",191,"Ec_N",48,54,54,"Ec",32,1,1,1,1,1,1
"2875",191,"Ec_N",48,55,55,"Ec",32,1,1,1,1,1,1
"2876",191,"Ec_N",48,56,56,"Ec",32,1,1,1,1,1,1
"2877",191,"Ec_N",48,57,57,"Ec",32,1,1,1,1,1,1
"2878",191,"Ec_N",48,58,58,"Ec",32,1,1,1,1,1,1
"2879",191,"Ec_N",48,59,59,"Ec",32,1,1,1,1,1,1
"2880",191,"Ec_N",48,60,60,"Ec",32,1,1,1,1,1,1
"2881",191,"Ec_N",49,1,1,"Ec",1,0,0,0,0,0,0
"2882",191,"Ec_N",49,2,2,"Ec",1,0,0,0,0,0,0
"2883",191,"Ec_N",49,3,3,"Ec",1,0,0,0,0,0,0
"2884",191,"Ec_N",49,4,4,"Ec",1,0,0,0,0,0,0
"2885",191,"Ec_N",49,5,5,"Ec",5,0,0,1,0,0,0.49313446766664
"2886",191,"Ec_N",49,6,6,"Ec",7,0,1,1,0,0,0.589282297794007
"2887",191,"Ec_N",49,7,7,"Ec",7,0,1,1,0,0,0.589282297794007
"2888",191,"Ec_N",49,8,8,"Ec",7,0,1,1,0,0,0.589282297794007
"2889",191,"Ec_N",49,9,9,"Ec",7,0,1,1,0,0,0.589282297794007
"2890",191,"Ec_N",49,10,10,"Ec",7,0,1,1,0,0,0.589282297794007
"2891",191,"Ec_N",49,11,11,"Ec",7,0,1,1,0,0,0.589282297794007
"2892",191,"Ec_N",49,12,12,"Ec",7,0,1,1,0,0,0.589282297794007
"2893",191,"Ec_N",49,13,13,"Ec",7,0,1,1,0,0,0.589282297794007
"2894",191,"Ec_N",49,14,14,"Ec",7,0,1,1,0,0,0.589282297794007
"2895",191,"Ec_N",49,15,15,"Ec",7,0,1,1,0,0,0.589282297794007
"2896",191,"Ec_N",49,16,16,"Ec",23,0,1,1,0,1,0.616809062130864
"2897",191,"Ec_N",49,17,17,"Ec",23,0,1,1,0,1,0.616809062130864
"2898",191,"Ec_N",49,18,18,"Ec",23,0,1,1,0,1,0.616809062130864
"2899",191,"Ec_N",49,19,19,"Ec",23,0,1,1,0,1,0.616809062130864
"2900",191,"Ec_N",49,20,20,"Ec",23,0,1,1,0,1,0.616809062130864
"2901",191,"Ec_N",49,21,21,"Ec",21,0,0,1,0,1,0.726280938342543
"2902",191,"Ec_N",49,22,22,"Ec",21,0,0,1,0,1,0.726280938342543
"2903",191,"Ec_N",49,23,23,"Ec",21,0,0,1,0,1,0.726280938342543
"2904",191,"Ec_N",49,24,24,"Ec",21,0,0,1,0,1,0.726280938342543
"2905",191,"Ec_N",49,25,25,"Ec",21,0,0,1,0,1,0.726280938342543
"2906",191,"Ec_N",49,26,26,"Ec",21,0,0,1,0,1,0.726280938342543
"2907",191,"Ec_N",49,27,27,"Ec",21,0,0,1,0,1,0.726280938342543
"2908",191,"Ec_N",49,28,28,"Ec",21,0,0,1,0,1,0.726280938342543
"2909",191,"Ec_N",49,29,29,"Ec",21,0,0,1,0,1,0.726280938342543
"2910",191,"Ec_N",49,30,30,"Ec",21,0,0,1,0,1,0.726280938342543
"2911",191,"Ec_N",49,31,31,"Ec",21,0,0,1,0,1,0.726280938342543
"2912",191,"Ec_N",49,32,32,"Ec",21,0,0,1,0,1,0.726280938342543
"2913",191,"Ec_N",49,33,33,"Ec",21,0,0,1,0,1,0.726280938342543
"2914",191,"Ec_N",49,34,34,"Ec",21,0,0,1,0,1,0.726280938342543
"2915",191,"Ec_N",49,35,35,"Ec",21,0,0,1,0,1,0.726280938342543
"2916",191,"Ec_N",49,36,36,"Ec",21,0,0,1,0,1,0.726280938342543
"2917",191,"Ec_N",49,37,37,"Ec",21,0,0,1,0,1,0.726280938342543
"2918",191,"Ec_N",49,38,38,"Ec",21,0,0,1,0,1,0.726280938342543
"2919",191,"Ec_N",49,39,39,"Ec",22,1,0,1,0,1,0.92522428176681
"2920",191,"Ec_N",49,40,40,"Ec",22,1,0,1,0,1,0.92522428176681
"2921",191,"Ec_N",49,41,41,"Ec",22,1,0,1,0,1,0.92522428176681
"2922",191,"Ec_N",49,42,42,"Ec",22,1,0,1,0,1,0.92522428176681
"2923",191,"Ec_N",49,43,43,"Ec",22,1,0,1,0,1,0.92522428176681
"2924",191,"Ec_N",49,44,44,"Ec",22,1,0,1,0,1,0.92522428176681
"2925",191,"Ec_N",49,45,45,"Ec",22,1,0,1,0,1,0.92522428176681
"2926",191,"Ec_N",49,46,46,"Ec",22,1,0,1,0,1,0.92522428176681
"2927",191,"Ec_N",49,47,47,"Ec",22,1,0,1,0,1,0.92522428176681
"2928",191,"Ec_N",49,48,48,"Ec",30,1,0,1,1,1,0.958688519948705
"2929",191,"Ec_N",49,49,49,"Ec",30,1,0,1,1,1,0.958688519948705
"2930",191,"Ec_N",49,50,50,"Ec",30,1,0,1,1,1,0.958688519948705
"2931",191,"Ec_N",49,51,51,"Ec",30,1,0,1,1,1,0.958688519948705
"2932",191,"Ec_N",49,52,52,"Ec",30,1,0,1,1,1,0.958688519948705
"2933",191,"Ec_N",49,53,53,"Ec",30,1,0,1,1,1,0.958688519948705
"2934",191,"Ec_N",49,54,54,"Ec",30,1,0,1,1,1,0.958688519948705
"2935",191,"Ec_N",49,55,55,"Ec",30,1,0,1,1,1,0.958688519948705
"2936",191,"Ec_N",49,56,56,"Ec",30,1,0,1,1,1,0.958688519948705
"2937",191,"Ec_N",49,57,57,"Ec",30,1,0,1,1,1,0.958688519948705
"2938",191,"Ec_N",49,58,58,"Ec",30,1,0,1,1,1,0.958688519948705
"2939",191,"Ec_N",49,59,59,"Ec",30,1,0,1,1,1,0.958688519948705
"2940",191,"Ec_N",49,60,60,"Ec",30,1,0,1,1,1,0.958688519948705
"2941",191,"Ec_N",50,1,1,"Ec",1,0,0,0,0,0,0
"2942",191,"Ec_N",50,2,2,"Ec",1,0,0,0,0,0,0
"2943",191,"Ec_N",50,3,3,"Ec",1,0,0,0,0,0,0
"2944",191,"Ec_N",50,4,4,"Ec",1,0,0,0,0,0,0
"2945",191,"Ec_N",50,5,5,"Ec",1,0,0,0,0,0,0
"2946",191,"Ec_N",50,6,6,"Ec",1,0,0,0,0,0,0
"2947",191,"Ec_N",50,7,7,"Ec",17,0,0,0,0,1,0.229834113103391
"2948",191,"Ec_N",50,8,8,"Ec",17,0,0,0,0,1,0.229834113103391
"2949",191,"Ec_N",50,9,9,"Ec",19,0,1,0,0,1,0.427300415500348
"2950",191,"Ec_N",50,10,10,"Ec",19,0,1,0,0,1,0.427300415500348
"2951",191,"Ec_N",50,11,11,"Ec",19,0,1,0,0,1,0.427300415500348
"2952",191,"Ec_N",50,12,12,"Ec",19,0,1,0,0,1,0.427300415500348
"2953",191,"Ec_N",50,13,13,"Ec",19,0,1,0,0,1,0.427300415500348
"2954",191,"Ec_N",50,14,14,"Ec",20,1,1,0,0,1,0.610298755308086
"2955",191,"Ec_N",50,15,15,"Ec",20,1,1,0,0,1,0.610298755308086
"2956",191,"Ec_N",50,16,16,"Ec",20,1,1,0,0,1,0.610298755308086
"2957",191,"Ec_N",50,17,17,"Ec",20,1,1,0,0,1,0.610298755308086
"2958",191,"Ec_N",50,18,18,"Ec",20,1,1,0,0,1,0.610298755308086
"2959",191,"Ec_N",50,19,19,"Ec",20,1,1,0,0,1,0.610298755308086
"2960",191,"Ec_N",50,20,20,"Ec",20,1,1,0,0,1,0.610298755308086
"2961",191,"Ec_N",50,21,21,"Ec",20,1,1,0,0,1,0.610298755308086
"2962",191,"Ec_N",50,22,22,"Ec",20,1,1,0,0,1,0.610298755308086
"2963",191,"Ec_N",50,23,23,"Ec",20,1,1,0,0,1,0.610298755308086
"2964",191,"Ec_N",50,24,24,"Ec",28,1,1,0,1,1,0.681047421119041
"2965",191,"Ec_N",50,25,25,"Ec",28,1,1,0,1,1,0.681047421119041
"2966",191,"Ec_N",50,26,26,"Ec",28,1,1,0,1,1,0.681047421119041
"2967",191,"Ec_N",50,27,27,"Ec",28,1,1,0,1,1,0.681047421119041
"2968",191,"Ec_N",50,28,28,"Ec",28,1,1,0,1,1,0.681047421119041
"2969",191,"Ec_N",50,29,29,"Ec",28,1,1,0,1,1,0.681047421119041
"2970",191,"Ec_N",50,30,30,"Ec",28,1,1,0,1,1,0.681047421119041
"2971",191,"Ec_N",50,31,31,"Ec",28,1,1,0,1,1,0.681047421119041
"2972",191,"Ec_N",50,32,32,"Ec",28,1,1,0,1,1,0.681047421119041
"2973",191,"Ec_N",50,33,33,"Ec",28,1,1,0,1,1,0.681047421119041
"2974",191,"Ec_N",50,34,34,"Ec",28,1,1,0,1,1,0.681047421119041
"2975",191,"Ec_N",50,35,35,"Ec",28,1,1,0,1,1,0.681047421119041
"2976",191,"Ec_N",50,36,36,"Ec",28,1,1,0,1,1,0.681047421119041
"2977",191,"Ec_N",50,37,37,"Ec",28,1,1,0,1,1,0.681047421119041
"2978",191,"Ec_N",50,38,38,"Ec",28,1,1,0,1,1,0.681047421119041
"2979",191,"Ec_N",50,39,39,"Ec",28,1,1,0,1,1,0.681047421119041
"2980",191,"Ec_N",50,40,40,"Ec",32,1,1,1,1,1,1
"2981",191,"Ec_N",50,41,41,"Ec",32,1,1,1,1,1,1
"2982",191,"Ec_N",50,42,42,"Ec",32,1,1,1,1,1,1
"2983",191,"Ec_N",50,43,43,"Ec",32,1,1,1,1,1,1
"2984",191,"Ec_N",50,44,44,"Ec",32,1,1,1,1,1,1
"2985",191,"Ec_N",50,45,45,"Ec",32,1,1,1,1,1,1
"2986",191,"Ec_N",50,46,46,"Ec",32,1,1,1,1,1,1
"2987",191,"Ec_N",50,47,47,"Ec",32,1,1,1,1,1,1
"2988",191,"Ec_N",50,48,48,"Ec",32,1,1,1,1,1,1
"2989",191,"Ec_N",50,49,49,"Ec",32,1,1,1,1,1,1
"2990",191,"Ec_N",50,50,50,"Ec",32,1,1,1,1,1,1
"2991",191,"Ec_N",50,51,51,"Ec",32,1,1,1,1,1,1
"2992",191,"Ec_N",50,52,52,"Ec",32,1,1,1,1,1,1
"2993",191,"Ec_N",50,53,53,"Ec",32,1,1,1,1,1,1
"2994",191,"Ec_N",50,54,54,"Ec",32,1,1,1,1,1,1
"2995",191,"Ec_N",50,55,55,"Ec",32,1,1,1,1,1,1
"2996",191,"Ec_N",50,56,56,"Ec",32,1,1,1,1,1,1
"2997",191,"Ec_N",50,57,57,"Ec",32,1,1,1,1,1,1
"2998",191,"Ec_N",50,58,58,"Ec",32,1,1,1,1,1,1
"2999",191,"Ec_N",50,59,59,"Ec",32,1,1,1,1,1,1
"3000",191,"Ec_N",50,60,60,"Ec",32,1,1,1,1,1,1
"3001",191,"Ec_N",51,1,1,"Ec",1,0,0,0,0,0,0
"3002",191,"Ec_N",51,2,2,"Ec",1,0,0,0,0,0,0
"3003",191,"Ec_N",51,3,3,"Ec",1,0,0,0,0,0,0
"3004",191,"Ec_N",51,4,4,"Ec",1,0,0,0,0,0,0
"3005",191,"Ec_N",51,5,5,"Ec",1,0,0,0,0,0,0
"3006",191,"Ec_N",51,6,6,"Ec",1,0,0,0,0,0,0
"3007",191,"Ec_N",51,7,7,"Ec",17,0,0,0,0,1,0.229834113103391
"3008",191,"Ec_N",51,8,8,"Ec",17,0,0,0,0,1,0.229834113103391
"3009",191,"Ec_N",51,9,9,"Ec",21,0,0,1,0,1,0.726280938342543
"3010",191,"Ec_N",51,10,10,"Ec",21,0,0,1,0,1,0.726280938342543
"3011",191,"Ec_N",51,11,11,"Ec",21,0,0,1,0,1,0.726280938342543
"3012",191,"Ec_N",51,12,12,"Ec",21,0,0,1,0,1,0.726280938342543
"3013",191,"Ec_N",51,13,13,"Ec",21,0,0,1,0,1,0.726280938342543
"3014",191,"Ec_N",51,14,14,"Ec",21,0,0,1,0,1,0.726280938342543
"3015",191,"Ec_N",51,15,15,"Ec",21,0,0,1,0,1,0.726280938342543
"3016",191,"Ec_N",51,16,16,"Ec",21,0,0,1,0,1,0.726280938342543
"3017",191,"Ec_N",51,17,17,"Ec",21,0,0,1,0,1,0.726280938342543
"3018",191,"Ec_N",51,18,18,"Ec",21,0,0,1,0,1,0.726280938342543
"3019",191,"Ec_N",51,19,19,"Ec",21,0,0,1,0,1,0.726280938342543
"3020",191,"Ec_N",51,20,20,"Ec",21,0,0,1,0,1,0.726280938342543
"3021",191,"Ec_N",51,21,21,"Ec",21,0,0,1,0,1,0.726280938342543
"3022",191,"Ec_N",51,22,22,"Ec",21,0,0,1,0,1,0.726280938342543
"3023",191,"Ec_N",51,23,23,"Ec",21,0,0,1,0,1,0.726280938342543
"3024",191,"Ec_N",51,24,24,"Ec",21,0,0,1,0,1,0.726280938342543
"3025",191,"Ec_N",51,25,25,"Ec",21,0,0,1,0,1,0.726280938342543
"3026",191,"Ec_N",51,26,26,"Ec",29,0,0,1,1,1,0.760668149402769
"3027",191,"Ec_N",51,27,27,"Ec",29,0,0,1,1,1,0.760668149402769
"3028",191,"Ec_N",51,28,28,"Ec",29,0,0,1,1,1,0.760668149402769
"3029",191,"Ec_N",51,29,29,"Ec",29,0,0,1,1,1,0.760668149402769
"3030",191,"Ec_N",51,30,30,"Ec",29,0,0,1,1,1,0.760668149402769
"3031",191,"Ec_N",51,31,31,"Ec",29,0,0,1,1,1,0.760668149402769
"3032",191,"Ec_N",51,32,32,"Ec",29,0,0,1,1,1,0.760668149402769
"3033",191,"Ec_N",51,33,33,"Ec",29,0,0,1,1,1,0.760668149402769
"3034",191,"Ec_N",51,34,34,"Ec",29,0,0,1,1,1,0.760668149402769
"3035",191,"Ec_N",51,35,35,"Ec",29,0,0,1,1,1,0.760668149402769
"3036",191,"Ec_N",51,36,36,"Ec",29,0,0,1,1,1,0.760668149402769
"3037",191,"Ec_N",51,37,37,"Ec",29,0,0,1,1,1,0.760668149402769
"3038",191,"Ec_N",51,38,38,"Ec",29,0,0,1,1,1,0.760668149402769
"3039",191,"Ec_N",51,39,39,"Ec",31,0,1,1,1,1,0.801979629454064
"3040",191,"Ec_N",51,40,40,"Ec",31,0,1,1,1,1,0.801979629454064
"3041",191,"Ec_N",51,41,41,"Ec",31,0,1,1,1,1,0.801979629454064
"3042",191,"Ec_N",51,42,42,"Ec",31,0,1,1,1,1,0.801979629454064
"3043",191,"Ec_N",51,43,43,"Ec",31,0,1,1,1,1,0.801979629454064
"3044",191,"Ec_N",51,44,44,"Ec",31,0,1,1,1,1,0.801979629454064
"3045",191,"Ec_N",51,45,45,"Ec",31,0,1,1,1,1,0.801979629454064
"3046",191,"Ec_N",51,46,46,"Ec",31,0,1,1,1,1,0.801979629454064
"3047",191,"Ec_N",51,47,47,"Ec",31,0,1,1,1,1,0.801979629454064
"3048",191,"Ec_N",51,48,48,"Ec",31,0,1,1,1,1,0.801979629454064
"3049",191,"Ec_N",51,49,49,"Ec",31,0,1,1,1,1,0.801979629454064
"3050",191,"Ec_N",51,50,50,"Ec",31,0,1,1,1,1,0.801979629454064
"3051",191,"Ec_N",51,51,51,"Ec",31,0,1,1,1,1,0.801979629454064
"3052",191,"Ec_N",51,52,52,"Ec",31,0,1,1,1,1,0.801979629454064
"3053",191,"Ec_N",51,53,53,"Ec",31,0,1,1,1,1,0.801979629454064
"3054",191,"Ec_N",51,54,54,"Ec",31,0,1,1,1,1,0.801979629454064
"3055",191,"Ec_N",51,55,55,"Ec",31,0,1,1,1,1,0.801979629454064
"3056",191,"Ec_N",51,56,56,"Ec",31,0,1,1,1,1,0.801979629454064
"3057",191,"Ec_N",51,57,57,"Ec",31,0,1,1,1,1,0.801979629454064
"3058",191,"Ec_N",51,58,58,"Ec",31,0,1,1,1,1,0.801979629454064
"3059",191,"Ec_N",51,59,59,"Ec",31,0,1,1,1,1,0.801979629454064
"3060",191,"Ec_N",51,60,60,"Ec",31,0,1,1,1,1,0.801979629454064
"3061",191,"Ec_N",52,1,1,"Ec",1,0,0,0,0,0,0
"3062",191,"Ec_N",52,2,2,"Ec",1,0,0,0,0,0,0
"3063",191,"Ec_N",52,3,3,"Ec",1,0,0,0,0,0,0
"3064",191,"Ec_N",52,4,4,"Ec",1,0,0,0,0,0,0
"3065",191,"Ec_N",52,5,5,"Ec",2,1,0,0,0,0,0.198020370545937
"3066",191,"Ec_N",52,6,6,"Ec",10,1,0,0,1,0,0.228562363617893
"3067",191,"Ec_N",52,7,7,"Ec",10,1,0,0,1,0,0.228562363617893
"3068",191,"Ec_N",52,8,8,"Ec",10,1,0,0,1,0,0.228562363617893
"3069",191,"Ec_N",52,9,9,"Ec",10,1,0,0,1,0,0.228562363617893
"3070",191,"Ec_N",52,10,10,"Ec",10,1,0,0,1,0,0.228562363617893
"3071",191,"Ec_N",52,11,11,"Ec",10,1,0,0,1,0,0.228562363617893
"3072",191,"Ec_N",52,12,12,"Ec",10,1,0,0,1,0,0.228562363617893
"3073",191,"Ec_N",52,13,13,"Ec",10,1,0,0,1,0,0.228562363617893
"3074",191,"Ec_N",52,14,14,"Ec",14,1,0,1,1,0,0.746777083195453
"3075",191,"Ec_N",52,15,15,"Ec",14,1,0,1,1,0,0.746777083195453
"3076",191,"Ec_N",52,16,16,"Ec",14,1,0,1,1,0,0.746777083195453
"3077",191,"Ec_N",52,17,17,"Ec",14,1,0,1,1,0,0.746777083195453
"3078",191,"Ec_N",52,18,18,"Ec",14,1,0,1,1,0,0.746777083195453
"3079",191,"Ec_N",52,19,19,"Ec",14,1,0,1,1,0,0.746777083195453
"3080",191,"Ec_N",52,20,20,"Ec",14,1,0,1,1,0,0.746777083195453
"3081",191,"Ec_N",52,21,21,"Ec",14,1,0,1,1,0,0.746777083195453
"3082",191,"Ec_N",52,22,22,"Ec",14,1,0,1,1,0,0.746777083195453
"3083",191,"Ec_N",52,23,23,"Ec",14,1,0,1,1,0,0.746777083195453
"3084",191,"Ec_N",52,24,24,"Ec",14,1,0,1,1,0,0.746777083195453
"3085",191,"Ec_N",52,25,25,"Ec",14,1,0,1,1,0,0.746777083195453
"3086",191,"Ec_N",52,26,26,"Ec",14,1,0,1,1,0,0.746777083195453
"3087",191,"Ec_N",52,27,27,"Ec",14,1,0,1,1,0,0.746777083195453
"3088",191,"Ec_N",52,28,28,"Ec",14,1,0,1,1,0,0.746777083195453
"3089",191,"Ec_N",52,29,29,"Ec",14,1,0,1,1,0,0.746777083195453
"3090",191,"Ec_N",52,30,30,"Ec",14,1,0,1,1,0,0.746777083195453
"3091",191,"Ec_N",52,31,31,"Ec",14,1,0,1,1,0,0.746777083195453
"3092",191,"Ec_N",52,32,32,"Ec",14,1,0,1,1,0,0.746777083195453
"3093",191,"Ec_N",52,33,33,"Ec",14,1,0,1,1,0,0.746777083195453
"3094",191,"Ec_N",52,34,34,"Ec",14,1,0,1,1,0,0.746777083195453
"3095",191,"Ec_N",52,35,35,"Ec",14,1,0,1,1,0,0.746777083195453
"3096",191,"Ec_N",52,36,36,"Ec",14,1,0,1,1,0,0.746777083195453
"3097",191,"Ec_N",52,37,37,"Ec",14,1,0,1,1,0,0.746777083195453
"3098",191,"Ec_N",52,38,38,"Ec",14,1,0,1,1,0,0.746777083195453
"3099",191,"Ec_N",52,39,39,"Ec",14,1,0,1,1,0,0.746777083195453
"3100",191,"Ec_N",52,40,40,"Ec",14,1,0,1,1,0,0.746777083195453
"3101",191,"Ec_N",52,41,41,"Ec",14,1,0,1,1,0,0.746777083195453
"3102",191,"Ec_N",52,42,42,"Ec",14,1,0,1,1,0,0.746777083195453
"3103",191,"Ec_N",52,43,43,"Ec",14,1,0,1,1,0,0.746777083195453
"3104",191,"Ec_N",52,44,44,"Ec",14,1,0,1,1,0,0.746777083195453
"3105",191,"Ec_N",52,45,45,"Ec",14,1,0,1,1,0,0.746777083195453
"3106",191,"Ec_N",52,46,46,"Ec",14,1,0,1,1,0,0.746777083195453
"3107",191,"Ec_N",52,47,47,"Ec",14,1,0,1,1,0,0.746777083195453
"3108",191,"Ec_N",52,48,48,"Ec",14,1,0,1,1,0,0.746777083195453
"3109",191,"Ec_N",52,49,49,"Ec",30,1,0,1,1,1,0.958688519948705
"3110",191,"Ec_N",52,50,50,"Ec",30,1,0,1,1,1,0.958688519948705
"3111",191,"Ec_N",52,51,51,"Ec",30,1,0,1,1,1,0.958688519948705
"3112",191,"Ec_N",52,52,52,"Ec",30,1,0,1,1,1,0.958688519948705
"3113",191,"Ec_N",52,53,53,"Ec",30,1,0,1,1,1,0.958688519948705
"3114",191,"Ec_N",52,54,54,"Ec",30,1,0,1,1,1,0.958688519948705
"3115",191,"Ec_N",52,55,55,"Ec",30,1,0,1,1,1,0.958688519948705
"3116",191,"Ec_N",52,56,56,"Ec",30,1,0,1,1,1,0.958688519948705
"3117",191,"Ec_N",52,57,57,"Ec",30,1,0,1,1,1,0.958688519948705
"3118",191,"Ec_N",52,58,58,"Ec",30,1,0,1,1,1,0.958688519948705
"3119",191,"Ec_N",52,59,59,"Ec",30,1,0,1,1,1,0.958688519948705
"3120",191,"Ec_N",52,60,60,"Ec",30,1,0,1,1,1,0.958688519948705
"3121",191,"Ec_N",53,1,1,"Ec",1,0,0,0,0,0,0
"3122",191,"Ec_N",53,2,2,"Ec",5,0,0,1,0,0,0.49313446766664
"3123",191,"Ec_N",53,3,3,"Ec",5,0,0,1,0,0,0.49313446766664
"3124",191,"Ec_N",53,4,4,"Ec",5,0,0,1,0,0,0.49313446766664
"3125",191,"Ec_N",53,5,5,"Ec",5,0,0,1,0,0,0.49313446766664
"3126",191,"Ec_N",53,6,6,"Ec",5,0,0,1,0,0,0.49313446766664
"3127",191,"Ec_N",53,7,7,"Ec",5,0,0,1,0,0,0.49313446766664
"3128",191,"Ec_N",53,8,8,"Ec",5,0,0,1,0,0,0.49313446766664
"3129",191,"Ec_N",53,9,9,"Ec",5,0,0,1,0,0,0.49313446766664
"3130",191,"Ec_N",53,10,10,"Ec",5,0,0,1,0,0,0.49313446766664
"3131",191,"Ec_N",53,11,11,"Ec",5,0,0,1,0,0,0.49313446766664
"3132",191,"Ec_N",53,12,12,"Ec",5,0,0,1,0,0,0.49313446766664
"3133",191,"Ec_N",53,13,13,"Ec",5,0,0,1,0,0,0.49313446766664
"3134",191,"Ec_N",53,14,14,"Ec",5,0,0,1,0,0,0.49313446766664
"3135",191,"Ec_N",53,15,15,"Ec",5,0,0,1,0,0,0.49313446766664
"3136",191,"Ec_N",53,16,16,"Ec",5,0,0,1,0,0,0.49313446766664
"3137",191,"Ec_N",53,17,17,"Ec",5,0,0,1,0,0,0.49313446766664
"3138",191,"Ec_N",53,18,18,"Ec",5,0,0,1,0,0,0.49313446766664
"3139",191,"Ec_N",53,19,19,"Ec",5,0,0,1,0,0,0.49313446766664
"3140",191,"Ec_N",53,20,20,"Ec",5,0,0,1,0,0,0.49313446766664
"3141",191,"Ec_N",53,21,21,"Ec",5,0,0,1,0,0,0.49313446766664
"3142",191,"Ec_N",53,22,22,"Ec",5,0,0,1,0,0,0.49313446766664
"3143",191,"Ec_N",53,23,23,"Ec",21,0,0,1,0,1,0.726280938342543
"3144",191,"Ec_N",53,24,24,"Ec",21,0,0,1,0,1,0.726280938342543
"3145",191,"Ec_N",53,25,25,"Ec",21,0,0,1,0,1,0.726280938342543
"3146",191,"Ec_N",53,26,26,"Ec",21,0,0,1,0,1,0.726280938342543
"3147",191,"Ec_N",53,27,27,"Ec",21,0,0,1,0,1,0.726280938342543
"3148",191,"Ec_N",53,28,28,"Ec",21,0,0,1,0,1,0.726280938342543
"3149",191,"Ec_N",53,29,29,"Ec",21,0,0,1,0,1,0.726280938342543
"3150",191,"Ec_N",53,30,30,"Ec",21,0,0,1,0,1,0.726280938342543
"3151",191,"Ec_N",53,31,31,"Ec",21,0,0,1,0,1,0.726280938342543
"3152",191,"Ec_N",53,32,32,"Ec",21,0,0,1,0,1,0.726280938342543
"3153",191,"Ec_N",53,33,33,"Ec",21,0,0,1,0,1,0.726280938342543
"3154",191,"Ec_N",53,34,34,"Ec",21,0,0,1,0,1,0.726280938342543
"3155",191,"Ec_N",53,35,35,"Ec",21,0,0,1,0,1,0.726280938342543
"3156",191,"Ec_N",53,36,36,"Ec",21,0,0,1,0,1,0.726280938342543
"3157",191,"Ec_N",53,37,37,"Ec",21,0,0,1,0,1,0.726280938342543
"3158",191,"Ec_N",53,38,38,"Ec",22,1,0,1,0,1,0.92522428176681
"3159",191,"Ec_N",53,39,39,"Ec",22,1,0,1,0,1,0.92522428176681
"3160",191,"Ec_N",53,40,40,"Ec",22,1,0,1,0,1,0.92522428176681
"3161",191,"Ec_N",53,41,41,"Ec",22,1,0,1,0,1,0.92522428176681
"3162",191,"Ec_N",53,42,42,"Ec",24,1,1,1,0,1,0.969458006928044
"3163",191,"Ec_N",53,43,43,"Ec",24,1,1,1,0,1,0.969458006928044
"3164",191,"Ec_N",53,44,44,"Ec",24,1,1,1,0,1,0.969458006928044
"3165",191,"Ec_N",53,45,45,"Ec",24,1,1,1,0,1,0.969458006928044
"3166",191,"Ec_N",53,46,46,"Ec",24,1,1,1,0,1,0.969458006928044
"3167",191,"Ec_N",53,47,47,"Ec",24,1,1,1,0,1,0.969458006928044
"3168",191,"Ec_N",53,48,48,"Ec",24,1,1,1,0,1,0.969458006928044
"3169",191,"Ec_N",53,49,49,"Ec",24,1,1,1,0,1,0.969458006928044
"3170",191,"Ec_N",53,50,50,"Ec",24,1,1,1,0,1,0.969458006928044
"3171",191,"Ec_N",53,51,51,"Ec",24,1,1,1,0,1,0.969458006928044
"3172",191,"Ec_N",53,52,52,"Ec",24,1,1,1,0,1,0.969458006928044
"3173",191,"Ec_N",53,53,53,"Ec",24,1,1,1,0,1,0.969458006928044
"3174",191,"Ec_N",53,54,54,"Ec",24,1,1,1,0,1,0.969458006928044
"3175",191,"Ec_N",53,55,55,"Ec",24,1,1,1,0,1,0.969458006928044
"3176",191,"Ec_N",53,56,56,"Ec",24,1,1,1,0,1,0.969458006928044
"3177",191,"Ec_N",53,57,57,"Ec",24,1,1,1,0,1,0.969458006928044
"3178",191,"Ec_N",53,58,58,"Ec",24,1,1,1,0,1,0.969458006928044
"3179",191,"Ec_N",53,59,59,"Ec",24,1,1,1,0,1,0.969458006928044
"3180",191,"Ec_N",53,60,60,"Ec",24,1,1,1,0,1,0.969458006928044
"3181",191,"Ec_N",54,1,1,"Ec",1,0,0,0,0,0,0
"3182",191,"Ec_N",54,2,2,"Ec",1,0,0,0,0,0,0
"3183",191,"Ec_N",54,3,3,"Ec",1,0,0,0,0,0,0
"3184",191,"Ec_N",54,4,4,"Ec",1,0,0,0,0,0,0
"3185",191,"Ec_N",54,5,5,"Ec",17,0,0,0,0,1,0.229834113103391
"3186",191,"Ec_N",54,6,6,"Ec",17,0,0,0,0,1,0.229834113103391
"3187",191,"Ec_N",54,7,7,"Ec",17,0,0,0,0,1,0.229834113103391
"3188",191,"Ec_N",54,8,8,"Ec",17,0,0,0,0,1,0.229834113103391
"3189",191,"Ec_N",54,9,9,"Ec",17,0,0,0,0,1,0.229834113103391
"3190",191,"Ec_N",54,10,10,"Ec",17,0,0,0,0,1,0.229834113103391
"3191",191,"Ec_N",54,11,11,"Ec",17,0,0,0,0,1,0.229834113103391
"3192",191,"Ec_N",54,12,12,"Ec",17,0,0,0,0,1,0.229834113103391
"3193",191,"Ec_N",54,13,13,"Ec",17,0,0,0,0,1,0.229834113103391
"3194",191,"Ec_N",54,14,14,"Ec",17,0,0,0,0,1,0.229834113103391
"3195",191,"Ec_N",54,15,15,"Ec",17,0,0,0,0,1,0.229834113103391
"3196",191,"Ec_N",54,16,16,"Ec",17,0,0,0,0,1,0.229834113103391
"3197",191,"Ec_N",54,17,17,"Ec",17,0,0,0,0,1,0.229834113103391
"3198",191,"Ec_N",54,18,18,"Ec",17,0,0,0,0,1,0.229834113103391
"3199",191,"Ec_N",54,19,19,"Ec",17,0,0,0,0,1,0.229834113103391
"3200",191,"Ec_N",54,20,20,"Ec",17,0,0,0,0,1,0.229834113103391
"3201",191,"Ec_N",54,21,21,"Ec",17,0,0,0,0,1,0.229834113103391
"3202",191,"Ec_N",54,22,22,"Ec",17,0,0,0,0,1,0.229834113103391
"3203",191,"Ec_N",54,23,23,"Ec",17,0,0,0,0,1,0.229834113103391
"3204",191,"Ec_N",54,24,24,"Ec",17,0,0,0,0,1,0.229834113103391
"3205",191,"Ec_N",54,25,25,"Ec",17,0,0,0,0,1,0.229834113103391
"3206",191,"Ec_N",54,26,26,"Ec",17,0,0,0,0,1,0.229834113103391
"3207",191,"Ec_N",54,27,27,"Ec",17,0,0,0,0,1,0.229834113103391
"3208",191,"Ec_N",54,28,28,"Ec",17,0,0,0,0,1,0.229834113103391
"3209",191,"Ec_N",54,29,29,"Ec",17,0,0,0,0,1,0.229834113103391
"3210",191,"Ec_N",54,30,30,"Ec",17,0,0,0,0,1,0.229834113103391
"3211",191,"Ec_N",54,31,31,"Ec",17,0,0,0,0,1,0.229834113103391
"3212",191,"Ec_N",54,32,32,"Ec",17,0,0,0,0,1,0.229834113103391
"3213",191,"Ec_N",54,33,33,"Ec",17,0,0,0,0,1,0.229834113103391
"3214",191,"Ec_N",54,34,34,"Ec",17,0,0,0,0,1,0.229834113103391
"3215",191,"Ec_N",54,35,35,"Ec",25,0,0,0,1,1,0.403163568932085
"3216",191,"Ec_N",54,36,36,"Ec",25,0,0,0,1,1,0.403163568932085
"3217",191,"Ec_N",54,37,37,"Ec",25,0,0,0,1,1,0.403163568932085
"3218",191,"Ec_N",54,38,38,"Ec",25,0,0,0,1,1,0.403163568932085
"3219",191,"Ec_N",54,39,39,"Ec",29,0,0,1,1,1,0.760668149402769
"3220",191,"Ec_N",54,40,40,"Ec",30,1,0,1,1,1,0.958688519948705
"3221",191,"Ec_N",54,41,41,"Ec",30,1,0,1,1,1,0.958688519948705
"3222",191,"Ec_N",54,42,42,"Ec",30,1,0,1,1,1,0.958688519948705
"3223",191,"Ec_N",54,43,43,"Ec",30,1,0,1,1,1,0.958688519948705
"3224",191,"Ec_N",54,44,44,"Ec",30,1,0,1,1,1,0.958688519948705
"3225",191,"Ec_N",54,45,45,"Ec",30,1,0,1,1,1,0.958688519948705
"3226",191,"Ec_N",54,46,46,"Ec",30,1,0,1,1,1,0.958688519948705
"3227",191,"Ec_N",54,47,47,"Ec",30,1,0,1,1,1,0.958688519948705
"3228",191,"Ec_N",54,48,48,"Ec",30,1,0,1,1,1,0.958688519948705
"3229",191,"Ec_N",54,49,49,"Ec",30,1,0,1,1,1,0.958688519948705
"3230",191,"Ec_N",54,50,50,"Ec",30,1,0,1,1,1,0.958688519948705
"3231",191,"Ec_N",54,51,51,"Ec",30,1,0,1,1,1,0.958688519948705
"3232",191,"Ec_N",54,52,52,"Ec",30,1,0,1,1,1,0.958688519948705
"3233",191,"Ec_N",54,53,53,"Ec",30,1,0,1,1,1,0.958688519948705
"3234",191,"Ec_N",54,54,54,"Ec",30,1,0,1,1,1,0.958688519948705
"3235",191,"Ec_N",54,55,55,"Ec",30,1,0,1,1,1,0.958688519948705
"3236",191,"Ec_N",54,56,56,"Ec",30,1,0,1,1,1,0.958688519948705
"3237",191,"Ec_N",54,57,57,"Ec",30,1,0,1,1,1,0.958688519948705
"3238",191,"Ec_N",54,58,58,"Ec",30,1,0,1,1,1,0.958688519948705
"3239",191,"Ec_N",54,59,59,"Ec",30,1,0,1,1,1,0.958688519948705
"3240",191,"Ec_N",54,60,60,"Ec",30,1,0,1,1,1,0.958688519948705
"3241",191,"Ec_N",55,1,1,"Ec",1,0,0,0,0,0,0
"3242",191,"Ec_N",55,2,2,"Ec",1,0,0,0,0,0,0
"3243",191,"Ec_N",55,3,3,"Ec",17,0,0,0,0,1,0.229834113103391
"3244",191,"Ec_N",55,4,4,"Ec",17,0,0,0,0,1,0.229834113103391
"3245",191,"Ec_N",55,5,5,"Ec",17,0,0,0,0,1,0.229834113103391
"3246",191,"Ec_N",55,6,6,"Ec",17,0,0,0,0,1,0.229834113103391
"3247",191,"Ec_N",55,7,7,"Ec",17,0,0,0,0,1,0.229834113103391
"3248",191,"Ec_N",55,8,8,"Ec",17,0,0,0,0,1,0.229834113103391
"3249",191,"Ec_N",55,9,9,"Ec",17,0,0,0,0,1,0.229834113103391
"3250",191,"Ec_N",55,10,10,"Ec",18,1,0,0,0,1,0.646504780524047
"3251",191,"Ec_N",55,11,11,"Ec",18,1,0,0,0,1,0.646504780524047
"3252",191,"Ec_N",55,12,12,"Ec",18,1,0,0,0,1,0.646504780524047
"3253",191,"Ec_N",55,13,13,"Ec",18,1,0,0,0,1,0.646504780524047
"3254",191,"Ec_N",55,14,14,"Ec",18,1,0,0,0,1,0.646504780524047
"3255",191,"Ec_N",55,15,15,"Ec",18,1,0,0,0,1,0.646504780524047
"3256",191,"Ec_N",55,16,16,"Ec",18,1,0,0,0,1,0.646504780524047
"3257",191,"Ec_N",55,17,17,"Ec",18,1,0,0,0,1,0.646504780524047
"3258",191,"Ec_N",55,18,18,"Ec",18,1,0,0,0,1,0.646504780524047
"3259",191,"Ec_N",55,19,19,"Ec",18,1,0,0,0,1,0.646504780524047
"3260",191,"Ec_N",55,20,20,"Ec",18,1,0,0,0,1,0.646504780524047
"3261",191,"Ec_N",55,21,21,"Ec",18,1,0,0,0,1,0.646504780524047
"3262",191,"Ec_N",55,22,22,"Ec",18,1,0,0,0,1,0.646504780524047
"3263",191,"Ec_N",55,23,23,"Ec",18,1,0,0,0,1,0.646504780524047
"3264",191,"Ec_N",55,24,24,"Ec",18,1,0,0,0,1,0.646504780524047
"3265",191,"Ec_N",55,25,25,"Ec",18,1,0,0,0,1,0.646504780524047
"3266",191,"Ec_N",55,26,26,"Ec",18,1,0,0,0,1,0.646504780524047
"3267",191,"Ec_N",55,27,27,"Ec",18,1,0,0,0,1,0.646504780524047
"3268",191,"Ec_N",55,28,28,"Ec",18,1,0,0,0,1,0.646504780524047
"3269",191,"Ec_N",55,29,29,"Ec",18,1,0,0,0,1,0.646504780524047
"3270",191,"Ec_N",55,30,30,"Ec",22,1,0,1,0,1,0.92522428176681
"3271",191,"Ec_N",55,31,31,"Ec",22,1,0,1,0,1,0.92522428176681
"3272",191,"Ec_N",55,32,32,"Ec",22,1,0,1,0,1,0.92522428176681
"3273",191,"Ec_N",55,33,33,"Ec",22,1,0,1,0,1,0.92522428176681
"3274",191,"Ec_N",55,34,34,"Ec",22,1,0,1,0,1,0.92522428176681
"3275",191,"Ec_N",55,35,35,"Ec",22,1,0,1,0,1,0.92522428176681
"3276",191,"Ec_N",55,36,36,"Ec",22,1,0,1,0,1,0.92522428176681
"3277",191,"Ec_N",55,37,37,"Ec",22,1,0,1,0,1,0.92522428176681
"3278",191,"Ec_N",55,38,38,"Ec",22,1,0,1,0,1,0.92522428176681
"3279",191,"Ec_N",55,39,39,"Ec",22,1,0,1,0,1,0.92522428176681
"3280",191,"Ec_N",55,40,40,"Ec",22,1,0,1,0,1,0.92522428176681
"3281",191,"Ec_N",55,41,41,"Ec",24,1,1,1,0,1,0.969458006928044
"3282",191,"Ec_N",55,42,42,"Ec",32,1,1,1,1,1,1
"3283",191,"Ec_N",55,43,43,"Ec",32,1,1,1,1,1,1
"3284",191,"Ec_N",55,44,44,"Ec",32,1,1,1,1,1,1
"3285",191,"Ec_N",55,45,45,"Ec",32,1,1,1,1,1,1
"3286",191,"Ec_N",55,46,46,"Ec",32,1,1,1,1,1,1
"3287",191,"Ec_N",55,47,47,"Ec",32,1,1,1,1,1,1
"3288",191,"Ec_N",55,48,48,"Ec",32,1,1,1,1,1,1
"3289",191,"Ec_N",55,49,49,"Ec",32,1,1,1,1,1,1
"3290",191,"Ec_N",55,50,50,"Ec",32,1,1,1,1,1,1
"3291",191,"Ec_N",55,51,51,"Ec",32,1,1,1,1,1,1
"3292",191,"Ec_N",55,52,52,"Ec",32,1,1,1,1,1,1
"3293",191,"Ec_N",55,53,53,"Ec",32,1,1,1,1,1,1
"3294",191,"Ec_N",55,54,54,"Ec",32,1,1,1,1,1,1
"3295",191,"Ec_N",55,55,55,"Ec",32,1,1,1,1,1,1
"3296",191,"Ec_N",55,56,56,"Ec",32,1,1,1,1,1,1
"3297",191,"Ec_N",55,57,57,"Ec",32,1,1,1,1,1,1
"3298",191,"Ec_N",55,58,58,"Ec",32,1,1,1,1,1,1
"3299",191,"Ec_N",55,59,59,"Ec",32,1,1,1,1,1,1
"3300",191,"Ec_N",55,60,60,"Ec",32,1,1,1,1,1,1
"3301",191,"Ec_N",56,1,1,"Ec",1,0,0,0,0,0,0
"3302",191,"Ec_N",56,2,2,"Ec",5,0,0,1,0,0,0.49313446766664
"3303",191,"Ec_N",56,3,3,"Ec",5,0,0,1,0,0,0.49313446766664
"3304",191,"Ec_N",56,4,4,"Ec",5,0,0,1,0,0,0.49313446766664
"3305",191,"Ec_N",56,5,5,"Ec",21,0,0,1,0,1,0.726280938342543
"3306",191,"Ec_N",56,6,6,"Ec",21,0,0,1,0,1,0.726280938342543
"3307",191,"Ec_N",56,7,7,"Ec",21,0,0,1,0,1,0.726280938342543
"3308",191,"Ec_N",56,8,8,"Ec",21,0,0,1,0,1,0.726280938342543
"3309",191,"Ec_N",56,9,9,"Ec",21,0,0,1,0,1,0.726280938342543
"3310",191,"Ec_N",56,10,10,"Ec",21,0,0,1,0,1,0.726280938342543
"3311",191,"Ec_N",56,11,11,"Ec",21,0,0,1,0,1,0.726280938342543
"3312",191,"Ec_N",56,12,12,"Ec",21,0,0,1,0,1,0.726280938342543
"3313",191,"Ec_N",56,13,13,"Ec",21,0,0,1,0,1,0.726280938342543
"3314",191,"Ec_N",56,14,14,"Ec",21,0,0,1,0,1,0.726280938342543
"3315",191,"Ec_N",56,15,15,"Ec",21,0,0,1,0,1,0.726280938342543
"3316",191,"Ec_N",56,16,16,"Ec",21,0,0,1,0,1,0.726280938342543
"3317",191,"Ec_N",56,17,17,"Ec",29,0,0,1,1,1,0.760668149402769
"3318",191,"Ec_N",56,18,18,"Ec",29,0,0,1,1,1,0.760668149402769
"3319",191,"Ec_N",56,19,19,"Ec",29,0,0,1,1,1,0.760668149402769
"3320",191,"Ec_N",56,20,20,"Ec",29,0,0,1,1,1,0.760668149402769
"3321",191,"Ec_N",56,21,21,"Ec",29,0,0,1,1,1,0.760668149402769
"3322",191,"Ec_N",56,22,22,"Ec",29,0,0,1,1,1,0.760668149402769
"3323",191,"Ec_N",56,23,23,"Ec",29,0,0,1,1,1,0.760668149402769
"3324",191,"Ec_N",56,24,24,"Ec",29,0,0,1,1,1,0.760668149402769
"3325",191,"Ec_N",56,25,25,"Ec",29,0,0,1,1,1,0.760668149402769
"3326",191,"Ec_N",56,26,26,"Ec",29,0,0,1,1,1,0.760668149402769
"3327",191,"Ec_N",56,27,27,"Ec",29,0,0,1,1,1,0.760668149402769
"3328",191,"Ec_N",56,28,28,"Ec",31,0,1,1,1,1,0.801979629454064
"3329",191,"Ec_N",56,29,29,"Ec",31,0,1,1,1,1,0.801979629454064
"3330",191,"Ec_N",56,30,30,"Ec",31,0,1,1,1,1,0.801979629454064
"3331",191,"Ec_N",56,31,31,"Ec",32,1,1,1,1,1,1
"3332",191,"Ec_N",56,32,32,"Ec",32,1,1,1,1,1,1
"3333",191,"Ec_N",56,33,33,"Ec",32,1,1,1,1,1,1
"3334",191,"Ec_N",56,34,34,"Ec",32,1,1,1,1,1,1
"3335",191,"Ec_N",56,35,35,"Ec",32,1,1,1,1,1,1
"3336",191,"Ec_N",56,36,36,"Ec",32,1,1,1,1,1,1
"3337",191,"Ec_N",56,37,37,"Ec",32,1,1,1,1,1,1
"3338",191,"Ec_N",56,38,38,"Ec",32,1,1,1,1,1,1
"3339",191,"Ec_N",56,39,39,"Ec",32,1,1,1,1,1,1
"3340",191,"Ec_N",56,40,40,"Ec",32,1,1,1,1,1,1
"3341",191,"Ec_N",56,41,41,"Ec",32,1,1,1,1,1,1
"3342",191,"Ec_N",56,42,42,"Ec",32,1,1,1,1,1,1
"3343",191,"Ec_N",56,43,43,"Ec",32,1,1,1,1,1,1
"3344",191,"Ec_N",56,44,44,"Ec",32,1,1,1,1,1,1
"3345",191,"Ec_N",56,45,45,"Ec",32,1,1,1,1,1,1
"3346",191,"Ec_N",56,46,46,"Ec",32,1,1,1,1,1,1
"3347",191,"Ec_N",56,47,47,"Ec",32,1,1,1,1,1,1
"3348",191,"Ec_N",56,48,48,"Ec",32,1,1,1,1,1,1
"3349",191,"Ec_N",56,49,49,"Ec",32,1,1,1,1,1,1
"3350",191,"Ec_N",56,50,50,"Ec",32,1,1,1,1,1,1
"3351",191,"Ec_N",56,51,51,"Ec",32,1,1,1,1,1,1
"3352",191,"Ec_N",56,52,52,"Ec",32,1,1,1,1,1,1
"3353",191,"Ec_N",56,53,53,"Ec",32,1,1,1,1,1,1
"3354",191,"Ec_N",56,54,54,"Ec",32,1,1,1,1,1,1
"3355",191,"Ec_N",56,55,55,"Ec",32,1,1,1,1,1,1
"3356",191,"Ec_N",56,56,56,"Ec",32,1,1,1,1,1,1
"3357",191,"Ec_N",56,57,57,"Ec",32,1,1,1,1,1,1
"3358",191,"Ec_N",56,58,58,"Ec",32,1,1,1,1,1,1
"3359",191,"Ec_N",56,59,59,"Ec",32,1,1,1,1,1,1
"3360",191,"Ec_N",56,60,60,"Ec",32,1,1,1,1,1,1
"3361",191,"Ec_N",57,1,1,"Ec",1,0,0,0,0,0,0
"3362",191,"Ec_N",57,2,2,"Ec",5,0,0,1,0,0,0.49313446766664
"3363",191,"Ec_N",57,3,3,"Ec",6,1,0,1,0,0,0.542157591427696
"3364",191,"Ec_N",57,4,4,"Ec",6,1,0,1,0,0,0.542157591427696
"3365",191,"Ec_N",57,5,5,"Ec",6,1,0,1,0,0,0.542157591427696
"3366",191,"Ec_N",57,6,6,"Ec",6,1,0,1,0,0,0.542157591427696
"3367",191,"Ec_N",57,7,7,"Ec",6,1,0,1,0,0,0.542157591427696
"3368",191,"Ec_N",57,8,8,"Ec",6,1,0,1,0,0,0.542157591427696
"3369",191,"Ec_N",57,9,9,"Ec",6,1,0,1,0,0,0.542157591427696
"3370",191,"Ec_N",57,10,10,"Ec",6,1,0,1,0,0,0.542157591427696
"3371",191,"Ec_N",57,11,11,"Ec",6,1,0,1,0,0,0.542157591427696
"3372",191,"Ec_N",57,12,12,"Ec",6,1,0,1,0,0,0.542157591427696
"3373",191,"Ec_N",57,13,13,"Ec",6,1,0,1,0,0,0.542157591427696
"3374",191,"Ec_N",57,14,14,"Ec",14,1,0,1,1,0,0.746777083195453
"3375",191,"Ec_N",57,15,15,"Ec",14,1,0,1,1,0,0.746777083195453
"3376",191,"Ec_N",57,16,16,"Ec",30,1,0,1,1,1,0.958688519948705
"3377",191,"Ec_N",57,17,17,"Ec",30,1,0,1,1,1,0.958688519948705
"3378",191,"Ec_N",57,18,18,"Ec",30,1,0,1,1,1,0.958688519948705
"3379",191,"Ec_N",57,19,19,"Ec",30,1,0,1,1,1,0.958688519948705
"3380",191,"Ec_N",57,20,20,"Ec",30,1,0,1,1,1,0.958688519948705
"3381",191,"Ec_N",57,21,21,"Ec",30,1,0,1,1,1,0.958688519948705
"3382",191,"Ec_N",57,22,22,"Ec",30,1,0,1,1,1,0.958688519948705
"3383",191,"Ec_N",57,23,23,"Ec",30,1,0,1,1,1,0.958688519948705
"3384",191,"Ec_N",57,24,24,"Ec",30,1,0,1,1,1,0.958688519948705
"3385",191,"Ec_N",57,25,25,"Ec",30,1,0,1,1,1,0.958688519948705
"3386",191,"Ec_N",57,26,26,"Ec",30,1,0,1,1,1,0.958688519948705
"3387",191,"Ec_N",57,27,27,"Ec",30,1,0,1,1,1,0.958688519948705
"3388",191,"Ec_N",57,28,28,"Ec",32,1,1,1,1,1,1
"3389",191,"Ec_N",57,29,29,"Ec",32,1,1,1,1,1,1
"3390",191,"Ec_N",57,30,30,"Ec",32,1,1,1,1,1,1
"3391",191,"Ec_N",57,31,31,"Ec",32,1,1,1,1,1,1
"3392",191,"Ec_N",57,32,32,"Ec",32,1,1,1,1,1,1
"3393",191,"Ec_N",57,33,33,"Ec",32,1,1,1,1,1,1
"3394",191,"Ec_N",57,34,34,"Ec",32,1,1,1,1,1,1
"3395",191,"Ec_N",57,35,35,"Ec",32,1,1,1,1,1,1
"3396",191,"Ec_N",57,36,36,"Ec",32,1,1,1,1,1,1
"3397",191,"Ec_N",57,37,37,"Ec",32,1,1,1,1,1,1
"3398",191,"Ec_N",57,38,38,"Ec",32,1,1,1,1,1,1
"3399",191,"Ec_N",57,39,39,"Ec",32,1,1,1,1,1,1
"3400",191,"Ec_N",57,40,40,"Ec",32,1,1,1,1,1,1
"3401",191,"Ec_N",57,41,41,"Ec",32,1,1,1,1,1,1
"3402",191,"Ec_N",57,42,42,"Ec",32,1,1,1,1,1,1
"3403",191,"Ec_N",57,43,43,"Ec",32,1,1,1,1,1,1
"3404",191,"Ec_N",57,44,44,"Ec",32,1,1,1,1,1,1
"3405",191,"Ec_N",57,45,45,"Ec",32,1,1,1,1,1,1
"3406",191,"Ec_N",57,46,46,"Ec",32,1,1,1,1,1,1
"3407",191,"Ec_N",57,47,47,"Ec",32,1,1,1,1,1,1
"3408",191,"Ec_N",57,48,48,"Ec",32,1,1,1,1,1,1
"3409",191,"Ec_N",57,49,49,"Ec",32,1,1,1,1,1,1
"3410",191,"Ec_N",57,50,50,"Ec",32,1,1,1,1,1,1
"3411",191,"Ec_N",57,51,51,"Ec",32,1,1,1,1,1,1
"3412",191,"Ec_N",57,52,52,"Ec",32,1,1,1,1,1,1
"3413",191,"Ec_N",57,53,53,"Ec",32,1,1,1,1,1,1
"3414",191,"Ec_N",57,54,54,"Ec",32,1,1,1,1,1,1
"3415",191,"Ec_N",57,55,55,"Ec",32,1,1,1,1,1,1
"3416",191,"Ec_N",57,56,56,"Ec",32,1,1,1,1,1,1
"3417",191,"Ec_N",57,57,57,"Ec",32,1,1,1,1,1,1
"3418",191,"Ec_N",57,58,58,"Ec",32,1,1,1,1,1,1
"3419",191,"Ec_N",57,59,59,"Ec",32,1,1,1,1,1,1
"3420",191,"Ec_N",57,60,60,"Ec",32,1,1,1,1,1,1
"3421",191,"Ec_N",58,1,1,"Ec",1,0,0,0,0,0,0
"3422",191,"Ec_N",58,2,2,"Ec",1,0,0,0,0,0,0
"3423",191,"Ec_N",58,3,3,"Ec",17,0,0,0,0,1,0.229834113103391
"3424",191,"Ec_N",58,4,4,"Ec",21,0,0,1,0,1,0.726280938342543
"3425",191,"Ec_N",58,5,5,"Ec",21,0,0,1,0,1,0.726280938342543
"3426",191,"Ec_N",58,6,6,"Ec",21,0,0,1,0,1,0.726280938342543
"3427",191,"Ec_N",58,7,7,"Ec",21,0,0,1,0,1,0.726280938342543
"3428",191,"Ec_N",58,8,8,"Ec",21,0,0,1,0,1,0.726280938342543
"3429",191,"Ec_N",58,9,9,"Ec",29,0,0,1,1,1,0.760668149402769
"3430",191,"Ec_N",58,10,10,"Ec",29,0,0,1,1,1,0.760668149402769
"3431",191,"Ec_N",58,11,11,"Ec",29,0,0,1,1,1,0.760668149402769
"3432",191,"Ec_N",58,12,12,"Ec",29,0,0,1,1,1,0.760668149402769
"3433",191,"Ec_N",58,13,13,"Ec",29,0,0,1,1,1,0.760668149402769
"3434",191,"Ec_N",58,14,14,"Ec",29,0,0,1,1,1,0.760668149402769
"3435",191,"Ec_N",58,15,15,"Ec",29,0,0,1,1,1,0.760668149402769
"3436",191,"Ec_N",58,16,16,"Ec",29,0,0,1,1,1,0.760668149402769
"3437",191,"Ec_N",58,17,17,"Ec",29,0,0,1,1,1,0.760668149402769
"3438",191,"Ec_N",58,18,18,"Ec",29,0,0,1,1,1,0.760668149402769
"3439",191,"Ec_N",58,19,19,"Ec",29,0,0,1,1,1,0.760668149402769
"3440",191,"Ec_N",58,20,20,"Ec",29,0,0,1,1,1,0.760668149402769
"3441",191,"Ec_N",58,21,21,"Ec",29,0,0,1,1,1,0.760668149402769
"3442",191,"Ec_N",58,22,22,"Ec",29,0,0,1,1,1,0.760668149402769
"3443",191,"Ec_N",58,23,23,"Ec",29,0,0,1,1,1,0.760668149402769
"3444",191,"Ec_N",58,24,24,"Ec",29,0,0,1,1,1,0.760668149402769
"3445",191,"Ec_N",58,25,25,"Ec",29,0,0,1,1,1,0.760668149402769
"3446",191,"Ec_N",58,26,26,"Ec",29,0,0,1,1,1,0.760668149402769
"3447",191,"Ec_N",58,27,27,"Ec",29,0,0,1,1,1,0.760668149402769
"3448",191,"Ec_N",58,28,28,"Ec",29,0,0,1,1,1,0.760668149402769
"3449",191,"Ec_N",58,29,29,"Ec",29,0,0,1,1,1,0.760668149402769
"3450",191,"Ec_N",58,30,30,"Ec",30,1,0,1,1,1,0.958688519948705
"3451",191,"Ec_N",58,31,31,"Ec",30,1,0,1,1,1,0.958688519948705
"3452",191,"Ec_N",58,32,32,"Ec",30,1,0,1,1,1,0.958688519948705
"3453",191,"Ec_N",58,33,33,"Ec",30,1,0,1,1,1,0.958688519948705
"3454",191,"Ec_N",58,34,34,"Ec",30,1,0,1,1,1,0.958688519948705
"3455",191,"Ec_N",58,35,35,"Ec",30,1,0,1,1,1,0.958688519948705
"3456",191,"Ec_N",58,36,36,"Ec",30,1,0,1,1,1,0.958688519948705
"3457",191,"Ec_N",58,37,37,"Ec",30,1,0,1,1,1,0.958688519948705
"3458",191,"Ec_N",58,38,38,"Ec",30,1,0,1,1,1,0.958688519948705
"3459",191,"Ec_N",58,39,39,"Ec",30,1,0,1,1,1,0.958688519948705
"3460",191,"Ec_N",58,40,40,"Ec",30,1,0,1,1,1,0.958688519948705
"3461",191,"Ec_N",58,41,41,"Ec",30,1,0,1,1,1,0.958688519948705
"3462",191,"Ec_N",58,42,42,"Ec",30,1,0,1,1,1,0.958688519948705
"3463",191,"Ec_N",58,43,43,"Ec",30,1,0,1,1,1,0.958688519948705
"3464",191,"Ec_N",58,44,44,"Ec",30,1,0,1,1,1,0.958688519948705
"3465",191,"Ec_N",58,45,45,"Ec",30,1,0,1,1,1,0.958688519948705
"3466",191,"Ec_N",58,46,46,"Ec",30,1,0,1,1,1,0.958688519948705
"3467",191,"Ec_N",58,47,47,"Ec",30,1,0,1,1,1,0.958688519948705
"3468",191,"Ec_N",58,48,48,"Ec",30,1,0,1,1,1,0.958688519948705
"3469",191,"Ec_N",58,49,49,"Ec",30,1,0,1,1,1,0.958688519948705
"3470",191,"Ec_N",58,50,50,"Ec",30,1,0,1,1,1,0.958688519948705
"3471",191,"Ec_N",58,51,51,"Ec",30,1,0,1,1,1,0.958688519948705
"3472",191,"Ec_N",58,52,52,"Ec",32,1,1,1,1,1,1
"3473",191,"Ec_N",58,53,53,"Ec",32,1,1,1,1,1,1
"3474",191,"Ec_N",58,54,54,"Ec",32,1,1,1,1,1,1
"3475",191,"Ec_N",58,55,55,"Ec",32,1,1,1,1,1,1
"3476",191,"Ec_N",58,56,56,"Ec",32,1,1,1,1,1,1
"3477",191,"Ec_N",58,57,57,"Ec",32,1,1,1,1,1,1
"3478",191,"Ec_N",58,58,58,"Ec",32,1,1,1,1,1,1
"3479",191,"Ec_N",58,59,59,"Ec",32,1,1,1,1,1,1
"3480",191,"Ec_N",58,60,60,"Ec",32,1,1,1,1,1,1
"3481",191,"Ec_N",59,1,1,"Ec",1,0,0,0,0,0,0
"3482",191,"Ec_N",59,2,2,"Ec",1,0,0,0,0,0,0
"3483",191,"Ec_N",59,3,3,"Ec",1,0,0,0,0,0,0
"3484",191,"Ec_N",59,4,4,"Ec",1,0,0,0,0,0,0
"3485",191,"Ec_N",59,5,5,"Ec",1,0,0,0,0,0,0
"3486",191,"Ec_N",59,6,6,"Ec",9,0,0,0,1,0,0.0305419930719563
"3487",191,"Ec_N",59,7,7,"Ec",11,0,1,0,1,0,0.0857419302602629
"3488",191,"Ec_N",59,8,8,"Ec",11,0,1,0,1,0,0.0857419302602629
"3489",191,"Ec_N",59,9,9,"Ec",11,0,1,0,1,0,0.0857419302602629
"3490",191,"Ec_N",59,10,10,"Ec",11,0,1,0,1,0,0.0857419302602629
"3491",191,"Ec_N",59,11,11,"Ec",11,0,1,0,1,0,0.0857419302602629
"3492",191,"Ec_N",59,12,12,"Ec",15,0,1,1,1,0,0.437080043527332
"3493",191,"Ec_N",59,13,13,"Ec",15,0,1,1,1,0,0.437080043527332
"3494",191,"Ec_N",59,14,14,"Ec",15,0,1,1,1,0,0.437080043527332
"3495",191,"Ec_N",59,15,15,"Ec",7,0,1,1,0,0,0.589282297794007
"3496",191,"Ec_N",59,16,16,"Ec",7,0,1,1,0,0,0.589282297794007
"3497",191,"Ec_N",59,17,17,"Ec",7,0,1,1,0,0,0.589282297794007
"3498",191,"Ec_N",59,18,18,"Ec",7,0,1,1,0,0,0.589282297794007
"3499",191,"Ec_N",59,19,19,"Ec",7,0,1,1,0,0,0.589282297794007
"3500",191,"Ec_N",59,20,20,"Ec",7,0,1,1,0,0,0.589282297794007
"3501",191,"Ec_N",59,21,21,"Ec",7,0,1,1,0,0,0.589282297794007
"3502",191,"Ec_N",59,22,22,"Ec",7,0,1,1,0,0,0.589282297794007
"3503",191,"Ec_N",59,23,23,"Ec",7,0,1,1,0,0,0.589282297794007
"3504",191,"Ec_N",59,24,24,"Ec",7,0,1,1,0,0,0.589282297794007
"3505",191,"Ec_N",59,25,25,"Ec",7,0,1,1,0,0,0.589282297794007
"3506",191,"Ec_N",59,26,26,"Ec",23,0,1,1,0,1,0.616809062130864
"3507",191,"Ec_N",59,27,27,"Ec",31,0,1,1,1,1,0.801979629454064
"3508",191,"Ec_N",59,28,28,"Ec",31,0,1,1,1,1,0.801979629454064
"3509",191,"Ec_N",59,29,29,"Ec",31,0,1,1,1,1,0.801979629454064
"3510",191,"Ec_N",59,30,30,"Ec",31,0,1,1,1,1,0.801979629454064
"3511",191,"Ec_N",59,31,31,"Ec",31,0,1,1,1,1,0.801979629454064
"3512",191,"Ec_N",59,32,32,"Ec",32,1,1,1,1,1,1
"3513",191,"Ec_N",59,33,33,"Ec",32,1,1,1,1,1,1
"3514",191,"Ec_N",59,34,34,"Ec",32,1,1,1,1,1,1
"3515",191,"Ec_N",59,35,35,"Ec",32,1,1,1,1,1,1
"3516",191,"Ec_N",59,36,36,"Ec",32,1,1,1,1,1,1
"3517",191,"Ec_N",59,37,37,"Ec",32,1,1,1,1,1,1
"3518",191,"Ec_N",59,38,38,"Ec",32,1,1,1,1,1,1
"3519",191,"Ec_N",59,39,39,"Ec",32,1,1,1,1,1,1
"3520",191,"Ec_N",59,40,40,"Ec",32,1,1,1,1,1,1
"3521",191,"Ec_N",59,41,41,"Ec",32,1,1,1,1,1,1
"3522",191,"Ec_N",59,42,42,"Ec",32,1,1,1,1,1,1
"3523",191,"Ec_N",59,43,43,"Ec",32,1,1,1,1,1,1
"3524",191,"Ec_N",59,44,44,"Ec",32,1,1,1,1,1,1
"3525",191,"Ec_N",59,45,45,"Ec",32,1,1,1,1,1,1
"3526",191,"Ec_N",59,46,46,"Ec",32,1,1,1,1,1,1
"3527",191,"Ec_N",59,47,47,"Ec",32,1,1,1,1,1,1
"3528",191,"Ec_N",59,48,48,"Ec",32,1,1,1,1,1,1
"3529",191,"Ec_N",59,49,49,"Ec",32,1,1,1,1,1,1
"3530",191,"Ec_N",59,50,50,"Ec",32,1,1,1,1,1,1
"3531",191,"Ec_N",59,51,51,"Ec",32,1,1,1,1,1,1
"3532",191,"Ec_N",59,52,52,"Ec",32,1,1,1,1,1,1
"3533",191,"Ec_N",59,53,53,"Ec",32,1,1,1,1,1,1
"3534",191,"Ec_N",59,54,54,"Ec",32,1,1,1,1,1,1
"3535",191,"Ec_N",59,55,55,"Ec",32,1,1,1,1,1,1
"3536",191,"Ec_N",59,56,56,"Ec",32,1,1,1,1,1,1
"3537",191,"Ec_N",59,57,57,"Ec",32,1,1,1,1,1,1
"3538",191,"Ec_N",59,58,58,"Ec",32,1,1,1,1,1,1
"3539",191,"Ec_N",59,59,59,"Ec",32,1,1,1,1,1,1
"3540",191,"Ec_N",59,60,60,"Ec",32,1,1,1,1,1,1
"3541",191,"Ec_N",60,1,1,"Ec",1,0,0,0,0,0,0
"3542",191,"Ec_N",60,2,2,"Ec",2,1,0,0,0,0,0.198020370545937
"3543",191,"Ec_N",60,3,3,"Ec",2,1,0,0,0,0,0.198020370545937
"3544",191,"Ec_N",60,4,4,"Ec",6,1,0,1,0,0,0.542157591427696
"3545",191,"Ec_N",60,5,5,"Ec",6,1,0,1,0,0,0.542157591427696
"3546",191,"Ec_N",60,6,6,"Ec",6,1,0,1,0,0,0.542157591427696
"3547",191,"Ec_N",60,7,7,"Ec",6,1,0,1,0,0,0.542157591427696
"3548",191,"Ec_N",60,8,8,"Ec",22,1,0,1,0,1,0.92522428176681
"3549",191,"Ec_N",60,9,9,"Ec",22,1,0,1,0,1,0.92522428176681
"3550",191,"Ec_N",60,10,10,"Ec",22,1,0,1,0,1,0.92522428176681
"3551",191,"Ec_N",60,11,11,"Ec",22,1,0,1,0,1,0.92522428176681
"3552",191,"Ec_N",60,12,12,"Ec",22,1,0,1,0,1,0.92522428176681
"3553",191,"Ec_N",60,13,13,"Ec",22,1,0,1,0,1,0.92522428176681
"3554",191,"Ec_N",60,14,14,"Ec",22,1,0,1,0,1,0.92522428176681
"3555",191,"Ec_N",60,15,15,"Ec",22,1,0,1,0,1,0.92522428176681
"3556",191,"Ec_N",60,16,16,"Ec",22,1,0,1,0,1,0.92522428176681
"3557",191,"Ec_N",60,17,17,"Ec",22,1,0,1,0,1,0.92522428176681
"3558",191,"Ec_N",60,18,18,"Ec",22,1,0,1,0,1,0.92522428176681
"3559",191,"Ec_N",60,19,19,"Ec",22,1,0,1,0,1,0.92522428176681
"3560",191,"Ec_N",60,20,20,"Ec",22,1,0,1,0,1,0.92522428176681
"3561",191,"Ec_N",60,21,21,"Ec",22,1,0,1,0,1,0.92522428176681
"3562",191,"Ec_N",60,22,22,"Ec",22,1,0,1,0,1,0.92522428176681
"3563",191,"Ec_N",60,23,23,"Ec",22,1,0,1,0,1,0.92522428176681
"3564",191,"Ec_N",60,24,24,"Ec",22,1,0,1,0,1,0.92522428176681
"3565",191,"Ec_N",60,25,25,"Ec",22,1,0,1,0,1,0.92522428176681
"3566",191,"Ec_N",60,26,26,"Ec",22,1,0,1,0,1,0.92522428176681
"3567",191,"Ec_N",60,27,27,"Ec",30,1,0,1,1,1,0.958688519948705
"3568",191,"Ec_N",60,28,28,"Ec",30,1,0,1,1,1,0.958688519948705
"3569",191,"Ec_N",60,29,29,"Ec",30,1,0,1,1,1,0.958688519948705
"3570",191,"Ec_N",60,30,30,"Ec",30,1,0,1,1,1,0.958688519948705
"3571",191,"Ec_N",60,31,31,"Ec",30,1,0,1,1,1,0.958688519948705
"3572",191,"Ec_N",60,32,32,"Ec",30,1,0,1,1,1,0.958688519948705
"3573",191,"Ec_N",60,33,33,"Ec",30,1,0,1,1,1,0.958688519948705
"3574",191,"Ec_N",60,34,34,"Ec",30,1,0,1,1,1,0.958688519948705
"3575",191,"Ec_N",60,35,35,"Ec",30,1,0,1,1,1,0.958688519948705
"3576",191,"Ec_N",60,36,36,"Ec",30,1,0,1,1,1,0.958688519948705
"3577",191,"Ec_N",60,37,37,"Ec",30,1,0,1,1,1,0.958688519948705
"3578",191,"Ec_N",60,38,38,"Ec",30,1,0,1,1,1,0.958688519948705
"3579",191,"Ec_N",60,39,39,"Ec",30,1,0,1,1,1,0.958688519948705
"3580",191,"Ec_N",60,40,40,"Ec",30,1,0,1,1,1,0.958688519948705
"3581",191,"Ec_N",60,41,41,"Ec",30,1,0,1,1,1,0.958688519948705
"3582",191,"Ec_N",60,42,42,"Ec",30,1,0,1,1,1,0.958688519948705
"3583",191,"Ec_N",60,43,43,"Ec",30,1,0,1,1,1,0.958688519948705
"3584",191,"Ec_N",60,44,44,"Ec",30,1,0,1,1,1,0.958688519948705
"3585",191,"Ec_N",60,45,45,"Ec",30,1,0,1,1,1,0.958688519948705
"3586",191,"Ec_N",60,46,46,"Ec",30,1,0,1,1,1,0.958688519948705
"3587",191,"Ec_N",60,47,47,"Ec",30,1,0,1,1,1,0.958688519948705
"3588",191,"Ec_N",60,48,48,"Ec",30,1,0,1,1,1,0.958688519948705
"3589",191,"Ec_N",60,49,49,"Ec",30,1,0,1,1,1,0.958688519948705
"3590",191,"Ec_N",60,50,50,"Ec",30,1,0,1,1,1,0.958688519948705
"3591",191,"Ec_N",60,51,51,"Ec",30,1,0,1,1,1,0.958688519948705
"3592",191,"Ec_N",60,52,52,"Ec",30,1,0,1,1,1,0.958688519948705
"3593",191,"Ec_N",60,53,53,"Ec",30,1,0,1,1,1,0.958688519948705
"3594",191,"Ec_N",60,54,54,"Ec",30,1,0,1,1,1,0.958688519948705
"3595",191,"Ec_N",60,55,55,"Ec",30,1,0,1,1,1,0.958688519948705
"3596",191,"Ec_N",60,56,56,"Ec",30,1,0,1,1,1,0.958688519948705
"3597",191,"Ec_N",60,57,57,"Ec",30,1,0,1,1,1,0.958688519948705
"3598",191,"Ec_N",60,58,58,"Ec",30,1,0,1,1,1,0.958688519948705
"3599",191,"Ec_N",60,59,59,"Ec",30,1,0,1,1,1,0.958688519948705
"3600",191,"Ec_N",60,60,60,"Ec",30,1,0,1,1,1,0.958688519948705
"3601",191,"Ec_N",61,1,1,"Ec",1,0,0,0,0,0,0
"3602",191,"Ec_N",61,2,2,"Ec",1,0,0,0,0,0,0
"3603",191,"Ec_N",61,3,3,"Ec",1,0,0,0,0,0,0
"3604",191,"Ec_N",61,4,4,"Ec",9,0,0,0,1,0,0.0305419930719563
"3605",191,"Ec_N",61,5,5,"Ec",9,0,0,0,1,0,0.0305419930719563
"3606",191,"Ec_N",61,6,6,"Ec",9,0,0,0,1,0,0.0305419930719563
"3607",191,"Ec_N",61,7,7,"Ec",9,0,0,0,1,0,0.0305419930719563
"3608",191,"Ec_N",61,8,8,"Ec",9,0,0,0,1,0,0.0305419930719563
"3609",191,"Ec_N",61,9,9,"Ec",9,0,0,0,1,0,0.0305419930719563
"3610",191,"Ec_N",61,10,10,"Ec",9,0,0,0,1,0,0.0305419930719563
"3611",191,"Ec_N",61,11,11,"Ec",9,0,0,0,1,0,0.0305419930719563
"3612",191,"Ec_N",61,12,12,"Ec",9,0,0,0,1,0,0.0305419930719563
"3613",191,"Ec_N",61,13,13,"Ec",9,0,0,0,1,0,0.0305419930719563
"3614",191,"Ec_N",61,14,14,"Ec",9,0,0,0,1,0,0.0305419930719563
"3615",191,"Ec_N",61,15,15,"Ec",9,0,0,0,1,0,0.0305419930719563
"3616",191,"Ec_N",61,16,16,"Ec",9,0,0,0,1,0,0.0305419930719563
"3617",191,"Ec_N",61,17,17,"Ec",9,0,0,0,1,0,0.0305419930719563
"3618",191,"Ec_N",61,18,18,"Ec",9,0,0,0,1,0,0.0305419930719563
"3619",191,"Ec_N",61,19,19,"Ec",10,1,0,0,1,0,0.228562363617893
"3620",191,"Ec_N",61,20,20,"Ec",10,1,0,0,1,0,0.228562363617893
"3621",191,"Ec_N",61,21,21,"Ec",10,1,0,0,1,0,0.228562363617893
"3622",191,"Ec_N",61,22,22,"Ec",10,1,0,0,1,0,0.228562363617893
"3623",191,"Ec_N",61,23,23,"Ec",10,1,0,0,1,0,0.228562363617893
"3624",191,"Ec_N",61,24,24,"Ec",10,1,0,0,1,0,0.228562363617893
"3625",191,"Ec_N",61,25,25,"Ec",10,1,0,0,1,0,0.228562363617893
"3626",191,"Ec_N",61,26,26,"Ec",10,1,0,0,1,0,0.228562363617893
"3627",191,"Ec_N",61,27,27,"Ec",10,1,0,0,1,0,0.228562363617893
"3628",191,"Ec_N",61,28,28,"Ec",10,1,0,0,1,0,0.228562363617893
"3629",191,"Ec_N",61,29,29,"Ec",10,1,0,0,1,0,0.228562363617893
"3630",191,"Ec_N",61,30,30,"Ec",10,1,0,0,1,0,0.228562363617893
"3631",191,"Ec_N",61,31,31,"Ec",10,1,0,0,1,0,0.228562363617893
"3632",191,"Ec_N",61,32,32,"Ec",10,1,0,0,1,0,0.228562363617893
"3633",191,"Ec_N",61,33,33,"Ec",10,1,0,0,1,0,0.228562363617893
"3634",191,"Ec_N",61,34,34,"Ec",26,1,0,0,1,1,0.514384015075299
"3635",191,"Ec_N",61,35,35,"Ec",26,1,0,0,1,1,0.514384015075299
"3636",191,"Ec_N",61,36,36,"Ec",26,1,0,0,1,1,0.514384015075299
"3637",191,"Ec_N",61,37,37,"Ec",26,1,0,0,1,1,0.514384015075299
"3638",191,"Ec_N",61,38,38,"Ec",26,1,0,0,1,1,0.514384015075299
"3639",191,"Ec_N",61,39,39,"Ec",26,1,0,0,1,1,0.514384015075299
"3640",191,"Ec_N",61,40,40,"Ec",26,1,0,0,1,1,0.514384015075299
"3641",191,"Ec_N",61,41,41,"Ec",26,1,0,0,1,1,0.514384015075299
"3642",191,"Ec_N",61,42,42,"Ec",26,1,0,0,1,1,0.514384015075299
"3643",191,"Ec_N",61,43,43,"Ec",18,1,0,0,0,1,0.646504780524047
"3644",191,"Ec_N",61,44,44,"Ec",18,1,0,0,0,1,0.646504780524047
"3645",191,"Ec_N",61,45,45,"Ec",18,1,0,0,0,1,0.646504780524047
"3646",191,"Ec_N",61,46,46,"Ec",18,1,0,0,0,1,0.646504780524047
"3647",191,"Ec_N",61,47,47,"Ec",18,1,0,0,0,1,0.646504780524047
"3648",191,"Ec_N",61,48,48,"Ec",18,1,0,0,0,1,0.646504780524047
"3649",191,"Ec_N",61,49,49,"Ec",18,1,0,0,0,1,0.646504780524047
"3650",191,"Ec_N",61,50,50,"Ec",18,1,0,0,0,1,0.646504780524047
"3651",191,"Ec_N",61,51,51,"Ec",18,1,0,0,0,1,0.646504780524047
"3652",191,"Ec_N",61,52,52,"Ec",22,1,0,1,0,1,0.92522428176681
"3653",191,"Ec_N",61,53,53,"Ec",22,1,0,1,0,1,0.92522428176681
"3654",191,"Ec_N",61,54,54,"Ec",24,1,1,1,0,1,0.969458006928044
"3655",191,"Ec_N",61,55,55,"Ec",24,1,1,1,0,1,0.969458006928044
"3656",191,"Ec_N",61,56,56,"Ec",24,1,1,1,0,1,0.969458006928044
"3657",191,"Ec_N",61,57,57,"Ec",24,1,1,1,0,1,0.969458006928044
"3658",191,"Ec_N",61,58,58,"Ec",24,1,1,1,0,1,0.969458006928044
"3659",191,"Ec_N",61,59,59,"Ec",24,1,1,1,0,1,0.969458006928044
"3660",191,"Ec_N",61,60,60,"Ec",24,1,1,1,0,1,0.969458006928044
"3661",191,"Ec_N",62,1,1,"Ec",1,0,0,0,0,0,0
"3662",191,"Ec_N",62,2,2,"Ec",5,0,0,1,0,0,0.49313446766664
"3663",191,"Ec_N",62,3,3,"Ec",6,1,0,1,0,0,0.542157591427696
"3664",191,"Ec_N",62,4,4,"Ec",6,1,0,1,0,0,0.542157591427696
"3665",191,"Ec_N",62,5,5,"Ec",6,1,0,1,0,0,0.542157591427696
"3666",191,"Ec_N",62,6,6,"Ec",22,1,0,1,0,1,0.92522428176681
"3667",191,"Ec_N",62,7,7,"Ec",22,1,0,1,0,1,0.92522428176681
"3668",191,"Ec_N",62,8,8,"Ec",22,1,0,1,0,1,0.92522428176681
"3669",191,"Ec_N",62,9,9,"Ec",22,1,0,1,0,1,0.92522428176681
"3670",191,"Ec_N",62,10,10,"Ec",22,1,0,1,0,1,0.92522428176681
"3671",191,"Ec_N",62,11,11,"Ec",22,1,0,1,0,1,0.92522428176681
"3672",191,"Ec_N",62,12,12,"Ec",22,1,0,1,0,1,0.92522428176681
"3673",191,"Ec_N",62,13,13,"Ec",22,1,0,1,0,1,0.92522428176681
"3674",191,"Ec_N",62,14,14,"Ec",22,1,0,1,0,1,0.92522428176681
"3675",191,"Ec_N",62,15,15,"Ec",30,1,0,1,1,1,0.958688519948705
"3676",191,"Ec_N",62,16,16,"Ec",30,1,0,1,1,1,0.958688519948705
"3677",191,"Ec_N",62,17,17,"Ec",30,1,0,1,1,1,0.958688519948705
"3678",191,"Ec_N",62,18,18,"Ec",30,1,0,1,1,1,0.958688519948705
"3679",191,"Ec_N",62,19,19,"Ec",30,1,0,1,1,1,0.958688519948705
"3680",191,"Ec_N",62,20,20,"Ec",30,1,0,1,1,1,0.958688519948705
"3681",191,"Ec_N",62,21,21,"Ec",30,1,0,1,1,1,0.958688519948705
"3682",191,"Ec_N",62,22,22,"Ec",30,1,0,1,1,1,0.958688519948705
"3683",191,"Ec_N",62,23,23,"Ec",30,1,0,1,1,1,0.958688519948705
"3684",191,"Ec_N",62,24,24,"Ec",30,1,0,1,1,1,0.958688519948705
"3685",191,"Ec_N",62,25,25,"Ec",30,1,0,1,1,1,0.958688519948705
"3686",191,"Ec_N",62,26,26,"Ec",30,1,0,1,1,1,0.958688519948705
"3687",191,"Ec_N",62,27,27,"Ec",30,1,0,1,1,1,0.958688519948705
"3688",191,"Ec_N",62,28,28,"Ec",30,1,0,1,1,1,0.958688519948705
"3689",191,"Ec_N",62,29,29,"Ec",30,1,0,1,1,1,0.958688519948705
"3690",191,"Ec_N",62,30,30,"Ec",30,1,0,1,1,1,0.958688519948705
"3691",191,"Ec_N",62,31,31,"Ec",30,1,0,1,1,1,0.958688519948705
"3692",191,"Ec_N",62,32,32,"Ec",30,1,0,1,1,1,0.958688519948705
"3693",191,"Ec_N",62,33,33,"Ec",30,1,0,1,1,1,0.958688519948705
"3694",191,"Ec_N",62,34,34,"Ec",30,1,0,1,1,1,0.958688519948705
"3695",191,"Ec_N",62,35,35,"Ec",30,1,0,1,1,1,0.958688519948705
"3696",191,"Ec_N",62,36,36,"Ec",30,1,0,1,1,1,0.958688519948705
"3697",191,"Ec_N",62,37,37,"Ec",30,1,0,1,1,1,0.958688519948705
"3698",191,"Ec_N",62,38,38,"Ec",30,1,0,1,1,1,0.958688519948705
"3699",191,"Ec_N",62,39,39,"Ec",30,1,0,1,1,1,0.958688519948705
"3700",191,"Ec_N",62,40,40,"Ec",30,1,0,1,1,1,0.958688519948705
"3701",191,"Ec_N",62,41,41,"Ec",30,1,0,1,1,1,0.958688519948705
"3702",191,"Ec_N",62,42,42,"Ec",30,1,0,1,1,1,0.958688519948705
"3703",191,"Ec_N",62,43,43,"Ec",30,1,0,1,1,1,0.958688519948705
"3704",191,"Ec_N",62,44,44,"Ec",30,1,0,1,1,1,0.958688519948705
"3705",191,"Ec_N",62,45,45,"Ec",32,1,1,1,1,1,1
"3706",191,"Ec_N",62,46,46,"Ec",32,1,1,1,1,1,1
"3707",191,"Ec_N",62,47,47,"Ec",32,1,1,1,1,1,1
"3708",191,"Ec_N",62,48,48,"Ec",32,1,1,1,1,1,1
"3709",191,"Ec_N",62,49,49,"Ec",32,1,1,1,1,1,1
"3710",191,"Ec_N",62,50,50,"Ec",32,1,1,1,1,1,1
"3711",191,"Ec_N",62,51,51,"Ec",32,1,1,1,1,1,1
"3712",191,"Ec_N",62,52,52,"Ec",32,1,1,1,1,1,1
"3713",191,"Ec_N",62,53,53,"Ec",32,1,1,1,1,1,1
"3714",191,"Ec_N",62,54,54,"Ec",32,1,1,1,1,1,1
"3715",191,"Ec_N",62,55,55,"Ec",32,1,1,1,1,1,1
"3716",191,"Ec_N",62,56,56,"Ec",32,1,1,1,1,1,1
"3717",191,"Ec_N",62,57,57,"Ec",32,1,1,1,1,1,1
"3718",191,"Ec_N",62,58,58,"Ec",32,1,1,1,1,1,1
"3719",191,"Ec_N",62,59,59,"Ec",32,1,1,1,1,1,1
"3720",191,"Ec_N",62,60,60,"Ec",32,1,1,1,1,1,1
"3721",191,"Ec_N",63,1,1,"Ec",1,0,0,0,0,0,0
"3722",191,"Ec_N",63,2,2,"Ec",1,0,0,0,0,0,0
"3723",191,"Ec_N",63,3,3,"Ec",1,0,0,0,0,0,0
"3724",191,"Ec_N",63,4,4,"Ec",1,0,0,0,0,0,0
"3725",191,"Ec_N",63,5,5,"Ec",2,1,0,0,0,0,0.198020370545937
"3726",191,"Ec_N",63,6,6,"Ec",2,1,0,0,0,0,0.198020370545937
"3727",191,"Ec_N",63,7,7,"Ec",18,1,0,0,0,1,0.646504780524047
"3728",191,"Ec_N",63,8,8,"Ec",18,1,0,0,0,1,0.646504780524047
"3729",191,"Ec_N",63,9,9,"Ec",18,1,0,0,0,1,0.646504780524047
"3730",191,"Ec_N",63,10,10,"Ec",18,1,0,0,0,1,0.646504780524047
"3731",191,"Ec_N",63,11,11,"Ec",22,1,0,1,0,1,0.92522428176681
"3732",191,"Ec_N",63,12,12,"Ec",22,1,0,1,0,1,0.92522428176681
"3733",191,"Ec_N",63,13,13,"Ec",22,1,0,1,0,1,0.92522428176681
"3734",191,"Ec_N",63,14,14,"Ec",24,1,1,1,0,1,0.969458006928044
"3735",191,"Ec_N",63,15,15,"Ec",24,1,1,1,0,1,0.969458006928044
"3736",191,"Ec_N",63,16,16,"Ec",24,1,1,1,0,1,0.969458006928044
"3737",191,"Ec_N",63,17,17,"Ec",24,1,1,1,0,1,0.969458006928044
"3738",191,"Ec_N",63,18,18,"Ec",24,1,1,1,0,1,0.969458006928044
"3739",191,"Ec_N",63,19,19,"Ec",24,1,1,1,0,1,0.969458006928044
"3740",191,"Ec_N",63,20,20,"Ec",24,1,1,1,0,1,0.969458006928044
"3741",191,"Ec_N",63,21,21,"Ec",24,1,1,1,0,1,0.969458006928044
"3742",191,"Ec_N",63,22,22,"Ec",24,1,1,1,0,1,0.969458006928044
"3743",191,"Ec_N",63,23,23,"Ec",24,1,1,1,0,1,0.969458006928044
"3744",191,"Ec_N",63,24,24,"Ec",24,1,1,1,0,1,0.969458006928044
"3745",191,"Ec_N",63,25,25,"Ec",24,1,1,1,0,1,0.969458006928044
"3746",191,"Ec_N",63,26,26,"Ec",24,1,1,1,0,1,0.969458006928044
"3747",191,"Ec_N",63,27,27,"Ec",24,1,1,1,0,1,0.969458006928044
"3748",191,"Ec_N",63,28,28,"Ec",32,1,1,1,1,1,1
"3749",191,"Ec_N",63,29,29,"Ec",32,1,1,1,1,1,1
"3750",191,"Ec_N",63,30,30,"Ec",32,1,1,1,1,1,1
"3751",191,"Ec_N",63,31,31,"Ec",32,1,1,1,1,1,1
"3752",191,"Ec_N",63,32,32,"Ec",32,1,1,1,1,1,1
"3753",191,"Ec_N",63,33,33,"Ec",32,1,1,1,1,1,1
"3754",191,"Ec_N",63,34,34,"Ec",32,1,1,1,1,1,1
"3755",191,"Ec_N",63,35,35,"Ec",32,1,1,1,1,1,1
"3756",191,"Ec_N",63,36,36,"Ec",32,1,1,1,1,1,1
"3757",191,"Ec_N",63,37,37,"Ec",32,1,1,1,1,1,1
"3758",191,"Ec_N",63,38,38,"Ec",32,1,1,1,1,1,1
"3759",191,"Ec_N",63,39,39,"Ec",32,1,1,1,1,1,1
"3760",191,"Ec_N",63,40,40,"Ec",32,1,1,1,1,1,1
"3761",191,"Ec_N",63,41,41,"Ec",32,1,1,1,1,1,1
"3762",191,"Ec_N",63,42,42,"Ec",32,1,1,1,1,1,1
"3763",191,"Ec_N",63,43,43,"Ec",32,1,1,1,1,1,1
"3764",191,"Ec_N",63,44,44,"Ec",32,1,1,1,1,1,1
"3765",191,"Ec_N",63,45,45,"Ec",32,1,1,1,1,1,1
"3766",191,"Ec_N",63,46,46,"Ec",32,1,1,1,1,1,1
"3767",191,"Ec_N",63,47,47,"Ec",32,1,1,1,1,1,1
"3768",191,"Ec_N",63,48,48,"Ec",32,1,1,1,1,1,1
"3769",191,"Ec_N",63,49,49,"Ec",32,1,1,1,1,1,1
"3770",191,"Ec_N",63,50,50,"Ec",32,1,1,1,1,1,1
"3771",191,"Ec_N",63,51,51,"Ec",32,1,1,1,1,1,1
"3772",191,"Ec_N",63,52,52,"Ec",32,1,1,1,1,1,1
"3773",191,"Ec_N",63,53,53,"Ec",32,1,1,1,1,1,1
"3774",191,"Ec_N",63,54,54,"Ec",32,1,1,1,1,1,1
"3775",191,"Ec_N",63,55,55,"Ec",32,1,1,1,1,1,1
"3776",191,"Ec_N",63,56,56,"Ec",32,1,1,1,1,1,1
"3777",191,"Ec_N",63,57,57,"Ec",32,1,1,1,1,1,1
"3778",191,"Ec_N",63,58,58,"Ec",32,1,1,1,1,1,1
"3779",191,"Ec_N",63,59,59,"Ec",32,1,1,1,1,1,1
"3780",191,"Ec_N",63,60,60,"Ec",32,1,1,1,1,1,1
"3781",191,"Ec_N",64,1,1,"Ec",1,0,0,0,0,0,0
"3782",191,"Ec_N",64,2,2,"Ec",1,0,0,0,0,0,0
"3783",191,"Ec_N",64,3,3,"Ec",9,0,0,0,1,0,0.0305419930719563
"3784",191,"Ec_N",64,4,4,"Ec",13,0,0,1,1,0,0.374679213953716
"3785",191,"Ec_N",64,5,5,"Ec",13,0,0,1,1,0,0.374679213953716
"3786",191,"Ec_N",64,6,6,"Ec",13,0,0,1,1,0,0.374679213953716
"3787",191,"Ec_N",64,7,7,"Ec",5,0,0,1,0,0,0.49313446766664
"3788",191,"Ec_N",64,8,8,"Ec",5,0,0,1,0,0,0.49313446766664
"3789",191,"Ec_N",64,9,9,"Ec",5,0,0,1,0,0,0.49313446766664
"3790",191,"Ec_N",64,10,10,"Ec",5,0,0,1,0,0,0.49313446766664
"3791",191,"Ec_N",64,11,11,"Ec",5,0,0,1,0,0,0.49313446766664
"3792",191,"Ec_N",64,12,12,"Ec",5,0,0,1,0,0,0.49313446766664
"3793",191,"Ec_N",64,13,13,"Ec",5,0,0,1,0,0,0.49313446766664
"3794",191,"Ec_N",64,14,14,"Ec",5,0,0,1,0,0,0.49313446766664
"3795",191,"Ec_N",64,15,15,"Ec",5,0,0,1,0,0,0.49313446766664
"3796",191,"Ec_N",64,16,16,"Ec",5,0,0,1,0,0,0.49313446766664
"3797",191,"Ec_N",64,17,17,"Ec",5,0,0,1,0,0,0.49313446766664
"3798",191,"Ec_N",64,18,18,"Ec",5,0,0,1,0,0,0.49313446766664
"3799",191,"Ec_N",64,19,19,"Ec",5,0,0,1,0,0,0.49313446766664
"3800",191,"Ec_N",64,20,20,"Ec",5,0,0,1,0,0,0.49313446766664
"3801",191,"Ec_N",64,21,21,"Ec",5,0,0,1,0,0,0.49313446766664
"3802",191,"Ec_N",64,22,22,"Ec",5,0,0,1,0,0,0.49313446766664
"3803",191,"Ec_N",64,23,23,"Ec",5,0,0,1,0,0,0.49313446766664
"3804",191,"Ec_N",64,24,24,"Ec",5,0,0,1,0,0,0.49313446766664
"3805",191,"Ec_N",64,25,25,"Ec",6,1,0,1,0,0,0.542157591427696
"3806",191,"Ec_N",64,26,26,"Ec",6,1,0,1,0,0,0.542157591427696
"3807",191,"Ec_N",64,27,27,"Ec",6,1,0,1,0,0,0.542157591427696
"3808",191,"Ec_N",64,28,28,"Ec",6,1,0,1,0,0,0.542157591427696
"3809",191,"Ec_N",64,29,29,"Ec",6,1,0,1,0,0,0.542157591427696
"3810",191,"Ec_N",64,30,30,"Ec",6,1,0,1,0,0,0.542157591427696
"3811",191,"Ec_N",64,31,31,"Ec",6,1,0,1,0,0,0.542157591427696
"3812",191,"Ec_N",64,32,32,"Ec",6,1,0,1,0,0,0.542157591427696
"3813",191,"Ec_N",64,33,33,"Ec",6,1,0,1,0,0,0.542157591427696
"3814",191,"Ec_N",64,34,34,"Ec",6,1,0,1,0,0,0.542157591427696
"3815",191,"Ec_N",64,35,35,"Ec",6,1,0,1,0,0,0.542157591427696
"3816",191,"Ec_N",64,36,36,"Ec",6,1,0,1,0,0,0.542157591427696
"3817",191,"Ec_N",64,37,37,"Ec",8,1,1,1,0,0,0.583469071478991
"3818",191,"Ec_N",64,38,38,"Ec",8,1,1,1,0,0,0.583469071478991
"3819",191,"Ec_N",64,39,39,"Ec",8,1,1,1,0,0,0.583469071478991
"3820",191,"Ec_N",64,40,40,"Ec",8,1,1,1,0,0,0.583469071478991
"3821",191,"Ec_N",64,41,41,"Ec",8,1,1,1,0,0,0.583469071478991
"3822",191,"Ec_N",64,42,42,"Ec",8,1,1,1,0,0,0.583469071478991
"3823",191,"Ec_N",64,43,43,"Ec",8,1,1,1,0,0,0.583469071478991
"3824",191,"Ec_N",64,44,44,"Ec",8,1,1,1,0,0,0.583469071478991
"3825",191,"Ec_N",64,45,45,"Ec",8,1,1,1,0,0,0.583469071478991
"3826",191,"Ec_N",64,46,46,"Ec",8,1,1,1,0,0,0.583469071478991
"3827",191,"Ec_N",64,47,47,"Ec",8,1,1,1,0,0,0.583469071478991
"3828",191,"Ec_N",64,48,48,"Ec",8,1,1,1,0,0,0.583469071478991
"3829",191,"Ec_N",64,49,49,"Ec",8,1,1,1,0,0,0.583469071478991
"3830",191,"Ec_N",64,50,50,"Ec",8,1,1,1,0,0,0.583469071478991
"3831",191,"Ec_N",64,51,51,"Ec",8,1,1,1,0,0,0.583469071478991
"3832",191,"Ec_N",64,52,52,"Ec",8,1,1,1,0,0,0.583469071478991
"3833",191,"Ec_N",64,53,53,"Ec",8,1,1,1,0,0,0.583469071478991
"3834",191,"Ec_N",64,54,54,"Ec",8,1,1,1,0,0,0.583469071478991
"3835",191,"Ec_N",64,55,55,"Ec",8,1,1,1,0,0,0.583469071478991
"3836",191,"Ec_N",64,56,56,"Ec",7,0,1,1,0,0,0.589282297794007
"3837",191,"Ec_N",64,57,57,"Ec",7,0,1,1,0,0,0.589282297794007
"3838",191,"Ec_N",64,58,58,"Ec",7,0,1,1,0,0,0.589282297794007
"3839",191,"Ec_N",64,59,59,"Ec",7,0,1,1,0,0,0.589282297794007
"3840",191,"Ec_N",64,60,60,"Ec",7,0,1,1,0,0,0.589282297794007
"3841",191,"Ec_N",65,1,1,"Ec",1,0,0,0,0,0,0
"3842",191,"Ec_N",65,2,2,"Ec",1,0,0,0,0,0,0
"3843",191,"Ec_N",65,3,3,"Ec",2,1,0,0,0,0,0.198020370545937
"3844",191,"Ec_N",65,4,4,"Ec",2,1,0,0,0,0,0.198020370545937
"3845",191,"Ec_N",65,5,5,"Ec",2,1,0,0,0,0,0.198020370545937
"3846",191,"Ec_N",65,6,6,"Ec",2,1,0,0,0,0,0.198020370545937
"3847",191,"Ec_N",65,7,7,"Ec",2,1,0,0,0,0,0.198020370545937
"3848",191,"Ec_N",65,8,8,"Ec",2,1,0,0,0,0,0.198020370545937
"3849",191,"Ec_N",65,9,9,"Ec",2,1,0,0,0,0,0.198020370545937
"3850",191,"Ec_N",65,10,10,"Ec",2,1,0,0,0,0,0.198020370545937
"3851",191,"Ec_N",65,11,11,"Ec",6,1,0,1,0,0,0.542157591427696
"3852",191,"Ec_N",65,12,12,"Ec",6,1,0,1,0,0,0.542157591427696
"3853",191,"Ec_N",65,13,13,"Ec",6,1,0,1,0,0,0.542157591427696
"3854",191,"Ec_N",65,14,14,"Ec",6,1,0,1,0,0,0.542157591427696
"3855",191,"Ec_N",65,15,15,"Ec",6,1,0,1,0,0,0.542157591427696
"3856",191,"Ec_N",65,16,16,"Ec",6,1,0,1,0,0,0.542157591427696
"3857",191,"Ec_N",65,17,17,"Ec",6,1,0,1,0,0,0.542157591427696
"3858",191,"Ec_N",65,18,18,"Ec",6,1,0,1,0,0,0.542157591427696
"3859",191,"Ec_N",65,19,19,"Ec",6,1,0,1,0,0,0.542157591427696
"3860",191,"Ec_N",65,20,20,"Ec",6,1,0,1,0,0,0.542157591427696
"3861",191,"Ec_N",65,21,21,"Ec",6,1,0,1,0,0,0.542157591427696
"3862",191,"Ec_N",65,22,22,"Ec",14,1,0,1,1,0,0.746777083195453
"3863",191,"Ec_N",65,23,23,"Ec",14,1,0,1,1,0,0.746777083195453
"3864",191,"Ec_N",65,24,24,"Ec",14,1,0,1,1,0,0.746777083195453
"3865",191,"Ec_N",65,25,25,"Ec",14,1,0,1,1,0,0.746777083195453
"3866",191,"Ec_N",65,26,26,"Ec",14,1,0,1,1,0,0.746777083195453
"3867",191,"Ec_N",65,27,27,"Ec",14,1,0,1,1,0,0.746777083195453
"3868",191,"Ec_N",65,28,28,"Ec",14,1,0,1,1,0,0.746777083195453
"3869",191,"Ec_N",65,29,29,"Ec",14,1,0,1,1,0,0.746777083195453
"3870",191,"Ec_N",65,30,30,"Ec",14,1,0,1,1,0,0.746777083195453
"3871",191,"Ec_N",65,31,31,"Ec",14,1,0,1,1,0,0.746777083195453
"3872",191,"Ec_N",65,32,32,"Ec",14,1,0,1,1,0,0.746777083195453
"3873",191,"Ec_N",65,33,33,"Ec",14,1,0,1,1,0,0.746777083195453
"3874",191,"Ec_N",65,34,34,"Ec",14,1,0,1,1,0,0.746777083195453
"3875",191,"Ec_N",65,35,35,"Ec",30,1,0,1,1,1,0.958688519948705
"3876",191,"Ec_N",65,36,36,"Ec",30,1,0,1,1,1,0.958688519948705
"3877",191,"Ec_N",65,37,37,"Ec",30,1,0,1,1,1,0.958688519948705
"3878",191,"Ec_N",65,38,38,"Ec",30,1,0,1,1,1,0.958688519948705
"3879",191,"Ec_N",65,39,39,"Ec",30,1,0,1,1,1,0.958688519948705
"3880",191,"Ec_N",65,40,40,"Ec",30,1,0,1,1,1,0.958688519948705
"3881",191,"Ec_N",65,41,41,"Ec",30,1,0,1,1,1,0.958688519948705
"3882",191,"Ec_N",65,42,42,"Ec",30,1,0,1,1,1,0.958688519948705
"3883",191,"Ec_N",65,43,43,"Ec",30,1,0,1,1,1,0.958688519948705
"3884",191,"Ec_N",65,44,44,"Ec",30,1,0,1,1,1,0.958688519948705
"3885",191,"Ec_N",65,45,45,"Ec",30,1,0,1,1,1,0.958688519948705
"3886",191,"Ec_N",65,46,46,"Ec",30,1,0,1,1,1,0.958688519948705
"3887",191,"Ec_N",65,47,47,"Ec",30,1,0,1,1,1,0.958688519948705
"3888",191,"Ec_N",65,48,48,"Ec",30,1,0,1,1,1,0.958688519948705
"3889",191,"Ec_N",65,49,49,"Ec",30,1,0,1,1,1,0.958688519948705
"3890",191,"Ec_N",65,50,50,"Ec",30,1,0,1,1,1,0.958688519948705
"3891",191,"Ec_N",65,51,51,"Ec",30,1,0,1,1,1,0.958688519948705
"3892",191,"Ec_N",65,52,52,"Ec",30,1,0,1,1,1,0.958688519948705
"3893",191,"Ec_N",65,53,53,"Ec",30,1,0,1,1,1,0.958688519948705
"3894",191,"Ec_N",65,54,54,"Ec",30,1,0,1,1,1,0.958688519948705
"3895",191,"Ec_N",65,55,55,"Ec",30,1,0,1,1,1,0.958688519948705
"3896",191,"Ec_N",65,56,56,"Ec",30,1,0,1,1,1,0.958688519948705
"3897",191,"Ec_N",65,57,57,"Ec",30,1,0,1,1,1,0.958688519948705
"3898",191,"Ec_N",65,58,58,"Ec",30,1,0,1,1,1,0.958688519948705
"3899",191,"Ec_N",65,59,59,"Ec",32,1,1,1,1,1,1
"3900",191,"Ec_N",65,60,60,"Ec",32,1,1,1,1,1,1
"3901",191,"Ec_N",66,1,1,"Ec",1,0,0,0,0,0,0
"3902",191,"Ec_N",66,2,2,"Ec",2,1,0,0,0,0,0.198020370545937
"3903",191,"Ec_N",66,3,3,"Ec",2,1,0,0,0,0,0.198020370545937
"3904",191,"Ec_N",66,4,4,"Ec",2,1,0,0,0,0,0.198020370545937
"3905",191,"Ec_N",66,5,5,"Ec",2,1,0,0,0,0,0.198020370545937
"3906",191,"Ec_N",66,6,6,"Ec",2,1,0,0,0,0,0.198020370545937
"3907",191,"Ec_N",66,7,7,"Ec",2,1,0,0,0,0,0.198020370545937
"3908",191,"Ec_N",66,8,8,"Ec",2,1,0,0,0,0,0.198020370545937
"3909",191,"Ec_N",66,9,9,"Ec",2,1,0,0,0,0,0.198020370545937
"3910",191,"Ec_N",66,10,10,"Ec",2,1,0,0,0,0,0.198020370545937
"3911",191,"Ec_N",66,11,11,"Ec",2,1,0,0,0,0,0.198020370545937
"3912",191,"Ec_N",66,12,12,"Ec",2,1,0,0,0,0,0.198020370545937
"3913",191,"Ec_N",66,13,13,"Ec",2,1,0,0,0,0,0.198020370545937
"3914",191,"Ec_N",66,14,14,"Ec",18,1,0,0,0,1,0.646504780524047
"3915",191,"Ec_N",66,15,15,"Ec",18,1,0,0,0,1,0.646504780524047
"3916",191,"Ec_N",66,16,16,"Ec",18,1,0,0,0,1,0.646504780524047
"3917",191,"Ec_N",66,17,17,"Ec",18,1,0,0,0,1,0.646504780524047
"3918",191,"Ec_N",66,18,18,"Ec",18,1,0,0,0,1,0.646504780524047
"3919",191,"Ec_N",66,19,19,"Ec",18,1,0,0,0,1,0.646504780524047
"3920",191,"Ec_N",66,20,20,"Ec",18,1,0,0,0,1,0.646504780524047
"3921",191,"Ec_N",66,21,21,"Ec",18,1,0,0,0,1,0.646504780524047
"3922",191,"Ec_N",66,22,22,"Ec",18,1,0,0,0,1,0.646504780524047
"3923",191,"Ec_N",66,23,23,"Ec",18,1,0,0,0,1,0.646504780524047
"3924",191,"Ec_N",66,24,24,"Ec",18,1,0,0,0,1,0.646504780524047
"3925",191,"Ec_N",66,25,25,"Ec",18,1,0,0,0,1,0.646504780524047
"3926",191,"Ec_N",66,26,26,"Ec",18,1,0,0,0,1,0.646504780524047
"3927",191,"Ec_N",66,27,27,"Ec",18,1,0,0,0,1,0.646504780524047
"3928",191,"Ec_N",66,28,28,"Ec",18,1,0,0,0,1,0.646504780524047
"3929",191,"Ec_N",66,29,29,"Ec",18,1,0,0,0,1,0.646504780524047
"3930",191,"Ec_N",66,30,30,"Ec",18,1,0,0,0,1,0.646504780524047
"3931",191,"Ec_N",66,31,31,"Ec",18,1,0,0,0,1,0.646504780524047
"3932",191,"Ec_N",66,32,32,"Ec",18,1,0,0,0,1,0.646504780524047
"3933",191,"Ec_N",66,33,33,"Ec",18,1,0,0,0,1,0.646504780524047
"3934",191,"Ec_N",66,34,34,"Ec",18,1,0,0,0,1,0.646504780524047
"3935",191,"Ec_N",66,35,35,"Ec",18,1,0,0,0,1,0.646504780524047
"3936",191,"Ec_N",66,36,36,"Ec",22,1,0,1,0,1,0.92522428176681
"3937",191,"Ec_N",66,37,37,"Ec",22,1,0,1,0,1,0.92522428176681
"3938",191,"Ec_N",66,38,38,"Ec",22,1,0,1,0,1,0.92522428176681
"3939",191,"Ec_N",66,39,39,"Ec",22,1,0,1,0,1,0.92522428176681
"3940",191,"Ec_N",66,40,40,"Ec",22,1,0,1,0,1,0.92522428176681
"3941",191,"Ec_N",66,41,41,"Ec",22,1,0,1,0,1,0.92522428176681
"3942",191,"Ec_N",66,42,42,"Ec",22,1,0,1,0,1,0.92522428176681
"3943",191,"Ec_N",66,43,43,"Ec",22,1,0,1,0,1,0.92522428176681
"3944",191,"Ec_N",66,44,44,"Ec",22,1,0,1,0,1,0.92522428176681
"3945",191,"Ec_N",66,45,45,"Ec",22,1,0,1,0,1,0.92522428176681
"3946",191,"Ec_N",66,46,46,"Ec",22,1,0,1,0,1,0.92522428176681
"3947",191,"Ec_N",66,47,47,"Ec",22,1,0,1,0,1,0.92522428176681
"3948",191,"Ec_N",66,48,48,"Ec",22,1,0,1,0,1,0.92522428176681
"3949",191,"Ec_N",66,49,49,"Ec",22,1,0,1,0,1,0.92522428176681
"3950",191,"Ec_N",66,50,50,"Ec",22,1,0,1,0,1,0.92522428176681
"3951",191,"Ec_N",66,51,51,"Ec",24,1,1,1,0,1,0.969458006928044
"3952",191,"Ec_N",66,52,52,"Ec",24,1,1,1,0,1,0.969458006928044
"3953",191,"Ec_N",66,53,53,"Ec",24,1,1,1,0,1,0.969458006928044
"3954",191,"Ec_N",66,54,54,"Ec",24,1,1,1,0,1,0.969458006928044
"3955",191,"Ec_N",66,55,55,"Ec",24,1,1,1,0,1,0.969458006928044
"3956",191,"Ec_N",66,56,56,"Ec",24,1,1,1,0,1,0.969458006928044
"3957",191,"Ec_N",66,57,57,"Ec",24,1,1,1,0,1,0.969458006928044
"3958",191,"Ec_N",66,58,58,"Ec",24,1,1,1,0,1,0.969458006928044
"3959",191,"Ec_N",66,59,59,"Ec",24,1,1,1,0,1,0.969458006928044
"3960",191,"Ec_N",66,60,60,"Ec",24,1,1,1,0,1,0.969458006928044
"3961",191,"Ec_N",67,1,1,"Ec",1,0,0,0,0,0,0
"3962",191,"Ec_N",67,2,2,"Ec",17,0,0,0,0,1,0.229834113103391
"3963",191,"Ec_N",67,3,3,"Ec",17,0,0,0,0,1,0.229834113103391
"3964",191,"Ec_N",67,4,4,"Ec",18,1,0,0,0,1,0.646504780524047
"3965",191,"Ec_N",67,5,5,"Ec",18,1,0,0,0,1,0.646504780524047
"3966",191,"Ec_N",67,6,6,"Ec",18,1,0,0,0,1,0.646504780524047
"3967",191,"Ec_N",67,7,7,"Ec",22,1,0,1,0,1,0.92522428176681
"3968",191,"Ec_N",67,8,8,"Ec",22,1,0,1,0,1,0.92522428176681
"3969",191,"Ec_N",67,9,9,"Ec",22,1,0,1,0,1,0.92522428176681
"3970",191,"Ec_N",67,10,10,"Ec",22,1,0,1,0,1,0.92522428176681
"3971",191,"Ec_N",67,11,11,"Ec",22,1,0,1,0,1,0.92522428176681
"3972",191,"Ec_N",67,12,12,"Ec",22,1,0,1,0,1,0.92522428176681
"3973",191,"Ec_N",67,13,13,"Ec",22,1,0,1,0,1,0.92522428176681
"3974",191,"Ec_N",67,14,14,"Ec",22,1,0,1,0,1,0.92522428176681
"3975",191,"Ec_N",67,15,15,"Ec",22,1,0,1,0,1,0.92522428176681
"3976",191,"Ec_N",67,16,16,"Ec",30,1,0,1,1,1,0.958688519948705
"3977",191,"Ec_N",67,17,17,"Ec",30,1,0,1,1,1,0.958688519948705
"3978",191,"Ec_N",67,18,18,"Ec",30,1,0,1,1,1,0.958688519948705
"3979",191,"Ec_N",67,19,19,"Ec",30,1,0,1,1,1,0.958688519948705
"3980",191,"Ec_N",67,20,20,"Ec",30,1,0,1,1,1,0.958688519948705
"3981",191,"Ec_N",67,21,21,"Ec",30,1,0,1,1,1,0.958688519948705
"3982",191,"Ec_N",67,22,22,"Ec",30,1,0,1,1,1,0.958688519948705
"3983",191,"Ec_N",67,23,23,"Ec",30,1,0,1,1,1,0.958688519948705
"3984",191,"Ec_N",67,24,24,"Ec",30,1,0,1,1,1,0.958688519948705
"3985",191,"Ec_N",67,25,25,"Ec",30,1,0,1,1,1,0.958688519948705
"3986",191,"Ec_N",67,26,26,"Ec",32,1,1,1,1,1,1
"3987",191,"Ec_N",67,27,27,"Ec",32,1,1,1,1,1,1
"3988",191,"Ec_N",67,28,28,"Ec",32,1,1,1,1,1,1
"3989",191,"Ec_N",67,29,29,"Ec",32,1,1,1,1,1,1
"3990",191,"Ec_N",67,30,30,"Ec",32,1,1,1,1,1,1
"3991",191,"Ec_N",67,31,31,"Ec",32,1,1,1,1,1,1
"3992",191,"Ec_N",67,32,32,"Ec",32,1,1,1,1,1,1
"3993",191,"Ec_N",67,33,33,"Ec",32,1,1,1,1,1,1
"3994",191,"Ec_N",67,34,34,"Ec",32,1,1,1,1,1,1
"3995",191,"Ec_N",67,35,35,"Ec",32,1,1,1,1,1,1
"3996",191,"Ec_N",67,36,36,"Ec",32,1,1,1,1,1,1
"3997",191,"Ec_N",67,37,37,"Ec",32,1,1,1,1,1,1
"3998",191,"Ec_N",67,38,38,"Ec",32,1,1,1,1,1,1
"3999",191,"Ec_N",67,39,39,"Ec",32,1,1,1,1,1,1
"4000",191,"Ec_N",67,40,40,"Ec",32,1,1,1,1,1,1
"4001",191,"Ec_N",67,41,41,"Ec",32,1,1,1,1,1,1
"4002",191,"Ec_N",67,42,42,"Ec",32,1,1,1,1,1,1
"4003",191,"Ec_N",67,43,43,"Ec",32,1,1,1,1,1,1
"4004",191,"Ec_N",67,44,44,"Ec",32,1,1,1,1,1,1
"4005",191,"Ec_N",67,45,45,"Ec",32,1,1,1,1,1,1
"4006",191,"Ec_N",67,46,46,"Ec",32,1,1,1,1,1,1
"4007",191,"Ec_N",67,47,47,"Ec",32,1,1,1,1,1,1
"4008",191,"Ec_N",67,48,48,"Ec",32,1,1,1,1,1,1
"4009",191,"Ec_N",67,49,49,"Ec",32,1,1,1,1,1,1
"4010",191,"Ec_N",67,50,50,"Ec",32,1,1,1,1,1,1
"4011",191,"Ec_N",67,51,51,"Ec",32,1,1,1,1,1,1
"4012",191,"Ec_N",67,52,52,"Ec",32,1,1,1,1,1,1
"4013",191,"Ec_N",67,53,53,"Ec",32,1,1,1,1,1,1
"4014",191,"Ec_N",67,54,54,"Ec",32,1,1,1,1,1,1
"4015",191,"Ec_N",67,55,55,"Ec",32,1,1,1,1,1,1
"4016",191,"Ec_N",67,56,56,"Ec",32,1,1,1,1,1,1
"4017",191,"Ec_N",67,57,57,"Ec",32,1,1,1,1,1,1
"4018",191,"Ec_N",67,58,58,"Ec",32,1,1,1,1,1,1
"4019",191,"Ec_N",67,59,59,"Ec",32,1,1,1,1,1,1
"4020",191,"Ec_N",67,60,60,"Ec",32,1,1,1,1,1,1
"4021",191,"Ec_N",68,1,1,"Ec",1,0,0,0,0,0,0
"4022",191,"Ec_N",68,2,2,"Ec",1,0,0,0,0,0,0
"4023",191,"Ec_N",68,3,3,"Ec",2,1,0,0,0,0,0.198020370545937
"4024",191,"Ec_N",68,4,4,"Ec",2,1,0,0,0,0,0.198020370545937
"4025",191,"Ec_N",68,5,5,"Ec",2,1,0,0,0,0,0.198020370545937
"4026",191,"Ec_N",68,6,6,"Ec",4,1,1,0,0,0,0.239331850597232
"4027",191,"Ec_N",68,7,7,"Ec",4,1,1,0,0,0,0.239331850597232
"4028",191,"Ec_N",68,8,8,"Ec",4,1,1,0,0,0,0.239331850597232
"4029",191,"Ec_N",68,9,9,"Ec",4,1,1,0,0,0,0.239331850597232
"4030",191,"Ec_N",68,10,10,"Ec",4,1,1,0,0,0,0.239331850597232
"4031",191,"Ec_N",68,11,11,"Ec",4,1,1,0,0,0,0.239331850597232
"4032",191,"Ec_N",68,12,12,"Ec",4,1,1,0,0,0,0.239331850597232
"4033",191,"Ec_N",68,13,13,"Ec",4,1,1,0,0,0,0.239331850597232
"4034",191,"Ec_N",68,14,14,"Ec",4,1,1,0,0,0,0.239331850597232
"4035",191,"Ec_N",68,15,15,"Ec",4,1,1,0,0,0,0.239331850597232
"4036",191,"Ec_N",68,16,16,"Ec",4,1,1,0,0,0,0.239331850597232
"4037",191,"Ec_N",68,17,17,"Ec",4,1,1,0,0,0,0.239331850597232
"4038",191,"Ec_N",68,18,18,"Ec",4,1,1,0,0,0,0.239331850597232
"4039",191,"Ec_N",68,19,19,"Ec",4,1,1,0,0,0,0.239331850597232
"4040",191,"Ec_N",68,20,20,"Ec",12,1,1,0,1,0,0.259780205416137
"4041",191,"Ec_N",68,21,21,"Ec",28,1,1,0,1,1,0.681047421119041
"4042",191,"Ec_N",68,22,22,"Ec",28,1,1,0,1,1,0.681047421119041
"4043",191,"Ec_N",68,23,23,"Ec",28,1,1,0,1,1,0.681047421119041
"4044",191,"Ec_N",68,24,24,"Ec",28,1,1,0,1,1,0.681047421119041
"4045",191,"Ec_N",68,25,25,"Ec",32,1,1,1,1,1,1
"4046",191,"Ec_N",68,26,26,"Ec",32,1,1,1,1,1,1
"4047",191,"Ec_N",68,27,27,"Ec",32,1,1,1,1,1,1
"4048",191,"Ec_N",68,28,28,"Ec",32,1,1,1,1,1,1
"4049",191,"Ec_N",68,29,29,"Ec",32,1,1,1,1,1,1
"4050",191,"Ec_N",68,30,30,"Ec",32,1,1,1,1,1,1
"4051",191,"Ec_N",68,31,31,"Ec",32,1,1,1,1,1,1
"4052",191,"Ec_N",68,32,32,"Ec",32,1,1,1,1,1,1
"4053",191,"Ec_N",68,33,33,"Ec",32,1,1,1,1,1,1
"4054",191,"Ec_N",68,34,34,"Ec",32,1,1,1,1,1,1
"4055",191,"Ec_N",68,35,35,"Ec",32,1,1,1,1,1,1
"4056",191,"Ec_N",68,36,36,"Ec",32,1,1,1,1,1,1
"4057",191,"Ec_N",68,37,37,"Ec",32,1,1,1,1,1,1
"4058",191,"Ec_N",68,38,38,"Ec",32,1,1,1,1,1,1
"4059",191,"Ec_N",68,39,39,"Ec",32,1,1,1,1,1,1
"4060",191,"Ec_N",68,40,40,"Ec",32,1,1,1,1,1,1
"4061",191,"Ec_N",68,41,41,"Ec",32,1,1,1,1,1,1
"4062",191,"Ec_N",68,42,42,"Ec",32,1,1,1,1,1,1
"4063",191,"Ec_N",68,43,43,"Ec",32,1,1,1,1,1,1
"4064",191,"Ec_N",68,44,44,"Ec",32,1,1,1,1,1,1
"4065",191,"Ec_N",68,45,45,"Ec",32,1,1,1,1,1,1
"4066",191,"Ec_N",68,46,46,"Ec",32,1,1,1,1,1,1
"4067",191,"Ec_N",68,47,47,"Ec",32,1,1,1,1,1,1
"4068",191,"Ec_N",68,48,48,"Ec",32,1,1,1,1,1,1
"4069",191,"Ec_N",68,49,49,"Ec",32,1,1,1,1,1,1
"4070",191,"Ec_N",68,50,50,"Ec",32,1,1,1,1,1,1
"4071",191,"Ec_N",68,51,51,"Ec",32,1,1,1,1,1,1
"4072",191,"Ec_N",68,52,52,"Ec",32,1,1,1,1,1,1
"4073",191,"Ec_N",68,53,53,"Ec",32,1,1,1,1,1,1
"4074",191,"Ec_N",68,54,54,"Ec",32,1,1,1,1,1,1
"4075",191,"Ec_N",68,55,55,"Ec",32,1,1,1,1,1,1
"4076",191,"Ec_N",68,56,56,"Ec",32,1,1,1,1,1,1
"4077",191,"Ec_N",68,57,57,"Ec",32,1,1,1,1,1,1
"4078",191,"Ec_N",68,58,58,"Ec",32,1,1,1,1,1,1
"4079",191,"Ec_N",68,59,59,"Ec",32,1,1,1,1,1,1
"4080",191,"Ec_N",68,60,60,"Ec",32,1,1,1,1,1,1
"4081",191,"Ec_N",69,1,1,"Ec",1,0,0,0,0,0,0
"4082",191,"Ec_N",69,2,2,"Ec",1,0,0,0,0,0,0
"4083",191,"Ec_N",69,3,3,"Ec",1,0,0,0,0,0,0
"4084",191,"Ec_N",69,4,4,"Ec",1,0,0,0,0,0,0
"4085",191,"Ec_N",69,5,5,"Ec",1,0,0,0,0,0,0
"4086",191,"Ec_N",69,6,6,"Ec",3,0,1,0,0,0,0.041311480051295
"4087",191,"Ec_N",69,7,7,"Ec",3,0,1,0,0,0,0.041311480051295
"4088",191,"Ec_N",69,8,8,"Ec",3,0,1,0,0,0,0.041311480051295
"4089",191,"Ec_N",69,9,9,"Ec",3,0,1,0,0,0,0.041311480051295
"4090",191,"Ec_N",69,10,10,"Ec",4,1,1,0,0,0,0.239331850597232
"4091",191,"Ec_N",69,11,11,"Ec",4,1,1,0,0,0,0.239331850597232
"4092",191,"Ec_N",69,12,12,"Ec",4,1,1,0,0,0,0.239331850597232
"4093",191,"Ec_N",69,13,13,"Ec",12,1,1,0,1,0,0.259780205416137
"4094",191,"Ec_N",69,14,14,"Ec",12,1,1,0,1,0,0.259780205416137
"4095",191,"Ec_N",69,15,15,"Ec",16,1,1,1,1,0,0.456015583082203
"4096",191,"Ec_N",69,16,16,"Ec",8,1,1,1,0,0,0.583469071478991
"4097",191,"Ec_N",69,17,17,"Ec",8,1,1,1,0,0,0.583469071478991
"4098",191,"Ec_N",69,18,18,"Ec",24,1,1,1,0,1,0.969458006928044
"4099",191,"Ec_N",69,19,19,"Ec",24,1,1,1,0,1,0.969458006928044
"4100",191,"Ec_N",69,20,20,"Ec",24,1,1,1,0,1,0.969458006928044
"4101",191,"Ec_N",69,21,21,"Ec",24,1,1,1,0,1,0.969458006928044
"4102",191,"Ec_N",69,22,22,"Ec",24,1,1,1,0,1,0.969458006928044
"4103",191,"Ec_N",69,23,23,"Ec",24,1,1,1,0,1,0.969458006928044
"4104",191,"Ec_N",69,24,24,"Ec",24,1,1,1,0,1,0.969458006928044
"4105",191,"Ec_N",69,25,25,"Ec",32,1,1,1,1,1,1
"4106",191,"Ec_N",69,26,26,"Ec",32,1,1,1,1,1,1
"4107",191,"Ec_N",69,27,27,"Ec",32,1,1,1,1,1,1
"4108",191,"Ec_N",69,28,28,"Ec",32,1,1,1,1,1,1
"4109",191,"Ec_N",69,29,29,"Ec",32,1,1,1,1,1,1
"4110",191,"Ec_N",69,30,30,"Ec",32,1,1,1,1,1,1
"4111",191,"Ec_N",69,31,31,"Ec",32,1,1,1,1,1,1
"4112",191,"Ec_N",69,32,32,"Ec",32,1,1,1,1,1,1
"4113",191,"Ec_N",69,33,33,"Ec",32,1,1,1,1,1,1
"4114",191,"Ec_N",69,34,34,"Ec",32,1,1,1,1,1,1
"4115",191,"Ec_N",69,35,35,"Ec",32,1,1,1,1,1,1
"4116",191,"Ec_N",69,36,36,"Ec",32,1,1,1,1,1,1
"4117",191,"Ec_N",69,37,37,"Ec",32,1,1,1,1,1,1
"4118",191,"Ec_N",69,38,38,"Ec",32,1,1,1,1,1,1
"4119",191,"Ec_N",69,39,39,"Ec",32,1,1,1,1,1,1
"4120",191,"Ec_N",69,40,40,"Ec",32,1,1,1,1,1,1
"4121",191,"Ec_N",69,41,41,"Ec",32,1,1,1,1,1,1
"4122",191,"Ec_N",69,42,42,"Ec",32,1,1,1,1,1,1
"4123",191,"Ec_N",69,43,43,"Ec",32,1,1,1,1,1,1
"4124",191,"Ec_N",69,44,44,"Ec",32,1,1,1,1,1,1
"4125",191,"Ec_N",69,45,45,"Ec",32,1,1,1,1,1,1
"4126",191,"Ec_N",69,46,46,"Ec",32,1,1,1,1,1,1
"4127",191,"Ec_N",69,47,47,"Ec",32,1,1,1,1,1,1
"4128",191,"Ec_N",69,48,48,"Ec",32,1,1,1,1,1,1
"4129",191,"Ec_N",69,49,49,"Ec",32,1,1,1,1,1,1
"4130",191,"Ec_N",69,50,50,"Ec",32,1,1,1,1,1,1
"4131",191,"Ec_N",69,51,51,"Ec",32,1,1,1,1,1,1
"4132",191,"Ec_N",69,52,52,"Ec",32,1,1,1,1,1,1
"4133",191,"Ec_N",69,53,53,"Ec",32,1,1,1,1,1,1
"4134",191,"Ec_N",69,54,54,"Ec",32,1,1,1,1,1,1
"4135",191,"Ec_N",69,55,55,"Ec",32,1,1,1,1,1,1
"4136",191,"Ec_N",69,56,56,"Ec",32,1,1,1,1,1,1
"4137",191,"Ec_N",69,57,57,"Ec",32,1,1,1,1,1,1
"4138",191,"Ec_N",69,58,58,"Ec",32,1,1,1,1,1,1
"4139",191,"Ec_N",69,59,59,"Ec",32,1,1,1,1,1,1
"4140",191,"Ec_N",69,60,60,"Ec",32,1,1,1,1,1,1
"4141",191,"Ec_N",70,1,1,"Ec",1,0,0,0,0,0,0
"4142",191,"Ec_N",70,2,2,"Ec",1,0,0,0,0,0,0
"4143",191,"Ec_N",70,3,3,"Ec",1,0,0,0,0,0,0
"4144",191,"Ec_N",70,4,4,"Ec",1,0,0,0,0,0,0
"4145",191,"Ec_N",70,5,5,"Ec",5,0,0,1,0,0,0.49313446766664
"4146",191,"Ec_N",70,6,6,"Ec",5,0,0,1,0,0,0.49313446766664
"4147",191,"Ec_N",70,7,7,"Ec",5,0,0,1,0,0,0.49313446766664
"4148",191,"Ec_N",70,8,8,"Ec",7,0,1,1,0,0,0.589282297794007
"4149",191,"Ec_N",70,9,9,"Ec",7,0,1,1,0,0,0.589282297794007
"4150",191,"Ec_N",70,10,10,"Ec",7,0,1,1,0,0,0.589282297794007
"4151",191,"Ec_N",70,11,11,"Ec",7,0,1,1,0,0,0.589282297794007
"4152",191,"Ec_N",70,12,12,"Ec",7,0,1,1,0,0,0.589282297794007
"4153",191,"Ec_N",70,13,13,"Ec",7,0,1,1,0,0,0.589282297794007
"4154",191,"Ec_N",70,14,14,"Ec",7,0,1,1,0,0,0.589282297794007
"4155",191,"Ec_N",70,15,15,"Ec",7,0,1,1,0,0,0.589282297794007
"4156",191,"Ec_N",70,16,16,"Ec",7,0,1,1,0,0,0.589282297794007
"4157",191,"Ec_N",70,17,17,"Ec",7,0,1,1,0,0,0.589282297794007
"4158",191,"Ec_N",70,18,18,"Ec",7,0,1,1,0,0,0.589282297794007
"4159",191,"Ec_N",70,19,19,"Ec",7,0,1,1,0,0,0.589282297794007
"4160",191,"Ec_N",70,20,20,"Ec",7,0,1,1,0,0,0.589282297794007
"4161",191,"Ec_N",70,21,21,"Ec",7,0,1,1,0,0,0.589282297794007
"4162",191,"Ec_N",70,22,22,"Ec",7,0,1,1,0,0,0.589282297794007
"4163",191,"Ec_N",70,23,23,"Ec",7,0,1,1,0,0,0.589282297794007
"4164",191,"Ec_N",70,24,24,"Ec",7,0,1,1,0,0,0.589282297794007
"4165",191,"Ec_N",70,25,25,"Ec",7,0,1,1,0,0,0.589282297794007
"4166",191,"Ec_N",70,26,26,"Ec",7,0,1,1,0,0,0.589282297794007
"4167",191,"Ec_N",70,27,27,"Ec",7,0,1,1,0,0,0.589282297794007
"4168",191,"Ec_N",70,28,28,"Ec",7,0,1,1,0,0,0.589282297794007
"4169",191,"Ec_N",70,29,29,"Ec",7,0,1,1,0,0,0.589282297794007
"4170",191,"Ec_N",70,30,30,"Ec",7,0,1,1,0,0,0.589282297794007
"4171",191,"Ec_N",70,31,31,"Ec",7,0,1,1,0,0,0.589282297794007
"4172",191,"Ec_N",70,32,32,"Ec",7,0,1,1,0,0,0.589282297794007
"4173",191,"Ec_N",70,33,33,"Ec",7,0,1,1,0,0,0.589282297794007
"4174",191,"Ec_N",70,34,34,"Ec",7,0,1,1,0,0,0.589282297794007
"4175",191,"Ec_N",70,35,35,"Ec",7,0,1,1,0,0,0.589282297794007
"4176",191,"Ec_N",70,36,36,"Ec",23,0,1,1,0,1,0.616809062130864
"4177",191,"Ec_N",70,37,37,"Ec",23,0,1,1,0,1,0.616809062130864
"4178",191,"Ec_N",70,38,38,"Ec",23,0,1,1,0,1,0.616809062130864
"4179",191,"Ec_N",70,39,39,"Ec",23,0,1,1,0,1,0.616809062130864
"4180",191,"Ec_N",70,40,40,"Ec",23,0,1,1,0,1,0.616809062130864
"4181",191,"Ec_N",70,41,41,"Ec",23,0,1,1,0,1,0.616809062130864
"4182",191,"Ec_N",70,42,42,"Ec",23,0,1,1,0,1,0.616809062130864
"4183",191,"Ec_N",70,43,43,"Ec",23,0,1,1,0,1,0.616809062130864
"4184",191,"Ec_N",70,44,44,"Ec",23,0,1,1,0,1,0.616809062130864
"4185",191,"Ec_N",70,45,45,"Ec",23,0,1,1,0,1,0.616809062130864
"4186",191,"Ec_N",70,46,46,"Ec",24,1,1,1,0,1,0.969458006928044
"4187",191,"Ec_N",70,47,47,"Ec",24,1,1,1,0,1,0.969458006928044
"4188",191,"Ec_N",70,48,48,"Ec",24,1,1,1,0,1,0.969458006928044
"4189",191,"Ec_N",70,49,49,"Ec",24,1,1,1,0,1,0.969458006928044
"4190",191,"Ec_N",70,50,50,"Ec",24,1,1,1,0,1,0.969458006928044
"4191",191,"Ec_N",70,51,51,"Ec",24,1,1,1,0,1,0.969458006928044
"4192",191,"Ec_N",70,52,52,"Ec",24,1,1,1,0,1,0.969458006928044
"4193",191,"Ec_N",70,53,53,"Ec",24,1,1,1,0,1,0.969458006928044
"4194",191,"Ec_N",70,54,54,"Ec",24,1,1,1,0,1,0.969458006928044
"4195",191,"Ec_N",70,55,55,"Ec",24,1,1,1,0,1,0.969458006928044
"4196",191,"Ec_N",70,56,56,"Ec",24,1,1,1,0,1,0.969458006928044
"4197",191,"Ec_N",70,57,57,"Ec",24,1,1,1,0,1,0.969458006928044
"4198",191,"Ec_N",70,58,58,"Ec",24,1,1,1,0,1,0.969458006928044
"4199",191,"Ec_N",70,59,59,"Ec",24,1,1,1,0,1,0.969458006928044
"4200",191,"Ec_N",70,60,60,"Ec",24,1,1,1,0,1,0.969458006928044
"4201",191,"Ec_N",71,1,1,"Ec",1,0,0,0,0,0,0
"4202",191,"Ec_N",71,2,2,"Ec",1,0,0,0,0,0,0
"4203",191,"Ec_N",71,3,3,"Ec",1,0,0,0,0,0,0
"4204",191,"Ec_N",71,4,4,"Ec",1,0,0,0,0,0,0
"4205",191,"Ec_N",71,5,5,"Ec",1,0,0,0,0,0,0
"4206",191,"Ec_N",71,6,6,"Ec",1,0,0,0,0,0,0
"4207",191,"Ec_N",71,7,7,"Ec",1,0,0,0,0,0,0
"4208",191,"Ec_N",71,8,8,"Ec",1,0,0,0,0,0,0
"4209",191,"Ec_N",71,9,9,"Ec",1,0,0,0,0,0,0
"4210",191,"Ec_N",71,10,10,"Ec",1,0,0,0,0,0,0
"4211",191,"Ec_N",71,11,11,"Ec",1,0,0,0,0,0,0
"4212",191,"Ec_N",71,12,12,"Ec",5,0,0,1,0,0,0.49313446766664
"4213",191,"Ec_N",71,13,13,"Ec",5,0,0,1,0,0,0.49313446766664
"4214",191,"Ec_N",71,14,14,"Ec",5,0,0,1,0,0,0.49313446766664
"4215",191,"Ec_N",71,15,15,"Ec",5,0,0,1,0,0,0.49313446766664
"4216",191,"Ec_N",71,16,16,"Ec",5,0,0,1,0,0,0.49313446766664
"4217",191,"Ec_N",71,17,17,"Ec",5,0,0,1,0,0,0.49313446766664
"4218",191,"Ec_N",71,18,18,"Ec",5,0,0,1,0,0,0.49313446766664
"4219",191,"Ec_N",71,19,19,"Ec",5,0,0,1,0,0,0.49313446766664
"4220",191,"Ec_N",71,20,20,"Ec",5,0,0,1,0,0,0.49313446766664
"4221",191,"Ec_N",71,21,21,"Ec",5,0,0,1,0,0,0.49313446766664
"4222",191,"Ec_N",71,22,22,"Ec",5,0,0,1,0,0,0.49313446766664
"4223",191,"Ec_N",71,23,23,"Ec",5,0,0,1,0,0,0.49313446766664
"4224",191,"Ec_N",71,24,24,"Ec",5,0,0,1,0,0,0.49313446766664
"4225",191,"Ec_N",71,25,25,"Ec",5,0,0,1,0,0,0.49313446766664
"4226",191,"Ec_N",71,26,26,"Ec",5,0,0,1,0,0,0.49313446766664
"4227",191,"Ec_N",71,27,27,"Ec",5,0,0,1,0,0,0.49313446766664
"4228",191,"Ec_N",71,28,28,"Ec",5,0,0,1,0,0,0.49313446766664
"4229",191,"Ec_N",71,29,29,"Ec",5,0,0,1,0,0,0.49313446766664
"4230",191,"Ec_N",71,30,30,"Ec",6,1,0,1,0,0,0.542157591427696
"4231",191,"Ec_N",71,31,31,"Ec",6,1,0,1,0,0,0.542157591427696
"4232",191,"Ec_N",71,32,32,"Ec",6,1,0,1,0,0,0.542157591427696
"4233",191,"Ec_N",71,33,33,"Ec",6,1,0,1,0,0,0.542157591427696
"4234",191,"Ec_N",71,34,34,"Ec",6,1,0,1,0,0,0.542157591427696
"4235",191,"Ec_N",71,35,35,"Ec",6,1,0,1,0,0,0.542157591427696
"4236",191,"Ec_N",71,36,36,"Ec",6,1,0,1,0,0,0.542157591427696
"4237",191,"Ec_N",71,37,37,"Ec",6,1,0,1,0,0,0.542157591427696
"4238",191,"Ec_N",71,38,38,"Ec",6,1,0,1,0,0,0.542157591427696
"4239",191,"Ec_N",71,39,39,"Ec",6,1,0,1,0,0,0.542157591427696
"4240",191,"Ec_N",71,40,40,"Ec",6,1,0,1,0,0,0.542157591427696
"4241",191,"Ec_N",71,41,41,"Ec",22,1,0,1,0,1,0.92522428176681
"4242",191,"Ec_N",71,42,42,"Ec",24,1,1,1,0,1,0.969458006928044
"4243",191,"Ec_N",71,43,43,"Ec",24,1,1,1,0,1,0.969458006928044
"4244",191,"Ec_N",71,44,44,"Ec",24,1,1,1,0,1,0.969458006928044
"4245",191,"Ec_N",71,45,45,"Ec",24,1,1,1,0,1,0.969458006928044
"4246",191,"Ec_N",71,46,46,"Ec",24,1,1,1,0,1,0.969458006928044
"4247",191,"Ec_N",71,47,47,"Ec",24,1,1,1,0,1,0.969458006928044
"4248",191,"Ec_N",71,48,48,"Ec",24,1,1,1,0,1,0.969458006928044
"4249",191,"Ec_N",71,49,49,"Ec",24,1,1,1,0,1,0.969458006928044
"4250",191,"Ec_N",71,50,50,"Ec",24,1,1,1,0,1,0.969458006928044
"4251",191,"Ec_N",71,51,51,"Ec",24,1,1,1,0,1,0.969458006928044
"4252",191,"Ec_N",71,52,52,"Ec",24,1,1,1,0,1,0.969458006928044
"4253",191,"Ec_N",71,53,53,"Ec",24,1,1,1,0,1,0.969458006928044
"4254",191,"Ec_N",71,54,54,"Ec",24,1,1,1,0,1,0.969458006928044
"4255",191,"Ec_N",71,55,55,"Ec",24,1,1,1,0,1,0.969458006928044
"4256",191,"Ec_N",71,56,56,"Ec",24,1,1,1,0,1,0.969458006928044
"4257",191,"Ec_N",71,57,57,"Ec",24,1,1,1,0,1,0.969458006928044
"4258",191,"Ec_N",71,58,58,"Ec",24,1,1,1,0,1,0.969458006928044
"4259",191,"Ec_N",71,59,59,"Ec",24,1,1,1,0,1,0.969458006928044
"4260",191,"Ec_N",71,60,60,"Ec",24,1,1,1,0,1,0.969458006928044
"4261",191,"Ec_N",72,1,1,"Ec",1,0,0,0,0,0,0
"4262",191,"Ec_N",72,2,2,"Ec",1,0,0,0,0,0,0
"4263",191,"Ec_N",72,3,3,"Ec",5,0,0,1,0,0,0.49313446766664
"4264",191,"Ec_N",72,4,4,"Ec",5,0,0,1,0,0,0.49313446766664
"4265",191,"Ec_N",72,5,5,"Ec",5,0,0,1,0,0,0.49313446766664
"4266",191,"Ec_N",72,6,6,"Ec",5,0,0,1,0,0,0.49313446766664
"4267",191,"Ec_N",72,7,7,"Ec",5,0,0,1,0,0,0.49313446766664
"4268",191,"Ec_N",72,8,8,"Ec",6,1,0,1,0,0,0.542157591427696
"4269",191,"Ec_N",72,9,9,"Ec",22,1,0,1,0,1,0.92522428176681
"4270",191,"Ec_N",72,10,10,"Ec",22,1,0,1,0,1,0.92522428176681
"4271",191,"Ec_N",72,11,11,"Ec",22,1,0,1,0,1,0.92522428176681
"4272",191,"Ec_N",72,12,12,"Ec",22,1,0,1,0,1,0.92522428176681
"4273",191,"Ec_N",72,13,13,"Ec",22,1,0,1,0,1,0.92522428176681
"4274",191,"Ec_N",72,14,14,"Ec",22,1,0,1,0,1,0.92522428176681
"4275",191,"Ec_N",72,15,15,"Ec",22,1,0,1,0,1,0.92522428176681
"4276",191,"Ec_N",72,16,16,"Ec",22,1,0,1,0,1,0.92522428176681
"4277",191,"Ec_N",72,17,17,"Ec",22,1,0,1,0,1,0.92522428176681
"4278",191,"Ec_N",72,18,18,"Ec",22,1,0,1,0,1,0.92522428176681
"4279",191,"Ec_N",72,19,19,"Ec",22,1,0,1,0,1,0.92522428176681
"4280",191,"Ec_N",72,20,20,"Ec",22,1,0,1,0,1,0.92522428176681
"4281",191,"Ec_N",72,21,21,"Ec",22,1,0,1,0,1,0.92522428176681
"4282",191,"Ec_N",72,22,22,"Ec",22,1,0,1,0,1,0.92522428176681
"4283",191,"Ec_N",72,23,23,"Ec",22,1,0,1,0,1,0.92522428176681
"4284",191,"Ec_N",72,24,24,"Ec",22,1,0,1,0,1,0.92522428176681
"4285",191,"Ec_N",72,25,25,"Ec",22,1,0,1,0,1,0.92522428176681
"4286",191,"Ec_N",72,26,26,"Ec",22,1,0,1,0,1,0.92522428176681
"4287",191,"Ec_N",72,27,27,"Ec",22,1,0,1,0,1,0.92522428176681
"4288",191,"Ec_N",72,28,28,"Ec",22,1,0,1,0,1,0.92522428176681
"4289",191,"Ec_N",72,29,29,"Ec",24,1,1,1,0,1,0.969458006928044
"4290",191,"Ec_N",72,30,30,"Ec",24,1,1,1,0,1,0.969458006928044
"4291",191,"Ec_N",72,31,31,"Ec",24,1,1,1,0,1,0.969458006928044
"4292",191,"Ec_N",72,32,32,"Ec",24,1,1,1,0,1,0.969458006928044
"4293",191,"Ec_N",72,33,33,"Ec",24,1,1,1,0,1,0.969458006928044
"4294",191,"Ec_N",72,34,34,"Ec",24,1,1,1,0,1,0.969458006928044
"4295",191,"Ec_N",72,35,35,"Ec",24,1,1,1,0,1,0.969458006928044
"4296",191,"Ec_N",72,36,36,"Ec",24,1,1,1,0,1,0.969458006928044
"4297",191,"Ec_N",72,37,37,"Ec",24,1,1,1,0,1,0.969458006928044
"4298",191,"Ec_N",72,38,38,"Ec",24,1,1,1,0,1,0.969458006928044
"4299",191,"Ec_N",72,39,39,"Ec",24,1,1,1,0,1,0.969458006928044
"4300",191,"Ec_N",72,40,40,"Ec",32,1,1,1,1,1,1
"4301",191,"Ec_N",72,41,41,"Ec",32,1,1,1,1,1,1
"4302",191,"Ec_N",72,42,42,"Ec",32,1,1,1,1,1,1
"4303",191,"Ec_N",72,43,43,"Ec",32,1,1,1,1,1,1
"4304",191,"Ec_N",72,44,44,"Ec",32,1,1,1,1,1,1
"4305",191,"Ec_N",72,45,45,"Ec",32,1,1,1,1,1,1
"4306",191,"Ec_N",72,46,46,"Ec",32,1,1,1,1,1,1
"4307",191,"Ec_N",72,47,47,"Ec",32,1,1,1,1,1,1
"4308",191,"Ec_N",72,48,48,"Ec",32,1,1,1,1,1,1
"4309",191,"Ec_N",72,49,49,"Ec",32,1,1,1,1,1,1
"4310",191,"Ec_N",72,50,50,"Ec",32,1,1,1,1,1,1
"4311",191,"Ec_N",72,51,51,"Ec",32,1,1,1,1,1,1
"4312",191,"Ec_N",72,52,52,"Ec",32,1,1,1,1,1,1
"4313",191,"Ec_N",72,53,53,"Ec",32,1,1,1,1,1,1
"4314",191,"Ec_N",72,54,54,"Ec",32,1,1,1,1,1,1
"4315",191,"Ec_N",72,55,55,"Ec",32,1,1,1,1,1,1
"4316",191,"Ec_N",72,56,56,"Ec",32,1,1,1,1,1,1
"4317",191,"Ec_N",72,57,57,"Ec",32,1,1,1,1,1,1
"4318",191,"Ec_N",72,58,58,"Ec",32,1,1,1,1,1,1
"4319",191,"Ec_N",72,59,59,"Ec",32,1,1,1,1,1,1
"4320",191,"Ec_N",72,60,60,"Ec",32,1,1,1,1,1,1
"4321",191,"Ec_N",73,1,1,"Ec",1,0,0,0,0,0,0
"4322",191,"Ec_N",73,2,2,"Ec",1,0,0,0,0,0,0
"4323",191,"Ec_N",73,3,3,"Ec",1,0,0,0,0,0,0
"4324",191,"Ec_N",73,4,4,"Ec",1,0,0,0,0,0,0
"4325",191,"Ec_N",73,5,5,"Ec",1,0,0,0,0,0,0
"4326",191,"Ec_N",73,6,6,"Ec",1,0,0,0,0,0,0
"4327",191,"Ec_N",73,7,7,"Ec",1,0,0,0,0,0,0
"4328",191,"Ec_N",73,8,8,"Ec",5,0,0,1,0,0,0.49313446766664
"4329",191,"Ec_N",73,9,9,"Ec",5,0,0,1,0,0,0.49313446766664
"4330",191,"Ec_N",73,10,10,"Ec",5,0,0,1,0,0,0.49313446766664
"4331",191,"Ec_N",73,11,11,"Ec",5,0,0,1,0,0,0.49313446766664
"4332",191,"Ec_N",73,12,12,"Ec",5,0,0,1,0,0,0.49313446766664
"4333",191,"Ec_N",73,13,13,"Ec",5,0,0,1,0,0,0.49313446766664
"4334",191,"Ec_N",73,14,14,"Ec",5,0,0,1,0,0,0.49313446766664
"4335",191,"Ec_N",73,15,15,"Ec",21,0,0,1,0,1,0.726280938342543
"4336",191,"Ec_N",73,16,16,"Ec",21,0,0,1,0,1,0.726280938342543
"4337",191,"Ec_N",73,17,17,"Ec",21,0,0,1,0,1,0.726280938342543
"4338",191,"Ec_N",73,18,18,"Ec",21,0,0,1,0,1,0.726280938342543
"4339",191,"Ec_N",73,19,19,"Ec",21,0,0,1,0,1,0.726280938342543
"4340",191,"Ec_N",73,20,20,"Ec",21,0,0,1,0,1,0.726280938342543
"4341",191,"Ec_N",73,21,21,"Ec",21,0,0,1,0,1,0.726280938342543
"4342",191,"Ec_N",73,22,22,"Ec",21,0,0,1,0,1,0.726280938342543
"4343",191,"Ec_N",73,23,23,"Ec",21,0,0,1,0,1,0.726280938342543
"4344",191,"Ec_N",73,24,24,"Ec",21,0,0,1,0,1,0.726280938342543
"4345",191,"Ec_N",73,25,25,"Ec",21,0,0,1,0,1,0.726280938342543
"4346",191,"Ec_N",73,26,26,"Ec",21,0,0,1,0,1,0.726280938342543
"4347",191,"Ec_N",73,27,27,"Ec",21,0,0,1,0,1,0.726280938342543
"4348",191,"Ec_N",73,28,28,"Ec",21,0,0,1,0,1,0.726280938342543
"4349",191,"Ec_N",73,29,29,"Ec",21,0,0,1,0,1,0.726280938342543
"4350",191,"Ec_N",73,30,30,"Ec",21,0,0,1,0,1,0.726280938342543
"4351",191,"Ec_N",73,31,31,"Ec",21,0,0,1,0,1,0.726280938342543
"4352",191,"Ec_N",73,32,32,"Ec",21,0,0,1,0,1,0.726280938342543
"4353",191,"Ec_N",73,33,33,"Ec",21,0,0,1,0,1,0.726280938342543
"4354",191,"Ec_N",73,34,34,"Ec",21,0,0,1,0,1,0.726280938342543
"4355",191,"Ec_N",73,35,35,"Ec",21,0,0,1,0,1,0.726280938342543
"4356",191,"Ec_N",73,36,36,"Ec",21,0,0,1,0,1,0.726280938342543
"4357",191,"Ec_N",73,37,37,"Ec",29,0,0,1,1,1,0.760668149402769
"4358",191,"Ec_N",73,38,38,"Ec",29,0,0,1,1,1,0.760668149402769
"4359",191,"Ec_N",73,39,39,"Ec",29,0,0,1,1,1,0.760668149402769
"4360",191,"Ec_N",73,40,40,"Ec",29,0,0,1,1,1,0.760668149402769
"4361",191,"Ec_N",73,41,41,"Ec",29,0,0,1,1,1,0.760668149402769
"4362",191,"Ec_N",73,42,42,"Ec",29,0,0,1,1,1,0.760668149402769
"4363",191,"Ec_N",73,43,43,"Ec",29,0,0,1,1,1,0.760668149402769
"4364",191,"Ec_N",73,44,44,"Ec",30,1,0,1,1,1,0.958688519948705
"4365",191,"Ec_N",73,45,45,"Ec",30,1,0,1,1,1,0.958688519948705
"4366",191,"Ec_N",73,46,46,"Ec",30,1,0,1,1,1,0.958688519948705
"4367",191,"Ec_N",73,47,47,"Ec",30,1,0,1,1,1,0.958688519948705
"4368",191,"Ec_N",73,48,48,"Ec",30,1,0,1,1,1,0.958688519948705
"4369",191,"Ec_N",73,49,49,"Ec",30,1,0,1,1,1,0.958688519948705
"4370",191,"Ec_N",73,50,50,"Ec",30,1,0,1,1,1,0.958688519948705
"4371",191,"Ec_N",73,51,51,"Ec",30,1,0,1,1,1,0.958688519948705
"4372",191,"Ec_N",73,52,52,"Ec",30,1,0,1,1,1,0.958688519948705
"4373",191,"Ec_N",73,53,53,"Ec",30,1,0,1,1,1,0.958688519948705
"4374",191,"Ec_N",73,54,54,"Ec",30,1,0,1,1,1,0.958688519948705
"4375",191,"Ec_N",73,55,55,"Ec",30,1,0,1,1,1,0.958688519948705
"4376",191,"Ec_N",73,56,56,"Ec",30,1,0,1,1,1,0.958688519948705
"4377",191,"Ec_N",73,57,57,"Ec",30,1,0,1,1,1,0.958688519948705
"4378",191,"Ec_N",73,58,58,"Ec",30,1,0,1,1,1,0.958688519948705
"4379",191,"Ec_N",73,59,59,"Ec",30,1,0,1,1,1,0.958688519948705
"4380",191,"Ec_N",73,60,60,"Ec",30,1,0,1,1,1,0.958688519948705
"4381",191,"Ec_N",74,1,1,"Ec",1,0,0,0,0,0,0
"4382",191,"Ec_N",74,2,2,"Ec",1,0,0,0,0,0,0
"4383",191,"Ec_N",74,3,3,"Ec",1,0,0,0,0,0,0
"4384",191,"Ec_N",74,4,4,"Ec",1,0,0,0,0,0,0
"4385",191,"Ec_N",74,5,5,"Ec",1,0,0,0,0,0,0
"4386",191,"Ec_N",74,6,6,"Ec",1,0,0,0,0,0,0
"4387",191,"Ec_N",74,7,7,"Ec",1,0,0,0,0,0,0
"4388",191,"Ec_N",74,8,8,"Ec",3,0,1,0,0,0,0.041311480051295
"4389",191,"Ec_N",74,9,9,"Ec",3,0,1,0,0,0,0.041311480051295
"4390",191,"Ec_N",74,10,10,"Ec",3,0,1,0,0,0,0.041311480051295
"4391",191,"Ec_N",74,11,11,"Ec",3,0,1,0,0,0,0.041311480051295
"4392",191,"Ec_N",74,12,12,"Ec",3,0,1,0,0,0,0.041311480051295
"4393",191,"Ec_N",74,13,13,"Ec",11,0,1,0,1,0,0.0857419302602629
"4394",191,"Ec_N",74,14,14,"Ec",11,0,1,0,1,0,0.0857419302602629
"4395",191,"Ec_N",74,15,15,"Ec",11,0,1,0,1,0,0.0857419302602629
"4396",191,"Ec_N",74,16,16,"Ec",11,0,1,0,1,0,0.0857419302602629
"4397",191,"Ec_N",74,17,17,"Ec",11,0,1,0,1,0,0.0857419302602629
"4398",191,"Ec_N",74,18,18,"Ec",11,0,1,0,1,0,0.0857419302602629
"4399",191,"Ec_N",74,19,19,"Ec",11,0,1,0,1,0,0.0857419302602629
"4400",191,"Ec_N",74,20,20,"Ec",27,0,1,0,1,1,0.357221419161902
"4401",191,"Ec_N",74,21,21,"Ec",27,0,1,0,1,1,0.357221419161902
"4402",191,"Ec_N",74,22,22,"Ec",27,0,1,0,1,1,0.357221419161902
"4403",191,"Ec_N",74,23,23,"Ec",27,0,1,0,1,1,0.357221419161902
"4404",191,"Ec_N",74,24,24,"Ec",27,0,1,0,1,1,0.357221419161902
"4405",191,"Ec_N",74,25,25,"Ec",27,0,1,0,1,1,0.357221419161902
"4406",191,"Ec_N",74,26,26,"Ec",27,0,1,0,1,1,0.357221419161902
"4407",191,"Ec_N",74,27,27,"Ec",27,0,1,0,1,1,0.357221419161902
"4408",191,"Ec_N",74,28,28,"Ec",28,1,1,0,1,1,0.681047421119041
"4409",191,"Ec_N",74,29,29,"Ec",28,1,1,0,1,1,0.681047421119041
"4410",191,"Ec_N",74,30,30,"Ec",28,1,1,0,1,1,0.681047421119041
"4411",191,"Ec_N",74,31,31,"Ec",28,1,1,0,1,1,0.681047421119041
"4412",191,"Ec_N",74,32,32,"Ec",28,1,1,0,1,1,0.681047421119041
"4413",191,"Ec_N",74,33,33,"Ec",28,1,1,0,1,1,0.681047421119041
"4414",191,"Ec_N",74,34,34,"Ec",28,1,1,0,1,1,0.681047421119041
"4415",191,"Ec_N",74,35,35,"Ec",28,1,1,0,1,1,0.681047421119041
"4416",191,"Ec_N",74,36,36,"Ec",32,1,1,1,1,1,1
"4417",191,"Ec_N",74,37,37,"Ec",32,1,1,1,1,1,1
"4418",191,"Ec_N",74,38,38,"Ec",32,1,1,1,1,1,1
"4419",191,"Ec_N",74,39,39,"Ec",32,1,1,1,1,1,1
"4420",191,"Ec_N",74,40,40,"Ec",32,1,1,1,1,1,1
"4421",191,"Ec_N",74,41,41,"Ec",32,1,1,1,1,1,1
"4422",191,"Ec_N",74,42,42,"Ec",32,1,1,1,1,1,1
"4423",191,"Ec_N",74,43,43,"Ec",32,1,1,1,1,1,1
"4424",191,"Ec_N",74,44,44,"Ec",32,1,1,1,1,1,1
"4425",191,"Ec_N",74,45,45,"Ec",32,1,1,1,1,1,1
"4426",191,"Ec_N",74,46,46,"Ec",32,1,1,1,1,1,1
"4427",191,"Ec_N",74,47,47,"Ec",32,1,1,1,1,1,1
"4428",191,"Ec_N",74,48,48,"Ec",32,1,1,1,1,1,1
"4429",191,"Ec_N",74,49,49,"Ec",32,1,1,1,1,1,1
"4430",191,"Ec_N",74,50,50,"Ec",32,1,1,1,1,1,1
"4431",191,"Ec_N",74,51,51,"Ec",32,1,1,1,1,1,1
"4432",191,"Ec_N",74,52,52,"Ec",32,1,1,1,1,1,1
"4433",191,"Ec_N",74,53,53,"Ec",32,1,1,1,1,1,1
"4434",191,"Ec_N",74,54,54,"Ec",32,1,1,1,1,1,1
"4435",191,"Ec_N",74,55,55,"Ec",32,1,1,1,1,1,1
"4436",191,"Ec_N",74,56,56,"Ec",32,1,1,1,1,1,1
"4437",191,"Ec_N",74,57,57,"Ec",32,1,1,1,1,1,1
"4438",191,"Ec_N",74,58,58,"Ec",32,1,1,1,1,1,1
"4439",191,"Ec_N",74,59,59,"Ec",32,1,1,1,1,1,1
"4440",191,"Ec_N",74,60,60,"Ec",32,1,1,1,1,1,1
"4441",191,"Ec_N",75,1,1,"Ec",1,0,0,0,0,0,0
"4442",191,"Ec_N",75,2,2,"Ec",1,0,0,0,0,0,0
"4443",191,"Ec_N",75,3,3,"Ec",5,0,0,1,0,0,0.49313446766664
"4444",191,"Ec_N",75,4,4,"Ec",5,0,0,1,0,0,0.49313446766664
"4445",191,"Ec_N",75,5,5,"Ec",5,0,0,1,0,0,0.49313446766664
"4446",191,"Ec_N",75,6,6,"Ec",21,0,0,1,0,1,0.726280938342543
"4447",191,"Ec_N",75,7,7,"Ec",21,0,0,1,0,1,0.726280938342543
"4448",191,"Ec_N",75,8,8,"Ec",21,0,0,1,0,1,0.726280938342543
"4449",191,"Ec_N",75,9,9,"Ec",21,0,0,1,0,1,0.726280938342543
"4450",191,"Ec_N",75,10,10,"Ec",21,0,0,1,0,1,0.726280938342543
"4451",191,"Ec_N",75,11,11,"Ec",21,0,0,1,0,1,0.726280938342543
"4452",191,"Ec_N",75,12,12,"Ec",21,0,0,1,0,1,0.726280938342543
"4453",191,"Ec_N",75,13,13,"Ec",21,0,0,1,0,1,0.726280938342543
"4454",191,"Ec_N",75,14,14,"Ec",21,0,0,1,0,1,0.726280938342543
"4455",191,"Ec_N",75,15,15,"Ec",21,0,0,1,0,1,0.726280938342543
"4456",191,"Ec_N",75,16,16,"Ec",21,0,0,1,0,1,0.726280938342543
"4457",191,"Ec_N",75,17,17,"Ec",21,0,0,1,0,1,0.726280938342543
"4458",191,"Ec_N",75,18,18,"Ec",21,0,0,1,0,1,0.726280938342543
"4459",191,"Ec_N",75,19,19,"Ec",21,0,0,1,0,1,0.726280938342543
"4460",191,"Ec_N",75,20,20,"Ec",21,0,0,1,0,1,0.726280938342543
"4461",191,"Ec_N",75,21,21,"Ec",21,0,0,1,0,1,0.726280938342543
"4462",191,"Ec_N",75,22,22,"Ec",21,0,0,1,0,1,0.726280938342543
"4463",191,"Ec_N",75,23,23,"Ec",21,0,0,1,0,1,0.726280938342543
"4464",191,"Ec_N",75,24,24,"Ec",21,0,0,1,0,1,0.726280938342543
"4465",191,"Ec_N",75,25,25,"Ec",21,0,0,1,0,1,0.726280938342543
"4466",191,"Ec_N",75,26,26,"Ec",21,0,0,1,0,1,0.726280938342543
"4467",191,"Ec_N",75,27,27,"Ec",21,0,0,1,0,1,0.726280938342543
"4468",191,"Ec_N",75,28,28,"Ec",21,0,0,1,0,1,0.726280938342543
"4469",191,"Ec_N",75,29,29,"Ec",21,0,0,1,0,1,0.726280938342543
"4470",191,"Ec_N",75,30,30,"Ec",21,0,0,1,0,1,0.726280938342543
"4471",191,"Ec_N",75,31,31,"Ec",29,0,0,1,1,1,0.760668149402769
"4472",191,"Ec_N",75,32,32,"Ec",30,1,0,1,1,1,0.958688519948705
"4473",191,"Ec_N",75,33,33,"Ec",30,1,0,1,1,1,0.958688519948705
"4474",191,"Ec_N",75,34,34,"Ec",30,1,0,1,1,1,0.958688519948705
"4475",191,"Ec_N",75,35,35,"Ec",30,1,0,1,1,1,0.958688519948705
"4476",191,"Ec_N",75,36,36,"Ec",30,1,0,1,1,1,0.958688519948705
"4477",191,"Ec_N",75,37,37,"Ec",30,1,0,1,1,1,0.958688519948705
"4478",191,"Ec_N",75,38,38,"Ec",30,1,0,1,1,1,0.958688519948705
"4479",191,"Ec_N",75,39,39,"Ec",30,1,0,1,1,1,0.958688519948705
"4480",191,"Ec_N",75,40,40,"Ec",30,1,0,1,1,1,0.958688519948705
"4481",191,"Ec_N",75,41,41,"Ec",30,1,0,1,1,1,0.958688519948705
"4482",191,"Ec_N",75,42,42,"Ec",30,1,0,1,1,1,0.958688519948705
"4483",191,"Ec_N",75,43,43,"Ec",30,1,0,1,1,1,0.958688519948705
"4484",191,"Ec_N",75,44,44,"Ec",30,1,0,1,1,1,0.958688519948705
"4485",191,"Ec_N",75,45,45,"Ec",30,1,0,1,1,1,0.958688519948705
"4486",191,"Ec_N",75,46,46,"Ec",30,1,0,1,1,1,0.958688519948705
"4487",191,"Ec_N",75,47,47,"Ec",30,1,0,1,1,1,0.958688519948705
"4488",191,"Ec_N",75,48,48,"Ec",30,1,0,1,1,1,0.958688519948705
"4489",191,"Ec_N",75,49,49,"Ec",30,1,0,1,1,1,0.958688519948705
"4490",191,"Ec_N",75,50,50,"Ec",30,1,0,1,1,1,0.958688519948705
"4491",191,"Ec_N",75,51,51,"Ec",30,1,0,1,1,1,0.958688519948705
"4492",191,"Ec_N",75,52,52,"Ec",30,1,0,1,1,1,0.958688519948705
"4493",191,"Ec_N",75,53,53,"Ec",30,1,0,1,1,1,0.958688519948705
"4494",191,"Ec_N",75,54,54,"Ec",30,1,0,1,1,1,0.958688519948705
"4495",191,"Ec_N",75,55,55,"Ec",30,1,0,1,1,1,0.958688519948705
"4496",191,"Ec_N",75,56,56,"Ec",30,1,0,1,1,1,0.958688519948705
"4497",191,"Ec_N",75,57,57,"Ec",30,1,0,1,1,1,0.958688519948705
"4498",191,"Ec_N",75,58,58,"Ec",30,1,0,1,1,1,0.958688519948705
"4499",191,"Ec_N",75,59,59,"Ec",30,1,0,1,1,1,0.958688519948705
"4500",191,"Ec_N",75,60,60,"Ec",30,1,0,1,1,1,0.958688519948705
"4501",191,"Ec_N",76,1,1,"Ec",1,0,0,0,0,0,0
"4502",191,"Ec_N",76,2,2,"Ec",1,0,0,0,0,0,0
"4503",191,"Ec_N",76,3,3,"Ec",1,0,0,0,0,0,0
"4504",191,"Ec_N",76,4,4,"Ec",9,0,0,0,1,0,0.0305419930719563
"4505",191,"Ec_N",76,5,5,"Ec",10,1,0,0,1,0,0.228562363617893
"4506",191,"Ec_N",76,6,6,"Ec",10,1,0,0,1,0,0.228562363617893
"4507",191,"Ec_N",76,7,7,"Ec",14,1,0,1,1,0,0.746777083195453
"4508",191,"Ec_N",76,8,8,"Ec",14,1,0,1,1,0,0.746777083195453
"4509",191,"Ec_N",76,9,9,"Ec",14,1,0,1,1,0,0.746777083195453
"4510",191,"Ec_N",76,10,10,"Ec",14,1,0,1,1,0,0.746777083195453
"4511",191,"Ec_N",76,11,11,"Ec",14,1,0,1,1,0,0.746777083195453
"4512",191,"Ec_N",76,12,12,"Ec",14,1,0,1,1,0,0.746777083195453
"4513",191,"Ec_N",76,13,13,"Ec",14,1,0,1,1,0,0.746777083195453
"4514",191,"Ec_N",76,14,14,"Ec",14,1,0,1,1,0,0.746777083195453
"4515",191,"Ec_N",76,15,15,"Ec",14,1,0,1,1,0,0.746777083195453
"4516",191,"Ec_N",76,16,16,"Ec",14,1,0,1,1,0,0.746777083195453
"4517",191,"Ec_N",76,17,17,"Ec",14,1,0,1,1,0,0.746777083195453
"4518",191,"Ec_N",76,18,18,"Ec",30,1,0,1,1,1,0.958688519948705
"4519",191,"Ec_N",76,19,19,"Ec",30,1,0,1,1,1,0.958688519948705
"4520",191,"Ec_N",76,20,20,"Ec",30,1,0,1,1,1,0.958688519948705
"4521",191,"Ec_N",76,21,21,"Ec",30,1,0,1,1,1,0.958688519948705
"4522",191,"Ec_N",76,22,22,"Ec",30,1,0,1,1,1,0.958688519948705
"4523",191,"Ec_N",76,23,23,"Ec",30,1,0,1,1,1,0.958688519948705
"4524",191,"Ec_N",76,24,24,"Ec",30,1,0,1,1,1,0.958688519948705
"4525",191,"Ec_N",76,25,25,"Ec",30,1,0,1,1,1,0.958688519948705
"4526",191,"Ec_N",76,26,26,"Ec",30,1,0,1,1,1,0.958688519948705
"4527",191,"Ec_N",76,27,27,"Ec",30,1,0,1,1,1,0.958688519948705
"4528",191,"Ec_N",76,28,28,"Ec",30,1,0,1,1,1,0.958688519948705
"4529",191,"Ec_N",76,29,29,"Ec",30,1,0,1,1,1,0.958688519948705
"4530",191,"Ec_N",76,30,30,"Ec",30,1,0,1,1,1,0.958688519948705
"4531",191,"Ec_N",76,31,31,"Ec",30,1,0,1,1,1,0.958688519948705
"4532",191,"Ec_N",76,32,32,"Ec",30,1,0,1,1,1,0.958688519948705
"4533",191,"Ec_N",76,33,33,"Ec",30,1,0,1,1,1,0.958688519948705
"4534",191,"Ec_N",76,34,34,"Ec",30,1,0,1,1,1,0.958688519948705
"4535",191,"Ec_N",76,35,35,"Ec",32,1,1,1,1,1,1
"4536",191,"Ec_N",76,36,36,"Ec",32,1,1,1,1,1,1
"4537",191,"Ec_N",76,37,37,"Ec",32,1,1,1,1,1,1
"4538",191,"Ec_N",76,38,38,"Ec",32,1,1,1,1,1,1
"4539",191,"Ec_N",76,39,39,"Ec",32,1,1,1,1,1,1
"4540",191,"Ec_N",76,40,40,"Ec",32,1,1,1,1,1,1
"4541",191,"Ec_N",76,41,41,"Ec",32,1,1,1,1,1,1
"4542",191,"Ec_N",76,42,42,"Ec",32,1,1,1,1,1,1
"4543",191,"Ec_N",76,43,43,"Ec",32,1,1,1,1,1,1
"4544",191,"Ec_N",76,44,44,"Ec",32,1,1,1,1,1,1
"4545",191,"Ec_N",76,45,45,"Ec",32,1,1,1,1,1,1
"4546",191,"Ec_N",76,46,46,"Ec",32,1,1,1,1,1,1
"4547",191,"Ec_N",76,47,47,"Ec",32,1,1,1,1,1,1
"4548",191,"Ec_N",76,48,48,"Ec",32,1,1,1,1,1,1
"4549",191,"Ec_N",76,49,49,"Ec",32,1,1,1,1,1,1
"4550",191,"Ec_N",76,50,50,"Ec",32,1,1,1,1,1,1
"4551",191,"Ec_N",76,51,51,"Ec",32,1,1,1,1,1,1
"4552",191,"Ec_N",76,52,52,"Ec",32,1,1,1,1,1,1
"4553",191,"Ec_N",76,53,53,"Ec",32,1,1,1,1,1,1
"4554",191,"Ec_N",76,54,54,"Ec",32,1,1,1,1,1,1
"4555",191,"Ec_N",76,55,55,"Ec",32,1,1,1,1,1,1
"4556",191,"Ec_N",76,56,56,"Ec",32,1,1,1,1,1,1
"4557",191,"Ec_N",76,57,57,"Ec",32,1,1,1,1,1,1
"4558",191,"Ec_N",76,58,58,"Ec",32,1,1,1,1,1,1
"4559",191,"Ec_N",76,59,59,"Ec",32,1,1,1,1,1,1
"4560",191,"Ec_N",76,60,60,"Ec",32,1,1,1,1,1,1
"4561",191,"Ec_N",77,1,1,"Ec",1,0,0,0,0,0,0
"4562",191,"Ec_N",77,2,2,"Ec",3,0,1,0,0,0,0.041311480051295
"4563",191,"Ec_N",77,3,3,"Ec",19,0,1,0,0,1,0.427300415500348
"4564",191,"Ec_N",77,4,4,"Ec",19,0,1,0,0,1,0.427300415500348
"4565",191,"Ec_N",77,5,5,"Ec",19,0,1,0,0,1,0.427300415500348
"4566",191,"Ec_N",77,6,6,"Ec",19,0,1,0,0,1,0.427300415500348
"4567",191,"Ec_N",77,7,7,"Ec",19,0,1,0,0,1,0.427300415500348
"4568",191,"Ec_N",77,8,8,"Ec",19,0,1,0,0,1,0.427300415500348
"4569",191,"Ec_N",77,9,9,"Ec",19,0,1,0,0,1,0.427300415500348
"4570",191,"Ec_N",77,10,10,"Ec",19,0,1,0,0,1,0.427300415500348
"4571",191,"Ec_N",77,11,11,"Ec",19,0,1,0,0,1,0.427300415500348
"4572",191,"Ec_N",77,12,12,"Ec",19,0,1,0,0,1,0.427300415500348
"4573",191,"Ec_N",77,13,13,"Ec",19,0,1,0,0,1,0.427300415500348
"4574",191,"Ec_N",77,14,14,"Ec",19,0,1,0,0,1,0.427300415500348
"4575",191,"Ec_N",77,15,15,"Ec",19,0,1,0,0,1,0.427300415500348
"4576",191,"Ec_N",77,16,16,"Ec",19,0,1,0,0,1,0.427300415500348
"4577",191,"Ec_N",77,17,17,"Ec",19,0,1,0,0,1,0.427300415500348
"4578",191,"Ec_N",77,18,18,"Ec",23,0,1,1,0,1,0.616809062130864
"4579",191,"Ec_N",77,19,19,"Ec",23,0,1,1,0,1,0.616809062130864
"4580",191,"Ec_N",77,20,20,"Ec",23,0,1,1,0,1,0.616809062130864
"4581",191,"Ec_N",77,21,21,"Ec",23,0,1,1,0,1,0.616809062130864
"4582",191,"Ec_N",77,22,22,"Ec",23,0,1,1,0,1,0.616809062130864
"4583",191,"Ec_N",77,23,23,"Ec",23,0,1,1,0,1,0.616809062130864
"4584",191,"Ec_N",77,24,24,"Ec",24,1,1,1,0,1,0.969458006928044
"4585",191,"Ec_N",77,25,25,"Ec",24,1,1,1,0,1,0.969458006928044
"4586",191,"Ec_N",77,26,26,"Ec",24,1,1,1,0,1,0.969458006928044
"4587",191,"Ec_N",77,27,27,"Ec",24,1,1,1,0,1,0.969458006928044
"4588",191,"Ec_N",77,28,28,"Ec",24,1,1,1,0,1,0.969458006928044
"4589",191,"Ec_N",77,29,29,"Ec",32,1,1,1,1,1,1
"4590",191,"Ec_N",77,30,30,"Ec",32,1,1,1,1,1,1
"4591",191,"Ec_N",77,31,31,"Ec",32,1,1,1,1,1,1
"4592",191,"Ec_N",77,32,32,"Ec",32,1,1,1,1,1,1
"4593",191,"Ec_N",77,33,33,"Ec",32,1,1,1,1,1,1
"4594",191,"Ec_N",77,34,34,"Ec",32,1,1,1,1,1,1
"4595",191,"Ec_N",77,35,35,"Ec",32,1,1,1,1,1,1
"4596",191,"Ec_N",77,36,36,"Ec",32,1,1,1,1,1,1
"4597",191,"Ec_N",77,37,37,"Ec",32,1,1,1,1,1,1
"4598",191,"Ec_N",77,38,38,"Ec",32,1,1,1,1,1,1
"4599",191,"Ec_N",77,39,39,"Ec",32,1,1,1,1,1,1
"4600",191,"Ec_N",77,40,40,"Ec",32,1,1,1,1,1,1
"4601",191,"Ec_N",77,41,41,"Ec",32,1,1,1,1,1,1
"4602",191,"Ec_N",77,42,42,"Ec",32,1,1,1,1,1,1
"4603",191,"Ec_N",77,43,43,"Ec",32,1,1,1,1,1,1
"4604",191,"Ec_N",77,44,44,"Ec",32,1,1,1,1,1,1
"4605",191,"Ec_N",77,45,45,"Ec",32,1,1,1,1,1,1
"4606",191,"Ec_N",77,46,46,"Ec",32,1,1,1,1,1,1
"4607",191,"Ec_N",77,47,47,"Ec",32,1,1,1,1,1,1
"4608",191,"Ec_N",77,48,48,"Ec",32,1,1,1,1,1,1
"4609",191,"Ec_N",77,49,49,"Ec",32,1,1,1,1,1,1
"4610",191,"Ec_N",77,50,50,"Ec",32,1,1,1,1,1,1
"4611",191,"Ec_N",77,51,51,"Ec",32,1,1,1,1,1,1
"4612",191,"Ec_N",77,52,52,"Ec",32,1,1,1,1,1,1
"4613",191,"Ec_N",77,53,53,"Ec",32,1,1,1,1,1,1
"4614",191,"Ec_N",77,54,54,"Ec",32,1,1,1,1,1,1
"4615",191,"Ec_N",77,55,55,"Ec",32,1,1,1,1,1,1
"4616",191,"Ec_N",77,56,56,"Ec",32,1,1,1,1,1,1
"4617",191,"Ec_N",77,57,57,"Ec",32,1,1,1,1,1,1
"4618",191,"Ec_N",77,58,58,"Ec",32,1,1,1,1,1,1
"4619",191,"Ec_N",77,59,59,"Ec",32,1,1,1,1,1,1
"4620",191,"Ec_N",77,60,60,"Ec",32,1,1,1,1,1,1
"4621",191,"Ec_N",78,1,1,"Ec",1,0,0,0,0,0,0
"4622",191,"Ec_N",78,2,2,"Ec",1,0,0,0,0,0,0
"4623",191,"Ec_N",78,3,3,"Ec",1,0,0,0,0,0,0
"4624",191,"Ec_N",78,4,4,"Ec",1,0,0,0,0,0,0
"4625",191,"Ec_N",78,5,5,"Ec",1,0,0,0,0,0,0
"4626",191,"Ec_N",78,6,6,"Ec",1,0,0,0,0,0,0
"4627",191,"Ec_N",78,7,7,"Ec",1,0,0,0,0,0,0
"4628",191,"Ec_N",78,8,8,"Ec",1,0,0,0,0,0,0
"4629",191,"Ec_N",78,9,9,"Ec",1,0,0,0,0,0,0
"4630",191,"Ec_N",78,10,10,"Ec",1,0,0,0,0,0,0
"4631",191,"Ec_N",78,11,11,"Ec",1,0,0,0,0,0,0
"4632",191,"Ec_N",78,12,12,"Ec",1,0,0,0,0,0,0
"4633",191,"Ec_N",78,13,13,"Ec",2,1,0,0,0,0,0.198020370545937
"4634",191,"Ec_N",78,14,14,"Ec",2,1,0,0,0,0,0.198020370545937
"4635",191,"Ec_N",78,15,15,"Ec",2,1,0,0,0,0,0.198020370545937
"4636",191,"Ec_N",78,16,16,"Ec",2,1,0,0,0,0,0.198020370545937
"4637",191,"Ec_N",78,17,17,"Ec",2,1,0,0,0,0,0.198020370545937
"4638",191,"Ec_N",78,18,18,"Ec",2,1,0,0,0,0,0.198020370545937
"4639",191,"Ec_N",78,19,19,"Ec",18,1,0,0,0,1,0.646504780524047
"4640",191,"Ec_N",78,20,20,"Ec",18,1,0,0,0,1,0.646504780524047
"4641",191,"Ec_N",78,21,21,"Ec",18,1,0,0,0,1,0.646504780524047
"4642",191,"Ec_N",78,22,22,"Ec",18,1,0,0,0,1,0.646504780524047
"4643",191,"Ec_N",78,23,23,"Ec",18,1,0,0,0,1,0.646504780524047
"4644",191,"Ec_N",78,24,24,"Ec",18,1,0,0,0,1,0.646504780524047
"4645",191,"Ec_N",78,25,25,"Ec",18,1,0,0,0,1,0.646504780524047
"4646",191,"Ec_N",78,26,26,"Ec",18,1,0,0,0,1,0.646504780524047
"4647",191,"Ec_N",78,27,27,"Ec",18,1,0,0,0,1,0.646504780524047
"4648",191,"Ec_N",78,28,28,"Ec",18,1,0,0,0,1,0.646504780524047
"4649",191,"Ec_N",78,29,29,"Ec",18,1,0,0,0,1,0.646504780524047
"4650",191,"Ec_N",78,30,30,"Ec",18,1,0,0,0,1,0.646504780524047
"4651",191,"Ec_N",78,31,31,"Ec",18,1,0,0,0,1,0.646504780524047
"4652",191,"Ec_N",78,32,32,"Ec",18,1,0,0,0,1,0.646504780524047
"4653",191,"Ec_N",78,33,33,"Ec",18,1,0,0,0,1,0.646504780524047
"4654",191,"Ec_N",78,34,34,"Ec",18,1,0,0,0,1,0.646504780524047
"4655",191,"Ec_N",78,35,35,"Ec",18,1,0,0,0,1,0.646504780524047
"4656",191,"Ec_N",78,36,36,"Ec",18,1,0,0,0,1,0.646504780524047
"4657",191,"Ec_N",78,37,37,"Ec",18,1,0,0,0,1,0.646504780524047
"4658",191,"Ec_N",78,38,38,"Ec",18,1,0,0,0,1,0.646504780524047
"4659",191,"Ec_N",78,39,39,"Ec",18,1,0,0,0,1,0.646504780524047
"4660",191,"Ec_N",78,40,40,"Ec",18,1,0,0,0,1,0.646504780524047
"4661",191,"Ec_N",78,41,41,"Ec",18,1,0,0,0,1,0.646504780524047
"4662",191,"Ec_N",78,42,42,"Ec",18,1,0,0,0,1,0.646504780524047
"4663",191,"Ec_N",78,43,43,"Ec",18,1,0,0,0,1,0.646504780524047
"4664",191,"Ec_N",78,44,44,"Ec",18,1,0,0,0,1,0.646504780524047
"4665",191,"Ec_N",78,45,45,"Ec",18,1,0,0,0,1,0.646504780524047
"4666",191,"Ec_N",78,46,46,"Ec",18,1,0,0,0,1,0.646504780524047
"4667",191,"Ec_N",78,47,47,"Ec",18,1,0,0,0,1,0.646504780524047
"4668",191,"Ec_N",78,48,48,"Ec",18,1,0,0,0,1,0.646504780524047
"4669",191,"Ec_N",78,49,49,"Ec",18,1,0,0,0,1,0.646504780524047
"4670",191,"Ec_N",78,50,50,"Ec",18,1,0,0,0,1,0.646504780524047
"4671",191,"Ec_N",78,51,51,"Ec",18,1,0,0,0,1,0.646504780524047
"4672",191,"Ec_N",78,52,52,"Ec",18,1,0,0,0,1,0.646504780524047
"4673",191,"Ec_N",78,53,53,"Ec",18,1,0,0,0,1,0.646504780524047
"4674",191,"Ec_N",78,54,54,"Ec",18,1,0,0,0,1,0.646504780524047
"4675",191,"Ec_N",78,55,55,"Ec",18,1,0,0,0,1,0.646504780524047
"4676",191,"Ec_N",78,56,56,"Ec",18,1,0,0,0,1,0.646504780524047
"4677",191,"Ec_N",78,57,57,"Ec",18,1,0,0,0,1,0.646504780524047
"4678",191,"Ec_N",78,58,58,"Ec",18,1,0,0,0,1,0.646504780524047
"4679",191,"Ec_N",78,59,59,"Ec",18,1,0,0,0,1,0.646504780524047
"4680",191,"Ec_N",78,60,60,"Ec",18,1,0,0,0,1,0.646504780524047
"4681",191,"Ec_N",79,1,1,"Ec",1,0,0,0,0,0,0
"4682",191,"Ec_N",79,2,2,"Ec",9,0,0,0,1,0,0.0305419930719563
"4683",191,"Ec_N",79,3,3,"Ec",9,0,0,0,1,0,0.0305419930719563
"4684",191,"Ec_N",79,4,4,"Ec",9,0,0,0,1,0,0.0305419930719563
"4685",191,"Ec_N",79,5,5,"Ec",9,0,0,0,1,0,0.0305419930719563
"4686",191,"Ec_N",79,6,6,"Ec",9,0,0,0,1,0,0.0305419930719563
"4687",191,"Ec_N",79,7,7,"Ec",9,0,0,0,1,0,0.0305419930719563
"4688",191,"Ec_N",79,8,8,"Ec",9,0,0,0,1,0,0.0305419930719563
"4689",191,"Ec_N",79,9,9,"Ec",9,0,0,0,1,0,0.0305419930719563
"4690",191,"Ec_N",79,10,10,"Ec",11,0,1,0,1,0,0.0857419302602629
"4691",191,"Ec_N",79,11,11,"Ec",11,0,1,0,1,0,0.0857419302602629
"4692",191,"Ec_N",79,12,12,"Ec",11,0,1,0,1,0,0.0857419302602629
"4693",191,"Ec_N",79,13,13,"Ec",11,0,1,0,1,0,0.0857419302602629
"4694",191,"Ec_N",79,14,14,"Ec",11,0,1,0,1,0,0.0857419302602629
"4695",191,"Ec_N",79,15,15,"Ec",11,0,1,0,1,0,0.0857419302602629
"4696",191,"Ec_N",79,16,16,"Ec",11,0,1,0,1,0,0.0857419302602629
"4697",191,"Ec_N",79,17,17,"Ec",12,1,1,0,1,0,0.259780205416137
"4698",191,"Ec_N",79,18,18,"Ec",16,1,1,1,1,0,0.456015583082203
"4699",191,"Ec_N",79,19,19,"Ec",16,1,1,1,1,0,0.456015583082203
"4700",191,"Ec_N",79,20,20,"Ec",16,1,1,1,1,0,0.456015583082203
"4701",191,"Ec_N",79,21,21,"Ec",16,1,1,1,1,0,0.456015583082203
"4702",191,"Ec_N",79,22,22,"Ec",16,1,1,1,1,0,0.456015583082203
"4703",191,"Ec_N",79,23,23,"Ec",14,1,0,1,1,0,0.746777083195453
"4704",191,"Ec_N",79,24,24,"Ec",14,1,0,1,1,0,0.746777083195453
"4705",191,"Ec_N",79,25,25,"Ec",14,1,0,1,1,0,0.746777083195453
"4706",191,"Ec_N",79,26,26,"Ec",14,1,0,1,1,0,0.746777083195453
"4707",191,"Ec_N",79,27,27,"Ec",14,1,0,1,1,0,0.746777083195453
"4708",191,"Ec_N",79,28,28,"Ec",14,1,0,1,1,0,0.746777083195453
"4709",191,"Ec_N",79,29,29,"Ec",14,1,0,1,1,0,0.746777083195453
"4710",191,"Ec_N",79,30,30,"Ec",14,1,0,1,1,0,0.746777083195453
"4711",191,"Ec_N",79,31,31,"Ec",14,1,0,1,1,0,0.746777083195453
"4712",191,"Ec_N",79,32,32,"Ec",14,1,0,1,1,0,0.746777083195453
"4713",191,"Ec_N",79,33,33,"Ec",14,1,0,1,1,0,0.746777083195453
"4714",191,"Ec_N",79,34,34,"Ec",14,1,0,1,1,0,0.746777083195453
"4715",191,"Ec_N",79,35,35,"Ec",14,1,0,1,1,0,0.746777083195453
"4716",191,"Ec_N",79,36,36,"Ec",14,1,0,1,1,0,0.746777083195453
"4717",191,"Ec_N",79,37,37,"Ec",14,1,0,1,1,0,0.746777083195453
"4718",191,"Ec_N",79,38,38,"Ec",14,1,0,1,1,0,0.746777083195453
"4719",191,"Ec_N",79,39,39,"Ec",14,1,0,1,1,0,0.746777083195453
"4720",191,"Ec_N",79,40,40,"Ec",14,1,0,1,1,0,0.746777083195453
"4721",191,"Ec_N",79,41,41,"Ec",14,1,0,1,1,0,0.746777083195453
"4722",191,"Ec_N",79,42,42,"Ec",14,1,0,1,1,0,0.746777083195453
"4723",191,"Ec_N",79,43,43,"Ec",14,1,0,1,1,0,0.746777083195453
"4724",191,"Ec_N",79,44,44,"Ec",14,1,0,1,1,0,0.746777083195453
"4725",191,"Ec_N",79,45,45,"Ec",14,1,0,1,1,0,0.746777083195453
"4726",191,"Ec_N",79,46,46,"Ec",14,1,0,1,1,0,0.746777083195453
"4727",191,"Ec_N",79,47,47,"Ec",14,1,0,1,1,0,0.746777083195453
"4728",191,"Ec_N",79,48,48,"Ec",14,1,0,1,1,0,0.746777083195453
"4729",191,"Ec_N",79,49,49,"Ec",14,1,0,1,1,0,0.746777083195453
"4730",191,"Ec_N",79,50,50,"Ec",14,1,0,1,1,0,0.746777083195453
"4731",191,"Ec_N",79,51,51,"Ec",14,1,0,1,1,0,0.746777083195453
"4732",191,"Ec_N",79,52,52,"Ec",14,1,0,1,1,0,0.746777083195453
"4733",191,"Ec_N",79,53,53,"Ec",14,1,0,1,1,0,0.746777083195453
"4734",191,"Ec_N",79,54,54,"Ec",14,1,0,1,1,0,0.746777083195453
"4735",191,"Ec_N",79,55,55,"Ec",14,1,0,1,1,0,0.746777083195453
"4736",191,"Ec_N",79,56,56,"Ec",14,1,0,1,1,0,0.746777083195453
"4737",191,"Ec_N",79,57,57,"Ec",14,1,0,1,1,0,0.746777083195453
"4738",191,"Ec_N",79,58,58,"Ec",14,1,0,1,1,0,0.746777083195453
"4739",191,"Ec_N",79,59,59,"Ec",14,1,0,1,1,0,0.746777083195453
"4740",191,"Ec_N",79,60,60,"Ec",14,1,0,1,1,0,0.746777083195453
"4741",191,"Ec_N",80,1,1,"Ec",1,0,0,0,0,0,0
"4742",191,"Ec_N",80,2,2,"Ec",1,0,0,0,0,0,0
"4743",191,"Ec_N",80,3,3,"Ec",1,0,0,0,0,0,0
"4744",191,"Ec_N",80,4,4,"Ec",1,0,0,0,0,0,0
"4745",191,"Ec_N",80,5,5,"Ec",2,1,0,0,0,0,0.198020370545937
"4746",191,"Ec_N",80,6,6,"Ec",2,1,0,0,0,0,0.198020370545937
"4747",191,"Ec_N",80,7,7,"Ec",2,1,0,0,0,0,0.198020370545937
"4748",191,"Ec_N",80,8,8,"Ec",10,1,0,0,1,0,0.228562363617893
"4749",191,"Ec_N",80,9,9,"Ec",10,1,0,0,1,0,0.228562363617893
"4750",191,"Ec_N",80,10,10,"Ec",10,1,0,0,1,0,0.228562363617893
"4751",191,"Ec_N",80,11,11,"Ec",10,1,0,0,1,0,0.228562363617893
"4752",191,"Ec_N",80,12,12,"Ec",10,1,0,0,1,0,0.228562363617893
"4753",191,"Ec_N",80,13,13,"Ec",26,1,0,0,1,1,0.514384015075299
"4754",191,"Ec_N",80,14,14,"Ec",26,1,0,0,1,1,0.514384015075299
"4755",191,"Ec_N",80,15,15,"Ec",26,1,0,0,1,1,0.514384015075299
"4756",191,"Ec_N",80,16,16,"Ec",26,1,0,0,1,1,0.514384015075299
"4757",191,"Ec_N",80,17,17,"Ec",26,1,0,0,1,1,0.514384015075299
"4758",191,"Ec_N",80,18,18,"Ec",26,1,0,0,1,1,0.514384015075299
"4759",191,"Ec_N",80,19,19,"Ec",26,1,0,0,1,1,0.514384015075299
"4760",191,"Ec_N",80,20,20,"Ec",26,1,0,0,1,1,0.514384015075299
"4761",191,"Ec_N",80,21,21,"Ec",26,1,0,0,1,1,0.514384015075299
"4762",191,"Ec_N",80,22,22,"Ec",26,1,0,0,1,1,0.514384015075299
"4763",191,"Ec_N",80,23,23,"Ec",26,1,0,0,1,1,0.514384015075299
"4764",191,"Ec_N",80,24,24,"Ec",26,1,0,0,1,1,0.514384015075299
"4765",191,"Ec_N",80,25,25,"Ec",26,1,0,0,1,1,0.514384015075299
"4766",191,"Ec_N",80,26,26,"Ec",26,1,0,0,1,1,0.514384015075299
"4767",191,"Ec_N",80,27,27,"Ec",26,1,0,0,1,1,0.514384015075299
"4768",191,"Ec_N",80,28,28,"Ec",26,1,0,0,1,1,0.514384015075299
"4769",191,"Ec_N",80,29,29,"Ec",28,1,1,0,1,1,0.681047421119041
"4770",191,"Ec_N",80,30,30,"Ec",28,1,1,0,1,1,0.681047421119041
"4771",191,"Ec_N",80,31,31,"Ec",28,1,1,0,1,1,0.681047421119041
"4772",191,"Ec_N",80,32,32,"Ec",28,1,1,0,1,1,0.681047421119041
"4773",191,"Ec_N",80,33,33,"Ec",28,1,1,0,1,1,0.681047421119041
"4774",191,"Ec_N",80,34,34,"Ec",28,1,1,0,1,1,0.681047421119041
"4775",191,"Ec_N",80,35,35,"Ec",28,1,1,0,1,1,0.681047421119041
"4776",191,"Ec_N",80,36,36,"Ec",28,1,1,0,1,1,0.681047421119041
"4777",191,"Ec_N",80,37,37,"Ec",32,1,1,1,1,1,1
"4778",191,"Ec_N",80,38,38,"Ec",32,1,1,1,1,1,1
"4779",191,"Ec_N",80,39,39,"Ec",32,1,1,1,1,1,1
"4780",191,"Ec_N",80,40,40,"Ec",32,1,1,1,1,1,1
"4781",191,"Ec_N",80,41,41,"Ec",32,1,1,1,1,1,1
"4782",191,"Ec_N",80,42,42,"Ec",32,1,1,1,1,1,1
"4783",191,"Ec_N",80,43,43,"Ec",32,1,1,1,1,1,1
"4784",191,"Ec_N",80,44,44,"Ec",32,1,1,1,1,1,1
"4785",191,"Ec_N",80,45,45,"Ec",32,1,1,1,1,1,1
"4786",191,"Ec_N",80,46,46,"Ec",32,1,1,1,1,1,1
"4787",191,"Ec_N",80,47,47,"Ec",32,1,1,1,1,1,1
"4788",191,"Ec_N",80,48,48,"Ec",32,1,1,1,1,1,1
"4789",191,"Ec_N",80,49,49,"Ec",32,1,1,1,1,1,1
"4790",191,"Ec_N",80,50,50,"Ec",32,1,1,1,1,1,1
"4791",191,"Ec_N",80,51,51,"Ec",32,1,1,1,1,1,1
"4792",191,"Ec_N",80,52,52,"Ec",32,1,1,1,1,1,1
"4793",191,"Ec_N",80,53,53,"Ec",32,1,1,1,1,1,1
"4794",191,"Ec_N",80,54,54,"Ec",32,1,1,1,1,1,1
"4795",191,"Ec_N",80,55,55,"Ec",32,1,1,1,1,1,1
"4796",191,"Ec_N",80,56,56,"Ec",32,1,1,1,1,1,1
"4797",191,"Ec_N",80,57,57,"Ec",32,1,1,1,1,1,1
"4798",191,"Ec_N",80,58,58,"Ec",32,1,1,1,1,1,1
"4799",191,"Ec_N",80,59,59,"Ec",32,1,1,1,1,1,1
"4800",191,"Ec_N",80,60,60,"Ec",32,1,1,1,1,1,1
"4801",191,"Ec_N",81,1,1,"Ec",1,0,0,0,0,0,0
"4802",191,"Ec_N",81,2,2,"Ec",1,0,0,0,0,0,0
"4803",191,"Ec_N",81,3,3,"Ec",1,0,0,0,0,0,0
"4804",191,"Ec_N",81,4,4,"Ec",1,0,0,0,0,0,0
"4805",191,"Ec_N",81,5,5,"Ec",1,0,0,0,0,0,0
"4806",191,"Ec_N",81,6,6,"Ec",1,0,0,0,0,0,0
"4807",191,"Ec_N",81,7,7,"Ec",1,0,0,0,0,0,0
"4808",191,"Ec_N",81,8,8,"Ec",1,0,0,0,0,0,0
"4809",191,"Ec_N",81,9,9,"Ec",17,0,0,0,0,1,0.229834113103391
"4810",191,"Ec_N",81,10,10,"Ec",17,0,0,0,0,1,0.229834113103391
"4811",191,"Ec_N",81,11,11,"Ec",19,0,1,0,0,1,0.427300415500348
"4812",191,"Ec_N",81,12,12,"Ec",19,0,1,0,0,1,0.427300415500348
"4813",191,"Ec_N",81,13,13,"Ec",19,0,1,0,0,1,0.427300415500348
"4814",191,"Ec_N",81,14,14,"Ec",19,0,1,0,0,1,0.427300415500348
"4815",191,"Ec_N",81,15,15,"Ec",19,0,1,0,0,1,0.427300415500348
"4816",191,"Ec_N",81,16,16,"Ec",20,1,1,0,0,1,0.610298755308086
"4817",191,"Ec_N",81,17,17,"Ec",20,1,1,0,0,1,0.610298755308086
"4818",191,"Ec_N",81,18,18,"Ec",20,1,1,0,0,1,0.610298755308086
"4819",191,"Ec_N",81,19,19,"Ec",20,1,1,0,0,1,0.610298755308086
"4820",191,"Ec_N",81,20,20,"Ec",20,1,1,0,0,1,0.610298755308086
"4821",191,"Ec_N",81,21,21,"Ec",20,1,1,0,0,1,0.610298755308086
"4822",191,"Ec_N",81,22,22,"Ec",20,1,1,0,0,1,0.610298755308086
"4823",191,"Ec_N",81,23,23,"Ec",20,1,1,0,0,1,0.610298755308086
"4824",191,"Ec_N",81,24,24,"Ec",20,1,1,0,0,1,0.610298755308086
"4825",191,"Ec_N",81,25,25,"Ec",20,1,1,0,0,1,0.610298755308086
"4826",191,"Ec_N",81,26,26,"Ec",20,1,1,0,0,1,0.610298755308086
"4827",191,"Ec_N",81,27,27,"Ec",20,1,1,0,0,1,0.610298755308086
"4828",191,"Ec_N",81,28,28,"Ec",20,1,1,0,0,1,0.610298755308086
"4829",191,"Ec_N",81,29,29,"Ec",20,1,1,0,0,1,0.610298755308086
"4830",191,"Ec_N",81,30,30,"Ec",20,1,1,0,0,1,0.610298755308086
"4831",191,"Ec_N",81,31,31,"Ec",28,1,1,0,1,1,0.681047421119041
"4832",191,"Ec_N",81,32,32,"Ec",28,1,1,0,1,1,0.681047421119041
"4833",191,"Ec_N",81,33,33,"Ec",28,1,1,0,1,1,0.681047421119041
"4834",191,"Ec_N",81,34,34,"Ec",28,1,1,0,1,1,0.681047421119041
"4835",191,"Ec_N",81,35,35,"Ec",28,1,1,0,1,1,0.681047421119041
"4836",191,"Ec_N",81,36,36,"Ec",28,1,1,0,1,1,0.681047421119041
"4837",191,"Ec_N",81,37,37,"Ec",28,1,1,0,1,1,0.681047421119041
"4838",191,"Ec_N",81,38,38,"Ec",28,1,1,0,1,1,0.681047421119041
"4839",191,"Ec_N",81,39,39,"Ec",28,1,1,0,1,1,0.681047421119041
"4840",191,"Ec_N",81,40,40,"Ec",28,1,1,0,1,1,0.681047421119041
"4841",191,"Ec_N",81,41,41,"Ec",28,1,1,0,1,1,0.681047421119041
"4842",191,"Ec_N",81,42,42,"Ec",28,1,1,0,1,1,0.681047421119041
"4843",191,"Ec_N",81,43,43,"Ec",28,1,1,0,1,1,0.681047421119041
"4844",191,"Ec_N",81,44,44,"Ec",28,1,1,0,1,1,0.681047421119041
"4845",191,"Ec_N",81,45,45,"Ec",28,1,1,0,1,1,0.681047421119041
"4846",191,"Ec_N",81,46,46,"Ec",28,1,1,0,1,1,0.681047421119041
"4847",191,"Ec_N",81,47,47,"Ec",28,1,1,0,1,1,0.681047421119041
"4848",191,"Ec_N",81,48,48,"Ec",28,1,1,0,1,1,0.681047421119041
"4849",191,"Ec_N",81,49,49,"Ec",28,1,1,0,1,1,0.681047421119041
"4850",191,"Ec_N",81,50,50,"Ec",28,1,1,0,1,1,0.681047421119041
"4851",191,"Ec_N",81,51,51,"Ec",28,1,1,0,1,1,0.681047421119041
"4852",191,"Ec_N",81,52,52,"Ec",28,1,1,0,1,1,0.681047421119041
"4853",191,"Ec_N",81,53,53,"Ec",28,1,1,0,1,1,0.681047421119041
"4854",191,"Ec_N",81,54,54,"Ec",28,1,1,0,1,1,0.681047421119041
"4855",191,"Ec_N",81,55,55,"Ec",28,1,1,0,1,1,0.681047421119041
"4856",191,"Ec_N",81,56,56,"Ec",28,1,1,0,1,1,0.681047421119041
"4857",191,"Ec_N",81,57,57,"Ec",28,1,1,0,1,1,0.681047421119041
"4858",191,"Ec_N",81,58,58,"Ec",28,1,1,0,1,1,0.681047421119041
"4859",191,"Ec_N",81,59,59,"Ec",28,1,1,0,1,1,0.681047421119041
"4860",191,"Ec_N",81,60,60,"Ec",28,1,1,0,1,1,0.681047421119041
"4861",191,"Ec_N",82,1,1,"Ec",1,0,0,0,0,0,0
"4862",191,"Ec_N",82,2,2,"Ec",1,0,0,0,0,0,0
"4863",191,"Ec_N",82,3,3,"Ec",1,0,0,0,0,0,0
"4864",191,"Ec_N",82,4,4,"Ec",1,0,0,0,0,0,0
"4865",191,"Ec_N",82,5,5,"Ec",17,0,0,0,0,1,0.229834113103391
"4866",191,"Ec_N",82,6,6,"Ec",17,0,0,0,0,1,0.229834113103391
"4867",191,"Ec_N",82,7,7,"Ec",17,0,0,0,0,1,0.229834113103391
"4868",191,"Ec_N",82,8,8,"Ec",17,0,0,0,0,1,0.229834113103391
"4869",191,"Ec_N",82,9,9,"Ec",19,0,1,0,0,1,0.427300415500348
"4870",191,"Ec_N",82,10,10,"Ec",19,0,1,0,0,1,0.427300415500348
"4871",191,"Ec_N",82,11,11,"Ec",19,0,1,0,0,1,0.427300415500348
"4872",191,"Ec_N",82,12,12,"Ec",19,0,1,0,0,1,0.427300415500348
"4873",191,"Ec_N",82,13,13,"Ec",19,0,1,0,0,1,0.427300415500348
"4874",191,"Ec_N",82,14,14,"Ec",19,0,1,0,0,1,0.427300415500348
"4875",191,"Ec_N",82,15,15,"Ec",19,0,1,0,0,1,0.427300415500348
"4876",191,"Ec_N",82,16,16,"Ec",20,1,1,0,0,1,0.610298755308086
"4877",191,"Ec_N",82,17,17,"Ec",20,1,1,0,0,1,0.610298755308086
"4878",191,"Ec_N",82,18,18,"Ec",20,1,1,0,0,1,0.610298755308086
"4879",191,"Ec_N",82,19,19,"Ec",20,1,1,0,0,1,0.610298755308086
"4880",191,"Ec_N",82,20,20,"Ec",20,1,1,0,0,1,0.610298755308086
"4881",191,"Ec_N",82,21,21,"Ec",20,1,1,0,0,1,0.610298755308086
"4882",191,"Ec_N",82,22,22,"Ec",20,1,1,0,0,1,0.610298755308086
"4883",191,"Ec_N",82,23,23,"Ec",20,1,1,0,0,1,0.610298755308086
"4884",191,"Ec_N",82,24,24,"Ec",18,1,0,0,0,1,0.646504780524047
"4885",191,"Ec_N",82,25,25,"Ec",18,1,0,0,0,1,0.646504780524047
"4886",191,"Ec_N",82,26,26,"Ec",22,1,0,1,0,1,0.92522428176681
"4887",191,"Ec_N",82,27,27,"Ec",24,1,1,1,0,1,0.969458006928044
"4888",191,"Ec_N",82,28,28,"Ec",24,1,1,1,0,1,0.969458006928044
"4889",191,"Ec_N",82,29,29,"Ec",24,1,1,1,0,1,0.969458006928044
"4890",191,"Ec_N",82,30,30,"Ec",24,1,1,1,0,1,0.969458006928044
"4891",191,"Ec_N",82,31,31,"Ec",24,1,1,1,0,1,0.969458006928044
"4892",191,"Ec_N",82,32,32,"Ec",24,1,1,1,0,1,0.969458006928044
"4893",191,"Ec_N",82,33,33,"Ec",24,1,1,1,0,1,0.969458006928044
"4894",191,"Ec_N",82,34,34,"Ec",24,1,1,1,0,1,0.969458006928044
"4895",191,"Ec_N",82,35,35,"Ec",32,1,1,1,1,1,1
"4896",191,"Ec_N",82,36,36,"Ec",32,1,1,1,1,1,1
"4897",191,"Ec_N",82,37,37,"Ec",32,1,1,1,1,1,1
"4898",191,"Ec_N",82,38,38,"Ec",32,1,1,1,1,1,1
"4899",191,"Ec_N",82,39,39,"Ec",32,1,1,1,1,1,1
"4900",191,"Ec_N",82,40,40,"Ec",32,1,1,1,1,1,1
"4901",191,"Ec_N",82,41,41,"Ec",32,1,1,1,1,1,1
"4902",191,"Ec_N",82,42,42,"Ec",32,1,1,1,1,1,1
"4903",191,"Ec_N",82,43,43,"Ec",32,1,1,1,1,1,1
"4904",191,"Ec_N",82,44,44,"Ec",32,1,1,1,1,1,1
"4905",191,"Ec_N",82,45,45,"Ec",32,1,1,1,1,1,1
"4906",191,"Ec_N",82,46,46,"Ec",32,1,1,1,1,1,1
"4907",191,"Ec_N",82,47,47,"Ec",32,1,1,1,1,1,1
"4908",191,"Ec_N",82,48,48,"Ec",32,1,1,1,1,1,1
"4909",191,"Ec_N",82,49,49,"Ec",32,1,1,1,1,1,1
"4910",191,"Ec_N",82,50,50,"Ec",32,1,1,1,1,1,1
"4911",191,"Ec_N",82,51,51,"Ec",32,1,1,1,1,1,1
"4912",191,"Ec_N",82,52,52,"Ec",32,1,1,1,1,1,1
"4913",191,"Ec_N",82,53,53,"Ec",32,1,1,1,1,1,1
"4914",191,"Ec_N",82,54,54,"Ec",32,1,1,1,1,1,1
"4915",191,"Ec_N",82,55,55,"Ec",32,1,1,1,1,1,1
"4916",191,"Ec_N",82,56,56,"Ec",32,1,1,1,1,1,1
"4917",191,"Ec_N",82,57,57,"Ec",32,1,1,1,1,1,1
"4918",191,"Ec_N",82,58,58,"Ec",32,1,1,1,1,1,1
"4919",191,"Ec_N",82,59,59,"Ec",32,1,1,1,1,1,1
"4920",191,"Ec_N",82,60,60,"Ec",32,1,1,1,1,1,1
"4921",191,"Ec_N",83,1,1,"Ec",1,0,0,0,0,0,0
"4922",191,"Ec_N",83,2,2,"Ec",1,0,0,0,0,0,0
"4923",191,"Ec_N",83,3,3,"Ec",1,0,0,0,0,0,0
"4924",191,"Ec_N",83,4,4,"Ec",1,0,0,0,0,0,0
"4925",191,"Ec_N",83,5,5,"Ec",5,0,0,1,0,0,0.49313446766664
"4926",191,"Ec_N",83,6,6,"Ec",7,0,1,1,0,0,0.589282297794007
"4927",191,"Ec_N",83,7,7,"Ec",7,0,1,1,0,0,0.589282297794007
"4928",191,"Ec_N",83,8,8,"Ec",7,0,1,1,0,0,0.589282297794007
"4929",191,"Ec_N",83,9,9,"Ec",7,0,1,1,0,0,0.589282297794007
"4930",191,"Ec_N",83,10,10,"Ec",7,0,1,1,0,0,0.589282297794007
"4931",191,"Ec_N",83,11,11,"Ec",7,0,1,1,0,0,0.589282297794007
"4932",191,"Ec_N",83,12,12,"Ec",7,0,1,1,0,0,0.589282297794007
"4933",191,"Ec_N",83,13,13,"Ec",7,0,1,1,0,0,0.589282297794007
"4934",191,"Ec_N",83,14,14,"Ec",7,0,1,1,0,0,0.589282297794007
"4935",191,"Ec_N",83,15,15,"Ec",7,0,1,1,0,0,0.589282297794007
"4936",191,"Ec_N",83,16,16,"Ec",7,0,1,1,0,0,0.589282297794007
"4937",191,"Ec_N",83,17,17,"Ec",7,0,1,1,0,0,0.589282297794007
"4938",191,"Ec_N",83,18,18,"Ec",7,0,1,1,0,0,0.589282297794007
"4939",191,"Ec_N",83,19,19,"Ec",7,0,1,1,0,0,0.589282297794007
"4940",191,"Ec_N",83,20,20,"Ec",7,0,1,1,0,0,0.589282297794007
"4941",191,"Ec_N",83,21,21,"Ec",7,0,1,1,0,0,0.589282297794007
"4942",191,"Ec_N",83,22,22,"Ec",7,0,1,1,0,0,0.589282297794007
"4943",191,"Ec_N",83,23,23,"Ec",7,0,1,1,0,0,0.589282297794007
"4944",191,"Ec_N",83,24,24,"Ec",7,0,1,1,0,0,0.589282297794007
"4945",191,"Ec_N",83,25,25,"Ec",7,0,1,1,0,0,0.589282297794007
"4946",191,"Ec_N",83,26,26,"Ec",23,0,1,1,0,1,0.616809062130864
"4947",191,"Ec_N",83,27,27,"Ec",21,0,0,1,0,1,0.726280938342543
"4948",191,"Ec_N",83,28,28,"Ec",21,0,0,1,0,1,0.726280938342543
"4949",191,"Ec_N",83,29,29,"Ec",21,0,0,1,0,1,0.726280938342543
"4950",191,"Ec_N",83,30,30,"Ec",21,0,0,1,0,1,0.726280938342543
"4951",191,"Ec_N",83,31,31,"Ec",22,1,0,1,0,1,0.92522428176681
"4952",191,"Ec_N",83,32,32,"Ec",22,1,0,1,0,1,0.92522428176681
"4953",191,"Ec_N",83,33,33,"Ec",22,1,0,1,0,1,0.92522428176681
"4954",191,"Ec_N",83,34,34,"Ec",22,1,0,1,0,1,0.92522428176681
"4955",191,"Ec_N",83,35,35,"Ec",22,1,0,1,0,1,0.92522428176681
"4956",191,"Ec_N",83,36,36,"Ec",22,1,0,1,0,1,0.92522428176681
"4957",191,"Ec_N",83,37,37,"Ec",22,1,0,1,0,1,0.92522428176681
"4958",191,"Ec_N",83,38,38,"Ec",22,1,0,1,0,1,0.92522428176681
"4959",191,"Ec_N",83,39,39,"Ec",22,1,0,1,0,1,0.92522428176681
"4960",191,"Ec_N",83,40,40,"Ec",22,1,0,1,0,1,0.92522428176681
"4961",191,"Ec_N",83,41,41,"Ec",22,1,0,1,0,1,0.92522428176681
"4962",191,"Ec_N",83,42,42,"Ec",22,1,0,1,0,1,0.92522428176681
"4963",191,"Ec_N",83,43,43,"Ec",22,1,0,1,0,1,0.92522428176681
"4964",191,"Ec_N",83,44,44,"Ec",22,1,0,1,0,1,0.92522428176681
"4965",191,"Ec_N",83,45,45,"Ec",22,1,0,1,0,1,0.92522428176681
"4966",191,"Ec_N",83,46,46,"Ec",22,1,0,1,0,1,0.92522428176681
"4967",191,"Ec_N",83,47,47,"Ec",22,1,0,1,0,1,0.92522428176681
"4968",191,"Ec_N",83,48,48,"Ec",22,1,0,1,0,1,0.92522428176681
"4969",191,"Ec_N",83,49,49,"Ec",22,1,0,1,0,1,0.92522428176681
"4970",191,"Ec_N",83,50,50,"Ec",22,1,0,1,0,1,0.92522428176681
"4971",191,"Ec_N",83,51,51,"Ec",22,1,0,1,0,1,0.92522428176681
"4972",191,"Ec_N",83,52,52,"Ec",22,1,0,1,0,1,0.92522428176681
"4973",191,"Ec_N",83,53,53,"Ec",22,1,0,1,0,1,0.92522428176681
"4974",191,"Ec_N",83,54,54,"Ec",22,1,0,1,0,1,0.92522428176681
"4975",191,"Ec_N",83,55,55,"Ec",22,1,0,1,0,1,0.92522428176681
"4976",191,"Ec_N",83,56,56,"Ec",22,1,0,1,0,1,0.92522428176681
"4977",191,"Ec_N",83,57,57,"Ec",22,1,0,1,0,1,0.92522428176681
"4978",191,"Ec_N",83,58,58,"Ec",22,1,0,1,0,1,0.92522428176681
"4979",191,"Ec_N",83,59,59,"Ec",22,1,0,1,0,1,0.92522428176681
"4980",191,"Ec_N",83,60,60,"Ec",30,1,0,1,1,1,0.958688519948705
"4981",191,"Ec_N",84,1,1,"Ec",1,0,0,0,0,0,0
"4982",191,"Ec_N",84,2,2,"Ec",1,0,0,0,0,0,0
"4983",191,"Ec_N",84,3,3,"Ec",1,0,0,0,0,0,0
"4984",191,"Ec_N",84,4,4,"Ec",1,0,0,0,0,0,0
"4985",191,"Ec_N",84,5,5,"Ec",1,0,0,0,0,0,0
"4986",191,"Ec_N",84,6,6,"Ec",17,0,0,0,0,1,0.229834113103391
"4987",191,"Ec_N",84,7,7,"Ec",19,0,1,0,0,1,0.427300415500348
"4988",191,"Ec_N",84,8,8,"Ec",19,0,1,0,0,1,0.427300415500348
"4989",191,"Ec_N",84,9,9,"Ec",19,0,1,0,0,1,0.427300415500348
"4990",191,"Ec_N",84,10,10,"Ec",19,0,1,0,0,1,0.427300415500348
"4991",191,"Ec_N",84,11,11,"Ec",19,0,1,0,0,1,0.427300415500348
"4992",191,"Ec_N",84,12,12,"Ec",19,0,1,0,0,1,0.427300415500348
"4993",191,"Ec_N",84,13,13,"Ec",19,0,1,0,0,1,0.427300415500348
"4994",191,"Ec_N",84,14,14,"Ec",19,0,1,0,0,1,0.427300415500348
"4995",191,"Ec_N",84,15,15,"Ec",19,0,1,0,0,1,0.427300415500348
"4996",191,"Ec_N",84,16,16,"Ec",19,0,1,0,0,1,0.427300415500348
"4997",191,"Ec_N",84,17,17,"Ec",19,0,1,0,0,1,0.427300415500348
"4998",191,"Ec_N",84,18,18,"Ec",19,0,1,0,0,1,0.427300415500348
"4999",191,"Ec_N",84,19,19,"Ec",19,0,1,0,0,1,0.427300415500348
"5000",191,"Ec_N",84,20,20,"Ec",19,0,1,0,0,1,0.427300415500348
"5001",191,"Ec_N",84,21,21,"Ec",20,1,1,0,0,1,0.610298755308086
"5002",191,"Ec_N",84,22,22,"Ec",20,1,1,0,0,1,0.610298755308086
"5003",191,"Ec_N",84,23,23,"Ec",20,1,1,0,0,1,0.610298755308086
"5004",191,"Ec_N",84,24,24,"Ec",18,1,0,0,0,1,0.646504780524047
"5005",191,"Ec_N",84,25,25,"Ec",18,1,0,0,0,1,0.646504780524047
"5006",191,"Ec_N",84,26,26,"Ec",18,1,0,0,0,1,0.646504780524047
"5007",191,"Ec_N",84,27,27,"Ec",18,1,0,0,0,1,0.646504780524047
"5008",191,"Ec_N",84,28,28,"Ec",18,1,0,0,0,1,0.646504780524047
"5009",191,"Ec_N",84,29,29,"Ec",18,1,0,0,0,1,0.646504780524047
"5010",191,"Ec_N",84,30,30,"Ec",18,1,0,0,0,1,0.646504780524047
"5011",191,"Ec_N",84,31,31,"Ec",22,1,0,1,0,1,0.92522428176681
"5012",191,"Ec_N",84,32,32,"Ec",22,1,0,1,0,1,0.92522428176681
"5013",191,"Ec_N",84,33,33,"Ec",30,1,0,1,1,1,0.958688519948705
"5014",191,"Ec_N",84,34,34,"Ec",30,1,0,1,1,1,0.958688519948705
"5015",191,"Ec_N",84,35,35,"Ec",30,1,0,1,1,1,0.958688519948705
"5016",191,"Ec_N",84,36,36,"Ec",30,1,0,1,1,1,0.958688519948705
"5017",191,"Ec_N",84,37,37,"Ec",30,1,0,1,1,1,0.958688519948705
"5018",191,"Ec_N",84,38,38,"Ec",30,1,0,1,1,1,0.958688519948705
"5019",191,"Ec_N",84,39,39,"Ec",30,1,0,1,1,1,0.958688519948705
"5020",191,"Ec_N",84,40,40,"Ec",30,1,0,1,1,1,0.958688519948705
"5021",191,"Ec_N",84,41,41,"Ec",30,1,0,1,1,1,0.958688519948705
"5022",191,"Ec_N",84,42,42,"Ec",30,1,0,1,1,1,0.958688519948705
"5023",191,"Ec_N",84,43,43,"Ec",30,1,0,1,1,1,0.958688519948705
"5024",191,"Ec_N",84,44,44,"Ec",30,1,0,1,1,1,0.958688519948705
"5025",191,"Ec_N",84,45,45,"Ec",30,1,0,1,1,1,0.958688519948705
"5026",191,"Ec_N",84,46,46,"Ec",30,1,0,1,1,1,0.958688519948705
"5027",191,"Ec_N",84,47,47,"Ec",30,1,0,1,1,1,0.958688519948705
"5028",191,"Ec_N",84,48,48,"Ec",30,1,0,1,1,1,0.958688519948705
"5029",191,"Ec_N",84,49,49,"Ec",30,1,0,1,1,1,0.958688519948705
"5030",191,"Ec_N",84,50,50,"Ec",30,1,0,1,1,1,0.958688519948705
"5031",191,"Ec_N",84,51,51,"Ec",30,1,0,1,1,1,0.958688519948705
"5032",191,"Ec_N",84,52,52,"Ec",30,1,0,1,1,1,0.958688519948705
"5033",191,"Ec_N",84,53,53,"Ec",30,1,0,1,1,1,0.958688519948705
"5034",191,"Ec_N",84,54,54,"Ec",30,1,0,1,1,1,0.958688519948705
"5035",191,"Ec_N",84,55,55,"Ec",30,1,0,1,1,1,0.958688519948705
"5036",191,"Ec_N",84,56,56,"Ec",30,1,0,1,1,1,0.958688519948705
"5037",191,"Ec_N",84,57,57,"Ec",30,1,0,1,1,1,0.958688519948705
"5038",191,"Ec_N",84,58,58,"Ec",30,1,0,1,1,1,0.958688519948705
"5039",191,"Ec_N",84,59,59,"Ec",30,1,0,1,1,1,0.958688519948705
"5040",191,"Ec_N",84,60,60,"Ec",30,1,0,1,1,1,0.958688519948705
"5041",191,"Ec_N",85,1,1,"Ec",1,0,0,0,0,0,0
"5042",191,"Ec_N",85,2,2,"Ec",2,1,0,0,0,0,0.198020370545937
"5043",191,"Ec_N",85,3,3,"Ec",2,1,0,0,0,0,0.198020370545937
"5044",191,"Ec_N",85,4,4,"Ec",2,1,0,0,0,0,0.198020370545937
"5045",191,"Ec_N",85,5,5,"Ec",2,1,0,0,0,0,0.198020370545937
"5046",191,"Ec_N",85,6,6,"Ec",2,1,0,0,0,0,0.198020370545937
"5047",191,"Ec_N",85,7,7,"Ec",2,1,0,0,0,0,0.198020370545937
"5048",191,"Ec_N",85,8,8,"Ec",2,1,0,0,0,0,0.198020370545937
"5049",191,"Ec_N",85,9,9,"Ec",18,1,0,0,0,1,0.646504780524047
"5050",191,"Ec_N",85,10,10,"Ec",18,1,0,0,0,1,0.646504780524047
"5051",191,"Ec_N",85,11,11,"Ec",18,1,0,0,0,1,0.646504780524047
"5052",191,"Ec_N",85,12,12,"Ec",18,1,0,0,0,1,0.646504780524047
"5053",191,"Ec_N",85,13,13,"Ec",18,1,0,0,0,1,0.646504780524047
"5054",191,"Ec_N",85,14,14,"Ec",18,1,0,0,0,1,0.646504780524047
"5055",191,"Ec_N",85,15,15,"Ec",18,1,0,0,0,1,0.646504780524047
"5056",191,"Ec_N",85,16,16,"Ec",18,1,0,0,0,1,0.646504780524047
"5057",191,"Ec_N",85,17,17,"Ec",22,1,0,1,0,1,0.92522428176681
"5058",191,"Ec_N",85,18,18,"Ec",22,1,0,1,0,1,0.92522428176681
"5059",191,"Ec_N",85,19,19,"Ec",22,1,0,1,0,1,0.92522428176681
"5060",191,"Ec_N",85,20,20,"Ec",30,1,0,1,1,1,0.958688519948705
"5061",191,"Ec_N",85,21,21,"Ec",30,1,0,1,1,1,0.958688519948705
"5062",191,"Ec_N",85,22,22,"Ec",30,1,0,1,1,1,0.958688519948705
"5063",191,"Ec_N",85,23,23,"Ec",30,1,0,1,1,1,0.958688519948705
"5064",191,"Ec_N",85,24,24,"Ec",30,1,0,1,1,1,0.958688519948705
"5065",191,"Ec_N",85,25,25,"Ec",30,1,0,1,1,1,0.958688519948705
"5066",191,"Ec_N",85,26,26,"Ec",30,1,0,1,1,1,0.958688519948705
"5067",191,"Ec_N",85,27,27,"Ec",30,1,0,1,1,1,0.958688519948705
"5068",191,"Ec_N",85,28,28,"Ec",30,1,0,1,1,1,0.958688519948705
"5069",191,"Ec_N",85,29,29,"Ec",30,1,0,1,1,1,0.958688519948705
"5070",191,"Ec_N",85,30,30,"Ec",30,1,0,1,1,1,0.958688519948705
"5071",191,"Ec_N",85,31,31,"Ec",30,1,0,1,1,1,0.958688519948705
"5072",191,"Ec_N",85,32,32,"Ec",30,1,0,1,1,1,0.958688519948705
"5073",191,"Ec_N",85,33,33,"Ec",30,1,0,1,1,1,0.958688519948705
"5074",191,"Ec_N",85,34,34,"Ec",30,1,0,1,1,1,0.958688519948705
"5075",191,"Ec_N",85,35,35,"Ec",30,1,0,1,1,1,0.958688519948705
"5076",191,"Ec_N",85,36,36,"Ec",30,1,0,1,1,1,0.958688519948705
"5077",191,"Ec_N",85,37,37,"Ec",30,1,0,1,1,1,0.958688519948705
"5078",191,"Ec_N",85,38,38,"Ec",30,1,0,1,1,1,0.958688519948705
"5079",191,"Ec_N",85,39,39,"Ec",30,1,0,1,1,1,0.958688519948705
"5080",191,"Ec_N",85,40,40,"Ec",30,1,0,1,1,1,0.958688519948705
"5081",191,"Ec_N",85,41,41,"Ec",30,1,0,1,1,1,0.958688519948705
"5082",191,"Ec_N",85,42,42,"Ec",30,1,0,1,1,1,0.958688519948705
"5083",191,"Ec_N",85,43,43,"Ec",30,1,0,1,1,1,0.958688519948705
"5084",191,"Ec_N",85,44,44,"Ec",30,1,0,1,1,1,0.958688519948705
"5085",191,"Ec_N",85,45,45,"Ec",30,1,0,1,1,1,0.958688519948705
"5086",191,"Ec_N",85,46,46,"Ec",30,1,0,1,1,1,0.958688519948705
"5087",191,"Ec_N",85,47,47,"Ec",30,1,0,1,1,1,0.958688519948705
"5088",191,"Ec_N",85,48,48,"Ec",30,1,0,1,1,1,0.958688519948705
"5089",191,"Ec_N",85,49,49,"Ec",30,1,0,1,1,1,0.958688519948705
"5090",191,"Ec_N",85,50,50,"Ec",30,1,0,1,1,1,0.958688519948705
"5091",191,"Ec_N",85,51,51,"Ec",30,1,0,1,1,1,0.958688519948705
"5092",191,"Ec_N",85,52,52,"Ec",30,1,0,1,1,1,0.958688519948705
"5093",191,"Ec_N",85,53,53,"Ec",30,1,0,1,1,1,0.958688519948705
"5094",191,"Ec_N",85,54,54,"Ec",30,1,0,1,1,1,0.958688519948705
"5095",191,"Ec_N",85,55,55,"Ec",30,1,0,1,1,1,0.958688519948705
"5096",191,"Ec_N",85,56,56,"Ec",30,1,0,1,1,1,0.958688519948705
"5097",191,"Ec_N",85,57,57,"Ec",30,1,0,1,1,1,0.958688519948705
"5098",191,"Ec_N",85,58,58,"Ec",30,1,0,1,1,1,0.958688519948705
"5099",191,"Ec_N",85,59,59,"Ec",30,1,0,1,1,1,0.958688519948705
"5100",191,"Ec_N",85,60,60,"Ec",30,1,0,1,1,1,0.958688519948705
"5101",191,"Ec_N",86,1,1,"Ec",1,0,0,0,0,0,0
"5102",191,"Ec_N",86,2,2,"Ec",1,0,0,0,0,0,0
"5103",191,"Ec_N",86,3,3,"Ec",1,0,0,0,0,0,0
"5104",191,"Ec_N",86,4,4,"Ec",1,0,0,0,0,0,0
"5105",191,"Ec_N",86,5,5,"Ec",1,0,0,0,0,0,0
"5106",191,"Ec_N",86,6,6,"Ec",1,0,0,0,0,0,0
"5107",191,"Ec_N",86,7,7,"Ec",5,0,0,1,0,0,0.49313446766664
"5108",191,"Ec_N",86,8,8,"Ec",5,0,0,1,0,0,0.49313446766664
"5109",191,"Ec_N",86,9,9,"Ec",5,0,0,1,0,0,0.49313446766664
"5110",191,"Ec_N",86,10,10,"Ec",5,0,0,1,0,0,0.49313446766664
"5111",191,"Ec_N",86,11,11,"Ec",5,0,0,1,0,0,0.49313446766664
"5112",191,"Ec_N",86,12,12,"Ec",5,0,0,1,0,0,0.49313446766664
"5113",191,"Ec_N",86,13,13,"Ec",7,0,1,1,0,0,0.589282297794007
"5114",191,"Ec_N",86,14,14,"Ec",7,0,1,1,0,0,0.589282297794007
"5115",191,"Ec_N",86,15,15,"Ec",7,0,1,1,0,0,0.589282297794007
"5116",191,"Ec_N",86,16,16,"Ec",7,0,1,1,0,0,0.589282297794007
"5117",191,"Ec_N",86,17,17,"Ec",7,0,1,1,0,0,0.589282297794007
"5118",191,"Ec_N",86,18,18,"Ec",7,0,1,1,0,0,0.589282297794007
"5119",191,"Ec_N",86,19,19,"Ec",7,0,1,1,0,0,0.589282297794007
"5120",191,"Ec_N",86,20,20,"Ec",7,0,1,1,0,0,0.589282297794007
"5121",191,"Ec_N",86,21,21,"Ec",7,0,1,1,0,0,0.589282297794007
"5122",191,"Ec_N",86,22,22,"Ec",7,0,1,1,0,0,0.589282297794007
"5123",191,"Ec_N",86,23,23,"Ec",7,0,1,1,0,0,0.589282297794007
"5124",191,"Ec_N",86,24,24,"Ec",7,0,1,1,0,0,0.589282297794007
"5125",191,"Ec_N",86,25,25,"Ec",7,0,1,1,0,0,0.589282297794007
"5126",191,"Ec_N",86,26,26,"Ec",7,0,1,1,0,0,0.589282297794007
"5127",191,"Ec_N",86,27,27,"Ec",7,0,1,1,0,0,0.589282297794007
"5128",191,"Ec_N",86,28,28,"Ec",7,0,1,1,0,0,0.589282297794007
"5129",191,"Ec_N",86,29,29,"Ec",7,0,1,1,0,0,0.589282297794007
"5130",191,"Ec_N",86,30,30,"Ec",7,0,1,1,0,0,0.589282297794007
"5131",191,"Ec_N",86,31,31,"Ec",7,0,1,1,0,0,0.589282297794007
"5132",191,"Ec_N",86,32,32,"Ec",7,0,1,1,0,0,0.589282297794007
"5133",191,"Ec_N",86,33,33,"Ec",7,0,1,1,0,0,0.589282297794007
"5134",191,"Ec_N",86,34,34,"Ec",7,0,1,1,0,0,0.589282297794007
"5135",191,"Ec_N",86,35,35,"Ec",7,0,1,1,0,0,0.589282297794007
"5136",191,"Ec_N",86,36,36,"Ec",23,0,1,1,0,1,0.616809062130864
"5137",191,"Ec_N",86,37,37,"Ec",31,0,1,1,1,1,0.801979629454064
"5138",191,"Ec_N",86,38,38,"Ec",31,0,1,1,1,1,0.801979629454064
"5139",191,"Ec_N",86,39,39,"Ec",31,0,1,1,1,1,0.801979629454064
"5140",191,"Ec_N",86,40,40,"Ec",31,0,1,1,1,1,0.801979629454064
"5141",191,"Ec_N",86,41,41,"Ec",31,0,1,1,1,1,0.801979629454064
"5142",191,"Ec_N",86,42,42,"Ec",31,0,1,1,1,1,0.801979629454064
"5143",191,"Ec_N",86,43,43,"Ec",31,0,1,1,1,1,0.801979629454064
"5144",191,"Ec_N",86,44,44,"Ec",31,0,1,1,1,1,0.801979629454064
"5145",191,"Ec_N",86,45,45,"Ec",31,0,1,1,1,1,0.801979629454064
"5146",191,"Ec_N",86,46,46,"Ec",31,0,1,1,1,1,0.801979629454064
"5147",191,"Ec_N",86,47,47,"Ec",31,0,1,1,1,1,0.801979629454064
"5148",191,"Ec_N",86,48,48,"Ec",31,0,1,1,1,1,0.801979629454064
"5149",191,"Ec_N",86,49,49,"Ec",31,0,1,1,1,1,0.801979629454064
"5150",191,"Ec_N",86,50,50,"Ec",31,0,1,1,1,1,0.801979629454064
"5151",191,"Ec_N",86,51,51,"Ec",31,0,1,1,1,1,0.801979629454064
"5152",191,"Ec_N",86,52,52,"Ec",31,0,1,1,1,1,0.801979629454064
"5153",191,"Ec_N",86,53,53,"Ec",31,0,1,1,1,1,0.801979629454064
"5154",191,"Ec_N",86,54,54,"Ec",31,0,1,1,1,1,0.801979629454064
"5155",191,"Ec_N",86,55,55,"Ec",31,0,1,1,1,1,0.801979629454064
"5156",191,"Ec_N",86,56,56,"Ec",31,0,1,1,1,1,0.801979629454064
"5157",191,"Ec_N",86,57,57,"Ec",31,0,1,1,1,1,0.801979629454064
"5158",191,"Ec_N",86,58,58,"Ec",31,0,1,1,1,1,0.801979629454064
"5159",191,"Ec_N",86,59,59,"Ec",31,0,1,1,1,1,0.801979629454064
"5160",191,"Ec_N",86,60,60,"Ec",31,0,1,1,1,1,0.801979629454064
"5161",191,"Ec_N",87,1,1,"Ec",1,0,0,0,0,0,0
"5162",191,"Ec_N",87,2,2,"Ec",1,0,0,0,0,0,0
"5163",191,"Ec_N",87,3,3,"Ec",1,0,0,0,0,0,0
"5164",191,"Ec_N",87,4,4,"Ec",1,0,0,0,0,0,0
"5165",191,"Ec_N",87,5,5,"Ec",1,0,0,0,0,0,0
"5166",191,"Ec_N",87,6,6,"Ec",1,0,0,0,0,0,0
"5167",191,"Ec_N",87,7,7,"Ec",1,0,0,0,0,0,0
"5168",191,"Ec_N",87,8,8,"Ec",1,0,0,0,0,0,0
"5169",191,"Ec_N",87,9,9,"Ec",1,0,0,0,0,0,0
"5170",191,"Ec_N",87,10,10,"Ec",1,0,0,0,0,0,0
"5171",191,"Ec_N",87,11,11,"Ec",1,0,0,0,0,0,0
"5172",191,"Ec_N",87,12,12,"Ec",1,0,0,0,0,0,0
"5173",191,"Ec_N",87,13,13,"Ec",1,0,0,0,0,0,0
"5174",191,"Ec_N",87,14,14,"Ec",1,0,0,0,0,0,0
"5175",191,"Ec_N",87,15,15,"Ec",1,0,0,0,0,0,0
"5176",191,"Ec_N",87,16,16,"Ec",1,0,0,0,0,0,0
"5177",191,"Ec_N",87,17,17,"Ec",1,0,0,0,0,0,0
"5178",191,"Ec_N",87,18,18,"Ec",1,0,0,0,0,0,0
"5179",191,"Ec_N",87,19,19,"Ec",1,0,0,0,0,0,0
"5180",191,"Ec_N",87,20,20,"Ec",1,0,0,0,0,0,0
"5181",191,"Ec_N",87,21,21,"Ec",1,0,0,0,0,0,0
"5182",191,"Ec_N",87,22,22,"Ec",1,0,0,0,0,0,0
"5183",191,"Ec_N",87,23,23,"Ec",1,0,0,0,0,0,0
"5184",191,"Ec_N",87,24,24,"Ec",5,0,0,1,0,0,0.49313446766664
"5185",191,"Ec_N",87,25,25,"Ec",5,0,0,1,0,0,0.49313446766664
"5186",191,"Ec_N",87,26,26,"Ec",5,0,0,1,0,0,0.49313446766664
"5187",191,"Ec_N",87,27,27,"Ec",5,0,0,1,0,0,0.49313446766664
"5188",191,"Ec_N",87,28,28,"Ec",5,0,0,1,0,0,0.49313446766664
"5189",191,"Ec_N",87,29,29,"Ec",5,0,0,1,0,0,0.49313446766664
"5190",191,"Ec_N",87,30,30,"Ec",5,0,0,1,0,0,0.49313446766664
"5191",191,"Ec_N",87,31,31,"Ec",5,0,0,1,0,0,0.49313446766664
"5192",191,"Ec_N",87,32,32,"Ec",5,0,0,1,0,0,0.49313446766664
"5193",191,"Ec_N",87,33,33,"Ec",5,0,0,1,0,0,0.49313446766664
"5194",191,"Ec_N",87,34,34,"Ec",5,0,0,1,0,0,0.49313446766664
"5195",191,"Ec_N",87,35,35,"Ec",5,0,0,1,0,0,0.49313446766664
"5196",191,"Ec_N",87,36,36,"Ec",5,0,0,1,0,0,0.49313446766664
"5197",191,"Ec_N",87,37,37,"Ec",5,0,0,1,0,0,0.49313446766664
"5198",191,"Ec_N",87,38,38,"Ec",5,0,0,1,0,0,0.49313446766664
"5199",191,"Ec_N",87,39,39,"Ec",5,0,0,1,0,0,0.49313446766664
"5200",191,"Ec_N",87,40,40,"Ec",5,0,0,1,0,0,0.49313446766664
"5201",191,"Ec_N",87,41,41,"Ec",5,0,0,1,0,0,0.49313446766664
"5202",191,"Ec_N",87,42,42,"Ec",5,0,0,1,0,0,0.49313446766664
"5203",191,"Ec_N",87,43,43,"Ec",5,0,0,1,0,0,0.49313446766664
"5204",191,"Ec_N",87,44,44,"Ec",5,0,0,1,0,0,0.49313446766664
"5205",191,"Ec_N",87,45,45,"Ec",5,0,0,1,0,0,0.49313446766664
"5206",191,"Ec_N",87,46,46,"Ec",21,0,0,1,0,1,0.726280938342543
"5207",191,"Ec_N",87,47,47,"Ec",21,0,0,1,0,1,0.726280938342543
"5208",191,"Ec_N",87,48,48,"Ec",21,0,0,1,0,1,0.726280938342543
"5209",191,"Ec_N",87,49,49,"Ec",21,0,0,1,0,1,0.726280938342543
"5210",191,"Ec_N",87,50,50,"Ec",29,0,0,1,1,1,0.760668149402769
"5211",191,"Ec_N",87,51,51,"Ec",29,0,0,1,1,1,0.760668149402769
"5212",191,"Ec_N",87,52,52,"Ec",29,0,0,1,1,1,0.760668149402769
"5213",191,"Ec_N",87,53,53,"Ec",29,0,0,1,1,1,0.760668149402769
"5214",191,"Ec_N",87,54,54,"Ec",29,0,0,1,1,1,0.760668149402769
"5215",191,"Ec_N",87,55,55,"Ec",31,0,1,1,1,1,0.801979629454064
"5216",191,"Ec_N",87,56,56,"Ec",31,0,1,1,1,1,0.801979629454064
"5217",191,"Ec_N",87,57,57,"Ec",31,0,1,1,1,1,0.801979629454064
"5218",191,"Ec_N",87,58,58,"Ec",31,0,1,1,1,1,0.801979629454064
"5219",191,"Ec_N",87,59,59,"Ec",31,0,1,1,1,1,0.801979629454064
"5220",191,"Ec_N",87,60,60,"Ec",31,0,1,1,1,1,0.801979629454064
"5221",191,"Ec_N",88,1,1,"Ec",1,0,0,0,0,0,0
"5222",191,"Ec_N",88,2,2,"Ec",9,0,0,0,1,0,0.0305419930719563
"5223",191,"Ec_N",88,3,3,"Ec",9,0,0,0,1,0,0.0305419930719563
"5224",191,"Ec_N",88,4,4,"Ec",9,0,0,0,1,0,0.0305419930719563
"5225",191,"Ec_N",88,5,5,"Ec",9,0,0,0,1,0,0.0305419930719563
"5226",191,"Ec_N",88,6,6,"Ec",13,0,0,1,1,0,0.374679213953716
"5227",191,"Ec_N",88,7,7,"Ec",13,0,0,1,1,0,0.374679213953716
"5228",191,"Ec_N",88,8,8,"Ec",13,0,0,1,1,0,0.374679213953716
"5229",191,"Ec_N",88,9,9,"Ec",13,0,0,1,1,0,0.374679213953716
"5230",191,"Ec_N",88,10,10,"Ec",13,0,0,1,1,0,0.374679213953716
"5231",191,"Ec_N",88,11,11,"Ec",13,0,0,1,1,0,0.374679213953716
"5232",191,"Ec_N",88,12,12,"Ec",13,0,0,1,1,0,0.374679213953716
"5233",191,"Ec_N",88,13,13,"Ec",13,0,0,1,1,0,0.374679213953716
"5234",191,"Ec_N",88,14,14,"Ec",13,0,0,1,1,0,0.374679213953716
"5235",191,"Ec_N",88,15,15,"Ec",13,0,0,1,1,0,0.374679213953716
"5236",191,"Ec_N",88,16,16,"Ec",13,0,0,1,1,0,0.374679213953716
"5237",191,"Ec_N",88,17,17,"Ec",13,0,0,1,1,0,0.374679213953716
"5238",191,"Ec_N",88,18,18,"Ec",13,0,0,1,1,0,0.374679213953716
"5239",191,"Ec_N",88,19,19,"Ec",13,0,0,1,1,0,0.374679213953716
"5240",191,"Ec_N",88,20,20,"Ec",13,0,0,1,1,0,0.374679213953716
"5241",191,"Ec_N",88,21,21,"Ec",13,0,0,1,1,0,0.374679213953716
"5242",191,"Ec_N",88,22,22,"Ec",13,0,0,1,1,0,0.374679213953716
"5243",191,"Ec_N",88,23,23,"Ec",13,0,0,1,1,0,0.374679213953716
"5244",191,"Ec_N",88,24,24,"Ec",13,0,0,1,1,0,0.374679213953716
"5245",191,"Ec_N",88,25,25,"Ec",13,0,0,1,1,0,0.374679213953716
"5246",191,"Ec_N",88,26,26,"Ec",13,0,0,1,1,0,0.374679213953716
"5247",191,"Ec_N",88,27,27,"Ec",5,0,0,1,0,0,0.49313446766664
"5248",191,"Ec_N",88,28,28,"Ec",21,0,0,1,0,1,0.726280938342543
"5249",191,"Ec_N",88,29,29,"Ec",21,0,0,1,0,1,0.726280938342543
"5250",191,"Ec_N",88,30,30,"Ec",21,0,0,1,0,1,0.726280938342543
"5251",191,"Ec_N",88,31,31,"Ec",21,0,0,1,0,1,0.726280938342543
"5252",191,"Ec_N",88,32,32,"Ec",21,0,0,1,0,1,0.726280938342543
"5253",191,"Ec_N",88,33,33,"Ec",21,0,0,1,0,1,0.726280938342543
"5254",191,"Ec_N",88,34,34,"Ec",21,0,0,1,0,1,0.726280938342543
"5255",191,"Ec_N",88,35,35,"Ec",21,0,0,1,0,1,0.726280938342543
"5256",191,"Ec_N",88,36,36,"Ec",21,0,0,1,0,1,0.726280938342543
"5257",191,"Ec_N",88,37,37,"Ec",21,0,0,1,0,1,0.726280938342543
"5258",191,"Ec_N",88,38,38,"Ec",21,0,0,1,0,1,0.726280938342543
"5259",191,"Ec_N",88,39,39,"Ec",21,0,0,1,0,1,0.726280938342543
"5260",191,"Ec_N",88,40,40,"Ec",22,1,0,1,0,1,0.92522428176681
"5261",191,"Ec_N",88,41,41,"Ec",22,1,0,1,0,1,0.92522428176681
"5262",191,"Ec_N",88,42,42,"Ec",22,1,0,1,0,1,0.92522428176681
"5263",191,"Ec_N",88,43,43,"Ec",22,1,0,1,0,1,0.92522428176681
"5264",191,"Ec_N",88,44,44,"Ec",22,1,0,1,0,1,0.92522428176681
"5265",191,"Ec_N",88,45,45,"Ec",22,1,0,1,0,1,0.92522428176681
"5266",191,"Ec_N",88,46,46,"Ec",24,1,1,1,0,1,0.969458006928044
"5267",191,"Ec_N",88,47,47,"Ec",24,1,1,1,0,1,0.969458006928044
"5268",191,"Ec_N",88,48,48,"Ec",24,1,1,1,0,1,0.969458006928044
"5269",191,"Ec_N",88,49,49,"Ec",32,1,1,1,1,1,1
"5270",191,"Ec_N",88,50,50,"Ec",32,1,1,1,1,1,1
"5271",191,"Ec_N",88,51,51,"Ec",32,1,1,1,1,1,1
"5272",191,"Ec_N",88,52,52,"Ec",32,1,1,1,1,1,1
"5273",191,"Ec_N",88,53,53,"Ec",32,1,1,1,1,1,1
"5274",191,"Ec_N",88,54,54,"Ec",32,1,1,1,1,1,1
"5275",191,"Ec_N",88,55,55,"Ec",32,1,1,1,1,1,1
"5276",191,"Ec_N",88,56,56,"Ec",32,1,1,1,1,1,1
"5277",191,"Ec_N",88,57,57,"Ec",32,1,1,1,1,1,1
"5278",191,"Ec_N",88,58,58,"Ec",32,1,1,1,1,1,1
"5279",191,"Ec_N",88,59,59,"Ec",32,1,1,1,1,1,1
"5280",191,"Ec_N",88,60,60,"Ec",32,1,1,1,1,1,1
"5281",191,"Ec_N",89,1,1,"Ec",1,0,0,0,0,0,0
"5282",191,"Ec_N",89,2,2,"Ec",17,0,0,0,0,1,0.229834113103391
"5283",191,"Ec_N",89,3,3,"Ec",17,0,0,0,0,1,0.229834113103391
"5284",191,"Ec_N",89,4,4,"Ec",17,0,0,0,0,1,0.229834113103391
"5285",191,"Ec_N",89,5,5,"Ec",17,0,0,0,0,1,0.229834113103391
"5286",191,"Ec_N",89,6,6,"Ec",17,0,0,0,0,1,0.229834113103391
"5287",191,"Ec_N",89,7,7,"Ec",17,0,0,0,0,1,0.229834113103391
"5288",191,"Ec_N",89,8,8,"Ec",17,0,0,0,0,1,0.229834113103391
"5289",191,"Ec_N",89,9,9,"Ec",17,0,0,0,0,1,0.229834113103391
"5290",191,"Ec_N",89,10,10,"Ec",17,0,0,0,0,1,0.229834113103391
"5291",191,"Ec_N",89,11,11,"Ec",17,0,0,0,0,1,0.229834113103391
"5292",191,"Ec_N",89,12,12,"Ec",21,0,0,1,0,1,0.726280938342543
"5293",191,"Ec_N",89,13,13,"Ec",21,0,0,1,0,1,0.726280938342543
"5294",191,"Ec_N",89,14,14,"Ec",21,0,0,1,0,1,0.726280938342543
"5295",191,"Ec_N",89,15,15,"Ec",21,0,0,1,0,1,0.726280938342543
"5296",191,"Ec_N",89,16,16,"Ec",21,0,0,1,0,1,0.726280938342543
"5297",191,"Ec_N",89,17,17,"Ec",21,0,0,1,0,1,0.726280938342543
"5298",191,"Ec_N",89,18,18,"Ec",21,0,0,1,0,1,0.726280938342543
"5299",191,"Ec_N",89,19,19,"Ec",21,0,0,1,0,1,0.726280938342543
"5300",191,"Ec_N",89,20,20,"Ec",21,0,0,1,0,1,0.726280938342543
"5301",191,"Ec_N",89,21,21,"Ec",21,0,0,1,0,1,0.726280938342543
"5302",191,"Ec_N",89,22,22,"Ec",21,0,0,1,0,1,0.726280938342543
"5303",191,"Ec_N",89,23,23,"Ec",21,0,0,1,0,1,0.726280938342543
"5304",191,"Ec_N",89,24,24,"Ec",21,0,0,1,0,1,0.726280938342543
"5305",191,"Ec_N",89,25,25,"Ec",21,0,0,1,0,1,0.726280938342543
"5306",191,"Ec_N",89,26,26,"Ec",21,0,0,1,0,1,0.726280938342543
"5307",191,"Ec_N",89,27,27,"Ec",21,0,0,1,0,1,0.726280938342543
"5308",191,"Ec_N",89,28,28,"Ec",21,0,0,1,0,1,0.726280938342543
"5309",191,"Ec_N",89,29,29,"Ec",21,0,0,1,0,1,0.726280938342543
"5310",191,"Ec_N",89,30,30,"Ec",22,1,0,1,0,1,0.92522428176681
"5311",191,"Ec_N",89,31,31,"Ec",22,1,0,1,0,1,0.92522428176681
"5312",191,"Ec_N",89,32,32,"Ec",22,1,0,1,0,1,0.92522428176681
"5313",191,"Ec_N",89,33,33,"Ec",22,1,0,1,0,1,0.92522428176681
"5314",191,"Ec_N",89,34,34,"Ec",22,1,0,1,0,1,0.92522428176681
"5315",191,"Ec_N",89,35,35,"Ec",22,1,0,1,0,1,0.92522428176681
"5316",191,"Ec_N",89,36,36,"Ec",22,1,0,1,0,1,0.92522428176681
"5317",191,"Ec_N",89,37,37,"Ec",22,1,0,1,0,1,0.92522428176681
"5318",191,"Ec_N",89,38,38,"Ec",22,1,0,1,0,1,0.92522428176681
"5319",191,"Ec_N",89,39,39,"Ec",22,1,0,1,0,1,0.92522428176681
"5320",191,"Ec_N",89,40,40,"Ec",30,1,0,1,1,1,0.958688519948705
"5321",191,"Ec_N",89,41,41,"Ec",30,1,0,1,1,1,0.958688519948705
"5322",191,"Ec_N",89,42,42,"Ec",30,1,0,1,1,1,0.958688519948705
"5323",191,"Ec_N",89,43,43,"Ec",30,1,0,1,1,1,0.958688519948705
"5324",191,"Ec_N",89,44,44,"Ec",30,1,0,1,1,1,0.958688519948705
"5325",191,"Ec_N",89,45,45,"Ec",30,1,0,1,1,1,0.958688519948705
"5326",191,"Ec_N",89,46,46,"Ec",30,1,0,1,1,1,0.958688519948705
"5327",191,"Ec_N",89,47,47,"Ec",30,1,0,1,1,1,0.958688519948705
"5328",191,"Ec_N",89,48,48,"Ec",30,1,0,1,1,1,0.958688519948705
"5329",191,"Ec_N",89,49,49,"Ec",30,1,0,1,1,1,0.958688519948705
"5330",191,"Ec_N",89,50,50,"Ec",30,1,0,1,1,1,0.958688519948705
"5331",191,"Ec_N",89,51,51,"Ec",30,1,0,1,1,1,0.958688519948705
"5332",191,"Ec_N",89,52,52,"Ec",30,1,0,1,1,1,0.958688519948705
"5333",191,"Ec_N",89,53,53,"Ec",30,1,0,1,1,1,0.958688519948705
"5334",191,"Ec_N",89,54,54,"Ec",30,1,0,1,1,1,0.958688519948705
"5335",191,"Ec_N",89,55,55,"Ec",30,1,0,1,1,1,0.958688519948705
"5336",191,"Ec_N",89,56,56,"Ec",30,1,0,1,1,1,0.958688519948705
"5337",191,"Ec_N",89,57,57,"Ec",30,1,0,1,1,1,0.958688519948705
"5338",191,"Ec_N",89,58,58,"Ec",30,1,0,1,1,1,0.958688519948705
"5339",191,"Ec_N",89,59,59,"Ec",30,1,0,1,1,1,0.958688519948705
"5340",191,"Ec_N",89,60,60,"Ec",30,1,0,1,1,1,0.958688519948705
"5341",191,"Ec_N",90,1,1,"Ec",1,0,0,0,0,0,0
"5342",191,"Ec_N",90,2,2,"Ec",1,0,0,0,0,0,0
"5343",191,"Ec_N",90,3,3,"Ec",1,0,0,0,0,0,0
"5344",191,"Ec_N",90,4,4,"Ec",9,0,0,0,1,0,0.0305419930719563
"5345",191,"Ec_N",90,5,5,"Ec",13,0,0,1,1,0,0.374679213953716
"5346",191,"Ec_N",90,6,6,"Ec",13,0,0,1,1,0,0.374679213953716
"5347",191,"Ec_N",90,7,7,"Ec",13,0,0,1,1,0,0.374679213953716
"5348",191,"Ec_N",90,8,8,"Ec",13,0,0,1,1,0,0.374679213953716
"5349",191,"Ec_N",90,9,9,"Ec",13,0,0,1,1,0,0.374679213953716
"5350",191,"Ec_N",90,10,10,"Ec",15,0,1,1,1,0,0.437080043527332
"5351",191,"Ec_N",90,11,11,"Ec",15,0,1,1,1,0,0.437080043527332
"5352",191,"Ec_N",90,12,12,"Ec",7,0,1,1,0,0,0.589282297794007
"5353",191,"Ec_N",90,13,13,"Ec",7,0,1,1,0,0,0.589282297794007
"5354",191,"Ec_N",90,14,14,"Ec",7,0,1,1,0,0,0.589282297794007
"5355",191,"Ec_N",90,15,15,"Ec",7,0,1,1,0,0,0.589282297794007
"5356",191,"Ec_N",90,16,16,"Ec",7,0,1,1,0,0,0.589282297794007
"5357",191,"Ec_N",90,17,17,"Ec",7,0,1,1,0,0,0.589282297794007
"5358",191,"Ec_N",90,18,18,"Ec",7,0,1,1,0,0,0.589282297794007
"5359",191,"Ec_N",90,19,19,"Ec",7,0,1,1,0,0,0.589282297794007
"5360",191,"Ec_N",90,20,20,"Ec",7,0,1,1,0,0,0.589282297794007
"5361",191,"Ec_N",90,21,21,"Ec",7,0,1,1,0,0,0.589282297794007
"5362",191,"Ec_N",90,22,22,"Ec",7,0,1,1,0,0,0.589282297794007
"5363",191,"Ec_N",90,23,23,"Ec",7,0,1,1,0,0,0.589282297794007
"5364",191,"Ec_N",90,24,24,"Ec",7,0,1,1,0,0,0.589282297794007
"5365",191,"Ec_N",90,25,25,"Ec",7,0,1,1,0,0,0.589282297794007
"5366",191,"Ec_N",90,26,26,"Ec",7,0,1,1,0,0,0.589282297794007
"5367",191,"Ec_N",90,27,27,"Ec",7,0,1,1,0,0,0.589282297794007
"5368",191,"Ec_N",90,28,28,"Ec",7,0,1,1,0,0,0.589282297794007
"5369",191,"Ec_N",90,29,29,"Ec",7,0,1,1,0,0,0.589282297794007
"5370",191,"Ec_N",90,30,30,"Ec",7,0,1,1,0,0,0.589282297794007
"5371",191,"Ec_N",90,31,31,"Ec",7,0,1,1,0,0,0.589282297794007
"5372",191,"Ec_N",90,32,32,"Ec",7,0,1,1,0,0,0.589282297794007
"5373",191,"Ec_N",90,33,33,"Ec",7,0,1,1,0,0,0.589282297794007
"5374",191,"Ec_N",90,34,34,"Ec",7,0,1,1,0,0,0.589282297794007
"5375",191,"Ec_N",90,35,35,"Ec",7,0,1,1,0,0,0.589282297794007
"5376",191,"Ec_N",90,36,36,"Ec",7,0,1,1,0,0,0.589282297794007
"5377",191,"Ec_N",90,37,37,"Ec",7,0,1,1,0,0,0.589282297794007
"5378",191,"Ec_N",90,38,38,"Ec",7,0,1,1,0,0,0.589282297794007
"5379",191,"Ec_N",90,39,39,"Ec",7,0,1,1,0,0,0.589282297794007
"5380",191,"Ec_N",90,40,40,"Ec",7,0,1,1,0,0,0.589282297794007
"5381",191,"Ec_N",90,41,41,"Ec",7,0,1,1,0,0,0.589282297794007
"5382",191,"Ec_N",90,42,42,"Ec",7,0,1,1,0,0,0.589282297794007
"5383",191,"Ec_N",90,43,43,"Ec",7,0,1,1,0,0,0.589282297794007
"5384",191,"Ec_N",90,44,44,"Ec",7,0,1,1,0,0,0.589282297794007
"5385",191,"Ec_N",90,45,45,"Ec",7,0,1,1,0,0,0.589282297794007
"5386",191,"Ec_N",90,46,46,"Ec",7,0,1,1,0,0,0.589282297794007
"5387",191,"Ec_N",90,47,47,"Ec",7,0,1,1,0,0,0.589282297794007
"5388",191,"Ec_N",90,48,48,"Ec",7,0,1,1,0,0,0.589282297794007
"5389",191,"Ec_N",90,49,49,"Ec",7,0,1,1,0,0,0.589282297794007
"5390",191,"Ec_N",90,50,50,"Ec",7,0,1,1,0,0,0.589282297794007
"5391",191,"Ec_N",90,51,51,"Ec",7,0,1,1,0,0,0.589282297794007
"5392",191,"Ec_N",90,52,52,"Ec",7,0,1,1,0,0,0.589282297794007
"5393",191,"Ec_N",90,53,53,"Ec",23,0,1,1,0,1,0.616809062130864
"5394",191,"Ec_N",90,54,54,"Ec",23,0,1,1,0,1,0.616809062130864
"5395",191,"Ec_N",90,55,55,"Ec",23,0,1,1,0,1,0.616809062130864
"5396",191,"Ec_N",90,56,56,"Ec",21,0,0,1,0,1,0.726280938342543
"5397",191,"Ec_N",90,57,57,"Ec",21,0,0,1,0,1,0.726280938342543
"5398",191,"Ec_N",90,58,58,"Ec",21,0,0,1,0,1,0.726280938342543
"5399",191,"Ec_N",90,59,59,"Ec",29,0,0,1,1,1,0.760668149402769
"5400",191,"Ec_N",90,60,60,"Ec",31,0,1,1,1,1,0.801979629454064
"5401",191,"Ec_N",91,1,1,"Ec",1,0,0,0,0,0,0
"5402",191,"Ec_N",91,2,2,"Ec",1,0,0,0,0,0,0
"5403",191,"Ec_N",91,3,3,"Ec",1,0,0,0,0,0,0
"5404",191,"Ec_N",91,4,4,"Ec",1,0,0,0,0,0,0
"5405",191,"Ec_N",91,5,5,"Ec",1,0,0,0,0,0,0
"5406",191,"Ec_N",91,6,6,"Ec",17,0,0,0,0,1,0.229834113103391
"5407",191,"Ec_N",91,7,7,"Ec",17,0,0,0,0,1,0.229834113103391
"5408",191,"Ec_N",91,8,8,"Ec",17,0,0,0,0,1,0.229834113103391
"5409",191,"Ec_N",91,9,9,"Ec",17,0,0,0,0,1,0.229834113103391
"5410",191,"Ec_N",91,10,10,"Ec",17,0,0,0,0,1,0.229834113103391
"5411",191,"Ec_N",91,11,11,"Ec",17,0,0,0,0,1,0.229834113103391
"5412",191,"Ec_N",91,12,12,"Ec",25,0,0,0,1,1,0.403163568932085
"5413",191,"Ec_N",91,13,13,"Ec",25,0,0,0,1,1,0.403163568932085
"5414",191,"Ec_N",91,14,14,"Ec",25,0,0,0,1,1,0.403163568932085
"5415",191,"Ec_N",91,15,15,"Ec",25,0,0,0,1,1,0.403163568932085
"5416",191,"Ec_N",91,16,16,"Ec",25,0,0,0,1,1,0.403163568932085
"5417",191,"Ec_N",91,17,17,"Ec",29,0,0,1,1,1,0.760668149402769
"5418",191,"Ec_N",91,18,18,"Ec",29,0,0,1,1,1,0.760668149402769
"5419",191,"Ec_N",91,19,19,"Ec",29,0,0,1,1,1,0.760668149402769
"5420",191,"Ec_N",91,20,20,"Ec",29,0,0,1,1,1,0.760668149402769
"5421",191,"Ec_N",91,21,21,"Ec",29,0,0,1,1,1,0.760668149402769
"5422",191,"Ec_N",91,22,22,"Ec",29,0,0,1,1,1,0.760668149402769
"5423",191,"Ec_N",91,23,23,"Ec",31,0,1,1,1,1,0.801979629454064
"5424",191,"Ec_N",91,24,24,"Ec",31,0,1,1,1,1,0.801979629454064
"5425",191,"Ec_N",91,25,25,"Ec",31,0,1,1,1,1,0.801979629454064
"5426",191,"Ec_N",91,26,26,"Ec",31,0,1,1,1,1,0.801979629454064
"5427",191,"Ec_N",91,27,27,"Ec",31,0,1,1,1,1,0.801979629454064
"5428",191,"Ec_N",91,28,28,"Ec",31,0,1,1,1,1,0.801979629454064
"5429",191,"Ec_N",91,29,29,"Ec",31,0,1,1,1,1,0.801979629454064
"5430",191,"Ec_N",91,30,30,"Ec",31,0,1,1,1,1,0.801979629454064
"5431",191,"Ec_N",91,31,31,"Ec",31,0,1,1,1,1,0.801979629454064
"5432",191,"Ec_N",91,32,32,"Ec",31,0,1,1,1,1,0.801979629454064
"5433",191,"Ec_N",91,33,33,"Ec",31,0,1,1,1,1,0.801979629454064
"5434",191,"Ec_N",91,34,34,"Ec",31,0,1,1,1,1,0.801979629454064
"5435",191,"Ec_N",91,35,35,"Ec",31,0,1,1,1,1,0.801979629454064
"5436",191,"Ec_N",91,36,36,"Ec",31,0,1,1,1,1,0.801979629454064
"5437",191,"Ec_N",91,37,37,"Ec",31,0,1,1,1,1,0.801979629454064
"5438",191,"Ec_N",91,38,38,"Ec",31,0,1,1,1,1,0.801979629454064
"5439",191,"Ec_N",91,39,39,"Ec",31,0,1,1,1,1,0.801979629454064
"5440",191,"Ec_N",91,40,40,"Ec",31,0,1,1,1,1,0.801979629454064
"5441",191,"Ec_N",91,41,41,"Ec",31,0,1,1,1,1,0.801979629454064
"5442",191,"Ec_N",91,42,42,"Ec",31,0,1,1,1,1,0.801979629454064
"5443",191,"Ec_N",91,43,43,"Ec",31,0,1,1,1,1,0.801979629454064
"5444",191,"Ec_N",91,44,44,"Ec",31,0,1,1,1,1,0.801979629454064
"5445",191,"Ec_N",91,45,45,"Ec",31,0,1,1,1,1,0.801979629454064
"5446",191,"Ec_N",91,46,46,"Ec",31,0,1,1,1,1,0.801979629454064
"5447",191,"Ec_N",91,47,47,"Ec",31,0,1,1,1,1,0.801979629454064
"5448",191,"Ec_N",91,48,48,"Ec",31,0,1,1,1,1,0.801979629454064
"5449",191,"Ec_N",91,49,49,"Ec",31,0,1,1,1,1,0.801979629454064
"5450",191,"Ec_N",91,50,50,"Ec",31,0,1,1,1,1,0.801979629454064
"5451",191,"Ec_N",91,51,51,"Ec",31,0,1,1,1,1,0.801979629454064
"5452",191,"Ec_N",91,52,52,"Ec",31,0,1,1,1,1,0.801979629454064
"5453",191,"Ec_N",91,53,53,"Ec",31,0,1,1,1,1,0.801979629454064
"5454",191,"Ec_N",91,54,54,"Ec",31,0,1,1,1,1,0.801979629454064
"5455",191,"Ec_N",91,55,55,"Ec",31,0,1,1,1,1,0.801979629454064
"5456",191,"Ec_N",91,56,56,"Ec",31,0,1,1,1,1,0.801979629454064
"5457",191,"Ec_N",91,57,57,"Ec",31,0,1,1,1,1,0.801979629454064
"5458",191,"Ec_N",91,58,58,"Ec",31,0,1,1,1,1,0.801979629454064
"5459",191,"Ec_N",91,59,59,"Ec",31,0,1,1,1,1,0.801979629454064
"5460",191,"Ec_N",91,60,60,"Ec",31,0,1,1,1,1,0.801979629454064
"5461",191,"Ec_N",92,1,1,"Ec",1,0,0,0,0,0,0
"5462",191,"Ec_N",92,2,2,"Ec",1,0,0,0,0,0,0
"5463",191,"Ec_N",92,3,3,"Ec",1,0,0,0,0,0,0
"5464",191,"Ec_N",92,4,4,"Ec",1,0,0,0,0,0,0
"5465",191,"Ec_N",92,5,5,"Ec",1,0,0,0,0,0,0
"5466",191,"Ec_N",92,6,6,"Ec",1,0,0,0,0,0,0
"5467",191,"Ec_N",92,7,7,"Ec",1,0,0,0,0,0,0
"5468",191,"Ec_N",92,8,8,"Ec",1,0,0,0,0,0,0
"5469",191,"Ec_N",92,9,9,"Ec",1,0,0,0,0,0,0
"5470",191,"Ec_N",92,10,10,"Ec",1,0,0,0,0,0,0
"5471",191,"Ec_N",92,11,11,"Ec",1,0,0,0,0,0,0
"5472",191,"Ec_N",92,12,12,"Ec",1,0,0,0,0,0,0
"5473",191,"Ec_N",92,13,13,"Ec",1,0,0,0,0,0,0
"5474",191,"Ec_N",92,14,14,"Ec",1,0,0,0,0,0,0
"5475",191,"Ec_N",92,15,15,"Ec",1,0,0,0,0,0,0
"5476",191,"Ec_N",92,16,16,"Ec",1,0,0,0,0,0,0
"5477",191,"Ec_N",92,17,17,"Ec",1,0,0,0,0,0,0
"5478",191,"Ec_N",92,18,18,"Ec",5,0,0,1,0,0,0.49313446766664
"5479",191,"Ec_N",92,19,19,"Ec",5,0,0,1,0,0,0.49313446766664
"5480",191,"Ec_N",92,20,20,"Ec",5,0,0,1,0,0,0.49313446766664
"5481",191,"Ec_N",92,21,21,"Ec",5,0,0,1,0,0,0.49313446766664
"5482",191,"Ec_N",92,22,22,"Ec",5,0,0,1,0,0,0.49313446766664
"5483",191,"Ec_N",92,23,23,"Ec",5,0,0,1,0,0,0.49313446766664
"5484",191,"Ec_N",92,24,24,"Ec",5,0,0,1,0,0,0.49313446766664
"5485",191,"Ec_N",92,25,25,"Ec",5,0,0,1,0,0,0.49313446766664
"5486",191,"Ec_N",92,26,26,"Ec",5,0,0,1,0,0,0.49313446766664
"5487",191,"Ec_N",92,27,27,"Ec",5,0,0,1,0,0,0.49313446766664
"5488",191,"Ec_N",92,28,28,"Ec",5,0,0,1,0,0,0.49313446766664
"5489",191,"Ec_N",92,29,29,"Ec",5,0,0,1,0,0,0.49313446766664
"5490",191,"Ec_N",92,30,30,"Ec",5,0,0,1,0,0,0.49313446766664
"5491",191,"Ec_N",92,31,31,"Ec",5,0,0,1,0,0,0.49313446766664
"5492",191,"Ec_N",92,32,32,"Ec",5,0,0,1,0,0,0.49313446766664
"5493",191,"Ec_N",92,33,33,"Ec",5,0,0,1,0,0,0.49313446766664
"5494",191,"Ec_N",92,34,34,"Ec",6,1,0,1,0,0,0.542157591427696
"5495",191,"Ec_N",92,35,35,"Ec",6,1,0,1,0,0,0.542157591427696
"5496",191,"Ec_N",92,36,36,"Ec",8,1,1,1,0,0,0.583469071478991
"5497",191,"Ec_N",92,37,37,"Ec",8,1,1,1,0,0,0.583469071478991
"5498",191,"Ec_N",92,38,38,"Ec",7,0,1,1,0,0,0.589282297794007
"5499",191,"Ec_N",92,39,39,"Ec",7,0,1,1,0,0,0.589282297794007
"5500",191,"Ec_N",92,40,40,"Ec",7,0,1,1,0,0,0.589282297794007
"5501",191,"Ec_N",92,41,41,"Ec",7,0,1,1,0,0,0.589282297794007
"5502",191,"Ec_N",92,42,42,"Ec",7,0,1,1,0,0,0.589282297794007
"5503",191,"Ec_N",92,43,43,"Ec",7,0,1,1,0,0,0.589282297794007
"5504",191,"Ec_N",92,44,44,"Ec",7,0,1,1,0,0,0.589282297794007
"5505",191,"Ec_N",92,45,45,"Ec",7,0,1,1,0,0,0.589282297794007
"5506",191,"Ec_N",92,46,46,"Ec",7,0,1,1,0,0,0.589282297794007
"5507",191,"Ec_N",92,47,47,"Ec",7,0,1,1,0,0,0.589282297794007
"5508",191,"Ec_N",92,48,48,"Ec",7,0,1,1,0,0,0.589282297794007
"5509",191,"Ec_N",92,49,49,"Ec",7,0,1,1,0,0,0.589282297794007
"5510",191,"Ec_N",92,50,50,"Ec",7,0,1,1,0,0,0.589282297794007
"5511",191,"Ec_N",92,51,51,"Ec",7,0,1,1,0,0,0.589282297794007
"5512",191,"Ec_N",92,52,52,"Ec",7,0,1,1,0,0,0.589282297794007
"5513",191,"Ec_N",92,53,53,"Ec",7,0,1,1,0,0,0.589282297794007
"5514",191,"Ec_N",92,54,54,"Ec",7,0,1,1,0,0,0.589282297794007
"5515",191,"Ec_N",92,55,55,"Ec",7,0,1,1,0,0,0.589282297794007
"5516",191,"Ec_N",92,56,56,"Ec",7,0,1,1,0,0,0.589282297794007
"5517",191,"Ec_N",92,57,57,"Ec",7,0,1,1,0,0,0.589282297794007
"5518",191,"Ec_N",92,58,58,"Ec",7,0,1,1,0,0,0.589282297794007
"5519",191,"Ec_N",92,59,59,"Ec",7,0,1,1,0,0,0.589282297794007
"5520",191,"Ec_N",92,60,60,"Ec",7,0,1,1,0,0,0.589282297794007
"5521",191,"Ec_N",93,1,1,"Ec",1,0,0,0,0,0,0
"5522",191,"Ec_N",93,2,2,"Ec",1,0,0,0,0,0,0
"5523",191,"Ec_N",93,3,3,"Ec",2,1,0,0,0,0,0.198020370545937
"5524",191,"Ec_N",93,4,4,"Ec",2,1,0,0,0,0,0.198020370545937
"5525",191,"Ec_N",93,5,5,"Ec",6,1,0,1,0,0,0.542157591427696
"5526",191,"Ec_N",93,6,6,"Ec",6,1,0,1,0,0,0.542157591427696
"5527",191,"Ec_N",93,7,7,"Ec",6,1,0,1,0,0,0.542157591427696
"5528",191,"Ec_N",93,8,8,"Ec",6,1,0,1,0,0,0.542157591427696
"5529",191,"Ec_N",93,9,9,"Ec",6,1,0,1,0,0,0.542157591427696
"5530",191,"Ec_N",93,10,10,"Ec",6,1,0,1,0,0,0.542157591427696
"5531",191,"Ec_N",93,11,11,"Ec",6,1,0,1,0,0,0.542157591427696
"5532",191,"Ec_N",93,12,12,"Ec",6,1,0,1,0,0,0.542157591427696
"5533",191,"Ec_N",93,13,13,"Ec",6,1,0,1,0,0,0.542157591427696
"5534",191,"Ec_N",93,14,14,"Ec",14,1,0,1,1,0,0.746777083195453
"5535",191,"Ec_N",93,15,15,"Ec",14,1,0,1,1,0,0.746777083195453
"5536",191,"Ec_N",93,16,16,"Ec",14,1,0,1,1,0,0.746777083195453
"5537",191,"Ec_N",93,17,17,"Ec",14,1,0,1,1,0,0.746777083195453
"5538",191,"Ec_N",93,18,18,"Ec",14,1,0,1,1,0,0.746777083195453
"5539",191,"Ec_N",93,19,19,"Ec",14,1,0,1,1,0,0.746777083195453
"5540",191,"Ec_N",93,20,20,"Ec",14,1,0,1,1,0,0.746777083195453
"5541",191,"Ec_N",93,21,21,"Ec",14,1,0,1,1,0,0.746777083195453
"5542",191,"Ec_N",93,22,22,"Ec",14,1,0,1,1,0,0.746777083195453
"5543",191,"Ec_N",93,23,23,"Ec",14,1,0,1,1,0,0.746777083195453
"5544",191,"Ec_N",93,24,24,"Ec",14,1,0,1,1,0,0.746777083195453
"5545",191,"Ec_N",93,25,25,"Ec",14,1,0,1,1,0,0.746777083195453
"5546",191,"Ec_N",93,26,26,"Ec",14,1,0,1,1,0,0.746777083195453
"5547",191,"Ec_N",93,27,27,"Ec",14,1,0,1,1,0,0.746777083195453
"5548",191,"Ec_N",93,28,28,"Ec",14,1,0,1,1,0,0.746777083195453
"5549",191,"Ec_N",93,29,29,"Ec",14,1,0,1,1,0,0.746777083195453
"5550",191,"Ec_N",93,30,30,"Ec",14,1,0,1,1,0,0.746777083195453
"5551",191,"Ec_N",93,31,31,"Ec",14,1,0,1,1,0,0.746777083195453
"5552",191,"Ec_N",93,32,32,"Ec",14,1,0,1,1,0,0.746777083195453
"5553",191,"Ec_N",93,33,33,"Ec",14,1,0,1,1,0,0.746777083195453
"5554",191,"Ec_N",93,34,34,"Ec",30,1,0,1,1,1,0.958688519948705
"5555",191,"Ec_N",93,35,35,"Ec",30,1,0,1,1,1,0.958688519948705
"5556",191,"Ec_N",93,36,36,"Ec",32,1,1,1,1,1,1
"5557",191,"Ec_N",93,37,37,"Ec",32,1,1,1,1,1,1
"5558",191,"Ec_N",93,38,38,"Ec",32,1,1,1,1,1,1
"5559",191,"Ec_N",93,39,39,"Ec",32,1,1,1,1,1,1
"5560",191,"Ec_N",93,40,40,"Ec",32,1,1,1,1,1,1
"5561",191,"Ec_N",93,41,41,"Ec",32,1,1,1,1,1,1
"5562",191,"Ec_N",93,42,42,"Ec",32,1,1,1,1,1,1
"5563",191,"Ec_N",93,43,43,"Ec",32,1,1,1,1,1,1
"5564",191,"Ec_N",93,44,44,"Ec",32,1,1,1,1,1,1
"5565",191,"Ec_N",93,45,45,"Ec",32,1,1,1,1,1,1
"5566",191,"Ec_N",93,46,46,"Ec",32,1,1,1,1,1,1
"5567",191,"Ec_N",93,47,47,"Ec",32,1,1,1,1,1,1
"5568",191,"Ec_N",93,48,48,"Ec",32,1,1,1,1,1,1
"5569",191,"Ec_N",93,49,49,"Ec",32,1,1,1,1,1,1
"5570",191,"Ec_N",93,50,50,"Ec",32,1,1,1,1,1,1
"5571",191,"Ec_N",93,51,51,"Ec",32,1,1,1,1,1,1
"5572",191,"Ec_N",93,52,52,"Ec",32,1,1,1,1,1,1
"5573",191,"Ec_N",93,53,53,"Ec",32,1,1,1,1,1,1
"5574",191,"Ec_N",93,54,54,"Ec",32,1,1,1,1,1,1
"5575",191,"Ec_N",93,55,55,"Ec",32,1,1,1,1,1,1
"5576",191,"Ec_N",93,56,56,"Ec",32,1,1,1,1,1,1
"5577",191,"Ec_N",93,57,57,"Ec",32,1,1,1,1,1,1
"5578",191,"Ec_N",93,58,58,"Ec",32,1,1,1,1,1,1
"5579",191,"Ec_N",93,59,59,"Ec",32,1,1,1,1,1,1
"5580",191,"Ec_N",93,60,60,"Ec",32,1,1,1,1,1,1
"5581",191,"Ec_N",94,1,1,"Ec",1,0,0,0,0,0,0
"5582",191,"Ec_N",94,2,2,"Ec",2,1,0,0,0,0,0.198020370545937
"5583",191,"Ec_N",94,3,3,"Ec",4,1,1,0,0,0,0.239331850597232
"5584",191,"Ec_N",94,4,4,"Ec",4,1,1,0,0,0,0.239331850597232
"5585",191,"Ec_N",94,5,5,"Ec",4,1,1,0,0,0,0.239331850597232
"5586",191,"Ec_N",94,6,6,"Ec",4,1,1,0,0,0,0.239331850597232
"5587",191,"Ec_N",94,7,7,"Ec",4,1,1,0,0,0,0.239331850597232
"5588",191,"Ec_N",94,8,8,"Ec",4,1,1,0,0,0,0.239331850597232
"5589",191,"Ec_N",94,9,9,"Ec",4,1,1,0,0,0,0.239331850597232
"5590",191,"Ec_N",94,10,10,"Ec",4,1,1,0,0,0,0.239331850597232
"5591",191,"Ec_N",94,11,11,"Ec",4,1,1,0,0,0,0.239331850597232
"5592",191,"Ec_N",94,12,12,"Ec",4,1,1,0,0,0,0.239331850597232
"5593",191,"Ec_N",94,13,13,"Ec",4,1,1,0,0,0,0.239331850597232
"5594",191,"Ec_N",94,14,14,"Ec",4,1,1,0,0,0,0.239331850597232
"5595",191,"Ec_N",94,15,15,"Ec",4,1,1,0,0,0,0.239331850597232
"5596",191,"Ec_N",94,16,16,"Ec",4,1,1,0,0,0,0.239331850597232
"5597",191,"Ec_N",94,17,17,"Ec",4,1,1,0,0,0,0.239331850597232
"5598",191,"Ec_N",94,18,18,"Ec",4,1,1,0,0,0,0.239331850597232
"5599",191,"Ec_N",94,19,19,"Ec",4,1,1,0,0,0,0.239331850597232
"5600",191,"Ec_N",94,20,20,"Ec",4,1,1,0,0,0,0.239331850597232
"5601",191,"Ec_N",94,21,21,"Ec",8,1,1,1,0,0,0.583469071478991
"5602",191,"Ec_N",94,22,22,"Ec",8,1,1,1,0,0,0.583469071478991
"5603",191,"Ec_N",94,23,23,"Ec",7,0,1,1,0,0,0.589282297794007
"5604",191,"Ec_N",94,24,24,"Ec",7,0,1,1,0,0,0.589282297794007
"5605",191,"Ec_N",94,25,25,"Ec",7,0,1,1,0,0,0.589282297794007
"5606",191,"Ec_N",94,26,26,"Ec",7,0,1,1,0,0,0.589282297794007
"5607",191,"Ec_N",94,27,27,"Ec",7,0,1,1,0,0,0.589282297794007
"5608",191,"Ec_N",94,28,28,"Ec",7,0,1,1,0,0,0.589282297794007
"5609",191,"Ec_N",94,29,29,"Ec",7,0,1,1,0,0,0.589282297794007
"5610",191,"Ec_N",94,30,30,"Ec",7,0,1,1,0,0,0.589282297794007
"5611",191,"Ec_N",94,31,31,"Ec",7,0,1,1,0,0,0.589282297794007
"5612",191,"Ec_N",94,32,32,"Ec",7,0,1,1,0,0,0.589282297794007
"5613",191,"Ec_N",94,33,33,"Ec",7,0,1,1,0,0,0.589282297794007
"5614",191,"Ec_N",94,34,34,"Ec",7,0,1,1,0,0,0.589282297794007
"5615",191,"Ec_N",94,35,35,"Ec",7,0,1,1,0,0,0.589282297794007
"5616",191,"Ec_N",94,36,36,"Ec",7,0,1,1,0,0,0.589282297794007
"5617",191,"Ec_N",94,37,37,"Ec",7,0,1,1,0,0,0.589282297794007
"5618",191,"Ec_N",94,38,38,"Ec",7,0,1,1,0,0,0.589282297794007
"5619",191,"Ec_N",94,39,39,"Ec",7,0,1,1,0,0,0.589282297794007
"5620",191,"Ec_N",94,40,40,"Ec",23,0,1,1,0,1,0.616809062130864
"5621",191,"Ec_N",94,41,41,"Ec",23,0,1,1,0,1,0.616809062130864
"5622",191,"Ec_N",94,42,42,"Ec",23,0,1,1,0,1,0.616809062130864
"5623",191,"Ec_N",94,43,43,"Ec",23,0,1,1,0,1,0.616809062130864
"5624",191,"Ec_N",94,44,44,"Ec",23,0,1,1,0,1,0.616809062130864
"5625",191,"Ec_N",94,45,45,"Ec",23,0,1,1,0,1,0.616809062130864
"5626",191,"Ec_N",94,46,46,"Ec",23,0,1,1,0,1,0.616809062130864
"5627",191,"Ec_N",94,47,47,"Ec",23,0,1,1,0,1,0.616809062130864
"5628",191,"Ec_N",94,48,48,"Ec",23,0,1,1,0,1,0.616809062130864
"5629",191,"Ec_N",94,49,49,"Ec",23,0,1,1,0,1,0.616809062130864
"5630",191,"Ec_N",94,50,50,"Ec",23,0,1,1,0,1,0.616809062130864
"5631",191,"Ec_N",94,51,51,"Ec",21,0,0,1,0,1,0.726280938342543
"5632",191,"Ec_N",94,52,52,"Ec",21,0,0,1,0,1,0.726280938342543
"5633",191,"Ec_N",94,53,53,"Ec",21,0,0,1,0,1,0.726280938342543
"5634",191,"Ec_N",94,54,54,"Ec",21,0,0,1,0,1,0.726280938342543
"5635",191,"Ec_N",94,55,55,"Ec",29,0,0,1,1,1,0.760668149402769
"5636",191,"Ec_N",94,56,56,"Ec",29,0,0,1,1,1,0.760668149402769
"5637",191,"Ec_N",94,57,57,"Ec",29,0,0,1,1,1,0.760668149402769
"5638",191,"Ec_N",94,58,58,"Ec",29,0,0,1,1,1,0.760668149402769
"5639",191,"Ec_N",94,59,59,"Ec",29,0,0,1,1,1,0.760668149402769
"5640",191,"Ec_N",94,60,60,"Ec",29,0,0,1,1,1,0.760668149402769
"5641",191,"Ec_N",95,1,1,"Ec",1,0,0,0,0,0,0
"5642",191,"Ec_N",95,2,2,"Ec",1,0,0,0,0,0,0
"5643",191,"Ec_N",95,3,3,"Ec",9,0,0,0,1,0,0.0305419930719563
"5644",191,"Ec_N",95,4,4,"Ec",10,1,0,0,1,0,0.228562363617893
"5645",191,"Ec_N",95,5,5,"Ec",14,1,0,1,1,0,0.746777083195453
"5646",191,"Ec_N",95,6,6,"Ec",14,1,0,1,1,0,0.746777083195453
"5647",191,"Ec_N",95,7,7,"Ec",14,1,0,1,1,0,0.746777083195453
"5648",191,"Ec_N",95,8,8,"Ec",14,1,0,1,1,0,0.746777083195453
"5649",191,"Ec_N",95,9,9,"Ec",14,1,0,1,1,0,0.746777083195453
"5650",191,"Ec_N",95,10,10,"Ec",14,1,0,1,1,0,0.746777083195453
"5651",191,"Ec_N",95,11,11,"Ec",14,1,0,1,1,0,0.746777083195453
"5652",191,"Ec_N",95,12,12,"Ec",14,1,0,1,1,0,0.746777083195453
"5653",191,"Ec_N",95,13,13,"Ec",14,1,0,1,1,0,0.746777083195453
"5654",191,"Ec_N",95,14,14,"Ec",14,1,0,1,1,0,0.746777083195453
"5655",191,"Ec_N",95,15,15,"Ec",14,1,0,1,1,0,0.746777083195453
"5656",191,"Ec_N",95,16,16,"Ec",14,1,0,1,1,0,0.746777083195453
"5657",191,"Ec_N",95,17,17,"Ec",14,1,0,1,1,0,0.746777083195453
"5658",191,"Ec_N",95,18,18,"Ec",14,1,0,1,1,0,0.746777083195453
"5659",191,"Ec_N",95,19,19,"Ec",14,1,0,1,1,0,0.746777083195453
"5660",191,"Ec_N",95,20,20,"Ec",14,1,0,1,1,0,0.746777083195453
"5661",191,"Ec_N",95,21,21,"Ec",14,1,0,1,1,0,0.746777083195453
"5662",191,"Ec_N",95,22,22,"Ec",14,1,0,1,1,0,0.746777083195453
"5663",191,"Ec_N",95,23,23,"Ec",14,1,0,1,1,0,0.746777083195453
"5664",191,"Ec_N",95,24,24,"Ec",14,1,0,1,1,0,0.746777083195453
"5665",191,"Ec_N",95,25,25,"Ec",14,1,0,1,1,0,0.746777083195453
"5666",191,"Ec_N",95,26,26,"Ec",14,1,0,1,1,0,0.746777083195453
"5667",191,"Ec_N",95,27,27,"Ec",14,1,0,1,1,0,0.746777083195453
"5668",191,"Ec_N",95,28,28,"Ec",14,1,0,1,1,0,0.746777083195453
"5669",191,"Ec_N",95,29,29,"Ec",14,1,0,1,1,0,0.746777083195453
"5670",191,"Ec_N",95,30,30,"Ec",14,1,0,1,1,0,0.746777083195453
"5671",191,"Ec_N",95,31,31,"Ec",14,1,0,1,1,0,0.746777083195453
"5672",191,"Ec_N",95,32,32,"Ec",14,1,0,1,1,0,0.746777083195453
"5673",191,"Ec_N",95,33,33,"Ec",14,1,0,1,1,0,0.746777083195453
"5674",191,"Ec_N",95,34,34,"Ec",14,1,0,1,1,0,0.746777083195453
"5675",191,"Ec_N",95,35,35,"Ec",14,1,0,1,1,0,0.746777083195453
"5676",191,"Ec_N",95,36,36,"Ec",14,1,0,1,1,0,0.746777083195453
"5677",191,"Ec_N",95,37,37,"Ec",14,1,0,1,1,0,0.746777083195453
"5678",191,"Ec_N",95,38,38,"Ec",14,1,0,1,1,0,0.746777083195453
"5679",191,"Ec_N",95,39,39,"Ec",14,1,0,1,1,0,0.746777083195453
"5680",191,"Ec_N",95,40,40,"Ec",14,1,0,1,1,0,0.746777083195453
"5681",191,"Ec_N",95,41,41,"Ec",14,1,0,1,1,0,0.746777083195453
"5682",191,"Ec_N",95,42,42,"Ec",14,1,0,1,1,0,0.746777083195453
"5683",191,"Ec_N",95,43,43,"Ec",14,1,0,1,1,0,0.746777083195453
"5684",191,"Ec_N",95,44,44,"Ec",14,1,0,1,1,0,0.746777083195453
"5685",191,"Ec_N",95,45,45,"Ec",14,1,0,1,1,0,0.746777083195453
"5686",191,"Ec_N",95,46,46,"Ec",14,1,0,1,1,0,0.746777083195453
"5687",191,"Ec_N",95,47,47,"Ec",14,1,0,1,1,0,0.746777083195453
"5688",191,"Ec_N",95,48,48,"Ec",14,1,0,1,1,0,0.746777083195453
"5689",191,"Ec_N",95,49,49,"Ec",14,1,0,1,1,0,0.746777083195453
"5690",191,"Ec_N",95,50,50,"Ec",30,1,0,1,1,1,0.958688519948705
"5691",191,"Ec_N",95,51,51,"Ec",30,1,0,1,1,1,0.958688519948705
"5692",191,"Ec_N",95,52,52,"Ec",30,1,0,1,1,1,0.958688519948705
"5693",191,"Ec_N",95,53,53,"Ec",32,1,1,1,1,1,1
"5694",191,"Ec_N",95,54,54,"Ec",32,1,1,1,1,1,1
"5695",191,"Ec_N",95,55,55,"Ec",32,1,1,1,1,1,1
"5696",191,"Ec_N",95,56,56,"Ec",32,1,1,1,1,1,1
"5697",191,"Ec_N",95,57,57,"Ec",32,1,1,1,1,1,1
"5698",191,"Ec_N",95,58,58,"Ec",32,1,1,1,1,1,1
"5699",191,"Ec_N",95,59,59,"Ec",32,1,1,1,1,1,1
"5700",191,"Ec_N",95,60,60,"Ec",32,1,1,1,1,1,1
"5701",191,"Ec_N",96,1,1,"Ec",1,0,0,0,0,0,0
"5702",191,"Ec_N",96,2,2,"Ec",17,0,0,0,0,1,0.229834113103391
"5703",191,"Ec_N",96,3,3,"Ec",17,0,0,0,0,1,0.229834113103391
"5704",191,"Ec_N",96,4,4,"Ec",17,0,0,0,0,1,0.229834113103391
"5705",191,"Ec_N",96,5,5,"Ec",17,0,0,0,0,1,0.229834113103391
"5706",191,"Ec_N",96,6,6,"Ec",21,0,0,1,0,1,0.726280938342543
"5707",191,"Ec_N",96,7,7,"Ec",29,0,0,1,1,1,0.760668149402769
"5708",191,"Ec_N",96,8,8,"Ec",29,0,0,1,1,1,0.760668149402769
"5709",191,"Ec_N",96,9,9,"Ec",29,0,0,1,1,1,0.760668149402769
"5710",191,"Ec_N",96,10,10,"Ec",29,0,0,1,1,1,0.760668149402769
"5711",191,"Ec_N",96,11,11,"Ec",29,0,0,1,1,1,0.760668149402769
"5712",191,"Ec_N",96,12,12,"Ec",29,0,0,1,1,1,0.760668149402769
"5713",191,"Ec_N",96,13,13,"Ec",29,0,0,1,1,1,0.760668149402769
"5714",191,"Ec_N",96,14,14,"Ec",29,0,0,1,1,1,0.760668149402769
"5715",191,"Ec_N",96,15,15,"Ec",29,0,0,1,1,1,0.760668149402769
"5716",191,"Ec_N",96,16,16,"Ec",29,0,0,1,1,1,0.760668149402769
"5717",191,"Ec_N",96,17,17,"Ec",29,0,0,1,1,1,0.760668149402769
"5718",191,"Ec_N",96,18,18,"Ec",29,0,0,1,1,1,0.760668149402769
"5719",191,"Ec_N",96,19,19,"Ec",29,0,0,1,1,1,0.760668149402769
"5720",191,"Ec_N",96,20,20,"Ec",29,0,0,1,1,1,0.760668149402769
"5721",191,"Ec_N",96,21,21,"Ec",29,0,0,1,1,1,0.760668149402769
"5722",191,"Ec_N",96,22,22,"Ec",29,0,0,1,1,1,0.760668149402769
"5723",191,"Ec_N",96,23,23,"Ec",29,0,0,1,1,1,0.760668149402769
"5724",191,"Ec_N",96,24,24,"Ec",31,0,1,1,1,1,0.801979629454064
"5725",191,"Ec_N",96,25,25,"Ec",31,0,1,1,1,1,0.801979629454064
"5726",191,"Ec_N",96,26,26,"Ec",31,0,1,1,1,1,0.801979629454064
"5727",191,"Ec_N",96,27,27,"Ec",31,0,1,1,1,1,0.801979629454064
"5728",191,"Ec_N",96,28,28,"Ec",31,0,1,1,1,1,0.801979629454064
"5729",191,"Ec_N",96,29,29,"Ec",31,0,1,1,1,1,0.801979629454064
"5730",191,"Ec_N",96,30,30,"Ec",31,0,1,1,1,1,0.801979629454064
"5731",191,"Ec_N",96,31,31,"Ec",31,0,1,1,1,1,0.801979629454064
"5732",191,"Ec_N",96,32,32,"Ec",31,0,1,1,1,1,0.801979629454064
"5733",191,"Ec_N",96,33,33,"Ec",31,0,1,1,1,1,0.801979629454064
"5734",191,"Ec_N",96,34,34,"Ec",31,0,1,1,1,1,0.801979629454064
"5735",191,"Ec_N",96,35,35,"Ec",31,0,1,1,1,1,0.801979629454064
"5736",191,"Ec_N",96,36,36,"Ec",31,0,1,1,1,1,0.801979629454064
"5737",191,"Ec_N",96,37,37,"Ec",31,0,1,1,1,1,0.801979629454064
"5738",191,"Ec_N",96,38,38,"Ec",31,0,1,1,1,1,0.801979629454064
"5739",191,"Ec_N",96,39,39,"Ec",31,0,1,1,1,1,0.801979629454064
"5740",191,"Ec_N",96,40,40,"Ec",31,0,1,1,1,1,0.801979629454064
"5741",191,"Ec_N",96,41,41,"Ec",31,0,1,1,1,1,0.801979629454064
"5742",191,"Ec_N",96,42,42,"Ec",31,0,1,1,1,1,0.801979629454064
"5743",191,"Ec_N",96,43,43,"Ec",31,0,1,1,1,1,0.801979629454064
"5744",191,"Ec_N",96,44,44,"Ec",31,0,1,1,1,1,0.801979629454064
"5745",191,"Ec_N",96,45,45,"Ec",31,0,1,1,1,1,0.801979629454064
"5746",191,"Ec_N",96,46,46,"Ec",31,0,1,1,1,1,0.801979629454064
"5747",191,"Ec_N",96,47,47,"Ec",31,0,1,1,1,1,0.801979629454064
"5748",191,"Ec_N",96,48,48,"Ec",31,0,1,1,1,1,0.801979629454064
"5749",191,"Ec_N",96,49,49,"Ec",31,0,1,1,1,1,0.801979629454064
"5750",191,"Ec_N",96,50,50,"Ec",31,0,1,1,1,1,0.801979629454064
"5751",191,"Ec_N",96,51,51,"Ec",31,0,1,1,1,1,0.801979629454064
"5752",191,"Ec_N",96,52,52,"Ec",32,1,1,1,1,1,1
"5753",191,"Ec_N",96,53,53,"Ec",32,1,1,1,1,1,1
"5754",191,"Ec_N",96,54,54,"Ec",32,1,1,1,1,1,1
"5755",191,"Ec_N",96,55,55,"Ec",32,1,1,1,1,1,1
"5756",191,"Ec_N",96,56,56,"Ec",32,1,1,1,1,1,1
"5757",191,"Ec_N",96,57,57,"Ec",32,1,1,1,1,1,1
"5758",191,"Ec_N",96,58,58,"Ec",32,1,1,1,1,1,1
"5759",191,"Ec_N",96,59,59,"Ec",32,1,1,1,1,1,1
"5760",191,"Ec_N",96,60,60,"Ec",32,1,1,1,1,1,1
"5761",191,"Ec_N",97,1,1,"Ec",1,0,0,0,0,0,0
"5762",191,"Ec_N",97,2,2,"Ec",1,0,0,0,0,0,0
"5763",191,"Ec_N",97,3,3,"Ec",1,0,0,0,0,0,0
"5764",191,"Ec_N",97,4,4,"Ec",1,0,0,0,0,0,0
"5765",191,"Ec_N",97,5,5,"Ec",1,0,0,0,0,0,0
"5766",191,"Ec_N",97,6,6,"Ec",1,0,0,0,0,0,0
"5767",191,"Ec_N",97,7,7,"Ec",1,0,0,0,0,0,0
"5768",191,"Ec_N",97,8,8,"Ec",1,0,0,0,0,0,0
"5769",191,"Ec_N",97,9,9,"Ec",1,0,0,0,0,0,0
"5770",191,"Ec_N",97,10,10,"Ec",1,0,0,0,0,0,0
"5771",191,"Ec_N",97,11,11,"Ec",5,0,0,1,0,0,0.49313446766664
"5772",191,"Ec_N",97,12,12,"Ec",5,0,0,1,0,0,0.49313446766664
"5773",191,"Ec_N",97,13,13,"Ec",5,0,0,1,0,0,0.49313446766664
"5774",191,"Ec_N",97,14,14,"Ec",5,0,0,1,0,0,0.49313446766664
"5775",191,"Ec_N",97,15,15,"Ec",5,0,0,1,0,0,0.49313446766664
"5776",191,"Ec_N",97,16,16,"Ec",5,0,0,1,0,0,0.49313446766664
"5777",191,"Ec_N",97,17,17,"Ec",5,0,0,1,0,0,0.49313446766664
"5778",191,"Ec_N",97,18,18,"Ec",5,0,0,1,0,0,0.49313446766664
"5779",191,"Ec_N",97,19,19,"Ec",5,0,0,1,0,0,0.49313446766664
"5780",191,"Ec_N",97,20,20,"Ec",5,0,0,1,0,0,0.49313446766664
"5781",191,"Ec_N",97,21,21,"Ec",5,0,0,1,0,0,0.49313446766664
"5782",191,"Ec_N",97,22,22,"Ec",21,0,0,1,0,1,0.726280938342543
"5783",191,"Ec_N",97,23,23,"Ec",21,0,0,1,0,1,0.726280938342543
"5784",191,"Ec_N",97,24,24,"Ec",21,0,0,1,0,1,0.726280938342543
"5785",191,"Ec_N",97,25,25,"Ec",21,0,0,1,0,1,0.726280938342543
"5786",191,"Ec_N",97,26,26,"Ec",21,0,0,1,0,1,0.726280938342543
"5787",191,"Ec_N",97,27,27,"Ec",21,0,0,1,0,1,0.726280938342543
"5788",191,"Ec_N",97,28,28,"Ec",21,0,0,1,0,1,0.726280938342543
"5789",191,"Ec_N",97,29,29,"Ec",21,0,0,1,0,1,0.726280938342543
"5790",191,"Ec_N",97,30,30,"Ec",21,0,0,1,0,1,0.726280938342543
"5791",191,"Ec_N",97,31,31,"Ec",21,0,0,1,0,1,0.726280938342543
"5792",191,"Ec_N",97,32,32,"Ec",21,0,0,1,0,1,0.726280938342543
"5793",191,"Ec_N",97,33,33,"Ec",21,0,0,1,0,1,0.726280938342543
"5794",191,"Ec_N",97,34,34,"Ec",21,0,0,1,0,1,0.726280938342543
"5795",191,"Ec_N",97,35,35,"Ec",21,0,0,1,0,1,0.726280938342543
"5796",191,"Ec_N",97,36,36,"Ec",21,0,0,1,0,1,0.726280938342543
"5797",191,"Ec_N",97,37,37,"Ec",21,0,0,1,0,1,0.726280938342543
"5798",191,"Ec_N",97,38,38,"Ec",21,0,0,1,0,1,0.726280938342543
"5799",191,"Ec_N",97,39,39,"Ec",21,0,0,1,0,1,0.726280938342543
"5800",191,"Ec_N",97,40,40,"Ec",21,0,0,1,0,1,0.726280938342543
"5801",191,"Ec_N",97,41,41,"Ec",21,0,0,1,0,1,0.726280938342543
"5802",191,"Ec_N",97,42,42,"Ec",21,0,0,1,0,1,0.726280938342543
"5803",191,"Ec_N",97,43,43,"Ec",21,0,0,1,0,1,0.726280938342543
"5804",191,"Ec_N",97,44,44,"Ec",21,0,0,1,0,1,0.726280938342543
"5805",191,"Ec_N",97,45,45,"Ec",21,0,0,1,0,1,0.726280938342543
"5806",191,"Ec_N",97,46,46,"Ec",21,0,0,1,0,1,0.726280938342543
"5807",191,"Ec_N",97,47,47,"Ec",21,0,0,1,0,1,0.726280938342543
"5808",191,"Ec_N",97,48,48,"Ec",21,0,0,1,0,1,0.726280938342543
"5809",191,"Ec_N",97,49,49,"Ec",21,0,0,1,0,1,0.726280938342543
"5810",191,"Ec_N",97,50,50,"Ec",21,0,0,1,0,1,0.726280938342543
"5811",191,"Ec_N",97,51,51,"Ec",29,0,0,1,1,1,0.760668149402769
"5812",191,"Ec_N",97,52,52,"Ec",29,0,0,1,1,1,0.760668149402769
"5813",191,"Ec_N",97,53,53,"Ec",29,0,0,1,1,1,0.760668149402769
"5814",191,"Ec_N",97,54,54,"Ec",29,0,0,1,1,1,0.760668149402769
"5815",191,"Ec_N",97,55,55,"Ec",29,0,0,1,1,1,0.760668149402769
"5816",191,"Ec_N",97,56,56,"Ec",29,0,0,1,1,1,0.760668149402769
"5817",191,"Ec_N",97,57,57,"Ec",31,0,1,1,1,1,0.801979629454064
"5818",191,"Ec_N",97,58,58,"Ec",31,0,1,1,1,1,0.801979629454064
"5819",191,"Ec_N",97,59,59,"Ec",31,0,1,1,1,1,0.801979629454064
"5820",191,"Ec_N",97,60,60,"Ec",31,0,1,1,1,1,0.801979629454064
"5821",191,"Ec_N",98,1,1,"Ec",1,0,0,0,0,0,0
"5822",191,"Ec_N",98,2,2,"Ec",1,0,0,0,0,0,0
"5823",191,"Ec_N",98,3,3,"Ec",1,0,0,0,0,0,0
"5824",191,"Ec_N",98,4,4,"Ec",2,1,0,0,0,0,0.198020370545937
"5825",191,"Ec_N",98,5,5,"Ec",2,1,0,0,0,0,0.198020370545937
"5826",191,"Ec_N",98,6,6,"Ec",2,1,0,0,0,0,0.198020370545937
"5827",191,"Ec_N",98,7,7,"Ec",2,1,0,0,0,0,0.198020370545937
"5828",191,"Ec_N",98,8,8,"Ec",10,1,0,0,1,0,0.228562363617893
"5829",191,"Ec_N",98,9,9,"Ec",10,1,0,0,1,0,0.228562363617893
"5830",191,"Ec_N",98,10,10,"Ec",10,1,0,0,1,0,0.228562363617893
"5831",191,"Ec_N",98,11,11,"Ec",10,1,0,0,1,0,0.228562363617893
"5832",191,"Ec_N",98,12,12,"Ec",10,1,0,0,1,0,0.228562363617893
"5833",191,"Ec_N",98,13,13,"Ec",10,1,0,0,1,0,0.228562363617893
"5834",191,"Ec_N",98,14,14,"Ec",10,1,0,0,1,0,0.228562363617893
"5835",191,"Ec_N",98,15,15,"Ec",10,1,0,0,1,0,0.228562363617893
"5836",191,"Ec_N",98,16,16,"Ec",10,1,0,0,1,0,0.228562363617893
"5837",191,"Ec_N",98,17,17,"Ec",10,1,0,0,1,0,0.228562363617893
"5838",191,"Ec_N",98,18,18,"Ec",10,1,0,0,1,0,0.228562363617893
"5839",191,"Ec_N",98,19,19,"Ec",10,1,0,0,1,0,0.228562363617893
"5840",191,"Ec_N",98,20,20,"Ec",10,1,0,0,1,0,0.228562363617893
"5841",191,"Ec_N",98,21,21,"Ec",10,1,0,0,1,0,0.228562363617893
"5842",191,"Ec_N",98,22,22,"Ec",10,1,0,0,1,0,0.228562363617893
"5843",191,"Ec_N",98,23,23,"Ec",10,1,0,0,1,0,0.228562363617893
"5844",191,"Ec_N",98,24,24,"Ec",14,1,0,1,1,0,0.746777083195453
"5845",191,"Ec_N",98,25,25,"Ec",14,1,0,1,1,0,0.746777083195453
"5846",191,"Ec_N",98,26,26,"Ec",14,1,0,1,1,0,0.746777083195453
"5847",191,"Ec_N",98,27,27,"Ec",14,1,0,1,1,0,0.746777083195453
"5848",191,"Ec_N",98,28,28,"Ec",14,1,0,1,1,0,0.746777083195453
"5849",191,"Ec_N",98,29,29,"Ec",14,1,0,1,1,0,0.746777083195453
"5850",191,"Ec_N",98,30,30,"Ec",14,1,0,1,1,0,0.746777083195453
"5851",191,"Ec_N",98,31,31,"Ec",14,1,0,1,1,0,0.746777083195453
"5852",191,"Ec_N",98,32,32,"Ec",14,1,0,1,1,0,0.746777083195453
"5853",191,"Ec_N",98,33,33,"Ec",30,1,0,1,1,1,0.958688519948705
"5854",191,"Ec_N",98,34,34,"Ec",30,1,0,1,1,1,0.958688519948705
"5855",191,"Ec_N",98,35,35,"Ec",32,1,1,1,1,1,1
"5856",191,"Ec_N",98,36,36,"Ec",32,1,1,1,1,1,1
"5857",191,"Ec_N",98,37,37,"Ec",32,1,1,1,1,1,1
"5858",191,"Ec_N",98,38,38,"Ec",32,1,1,1,1,1,1
"5859",191,"Ec_N",98,39,39,"Ec",32,1,1,1,1,1,1
"5860",191,"Ec_N",98,40,40,"Ec",32,1,1,1,1,1,1
"5861",191,"Ec_N",98,41,41,"Ec",32,1,1,1,1,1,1
"5862",191,"Ec_N",98,42,42,"Ec",32,1,1,1,1,1,1
"5863",191,"Ec_N",98,43,43,"Ec",32,1,1,1,1,1,1
"5864",191,"Ec_N",98,44,44,"Ec",32,1,1,1,1,1,1
"5865",191,"Ec_N",98,45,45,"Ec",32,1,1,1,1,1,1
"5866",191,"Ec_N",98,46,46,"Ec",32,1,1,1,1,1,1
"5867",191,"Ec_N",98,47,47,"Ec",32,1,1,1,1,1,1
"5868",191,"Ec_N",98,48,48,"Ec",32,1,1,1,1,1,1
"5869",191,"Ec_N",98,49,49,"Ec",32,1,1,1,1,1,1
"5870",191,"Ec_N",98,50,50,"Ec",32,1,1,1,1,1,1
"5871",191,"Ec_N",98,51,51,"Ec",32,1,1,1,1,1,1
"5872",191,"Ec_N",98,52,52,"Ec",32,1,1,1,1,1,1
"5873",191,"Ec_N",98,53,53,"Ec",32,1,1,1,1,1,1
"5874",191,"Ec_N",98,54,54,"Ec",32,1,1,1,1,1,1
"5875",191,"Ec_N",98,55,55,"Ec",32,1,1,1,1,1,1
"5876",191,"Ec_N",98,56,56,"Ec",32,1,1,1,1,1,1
"5877",191,"Ec_N",98,57,57,"Ec",32,1,1,1,1,1,1
"5878",191,"Ec_N",98,58,58,"Ec",32,1,1,1,1,1,1
"5879",191,"Ec_N",98,59,59,"Ec",32,1,1,1,1,1,1
"5880",191,"Ec_N",98,60,60,"Ec",32,1,1,1,1,1,1
"5881",191,"Ec_N",99,1,1,"Ec",1,0,0,0,0,0,0
"5882",191,"Ec_N",99,2,2,"Ec",1,0,0,0,0,0,0
"5883",191,"Ec_N",99,3,3,"Ec",1,0,0,0,0,0,0
"5884",191,"Ec_N",99,4,4,"Ec",1,0,0,0,0,0,0
"5885",191,"Ec_N",99,5,5,"Ec",1,0,0,0,0,0,0
"5886",191,"Ec_N",99,6,6,"Ec",1,0,0,0,0,0,0
"5887",191,"Ec_N",99,7,7,"Ec",9,0,0,0,1,0,0.0305419930719563
"5888",191,"Ec_N",99,8,8,"Ec",10,1,0,0,1,0,0.228562363617893
"5889",191,"Ec_N",99,9,9,"Ec",10,1,0,0,1,0,0.228562363617893
"5890",191,"Ec_N",99,10,10,"Ec",10,1,0,0,1,0,0.228562363617893
"5891",191,"Ec_N",99,11,11,"Ec",10,1,0,0,1,0,0.228562363617893
"5892",191,"Ec_N",99,12,12,"Ec",10,1,0,0,1,0,0.228562363617893
"5893",191,"Ec_N",99,13,13,"Ec",26,1,0,0,1,1,0.514384015075299
"5894",191,"Ec_N",99,14,14,"Ec",26,1,0,0,1,1,0.514384015075299
"5895",191,"Ec_N",99,15,15,"Ec",26,1,0,0,1,1,0.514384015075299
"5896",191,"Ec_N",99,16,16,"Ec",26,1,0,0,1,1,0.514384015075299
"5897",191,"Ec_N",99,17,17,"Ec",26,1,0,0,1,1,0.514384015075299
"5898",191,"Ec_N",99,18,18,"Ec",26,1,0,0,1,1,0.514384015075299
"5899",191,"Ec_N",99,19,19,"Ec",26,1,0,0,1,1,0.514384015075299
"5900",191,"Ec_N",99,20,20,"Ec",26,1,0,0,1,1,0.514384015075299
"5901",191,"Ec_N",99,21,21,"Ec",26,1,0,0,1,1,0.514384015075299
"5902",191,"Ec_N",99,22,22,"Ec",26,1,0,0,1,1,0.514384015075299
"5903",191,"Ec_N",99,23,23,"Ec",26,1,0,0,1,1,0.514384015075299
"5904",191,"Ec_N",99,24,24,"Ec",26,1,0,0,1,1,0.514384015075299
"5905",191,"Ec_N",99,25,25,"Ec",26,1,0,0,1,1,0.514384015075299
"5906",191,"Ec_N",99,26,26,"Ec",26,1,0,0,1,1,0.514384015075299
"5907",191,"Ec_N",99,27,27,"Ec",26,1,0,0,1,1,0.514384015075299
"5908",191,"Ec_N",99,28,28,"Ec",26,1,0,0,1,1,0.514384015075299
"5909",191,"Ec_N",99,29,29,"Ec",26,1,0,0,1,1,0.514384015075299
"5910",191,"Ec_N",99,30,30,"Ec",26,1,0,0,1,1,0.514384015075299
"5911",191,"Ec_N",99,31,31,"Ec",26,1,0,0,1,1,0.514384015075299
"5912",191,"Ec_N",99,32,32,"Ec",26,1,0,0,1,1,0.514384015075299
"5913",191,"Ec_N",99,33,33,"Ec",26,1,0,0,1,1,0.514384015075299
"5914",191,"Ec_N",99,34,34,"Ec",26,1,0,0,1,1,0.514384015075299
"5915",191,"Ec_N",99,35,35,"Ec",26,1,0,0,1,1,0.514384015075299
"5916",191,"Ec_N",99,36,36,"Ec",26,1,0,0,1,1,0.514384015075299
"5917",191,"Ec_N",99,37,37,"Ec",26,1,0,0,1,1,0.514384015075299
"5918",191,"Ec_N",99,38,38,"Ec",26,1,0,0,1,1,0.514384015075299
"5919",191,"Ec_N",99,39,39,"Ec",18,1,0,0,0,1,0.646504780524047
"5920",191,"Ec_N",99,40,40,"Ec",18,1,0,0,0,1,0.646504780524047
"5921",191,"Ec_N",99,41,41,"Ec",18,1,0,0,0,1,0.646504780524047
"5922",191,"Ec_N",99,42,42,"Ec",18,1,0,0,0,1,0.646504780524047
"5923",191,"Ec_N",99,43,43,"Ec",18,1,0,0,0,1,0.646504780524047
"5924",191,"Ec_N",99,44,44,"Ec",18,1,0,0,0,1,0.646504780524047
"5925",191,"Ec_N",99,45,45,"Ec",18,1,0,0,0,1,0.646504780524047
"5926",191,"Ec_N",99,46,46,"Ec",18,1,0,0,0,1,0.646504780524047
"5927",191,"Ec_N",99,47,47,"Ec",18,1,0,0,0,1,0.646504780524047
"5928",191,"Ec_N",99,48,48,"Ec",18,1,0,0,0,1,0.646504780524047
"5929",191,"Ec_N",99,49,49,"Ec",18,1,0,0,0,1,0.646504780524047
"5930",191,"Ec_N",99,50,50,"Ec",22,1,0,1,0,1,0.92522428176681
"5931",191,"Ec_N",99,51,51,"Ec",22,1,0,1,0,1,0.92522428176681
"5932",191,"Ec_N",99,52,52,"Ec",22,1,0,1,0,1,0.92522428176681
"5933",191,"Ec_N",99,53,53,"Ec",22,1,0,1,0,1,0.92522428176681
"5934",191,"Ec_N",99,54,54,"Ec",22,1,0,1,0,1,0.92522428176681
"5935",191,"Ec_N",99,55,55,"Ec",22,1,0,1,0,1,0.92522428176681
"5936",191,"Ec_N",99,56,56,"Ec",22,1,0,1,0,1,0.92522428176681
"5937",191,"Ec_N",99,57,57,"Ec",22,1,0,1,0,1,0.92522428176681
"5938",191,"Ec_N",99,58,58,"Ec",22,1,0,1,0,1,0.92522428176681
"5939",191,"Ec_N",99,59,59,"Ec",22,1,0,1,0,1,0.92522428176681
"5940",191,"Ec_N",99,60,60,"Ec",22,1,0,1,0,1,0.92522428176681
"5941",191,"Ec_N",100,1,1,"Ec",1,0,0,0,0,0,0
"5942",191,"Ec_N",100,2,2,"Ec",1,0,0,0,0,0,0
"5943",191,"Ec_N",100,3,3,"Ec",1,0,0,0,0,0,0
"5944",191,"Ec_N",100,4,4,"Ec",1,0,0,0,0,0,0
"5945",191,"Ec_N",100,5,5,"Ec",3,0,1,0,0,0,0.041311480051295
"5946",191,"Ec_N",100,6,6,"Ec",3,0,1,0,0,0,0.041311480051295
"5947",191,"Ec_N",100,7,7,"Ec",3,0,1,0,0,0,0.041311480051295
"5948",191,"Ec_N",100,8,8,"Ec",3,0,1,0,0,0,0.041311480051295
"5949",191,"Ec_N",100,9,9,"Ec",3,0,1,0,0,0,0.041311480051295
"5950",191,"Ec_N",100,10,10,"Ec",11,0,1,0,1,0,0.0857419302602629
"5951",191,"Ec_N",100,11,11,"Ec",11,0,1,0,1,0,0.0857419302602629
"5952",191,"Ec_N",100,12,12,"Ec",27,0,1,0,1,1,0.357221419161902
"5953",191,"Ec_N",100,13,13,"Ec",27,0,1,0,1,1,0.357221419161902
"5954",191,"Ec_N",100,14,14,"Ec",27,0,1,0,1,1,0.357221419161902
"5955",191,"Ec_N",100,15,15,"Ec",27,0,1,0,1,1,0.357221419161902
"5956",191,"Ec_N",100,16,16,"Ec",27,0,1,0,1,1,0.357221419161902
"5957",191,"Ec_N",100,17,17,"Ec",27,0,1,0,1,1,0.357221419161902
"5958",191,"Ec_N",100,18,18,"Ec",27,0,1,0,1,1,0.357221419161902
"5959",191,"Ec_N",100,19,19,"Ec",27,0,1,0,1,1,0.357221419161902
"5960",191,"Ec_N",100,20,20,"Ec",27,0,1,0,1,1,0.357221419161902
"5961",191,"Ec_N",100,21,21,"Ec",27,0,1,0,1,1,0.357221419161902
"5962",191,"Ec_N",100,22,22,"Ec",27,0,1,0,1,1,0.357221419161902
"5963",191,"Ec_N",100,23,23,"Ec",28,1,1,0,1,1,0.681047421119041
"5964",191,"Ec_N",100,24,24,"Ec",28,1,1,0,1,1,0.681047421119041
"5965",191,"Ec_N",100,25,25,"Ec",28,1,1,0,1,1,0.681047421119041
"5966",191,"Ec_N",100,26,26,"Ec",28,1,1,0,1,1,0.681047421119041
"5967",191,"Ec_N",100,27,27,"Ec",28,1,1,0,1,1,0.681047421119041
"5968",191,"Ec_N",100,28,28,"Ec",28,1,1,0,1,1,0.681047421119041
"5969",191,"Ec_N",100,29,29,"Ec",28,1,1,0,1,1,0.681047421119041
"5970",191,"Ec_N",100,30,30,"Ec",32,1,1,1,1,1,1
"5971",191,"Ec_N",100,31,31,"Ec",32,1,1,1,1,1,1
"5972",191,"Ec_N",100,32,32,"Ec",32,1,1,1,1,1,1
"5973",191,"Ec_N",100,33,33,"Ec",32,1,1,1,1,1,1
"5974",191,"Ec_N",100,34,34,"Ec",32,1,1,1,1,1,1
"5975",191,"Ec_N",100,35,35,"Ec",32,1,1,1,1,1,1
"5976",191,"Ec_N",100,36,36,"Ec",32,1,1,1,1,1,1
"5977",191,"Ec_N",100,37,37,"Ec",32,1,1,1,1,1,1
"5978",191,"Ec_N",100,38,38,"Ec",32,1,1,1,1,1,1
"5979",191,"Ec_N",100,39,39,"Ec",32,1,1,1,1,1,1
"5980",191,"Ec_N",100,40,40,"Ec",32,1,1,1,1,1,1
"5981",191,"Ec_N",100,41,41,"Ec",32,1,1,1,1,1,1
"5982",191,"Ec_N",100,42,42,"Ec",32,1,1,1,1,1,1
"5983",191,"Ec_N",100,43,43,"Ec",32,1,1,1,1,1,1
"5984",191,"Ec_N",100,44,44,"Ec",32,1,1,1,1,1,1
"5985",191,"Ec_N",100,45,45,"Ec",32,1,1,1,1,1,1
"5986",191,"Ec_N",100,46,46,"Ec",32,1,1,1,1,1,1
"5987",191,"Ec_N",100,47,47,"Ec",32,1,1,1,1,1,1
"5988",191,"Ec_N",100,48,48,"Ec",32,1,1,1,1,1,1
"5989",191,"Ec_N",100,49,49,"Ec",32,1,1,1,1,1,1
"5990",191,"Ec_N",100,50,50,"Ec",32,1,1,1,1,1,1
"5991",191,"Ec_N",100,51,51,"Ec",32,1,1,1,1,1,1
"5992",191,"Ec_N",100,52,52,"Ec",32,1,1,1,1,1,1
"5993",191,"Ec_N",100,53,53,"Ec",32,1,1,1,1,1,1
"5994",191,"Ec_N",100,54,54,"Ec",32,1,1,1,1,1,1
"5995",191,"Ec_N",100,55,55,"Ec",32,1,1,1,1,1,1
"5996",191,"Ec_N",100,56,56,"Ec",32,1,1,1,1,1,1
"5997",191,"Ec_N",100,57,57,"Ec",32,1,1,1,1,1,1
"5998",191,"Ec_N",100,58,58,"Ec",32,1,1,1,1,1,1
"5999",191,"Ec_N",100,59,59,"Ec",32,1,1,1,1,1,1
"6000",191,"Ec_N",100,60,60,"Ec",32,1,1,1,1,1,1
"6001",191,"Ec_N",101,1,1,"Ec",1,0,0,0,0,0,0
"6002",191,"Ec_N",101,2,2,"Ec",1,0,0,0,0,0,0
"6003",191,"Ec_N",101,3,3,"Ec",1,0,0,0,0,0,0
"6004",191,"Ec_N",101,4,4,"Ec",1,0,0,0,0,0,0
"6005",191,"Ec_N",101,5,5,"Ec",1,0,0,0,0,0,0
"6006",191,"Ec_N",101,6,6,"Ec",17,0,0,0,0,1,0.229834113103391
"6007",191,"Ec_N",101,7,7,"Ec",17,0,0,0,0,1,0.229834113103391
"6008",191,"Ec_N",101,8,8,"Ec",17,0,0,0,0,1,0.229834113103391
"6009",191,"Ec_N",101,9,9,"Ec",17,0,0,0,0,1,0.229834113103391
"6010",191,"Ec_N",101,10,10,"Ec",17,0,0,0,0,1,0.229834113103391
"6011",191,"Ec_N",101,11,11,"Ec",17,0,0,0,0,1,0.229834113103391
"6012",191,"Ec_N",101,12,12,"Ec",17,0,0,0,0,1,0.229834113103391
"6013",191,"Ec_N",101,13,13,"Ec",17,0,0,0,0,1,0.229834113103391
"6014",191,"Ec_N",101,14,14,"Ec",21,0,0,1,0,1,0.726280938342543
"6015",191,"Ec_N",101,15,15,"Ec",21,0,0,1,0,1,0.726280938342543
"6016",191,"Ec_N",101,16,16,"Ec",21,0,0,1,0,1,0.726280938342543
"6017",191,"Ec_N",101,17,17,"Ec",21,0,0,1,0,1,0.726280938342543
"6018",191,"Ec_N",101,18,18,"Ec",21,0,0,1,0,1,0.726280938342543
"6019",191,"Ec_N",101,19,19,"Ec",21,0,0,1,0,1,0.726280938342543
"6020",191,"Ec_N",101,20,20,"Ec",21,0,0,1,0,1,0.726280938342543
"6021",191,"Ec_N",101,21,21,"Ec",21,0,0,1,0,1,0.726280938342543
"6022",191,"Ec_N",101,22,22,"Ec",21,0,0,1,0,1,0.726280938342543
"6023",191,"Ec_N",101,23,23,"Ec",29,0,0,1,1,1,0.760668149402769
"6024",191,"Ec_N",101,24,24,"Ec",29,0,0,1,1,1,0.760668149402769
"6025",191,"Ec_N",101,25,25,"Ec",29,0,0,1,1,1,0.760668149402769
"6026",191,"Ec_N",101,26,26,"Ec",29,0,0,1,1,1,0.760668149402769
"6027",191,"Ec_N",101,27,27,"Ec",29,0,0,1,1,1,0.760668149402769
"6028",191,"Ec_N",101,28,28,"Ec",29,0,0,1,1,1,0.760668149402769
"6029",191,"Ec_N",101,29,29,"Ec",29,0,0,1,1,1,0.760668149402769
"6030",191,"Ec_N",101,30,30,"Ec",29,0,0,1,1,1,0.760668149402769
"6031",191,"Ec_N",101,31,31,"Ec",29,0,0,1,1,1,0.760668149402769
"6032",191,"Ec_N",101,32,32,"Ec",29,0,0,1,1,1,0.760668149402769
"6033",191,"Ec_N",101,33,33,"Ec",29,0,0,1,1,1,0.760668149402769
"6034",191,"Ec_N",101,34,34,"Ec",29,0,0,1,1,1,0.760668149402769
"6035",191,"Ec_N",101,35,35,"Ec",31,0,1,1,1,1,0.801979629454064
"6036",191,"Ec_N",101,36,36,"Ec",31,0,1,1,1,1,0.801979629454064
"6037",191,"Ec_N",101,37,37,"Ec",32,1,1,1,1,1,1
"6038",191,"Ec_N",101,38,38,"Ec",32,1,1,1,1,1,1
"6039",191,"Ec_N",101,39,39,"Ec",32,1,1,1,1,1,1
"6040",191,"Ec_N",101,40,40,"Ec",32,1,1,1,1,1,1
"6041",191,"Ec_N",101,41,41,"Ec",32,1,1,1,1,1,1
"6042",191,"Ec_N",101,42,42,"Ec",32,1,1,1,1,1,1
"6043",191,"Ec_N",101,43,43,"Ec",32,1,1,1,1,1,1
"6044",191,"Ec_N",101,44,44,"Ec",32,1,1,1,1,1,1
"6045",191,"Ec_N",101,45,45,"Ec",32,1,1,1,1,1,1
"6046",191,"Ec_N",101,46,46,"Ec",32,1,1,1,1,1,1
"6047",191,"Ec_N",101,47,47,"Ec",32,1,1,1,1,1,1
"6048",191,"Ec_N",101,48,48,"Ec",32,1,1,1,1,1,1
"6049",191,"Ec_N",101,49,49,"Ec",32,1,1,1,1,1,1
"6050",191,"Ec_N",101,50,50,"Ec",32,1,1,1,1,1,1
"6051",191,"Ec_N",101,51,51,"Ec",32,1,1,1,1,1,1
"6052",191,"Ec_N",101,52,52,"Ec",32,1,1,1,1,1,1
"6053",191,"Ec_N",101,53,53,"Ec",32,1,1,1,1,1,1
"6054",191,"Ec_N",101,54,54,"Ec",32,1,1,1,1,1,1
"6055",191,"Ec_N",101,55,55,"Ec",32,1,1,1,1,1,1
"6056",191,"Ec_N",101,56,56,"Ec",32,1,1,1,1,1,1
"6057",191,"Ec_N",101,57,57,"Ec",32,1,1,1,1,1,1
"6058",191,"Ec_N",101,58,58,"Ec",32,1,1,1,1,1,1
"6059",191,"Ec_N",101,59,59,"Ec",32,1,1,1,1,1,1
"6060",191,"Ec_N",101,60,60,"Ec",32,1,1,1,1,1,1
"6061",191,"Ec_N",102,1,1,"Ec",1,0,0,0,0,0,0
"6062",191,"Ec_N",102,2,2,"Ec",3,0,1,0,0,0,0.041311480051295
"6063",191,"Ec_N",102,3,3,"Ec",3,0,1,0,0,0,0.041311480051295
"6064",191,"Ec_N",102,4,4,"Ec",3,0,1,0,0,0,0.041311480051295
"6065",191,"Ec_N",102,5,5,"Ec",3,0,1,0,0,0,0.041311480051295
"6066",191,"Ec_N",102,6,6,"Ec",3,0,1,0,0,0,0.041311480051295
"6067",191,"Ec_N",102,7,7,"Ec",3,0,1,0,0,0,0.041311480051295
"6068",191,"Ec_N",102,8,8,"Ec",11,0,1,0,1,0,0.0857419302602629
"6069",191,"Ec_N",102,9,9,"Ec",11,0,1,0,1,0,0.0857419302602629
"6070",191,"Ec_N",102,10,10,"Ec",11,0,1,0,1,0,0.0857419302602629
"6071",191,"Ec_N",102,11,11,"Ec",11,0,1,0,1,0,0.0857419302602629
"6072",191,"Ec_N",102,12,12,"Ec",11,0,1,0,1,0,0.0857419302602629
"6073",191,"Ec_N",102,13,13,"Ec",11,0,1,0,1,0,0.0857419302602629
"6074",191,"Ec_N",102,14,14,"Ec",15,0,1,1,1,0,0.437080043527332
"6075",191,"Ec_N",102,15,15,"Ec",15,0,1,1,1,0,0.437080043527332
"6076",191,"Ec_N",102,16,16,"Ec",15,0,1,1,1,0,0.437080043527332
"6077",191,"Ec_N",102,17,17,"Ec",7,0,1,1,0,0,0.589282297794007
"6078",191,"Ec_N",102,18,18,"Ec",7,0,1,1,0,0,0.589282297794007
"6079",191,"Ec_N",102,19,19,"Ec",7,0,1,1,0,0,0.589282297794007
"6080",191,"Ec_N",102,20,20,"Ec",7,0,1,1,0,0,0.589282297794007
"6081",191,"Ec_N",102,21,21,"Ec",7,0,1,1,0,0,0.589282297794007
"6082",191,"Ec_N",102,22,22,"Ec",7,0,1,1,0,0,0.589282297794007
"6083",191,"Ec_N",102,23,23,"Ec",7,0,1,1,0,0,0.589282297794007
"6084",191,"Ec_N",102,24,24,"Ec",7,0,1,1,0,0,0.589282297794007
"6085",191,"Ec_N",102,25,25,"Ec",7,0,1,1,0,0,0.589282297794007
"6086",191,"Ec_N",102,26,26,"Ec",7,0,1,1,0,0,0.589282297794007
"6087",191,"Ec_N",102,27,27,"Ec",7,0,1,1,0,0,0.589282297794007
"6088",191,"Ec_N",102,28,28,"Ec",7,0,1,1,0,0,0.589282297794007
"6089",191,"Ec_N",102,29,29,"Ec",7,0,1,1,0,0,0.589282297794007
"6090",191,"Ec_N",102,30,30,"Ec",7,0,1,1,0,0,0.589282297794007
"6091",191,"Ec_N",102,31,31,"Ec",7,0,1,1,0,0,0.589282297794007
"6092",191,"Ec_N",102,32,32,"Ec",7,0,1,1,0,0,0.589282297794007
"6093",191,"Ec_N",102,33,33,"Ec",7,0,1,1,0,0,0.589282297794007
"6094",191,"Ec_N",102,34,34,"Ec",7,0,1,1,0,0,0.589282297794007
"6095",191,"Ec_N",102,35,35,"Ec",7,0,1,1,0,0,0.589282297794007
"6096",191,"Ec_N",102,36,36,"Ec",7,0,1,1,0,0,0.589282297794007
"6097",191,"Ec_N",102,37,37,"Ec",7,0,1,1,0,0,0.589282297794007
"6098",191,"Ec_N",102,38,38,"Ec",7,0,1,1,0,0,0.589282297794007
"6099",191,"Ec_N",102,39,39,"Ec",7,0,1,1,0,0,0.589282297794007
"6100",191,"Ec_N",102,40,40,"Ec",7,0,1,1,0,0,0.589282297794007
"6101",191,"Ec_N",102,41,41,"Ec",7,0,1,1,0,0,0.589282297794007
"6102",191,"Ec_N",102,42,42,"Ec",7,0,1,1,0,0,0.589282297794007
"6103",191,"Ec_N",102,43,43,"Ec",7,0,1,1,0,0,0.589282297794007
"6104",191,"Ec_N",102,44,44,"Ec",7,0,1,1,0,0,0.589282297794007
"6105",191,"Ec_N",102,45,45,"Ec",7,0,1,1,0,0,0.589282297794007
"6106",191,"Ec_N",102,46,46,"Ec",7,0,1,1,0,0,0.589282297794007
"6107",191,"Ec_N",102,47,47,"Ec",7,0,1,1,0,0,0.589282297794007
"6108",191,"Ec_N",102,48,48,"Ec",7,0,1,1,0,0,0.589282297794007
"6109",191,"Ec_N",102,49,49,"Ec",7,0,1,1,0,0,0.589282297794007
"6110",191,"Ec_N",102,50,50,"Ec",7,0,1,1,0,0,0.589282297794007
"6111",191,"Ec_N",102,51,51,"Ec",7,0,1,1,0,0,0.589282297794007
"6112",191,"Ec_N",102,52,52,"Ec",7,0,1,1,0,0,0.589282297794007
"6113",191,"Ec_N",102,53,53,"Ec",7,0,1,1,0,0,0.589282297794007
"6114",191,"Ec_N",102,54,54,"Ec",7,0,1,1,0,0,0.589282297794007
"6115",191,"Ec_N",102,55,55,"Ec",7,0,1,1,0,0,0.589282297794007
"6116",191,"Ec_N",102,56,56,"Ec",7,0,1,1,0,0,0.589282297794007
"6117",191,"Ec_N",102,57,57,"Ec",7,0,1,1,0,0,0.589282297794007
"6118",191,"Ec_N",102,58,58,"Ec",7,0,1,1,0,0,0.589282297794007
"6119",191,"Ec_N",102,59,59,"Ec",7,0,1,1,0,0,0.589282297794007
"6120",191,"Ec_N",102,60,60,"Ec",7,0,1,1,0,0,0.589282297794007
"6121",191,"Ec_N",103,1,1,"Ec",1,0,0,0,0,0,0
"6122",191,"Ec_N",103,2,2,"Ec",1,0,0,0,0,0,0
"6123",191,"Ec_N",103,3,3,"Ec",1,0,0,0,0,0,0
"6124",191,"Ec_N",103,4,4,"Ec",1,0,0,0,0,0,0
"6125",191,"Ec_N",103,5,5,"Ec",1,0,0,0,0,0,0
"6126",191,"Ec_N",103,6,6,"Ec",1,0,0,0,0,0,0
"6127",191,"Ec_N",103,7,7,"Ec",1,0,0,0,0,0,0
"6128",191,"Ec_N",103,8,8,"Ec",1,0,0,0,0,0,0
"6129",191,"Ec_N",103,9,9,"Ec",1,0,0,0,0,0,0
"6130",191,"Ec_N",103,10,10,"Ec",17,0,0,0,0,1,0.229834113103391
"6131",191,"Ec_N",103,11,11,"Ec",17,0,0,0,0,1,0.229834113103391
"6132",191,"Ec_N",103,12,12,"Ec",25,0,0,0,1,1,0.403163568932085
"6133",191,"Ec_N",103,13,13,"Ec",25,0,0,0,1,1,0.403163568932085
"6134",191,"Ec_N",103,14,14,"Ec",25,0,0,0,1,1,0.403163568932085
"6135",191,"Ec_N",103,15,15,"Ec",25,0,0,0,1,1,0.403163568932085
"6136",191,"Ec_N",103,16,16,"Ec",25,0,0,0,1,1,0.403163568932085
"6137",191,"Ec_N",103,17,17,"Ec",25,0,0,0,1,1,0.403163568932085
"6138",191,"Ec_N",103,18,18,"Ec",25,0,0,0,1,1,0.403163568932085
"6139",191,"Ec_N",103,19,19,"Ec",25,0,0,0,1,1,0.403163568932085
"6140",191,"Ec_N",103,20,20,"Ec",25,0,0,0,1,1,0.403163568932085
"6141",191,"Ec_N",103,21,21,"Ec",25,0,0,0,1,1,0.403163568932085
"6142",191,"Ec_N",103,22,22,"Ec",29,0,0,1,1,1,0.760668149402769
"6143",191,"Ec_N",103,23,23,"Ec",29,0,0,1,1,1,0.760668149402769
"6144",191,"Ec_N",103,24,24,"Ec",30,1,0,1,1,1,0.958688519948705
"6145",191,"Ec_N",103,25,25,"Ec",30,1,0,1,1,1,0.958688519948705
"6146",191,"Ec_N",103,26,26,"Ec",30,1,0,1,1,1,0.958688519948705
"6147",191,"Ec_N",103,27,27,"Ec",30,1,0,1,1,1,0.958688519948705
"6148",191,"Ec_N",103,28,28,"Ec",30,1,0,1,1,1,0.958688519948705
"6149",191,"Ec_N",103,29,29,"Ec",30,1,0,1,1,1,0.958688519948705
"6150",191,"Ec_N",103,30,30,"Ec",30,1,0,1,1,1,0.958688519948705
"6151",191,"Ec_N",103,31,31,"Ec",32,1,1,1,1,1,1
"6152",191,"Ec_N",103,32,32,"Ec",32,1,1,1,1,1,1
"6153",191,"Ec_N",103,33,33,"Ec",32,1,1,1,1,1,1
"6154",191,"Ec_N",103,34,34,"Ec",32,1,1,1,1,1,1
"6155",191,"Ec_N",103,35,35,"Ec",32,1,1,1,1,1,1
"6156",191,"Ec_N",103,36,36,"Ec",32,1,1,1,1,1,1
"6157",191,"Ec_N",103,37,37,"Ec",32,1,1,1,1,1,1
"6158",191,"Ec_N",103,38,38,"Ec",32,1,1,1,1,1,1
"6159",191,"Ec_N",103,39,39,"Ec",32,1,1,1,1,1,1
"6160",191,"Ec_N",103,40,40,"Ec",32,1,1,1,1,1,1
"6161",191,"Ec_N",103,41,41,"Ec",32,1,1,1,1,1,1
"6162",191,"Ec_N",103,42,42,"Ec",32,1,1,1,1,1,1
"6163",191,"Ec_N",103,43,43,"Ec",32,1,1,1,1,1,1
"6164",191,"Ec_N",103,44,44,"Ec",32,1,1,1,1,1,1
"6165",191,"Ec_N",103,45,45,"Ec",32,1,1,1,1,1,1
"6166",191,"Ec_N",103,46,46,"Ec",32,1,1,1,1,1,1
"6167",191,"Ec_N",103,47,47,"Ec",32,1,1,1,1,1,1
"6168",191,"Ec_N",103,48,48,"Ec",32,1,1,1,1,1,1
"6169",191,"Ec_N",103,49,49,"Ec",32,1,1,1,1,1,1
"6170",191,"Ec_N",103,50,50,"Ec",32,1,1,1,1,1,1
"6171",191,"Ec_N",103,51,51,"Ec",32,1,1,1,1,1,1
"6172",191,"Ec_N",103,52,52,"Ec",32,1,1,1,1,1,1
"6173",191,"Ec_N",103,53,53,"Ec",32,1,1,1,1,1,1
"6174",191,"Ec_N",103,54,54,"Ec",32,1,1,1,1,1,1
"6175",191,"Ec_N",103,55,55,"Ec",32,1,1,1,1,1,1
"6176",191,"Ec_N",103,56,56,"Ec",32,1,1,1,1,1,1
"6177",191,"Ec_N",103,57,57,"Ec",32,1,1,1,1,1,1
"6178",191,"Ec_N",103,58,58,"Ec",32,1,1,1,1,1,1
"6179",191,"Ec_N",103,59,59,"Ec",32,1,1,1,1,1,1
"6180",191,"Ec_N",103,60,60,"Ec",32,1,1,1,1,1,1
"6181",191,"Ec_N",104,1,1,"Ec",1,0,0,0,0,0,0
"6182",191,"Ec_N",104,2,2,"Ec",1,0,0,0,0,0,0
"6183",191,"Ec_N",104,3,3,"Ec",1,0,0,0,0,0,0
"6184",191,"Ec_N",104,4,4,"Ec",1,0,0,0,0,0,0
"6185",191,"Ec_N",104,5,5,"Ec",9,0,0,0,1,0,0.0305419930719563
"6186",191,"Ec_N",104,6,6,"Ec",9,0,0,0,1,0,0.0305419930719563
"6187",191,"Ec_N",104,7,7,"Ec",9,0,0,0,1,0,0.0305419930719563
"6188",191,"Ec_N",104,8,8,"Ec",13,0,0,1,1,0,0.374679213953716
"6189",191,"Ec_N",104,9,9,"Ec",13,0,0,1,1,0,0.374679213953716
"6190",191,"Ec_N",104,10,10,"Ec",13,0,0,1,1,0,0.374679213953716
"6191",191,"Ec_N",104,11,11,"Ec",29,0,0,1,1,1,0.760668149402769
"6192",191,"Ec_N",104,12,12,"Ec",30,1,0,1,1,1,0.958688519948705
"6193",191,"Ec_N",104,13,13,"Ec",30,1,0,1,1,1,0.958688519948705
"6194",191,"Ec_N",104,14,14,"Ec",30,1,0,1,1,1,0.958688519948705
"6195",191,"Ec_N",104,15,15,"Ec",30,1,0,1,1,1,0.958688519948705
"6196",191,"Ec_N",104,16,16,"Ec",30,1,0,1,1,1,0.958688519948705
"6197",191,"Ec_N",104,17,17,"Ec",30,1,0,1,1,1,0.958688519948705
"6198",191,"Ec_N",104,18,18,"Ec",30,1,0,1,1,1,0.958688519948705
"6199",191,"Ec_N",104,19,19,"Ec",30,1,0,1,1,1,0.958688519948705
"6200",191,"Ec_N",104,20,20,"Ec",30,1,0,1,1,1,0.958688519948705
"6201",191,"Ec_N",104,21,21,"Ec",30,1,0,1,1,1,0.958688519948705
"6202",191,"Ec_N",104,22,22,"Ec",30,1,0,1,1,1,0.958688519948705
"6203",191,"Ec_N",104,23,23,"Ec",30,1,0,1,1,1,0.958688519948705
"6204",191,"Ec_N",104,24,24,"Ec",30,1,0,1,1,1,0.958688519948705
"6205",191,"Ec_N",104,25,25,"Ec",32,1,1,1,1,1,1
"6206",191,"Ec_N",104,26,26,"Ec",32,1,1,1,1,1,1
"6207",191,"Ec_N",104,27,27,"Ec",32,1,1,1,1,1,1
"6208",191,"Ec_N",104,28,28,"Ec",32,1,1,1,1,1,1
"6209",191,"Ec_N",104,29,29,"Ec",32,1,1,1,1,1,1
"6210",191,"Ec_N",104,30,30,"Ec",32,1,1,1,1,1,1
"6211",191,"Ec_N",104,31,31,"Ec",32,1,1,1,1,1,1
"6212",191,"Ec_N",104,32,32,"Ec",32,1,1,1,1,1,1
"6213",191,"Ec_N",104,33,33,"Ec",32,1,1,1,1,1,1
"6214",191,"Ec_N",104,34,34,"Ec",32,1,1,1,1,1,1
"6215",191,"Ec_N",104,35,35,"Ec",32,1,1,1,1,1,1
"6216",191,"Ec_N",104,36,36,"Ec",32,1,1,1,1,1,1
"6217",191,"Ec_N",104,37,37,"Ec",32,1,1,1,1,1,1
"6218",191,"Ec_N",104,38,38,"Ec",32,1,1,1,1,1,1
"6219",191,"Ec_N",104,39,39,"Ec",32,1,1,1,1,1,1
"6220",191,"Ec_N",104,40,40,"Ec",32,1,1,1,1,1,1
"6221",191,"Ec_N",104,41,41,"Ec",32,1,1,1,1,1,1
"6222",191,"Ec_N",104,42,42,"Ec",32,1,1,1,1,1,1
"6223",191,"Ec_N",104,43,43,"Ec",32,1,1,1,1,1,1
"6224",191,"Ec_N",104,44,44,"Ec",32,1,1,1,1,1,1
"6225",191,"Ec_N",104,45,45,"Ec",32,1,1,1,1,1,1
"6226",191,"Ec_N",104,46,46,"Ec",32,1,1,1,1,1,1
"6227",191,"Ec_N",104,47,47,"Ec",32,1,1,1,1,1,1
"6228",191,"Ec_N",104,48,48,"Ec",32,1,1,1,1,1,1
"6229",191,"Ec_N",104,49,49,"Ec",32,1,1,1,1,1,1
"6230",191,"Ec_N",104,50,50,"Ec",32,1,1,1,1,1,1
"6231",191,"Ec_N",104,51,51,"Ec",32,1,1,1,1,1,1
"6232",191,"Ec_N",104,52,52,"Ec",32,1,1,1,1,1,1
"6233",191,"Ec_N",104,53,53,"Ec",32,1,1,1,1,1,1
"6234",191,"Ec_N",104,54,54,"Ec",32,1,1,1,1,1,1
"6235",191,"Ec_N",104,55,55,"Ec",32,1,1,1,1,1,1
"6236",191,"Ec_N",104,56,56,"Ec",32,1,1,1,1,1,1
"6237",191,"Ec_N",104,57,57,"Ec",32,1,1,1,1,1,1
"6238",191,"Ec_N",104,58,58,"Ec",32,1,1,1,1,1,1
"6239",191,"Ec_N",104,59,59,"Ec",32,1,1,1,1,1,1
"6240",191,"Ec_N",104,60,60,"Ec",32,1,1,1,1,1,1
"6241",191,"Ec_N",105,1,1,"Ec",1,0,0,0,0,0,0
"6242",191,"Ec_N",105,2,2,"Ec",1,0,0,0,0,0,0
"6243",191,"Ec_N",105,3,3,"Ec",5,0,0,1,0,0,0.49313446766664
"6244",191,"Ec_N",105,4,4,"Ec",5,0,0,1,0,0,0.49313446766664
"6245",191,"Ec_N",105,5,5,"Ec",5,0,0,1,0,0,0.49313446766664
"6246",191,"Ec_N",105,6,6,"Ec",5,0,0,1,0,0,0.49313446766664
"6247",191,"Ec_N",105,7,7,"Ec",5,0,0,1,0,0,0.49313446766664
"6248",191,"Ec_N",105,8,8,"Ec",5,0,0,1,0,0,0.49313446766664
"6249",191,"Ec_N",105,9,9,"Ec",5,0,0,1,0,0,0.49313446766664
"6250",191,"Ec_N",105,10,10,"Ec",5,0,0,1,0,0,0.49313446766664
"6251",191,"Ec_N",105,11,11,"Ec",5,0,0,1,0,0,0.49313446766664
"6252",191,"Ec_N",105,12,12,"Ec",5,0,0,1,0,0,0.49313446766664
"6253",191,"Ec_N",105,13,13,"Ec",5,0,0,1,0,0,0.49313446766664
"6254",191,"Ec_N",105,14,14,"Ec",5,0,0,1,0,0,0.49313446766664
"6255",191,"Ec_N",105,15,15,"Ec",5,0,0,1,0,0,0.49313446766664
"6256",191,"Ec_N",105,16,16,"Ec",5,0,0,1,0,0,0.49313446766664
"6257",191,"Ec_N",105,17,17,"Ec",5,0,0,1,0,0,0.49313446766664
"6258",191,"Ec_N",105,18,18,"Ec",5,0,0,1,0,0,0.49313446766664
"6259",191,"Ec_N",105,19,19,"Ec",7,0,1,1,0,0,0.589282297794007
"6260",191,"Ec_N",105,20,20,"Ec",7,0,1,1,0,0,0.589282297794007
"6261",191,"Ec_N",105,21,21,"Ec",7,0,1,1,0,0,0.589282297794007
"6262",191,"Ec_N",105,22,22,"Ec",7,0,1,1,0,0,0.589282297794007
"6263",191,"Ec_N",105,23,23,"Ec",7,0,1,1,0,0,0.589282297794007
"6264",191,"Ec_N",105,24,24,"Ec",7,0,1,1,0,0,0.589282297794007
"6265",191,"Ec_N",105,25,25,"Ec",7,0,1,1,0,0,0.589282297794007
"6266",191,"Ec_N",105,26,26,"Ec",7,0,1,1,0,0,0.589282297794007
"6267",191,"Ec_N",105,27,27,"Ec",7,0,1,1,0,0,0.589282297794007
"6268",191,"Ec_N",105,28,28,"Ec",7,0,1,1,0,0,0.589282297794007
"6269",191,"Ec_N",105,29,29,"Ec",7,0,1,1,0,0,0.589282297794007
"6270",191,"Ec_N",105,30,30,"Ec",7,0,1,1,0,0,0.589282297794007
"6271",191,"Ec_N",105,31,31,"Ec",7,0,1,1,0,0,0.589282297794007
"6272",191,"Ec_N",105,32,32,"Ec",23,0,1,1,0,1,0.616809062130864
"6273",191,"Ec_N",105,33,33,"Ec",23,0,1,1,0,1,0.616809062130864
"6274",191,"Ec_N",105,34,34,"Ec",23,0,1,1,0,1,0.616809062130864
"6275",191,"Ec_N",105,35,35,"Ec",23,0,1,1,0,1,0.616809062130864
"6276",191,"Ec_N",105,36,36,"Ec",23,0,1,1,0,1,0.616809062130864
"6277",191,"Ec_N",105,37,37,"Ec",23,0,1,1,0,1,0.616809062130864
"6278",191,"Ec_N",105,38,38,"Ec",23,0,1,1,0,1,0.616809062130864
"6279",191,"Ec_N",105,39,39,"Ec",23,0,1,1,0,1,0.616809062130864
"6280",191,"Ec_N",105,40,40,"Ec",23,0,1,1,0,1,0.616809062130864
"6281",191,"Ec_N",105,41,41,"Ec",31,0,1,1,1,1,0.801979629454064
"6282",191,"Ec_N",105,42,42,"Ec",31,0,1,1,1,1,0.801979629454064
"6283",191,"Ec_N",105,43,43,"Ec",31,0,1,1,1,1,0.801979629454064
"6284",191,"Ec_N",105,44,44,"Ec",31,0,1,1,1,1,0.801979629454064
"6285",191,"Ec_N",105,45,45,"Ec",31,0,1,1,1,1,0.801979629454064
"6286",191,"Ec_N",105,46,46,"Ec",31,0,1,1,1,1,0.801979629454064
"6287",191,"Ec_N",105,47,47,"Ec",31,0,1,1,1,1,0.801979629454064
"6288",191,"Ec_N",105,48,48,"Ec",31,0,1,1,1,1,0.801979629454064
"6289",191,"Ec_N",105,49,49,"Ec",31,0,1,1,1,1,0.801979629454064
"6290",191,"Ec_N",105,50,50,"Ec",31,0,1,1,1,1,0.801979629454064
"6291",191,"Ec_N",105,51,51,"Ec",31,0,1,1,1,1,0.801979629454064
"6292",191,"Ec_N",105,52,52,"Ec",31,0,1,1,1,1,0.801979629454064
"6293",191,"Ec_N",105,53,53,"Ec",31,0,1,1,1,1,0.801979629454064
"6294",191,"Ec_N",105,54,54,"Ec",31,0,1,1,1,1,0.801979629454064
"6295",191,"Ec_N",105,55,55,"Ec",31,0,1,1,1,1,0.801979629454064
"6296",191,"Ec_N",105,56,56,"Ec",31,0,1,1,1,1,0.801979629454064
"6297",191,"Ec_N",105,57,57,"Ec",31,0,1,1,1,1,0.801979629454064
"6298",191,"Ec_N",105,58,58,"Ec",31,0,1,1,1,1,0.801979629454064
"6299",191,"Ec_N",105,59,59,"Ec",31,0,1,1,1,1,0.801979629454064
"6300",191,"Ec_N",105,60,60,"Ec",32,1,1,1,1,1,1
"6301",191,"Ec_N",106,1,1,"Ec",1,0,0,0,0,0,0
"6302",191,"Ec_N",106,2,2,"Ec",1,0,0,0,0,0,0
"6303",191,"Ec_N",106,3,3,"Ec",1,0,0,0,0,0,0
"6304",191,"Ec_N",106,4,4,"Ec",1,0,0,0,0,0,0
"6305",191,"Ec_N",106,5,5,"Ec",1,0,0,0,0,0,0
"6306",191,"Ec_N",106,6,6,"Ec",1,0,0,0,0,0,0
"6307",191,"Ec_N",106,7,7,"Ec",1,0,0,0,0,0,0
"6308",191,"Ec_N",106,8,8,"Ec",1,0,0,0,0,0,0
"6309",191,"Ec_N",106,9,9,"Ec",1,0,0,0,0,0,0
"6310",191,"Ec_N",106,10,10,"Ec",2,1,0,0,0,0,0.198020370545937
"6311",191,"Ec_N",106,11,11,"Ec",2,1,0,0,0,0,0.198020370545937
"6312",191,"Ec_N",106,12,12,"Ec",2,1,0,0,0,0,0.198020370545937
"6313",191,"Ec_N",106,13,13,"Ec",2,1,0,0,0,0,0.198020370545937
"6314",191,"Ec_N",106,14,14,"Ec",2,1,0,0,0,0,0.198020370545937
"6315",191,"Ec_N",106,15,15,"Ec",4,1,1,0,0,0,0.239331850597232
"6316",191,"Ec_N",106,16,16,"Ec",4,1,1,0,0,0,0.239331850597232
"6317",191,"Ec_N",106,17,17,"Ec",4,1,1,0,0,0,0.239331850597232
"6318",191,"Ec_N",106,18,18,"Ec",4,1,1,0,0,0,0.239331850597232
"6319",191,"Ec_N",106,19,19,"Ec",4,1,1,0,0,0,0.239331850597232
"6320",191,"Ec_N",106,20,20,"Ec",4,1,1,0,0,0,0.239331850597232
"6321",191,"Ec_N",106,21,21,"Ec",4,1,1,0,0,0,0.239331850597232
"6322",191,"Ec_N",106,22,22,"Ec",4,1,1,0,0,0,0.239331850597232
"6323",191,"Ec_N",106,23,23,"Ec",4,1,1,0,0,0,0.239331850597232
"6324",191,"Ec_N",106,24,24,"Ec",4,1,1,0,0,0,0.239331850597232
"6325",191,"Ec_N",106,25,25,"Ec",12,1,1,0,1,0,0.259780205416137
"6326",191,"Ec_N",106,26,26,"Ec",12,1,1,0,1,0,0.259780205416137
"6327",191,"Ec_N",106,27,27,"Ec",12,1,1,0,1,0,0.259780205416137
"6328",191,"Ec_N",106,28,28,"Ec",12,1,1,0,1,0,0.259780205416137
"6329",191,"Ec_N",106,29,29,"Ec",12,1,1,0,1,0,0.259780205416137
"6330",191,"Ec_N",106,30,30,"Ec",12,1,1,0,1,0,0.259780205416137
"6331",191,"Ec_N",106,31,31,"Ec",12,1,1,0,1,0,0.259780205416137
"6332",191,"Ec_N",106,32,32,"Ec",12,1,1,0,1,0,0.259780205416137
"6333",191,"Ec_N",106,33,33,"Ec",12,1,1,0,1,0,0.259780205416137
"6334",191,"Ec_N",106,34,34,"Ec",12,1,1,0,1,0,0.259780205416137
"6335",191,"Ec_N",106,35,35,"Ec",12,1,1,0,1,0,0.259780205416137
"6336",191,"Ec_N",106,36,36,"Ec",12,1,1,0,1,0,0.259780205416137
"6337",191,"Ec_N",106,37,37,"Ec",12,1,1,0,1,0,0.259780205416137
"6338",191,"Ec_N",106,38,38,"Ec",12,1,1,0,1,0,0.259780205416137
"6339",191,"Ec_N",106,39,39,"Ec",12,1,1,0,1,0,0.259780205416137
"6340",191,"Ec_N",106,40,40,"Ec",12,1,1,0,1,0,0.259780205416137
"6341",191,"Ec_N",106,41,41,"Ec",12,1,1,0,1,0,0.259780205416137
"6342",191,"Ec_N",106,42,42,"Ec",12,1,1,0,1,0,0.259780205416137
"6343",191,"Ec_N",106,43,43,"Ec",12,1,1,0,1,0,0.259780205416137
"6344",191,"Ec_N",106,44,44,"Ec",12,1,1,0,1,0,0.259780205416137
"6345",191,"Ec_N",106,45,45,"Ec",16,1,1,1,1,0,0.456015583082203
"6346",191,"Ec_N",106,46,46,"Ec",16,1,1,1,1,0,0.456015583082203
"6347",191,"Ec_N",106,47,47,"Ec",16,1,1,1,1,0,0.456015583082203
"6348",191,"Ec_N",106,48,48,"Ec",16,1,1,1,1,0,0.456015583082203
"6349",191,"Ec_N",106,49,49,"Ec",16,1,1,1,1,0,0.456015583082203
"6350",191,"Ec_N",106,50,50,"Ec",16,1,1,1,1,0,0.456015583082203
"6351",191,"Ec_N",106,51,51,"Ec",16,1,1,1,1,0,0.456015583082203
"6352",191,"Ec_N",106,52,52,"Ec",8,1,1,1,0,0,0.583469071478991
"6353",191,"Ec_N",106,53,53,"Ec",8,1,1,1,0,0,0.583469071478991
"6354",191,"Ec_N",106,54,54,"Ec",8,1,1,1,0,0,0.583469071478991
"6355",191,"Ec_N",106,55,55,"Ec",8,1,1,1,0,0,0.583469071478991
"6356",191,"Ec_N",106,56,56,"Ec",8,1,1,1,0,0,0.583469071478991
"6357",191,"Ec_N",106,57,57,"Ec",8,1,1,1,0,0,0.583469071478991
"6358",191,"Ec_N",106,58,58,"Ec",8,1,1,1,0,0,0.583469071478991
"6359",191,"Ec_N",106,59,59,"Ec",8,1,1,1,0,0,0.583469071478991
"6360",191,"Ec_N",106,60,60,"Ec",8,1,1,1,0,0,0.583469071478991
"6361",191,"Ec_N",107,1,1,"Ec",1,0,0,0,0,0,0
"6362",191,"Ec_N",107,2,2,"Ec",1,0,0,0,0,0,0
"6363",191,"Ec_N",107,3,3,"Ec",1,0,0,0,0,0,0
"6364",191,"Ec_N",107,4,4,"Ec",5,0,0,1,0,0,0.49313446766664
"6365",191,"Ec_N",107,5,5,"Ec",5,0,0,1,0,0,0.49313446766664
"6366",191,"Ec_N",107,6,6,"Ec",7,0,1,1,0,0,0.589282297794007
"6367",191,"Ec_N",107,7,7,"Ec",7,0,1,1,0,0,0.589282297794007
"6368",191,"Ec_N",107,8,8,"Ec",7,0,1,1,0,0,0.589282297794007
"6369",191,"Ec_N",107,9,9,"Ec",7,0,1,1,0,0,0.589282297794007
"6370",191,"Ec_N",107,10,10,"Ec",7,0,1,1,0,0,0.589282297794007
"6371",191,"Ec_N",107,11,11,"Ec",7,0,1,1,0,0,0.589282297794007
"6372",191,"Ec_N",107,12,12,"Ec",7,0,1,1,0,0,0.589282297794007
"6373",191,"Ec_N",107,13,13,"Ec",7,0,1,1,0,0,0.589282297794007
"6374",191,"Ec_N",107,14,14,"Ec",7,0,1,1,0,0,0.589282297794007
"6375",191,"Ec_N",107,15,15,"Ec",7,0,1,1,0,0,0.589282297794007
"6376",191,"Ec_N",107,16,16,"Ec",7,0,1,1,0,0,0.589282297794007
"6377",191,"Ec_N",107,17,17,"Ec",7,0,1,1,0,0,0.589282297794007
"6378",191,"Ec_N",107,18,18,"Ec",7,0,1,1,0,0,0.589282297794007
"6379",191,"Ec_N",107,19,19,"Ec",7,0,1,1,0,0,0.589282297794007
"6380",191,"Ec_N",107,20,20,"Ec",7,0,1,1,0,0,0.589282297794007
"6381",191,"Ec_N",107,21,21,"Ec",7,0,1,1,0,0,0.589282297794007
"6382",191,"Ec_N",107,22,22,"Ec",7,0,1,1,0,0,0.589282297794007
"6383",191,"Ec_N",107,23,23,"Ec",23,0,1,1,0,1,0.616809062130864
"6384",191,"Ec_N",107,24,24,"Ec",23,0,1,1,0,1,0.616809062130864
"6385",191,"Ec_N",107,25,25,"Ec",23,0,1,1,0,1,0.616809062130864
"6386",191,"Ec_N",107,26,26,"Ec",23,0,1,1,0,1,0.616809062130864
"6387",191,"Ec_N",107,27,27,"Ec",21,0,0,1,0,1,0.726280938342543
"6388",191,"Ec_N",107,28,28,"Ec",21,0,0,1,0,1,0.726280938342543
"6389",191,"Ec_N",107,29,29,"Ec",21,0,0,1,0,1,0.726280938342543
"6390",191,"Ec_N",107,30,30,"Ec",21,0,0,1,0,1,0.726280938342543
"6391",191,"Ec_N",107,31,31,"Ec",21,0,0,1,0,1,0.726280938342543
"6392",191,"Ec_N",107,32,32,"Ec",21,0,0,1,0,1,0.726280938342543
"6393",191,"Ec_N",107,33,33,"Ec",29,0,0,1,1,1,0.760668149402769
"6394",191,"Ec_N",107,34,34,"Ec",29,0,0,1,1,1,0.760668149402769
"6395",191,"Ec_N",107,35,35,"Ec",29,0,0,1,1,1,0.760668149402769
"6396",191,"Ec_N",107,36,36,"Ec",29,0,0,1,1,1,0.760668149402769
"6397",191,"Ec_N",107,37,37,"Ec",29,0,0,1,1,1,0.760668149402769
"6398",191,"Ec_N",107,38,38,"Ec",29,0,0,1,1,1,0.760668149402769
"6399",191,"Ec_N",107,39,39,"Ec",29,0,0,1,1,1,0.760668149402769
"6400",191,"Ec_N",107,40,40,"Ec",29,0,0,1,1,1,0.760668149402769
"6401",191,"Ec_N",107,41,41,"Ec",29,0,0,1,1,1,0.760668149402769
"6402",191,"Ec_N",107,42,42,"Ec",29,0,0,1,1,1,0.760668149402769
"6403",191,"Ec_N",107,43,43,"Ec",29,0,0,1,1,1,0.760668149402769
"6404",191,"Ec_N",107,44,44,"Ec",29,0,0,1,1,1,0.760668149402769
"6405",191,"Ec_N",107,45,45,"Ec",29,0,0,1,1,1,0.760668149402769
"6406",191,"Ec_N",107,46,46,"Ec",30,1,0,1,1,1,0.958688519948705
"6407",191,"Ec_N",107,47,47,"Ec",30,1,0,1,1,1,0.958688519948705
"6408",191,"Ec_N",107,48,48,"Ec",30,1,0,1,1,1,0.958688519948705
"6409",191,"Ec_N",107,49,49,"Ec",30,1,0,1,1,1,0.958688519948705
"6410",191,"Ec_N",107,50,50,"Ec",30,1,0,1,1,1,0.958688519948705
"6411",191,"Ec_N",107,51,51,"Ec",30,1,0,1,1,1,0.958688519948705
"6412",191,"Ec_N",107,52,52,"Ec",30,1,0,1,1,1,0.958688519948705
"6413",191,"Ec_N",107,53,53,"Ec",30,1,0,1,1,1,0.958688519948705
"6414",191,"Ec_N",107,54,54,"Ec",30,1,0,1,1,1,0.958688519948705
"6415",191,"Ec_N",107,55,55,"Ec",30,1,0,1,1,1,0.958688519948705
"6416",191,"Ec_N",107,56,56,"Ec",30,1,0,1,1,1,0.958688519948705
"6417",191,"Ec_N",107,57,57,"Ec",30,1,0,1,1,1,0.958688519948705
"6418",191,"Ec_N",107,58,58,"Ec",30,1,0,1,1,1,0.958688519948705
"6419",191,"Ec_N",107,59,59,"Ec",30,1,0,1,1,1,0.958688519948705
"6420",191,"Ec_N",107,60,60,"Ec",30,1,0,1,1,1,0.958688519948705
"6421",191,"Ec_N",108,1,1,"Ec",1,0,0,0,0,0,0
"6422",191,"Ec_N",108,2,2,"Ec",1,0,0,0,0,0,0
"6423",191,"Ec_N",108,3,3,"Ec",1,0,0,0,0,0,0
"6424",191,"Ec_N",108,4,4,"Ec",1,0,0,0,0,0,0
"6425",191,"Ec_N",108,5,5,"Ec",1,0,0,0,0,0,0
"6426",191,"Ec_N",108,6,6,"Ec",1,0,0,0,0,0,0
"6427",191,"Ec_N",108,7,7,"Ec",1,0,0,0,0,0,0
"6428",191,"Ec_N",108,8,8,"Ec",1,0,0,0,0,0,0
"6429",191,"Ec_N",108,9,9,"Ec",17,0,0,0,0,1,0.229834113103391
"6430",191,"Ec_N",108,10,10,"Ec",17,0,0,0,0,1,0.229834113103391
"6431",191,"Ec_N",108,11,11,"Ec",17,0,0,0,0,1,0.229834113103391
"6432",191,"Ec_N",108,12,12,"Ec",17,0,0,0,0,1,0.229834113103391
"6433",191,"Ec_N",108,13,13,"Ec",21,0,0,1,0,1,0.726280938342543
"6434",191,"Ec_N",108,14,14,"Ec",21,0,0,1,0,1,0.726280938342543
"6435",191,"Ec_N",108,15,15,"Ec",21,0,0,1,0,1,0.726280938342543
"6436",191,"Ec_N",108,16,16,"Ec",29,0,0,1,1,1,0.760668149402769
"6437",191,"Ec_N",108,17,17,"Ec",29,0,0,1,1,1,0.760668149402769
"6438",191,"Ec_N",108,18,18,"Ec",31,0,1,1,1,1,0.801979629454064
"6439",191,"Ec_N",108,19,19,"Ec",31,0,1,1,1,1,0.801979629454064
"6440",191,"Ec_N",108,20,20,"Ec",31,0,1,1,1,1,0.801979629454064
"6441",191,"Ec_N",108,21,21,"Ec",31,0,1,1,1,1,0.801979629454064
"6442",191,"Ec_N",108,22,22,"Ec",31,0,1,1,1,1,0.801979629454064
"6443",191,"Ec_N",108,23,23,"Ec",32,1,1,1,1,1,1
"6444",191,"Ec_N",108,24,24,"Ec",32,1,1,1,1,1,1
"6445",191,"Ec_N",108,25,25,"Ec",32,1,1,1,1,1,1
"6446",191,"Ec_N",108,26,26,"Ec",32,1,1,1,1,1,1
"6447",191,"Ec_N",108,27,27,"Ec",32,1,1,1,1,1,1
"6448",191,"Ec_N",108,28,28,"Ec",32,1,1,1,1,1,1
"6449",191,"Ec_N",108,29,29,"Ec",32,1,1,1,1,1,1
"6450",191,"Ec_N",108,30,30,"Ec",32,1,1,1,1,1,1
"6451",191,"Ec_N",108,31,31,"Ec",32,1,1,1,1,1,1
"6452",191,"Ec_N",108,32,32,"Ec",32,1,1,1,1,1,1
"6453",191,"Ec_N",108,33,33,"Ec",32,1,1,1,1,1,1
"6454",191,"Ec_N",108,34,34,"Ec",32,1,1,1,1,1,1
"6455",191,"Ec_N",108,35,35,"Ec",32,1,1,1,1,1,1
"6456",191,"Ec_N",108,36,36,"Ec",32,1,1,1,1,1,1
"6457",191,"Ec_N",108,37,37,"Ec",32,1,1,1,1,1,1
"6458",191,"Ec_N",108,38,38,"Ec",32,1,1,1,1,1,1
"6459",191,"Ec_N",108,39,39,"Ec",32,1,1,1,1,1,1
"6460",191,"Ec_N",108,40,40,"Ec",32,1,1,1,1,1,1
"6461",191,"Ec_N",108,41,41,"Ec",32,1,1,1,1,1,1
"6462",191,"Ec_N",108,42,42,"Ec",32,1,1,1,1,1,1
"6463",191,"Ec_N",108,43,43,"Ec",32,1,1,1,1,1,1
"6464",191,"Ec_N",108,44,44,"Ec",32,1,1,1,1,1,1
"6465",191,"Ec_N",108,45,45,"Ec",32,1,1,1,1,1,1
"6466",191,"Ec_N",108,46,46,"Ec",32,1,1,1,1,1,1
"6467",191,"Ec_N",108,47,47,"Ec",32,1,1,1,1,1,1
"6468",191,"Ec_N",108,48,48,"Ec",32,1,1,1,1,1,1
"6469",191,"Ec_N",108,49,49,"Ec",32,1,1,1,1,1,1
"6470",191,"Ec_N",108,50,50,"Ec",32,1,1,1,1,1,1
"6471",191,"Ec_N",108,51,51,"Ec",32,1,1,1,1,1,1
"6472",191,"Ec_N",108,52,52,"Ec",32,1,1,1,1,1,1
"6473",191,"Ec_N",108,53,53,"Ec",32,1,1,1,1,1,1
"6474",191,"Ec_N",108,54,54,"Ec",32,1,1,1,1,1,1
"6475",191,"Ec_N",108,55,55,"Ec",32,1,1,1,1,1,1
"6476",191,"Ec_N",108,56,56,"Ec",32,1,1,1,1,1,1
"6477",191,"Ec_N",108,57,57,"Ec",32,1,1,1,1,1,1
"6478",191,"Ec_N",108,58,58,"Ec",32,1,1,1,1,1,1
"6479",191,"Ec_N",108,59,59,"Ec",32,1,1,1,1,1,1
"6480",191,"Ec_N",108,60,60,"Ec",32,1,1,1,1,1,1
"6481",191,"Ec_N",109,1,1,"Ec",1,0,0,0,0,0,0
"6482",191,"Ec_N",109,2,2,"Ec",1,0,0,0,0,0,0
"6483",191,"Ec_N",109,3,3,"Ec",17,0,0,0,0,1,0.229834113103391
"6484",191,"Ec_N",109,4,4,"Ec",17,0,0,0,0,1,0.229834113103391
"6485",191,"Ec_N",109,5,5,"Ec",17,0,0,0,0,1,0.229834113103391
"6486",191,"Ec_N",109,6,6,"Ec",17,0,0,0,0,1,0.229834113103391
"6487",191,"Ec_N",109,7,7,"Ec",21,0,0,1,0,1,0.726280938342543
"6488",191,"Ec_N",109,8,8,"Ec",21,0,0,1,0,1,0.726280938342543
"6489",191,"Ec_N",109,9,9,"Ec",21,0,0,1,0,1,0.726280938342543
"6490",191,"Ec_N",109,10,10,"Ec",21,0,0,1,0,1,0.726280938342543
"6491",191,"Ec_N",109,11,11,"Ec",21,0,0,1,0,1,0.726280938342543
"6492",191,"Ec_N",109,12,12,"Ec",21,0,0,1,0,1,0.726280938342543
"6493",191,"Ec_N",109,13,13,"Ec",29,0,0,1,1,1,0.760668149402769
"6494",191,"Ec_N",109,14,14,"Ec",31,0,1,1,1,1,0.801979629454064
"6495",191,"Ec_N",109,15,15,"Ec",31,0,1,1,1,1,0.801979629454064
"6496",191,"Ec_N",109,16,16,"Ec",31,0,1,1,1,1,0.801979629454064
"6497",191,"Ec_N",109,17,17,"Ec",31,0,1,1,1,1,0.801979629454064
"6498",191,"Ec_N",109,18,18,"Ec",31,0,1,1,1,1,0.801979629454064
"6499",191,"Ec_N",109,19,19,"Ec",31,0,1,1,1,1,0.801979629454064
"6500",191,"Ec_N",109,20,20,"Ec",31,0,1,1,1,1,0.801979629454064
"6501",191,"Ec_N",109,21,21,"Ec",31,0,1,1,1,1,0.801979629454064
"6502",191,"Ec_N",109,22,22,"Ec",31,0,1,1,1,1,0.801979629454064
"6503",191,"Ec_N",109,23,23,"Ec",31,0,1,1,1,1,0.801979629454064
"6504",191,"Ec_N",109,24,24,"Ec",31,0,1,1,1,1,0.801979629454064
"6505",191,"Ec_N",109,25,25,"Ec",31,0,1,1,1,1,0.801979629454064
"6506",191,"Ec_N",109,26,26,"Ec",31,0,1,1,1,1,0.801979629454064
"6507",191,"Ec_N",109,27,27,"Ec",31,0,1,1,1,1,0.801979629454064
"6508",191,"Ec_N",109,28,28,"Ec",31,0,1,1,1,1,0.801979629454064
"6509",191,"Ec_N",109,29,29,"Ec",31,0,1,1,1,1,0.801979629454064
"6510",191,"Ec_N",109,30,30,"Ec",31,0,1,1,1,1,0.801979629454064
"6511",191,"Ec_N",109,31,31,"Ec",31,0,1,1,1,1,0.801979629454064
"6512",191,"Ec_N",109,32,32,"Ec",31,0,1,1,1,1,0.801979629454064
"6513",191,"Ec_N",109,33,33,"Ec",31,0,1,1,1,1,0.801979629454064
"6514",191,"Ec_N",109,34,34,"Ec",31,0,1,1,1,1,0.801979629454064
"6515",191,"Ec_N",109,35,35,"Ec",31,0,1,1,1,1,0.801979629454064
"6516",191,"Ec_N",109,36,36,"Ec",31,0,1,1,1,1,0.801979629454064
"6517",191,"Ec_N",109,37,37,"Ec",31,0,1,1,1,1,0.801979629454064
"6518",191,"Ec_N",109,38,38,"Ec",31,0,1,1,1,1,0.801979629454064
"6519",191,"Ec_N",109,39,39,"Ec",31,0,1,1,1,1,0.801979629454064
"6520",191,"Ec_N",109,40,40,"Ec",31,0,1,1,1,1,0.801979629454064
"6521",191,"Ec_N",109,41,41,"Ec",31,0,1,1,1,1,0.801979629454064
"6522",191,"Ec_N",109,42,42,"Ec",31,0,1,1,1,1,0.801979629454064
"6523",191,"Ec_N",109,43,43,"Ec",31,0,1,1,1,1,0.801979629454064
"6524",191,"Ec_N",109,44,44,"Ec",31,0,1,1,1,1,0.801979629454064
"6525",191,"Ec_N",109,45,45,"Ec",31,0,1,1,1,1,0.801979629454064
"6526",191,"Ec_N",109,46,46,"Ec",31,0,1,1,1,1,0.801979629454064
"6527",191,"Ec_N",109,47,47,"Ec",31,0,1,1,1,1,0.801979629454064
"6528",191,"Ec_N",109,48,48,"Ec",31,0,1,1,1,1,0.801979629454064
"6529",191,"Ec_N",109,49,49,"Ec",31,0,1,1,1,1,0.801979629454064
"6530",191,"Ec_N",109,50,50,"Ec",31,0,1,1,1,1,0.801979629454064
"6531",191,"Ec_N",109,51,51,"Ec",31,0,1,1,1,1,0.801979629454064
"6532",191,"Ec_N",109,52,52,"Ec",31,0,1,1,1,1,0.801979629454064
"6533",191,"Ec_N",109,53,53,"Ec",31,0,1,1,1,1,0.801979629454064
"6534",191,"Ec_N",109,54,54,"Ec",31,0,1,1,1,1,0.801979629454064
"6535",191,"Ec_N",109,55,55,"Ec",31,0,1,1,1,1,0.801979629454064
"6536",191,"Ec_N",109,56,56,"Ec",31,0,1,1,1,1,0.801979629454064
"6537",191,"Ec_N",109,57,57,"Ec",31,0,1,1,1,1,0.801979629454064
"6538",191,"Ec_N",109,58,58,"Ec",31,0,1,1,1,1,0.801979629454064
"6539",191,"Ec_N",109,59,59,"Ec",31,0,1,1,1,1,0.801979629454064
"6540",191,"Ec_N",109,60,60,"Ec",31,0,1,1,1,1,0.801979629454064
"6541",191,"Ec_N",110,1,1,"Ec",1,0,0,0,0,0,0
"6542",191,"Ec_N",110,2,2,"Ec",1,0,0,0,0,0,0
"6543",191,"Ec_N",110,3,3,"Ec",9,0,0,0,1,0,0.0305419930719563
"6544",191,"Ec_N",110,4,4,"Ec",9,0,0,0,1,0,0.0305419930719563
"6545",191,"Ec_N",110,5,5,"Ec",9,0,0,0,1,0,0.0305419930719563
"6546",191,"Ec_N",110,6,6,"Ec",9,0,0,0,1,0,0.0305419930719563
"6547",191,"Ec_N",110,7,7,"Ec",9,0,0,0,1,0,0.0305419930719563
"6548",191,"Ec_N",110,8,8,"Ec",9,0,0,0,1,0,0.0305419930719563
"6549",191,"Ec_N",110,9,9,"Ec",11,0,1,0,1,0,0.0857419302602629
"6550",191,"Ec_N",110,10,10,"Ec",11,0,1,0,1,0,0.0857419302602629
"6551",191,"Ec_N",110,11,11,"Ec",11,0,1,0,1,0,0.0857419302602629
"6552",191,"Ec_N",110,12,12,"Ec",11,0,1,0,1,0,0.0857419302602629
"6553",191,"Ec_N",110,13,13,"Ec",11,0,1,0,1,0,0.0857419302602629
"6554",191,"Ec_N",110,14,14,"Ec",11,0,1,0,1,0,0.0857419302602629
"6555",191,"Ec_N",110,15,15,"Ec",11,0,1,0,1,0,0.0857419302602629
"6556",191,"Ec_N",110,16,16,"Ec",27,0,1,0,1,1,0.357221419161902
"6557",191,"Ec_N",110,17,17,"Ec",27,0,1,0,1,1,0.357221419161902
"6558",191,"Ec_N",110,18,18,"Ec",25,0,0,0,1,1,0.403163568932085
"6559",191,"Ec_N",110,19,19,"Ec",25,0,0,0,1,1,0.403163568932085
"6560",191,"Ec_N",110,20,20,"Ec",25,0,0,0,1,1,0.403163568932085
"6561",191,"Ec_N",110,21,21,"Ec",25,0,0,0,1,1,0.403163568932085
"6562",191,"Ec_N",110,22,22,"Ec",25,0,0,0,1,1,0.403163568932085
"6563",191,"Ec_N",110,23,23,"Ec",25,0,0,0,1,1,0.403163568932085
"6564",191,"Ec_N",110,24,24,"Ec",25,0,0,0,1,1,0.403163568932085
"6565",191,"Ec_N",110,25,25,"Ec",25,0,0,0,1,1,0.403163568932085
"6566",191,"Ec_N",110,26,26,"Ec",25,0,0,0,1,1,0.403163568932085
"6567",191,"Ec_N",110,27,27,"Ec",26,1,0,0,1,1,0.514384015075299
"6568",191,"Ec_N",110,28,28,"Ec",26,1,0,0,1,1,0.514384015075299
"6569",191,"Ec_N",110,29,29,"Ec",26,1,0,0,1,1,0.514384015075299
"6570",191,"Ec_N",110,30,30,"Ec",26,1,0,0,1,1,0.514384015075299
"6571",191,"Ec_N",110,31,31,"Ec",26,1,0,0,1,1,0.514384015075299
"6572",191,"Ec_N",110,32,32,"Ec",26,1,0,0,1,1,0.514384015075299
"6573",191,"Ec_N",110,33,33,"Ec",26,1,0,0,1,1,0.514384015075299
"6574",191,"Ec_N",110,34,34,"Ec",26,1,0,0,1,1,0.514384015075299
"6575",191,"Ec_N",110,35,35,"Ec",26,1,0,0,1,1,0.514384015075299
"6576",191,"Ec_N",110,36,36,"Ec",26,1,0,0,1,1,0.514384015075299
"6577",191,"Ec_N",110,37,37,"Ec",18,1,0,0,0,1,0.646504780524047
"6578",191,"Ec_N",110,38,38,"Ec",18,1,0,0,0,1,0.646504780524047
"6579",191,"Ec_N",110,39,39,"Ec",18,1,0,0,0,1,0.646504780524047
"6580",191,"Ec_N",110,40,40,"Ec",18,1,0,0,0,1,0.646504780524047
"6581",191,"Ec_N",110,41,41,"Ec",18,1,0,0,0,1,0.646504780524047
"6582",191,"Ec_N",110,42,42,"Ec",18,1,0,0,0,1,0.646504780524047
"6583",191,"Ec_N",110,43,43,"Ec",18,1,0,0,0,1,0.646504780524047
"6584",191,"Ec_N",110,44,44,"Ec",18,1,0,0,0,1,0.646504780524047
"6585",191,"Ec_N",110,45,45,"Ec",18,1,0,0,0,1,0.646504780524047
"6586",191,"Ec_N",110,46,46,"Ec",18,1,0,0,0,1,0.646504780524047
"6587",191,"Ec_N",110,47,47,"Ec",18,1,0,0,0,1,0.646504780524047
"6588",191,"Ec_N",110,48,48,"Ec",18,1,0,0,0,1,0.646504780524047
"6589",191,"Ec_N",110,49,49,"Ec",18,1,0,0,0,1,0.646504780524047
"6590",191,"Ec_N",110,50,50,"Ec",18,1,0,0,0,1,0.646504780524047
"6591",191,"Ec_N",110,51,51,"Ec",18,1,0,0,0,1,0.646504780524047
"6592",191,"Ec_N",110,52,52,"Ec",18,1,0,0,0,1,0.646504780524047
"6593",191,"Ec_N",110,53,53,"Ec",18,1,0,0,0,1,0.646504780524047
"6594",191,"Ec_N",110,54,54,"Ec",18,1,0,0,0,1,0.646504780524047
"6595",191,"Ec_N",110,55,55,"Ec",18,1,0,0,0,1,0.646504780524047
"6596",191,"Ec_N",110,56,56,"Ec",18,1,0,0,0,1,0.646504780524047
"6597",191,"Ec_N",110,57,57,"Ec",18,1,0,0,0,1,0.646504780524047
"6598",191,"Ec_N",110,58,58,"Ec",18,1,0,0,0,1,0.646504780524047
"6599",191,"Ec_N",110,59,59,"Ec",18,1,0,0,0,1,0.646504780524047
"6600",191,"Ec_N",110,60,60,"Ec",18,1,0,0,0,1,0.646504780524047
"6601",191,"Ec_N",111,1,1,"Ec",1,0,0,0,0,0,0
"6602",191,"Ec_N",111,2,2,"Ec",1,0,0,0,0,0,0
"6603",191,"Ec_N",111,3,3,"Ec",17,0,0,0,0,1,0.229834113103391
"6604",191,"Ec_N",111,4,4,"Ec",17,0,0,0,0,1,0.229834113103391
"6605",191,"Ec_N",111,5,5,"Ec",17,0,0,0,0,1,0.229834113103391
"6606",191,"Ec_N",111,6,6,"Ec",21,0,0,1,0,1,0.726280938342543
"6607",191,"Ec_N",111,7,7,"Ec",21,0,0,1,0,1,0.726280938342543
"6608",191,"Ec_N",111,8,8,"Ec",21,0,0,1,0,1,0.726280938342543
"6609",191,"Ec_N",111,9,9,"Ec",21,0,0,1,0,1,0.726280938342543
"6610",191,"Ec_N",111,10,10,"Ec",22,1,0,1,0,1,0.92522428176681
"6611",191,"Ec_N",111,11,11,"Ec",22,1,0,1,0,1,0.92522428176681
"6612",191,"Ec_N",111,12,12,"Ec",22,1,0,1,0,1,0.92522428176681
"6613",191,"Ec_N",111,13,13,"Ec",22,1,0,1,0,1,0.92522428176681
"6614",191,"Ec_N",111,14,14,"Ec",22,1,0,1,0,1,0.92522428176681
"6615",191,"Ec_N",111,15,15,"Ec",22,1,0,1,0,1,0.92522428176681
"6616",191,"Ec_N",111,16,16,"Ec",22,1,0,1,0,1,0.92522428176681
"6617",191,"Ec_N",111,17,17,"Ec",22,1,0,1,0,1,0.92522428176681
"6618",191,"Ec_N",111,18,18,"Ec",22,1,0,1,0,1,0.92522428176681
"6619",191,"Ec_N",111,19,19,"Ec",22,1,0,1,0,1,0.92522428176681
"6620",191,"Ec_N",111,20,20,"Ec",22,1,0,1,0,1,0.92522428176681
"6621",191,"Ec_N",111,21,21,"Ec",22,1,0,1,0,1,0.92522428176681
"6622",191,"Ec_N",111,22,22,"Ec",22,1,0,1,0,1,0.92522428176681
"6623",191,"Ec_N",111,23,23,"Ec",22,1,0,1,0,1,0.92522428176681
"6624",191,"Ec_N",111,24,24,"Ec",22,1,0,1,0,1,0.92522428176681
"6625",191,"Ec_N",111,25,25,"Ec",22,1,0,1,0,1,0.92522428176681
"6626",191,"Ec_N",111,26,26,"Ec",22,1,0,1,0,1,0.92522428176681
"6627",191,"Ec_N",111,27,27,"Ec",22,1,0,1,0,1,0.92522428176681
"6628",191,"Ec_N",111,28,28,"Ec",22,1,0,1,0,1,0.92522428176681
"6629",191,"Ec_N",111,29,29,"Ec",22,1,0,1,0,1,0.92522428176681
"6630",191,"Ec_N",111,30,30,"Ec",22,1,0,1,0,1,0.92522428176681
"6631",191,"Ec_N",111,31,31,"Ec",22,1,0,1,0,1,0.92522428176681
"6632",191,"Ec_N",111,32,32,"Ec",22,1,0,1,0,1,0.92522428176681
"6633",191,"Ec_N",111,33,33,"Ec",22,1,0,1,0,1,0.92522428176681
"6634",191,"Ec_N",111,34,34,"Ec",22,1,0,1,0,1,0.92522428176681
"6635",191,"Ec_N",111,35,35,"Ec",22,1,0,1,0,1,0.92522428176681
"6636",191,"Ec_N",111,36,36,"Ec",22,1,0,1,0,1,0.92522428176681
"6637",191,"Ec_N",111,37,37,"Ec",22,1,0,1,0,1,0.92522428176681
"6638",191,"Ec_N",111,38,38,"Ec",22,1,0,1,0,1,0.92522428176681
"6639",191,"Ec_N",111,39,39,"Ec",22,1,0,1,0,1,0.92522428176681
"6640",191,"Ec_N",111,40,40,"Ec",22,1,0,1,0,1,0.92522428176681
"6641",191,"Ec_N",111,41,41,"Ec",22,1,0,1,0,1,0.92522428176681
"6642",191,"Ec_N",111,42,42,"Ec",22,1,0,1,0,1,0.92522428176681
"6643",191,"Ec_N",111,43,43,"Ec",22,1,0,1,0,1,0.92522428176681
"6644",191,"Ec_N",111,44,44,"Ec",22,1,0,1,0,1,0.92522428176681
"6645",191,"Ec_N",111,45,45,"Ec",22,1,0,1,0,1,0.92522428176681
"6646",191,"Ec_N",111,46,46,"Ec",22,1,0,1,0,1,0.92522428176681
"6647",191,"Ec_N",111,47,47,"Ec",22,1,0,1,0,1,0.92522428176681
"6648",191,"Ec_N",111,48,48,"Ec",22,1,0,1,0,1,0.92522428176681
"6649",191,"Ec_N",111,49,49,"Ec",22,1,0,1,0,1,0.92522428176681
"6650",191,"Ec_N",111,50,50,"Ec",22,1,0,1,0,1,0.92522428176681
"6651",191,"Ec_N",111,51,51,"Ec",22,1,0,1,0,1,0.92522428176681
"6652",191,"Ec_N",111,52,52,"Ec",22,1,0,1,0,1,0.92522428176681
"6653",191,"Ec_N",111,53,53,"Ec",22,1,0,1,0,1,0.92522428176681
"6654",191,"Ec_N",111,54,54,"Ec",30,1,0,1,1,1,0.958688519948705
"6655",191,"Ec_N",111,55,55,"Ec",30,1,0,1,1,1,0.958688519948705
"6656",191,"Ec_N",111,56,56,"Ec",30,1,0,1,1,1,0.958688519948705
"6657",191,"Ec_N",111,57,57,"Ec",30,1,0,1,1,1,0.958688519948705
"6658",191,"Ec_N",111,58,58,"Ec",30,1,0,1,1,1,0.958688519948705
"6659",191,"Ec_N",111,59,59,"Ec",30,1,0,1,1,1,0.958688519948705
"6660",191,"Ec_N",111,60,60,"Ec",30,1,0,1,1,1,0.958688519948705
"6661",191,"Ec_N",112,1,1,"Ec",1,0,0,0,0,0,0
"6662",191,"Ec_N",112,2,2,"Ec",1,0,0,0,0,0,0
"6663",191,"Ec_N",112,3,3,"Ec",1,0,0,0,0,0,0
"6664",191,"Ec_N",112,4,4,"Ec",1,0,0,0,0,0,0
"6665",191,"Ec_N",112,5,5,"Ec",1,0,0,0,0,0,0
"6666",191,"Ec_N",112,6,6,"Ec",1,0,0,0,0,0,0
"6667",191,"Ec_N",112,7,7,"Ec",1,0,0,0,0,0,0
"6668",191,"Ec_N",112,8,8,"Ec",1,0,0,0,0,0,0
"6669",191,"Ec_N",112,9,9,"Ec",1,0,0,0,0,0,0
"6670",191,"Ec_N",112,10,10,"Ec",1,0,0,0,0,0,0
"6671",191,"Ec_N",112,11,11,"Ec",1,0,0,0,0,0,0
"6672",191,"Ec_N",112,12,12,"Ec",1,0,0,0,0,0,0
"6673",191,"Ec_N",112,13,13,"Ec",1,0,0,0,0,0,0
"6674",191,"Ec_N",112,14,14,"Ec",1,0,0,0,0,0,0
"6675",191,"Ec_N",112,15,15,"Ec",1,0,0,0,0,0,0
"6676",191,"Ec_N",112,16,16,"Ec",1,0,0,0,0,0,0
"6677",191,"Ec_N",112,17,17,"Ec",1,0,0,0,0,0,0
"6678",191,"Ec_N",112,18,18,"Ec",1,0,0,0,0,0,0
"6679",191,"Ec_N",112,19,19,"Ec",1,0,0,0,0,0,0
"6680",191,"Ec_N",112,20,20,"Ec",17,0,0,0,0,1,0.229834113103391
"6681",191,"Ec_N",112,21,21,"Ec",17,0,0,0,0,1,0.229834113103391
"6682",191,"Ec_N",112,22,22,"Ec",17,0,0,0,0,1,0.229834113103391
"6683",191,"Ec_N",112,23,23,"Ec",17,0,0,0,0,1,0.229834113103391
"6684",191,"Ec_N",112,24,24,"Ec",17,0,0,0,0,1,0.229834113103391
"6685",191,"Ec_N",112,25,25,"Ec",17,0,0,0,0,1,0.229834113103391
"6686",191,"Ec_N",112,26,26,"Ec",17,0,0,0,0,1,0.229834113103391
"6687",191,"Ec_N",112,27,27,"Ec",17,0,0,0,0,1,0.229834113103391
"6688",191,"Ec_N",112,28,28,"Ec",21,0,0,1,0,1,0.726280938342543
"6689",191,"Ec_N",112,29,29,"Ec",21,0,0,1,0,1,0.726280938342543
"6690",191,"Ec_N",112,30,30,"Ec",21,0,0,1,0,1,0.726280938342543
"6691",191,"Ec_N",112,31,31,"Ec",21,0,0,1,0,1,0.726280938342543
"6692",191,"Ec_N",112,32,32,"Ec",21,0,0,1,0,1,0.726280938342543
"6693",191,"Ec_N",112,33,33,"Ec",21,0,0,1,0,1,0.726280938342543
"6694",191,"Ec_N",112,34,34,"Ec",21,0,0,1,0,1,0.726280938342543
"6695",191,"Ec_N",112,35,35,"Ec",21,0,0,1,0,1,0.726280938342543
"6696",191,"Ec_N",112,36,36,"Ec",21,0,0,1,0,1,0.726280938342543
"6697",191,"Ec_N",112,37,37,"Ec",21,0,0,1,0,1,0.726280938342543
"6698",191,"Ec_N",112,38,38,"Ec",21,0,0,1,0,1,0.726280938342543
"6699",191,"Ec_N",112,39,39,"Ec",21,0,0,1,0,1,0.726280938342543
"6700",191,"Ec_N",112,40,40,"Ec",21,0,0,1,0,1,0.726280938342543
"6701",191,"Ec_N",112,41,41,"Ec",21,0,0,1,0,1,0.726280938342543
"6702",191,"Ec_N",112,42,42,"Ec",21,0,0,1,0,1,0.726280938342543
"6703",191,"Ec_N",112,43,43,"Ec",21,0,0,1,0,1,0.726280938342543
"6704",191,"Ec_N",112,44,44,"Ec",21,0,0,1,0,1,0.726280938342543
"6705",191,"Ec_N",112,45,45,"Ec",21,0,0,1,0,1,0.726280938342543
"6706",191,"Ec_N",112,46,46,"Ec",21,0,0,1,0,1,0.726280938342543
"6707",191,"Ec_N",112,47,47,"Ec",21,0,0,1,0,1,0.726280938342543
"6708",191,"Ec_N",112,48,48,"Ec",21,0,0,1,0,1,0.726280938342543
"6709",191,"Ec_N",112,49,49,"Ec",21,0,0,1,0,1,0.726280938342543
"6710",191,"Ec_N",112,50,50,"Ec",22,1,0,1,0,1,0.92522428176681
"6711",191,"Ec_N",112,51,51,"Ec",22,1,0,1,0,1,0.92522428176681
"6712",191,"Ec_N",112,52,52,"Ec",22,1,0,1,0,1,0.92522428176681
"6713",191,"Ec_N",112,53,53,"Ec",22,1,0,1,0,1,0.92522428176681
"6714",191,"Ec_N",112,54,54,"Ec",22,1,0,1,0,1,0.92522428176681
"6715",191,"Ec_N",112,55,55,"Ec",22,1,0,1,0,1,0.92522428176681
"6716",191,"Ec_N",112,56,56,"Ec",22,1,0,1,0,1,0.92522428176681
"6717",191,"Ec_N",112,57,57,"Ec",22,1,0,1,0,1,0.92522428176681
"6718",191,"Ec_N",112,58,58,"Ec",22,1,0,1,0,1,0.92522428176681
"6719",191,"Ec_N",112,59,59,"Ec",22,1,0,1,0,1,0.92522428176681
"6720",191,"Ec_N",112,60,60,"Ec",22,1,0,1,0,1,0.92522428176681
"6721",191,"Ec_N",113,1,1,"Ec",1,0,0,0,0,0,0
"6722",191,"Ec_N",113,2,2,"Ec",1,0,0,0,0,0,0
"6723",191,"Ec_N",113,3,3,"Ec",1,0,0,0,0,0,0
"6724",191,"Ec_N",113,4,4,"Ec",1,0,0,0,0,0,0
"6725",191,"Ec_N",113,5,5,"Ec",1,0,0,0,0,0,0
"6726",191,"Ec_N",113,6,6,"Ec",1,0,0,0,0,0,0
"6727",191,"Ec_N",113,7,7,"Ec",1,0,0,0,0,0,0
"6728",191,"Ec_N",113,8,8,"Ec",2,1,0,0,0,0,0.198020370545937
"6729",191,"Ec_N",113,9,9,"Ec",18,1,0,0,0,1,0.646504780524047
"6730",191,"Ec_N",113,10,10,"Ec",18,1,0,0,0,1,0.646504780524047
"6731",191,"Ec_N",113,11,11,"Ec",18,1,0,0,0,1,0.646504780524047
"6732",191,"Ec_N",113,12,12,"Ec",18,1,0,0,0,1,0.646504780524047
"6733",191,"Ec_N",113,13,13,"Ec",18,1,0,0,0,1,0.646504780524047
"6734",191,"Ec_N",113,14,14,"Ec",18,1,0,0,0,1,0.646504780524047
"6735",191,"Ec_N",113,15,15,"Ec",22,1,0,1,0,1,0.92522428176681
"6736",191,"Ec_N",113,16,16,"Ec",22,1,0,1,0,1,0.92522428176681
"6737",191,"Ec_N",113,17,17,"Ec",22,1,0,1,0,1,0.92522428176681
"6738",191,"Ec_N",113,18,18,"Ec",22,1,0,1,0,1,0.92522428176681
"6739",191,"Ec_N",113,19,19,"Ec",22,1,0,1,0,1,0.92522428176681
"6740",191,"Ec_N",113,20,20,"Ec",22,1,0,1,0,1,0.92522428176681
"6741",191,"Ec_N",113,21,21,"Ec",22,1,0,1,0,1,0.92522428176681
"6742",191,"Ec_N",113,22,22,"Ec",22,1,0,1,0,1,0.92522428176681
"6743",191,"Ec_N",113,23,23,"Ec",22,1,0,1,0,1,0.92522428176681
"6744",191,"Ec_N",113,24,24,"Ec",22,1,0,1,0,1,0.92522428176681
"6745",191,"Ec_N",113,25,25,"Ec",22,1,0,1,0,1,0.92522428176681
"6746",191,"Ec_N",113,26,26,"Ec",22,1,0,1,0,1,0.92522428176681
"6747",191,"Ec_N",113,27,27,"Ec",22,1,0,1,0,1,0.92522428176681
"6748",191,"Ec_N",113,28,28,"Ec",22,1,0,1,0,1,0.92522428176681
"6749",191,"Ec_N",113,29,29,"Ec",22,1,0,1,0,1,0.92522428176681
"6750",191,"Ec_N",113,30,30,"Ec",22,1,0,1,0,1,0.92522428176681
"6751",191,"Ec_N",113,31,31,"Ec",30,1,0,1,1,1,0.958688519948705
"6752",191,"Ec_N",113,32,32,"Ec",30,1,0,1,1,1,0.958688519948705
"6753",191,"Ec_N",113,33,33,"Ec",30,1,0,1,1,1,0.958688519948705
"6754",191,"Ec_N",113,34,34,"Ec",30,1,0,1,1,1,0.958688519948705
"6755",191,"Ec_N",113,35,35,"Ec",30,1,0,1,1,1,0.958688519948705
"6756",191,"Ec_N",113,36,36,"Ec",30,1,0,1,1,1,0.958688519948705
"6757",191,"Ec_N",113,37,37,"Ec",30,1,0,1,1,1,0.958688519948705
"6758",191,"Ec_N",113,38,38,"Ec",30,1,0,1,1,1,0.958688519948705
"6759",191,"Ec_N",113,39,39,"Ec",30,1,0,1,1,1,0.958688519948705
"6760",191,"Ec_N",113,40,40,"Ec",30,1,0,1,1,1,0.958688519948705
"6761",191,"Ec_N",113,41,41,"Ec",30,1,0,1,1,1,0.958688519948705
"6762",191,"Ec_N",113,42,42,"Ec",32,1,1,1,1,1,1
"6763",191,"Ec_N",113,43,43,"Ec",32,1,1,1,1,1,1
"6764",191,"Ec_N",113,44,44,"Ec",32,1,1,1,1,1,1
"6765",191,"Ec_N",113,45,45,"Ec",32,1,1,1,1,1,1
"6766",191,"Ec_N",113,46,46,"Ec",32,1,1,1,1,1,1
"6767",191,"Ec_N",113,47,47,"Ec",32,1,1,1,1,1,1
"6768",191,"Ec_N",113,48,48,"Ec",32,1,1,1,1,1,1
"6769",191,"Ec_N",113,49,49,"Ec",32,1,1,1,1,1,1
"6770",191,"Ec_N",113,50,50,"Ec",32,1,1,1,1,1,1
"6771",191,"Ec_N",113,51,51,"Ec",32,1,1,1,1,1,1
"6772",191,"Ec_N",113,52,52,"Ec",32,1,1,1,1,1,1
"6773",191,"Ec_N",113,53,53,"Ec",32,1,1,1,1,1,1
"6774",191,"Ec_N",113,54,54,"Ec",32,1,1,1,1,1,1
"6775",191,"Ec_N",113,55,55,"Ec",32,1,1,1,1,1,1
"6776",191,"Ec_N",113,56,56,"Ec",32,1,1,1,1,1,1
"6777",191,"Ec_N",113,57,57,"Ec",32,1,1,1,1,1,1
"6778",191,"Ec_N",113,58,58,"Ec",32,1,1,1,1,1,1
"6779",191,"Ec_N",113,59,59,"Ec",32,1,1,1,1,1,1
"6780",191,"Ec_N",113,60,60,"Ec",32,1,1,1,1,1,1
"6781",191,"Ec_N",114,1,1,"Ec",1,0,0,0,0,0,0
"6782",191,"Ec_N",114,2,2,"Ec",1,0,0,0,0,0,0
"6783",191,"Ec_N",114,3,3,"Ec",1,0,0,0,0,0,0
"6784",191,"Ec_N",114,4,4,"Ec",1,0,0,0,0,0,0
"6785",191,"Ec_N",114,5,5,"Ec",1,0,0,0,0,0,0
"6786",191,"Ec_N",114,6,6,"Ec",2,1,0,0,0,0,0.198020370545937
"6787",191,"Ec_N",114,7,7,"Ec",2,1,0,0,0,0,0.198020370545937
"6788",191,"Ec_N",114,8,8,"Ec",4,1,1,0,0,0,0.239331850597232
"6789",191,"Ec_N",114,9,9,"Ec",20,1,1,0,0,1,0.610298755308086
"6790",191,"Ec_N",114,10,10,"Ec",20,1,1,0,0,1,0.610298755308086
"6791",191,"Ec_N",114,11,11,"Ec",20,1,1,0,0,1,0.610298755308086
"6792",191,"Ec_N",114,12,12,"Ec",20,1,1,0,0,1,0.610298755308086
"6793",191,"Ec_N",114,13,13,"Ec",20,1,1,0,0,1,0.610298755308086
"6794",191,"Ec_N",114,14,14,"Ec",20,1,1,0,0,1,0.610298755308086
"6795",191,"Ec_N",114,15,15,"Ec",20,1,1,0,0,1,0.610298755308086
"6796",191,"Ec_N",114,16,16,"Ec",20,1,1,0,0,1,0.610298755308086
"6797",191,"Ec_N",114,17,17,"Ec",20,1,1,0,0,1,0.610298755308086
"6798",191,"Ec_N",114,18,18,"Ec",20,1,1,0,0,1,0.610298755308086
"6799",191,"Ec_N",114,19,19,"Ec",20,1,1,0,0,1,0.610298755308086
"6800",191,"Ec_N",114,20,20,"Ec",20,1,1,0,0,1,0.610298755308086
"6801",191,"Ec_N",114,21,21,"Ec",20,1,1,0,0,1,0.610298755308086
"6802",191,"Ec_N",114,22,22,"Ec",20,1,1,0,0,1,0.610298755308086
"6803",191,"Ec_N",114,23,23,"Ec",20,1,1,0,0,1,0.610298755308086
"6804",191,"Ec_N",114,24,24,"Ec",20,1,1,0,0,1,0.610298755308086
"6805",191,"Ec_N",114,25,25,"Ec",20,1,1,0,0,1,0.610298755308086
"6806",191,"Ec_N",114,26,26,"Ec",20,1,1,0,0,1,0.610298755308086
"6807",191,"Ec_N",114,27,27,"Ec",20,1,1,0,0,1,0.610298755308086
"6808",191,"Ec_N",114,28,28,"Ec",20,1,1,0,0,1,0.610298755308086
"6809",191,"Ec_N",114,29,29,"Ec",20,1,1,0,0,1,0.610298755308086
"6810",191,"Ec_N",114,30,30,"Ec",20,1,1,0,0,1,0.610298755308086
"6811",191,"Ec_N",114,31,31,"Ec",20,1,1,0,0,1,0.610298755308086
"6812",191,"Ec_N",114,32,32,"Ec",20,1,1,0,0,1,0.610298755308086
"6813",191,"Ec_N",114,33,33,"Ec",20,1,1,0,0,1,0.610298755308086
"6814",191,"Ec_N",114,34,34,"Ec",20,1,1,0,0,1,0.610298755308086
"6815",191,"Ec_N",114,35,35,"Ec",20,1,1,0,0,1,0.610298755308086
"6816",191,"Ec_N",114,36,36,"Ec",20,1,1,0,0,1,0.610298755308086
"6817",191,"Ec_N",114,37,37,"Ec",20,1,1,0,0,1,0.610298755308086
"6818",191,"Ec_N",114,38,38,"Ec",20,1,1,0,0,1,0.610298755308086
"6819",191,"Ec_N",114,39,39,"Ec",20,1,1,0,0,1,0.610298755308086
"6820",191,"Ec_N",114,40,40,"Ec",28,1,1,0,1,1,0.681047421119041
"6821",191,"Ec_N",114,41,41,"Ec",28,1,1,0,1,1,0.681047421119041
"6822",191,"Ec_N",114,42,42,"Ec",28,1,1,0,1,1,0.681047421119041
"6823",191,"Ec_N",114,43,43,"Ec",32,1,1,1,1,1,1
"6824",191,"Ec_N",114,44,44,"Ec",32,1,1,1,1,1,1
"6825",191,"Ec_N",114,45,45,"Ec",32,1,1,1,1,1,1
"6826",191,"Ec_N",114,46,46,"Ec",32,1,1,1,1,1,1
"6827",191,"Ec_N",114,47,47,"Ec",32,1,1,1,1,1,1
"6828",191,"Ec_N",114,48,48,"Ec",32,1,1,1,1,1,1
"6829",191,"Ec_N",114,49,49,"Ec",32,1,1,1,1,1,1
"6830",191,"Ec_N",114,50,50,"Ec",32,1,1,1,1,1,1
"6831",191,"Ec_N",114,51,51,"Ec",32,1,1,1,1,1,1
"6832",191,"Ec_N",114,52,52,"Ec",32,1,1,1,1,1,1
"6833",191,"Ec_N",114,53,53,"Ec",32,1,1,1,1,1,1
"6834",191,"Ec_N",114,54,54,"Ec",32,1,1,1,1,1,1
"6835",191,"Ec_N",114,55,55,"Ec",32,1,1,1,1,1,1
"6836",191,"Ec_N",114,56,56,"Ec",32,1,1,1,1,1,1
"6837",191,"Ec_N",114,57,57,"Ec",32,1,1,1,1,1,1
"6838",191,"Ec_N",114,58,58,"Ec",32,1,1,1,1,1,1
"6839",191,"Ec_N",114,59,59,"Ec",32,1,1,1,1,1,1
"6840",191,"Ec_N",114,60,60,"Ec",32,1,1,1,1,1,1
"6841",191,"Ec_N",115,1,1,"Ec",1,0,0,0,0,0,0
"6842",191,"Ec_N",115,2,2,"Ec",1,0,0,0,0,0,0
"6843",191,"Ec_N",115,3,3,"Ec",1,0,0,0,0,0,0
"6844",191,"Ec_N",115,4,4,"Ec",1,0,0,0,0,0,0
"6845",191,"Ec_N",115,5,5,"Ec",1,0,0,0,0,0,0
"6846",191,"Ec_N",115,6,6,"Ec",1,0,0,0,0,0,0
"6847",191,"Ec_N",115,7,7,"Ec",5,0,0,1,0,0,0.49313446766664
"6848",191,"Ec_N",115,8,8,"Ec",7,0,1,1,0,0,0.589282297794007
"6849",191,"Ec_N",115,9,9,"Ec",7,0,1,1,0,0,0.589282297794007
"6850",191,"Ec_N",115,10,10,"Ec",7,0,1,1,0,0,0.589282297794007
"6851",191,"Ec_N",115,11,11,"Ec",7,0,1,1,0,0,0.589282297794007
"6852",191,"Ec_N",115,12,12,"Ec",7,0,1,1,0,0,0.589282297794007
"6853",191,"Ec_N",115,13,13,"Ec",7,0,1,1,0,0,0.589282297794007
"6854",191,"Ec_N",115,14,14,"Ec",7,0,1,1,0,0,0.589282297794007
"6855",191,"Ec_N",115,15,15,"Ec",7,0,1,1,0,0,0.589282297794007
"6856",191,"Ec_N",115,16,16,"Ec",7,0,1,1,0,0,0.589282297794007
"6857",191,"Ec_N",115,17,17,"Ec",7,0,1,1,0,0,0.589282297794007
"6858",191,"Ec_N",115,18,18,"Ec",7,0,1,1,0,0,0.589282297794007
"6859",191,"Ec_N",115,19,19,"Ec",7,0,1,1,0,0,0.589282297794007
"6860",191,"Ec_N",115,20,20,"Ec",7,0,1,1,0,0,0.589282297794007
"6861",191,"Ec_N",115,21,21,"Ec",7,0,1,1,0,0,0.589282297794007
"6862",191,"Ec_N",115,22,22,"Ec",7,0,1,1,0,0,0.589282297794007
"6863",191,"Ec_N",115,23,23,"Ec",7,0,1,1,0,0,0.589282297794007
"6864",191,"Ec_N",115,24,24,"Ec",7,0,1,1,0,0,0.589282297794007
"6865",191,"Ec_N",115,25,25,"Ec",7,0,1,1,0,0,0.589282297794007
"6866",191,"Ec_N",115,26,26,"Ec",7,0,1,1,0,0,0.589282297794007
"6867",191,"Ec_N",115,27,27,"Ec",7,0,1,1,0,0,0.589282297794007
"6868",191,"Ec_N",115,28,28,"Ec",7,0,1,1,0,0,0.589282297794007
"6869",191,"Ec_N",115,29,29,"Ec",7,0,1,1,0,0,0.589282297794007
"6870",191,"Ec_N",115,30,30,"Ec",7,0,1,1,0,0,0.589282297794007
"6871",191,"Ec_N",115,31,31,"Ec",7,0,1,1,0,0,0.589282297794007
"6872",191,"Ec_N",115,32,32,"Ec",7,0,1,1,0,0,0.589282297794007
"6873",191,"Ec_N",115,33,33,"Ec",7,0,1,1,0,0,0.589282297794007
"6874",191,"Ec_N",115,34,34,"Ec",7,0,1,1,0,0,0.589282297794007
"6875",191,"Ec_N",115,35,35,"Ec",7,0,1,1,0,0,0.589282297794007
"6876",191,"Ec_N",115,36,36,"Ec",7,0,1,1,0,0,0.589282297794007
"6877",191,"Ec_N",115,37,37,"Ec",7,0,1,1,0,0,0.589282297794007
"6878",191,"Ec_N",115,38,38,"Ec",7,0,1,1,0,0,0.589282297794007
"6879",191,"Ec_N",115,39,39,"Ec",7,0,1,1,0,0,0.589282297794007
"6880",191,"Ec_N",115,40,40,"Ec",7,0,1,1,0,0,0.589282297794007
"6881",191,"Ec_N",115,41,41,"Ec",7,0,1,1,0,0,0.589282297794007
"6882",191,"Ec_N",115,42,42,"Ec",7,0,1,1,0,0,0.589282297794007
"6883",191,"Ec_N",115,43,43,"Ec",7,0,1,1,0,0,0.589282297794007
"6884",191,"Ec_N",115,44,44,"Ec",7,0,1,1,0,0,0.589282297794007
"6885",191,"Ec_N",115,45,45,"Ec",7,0,1,1,0,0,0.589282297794007
"6886",191,"Ec_N",115,46,46,"Ec",7,0,1,1,0,0,0.589282297794007
"6887",191,"Ec_N",115,47,47,"Ec",7,0,1,1,0,0,0.589282297794007
"6888",191,"Ec_N",115,48,48,"Ec",7,0,1,1,0,0,0.589282297794007
"6889",191,"Ec_N",115,49,49,"Ec",7,0,1,1,0,0,0.589282297794007
"6890",191,"Ec_N",115,50,50,"Ec",7,0,1,1,0,0,0.589282297794007
"6891",191,"Ec_N",115,51,51,"Ec",7,0,1,1,0,0,0.589282297794007
"6892",191,"Ec_N",115,52,52,"Ec",7,0,1,1,0,0,0.589282297794007
"6893",191,"Ec_N",115,53,53,"Ec",7,0,1,1,0,0,0.589282297794007
"6894",191,"Ec_N",115,54,54,"Ec",7,0,1,1,0,0,0.589282297794007
"6895",191,"Ec_N",115,55,55,"Ec",7,0,1,1,0,0,0.589282297794007
"6896",191,"Ec_N",115,56,56,"Ec",7,0,1,1,0,0,0.589282297794007
"6897",191,"Ec_N",115,57,57,"Ec",7,0,1,1,0,0,0.589282297794007
"6898",191,"Ec_N",115,58,58,"Ec",23,0,1,1,0,1,0.616809062130864
"6899",191,"Ec_N",115,59,59,"Ec",31,0,1,1,1,1,0.801979629454064
"6900",191,"Ec_N",115,60,60,"Ec",31,0,1,1,1,1,0.801979629454064
"6901",191,"Ec_N",116,1,1,"Ec",1,0,0,0,0,0,0
"6902",191,"Ec_N",116,2,2,"Ec",1,0,0,0,0,0,0
"6903",191,"Ec_N",116,3,3,"Ec",1,0,0,0,0,0,0
"6904",191,"Ec_N",116,4,4,"Ec",1,0,0,0,0,0,0
"6905",191,"Ec_N",116,5,5,"Ec",1,0,0,0,0,0,0
"6906",191,"Ec_N",116,6,6,"Ec",1,0,0,0,0,0,0
"6907",191,"Ec_N",116,7,7,"Ec",9,0,0,0,1,0,0.0305419930719563
"6908",191,"Ec_N",116,8,8,"Ec",9,0,0,0,1,0,0.0305419930719563
"6909",191,"Ec_N",116,9,9,"Ec",9,0,0,0,1,0,0.0305419930719563
"6910",191,"Ec_N",116,10,10,"Ec",9,0,0,0,1,0,0.0305419930719563
"6911",191,"Ec_N",116,11,11,"Ec",9,0,0,0,1,0,0.0305419930719563
"6912",191,"Ec_N",116,12,12,"Ec",9,0,0,0,1,0,0.0305419930719563
"6913",191,"Ec_N",116,13,13,"Ec",9,0,0,0,1,0,0.0305419930719563
"6914",191,"Ec_N",116,14,14,"Ec",9,0,0,0,1,0,0.0305419930719563
"6915",191,"Ec_N",116,15,15,"Ec",9,0,0,0,1,0,0.0305419930719563
"6916",191,"Ec_N",116,16,16,"Ec",13,0,0,1,1,0,0.374679213953716
"6917",191,"Ec_N",116,17,17,"Ec",13,0,0,1,1,0,0.374679213953716
"6918",191,"Ec_N",116,18,18,"Ec",13,0,0,1,1,0,0.374679213953716
"6919",191,"Ec_N",116,19,19,"Ec",13,0,0,1,1,0,0.374679213953716
"6920",191,"Ec_N",116,20,20,"Ec",15,0,1,1,1,0,0.437080043527332
"6921",191,"Ec_N",116,21,21,"Ec",15,0,1,1,1,0,0.437080043527332
"6922",191,"Ec_N",116,22,22,"Ec",15,0,1,1,1,0,0.437080043527332
"6923",191,"Ec_N",116,23,23,"Ec",15,0,1,1,1,0,0.437080043527332
"6924",191,"Ec_N",116,24,24,"Ec",15,0,1,1,1,0,0.437080043527332
"6925",191,"Ec_N",116,25,25,"Ec",15,0,1,1,1,0,0.437080043527332
"6926",191,"Ec_N",116,26,26,"Ec",15,0,1,1,1,0,0.437080043527332
"6927",191,"Ec_N",116,27,27,"Ec",15,0,1,1,1,0,0.437080043527332
"6928",191,"Ec_N",116,28,28,"Ec",15,0,1,1,1,0,0.437080043527332
"6929",191,"Ec_N",116,29,29,"Ec",15,0,1,1,1,0,0.437080043527332
"6930",191,"Ec_N",116,30,30,"Ec",15,0,1,1,1,0,0.437080043527332
"6931",191,"Ec_N",116,31,31,"Ec",15,0,1,1,1,0,0.437080043527332
"6932",191,"Ec_N",116,32,32,"Ec",15,0,1,1,1,0,0.437080043527332
"6933",191,"Ec_N",116,33,33,"Ec",15,0,1,1,1,0,0.437080043527332
"6934",191,"Ec_N",116,34,34,"Ec",15,0,1,1,1,0,0.437080043527332
"6935",191,"Ec_N",116,35,35,"Ec",15,0,1,1,1,0,0.437080043527332
"6936",191,"Ec_N",116,36,36,"Ec",15,0,1,1,1,0,0.437080043527332
"6937",191,"Ec_N",116,37,37,"Ec",15,0,1,1,1,0,0.437080043527332
"6938",191,"Ec_N",116,38,38,"Ec",15,0,1,1,1,0,0.437080043527332
"6939",191,"Ec_N",116,39,39,"Ec",15,0,1,1,1,0,0.437080043527332
"6940",191,"Ec_N",116,40,40,"Ec",15,0,1,1,1,0,0.437080043527332
"6941",191,"Ec_N",116,41,41,"Ec",15,0,1,1,1,0,0.437080043527332
"6942",191,"Ec_N",116,42,42,"Ec",15,0,1,1,1,0,0.437080043527332
"6943",191,"Ec_N",116,43,43,"Ec",15,0,1,1,1,0,0.437080043527332
"6944",191,"Ec_N",116,44,44,"Ec",15,0,1,1,1,0,0.437080043527332
"6945",191,"Ec_N",116,45,45,"Ec",15,0,1,1,1,0,0.437080043527332
"6946",191,"Ec_N",116,46,46,"Ec",7,0,1,1,0,0,0.589282297794007
"6947",191,"Ec_N",116,47,47,"Ec",7,0,1,1,0,0,0.589282297794007
"6948",191,"Ec_N",116,48,48,"Ec",7,0,1,1,0,0,0.589282297794007
"6949",191,"Ec_N",116,49,49,"Ec",7,0,1,1,0,0,0.589282297794007
"6950",191,"Ec_N",116,50,50,"Ec",7,0,1,1,0,0,0.589282297794007
"6951",191,"Ec_N",116,51,51,"Ec",7,0,1,1,0,0,0.589282297794007
"6952",191,"Ec_N",116,52,52,"Ec",7,0,1,1,0,0,0.589282297794007
"6953",191,"Ec_N",116,53,53,"Ec",7,0,1,1,0,0,0.589282297794007
"6954",191,"Ec_N",116,54,54,"Ec",7,0,1,1,0,0,0.589282297794007
"6955",191,"Ec_N",116,55,55,"Ec",7,0,1,1,0,0,0.589282297794007
"6956",191,"Ec_N",116,56,56,"Ec",7,0,1,1,0,0,0.589282297794007
"6957",191,"Ec_N",116,57,57,"Ec",7,0,1,1,0,0,0.589282297794007
"6958",191,"Ec_N",116,58,58,"Ec",7,0,1,1,0,0,0.589282297794007
"6959",191,"Ec_N",116,59,59,"Ec",7,0,1,1,0,0,0.589282297794007
"6960",191,"Ec_N",116,60,60,"Ec",7,0,1,1,0,0,0.589282297794007
"6961",191,"Ec_N",117,1,1,"Ec",1,0,0,0,0,0,0
"6962",191,"Ec_N",117,2,2,"Ec",1,0,0,0,0,0,0
"6963",191,"Ec_N",117,3,3,"Ec",9,0,0,0,1,0,0.0305419930719563
"6964",191,"Ec_N",117,4,4,"Ec",9,0,0,0,1,0,0.0305419930719563
"6965",191,"Ec_N",117,5,5,"Ec",9,0,0,0,1,0,0.0305419930719563
"6966",191,"Ec_N",117,6,6,"Ec",9,0,0,0,1,0,0.0305419930719563
"6967",191,"Ec_N",117,7,7,"Ec",10,1,0,0,1,0,0.228562363617893
"6968",191,"Ec_N",117,8,8,"Ec",10,1,0,0,1,0,0.228562363617893
"6969",191,"Ec_N",117,9,9,"Ec",10,1,0,0,1,0,0.228562363617893
"6970",191,"Ec_N",117,10,10,"Ec",10,1,0,0,1,0,0.228562363617893
"6971",191,"Ec_N",117,11,11,"Ec",10,1,0,0,1,0,0.228562363617893
"6972",191,"Ec_N",117,12,12,"Ec",10,1,0,0,1,0,0.228562363617893
"6973",191,"Ec_N",117,13,13,"Ec",10,1,0,0,1,0,0.228562363617893
"6974",191,"Ec_N",117,14,14,"Ec",10,1,0,0,1,0,0.228562363617893
"6975",191,"Ec_N",117,15,15,"Ec",10,1,0,0,1,0,0.228562363617893
"6976",191,"Ec_N",117,16,16,"Ec",10,1,0,0,1,0,0.228562363617893
"6977",191,"Ec_N",117,17,17,"Ec",10,1,0,0,1,0,0.228562363617893
"6978",191,"Ec_N",117,18,18,"Ec",10,1,0,0,1,0,0.228562363617893
"6979",191,"Ec_N",117,19,19,"Ec",10,1,0,0,1,0,0.228562363617893
"6980",191,"Ec_N",117,20,20,"Ec",10,1,0,0,1,0,0.228562363617893
"6981",191,"Ec_N",117,21,21,"Ec",10,1,0,0,1,0,0.228562363617893
"6982",191,"Ec_N",117,22,22,"Ec",10,1,0,0,1,0,0.228562363617893
"6983",191,"Ec_N",117,23,23,"Ec",12,1,1,0,1,0,0.259780205416137
"6984",191,"Ec_N",117,24,24,"Ec",12,1,1,0,1,0,0.259780205416137
"6985",191,"Ec_N",117,25,25,"Ec",28,1,1,0,1,1,0.681047421119041
"6986",191,"Ec_N",117,26,26,"Ec",28,1,1,0,1,1,0.681047421119041
"6987",191,"Ec_N",117,27,27,"Ec",28,1,1,0,1,1,0.681047421119041
"6988",191,"Ec_N",117,28,28,"Ec",28,1,1,0,1,1,0.681047421119041
"6989",191,"Ec_N",117,29,29,"Ec",28,1,1,0,1,1,0.681047421119041
"6990",191,"Ec_N",117,30,30,"Ec",28,1,1,0,1,1,0.681047421119041
"6991",191,"Ec_N",117,31,31,"Ec",28,1,1,0,1,1,0.681047421119041
"6992",191,"Ec_N",117,32,32,"Ec",28,1,1,0,1,1,0.681047421119041
"6993",191,"Ec_N",117,33,33,"Ec",28,1,1,0,1,1,0.681047421119041
"6994",191,"Ec_N",117,34,34,"Ec",28,1,1,0,1,1,0.681047421119041
"6995",191,"Ec_N",117,35,35,"Ec",28,1,1,0,1,1,0.681047421119041
"6996",191,"Ec_N",117,36,36,"Ec",28,1,1,0,1,1,0.681047421119041
"6997",191,"Ec_N",117,37,37,"Ec",28,1,1,0,1,1,0.681047421119041
"6998",191,"Ec_N",117,38,38,"Ec",28,1,1,0,1,1,0.681047421119041
"6999",191,"Ec_N",117,39,39,"Ec",28,1,1,0,1,1,0.681047421119041
"7000",191,"Ec_N",117,40,40,"Ec",28,1,1,0,1,1,0.681047421119041
"7001",191,"Ec_N",117,41,41,"Ec",28,1,1,0,1,1,0.681047421119041
"7002",191,"Ec_N",117,42,42,"Ec",28,1,1,0,1,1,0.681047421119041
"7003",191,"Ec_N",117,43,43,"Ec",28,1,1,0,1,1,0.681047421119041
"7004",191,"Ec_N",117,44,44,"Ec",28,1,1,0,1,1,0.681047421119041
"7005",191,"Ec_N",117,45,45,"Ec",28,1,1,0,1,1,0.681047421119041
"7006",191,"Ec_N",117,46,46,"Ec",28,1,1,0,1,1,0.681047421119041
"7007",191,"Ec_N",117,47,47,"Ec",28,1,1,0,1,1,0.681047421119041
"7008",191,"Ec_N",117,48,48,"Ec",28,1,1,0,1,1,0.681047421119041
"7009",191,"Ec_N",117,49,49,"Ec",28,1,1,0,1,1,0.681047421119041
"7010",191,"Ec_N",117,50,50,"Ec",28,1,1,0,1,1,0.681047421119041
"7011",191,"Ec_N",117,51,51,"Ec",28,1,1,0,1,1,0.681047421119041
"7012",191,"Ec_N",117,52,52,"Ec",32,1,1,1,1,1,1
"7013",191,"Ec_N",117,53,53,"Ec",32,1,1,1,1,1,1
"7014",191,"Ec_N",117,54,54,"Ec",32,1,1,1,1,1,1
"7015",191,"Ec_N",117,55,55,"Ec",32,1,1,1,1,1,1
"7016",191,"Ec_N",117,56,56,"Ec",32,1,1,1,1,1,1
"7017",191,"Ec_N",117,57,57,"Ec",32,1,1,1,1,1,1
"7018",191,"Ec_N",117,58,58,"Ec",32,1,1,1,1,1,1
"7019",191,"Ec_N",117,59,59,"Ec",32,1,1,1,1,1,1
"7020",191,"Ec_N",117,60,60,"Ec",32,1,1,1,1,1,1
"7021",191,"Ec_N",118,1,1,"Ec",1,0,0,0,0,0,0
"7022",191,"Ec_N",118,2,2,"Ec",1,0,0,0,0,0,0
"7023",191,"Ec_N",118,3,3,"Ec",1,0,0,0,0,0,0
"7024",191,"Ec_N",118,4,4,"Ec",1,0,0,0,0,0,0
"7025",191,"Ec_N",118,5,5,"Ec",1,0,0,0,0,0,0
"7026",191,"Ec_N",118,6,6,"Ec",17,0,0,0,0,1,0.229834113103391
"7027",191,"Ec_N",118,7,7,"Ec",17,0,0,0,0,1,0.229834113103391
"7028",191,"Ec_N",118,8,8,"Ec",17,0,0,0,0,1,0.229834113103391
"7029",191,"Ec_N",118,9,9,"Ec",17,0,0,0,0,1,0.229834113103391
"7030",191,"Ec_N",118,10,10,"Ec",19,0,1,0,0,1,0.427300415500348
"7031",191,"Ec_N",118,11,11,"Ec",19,0,1,0,0,1,0.427300415500348
"7032",191,"Ec_N",118,12,12,"Ec",19,0,1,0,0,1,0.427300415500348
"7033",191,"Ec_N",118,13,13,"Ec",19,0,1,0,0,1,0.427300415500348
"7034",191,"Ec_N",118,14,14,"Ec",19,0,1,0,0,1,0.427300415500348
"7035",191,"Ec_N",118,15,15,"Ec",20,1,1,0,0,1,0.610298755308086
"7036",191,"Ec_N",118,16,16,"Ec",20,1,1,0,0,1,0.610298755308086
"7037",191,"Ec_N",118,17,17,"Ec",20,1,1,0,0,1,0.610298755308086
"7038",191,"Ec_N",118,18,18,"Ec",20,1,1,0,0,1,0.610298755308086
"7039",191,"Ec_N",118,19,19,"Ec",20,1,1,0,0,1,0.610298755308086
"7040",191,"Ec_N",118,20,20,"Ec",20,1,1,0,0,1,0.610298755308086
"7041",191,"Ec_N",118,21,21,"Ec",20,1,1,0,0,1,0.610298755308086
"7042",191,"Ec_N",118,22,22,"Ec",18,1,0,0,0,1,0.646504780524047
"7043",191,"Ec_N",118,23,23,"Ec",18,1,0,0,0,1,0.646504780524047
"7044",191,"Ec_N",118,24,24,"Ec",18,1,0,0,0,1,0.646504780524047
"7045",191,"Ec_N",118,25,25,"Ec",18,1,0,0,0,1,0.646504780524047
"7046",191,"Ec_N",118,26,26,"Ec",18,1,0,0,0,1,0.646504780524047
"7047",191,"Ec_N",118,27,27,"Ec",18,1,0,0,0,1,0.646504780524047
"7048",191,"Ec_N",118,28,28,"Ec",18,1,0,0,0,1,0.646504780524047
"7049",191,"Ec_N",118,29,29,"Ec",18,1,0,0,0,1,0.646504780524047
"7050",191,"Ec_N",118,30,30,"Ec",18,1,0,0,0,1,0.646504780524047
"7051",191,"Ec_N",118,31,31,"Ec",18,1,0,0,0,1,0.646504780524047
"7052",191,"Ec_N",118,32,32,"Ec",18,1,0,0,0,1,0.646504780524047
"7053",191,"Ec_N",118,33,33,"Ec",18,1,0,0,0,1,0.646504780524047
"7054",191,"Ec_N",118,34,34,"Ec",18,1,0,0,0,1,0.646504780524047
"7055",191,"Ec_N",118,35,35,"Ec",18,1,0,0,0,1,0.646504780524047
"7056",191,"Ec_N",118,36,36,"Ec",18,1,0,0,0,1,0.646504780524047
"7057",191,"Ec_N",118,37,37,"Ec",18,1,0,0,0,1,0.646504780524047
"7058",191,"Ec_N",118,38,38,"Ec",18,1,0,0,0,1,0.646504780524047
"7059",191,"Ec_N",118,39,39,"Ec",18,1,0,0,0,1,0.646504780524047
"7060",191,"Ec_N",118,40,40,"Ec",18,1,0,0,0,1,0.646504780524047
"7061",191,"Ec_N",118,41,41,"Ec",18,1,0,0,0,1,0.646504780524047
"7062",191,"Ec_N",118,42,42,"Ec",18,1,0,0,0,1,0.646504780524047
"7063",191,"Ec_N",118,43,43,"Ec",18,1,0,0,0,1,0.646504780524047
"7064",191,"Ec_N",118,44,44,"Ec",18,1,0,0,0,1,0.646504780524047
"7065",191,"Ec_N",118,45,45,"Ec",18,1,0,0,0,1,0.646504780524047
"7066",191,"Ec_N",118,46,46,"Ec",22,1,0,1,0,1,0.92522428176681
"7067",191,"Ec_N",118,47,47,"Ec",22,1,0,1,0,1,0.92522428176681
"7068",191,"Ec_N",118,48,48,"Ec",22,1,0,1,0,1,0.92522428176681
"7069",191,"Ec_N",118,49,49,"Ec",22,1,0,1,0,1,0.92522428176681
"7070",191,"Ec_N",118,50,50,"Ec",22,1,0,1,0,1,0.92522428176681
"7071",191,"Ec_N",118,51,51,"Ec",22,1,0,1,0,1,0.92522428176681
"7072",191,"Ec_N",118,52,52,"Ec",22,1,0,1,0,1,0.92522428176681
"7073",191,"Ec_N",118,53,53,"Ec",22,1,0,1,0,1,0.92522428176681
"7074",191,"Ec_N",118,54,54,"Ec",22,1,0,1,0,1,0.92522428176681
"7075",191,"Ec_N",118,55,55,"Ec",22,1,0,1,0,1,0.92522428176681
"7076",191,"Ec_N",118,56,56,"Ec",22,1,0,1,0,1,0.92522428176681
"7077",191,"Ec_N",118,57,57,"Ec",22,1,0,1,0,1,0.92522428176681
"7078",191,"Ec_N",118,58,58,"Ec",22,1,0,1,0,1,0.92522428176681
"7079",191,"Ec_N",118,59,59,"Ec",22,1,0,1,0,1,0.92522428176681
"7080",191,"Ec_N",118,60,60,"Ec",22,1,0,1,0,1,0.92522428176681
"7081",191,"Ec_N",119,1,1,"Ec",1,0,0,0,0,0,0
"7082",191,"Ec_N",119,2,2,"Ec",1,0,0,0,0,0,0
"7083",191,"Ec_N",119,3,3,"Ec",1,0,0,0,0,0,0
"7084",191,"Ec_N",119,4,4,"Ec",1,0,0,0,0,0,0
"7085",191,"Ec_N",119,5,5,"Ec",1,0,0,0,0,0,0
"7086",191,"Ec_N",119,6,6,"Ec",1,0,0,0,0,0,0
"7087",191,"Ec_N",119,7,7,"Ec",1,0,0,0,0,0,0
"7088",191,"Ec_N",119,8,8,"Ec",1,0,0,0,0,0,0
"7089",191,"Ec_N",119,9,9,"Ec",1,0,0,0,0,0,0
"7090",191,"Ec_N",119,10,10,"Ec",1,0,0,0,0,0,0
"7091",191,"Ec_N",119,11,11,"Ec",1,0,0,0,0,0,0
"7092",191,"Ec_N",119,12,12,"Ec",3,0,1,0,0,0,0.041311480051295
"7093",191,"Ec_N",119,13,13,"Ec",3,0,1,0,0,0,0.041311480051295
"7094",191,"Ec_N",119,14,14,"Ec",3,0,1,0,0,0,0.041311480051295
"7095",191,"Ec_N",119,15,15,"Ec",3,0,1,0,0,0,0.041311480051295
"7096",191,"Ec_N",119,16,16,"Ec",3,0,1,0,0,0,0.041311480051295
"7097",191,"Ec_N",119,17,17,"Ec",3,0,1,0,0,0,0.041311480051295
"7098",191,"Ec_N",119,18,18,"Ec",3,0,1,0,0,0,0.041311480051295
"7099",191,"Ec_N",119,19,19,"Ec",3,0,1,0,0,0,0.041311480051295
"7100",191,"Ec_N",119,20,20,"Ec",7,0,1,1,0,0,0.589282297794007
"7101",191,"Ec_N",119,21,21,"Ec",7,0,1,1,0,0,0.589282297794007
"7102",191,"Ec_N",119,22,22,"Ec",7,0,1,1,0,0,0.589282297794007
"7103",191,"Ec_N",119,23,23,"Ec",7,0,1,1,0,0,0.589282297794007
"7104",191,"Ec_N",119,24,24,"Ec",7,0,1,1,0,0,0.589282297794007
"7105",191,"Ec_N",119,25,25,"Ec",7,0,1,1,0,0,0.589282297794007
"7106",191,"Ec_N",119,26,26,"Ec",7,0,1,1,0,0,0.589282297794007
"7107",191,"Ec_N",119,27,27,"Ec",7,0,1,1,0,0,0.589282297794007
"7108",191,"Ec_N",119,28,28,"Ec",7,0,1,1,0,0,0.589282297794007
"7109",191,"Ec_N",119,29,29,"Ec",7,0,1,1,0,0,0.589282297794007
"7110",191,"Ec_N",119,30,30,"Ec",23,0,1,1,0,1,0.616809062130864
"7111",191,"Ec_N",119,31,31,"Ec",23,0,1,1,0,1,0.616809062130864
"7112",191,"Ec_N",119,32,32,"Ec",23,0,1,1,0,1,0.616809062130864
"7113",191,"Ec_N",119,33,33,"Ec",23,0,1,1,0,1,0.616809062130864
"7114",191,"Ec_N",119,34,34,"Ec",23,0,1,1,0,1,0.616809062130864
"7115",191,"Ec_N",119,35,35,"Ec",23,0,1,1,0,1,0.616809062130864
"7116",191,"Ec_N",119,36,36,"Ec",31,0,1,1,1,1,0.801979629454064
"7117",191,"Ec_N",119,37,37,"Ec",31,0,1,1,1,1,0.801979629454064
"7118",191,"Ec_N",119,38,38,"Ec",31,0,1,1,1,1,0.801979629454064
"7119",191,"Ec_N",119,39,39,"Ec",31,0,1,1,1,1,0.801979629454064
"7120",191,"Ec_N",119,40,40,"Ec",31,0,1,1,1,1,0.801979629454064
"7121",191,"Ec_N",119,41,41,"Ec",31,0,1,1,1,1,0.801979629454064
"7122",191,"Ec_N",119,42,42,"Ec",31,0,1,1,1,1,0.801979629454064
"7123",191,"Ec_N",119,43,43,"Ec",31,0,1,1,1,1,0.801979629454064
"7124",191,"Ec_N",119,44,44,"Ec",31,0,1,1,1,1,0.801979629454064
"7125",191,"Ec_N",119,45,45,"Ec",31,0,1,1,1,1,0.801979629454064
"7126",191,"Ec_N",119,46,46,"Ec",31,0,1,1,1,1,0.801979629454064
"7127",191,"Ec_N",119,47,47,"Ec",31,0,1,1,1,1,0.801979629454064
"7128",191,"Ec_N",119,48,48,"Ec",31,0,1,1,1,1,0.801979629454064
"7129",191,"Ec_N",119,49,49,"Ec",32,1,1,1,1,1,1
"7130",191,"Ec_N",119,50,50,"Ec",32,1,1,1,1,1,1
"7131",191,"Ec_N",119,51,51,"Ec",32,1,1,1,1,1,1
"7132",191,"Ec_N",119,52,52,"Ec",32,1,1,1,1,1,1
"7133",191,"Ec_N",119,53,53,"Ec",32,1,1,1,1,1,1
"7134",191,"Ec_N",119,54,54,"Ec",32,1,1,1,1,1,1
"7135",191,"Ec_N",119,55,55,"Ec",32,1,1,1,1,1,1
"7136",191,"Ec_N",119,56,56,"Ec",32,1,1,1,1,1,1
"7137",191,"Ec_N",119,57,57,"Ec",32,1,1,1,1,1,1
"7138",191,"Ec_N",119,58,58,"Ec",32,1,1,1,1,1,1
"7139",191,"Ec_N",119,59,59,"Ec",32,1,1,1,1,1,1
"7140",191,"Ec_N",119,60,60,"Ec",32,1,1,1,1,1,1
"7141",191,"Ec_N",120,1,1,"Ec",1,0,0,0,0,0,0
"7142",191,"Ec_N",120,2,2,"Ec",5,0,0,1,0,0,0.49313446766664
"7143",191,"Ec_N",120,3,3,"Ec",5,0,0,1,0,0,0.49313446766664
"7144",191,"Ec_N",120,4,4,"Ec",5,0,0,1,0,0,0.49313446766664
"7145",191,"Ec_N",120,5,5,"Ec",5,0,0,1,0,0,0.49313446766664
"7146",191,"Ec_N",120,6,6,"Ec",5,0,0,1,0,0,0.49313446766664
"7147",191,"Ec_N",120,7,7,"Ec",5,0,0,1,0,0,0.49313446766664
"7148",191,"Ec_N",120,8,8,"Ec",21,0,0,1,0,1,0.726280938342543
"7149",191,"Ec_N",120,9,9,"Ec",21,0,0,1,0,1,0.726280938342543
"7150",191,"Ec_N",120,10,10,"Ec",21,0,0,1,0,1,0.726280938342543
"7151",191,"Ec_N",120,11,11,"Ec",21,0,0,1,0,1,0.726280938342543
"7152",191,"Ec_N",120,12,12,"Ec",21,0,0,1,0,1,0.726280938342543
"7153",191,"Ec_N",120,13,13,"Ec",21,0,0,1,0,1,0.726280938342543
"7154",191,"Ec_N",120,14,14,"Ec",29,0,0,1,1,1,0.760668149402769
"7155",191,"Ec_N",120,15,15,"Ec",29,0,0,1,1,1,0.760668149402769
"7156",191,"Ec_N",120,16,16,"Ec",29,0,0,1,1,1,0.760668149402769
"7157",191,"Ec_N",120,17,17,"Ec",29,0,0,1,1,1,0.760668149402769
"7158",191,"Ec_N",120,18,18,"Ec",29,0,0,1,1,1,0.760668149402769
"7159",191,"Ec_N",120,19,19,"Ec",29,0,0,1,1,1,0.760668149402769
"7160",191,"Ec_N",120,20,20,"Ec",29,0,0,1,1,1,0.760668149402769
"7161",191,"Ec_N",120,21,21,"Ec",29,0,0,1,1,1,0.760668149402769
"7162",191,"Ec_N",120,22,22,"Ec",30,1,0,1,1,1,0.958688519948705
"7163",191,"Ec_N",120,23,23,"Ec",30,1,0,1,1,1,0.958688519948705
"7164",191,"Ec_N",120,24,24,"Ec",30,1,0,1,1,1,0.958688519948705
"7165",191,"Ec_N",120,25,25,"Ec",30,1,0,1,1,1,0.958688519948705
"7166",191,"Ec_N",120,26,26,"Ec",30,1,0,1,1,1,0.958688519948705
"7167",191,"Ec_N",120,27,27,"Ec",30,1,0,1,1,1,0.958688519948705
"7168",191,"Ec_N",120,28,28,"Ec",30,1,0,1,1,1,0.958688519948705
"7169",191,"Ec_N",120,29,29,"Ec",30,1,0,1,1,1,0.958688519948705
"7170",191,"Ec_N",120,30,30,"Ec",30,1,0,1,1,1,0.958688519948705
"7171",191,"Ec_N",120,31,31,"Ec",30,1,0,1,1,1,0.958688519948705
"7172",191,"Ec_N",120,32,32,"Ec",30,1,0,1,1,1,0.958688519948705
"7173",191,"Ec_N",120,33,33,"Ec",30,1,0,1,1,1,0.958688519948705
"7174",191,"Ec_N",120,34,34,"Ec",30,1,0,1,1,1,0.958688519948705
"7175",191,"Ec_N",120,35,35,"Ec",30,1,0,1,1,1,0.958688519948705
"7176",191,"Ec_N",120,36,36,"Ec",30,1,0,1,1,1,0.958688519948705
"7177",191,"Ec_N",120,37,37,"Ec",30,1,0,1,1,1,0.958688519948705
"7178",191,"Ec_N",120,38,38,"Ec",30,1,0,1,1,1,0.958688519948705
"7179",191,"Ec_N",120,39,39,"Ec",30,1,0,1,1,1,0.958688519948705
"7180",191,"Ec_N",120,40,40,"Ec",30,1,0,1,1,1,0.958688519948705
"7181",191,"Ec_N",120,41,41,"Ec",30,1,0,1,1,1,0.958688519948705
"7182",191,"Ec_N",120,42,42,"Ec",30,1,0,1,1,1,0.958688519948705
"7183",191,"Ec_N",120,43,43,"Ec",30,1,0,1,1,1,0.958688519948705
"7184",191,"Ec_N",120,44,44,"Ec",30,1,0,1,1,1,0.958688519948705
"7185",191,"Ec_N",120,45,45,"Ec",30,1,0,1,1,1,0.958688519948705
"7186",191,"Ec_N",120,46,46,"Ec",30,1,0,1,1,1,0.958688519948705
"7187",191,"Ec_N",120,47,47,"Ec",30,1,0,1,1,1,0.958688519948705
"7188",191,"Ec_N",120,48,48,"Ec",30,1,0,1,1,1,0.958688519948705
"7189",191,"Ec_N",120,49,49,"Ec",30,1,0,1,1,1,0.958688519948705
"7190",191,"Ec_N",120,50,50,"Ec",30,1,0,1,1,1,0.958688519948705
"7191",191,"Ec_N",120,51,51,"Ec",30,1,0,1,1,1,0.958688519948705
"7192",191,"Ec_N",120,52,52,"Ec",30,1,0,1,1,1,0.958688519948705
"7193",191,"Ec_N",120,53,53,"Ec",30,1,0,1,1,1,0.958688519948705
"7194",191,"Ec_N",120,54,54,"Ec",30,1,0,1,1,1,0.958688519948705
"7195",191,"Ec_N",120,55,55,"Ec",30,1,0,1,1,1,0.958688519948705
"7196",191,"Ec_N",120,56,56,"Ec",30,1,0,1,1,1,0.958688519948705
"7197",191,"Ec_N",120,57,57,"Ec",30,1,0,1,1,1,0.958688519948705
"7198",191,"Ec_N",120,58,58,"Ec",30,1,0,1,1,1,0.958688519948705
"7199",191,"Ec_N",120,59,59,"Ec",30,1,0,1,1,1,0.958688519948705
"7200",191,"Ec_N",120,60,60,"Ec",30,1,0,1,1,1,0.958688519948705
"7201",191,"Ec_N",121,1,1,"Ec",1,0,0,0,0,0,0
"7202",191,"Ec_N",121,2,2,"Ec",1,0,0,0,0,0,0
"7203",191,"Ec_N",121,3,3,"Ec",1,0,0,0,0,0,0
"7204",191,"Ec_N",121,4,4,"Ec",1,0,0,0,0,0,0
"7205",191,"Ec_N",121,5,5,"Ec",1,0,0,0,0,0,0
"7206",191,"Ec_N",121,6,6,"Ec",1,0,0,0,0,0,0
"7207",191,"Ec_N",121,7,7,"Ec",2,1,0,0,0,0,0.198020370545937
"7208",191,"Ec_N",121,8,8,"Ec",2,1,0,0,0,0,0.198020370545937
"7209",191,"Ec_N",121,9,9,"Ec",2,1,0,0,0,0,0.198020370545937
"7210",191,"Ec_N",121,10,10,"Ec",2,1,0,0,0,0,0.198020370545937
"7211",191,"Ec_N",121,11,11,"Ec",2,1,0,0,0,0,0.198020370545937
"7212",191,"Ec_N",121,12,12,"Ec",2,1,0,0,0,0,0.198020370545937
"7213",191,"Ec_N",121,13,13,"Ec",2,1,0,0,0,0,0.198020370545937
"7214",191,"Ec_N",121,14,14,"Ec",2,1,0,0,0,0,0.198020370545937
"7215",191,"Ec_N",121,15,15,"Ec",2,1,0,0,0,0,0.198020370545937
"7216",191,"Ec_N",121,16,16,"Ec",10,1,0,0,1,0,0.228562363617893
"7217",191,"Ec_N",121,17,17,"Ec",26,1,0,0,1,1,0.514384015075299
"7218",191,"Ec_N",121,18,18,"Ec",26,1,0,0,1,1,0.514384015075299
"7219",191,"Ec_N",121,19,19,"Ec",26,1,0,0,1,1,0.514384015075299
"7220",191,"Ec_N",121,20,20,"Ec",26,1,0,0,1,1,0.514384015075299
"7221",191,"Ec_N",121,21,21,"Ec",26,1,0,0,1,1,0.514384015075299
"7222",191,"Ec_N",121,22,22,"Ec",26,1,0,0,1,1,0.514384015075299
"7223",191,"Ec_N",121,23,23,"Ec",26,1,0,0,1,1,0.514384015075299
"7224",191,"Ec_N",121,24,24,"Ec",26,1,0,0,1,1,0.514384015075299
"7225",191,"Ec_N",121,25,25,"Ec",26,1,0,0,1,1,0.514384015075299
"7226",191,"Ec_N",121,26,26,"Ec",26,1,0,0,1,1,0.514384015075299
"7227",191,"Ec_N",121,27,27,"Ec",18,1,0,0,0,1,0.646504780524047
"7228",191,"Ec_N",121,28,28,"Ec",18,1,0,0,0,1,0.646504780524047
"7229",191,"Ec_N",121,29,29,"Ec",18,1,0,0,0,1,0.646504780524047
"7230",191,"Ec_N",121,30,30,"Ec",18,1,0,0,0,1,0.646504780524047
"7231",191,"Ec_N",121,31,31,"Ec",18,1,0,0,0,1,0.646504780524047
"7232",191,"Ec_N",121,32,32,"Ec",18,1,0,0,0,1,0.646504780524047
"7233",191,"Ec_N",121,33,33,"Ec",18,1,0,0,0,1,0.646504780524047
"7234",191,"Ec_N",121,34,34,"Ec",18,1,0,0,0,1,0.646504780524047
"7235",191,"Ec_N",121,35,35,"Ec",18,1,0,0,0,1,0.646504780524047
"7236",191,"Ec_N",121,36,36,"Ec",18,1,0,0,0,1,0.646504780524047
"7237",191,"Ec_N",121,37,37,"Ec",18,1,0,0,0,1,0.646504780524047
"7238",191,"Ec_N",121,38,38,"Ec",18,1,0,0,0,1,0.646504780524047
"7239",191,"Ec_N",121,39,39,"Ec",18,1,0,0,0,1,0.646504780524047
"7240",191,"Ec_N",121,40,40,"Ec",22,1,0,1,0,1,0.92522428176681
"7241",191,"Ec_N",121,41,41,"Ec",22,1,0,1,0,1,0.92522428176681
"7242",191,"Ec_N",121,42,42,"Ec",22,1,0,1,0,1,0.92522428176681
"7243",191,"Ec_N",121,43,43,"Ec",22,1,0,1,0,1,0.92522428176681
"7244",191,"Ec_N",121,44,44,"Ec",22,1,0,1,0,1,0.92522428176681
"7245",191,"Ec_N",121,45,45,"Ec",22,1,0,1,0,1,0.92522428176681
"7246",191,"Ec_N",121,46,46,"Ec",22,1,0,1,0,1,0.92522428176681
"7247",191,"Ec_N",121,47,47,"Ec",22,1,0,1,0,1,0.92522428176681
"7248",191,"Ec_N",121,48,48,"Ec",22,1,0,1,0,1,0.92522428176681
"7249",191,"Ec_N",121,49,49,"Ec",22,1,0,1,0,1,0.92522428176681
"7250",191,"Ec_N",121,50,50,"Ec",22,1,0,1,0,1,0.92522428176681
"7251",191,"Ec_N",121,51,51,"Ec",22,1,0,1,0,1,0.92522428176681
"7252",191,"Ec_N",121,52,52,"Ec",22,1,0,1,0,1,0.92522428176681
"7253",191,"Ec_N",121,53,53,"Ec",22,1,0,1,0,1,0.92522428176681
"7254",191,"Ec_N",121,54,54,"Ec",22,1,0,1,0,1,0.92522428176681
"7255",191,"Ec_N",121,55,55,"Ec",22,1,0,1,0,1,0.92522428176681
"7256",191,"Ec_N",121,56,56,"Ec",22,1,0,1,0,1,0.92522428176681
"7257",191,"Ec_N",121,57,57,"Ec",22,1,0,1,0,1,0.92522428176681
"7258",191,"Ec_N",121,58,58,"Ec",22,1,0,1,0,1,0.92522428176681
"7259",191,"Ec_N",121,59,59,"Ec",24,1,1,1,0,1,0.969458006928044
"7260",191,"Ec_N",121,60,60,"Ec",24,1,1,1,0,1,0.969458006928044
"7261",191,"Ec_N",122,1,1,"Ec",1,0,0,0,0,0,0
"7262",191,"Ec_N",122,2,2,"Ec",1,0,0,0,0,0,0
"7263",191,"Ec_N",122,3,3,"Ec",1,0,0,0,0,0,0
"7264",191,"Ec_N",122,4,4,"Ec",17,0,0,0,0,1,0.229834113103391
"7265",191,"Ec_N",122,5,5,"Ec",17,0,0,0,0,1,0.229834113103391
"7266",191,"Ec_N",122,6,6,"Ec",25,0,0,0,1,1,0.403163568932085
"7267",191,"Ec_N",122,7,7,"Ec",26,1,0,0,1,1,0.514384015075299
"7268",191,"Ec_N",122,8,8,"Ec",26,1,0,0,1,1,0.514384015075299
"7269",191,"Ec_N",122,9,9,"Ec",26,1,0,0,1,1,0.514384015075299
"7270",191,"Ec_N",122,10,10,"Ec",26,1,0,0,1,1,0.514384015075299
"7271",191,"Ec_N",122,11,11,"Ec",28,1,1,0,1,1,0.681047421119041
"7272",191,"Ec_N",122,12,12,"Ec",28,1,1,0,1,1,0.681047421119041
"7273",191,"Ec_N",122,13,13,"Ec",28,1,1,0,1,1,0.681047421119041
"7274",191,"Ec_N",122,14,14,"Ec",28,1,1,0,1,1,0.681047421119041
"7275",191,"Ec_N",122,15,15,"Ec",28,1,1,0,1,1,0.681047421119041
"7276",191,"Ec_N",122,16,16,"Ec",28,1,1,0,1,1,0.681047421119041
"7277",191,"Ec_N",122,17,17,"Ec",28,1,1,0,1,1,0.681047421119041
"7278",191,"Ec_N",122,18,18,"Ec",28,1,1,0,1,1,0.681047421119041
"7279",191,"Ec_N",122,19,19,"Ec",28,1,1,0,1,1,0.681047421119041
"7280",191,"Ec_N",122,20,20,"Ec",28,1,1,0,1,1,0.681047421119041
"7281",191,"Ec_N",122,21,21,"Ec",28,1,1,0,1,1,0.681047421119041
"7282",191,"Ec_N",122,22,22,"Ec",28,1,1,0,1,1,0.681047421119041
"7283",191,"Ec_N",122,23,23,"Ec",28,1,1,0,1,1,0.681047421119041
"7284",191,"Ec_N",122,24,24,"Ec",28,1,1,0,1,1,0.681047421119041
"7285",191,"Ec_N",122,25,25,"Ec",28,1,1,0,1,1,0.681047421119041
"7286",191,"Ec_N",122,26,26,"Ec",28,1,1,0,1,1,0.681047421119041
"7287",191,"Ec_N",122,27,27,"Ec",28,1,1,0,1,1,0.681047421119041
"7288",191,"Ec_N",122,28,28,"Ec",28,1,1,0,1,1,0.681047421119041
"7289",191,"Ec_N",122,29,29,"Ec",28,1,1,0,1,1,0.681047421119041
"7290",191,"Ec_N",122,30,30,"Ec",28,1,1,0,1,1,0.681047421119041
"7291",191,"Ec_N",122,31,31,"Ec",28,1,1,0,1,1,0.681047421119041
"7292",191,"Ec_N",122,32,32,"Ec",28,1,1,0,1,1,0.681047421119041
"7293",191,"Ec_N",122,33,33,"Ec",32,1,1,1,1,1,1
"7294",191,"Ec_N",122,34,34,"Ec",32,1,1,1,1,1,1
"7295",191,"Ec_N",122,35,35,"Ec",32,1,1,1,1,1,1
"7296",191,"Ec_N",122,36,36,"Ec",32,1,1,1,1,1,1
"7297",191,"Ec_N",122,37,37,"Ec",32,1,1,1,1,1,1
"7298",191,"Ec_N",122,38,38,"Ec",32,1,1,1,1,1,1
"7299",191,"Ec_N",122,39,39,"Ec",32,1,1,1,1,1,1
"7300",191,"Ec_N",122,40,40,"Ec",32,1,1,1,1,1,1
"7301",191,"Ec_N",122,41,41,"Ec",32,1,1,1,1,1,1
"7302",191,"Ec_N",122,42,42,"Ec",32,1,1,1,1,1,1
"7303",191,"Ec_N",122,43,43,"Ec",32,1,1,1,1,1,1
"7304",191,"Ec_N",122,44,44,"Ec",32,1,1,1,1,1,1
"7305",191,"Ec_N",122,45,45,"Ec",32,1,1,1,1,1,1
"7306",191,"Ec_N",122,46,46,"Ec",32,1,1,1,1,1,1
"7307",191,"Ec_N",122,47,47,"Ec",32,1,1,1,1,1,1
"7308",191,"Ec_N",122,48,48,"Ec",32,1,1,1,1,1,1
"7309",191,"Ec_N",122,49,49,"Ec",32,1,1,1,1,1,1
"7310",191,"Ec_N",122,50,50,"Ec",32,1,1,1,1,1,1
"7311",191,"Ec_N",122,51,51,"Ec",32,1,1,1,1,1,1
"7312",191,"Ec_N",122,52,52,"Ec",32,1,1,1,1,1,1
"7313",191,"Ec_N",122,53,53,"Ec",32,1,1,1,1,1,1
"7314",191,"Ec_N",122,54,54,"Ec",32,1,1,1,1,1,1
"7315",191,"Ec_N",122,55,55,"Ec",32,1,1,1,1,1,1
"7316",191,"Ec_N",122,56,56,"Ec",32,1,1,1,1,1,1
"7317",191,"Ec_N",122,57,57,"Ec",32,1,1,1,1,1,1
"7318",191,"Ec_N",122,58,58,"Ec",32,1,1,1,1,1,1
"7319",191,"Ec_N",122,59,59,"Ec",32,1,1,1,1,1,1
"7320",191,"Ec_N",122,60,60,"Ec",32,1,1,1,1,1,1
"7321",191,"Ec_N",123,1,1,"Ec",1,0,0,0,0,0,0
"7322",191,"Ec_N",123,2,2,"Ec",1,0,0,0,0,0,0
"7323",191,"Ec_N",123,3,3,"Ec",17,0,0,0,0,1,0.229834113103391
"7324",191,"Ec_N",123,4,4,"Ec",17,0,0,0,0,1,0.229834113103391
"7325",191,"Ec_N",123,5,5,"Ec",17,0,0,0,0,1,0.229834113103391
"7326",191,"Ec_N",123,6,6,"Ec",17,0,0,0,0,1,0.229834113103391
"7327",191,"Ec_N",123,7,7,"Ec",17,0,0,0,0,1,0.229834113103391
"7328",191,"Ec_N",123,8,8,"Ec",17,0,0,0,0,1,0.229834113103391
"7329",191,"Ec_N",123,9,9,"Ec",17,0,0,0,0,1,0.229834113103391
"7330",191,"Ec_N",123,10,10,"Ec",19,0,1,0,0,1,0.427300415500348
"7331",191,"Ec_N",123,11,11,"Ec",19,0,1,0,0,1,0.427300415500348
"7332",191,"Ec_N",123,12,12,"Ec",19,0,1,0,0,1,0.427300415500348
"7333",191,"Ec_N",123,13,13,"Ec",19,0,1,0,0,1,0.427300415500348
"7334",191,"Ec_N",123,14,14,"Ec",19,0,1,0,0,1,0.427300415500348
"7335",191,"Ec_N",123,15,15,"Ec",19,0,1,0,0,1,0.427300415500348
"7336",191,"Ec_N",123,16,16,"Ec",19,0,1,0,0,1,0.427300415500348
"7337",191,"Ec_N",123,17,17,"Ec",19,0,1,0,0,1,0.427300415500348
"7338",191,"Ec_N",123,18,18,"Ec",19,0,1,0,0,1,0.427300415500348
"7339",191,"Ec_N",123,19,19,"Ec",19,0,1,0,0,1,0.427300415500348
"7340",191,"Ec_N",123,20,20,"Ec",19,0,1,0,0,1,0.427300415500348
"7341",191,"Ec_N",123,21,21,"Ec",19,0,1,0,0,1,0.427300415500348
"7342",191,"Ec_N",123,22,22,"Ec",19,0,1,0,0,1,0.427300415500348
"7343",191,"Ec_N",123,23,23,"Ec",19,0,1,0,0,1,0.427300415500348
"7344",191,"Ec_N",123,24,24,"Ec",19,0,1,0,0,1,0.427300415500348
"7345",191,"Ec_N",123,25,25,"Ec",19,0,1,0,0,1,0.427300415500348
"7346",191,"Ec_N",123,26,26,"Ec",19,0,1,0,0,1,0.427300415500348
"7347",191,"Ec_N",123,27,27,"Ec",23,0,1,1,0,1,0.616809062130864
"7348",191,"Ec_N",123,28,28,"Ec",24,1,1,1,0,1,0.969458006928044
"7349",191,"Ec_N",123,29,29,"Ec",24,1,1,1,0,1,0.969458006928044
"7350",191,"Ec_N",123,30,30,"Ec",24,1,1,1,0,1,0.969458006928044
"7351",191,"Ec_N",123,31,31,"Ec",24,1,1,1,0,1,0.969458006928044
"7352",191,"Ec_N",123,32,32,"Ec",24,1,1,1,0,1,0.969458006928044
"7353",191,"Ec_N",123,33,33,"Ec",24,1,1,1,0,1,0.969458006928044
"7354",191,"Ec_N",123,34,34,"Ec",24,1,1,1,0,1,0.969458006928044
"7355",191,"Ec_N",123,35,35,"Ec",32,1,1,1,1,1,1
"7356",191,"Ec_N",123,36,36,"Ec",32,1,1,1,1,1,1
"7357",191,"Ec_N",123,37,37,"Ec",32,1,1,1,1,1,1
"7358",191,"Ec_N",123,38,38,"Ec",32,1,1,1,1,1,1
"7359",191,"Ec_N",123,39,39,"Ec",32,1,1,1,1,1,1
"7360",191,"Ec_N",123,40,40,"Ec",32,1,1,1,1,1,1
"7361",191,"Ec_N",123,41,41,"Ec",32,1,1,1,1,1,1
"7362",191,"Ec_N",123,42,42,"Ec",32,1,1,1,1,1,1
"7363",191,"Ec_N",123,43,43,"Ec",32,1,1,1,1,1,1
"7364",191,"Ec_N",123,44,44,"Ec",32,1,1,1,1,1,1
"7365",191,"Ec_N",123,45,45,"Ec",32,1,1,1,1,1,1
"7366",191,"Ec_N",123,46,46,"Ec",32,1,1,1,1,1,1
"7367",191,"Ec_N",123,47,47,"Ec",32,1,1,1,1,1,1
"7368",191,"Ec_N",123,48,48,"Ec",32,1,1,1,1,1,1
"7369",191,"Ec_N",123,49,49,"Ec",32,1,1,1,1,1,1
"7370",191,"Ec_N",123,50,50,"Ec",32,1,1,1,1,1,1
"7371",191,"Ec_N",123,51,51,"Ec",32,1,1,1,1,1,1
"7372",191,"Ec_N",123,52,52,"Ec",32,1,1,1,1,1,1
"7373",191,"Ec_N",123,53,53,"Ec",32,1,1,1,1,1,1
"7374",191,"Ec_N",123,54,54,"Ec",32,1,1,1,1,1,1
"7375",191,"Ec_N",123,55,55,"Ec",32,1,1,1,1,1,1
"7376",191,"Ec_N",123,56,56,"Ec",32,1,1,1,1,1,1
"7377",191,"Ec_N",123,57,57,"Ec",32,1,1,1,1,1,1
"7378",191,"Ec_N",123,58,58,"Ec",32,1,1,1,1,1,1
"7379",191,"Ec_N",123,59,59,"Ec",32,1,1,1,1,1,1
"7380",191,"Ec_N",123,60,60,"Ec",32,1,1,1,1,1,1
"7381",191,"Ec_N",124,1,1,"Ec",1,0,0,0,0,0,0
"7382",191,"Ec_N",124,2,2,"Ec",1,0,0,0,0,0,0
"7383",191,"Ec_N",124,3,3,"Ec",1,0,0,0,0,0,0
"7384",191,"Ec_N",124,4,4,"Ec",1,0,0,0,0,0,0
"7385",191,"Ec_N",124,5,5,"Ec",5,0,0,1,0,0,0.49313446766664
"7386",191,"Ec_N",124,6,6,"Ec",5,0,0,1,0,0,0.49313446766664
"7387",191,"Ec_N",124,7,7,"Ec",5,0,0,1,0,0,0.49313446766664
"7388",191,"Ec_N",124,8,8,"Ec",5,0,0,1,0,0,0.49313446766664
"7389",191,"Ec_N",124,9,9,"Ec",5,0,0,1,0,0,0.49313446766664
"7390",191,"Ec_N",124,10,10,"Ec",5,0,0,1,0,0,0.49313446766664
"7391",191,"Ec_N",124,11,11,"Ec",5,0,0,1,0,0,0.49313446766664
"7392",191,"Ec_N",124,12,12,"Ec",5,0,0,1,0,0,0.49313446766664
"7393",191,"Ec_N",124,13,13,"Ec",5,0,0,1,0,0,0.49313446766664
"7394",191,"Ec_N",124,14,14,"Ec",5,0,0,1,0,0,0.49313446766664
"7395",191,"Ec_N",124,15,15,"Ec",5,0,0,1,0,0,0.49313446766664
"7396",191,"Ec_N",124,16,16,"Ec",5,0,0,1,0,0,0.49313446766664
"7397",191,"Ec_N",124,17,17,"Ec",5,0,0,1,0,0,0.49313446766664
"7398",191,"Ec_N",124,18,18,"Ec",5,0,0,1,0,0,0.49313446766664
"7399",191,"Ec_N",124,19,19,"Ec",5,0,0,1,0,0,0.49313446766664
"7400",191,"Ec_N",124,20,20,"Ec",5,0,0,1,0,0,0.49313446766664
"7401",191,"Ec_N",124,21,21,"Ec",5,0,0,1,0,0,0.49313446766664
"7402",191,"Ec_N",124,22,22,"Ec",5,0,0,1,0,0,0.49313446766664
"7403",191,"Ec_N",124,23,23,"Ec",5,0,0,1,0,0,0.49313446766664
"7404",191,"Ec_N",124,24,24,"Ec",21,0,0,1,0,1,0.726280938342543
"7405",191,"Ec_N",124,25,25,"Ec",21,0,0,1,0,1,0.726280938342543
"7406",191,"Ec_N",124,26,26,"Ec",21,0,0,1,0,1,0.726280938342543
"7407",191,"Ec_N",124,27,27,"Ec",29,0,0,1,1,1,0.760668149402769
"7408",191,"Ec_N",124,28,28,"Ec",29,0,0,1,1,1,0.760668149402769
"7409",191,"Ec_N",124,29,29,"Ec",29,0,0,1,1,1,0.760668149402769
"7410",191,"Ec_N",124,30,30,"Ec",29,0,0,1,1,1,0.760668149402769
"7411",191,"Ec_N",124,31,31,"Ec",29,0,0,1,1,1,0.760668149402769
"7412",191,"Ec_N",124,32,32,"Ec",29,0,0,1,1,1,0.760668149402769
"7413",191,"Ec_N",124,33,33,"Ec",29,0,0,1,1,1,0.760668149402769
"7414",191,"Ec_N",124,34,34,"Ec",29,0,0,1,1,1,0.760668149402769
"7415",191,"Ec_N",124,35,35,"Ec",29,0,0,1,1,1,0.760668149402769
"7416",191,"Ec_N",124,36,36,"Ec",29,0,0,1,1,1,0.760668149402769
"7417",191,"Ec_N",124,37,37,"Ec",29,0,0,1,1,1,0.760668149402769
"7418",191,"Ec_N",124,38,38,"Ec",29,0,0,1,1,1,0.760668149402769
"7419",191,"Ec_N",124,39,39,"Ec",29,0,0,1,1,1,0.760668149402769
"7420",191,"Ec_N",124,40,40,"Ec",29,0,0,1,1,1,0.760668149402769
"7421",191,"Ec_N",124,41,41,"Ec",29,0,0,1,1,1,0.760668149402769
"7422",191,"Ec_N",124,42,42,"Ec",29,0,0,1,1,1,0.760668149402769
"7423",191,"Ec_N",124,43,43,"Ec",29,0,0,1,1,1,0.760668149402769
"7424",191,"Ec_N",124,44,44,"Ec",29,0,0,1,1,1,0.760668149402769
"7425",191,"Ec_N",124,45,45,"Ec",29,0,0,1,1,1,0.760668149402769
"7426",191,"Ec_N",124,46,46,"Ec",29,0,0,1,1,1,0.760668149402769
"7427",191,"Ec_N",124,47,47,"Ec",31,0,1,1,1,1,0.801979629454064
"7428",191,"Ec_N",124,48,48,"Ec",31,0,1,1,1,1,0.801979629454064
"7429",191,"Ec_N",124,49,49,"Ec",31,0,1,1,1,1,0.801979629454064
"7430",191,"Ec_N",124,50,50,"Ec",31,0,1,1,1,1,0.801979629454064
"7431",191,"Ec_N",124,51,51,"Ec",31,0,1,1,1,1,0.801979629454064
"7432",191,"Ec_N",124,52,52,"Ec",31,0,1,1,1,1,0.801979629454064
"7433",191,"Ec_N",124,53,53,"Ec",31,0,1,1,1,1,0.801979629454064
"7434",191,"Ec_N",124,54,54,"Ec",31,0,1,1,1,1,0.801979629454064
"7435",191,"Ec_N",124,55,55,"Ec",31,0,1,1,1,1,0.801979629454064
"7436",191,"Ec_N",124,56,56,"Ec",31,0,1,1,1,1,0.801979629454064
"7437",191,"Ec_N",124,57,57,"Ec",31,0,1,1,1,1,0.801979629454064
"7438",191,"Ec_N",124,58,58,"Ec",31,0,1,1,1,1,0.801979629454064
"7439",191,"Ec_N",124,59,59,"Ec",31,0,1,1,1,1,0.801979629454064
"7440",191,"Ec_N",124,60,60,"Ec",31,0,1,1,1,1,0.801979629454064
"7441",191,"Ec_N",125,1,1,"Ec",1,0,0,0,0,0,0
"7442",191,"Ec_N",125,2,2,"Ec",1,0,0,0,0,0,0
"7443",191,"Ec_N",125,3,3,"Ec",1,0,0,0,0,0,0
"7444",191,"Ec_N",125,4,4,"Ec",1,0,0,0,0,0,0
"7445",191,"Ec_N",125,5,5,"Ec",1,0,0,0,0,0,0
"7446",191,"Ec_N",125,6,6,"Ec",5,0,0,1,0,0,0.49313446766664
"7447",191,"Ec_N",125,7,7,"Ec",5,0,0,1,0,0,0.49313446766664
"7448",191,"Ec_N",125,8,8,"Ec",5,0,0,1,0,0,0.49313446766664
"7449",191,"Ec_N",125,9,9,"Ec",5,0,0,1,0,0,0.49313446766664
"7450",191,"Ec_N",125,10,10,"Ec",5,0,0,1,0,0,0.49313446766664
"7451",191,"Ec_N",125,11,11,"Ec",7,0,1,1,0,0,0.589282297794007
"7452",191,"Ec_N",125,12,12,"Ec",7,0,1,1,0,0,0.589282297794007
"7453",191,"Ec_N",125,13,13,"Ec",7,0,1,1,0,0,0.589282297794007
"7454",191,"Ec_N",125,14,14,"Ec",7,0,1,1,0,0,0.589282297794007
"7455",191,"Ec_N",125,15,15,"Ec",7,0,1,1,0,0,0.589282297794007
"7456",191,"Ec_N",125,16,16,"Ec",7,0,1,1,0,0,0.589282297794007
"7457",191,"Ec_N",125,17,17,"Ec",7,0,1,1,0,0,0.589282297794007
"7458",191,"Ec_N",125,18,18,"Ec",7,0,1,1,0,0,0.589282297794007
"7459",191,"Ec_N",125,19,19,"Ec",7,0,1,1,0,0,0.589282297794007
"7460",191,"Ec_N",125,20,20,"Ec",7,0,1,1,0,0,0.589282297794007
"7461",191,"Ec_N",125,21,21,"Ec",7,0,1,1,0,0,0.589282297794007
"7462",191,"Ec_N",125,22,22,"Ec",7,0,1,1,0,0,0.589282297794007
"7463",191,"Ec_N",125,23,23,"Ec",7,0,1,1,0,0,0.589282297794007
"7464",191,"Ec_N",125,24,24,"Ec",7,0,1,1,0,0,0.589282297794007
"7465",191,"Ec_N",125,25,25,"Ec",7,0,1,1,0,0,0.589282297794007
"7466",191,"Ec_N",125,26,26,"Ec",7,0,1,1,0,0,0.589282297794007
"7467",191,"Ec_N",125,27,27,"Ec",7,0,1,1,0,0,0.589282297794007
"7468",191,"Ec_N",125,28,28,"Ec",23,0,1,1,0,1,0.616809062130864
"7469",191,"Ec_N",125,29,29,"Ec",23,0,1,1,0,1,0.616809062130864
"7470",191,"Ec_N",125,30,30,"Ec",23,0,1,1,0,1,0.616809062130864
"7471",191,"Ec_N",125,31,31,"Ec",23,0,1,1,0,1,0.616809062130864
"7472",191,"Ec_N",125,32,32,"Ec",23,0,1,1,0,1,0.616809062130864
"7473",191,"Ec_N",125,33,33,"Ec",23,0,1,1,0,1,0.616809062130864
"7474",191,"Ec_N",125,34,34,"Ec",23,0,1,1,0,1,0.616809062130864
"7475",191,"Ec_N",125,35,35,"Ec",23,0,1,1,0,1,0.616809062130864
"7476",191,"Ec_N",125,36,36,"Ec",23,0,1,1,0,1,0.616809062130864
"7477",191,"Ec_N",125,37,37,"Ec",24,1,1,1,0,1,0.969458006928044
"7478",191,"Ec_N",125,38,38,"Ec",24,1,1,1,0,1,0.969458006928044
"7479",191,"Ec_N",125,39,39,"Ec",24,1,1,1,0,1,0.969458006928044
"7480",191,"Ec_N",125,40,40,"Ec",24,1,1,1,0,1,0.969458006928044
"7481",191,"Ec_N",125,41,41,"Ec",24,1,1,1,0,1,0.969458006928044
"7482",191,"Ec_N",125,42,42,"Ec",24,1,1,1,0,1,0.969458006928044
"7483",191,"Ec_N",125,43,43,"Ec",24,1,1,1,0,1,0.969458006928044
"7484",191,"Ec_N",125,44,44,"Ec",24,1,1,1,0,1,0.969458006928044
"7485",191,"Ec_N",125,45,45,"Ec",24,1,1,1,0,1,0.969458006928044
"7486",191,"Ec_N",125,46,46,"Ec",24,1,1,1,0,1,0.969458006928044
"7487",191,"Ec_N",125,47,47,"Ec",24,1,1,1,0,1,0.969458006928044
"7488",191,"Ec_N",125,48,48,"Ec",24,1,1,1,0,1,0.969458006928044
"7489",191,"Ec_N",125,49,49,"Ec",24,1,1,1,0,1,0.969458006928044
"7490",191,"Ec_N",125,50,50,"Ec",24,1,1,1,0,1,0.969458006928044
"7491",191,"Ec_N",125,51,51,"Ec",24,1,1,1,0,1,0.969458006928044
"7492",191,"Ec_N",125,52,52,"Ec",24,1,1,1,0,1,0.969458006928044
"7493",191,"Ec_N",125,53,53,"Ec",24,1,1,1,0,1,0.969458006928044
"7494",191,"Ec_N",125,54,54,"Ec",24,1,1,1,0,1,0.969458006928044
"7495",191,"Ec_N",125,55,55,"Ec",24,1,1,1,0,1,0.969458006928044
"7496",191,"Ec_N",125,56,56,"Ec",24,1,1,1,0,1,0.969458006928044
"7497",191,"Ec_N",125,57,57,"Ec",24,1,1,1,0,1,0.969458006928044
"7498",191,"Ec_N",125,58,58,"Ec",32,1,1,1,1,1,1
"7499",191,"Ec_N",125,59,59,"Ec",32,1,1,1,1,1,1
"7500",191,"Ec_N",125,60,60,"Ec",32,1,1,1,1,1,1
"7501",191,"Ec_N",126,1,1,"Ec",1,0,0,0,0,0,0
"7502",191,"Ec_N",126,2,2,"Ec",5,0,0,1,0,0,0.49313446766664
"7503",191,"Ec_N",126,3,3,"Ec",5,0,0,1,0,0,0.49313446766664
"7504",191,"Ec_N",126,4,4,"Ec",5,0,0,1,0,0,0.49313446766664
"7505",191,"Ec_N",126,5,5,"Ec",5,0,0,1,0,0,0.49313446766664
"7506",191,"Ec_N",126,6,6,"Ec",5,0,0,1,0,0,0.49313446766664
"7507",191,"Ec_N",126,7,7,"Ec",5,0,0,1,0,0,0.49313446766664
"7508",191,"Ec_N",126,8,8,"Ec",5,0,0,1,0,0,0.49313446766664
"7509",191,"Ec_N",126,9,9,"Ec",5,0,0,1,0,0,0.49313446766664
"7510",191,"Ec_N",126,10,10,"Ec",5,0,0,1,0,0,0.49313446766664
"7511",191,"Ec_N",126,11,11,"Ec",5,0,0,1,0,0,0.49313446766664
"7512",191,"Ec_N",126,12,12,"Ec",5,0,0,1,0,0,0.49313446766664
"7513",191,"Ec_N",126,13,13,"Ec",5,0,0,1,0,0,0.49313446766664
"7514",191,"Ec_N",126,14,14,"Ec",5,0,0,1,0,0,0.49313446766664
"7515",191,"Ec_N",126,15,15,"Ec",5,0,0,1,0,0,0.49313446766664
"7516",191,"Ec_N",126,16,16,"Ec",5,0,0,1,0,0,0.49313446766664
"7517",191,"Ec_N",126,17,17,"Ec",5,0,0,1,0,0,0.49313446766664
"7518",191,"Ec_N",126,18,18,"Ec",5,0,0,1,0,0,0.49313446766664
"7519",191,"Ec_N",126,19,19,"Ec",5,0,0,1,0,0,0.49313446766664
"7520",191,"Ec_N",126,20,20,"Ec",5,0,0,1,0,0,0.49313446766664
"7521",191,"Ec_N",126,21,21,"Ec",21,0,0,1,0,1,0.726280938342543
"7522",191,"Ec_N",126,22,22,"Ec",21,0,0,1,0,1,0.726280938342543
"7523",191,"Ec_N",126,23,23,"Ec",21,0,0,1,0,1,0.726280938342543
"7524",191,"Ec_N",126,24,24,"Ec",21,0,0,1,0,1,0.726280938342543
"7525",191,"Ec_N",126,25,25,"Ec",29,0,0,1,1,1,0.760668149402769
"7526",191,"Ec_N",126,26,26,"Ec",29,0,0,1,1,1,0.760668149402769
"7527",191,"Ec_N",126,27,27,"Ec",29,0,0,1,1,1,0.760668149402769
"7528",191,"Ec_N",126,28,28,"Ec",29,0,0,1,1,1,0.760668149402769
"7529",191,"Ec_N",126,29,29,"Ec",29,0,0,1,1,1,0.760668149402769
"7530",191,"Ec_N",126,30,30,"Ec",29,0,0,1,1,1,0.760668149402769
"7531",191,"Ec_N",126,31,31,"Ec",29,0,0,1,1,1,0.760668149402769
"7532",191,"Ec_N",126,32,32,"Ec",29,0,0,1,1,1,0.760668149402769
"7533",191,"Ec_N",126,33,33,"Ec",29,0,0,1,1,1,0.760668149402769
"7534",191,"Ec_N",126,34,34,"Ec",29,0,0,1,1,1,0.760668149402769
"7535",191,"Ec_N",126,35,35,"Ec",29,0,0,1,1,1,0.760668149402769
"7536",191,"Ec_N",126,36,36,"Ec",29,0,0,1,1,1,0.760668149402769
"7537",191,"Ec_N",126,37,37,"Ec",29,0,0,1,1,1,0.760668149402769
"7538",191,"Ec_N",126,38,38,"Ec",29,0,0,1,1,1,0.760668149402769
"7539",191,"Ec_N",126,39,39,"Ec",31,0,1,1,1,1,0.801979629454064
"7540",191,"Ec_N",126,40,40,"Ec",31,0,1,1,1,1,0.801979629454064
"7541",191,"Ec_N",126,41,41,"Ec",31,0,1,1,1,1,0.801979629454064
"7542",191,"Ec_N",126,42,42,"Ec",31,0,1,1,1,1,0.801979629454064
"7543",191,"Ec_N",126,43,43,"Ec",31,0,1,1,1,1,0.801979629454064
"7544",191,"Ec_N",126,44,44,"Ec",31,0,1,1,1,1,0.801979629454064
"7545",191,"Ec_N",126,45,45,"Ec",31,0,1,1,1,1,0.801979629454064
"7546",191,"Ec_N",126,46,46,"Ec",31,0,1,1,1,1,0.801979629454064
"7547",191,"Ec_N",126,47,47,"Ec",31,0,1,1,1,1,0.801979629454064
"7548",191,"Ec_N",126,48,48,"Ec",31,0,1,1,1,1,0.801979629454064
"7549",191,"Ec_N",126,49,49,"Ec",31,0,1,1,1,1,0.801979629454064
"7550",191,"Ec_N",126,50,50,"Ec",31,0,1,1,1,1,0.801979629454064
"7551",191,"Ec_N",126,51,51,"Ec",31,0,1,1,1,1,0.801979629454064
"7552",191,"Ec_N",126,52,52,"Ec",31,0,1,1,1,1,0.801979629454064
"7553",191,"Ec_N",126,53,53,"Ec",31,0,1,1,1,1,0.801979629454064
"7554",191,"Ec_N",126,54,54,"Ec",31,0,1,1,1,1,0.801979629454064
"7555",191,"Ec_N",126,55,55,"Ec",31,0,1,1,1,1,0.801979629454064
"7556",191,"Ec_N",126,56,56,"Ec",31,0,1,1,1,1,0.801979629454064
"7557",191,"Ec_N",126,57,57,"Ec",31,0,1,1,1,1,0.801979629454064
"7558",191,"Ec_N",126,58,58,"Ec",31,0,1,1,1,1,0.801979629454064
"7559",191,"Ec_N",126,59,59,"Ec",31,0,1,1,1,1,0.801979629454064
"7560",191,"Ec_N",126,60,60,"Ec",31,0,1,1,1,1,0.801979629454064
"7561",191,"Ec_N",127,1,1,"Ec",1,0,0,0,0,0,0
"7562",191,"Ec_N",127,2,2,"Ec",1,0,0,0,0,0,0
"7563",191,"Ec_N",127,3,3,"Ec",3,0,1,0,0,0,0.041311480051295
"7564",191,"Ec_N",127,4,4,"Ec",3,0,1,0,0,0,0.041311480051295
"7565",191,"Ec_N",127,5,5,"Ec",3,0,1,0,0,0,0.041311480051295
"7566",191,"Ec_N",127,6,6,"Ec",4,1,1,0,0,0,0.239331850597232
"7567",191,"Ec_N",127,7,7,"Ec",4,1,1,0,0,0,0.239331850597232
"7568",191,"Ec_N",127,8,8,"Ec",4,1,1,0,0,0,0.239331850597232
"7569",191,"Ec_N",127,9,9,"Ec",4,1,1,0,0,0,0.239331850597232
"7570",191,"Ec_N",127,10,10,"Ec",20,1,1,0,0,1,0.610298755308086
"7571",191,"Ec_N",127,11,11,"Ec",20,1,1,0,0,1,0.610298755308086
"7572",191,"Ec_N",127,12,12,"Ec",20,1,1,0,0,1,0.610298755308086
"7573",191,"Ec_N",127,13,13,"Ec",18,1,0,0,0,1,0.646504780524047
"7574",191,"Ec_N",127,14,14,"Ec",18,1,0,0,0,1,0.646504780524047
"7575",191,"Ec_N",127,15,15,"Ec",22,1,0,1,0,1,0.92522428176681
"7576",191,"Ec_N",127,16,16,"Ec",24,1,1,1,0,1,0.969458006928044
"7577",191,"Ec_N",127,17,17,"Ec",24,1,1,1,0,1,0.969458006928044
"7578",191,"Ec_N",127,18,18,"Ec",24,1,1,1,0,1,0.969458006928044
"7579",191,"Ec_N",127,19,19,"Ec",24,1,1,1,0,1,0.969458006928044
"7580",191,"Ec_N",127,20,20,"Ec",24,1,1,1,0,1,0.969458006928044
"7581",191,"Ec_N",127,21,21,"Ec",24,1,1,1,0,1,0.969458006928044
"7582",191,"Ec_N",127,22,22,"Ec",24,1,1,1,0,1,0.969458006928044
"7583",191,"Ec_N",127,23,23,"Ec",24,1,1,1,0,1,0.969458006928044
"7584",191,"Ec_N",127,24,24,"Ec",24,1,1,1,0,1,0.969458006928044
"7585",191,"Ec_N",127,25,25,"Ec",24,1,1,1,0,1,0.969458006928044
"7586",191,"Ec_N",127,26,26,"Ec",24,1,1,1,0,1,0.969458006928044
"7587",191,"Ec_N",127,27,27,"Ec",24,1,1,1,0,1,0.969458006928044
"7588",191,"Ec_N",127,28,28,"Ec",24,1,1,1,0,1,0.969458006928044
"7589",191,"Ec_N",127,29,29,"Ec",32,1,1,1,1,1,1
"7590",191,"Ec_N",127,30,30,"Ec",32,1,1,1,1,1,1
"7591",191,"Ec_N",127,31,31,"Ec",32,1,1,1,1,1,1
"7592",191,"Ec_N",127,32,32,"Ec",32,1,1,1,1,1,1
"7593",191,"Ec_N",127,33,33,"Ec",32,1,1,1,1,1,1
"7594",191,"Ec_N",127,34,34,"Ec",32,1,1,1,1,1,1
"7595",191,"Ec_N",127,35,35,"Ec",32,1,1,1,1,1,1
"7596",191,"Ec_N",127,36,36,"Ec",32,1,1,1,1,1,1
"7597",191,"Ec_N",127,37,37,"Ec",32,1,1,1,1,1,1
"7598",191,"Ec_N",127,38,38,"Ec",32,1,1,1,1,1,1
"7599",191,"Ec_N",127,39,39,"Ec",32,1,1,1,1,1,1
"7600",191,"Ec_N",127,40,40,"Ec",32,1,1,1,1,1,1
"7601",191,"Ec_N",127,41,41,"Ec",32,1,1,1,1,1,1
"7602",191,"Ec_N",127,42,42,"Ec",32,1,1,1,1,1,1
"7603",191,"Ec_N",127,43,43,"Ec",32,1,1,1,1,1,1
"7604",191,"Ec_N",127,44,44,"Ec",32,1,1,1,1,1,1
"7605",191,"Ec_N",127,45,45,"Ec",32,1,1,1,1,1,1
"7606",191,"Ec_N",127,46,46,"Ec",32,1,1,1,1,1,1
"7607",191,"Ec_N",127,47,47,"Ec",32,1,1,1,1,1,1
"7608",191,"Ec_N",127,48,48,"Ec",32,1,1,1,1,1,1
"7609",191,"Ec_N",127,49,49,"Ec",32,1,1,1,1,1,1
"7610",191,"Ec_N",127,50,50,"Ec",32,1,1,1,1,1,1
"7611",191,"Ec_N",127,51,51,"Ec",32,1,1,1,1,1,1
"7612",191,"Ec_N",127,52,52,"Ec",32,1,1,1,1,1,1
"7613",191,"Ec_N",127,53,53,"Ec",32,1,1,1,1,1,1
"7614",191,"Ec_N",127,54,54,"Ec",32,1,1,1,1,1,1
"7615",191,"Ec_N",127,55,55,"Ec",32,1,1,1,1,1,1
"7616",191,"Ec_N",127,56,56,"Ec",32,1,1,1,1,1,1
"7617",191,"Ec_N",127,57,57,"Ec",32,1,1,1,1,1,1
"7618",191,"Ec_N",127,58,58,"Ec",32,1,1,1,1,1,1
"7619",191,"Ec_N",127,59,59,"Ec",32,1,1,1,1,1,1
"7620",191,"Ec_N",127,60,60,"Ec",32,1,1,1,1,1,1
"7621",191,"Ec_N",128,1,1,"Ec",1,0,0,0,0,0,0
"7622",191,"Ec_N",128,2,2,"Ec",1,0,0,0,0,0,0
"7623",191,"Ec_N",128,3,3,"Ec",1,0,0,0,0,0,0
"7624",191,"Ec_N",128,4,4,"Ec",1,0,0,0,0,0,0
"7625",191,"Ec_N",128,5,5,"Ec",3,0,1,0,0,0,0.041311480051295
"7626",191,"Ec_N",128,6,6,"Ec",11,0,1,0,1,0,0.0857419302602629
"7627",191,"Ec_N",128,7,7,"Ec",11,0,1,0,1,0,0.0857419302602629
"7628",191,"Ec_N",128,8,8,"Ec",11,0,1,0,1,0,0.0857419302602629
"7629",191,"Ec_N",128,9,9,"Ec",11,0,1,0,1,0,0.0857419302602629
"7630",191,"Ec_N",128,10,10,"Ec",27,0,1,0,1,1,0.357221419161902
"7631",191,"Ec_N",128,11,11,"Ec",27,0,1,0,1,1,0.357221419161902
"7632",191,"Ec_N",128,12,12,"Ec",27,0,1,0,1,1,0.357221419161902
"7633",191,"Ec_N",128,13,13,"Ec",27,0,1,0,1,1,0.357221419161902
"7634",191,"Ec_N",128,14,14,"Ec",27,0,1,0,1,1,0.357221419161902
"7635",191,"Ec_N",128,15,15,"Ec",27,0,1,0,1,1,0.357221419161902
"7636",191,"Ec_N",128,16,16,"Ec",27,0,1,0,1,1,0.357221419161902
"7637",191,"Ec_N",128,17,17,"Ec",27,0,1,0,1,1,0.357221419161902
"7638",191,"Ec_N",128,18,18,"Ec",27,0,1,0,1,1,0.357221419161902
"7639",191,"Ec_N",128,19,19,"Ec",27,0,1,0,1,1,0.357221419161902
"7640",191,"Ec_N",128,20,20,"Ec",27,0,1,0,1,1,0.357221419161902
"7641",191,"Ec_N",128,21,21,"Ec",27,0,1,0,1,1,0.357221419161902
"7642",191,"Ec_N",128,22,22,"Ec",27,0,1,0,1,1,0.357221419161902
"7643",191,"Ec_N",128,23,23,"Ec",19,0,1,0,0,1,0.427300415500348
"7644",191,"Ec_N",128,24,24,"Ec",20,1,1,0,0,1,0.610298755308086
"7645",191,"Ec_N",128,25,25,"Ec",20,1,1,0,0,1,0.610298755308086
"7646",191,"Ec_N",128,26,26,"Ec",20,1,1,0,0,1,0.610298755308086
"7647",191,"Ec_N",128,27,27,"Ec",28,1,1,0,1,1,0.681047421119041
"7648",191,"Ec_N",128,28,28,"Ec",28,1,1,0,1,1,0.681047421119041
"7649",191,"Ec_N",128,29,29,"Ec",28,1,1,0,1,1,0.681047421119041
"7650",191,"Ec_N",128,30,30,"Ec",28,1,1,0,1,1,0.681047421119041
"7651",191,"Ec_N",128,31,31,"Ec",28,1,1,0,1,1,0.681047421119041
"7652",191,"Ec_N",128,32,32,"Ec",28,1,1,0,1,1,0.681047421119041
"7653",191,"Ec_N",128,33,33,"Ec",28,1,1,0,1,1,0.681047421119041
"7654",191,"Ec_N",128,34,34,"Ec",28,1,1,0,1,1,0.681047421119041
"7655",191,"Ec_N",128,35,35,"Ec",28,1,1,0,1,1,0.681047421119041
"7656",191,"Ec_N",128,36,36,"Ec",28,1,1,0,1,1,0.681047421119041
"7657",191,"Ec_N",128,37,37,"Ec",28,1,1,0,1,1,0.681047421119041
"7658",191,"Ec_N",128,38,38,"Ec",28,1,1,0,1,1,0.681047421119041
"7659",191,"Ec_N",128,39,39,"Ec",28,1,1,0,1,1,0.681047421119041
"7660",191,"Ec_N",128,40,40,"Ec",28,1,1,0,1,1,0.681047421119041
"7661",191,"Ec_N",128,41,41,"Ec",28,1,1,0,1,1,0.681047421119041
"7662",191,"Ec_N",128,42,42,"Ec",28,1,1,0,1,1,0.681047421119041
"7663",191,"Ec_N",128,43,43,"Ec",28,1,1,0,1,1,0.681047421119041
"7664",191,"Ec_N",128,44,44,"Ec",28,1,1,0,1,1,0.681047421119041
"7665",191,"Ec_N",128,45,45,"Ec",28,1,1,0,1,1,0.681047421119041
"7666",191,"Ec_N",128,46,46,"Ec",28,1,1,0,1,1,0.681047421119041
"7667",191,"Ec_N",128,47,47,"Ec",28,1,1,0,1,1,0.681047421119041
"7668",191,"Ec_N",128,48,48,"Ec",28,1,1,0,1,1,0.681047421119041
"7669",191,"Ec_N",128,49,49,"Ec",28,1,1,0,1,1,0.681047421119041
"7670",191,"Ec_N",128,50,50,"Ec",28,1,1,0,1,1,0.681047421119041
"7671",191,"Ec_N",128,51,51,"Ec",28,1,1,0,1,1,0.681047421119041
"7672",191,"Ec_N",128,52,52,"Ec",28,1,1,0,1,1,0.681047421119041
"7673",191,"Ec_N",128,53,53,"Ec",28,1,1,0,1,1,0.681047421119041
"7674",191,"Ec_N",128,54,54,"Ec",32,1,1,1,1,1,1
"7675",191,"Ec_N",128,55,55,"Ec",32,1,1,1,1,1,1
"7676",191,"Ec_N",128,56,56,"Ec",32,1,1,1,1,1,1
"7677",191,"Ec_N",128,57,57,"Ec",32,1,1,1,1,1,1
"7678",191,"Ec_N",128,58,58,"Ec",32,1,1,1,1,1,1
"7679",191,"Ec_N",128,59,59,"Ec",32,1,1,1,1,1,1
"7680",191,"Ec_N",128,60,60,"Ec",32,1,1,1,1,1,1
"7681",191,"Ec_N",129,1,1,"Ec",1,0,0,0,0,0,0
"7682",191,"Ec_N",129,2,2,"Ec",17,0,0,0,0,1,0.229834113103391
"7683",191,"Ec_N",129,3,3,"Ec",17,0,0,0,0,1,0.229834113103391
"7684",191,"Ec_N",129,4,4,"Ec",17,0,0,0,0,1,0.229834113103391
"7685",191,"Ec_N",129,5,5,"Ec",21,0,0,1,0,1,0.726280938342543
"7686",191,"Ec_N",129,6,6,"Ec",21,0,0,1,0,1,0.726280938342543
"7687",191,"Ec_N",129,7,7,"Ec",21,0,0,1,0,1,0.726280938342543
"7688",191,"Ec_N",129,8,8,"Ec",21,0,0,1,0,1,0.726280938342543
"7689",191,"Ec_N",129,9,9,"Ec",29,0,0,1,1,1,0.760668149402769
"7690",191,"Ec_N",129,10,10,"Ec",31,0,1,1,1,1,0.801979629454064
"7691",191,"Ec_N",129,11,11,"Ec",31,0,1,1,1,1,0.801979629454064
"7692",191,"Ec_N",129,12,12,"Ec",31,0,1,1,1,1,0.801979629454064
"7693",191,"Ec_N",129,13,13,"Ec",31,0,1,1,1,1,0.801979629454064
"7694",191,"Ec_N",129,14,14,"Ec",31,0,1,1,1,1,0.801979629454064
"7695",191,"Ec_N",129,15,15,"Ec",31,0,1,1,1,1,0.801979629454064
"7696",191,"Ec_N",129,16,16,"Ec",31,0,1,1,1,1,0.801979629454064
"7697",191,"Ec_N",129,17,17,"Ec",31,0,1,1,1,1,0.801979629454064
"7698",191,"Ec_N",129,18,18,"Ec",31,0,1,1,1,1,0.801979629454064
"7699",191,"Ec_N",129,19,19,"Ec",31,0,1,1,1,1,0.801979629454064
"7700",191,"Ec_N",129,20,20,"Ec",31,0,1,1,1,1,0.801979629454064
"7701",191,"Ec_N",129,21,21,"Ec",31,0,1,1,1,1,0.801979629454064
"7702",191,"Ec_N",129,22,22,"Ec",31,0,1,1,1,1,0.801979629454064
"7703",191,"Ec_N",129,23,23,"Ec",31,0,1,1,1,1,0.801979629454064
"7704",191,"Ec_N",129,24,24,"Ec",31,0,1,1,1,1,0.801979629454064
"7705",191,"Ec_N",129,25,25,"Ec",31,0,1,1,1,1,0.801979629454064
"7706",191,"Ec_N",129,26,26,"Ec",31,0,1,1,1,1,0.801979629454064
"7707",191,"Ec_N",129,27,27,"Ec",31,0,1,1,1,1,0.801979629454064
"7708",191,"Ec_N",129,28,28,"Ec",31,0,1,1,1,1,0.801979629454064
"7709",191,"Ec_N",129,29,29,"Ec",31,0,1,1,1,1,0.801979629454064
"7710",191,"Ec_N",129,30,30,"Ec",31,0,1,1,1,1,0.801979629454064
"7711",191,"Ec_N",129,31,31,"Ec",31,0,1,1,1,1,0.801979629454064
"7712",191,"Ec_N",129,32,32,"Ec",31,0,1,1,1,1,0.801979629454064
"7713",191,"Ec_N",129,33,33,"Ec",31,0,1,1,1,1,0.801979629454064
"7714",191,"Ec_N",129,34,34,"Ec",31,0,1,1,1,1,0.801979629454064
"7715",191,"Ec_N",129,35,35,"Ec",32,1,1,1,1,1,1
"7716",191,"Ec_N",129,36,36,"Ec",32,1,1,1,1,1,1
"7717",191,"Ec_N",129,37,37,"Ec",32,1,1,1,1,1,1
"7718",191,"Ec_N",129,38,38,"Ec",32,1,1,1,1,1,1
"7719",191,"Ec_N",129,39,39,"Ec",32,1,1,1,1,1,1
"7720",191,"Ec_N",129,40,40,"Ec",32,1,1,1,1,1,1
"7721",191,"Ec_N",129,41,41,"Ec",32,1,1,1,1,1,1
"7722",191,"Ec_N",129,42,42,"Ec",32,1,1,1,1,1,1
"7723",191,"Ec_N",129,43,43,"Ec",32,1,1,1,1,1,1
"7724",191,"Ec_N",129,44,44,"Ec",32,1,1,1,1,1,1
"7725",191,"Ec_N",129,45,45,"Ec",32,1,1,1,1,1,1
"7726",191,"Ec_N",129,46,46,"Ec",32,1,1,1,1,1,1
"7727",191,"Ec_N",129,47,47,"Ec",32,1,1,1,1,1,1
"7728",191,"Ec_N",129,48,48,"Ec",32,1,1,1,1,1,1
"7729",191,"Ec_N",129,49,49,"Ec",32,1,1,1,1,1,1
"7730",191,"Ec_N",129,50,50,"Ec",32,1,1,1,1,1,1
"7731",191,"Ec_N",129,51,51,"Ec",32,1,1,1,1,1,1
"7732",191,"Ec_N",129,52,52,"Ec",32,1,1,1,1,1,1
"7733",191,"Ec_N",129,53,53,"Ec",32,1,1,1,1,1,1
"7734",191,"Ec_N",129,54,54,"Ec",32,1,1,1,1,1,1
"7735",191,"Ec_N",129,55,55,"Ec",32,1,1,1,1,1,1
"7736",191,"Ec_N",129,56,56,"Ec",32,1,1,1,1,1,1
"7737",191,"Ec_N",129,57,57,"Ec",32,1,1,1,1,1,1
"7738",191,"Ec_N",129,58,58,"Ec",32,1,1,1,1,1,1
"7739",191,"Ec_N",129,59,59,"Ec",32,1,1,1,1,1,1
"7740",191,"Ec_N",129,60,60,"Ec",32,1,1,1,1,1,1
"7741",191,"Ec_N",130,1,1,"Ec",1,0,0,0,0,0,0
"7742",191,"Ec_N",130,2,2,"Ec",2,1,0,0,0,0,0.198020370545937
"7743",191,"Ec_N",130,3,3,"Ec",2,1,0,0,0,0,0.198020370545937
"7744",191,"Ec_N",130,4,4,"Ec",2,1,0,0,0,0,0.198020370545937
"7745",191,"Ec_N",130,5,5,"Ec",2,1,0,0,0,0,0.198020370545937
"7746",191,"Ec_N",130,6,6,"Ec",2,1,0,0,0,0,0.198020370545937
"7747",191,"Ec_N",130,7,7,"Ec",2,1,0,0,0,0,0.198020370545937
"7748",191,"Ec_N",130,8,8,"Ec",2,1,0,0,0,0,0.198020370545937
"7749",191,"Ec_N",130,9,9,"Ec",2,1,0,0,0,0,0.198020370545937
"7750",191,"Ec_N",130,10,10,"Ec",2,1,0,0,0,0,0.198020370545937
"7751",191,"Ec_N",130,11,11,"Ec",2,1,0,0,0,0,0.198020370545937
"7752",191,"Ec_N",130,12,12,"Ec",2,1,0,0,0,0,0.198020370545937
"7753",191,"Ec_N",130,13,13,"Ec",2,1,0,0,0,0,0.198020370545937
"7754",191,"Ec_N",130,14,14,"Ec",2,1,0,0,0,0,0.198020370545937
"7755",191,"Ec_N",130,15,15,"Ec",2,1,0,0,0,0,0.198020370545937
"7756",191,"Ec_N",130,16,16,"Ec",2,1,0,0,0,0,0.198020370545937
"7757",191,"Ec_N",130,17,17,"Ec",2,1,0,0,0,0,0.198020370545937
"7758",191,"Ec_N",130,18,18,"Ec",2,1,0,0,0,0,0.198020370545937
"7759",191,"Ec_N",130,19,19,"Ec",2,1,0,0,0,0,0.198020370545937
"7760",191,"Ec_N",130,20,20,"Ec",2,1,0,0,0,0,0.198020370545937
"7761",191,"Ec_N",130,21,21,"Ec",2,1,0,0,0,0,0.198020370545937
"7762",191,"Ec_N",130,22,22,"Ec",10,1,0,0,1,0,0.228562363617893
"7763",191,"Ec_N",130,23,23,"Ec",10,1,0,0,1,0,0.228562363617893
"7764",191,"Ec_N",130,24,24,"Ec",10,1,0,0,1,0,0.228562363617893
"7765",191,"Ec_N",130,25,25,"Ec",10,1,0,0,1,0,0.228562363617893
"7766",191,"Ec_N",130,26,26,"Ec",10,1,0,0,1,0,0.228562363617893
"7767",191,"Ec_N",130,27,27,"Ec",10,1,0,0,1,0,0.228562363617893
"7768",191,"Ec_N",130,28,28,"Ec",10,1,0,0,1,0,0.228562363617893
"7769",191,"Ec_N",130,29,29,"Ec",10,1,0,0,1,0,0.228562363617893
"7770",191,"Ec_N",130,30,30,"Ec",10,1,0,0,1,0,0.228562363617893
"7771",191,"Ec_N",130,31,31,"Ec",10,1,0,0,1,0,0.228562363617893
"7772",191,"Ec_N",130,32,32,"Ec",10,1,0,0,1,0,0.228562363617893
"7773",191,"Ec_N",130,33,33,"Ec",10,1,0,0,1,0,0.228562363617893
"7774",191,"Ec_N",130,34,34,"Ec",10,1,0,0,1,0,0.228562363617893
"7775",191,"Ec_N",130,35,35,"Ec",10,1,0,0,1,0,0.228562363617893
"7776",191,"Ec_N",130,36,36,"Ec",10,1,0,0,1,0,0.228562363617893
"7777",191,"Ec_N",130,37,37,"Ec",10,1,0,0,1,0,0.228562363617893
"7778",191,"Ec_N",130,38,38,"Ec",10,1,0,0,1,0,0.228562363617893
"7779",191,"Ec_N",130,39,39,"Ec",10,1,0,0,1,0,0.228562363617893
"7780",191,"Ec_N",130,40,40,"Ec",10,1,0,0,1,0,0.228562363617893
"7781",191,"Ec_N",130,41,41,"Ec",10,1,0,0,1,0,0.228562363617893
"7782",191,"Ec_N",130,42,42,"Ec",10,1,0,0,1,0,0.228562363617893
"7783",191,"Ec_N",130,43,43,"Ec",10,1,0,0,1,0,0.228562363617893
"7784",191,"Ec_N",130,44,44,"Ec",10,1,0,0,1,0,0.228562363617893
"7785",191,"Ec_N",130,45,45,"Ec",10,1,0,0,1,0,0.228562363617893
"7786",191,"Ec_N",130,46,46,"Ec",10,1,0,0,1,0,0.228562363617893
"7787",191,"Ec_N",130,47,47,"Ec",10,1,0,0,1,0,0.228562363617893
"7788",191,"Ec_N",130,48,48,"Ec",10,1,0,0,1,0,0.228562363617893
"7789",191,"Ec_N",130,49,49,"Ec",10,1,0,0,1,0,0.228562363617893
"7790",191,"Ec_N",130,50,50,"Ec",10,1,0,0,1,0,0.228562363617893
"7791",191,"Ec_N",130,51,51,"Ec",10,1,0,0,1,0,0.228562363617893
"7792",191,"Ec_N",130,52,52,"Ec",10,1,0,0,1,0,0.228562363617893
"7793",191,"Ec_N",130,53,53,"Ec",10,1,0,0,1,0,0.228562363617893
"7794",191,"Ec_N",130,54,54,"Ec",10,1,0,0,1,0,0.228562363617893
"7795",191,"Ec_N",130,55,55,"Ec",14,1,0,1,1,0,0.746777083195453
"7796",191,"Ec_N",130,56,56,"Ec",14,1,0,1,1,0,0.746777083195453
"7797",191,"Ec_N",130,57,57,"Ec",14,1,0,1,1,0,0.746777083195453
"7798",191,"Ec_N",130,58,58,"Ec",14,1,0,1,1,0,0.746777083195453
"7799",191,"Ec_N",130,59,59,"Ec",14,1,0,1,1,0,0.746777083195453
"7800",191,"Ec_N",130,60,60,"Ec",14,1,0,1,1,0,0.746777083195453
"7801",191,"Ec_N",131,1,1,"Ec",1,0,0,0,0,0,0
"7802",191,"Ec_N",131,2,2,"Ec",9,0,0,0,1,0,0.0305419930719563
"7803",191,"Ec_N",131,3,3,"Ec",9,0,0,0,1,0,0.0305419930719563
"7804",191,"Ec_N",131,4,4,"Ec",25,0,0,0,1,1,0.403163568932085
"7805",191,"Ec_N",131,5,5,"Ec",25,0,0,0,1,1,0.403163568932085
"7806",191,"Ec_N",131,6,6,"Ec",25,0,0,0,1,1,0.403163568932085
"7807",191,"Ec_N",131,7,7,"Ec",25,0,0,0,1,1,0.403163568932085
"7808",191,"Ec_N",131,8,8,"Ec",25,0,0,0,1,1,0.403163568932085
"7809",191,"Ec_N",131,9,9,"Ec",25,0,0,0,1,1,0.403163568932085
"7810",191,"Ec_N",131,10,10,"Ec",25,0,0,0,1,1,0.403163568932085
"7811",191,"Ec_N",131,11,11,"Ec",25,0,0,0,1,1,0.403163568932085
"7812",191,"Ec_N",131,12,12,"Ec",25,0,0,0,1,1,0.403163568932085
"7813",191,"Ec_N",131,13,13,"Ec",25,0,0,0,1,1,0.403163568932085
"7814",191,"Ec_N",131,14,14,"Ec",25,0,0,0,1,1,0.403163568932085
"7815",191,"Ec_N",131,15,15,"Ec",25,0,0,0,1,1,0.403163568932085
"7816",191,"Ec_N",131,16,16,"Ec",25,0,0,0,1,1,0.403163568932085
"7817",191,"Ec_N",131,17,17,"Ec",25,0,0,0,1,1,0.403163568932085
"7818",191,"Ec_N",131,18,18,"Ec",25,0,0,0,1,1,0.403163568932085
"7819",191,"Ec_N",131,19,19,"Ec",25,0,0,0,1,1,0.403163568932085
"7820",191,"Ec_N",131,20,20,"Ec",29,0,0,1,1,1,0.760668149402769
"7821",191,"Ec_N",131,21,21,"Ec",29,0,0,1,1,1,0.760668149402769
"7822",191,"Ec_N",131,22,22,"Ec",29,0,0,1,1,1,0.760668149402769
"7823",191,"Ec_N",131,23,23,"Ec",29,0,0,1,1,1,0.760668149402769
"7824",191,"Ec_N",131,24,24,"Ec",31,0,1,1,1,1,0.801979629454064
"7825",191,"Ec_N",131,25,25,"Ec",31,0,1,1,1,1,0.801979629454064
"7826",191,"Ec_N",131,26,26,"Ec",31,0,1,1,1,1,0.801979629454064
"7827",191,"Ec_N",131,27,27,"Ec",32,1,1,1,1,1,1
"7828",191,"Ec_N",131,28,28,"Ec",32,1,1,1,1,1,1
"7829",191,"Ec_N",131,29,29,"Ec",32,1,1,1,1,1,1
"7830",191,"Ec_N",131,30,30,"Ec",32,1,1,1,1,1,1
"7831",191,"Ec_N",131,31,31,"Ec",32,1,1,1,1,1,1
"7832",191,"Ec_N",131,32,32,"Ec",32,1,1,1,1,1,1
"7833",191,"Ec_N",131,33,33,"Ec",32,1,1,1,1,1,1
"7834",191,"Ec_N",131,34,34,"Ec",32,1,1,1,1,1,1
"7835",191,"Ec_N",131,35,35,"Ec",32,1,1,1,1,1,1
"7836",191,"Ec_N",131,36,36,"Ec",32,1,1,1,1,1,1
"7837",191,"Ec_N",131,37,37,"Ec",32,1,1,1,1,1,1
"7838",191,"Ec_N",131,38,38,"Ec",32,1,1,1,1,1,1
"7839",191,"Ec_N",131,39,39,"Ec",32,1,1,1,1,1,1
"7840",191,"Ec_N",131,40,40,"Ec",32,1,1,1,1,1,1
"7841",191,"Ec_N",131,41,41,"Ec",32,1,1,1,1,1,1
"7842",191,"Ec_N",131,42,42,"Ec",32,1,1,1,1,1,1
"7843",191,"Ec_N",131,43,43,"Ec",32,1,1,1,1,1,1
"7844",191,"Ec_N",131,44,44,"Ec",32,1,1,1,1,1,1
"7845",191,"Ec_N",131,45,45,"Ec",32,1,1,1,1,1,1
"7846",191,"Ec_N",131,46,46,"Ec",32,1,1,1,1,1,1
"7847",191,"Ec_N",131,47,47,"Ec",32,1,1,1,1,1,1
"7848",191,"Ec_N",131,48,48,"Ec",32,1,1,1,1,1,1
"7849",191,"Ec_N",131,49,49,"Ec",32,1,1,1,1,1,1
"7850",191,"Ec_N",131,50,50,"Ec",32,1,1,1,1,1,1
"7851",191,"Ec_N",131,51,51,"Ec",32,1,1,1,1,1,1
"7852",191,"Ec_N",131,52,52,"Ec",32,1,1,1,1,1,1
"7853",191,"Ec_N",131,53,53,"Ec",32,1,1,1,1,1,1
"7854",191,"Ec_N",131,54,54,"Ec",32,1,1,1,1,1,1
"7855",191,"Ec_N",131,55,55,"Ec",32,1,1,1,1,1,1
"7856",191,"Ec_N",131,56,56,"Ec",32,1,1,1,1,1,1
"7857",191,"Ec_N",131,57,57,"Ec",32,1,1,1,1,1,1
"7858",191,"Ec_N",131,58,58,"Ec",32,1,1,1,1,1,1
"7859",191,"Ec_N",131,59,59,"Ec",32,1,1,1,1,1,1
"7860",191,"Ec_N",131,60,60,"Ec",32,1,1,1,1,1,1
"7861",191,"Ec_N",132,1,1,"Ec",1,0,0,0,0,0,0
"7862",191,"Ec_N",132,2,2,"Ec",1,0,0,0,0,0,0
"7863",191,"Ec_N",132,3,3,"Ec",1,0,0,0,0,0,0
"7864",191,"Ec_N",132,4,4,"Ec",1,0,0,0,0,0,0
"7865",191,"Ec_N",132,5,5,"Ec",1,0,0,0,0,0,0
"7866",191,"Ec_N",132,6,6,"Ec",1,0,0,0,0,0,0
"7867",191,"Ec_N",132,7,7,"Ec",1,0,0,0,0,0,0
"7868",191,"Ec_N",132,8,8,"Ec",5,0,0,1,0,0,0.49313446766664
"7869",191,"Ec_N",132,9,9,"Ec",5,0,0,1,0,0,0.49313446766664
"7870",191,"Ec_N",132,10,10,"Ec",5,0,0,1,0,0,0.49313446766664
"7871",191,"Ec_N",132,11,11,"Ec",5,0,0,1,0,0,0.49313446766664
"7872",191,"Ec_N",132,12,12,"Ec",5,0,0,1,0,0,0.49313446766664
"7873",191,"Ec_N",132,13,13,"Ec",5,0,0,1,0,0,0.49313446766664
"7874",191,"Ec_N",132,14,14,"Ec",5,0,0,1,0,0,0.49313446766664
"7875",191,"Ec_N",132,15,15,"Ec",5,0,0,1,0,0,0.49313446766664
"7876",191,"Ec_N",132,16,16,"Ec",5,0,0,1,0,0,0.49313446766664
"7877",191,"Ec_N",132,17,17,"Ec",5,0,0,1,0,0,0.49313446766664
"7878",191,"Ec_N",132,18,18,"Ec",5,0,0,1,0,0,0.49313446766664
"7879",191,"Ec_N",132,19,19,"Ec",21,0,0,1,0,1,0.726280938342543
"7880",191,"Ec_N",132,20,20,"Ec",21,0,0,1,0,1,0.726280938342543
"7881",191,"Ec_N",132,21,21,"Ec",21,0,0,1,0,1,0.726280938342543
"7882",191,"Ec_N",132,22,22,"Ec",21,0,0,1,0,1,0.726280938342543
"7883",191,"Ec_N",132,23,23,"Ec",21,0,0,1,0,1,0.726280938342543
"7884",191,"Ec_N",132,24,24,"Ec",21,0,0,1,0,1,0.726280938342543
"7885",191,"Ec_N",132,25,25,"Ec",29,0,0,1,1,1,0.760668149402769
"7886",191,"Ec_N",132,26,26,"Ec",29,0,0,1,1,1,0.760668149402769
"7887",191,"Ec_N",132,27,27,"Ec",29,0,0,1,1,1,0.760668149402769
"7888",191,"Ec_N",132,28,28,"Ec",29,0,0,1,1,1,0.760668149402769
"7889",191,"Ec_N",132,29,29,"Ec",29,0,0,1,1,1,0.760668149402769
"7890",191,"Ec_N",132,30,30,"Ec",29,0,0,1,1,1,0.760668149402769
"7891",191,"Ec_N",132,31,31,"Ec",29,0,0,1,1,1,0.760668149402769
"7892",191,"Ec_N",132,32,32,"Ec",29,0,0,1,1,1,0.760668149402769
"7893",191,"Ec_N",132,33,33,"Ec",29,0,0,1,1,1,0.760668149402769
"7894",191,"Ec_N",132,34,34,"Ec",29,0,0,1,1,1,0.760668149402769
"7895",191,"Ec_N",132,35,35,"Ec",29,0,0,1,1,1,0.760668149402769
"7896",191,"Ec_N",132,36,36,"Ec",29,0,0,1,1,1,0.760668149402769
"7897",191,"Ec_N",132,37,37,"Ec",29,0,0,1,1,1,0.760668149402769
"7898",191,"Ec_N",132,38,38,"Ec",29,0,0,1,1,1,0.760668149402769
"7899",191,"Ec_N",132,39,39,"Ec",29,0,0,1,1,1,0.760668149402769
"7900",191,"Ec_N",132,40,40,"Ec",29,0,0,1,1,1,0.760668149402769
"7901",191,"Ec_N",132,41,41,"Ec",29,0,0,1,1,1,0.760668149402769
"7902",191,"Ec_N",132,42,42,"Ec",29,0,0,1,1,1,0.760668149402769
"7903",191,"Ec_N",132,43,43,"Ec",29,0,0,1,1,1,0.760668149402769
"7904",191,"Ec_N",132,44,44,"Ec",29,0,0,1,1,1,0.760668149402769
"7905",191,"Ec_N",132,45,45,"Ec",29,0,0,1,1,1,0.760668149402769
"7906",191,"Ec_N",132,46,46,"Ec",29,0,0,1,1,1,0.760668149402769
"7907",191,"Ec_N",132,47,47,"Ec",29,0,0,1,1,1,0.760668149402769
"7908",191,"Ec_N",132,48,48,"Ec",29,0,0,1,1,1,0.760668149402769
"7909",191,"Ec_N",132,49,49,"Ec",29,0,0,1,1,1,0.760668149402769
"7910",191,"Ec_N",132,50,50,"Ec",29,0,0,1,1,1,0.760668149402769
"7911",191,"Ec_N",132,51,51,"Ec",29,0,0,1,1,1,0.760668149402769
"7912",191,"Ec_N",132,52,52,"Ec",29,0,0,1,1,1,0.760668149402769
"7913",191,"Ec_N",132,53,53,"Ec",29,0,0,1,1,1,0.760668149402769
"7914",191,"Ec_N",132,54,54,"Ec",29,0,0,1,1,1,0.760668149402769
"7915",191,"Ec_N",132,55,55,"Ec",29,0,0,1,1,1,0.760668149402769
"7916",191,"Ec_N",132,56,56,"Ec",29,0,0,1,1,1,0.760668149402769
"7917",191,"Ec_N",132,57,57,"Ec",29,0,0,1,1,1,0.760668149402769
"7918",191,"Ec_N",132,58,58,"Ec",29,0,0,1,1,1,0.760668149402769
"7919",191,"Ec_N",132,59,59,"Ec",29,0,0,1,1,1,0.760668149402769
"7920",191,"Ec_N",132,60,60,"Ec",29,0,0,1,1,1,0.760668149402769
"7921",191,"Ec_N",133,1,1,"Ec",1,0,0,0,0,0,0
"7922",191,"Ec_N",133,2,2,"Ec",9,0,0,0,1,0,0.0305419930719563
"7923",191,"Ec_N",133,3,3,"Ec",9,0,0,0,1,0,0.0305419930719563
"7924",191,"Ec_N",133,4,4,"Ec",9,0,0,0,1,0,0.0305419930719563
"7925",191,"Ec_N",133,5,5,"Ec",9,0,0,0,1,0,0.0305419930719563
"7926",191,"Ec_N",133,6,6,"Ec",9,0,0,0,1,0,0.0305419930719563
"7927",191,"Ec_N",133,7,7,"Ec",9,0,0,0,1,0,0.0305419930719563
"7928",191,"Ec_N",133,8,8,"Ec",9,0,0,0,1,0,0.0305419930719563
"7929",191,"Ec_N",133,9,9,"Ec",9,0,0,0,1,0,0.0305419930719563
"7930",191,"Ec_N",133,10,10,"Ec",9,0,0,0,1,0,0.0305419930719563
"7931",191,"Ec_N",133,11,11,"Ec",9,0,0,0,1,0,0.0305419930719563
"7932",191,"Ec_N",133,12,12,"Ec",9,0,0,0,1,0,0.0305419930719563
"7933",191,"Ec_N",133,13,13,"Ec",9,0,0,0,1,0,0.0305419930719563
"7934",191,"Ec_N",133,14,14,"Ec",13,0,0,1,1,0,0.374679213953716
"7935",191,"Ec_N",133,15,15,"Ec",13,0,0,1,1,0,0.374679213953716
"7936",191,"Ec_N",133,16,16,"Ec",13,0,0,1,1,0,0.374679213953716
"7937",191,"Ec_N",133,17,17,"Ec",13,0,0,1,1,0,0.374679213953716
"7938",191,"Ec_N",133,18,18,"Ec",13,0,0,1,1,0,0.374679213953716
"7939",191,"Ec_N",133,19,19,"Ec",13,0,0,1,1,0,0.374679213953716
"7940",191,"Ec_N",133,20,20,"Ec",13,0,0,1,1,0,0.374679213953716
"7941",191,"Ec_N",133,21,21,"Ec",13,0,0,1,1,0,0.374679213953716
"7942",191,"Ec_N",133,22,22,"Ec",13,0,0,1,1,0,0.374679213953716
"7943",191,"Ec_N",133,23,23,"Ec",13,0,0,1,1,0,0.374679213953716
"7944",191,"Ec_N",133,24,24,"Ec",13,0,0,1,1,0,0.374679213953716
"7945",191,"Ec_N",133,25,25,"Ec",13,0,0,1,1,0,0.374679213953716
"7946",191,"Ec_N",133,26,26,"Ec",13,0,0,1,1,0,0.374679213953716
"7947",191,"Ec_N",133,27,27,"Ec",13,0,0,1,1,0,0.374679213953716
"7948",191,"Ec_N",133,28,28,"Ec",29,0,0,1,1,1,0.760668149402769
"7949",191,"Ec_N",133,29,29,"Ec",29,0,0,1,1,1,0.760668149402769
"7950",191,"Ec_N",133,30,30,"Ec",29,0,0,1,1,1,0.760668149402769
"7951",191,"Ec_N",133,31,31,"Ec",29,0,0,1,1,1,0.760668149402769
"7952",191,"Ec_N",133,32,32,"Ec",29,0,0,1,1,1,0.760668149402769
"7953",191,"Ec_N",133,33,33,"Ec",29,0,0,1,1,1,0.760668149402769
"7954",191,"Ec_N",133,34,34,"Ec",29,0,0,1,1,1,0.760668149402769
"7955",191,"Ec_N",133,35,35,"Ec",31,0,1,1,1,1,0.801979629454064
"7956",191,"Ec_N",133,36,36,"Ec",31,0,1,1,1,1,0.801979629454064
"7957",191,"Ec_N",133,37,37,"Ec",31,0,1,1,1,1,0.801979629454064
"7958",191,"Ec_N",133,38,38,"Ec",31,0,1,1,1,1,0.801979629454064
"7959",191,"Ec_N",133,39,39,"Ec",31,0,1,1,1,1,0.801979629454064
"7960",191,"Ec_N",133,40,40,"Ec",31,0,1,1,1,1,0.801979629454064
"7961",191,"Ec_N",133,41,41,"Ec",31,0,1,1,1,1,0.801979629454064
"7962",191,"Ec_N",133,42,42,"Ec",31,0,1,1,1,1,0.801979629454064
"7963",191,"Ec_N",133,43,43,"Ec",31,0,1,1,1,1,0.801979629454064
"7964",191,"Ec_N",133,44,44,"Ec",31,0,1,1,1,1,0.801979629454064
"7965",191,"Ec_N",133,45,45,"Ec",31,0,1,1,1,1,0.801979629454064
"7966",191,"Ec_N",133,46,46,"Ec",31,0,1,1,1,1,0.801979629454064
"7967",191,"Ec_N",133,47,47,"Ec",31,0,1,1,1,1,0.801979629454064
"7968",191,"Ec_N",133,48,48,"Ec",31,0,1,1,1,1,0.801979629454064
"7969",191,"Ec_N",133,49,49,"Ec",31,0,1,1,1,1,0.801979629454064
"7970",191,"Ec_N",133,50,50,"Ec",31,0,1,1,1,1,0.801979629454064
"7971",191,"Ec_N",133,51,51,"Ec",31,0,1,1,1,1,0.801979629454064
"7972",191,"Ec_N",133,52,52,"Ec",32,1,1,1,1,1,1
"7973",191,"Ec_N",133,53,53,"Ec",32,1,1,1,1,1,1
"7974",191,"Ec_N",133,54,54,"Ec",32,1,1,1,1,1,1
"7975",191,"Ec_N",133,55,55,"Ec",32,1,1,1,1,1,1
"7976",191,"Ec_N",133,56,56,"Ec",32,1,1,1,1,1,1
"7977",191,"Ec_N",133,57,57,"Ec",32,1,1,1,1,1,1
"7978",191,"Ec_N",133,58,58,"Ec",32,1,1,1,1,1,1
"7979",191,"Ec_N",133,59,59,"Ec",32,1,1,1,1,1,1
"7980",191,"Ec_N",133,60,60,"Ec",32,1,1,1,1,1,1
"7981",191,"Ec_N",134,1,1,"Ec",1,0,0,0,0,0,0
"7982",191,"Ec_N",134,2,2,"Ec",1,0,0,0,0,0,0
"7983",191,"Ec_N",134,3,3,"Ec",1,0,0,0,0,0,0
"7984",191,"Ec_N",134,4,4,"Ec",1,0,0,0,0,0,0
"7985",191,"Ec_N",134,5,5,"Ec",3,0,1,0,0,0,0.041311480051295
"7986",191,"Ec_N",134,6,6,"Ec",3,0,1,0,0,0,0.041311480051295
"7987",191,"Ec_N",134,7,7,"Ec",3,0,1,0,0,0,0.041311480051295
"7988",191,"Ec_N",134,8,8,"Ec",3,0,1,0,0,0,0.041311480051295
"7989",191,"Ec_N",134,9,9,"Ec",3,0,1,0,0,0,0.041311480051295
"7990",191,"Ec_N",134,10,10,"Ec",3,0,1,0,0,0,0.041311480051295
"7991",191,"Ec_N",134,11,11,"Ec",3,0,1,0,0,0,0.041311480051295
"7992",191,"Ec_N",134,12,12,"Ec",3,0,1,0,0,0,0.041311480051295
"7993",191,"Ec_N",134,13,13,"Ec",3,0,1,0,0,0,0.041311480051295
"7994",191,"Ec_N",134,14,14,"Ec",3,0,1,0,0,0,0.041311480051295
"7995",191,"Ec_N",134,15,15,"Ec",3,0,1,0,0,0,0.041311480051295
"7996",191,"Ec_N",134,16,16,"Ec",3,0,1,0,0,0,0.041311480051295
"7997",191,"Ec_N",134,17,17,"Ec",3,0,1,0,0,0,0.041311480051295
"7998",191,"Ec_N",134,18,18,"Ec",3,0,1,0,0,0,0.041311480051295
"7999",191,"Ec_N",134,19,19,"Ec",3,0,1,0,0,0,0.041311480051295
"8000",191,"Ec_N",134,20,20,"Ec",3,0,1,0,0,0,0.041311480051295
"8001",191,"Ec_N",134,21,21,"Ec",3,0,1,0,0,0,0.041311480051295
"8002",191,"Ec_N",134,22,22,"Ec",3,0,1,0,0,0,0.041311480051295
"8003",191,"Ec_N",134,23,23,"Ec",7,0,1,1,0,0,0.589282297794007
"8004",191,"Ec_N",134,24,24,"Ec",7,0,1,1,0,0,0.589282297794007
"8005",191,"Ec_N",134,25,25,"Ec",7,0,1,1,0,0,0.589282297794007
"8006",191,"Ec_N",134,26,26,"Ec",7,0,1,1,0,0,0.589282297794007
"8007",191,"Ec_N",134,27,27,"Ec",7,0,1,1,0,0,0.589282297794007
"8008",191,"Ec_N",134,28,28,"Ec",7,0,1,1,0,0,0.589282297794007
"8009",191,"Ec_N",134,29,29,"Ec",7,0,1,1,0,0,0.589282297794007
"8010",191,"Ec_N",134,30,30,"Ec",7,0,1,1,0,0,0.589282297794007
"8011",191,"Ec_N",134,31,31,"Ec",7,0,1,1,0,0,0.589282297794007
"8012",191,"Ec_N",134,32,32,"Ec",7,0,1,1,0,0,0.589282297794007
"8013",191,"Ec_N",134,33,33,"Ec",7,0,1,1,0,0,0.589282297794007
"8014",191,"Ec_N",134,34,34,"Ec",7,0,1,1,0,0,0.589282297794007
"8015",191,"Ec_N",134,35,35,"Ec",7,0,1,1,0,0,0.589282297794007
"8016",191,"Ec_N",134,36,36,"Ec",7,0,1,1,0,0,0.589282297794007
"8017",191,"Ec_N",134,37,37,"Ec",7,0,1,1,0,0,0.589282297794007
"8018",191,"Ec_N",134,38,38,"Ec",7,0,1,1,0,0,0.589282297794007
"8019",191,"Ec_N",134,39,39,"Ec",7,0,1,1,0,0,0.589282297794007
"8020",191,"Ec_N",134,40,40,"Ec",7,0,1,1,0,0,0.589282297794007
"8021",191,"Ec_N",134,41,41,"Ec",7,0,1,1,0,0,0.589282297794007
"8022",191,"Ec_N",134,42,42,"Ec",7,0,1,1,0,0,0.589282297794007
"8023",191,"Ec_N",134,43,43,"Ec",7,0,1,1,0,0,0.589282297794007
"8024",191,"Ec_N",134,44,44,"Ec",7,0,1,1,0,0,0.589282297794007
"8025",191,"Ec_N",134,45,45,"Ec",7,0,1,1,0,0,0.589282297794007
"8026",191,"Ec_N",134,46,46,"Ec",7,0,1,1,0,0,0.589282297794007
"8027",191,"Ec_N",134,47,47,"Ec",7,0,1,1,0,0,0.589282297794007
"8028",191,"Ec_N",134,48,48,"Ec",7,0,1,1,0,0,0.589282297794007
"8029",191,"Ec_N",134,49,49,"Ec",7,0,1,1,0,0,0.589282297794007
"8030",191,"Ec_N",134,50,50,"Ec",7,0,1,1,0,0,0.589282297794007
"8031",191,"Ec_N",134,51,51,"Ec",7,0,1,1,0,0,0.589282297794007
"8032",191,"Ec_N",134,52,52,"Ec",7,0,1,1,0,0,0.589282297794007
"8033",191,"Ec_N",134,53,53,"Ec",7,0,1,1,0,0,0.589282297794007
"8034",191,"Ec_N",134,54,54,"Ec",7,0,1,1,0,0,0.589282297794007
"8035",191,"Ec_N",134,55,55,"Ec",7,0,1,1,0,0,0.589282297794007
"8036",191,"Ec_N",134,56,56,"Ec",7,0,1,1,0,0,0.589282297794007
"8037",191,"Ec_N",134,57,57,"Ec",7,0,1,1,0,0,0.589282297794007
"8038",191,"Ec_N",134,58,58,"Ec",7,0,1,1,0,0,0.589282297794007
"8039",191,"Ec_N",134,59,59,"Ec",7,0,1,1,0,0,0.589282297794007
"8040",191,"Ec_N",134,60,60,"Ec",7,0,1,1,0,0,0.589282297794007
"8041",191,"Ec_N",135,1,1,"Ec",1,0,0,0,0,0,0
"8042",191,"Ec_N",135,2,2,"Ec",1,0,0,0,0,0,0
"8043",191,"Ec_N",135,3,3,"Ec",1,0,0,0,0,0,0
"8044",191,"Ec_N",135,4,4,"Ec",1,0,0,0,0,0,0
"8045",191,"Ec_N",135,5,5,"Ec",1,0,0,0,0,0,0
"8046",191,"Ec_N",135,6,6,"Ec",1,0,0,0,0,0,0
"8047",191,"Ec_N",135,7,7,"Ec",1,0,0,0,0,0,0
"8048",191,"Ec_N",135,8,8,"Ec",1,0,0,0,0,0,0
"8049",191,"Ec_N",135,9,9,"Ec",2,1,0,0,0,0,0.198020370545937
"8050",191,"Ec_N",135,10,10,"Ec",2,1,0,0,0,0,0.198020370545937
"8051",191,"Ec_N",135,11,11,"Ec",4,1,1,0,0,0,0.239331850597232
"8052",191,"Ec_N",135,12,12,"Ec",8,1,1,1,0,0,0.583469071478991
"8053",191,"Ec_N",135,13,13,"Ec",8,1,1,1,0,0,0.583469071478991
"8054",191,"Ec_N",135,14,14,"Ec",8,1,1,1,0,0,0.583469071478991
"8055",191,"Ec_N",135,15,15,"Ec",8,1,1,1,0,0,0.583469071478991
"8056",191,"Ec_N",135,16,16,"Ec",24,1,1,1,0,1,0.969458006928044
"8057",191,"Ec_N",135,17,17,"Ec",24,1,1,1,0,1,0.969458006928044
"8058",191,"Ec_N",135,18,18,"Ec",24,1,1,1,0,1,0.969458006928044
"8059",191,"Ec_N",135,19,19,"Ec",24,1,1,1,0,1,0.969458006928044
"8060",191,"Ec_N",135,20,20,"Ec",24,1,1,1,0,1,0.969458006928044
"8061",191,"Ec_N",135,21,21,"Ec",24,1,1,1,0,1,0.969458006928044
"8062",191,"Ec_N",135,22,22,"Ec",24,1,1,1,0,1,0.969458006928044
"8063",191,"Ec_N",135,23,23,"Ec",24,1,1,1,0,1,0.969458006928044
"8064",191,"Ec_N",135,24,24,"Ec",24,1,1,1,0,1,0.969458006928044
"8065",191,"Ec_N",135,25,25,"Ec",24,1,1,1,0,1,0.969458006928044
"8066",191,"Ec_N",135,26,26,"Ec",32,1,1,1,1,1,1
"8067",191,"Ec_N",135,27,27,"Ec",32,1,1,1,1,1,1
"8068",191,"Ec_N",135,28,28,"Ec",32,1,1,1,1,1,1
"8069",191,"Ec_N",135,29,29,"Ec",32,1,1,1,1,1,1
"8070",191,"Ec_N",135,30,30,"Ec",32,1,1,1,1,1,1
"8071",191,"Ec_N",135,31,31,"Ec",32,1,1,1,1,1,1
"8072",191,"Ec_N",135,32,32,"Ec",32,1,1,1,1,1,1
"8073",191,"Ec_N",135,33,33,"Ec",32,1,1,1,1,1,1
"8074",191,"Ec_N",135,34,34,"Ec",32,1,1,1,1,1,1
"8075",191,"Ec_N",135,35,35,"Ec",32,1,1,1,1,1,1
"8076",191,"Ec_N",135,36,36,"Ec",32,1,1,1,1,1,1
"8077",191,"Ec_N",135,37,37,"Ec",32,1,1,1,1,1,1
"8078",191,"Ec_N",135,38,38,"Ec",32,1,1,1,1,1,1
"8079",191,"Ec_N",135,39,39,"Ec",32,1,1,1,1,1,1
"8080",191,"Ec_N",135,40,40,"Ec",32,1,1,1,1,1,1
"8081",191,"Ec_N",135,41,41,"Ec",32,1,1,1,1,1,1
"8082",191,"Ec_N",135,42,42,"Ec",32,1,1,1,1,1,1
"8083",191,"Ec_N",135,43,43,"Ec",32,1,1,1,1,1,1
"8084",191,"Ec_N",135,44,44,"Ec",32,1,1,1,1,1,1
"8085",191,"Ec_N",135,45,45,"Ec",32,1,1,1,1,1,1
"8086",191,"Ec_N",135,46,46,"Ec",32,1,1,1,1,1,1
"8087",191,"Ec_N",135,47,47,"Ec",32,1,1,1,1,1,1
"8088",191,"Ec_N",135,48,48,"Ec",32,1,1,1,1,1,1
"8089",191,"Ec_N",135,49,49,"Ec",32,1,1,1,1,1,1
"8090",191,"Ec_N",135,50,50,"Ec",32,1,1,1,1,1,1
"8091",191,"Ec_N",135,51,51,"Ec",32,1,1,1,1,1,1
"8092",191,"Ec_N",135,52,52,"Ec",32,1,1,1,1,1,1
"8093",191,"Ec_N",135,53,53,"Ec",32,1,1,1,1,1,1
"8094",191,"Ec_N",135,54,54,"Ec",32,1,1,1,1,1,1
"8095",191,"Ec_N",135,55,55,"Ec",32,1,1,1,1,1,1
"8096",191,"Ec_N",135,56,56,"Ec",32,1,1,1,1,1,1
"8097",191,"Ec_N",135,57,57,"Ec",32,1,1,1,1,1,1
"8098",191,"Ec_N",135,58,58,"Ec",32,1,1,1,1,1,1
"8099",191,"Ec_N",135,59,59,"Ec",32,1,1,1,1,1,1
"8100",191,"Ec_N",135,60,60,"Ec",32,1,1,1,1,1,1
"8101",191,"Ec_N",136,1,1,"Ec",1,0,0,0,0,0,0
"8102",191,"Ec_N",136,2,2,"Ec",1,0,0,0,0,0,0
"8103",191,"Ec_N",136,3,3,"Ec",1,0,0,0,0,0,0
"8104",191,"Ec_N",136,4,4,"Ec",5,0,0,1,0,0,0.49313446766664
"8105",191,"Ec_N",136,5,5,"Ec",5,0,0,1,0,0,0.49313446766664
"8106",191,"Ec_N",136,6,6,"Ec",5,0,0,1,0,0,0.49313446766664
"8107",191,"Ec_N",136,7,7,"Ec",5,0,0,1,0,0,0.49313446766664
"8108",191,"Ec_N",136,8,8,"Ec",5,0,0,1,0,0,0.49313446766664
"8109",191,"Ec_N",136,9,9,"Ec",21,0,0,1,0,1,0.726280938342543
"8110",191,"Ec_N",136,10,10,"Ec",21,0,0,1,0,1,0.726280938342543
"8111",191,"Ec_N",136,11,11,"Ec",21,0,0,1,0,1,0.726280938342543
"8112",191,"Ec_N",136,12,12,"Ec",21,0,0,1,0,1,0.726280938342543
"8113",191,"Ec_N",136,13,13,"Ec",21,0,0,1,0,1,0.726280938342543
"8114",191,"Ec_N",136,14,14,"Ec",21,0,0,1,0,1,0.726280938342543
"8115",191,"Ec_N",136,15,15,"Ec",21,0,0,1,0,1,0.726280938342543
"8116",191,"Ec_N",136,16,16,"Ec",22,1,0,1,0,1,0.92522428176681
"8117",191,"Ec_N",136,17,17,"Ec",22,1,0,1,0,1,0.92522428176681
"8118",191,"Ec_N",136,18,18,"Ec",22,1,0,1,0,1,0.92522428176681
"8119",191,"Ec_N",136,19,19,"Ec",22,1,0,1,0,1,0.92522428176681
"8120",191,"Ec_N",136,20,20,"Ec",22,1,0,1,0,1,0.92522428176681
"8121",191,"Ec_N",136,21,21,"Ec",22,1,0,1,0,1,0.92522428176681
"8122",191,"Ec_N",136,22,22,"Ec",22,1,0,1,0,1,0.92522428176681
"8123",191,"Ec_N",136,23,23,"Ec",22,1,0,1,0,1,0.92522428176681
"8124",191,"Ec_N",136,24,24,"Ec",22,1,0,1,0,1,0.92522428176681
"8125",191,"Ec_N",136,25,25,"Ec",22,1,0,1,0,1,0.92522428176681
"8126",191,"Ec_N",136,26,26,"Ec",22,1,0,1,0,1,0.92522428176681
"8127",191,"Ec_N",136,27,27,"Ec",24,1,1,1,0,1,0.969458006928044
"8128",191,"Ec_N",136,28,28,"Ec",24,1,1,1,0,1,0.969458006928044
"8129",191,"Ec_N",136,29,29,"Ec",24,1,1,1,0,1,0.969458006928044
"8130",191,"Ec_N",136,30,30,"Ec",24,1,1,1,0,1,0.969458006928044
"8131",191,"Ec_N",136,31,31,"Ec",24,1,1,1,0,1,0.969458006928044
"8132",191,"Ec_N",136,32,32,"Ec",24,1,1,1,0,1,0.969458006928044
"8133",191,"Ec_N",136,33,33,"Ec",24,1,1,1,0,1,0.969458006928044
"8134",191,"Ec_N",136,34,34,"Ec",24,1,1,1,0,1,0.969458006928044
"8135",191,"Ec_N",136,35,35,"Ec",24,1,1,1,0,1,0.969458006928044
"8136",191,"Ec_N",136,36,36,"Ec",24,1,1,1,0,1,0.969458006928044
"8137",191,"Ec_N",136,37,37,"Ec",24,1,1,1,0,1,0.969458006928044
"8138",191,"Ec_N",136,38,38,"Ec",32,1,1,1,1,1,1
"8139",191,"Ec_N",136,39,39,"Ec",32,1,1,1,1,1,1
"8140",191,"Ec_N",136,40,40,"Ec",32,1,1,1,1,1,1
"8141",191,"Ec_N",136,41,41,"Ec",32,1,1,1,1,1,1
"8142",191,"Ec_N",136,42,42,"Ec",32,1,1,1,1,1,1
"8143",191,"Ec_N",136,43,43,"Ec",32,1,1,1,1,1,1
"8144",191,"Ec_N",136,44,44,"Ec",32,1,1,1,1,1,1
"8145",191,"Ec_N",136,45,45,"Ec",32,1,1,1,1,1,1
"8146",191,"Ec_N",136,46,46,"Ec",32,1,1,1,1,1,1
"8147",191,"Ec_N",136,47,47,"Ec",32,1,1,1,1,1,1
"8148",191,"Ec_N",136,48,48,"Ec",32,1,1,1,1,1,1
"8149",191,"Ec_N",136,49,49,"Ec",32,1,1,1,1,1,1
"8150",191,"Ec_N",136,50,50,"Ec",32,1,1,1,1,1,1
"8151",191,"Ec_N",136,51,51,"Ec",32,1,1,1,1,1,1
"8152",191,"Ec_N",136,52,52,"Ec",32,1,1,1,1,1,1
"8153",191,"Ec_N",136,53,53,"Ec",32,1,1,1,1,1,1
"8154",191,"Ec_N",136,54,54,"Ec",32,1,1,1,1,1,1
"8155",191,"Ec_N",136,55,55,"Ec",32,1,1,1,1,1,1
"8156",191,"Ec_N",136,56,56,"Ec",32,1,1,1,1,1,1
"8157",191,"Ec_N",136,57,57,"Ec",32,1,1,1,1,1,1
"8158",191,"Ec_N",136,58,58,"Ec",32,1,1,1,1,1,1
"8159",191,"Ec_N",136,59,59,"Ec",32,1,1,1,1,1,1
"8160",191,"Ec_N",136,60,60,"Ec",32,1,1,1,1,1,1
"8161",191,"Ec_N",137,1,1,"Ec",1,0,0,0,0,0,0
"8162",191,"Ec_N",137,2,2,"Ec",1,0,0,0,0,0,0
"8163",191,"Ec_N",137,3,3,"Ec",1,0,0,0,0,0,0
"8164",191,"Ec_N",137,4,4,"Ec",1,0,0,0,0,0,0
"8165",191,"Ec_N",137,5,5,"Ec",1,0,0,0,0,0,0
"8166",191,"Ec_N",137,6,6,"Ec",2,1,0,0,0,0,0.198020370545937
"8167",191,"Ec_N",137,7,7,"Ec",2,1,0,0,0,0,0.198020370545937
"8168",191,"Ec_N",137,8,8,"Ec",2,1,0,0,0,0,0.198020370545937
"8169",191,"Ec_N",137,9,9,"Ec",2,1,0,0,0,0,0.198020370545937
"8170",191,"Ec_N",137,10,10,"Ec",2,1,0,0,0,0,0.198020370545937
"8171",191,"Ec_N",137,11,11,"Ec",2,1,0,0,0,0,0.198020370545937
"8172",191,"Ec_N",137,12,12,"Ec",2,1,0,0,0,0,0.198020370545937
"8173",191,"Ec_N",137,13,13,"Ec",2,1,0,0,0,0,0.198020370545937
"8174",191,"Ec_N",137,14,14,"Ec",2,1,0,0,0,0,0.198020370545937
"8175",191,"Ec_N",137,15,15,"Ec",2,1,0,0,0,0,0.198020370545937
"8176",191,"Ec_N",137,16,16,"Ec",2,1,0,0,0,0,0.198020370545937
"8177",191,"Ec_N",137,17,17,"Ec",2,1,0,0,0,0,0.198020370545937
"8178",191,"Ec_N",137,18,18,"Ec",2,1,0,0,0,0,0.198020370545937
"8179",191,"Ec_N",137,19,19,"Ec",2,1,0,0,0,0,0.198020370545937
"8180",191,"Ec_N",137,20,20,"Ec",2,1,0,0,0,0,0.198020370545937
"8181",191,"Ec_N",137,21,21,"Ec",18,1,0,0,0,1,0.646504780524047
"8182",191,"Ec_N",137,22,22,"Ec",18,1,0,0,0,1,0.646504780524047
"8183",191,"Ec_N",137,23,23,"Ec",18,1,0,0,0,1,0.646504780524047
"8184",191,"Ec_N",137,24,24,"Ec",18,1,0,0,0,1,0.646504780524047
"8185",191,"Ec_N",137,25,25,"Ec",18,1,0,0,0,1,0.646504780524047
"8186",191,"Ec_N",137,26,26,"Ec",18,1,0,0,0,1,0.646504780524047
"8187",191,"Ec_N",137,27,27,"Ec",18,1,0,0,0,1,0.646504780524047
"8188",191,"Ec_N",137,28,28,"Ec",18,1,0,0,0,1,0.646504780524047
"8189",191,"Ec_N",137,29,29,"Ec",18,1,0,0,0,1,0.646504780524047
"8190",191,"Ec_N",137,30,30,"Ec",18,1,0,0,0,1,0.646504780524047
"8191",191,"Ec_N",137,31,31,"Ec",18,1,0,0,0,1,0.646504780524047
"8192",191,"Ec_N",137,32,32,"Ec",18,1,0,0,0,1,0.646504780524047
"8193",191,"Ec_N",137,33,33,"Ec",22,1,0,1,0,1,0.92522428176681
"8194",191,"Ec_N",137,34,34,"Ec",22,1,0,1,0,1,0.92522428176681
"8195",191,"Ec_N",137,35,35,"Ec",22,1,0,1,0,1,0.92522428176681
"8196",191,"Ec_N",137,36,36,"Ec",22,1,0,1,0,1,0.92522428176681
"8197",191,"Ec_N",137,37,37,"Ec",22,1,0,1,0,1,0.92522428176681
"8198",191,"Ec_N",137,38,38,"Ec",22,1,0,1,0,1,0.92522428176681
"8199",191,"Ec_N",137,39,39,"Ec",22,1,0,1,0,1,0.92522428176681
"8200",191,"Ec_N",137,40,40,"Ec",22,1,0,1,0,1,0.92522428176681
"8201",191,"Ec_N",137,41,41,"Ec",22,1,0,1,0,1,0.92522428176681
"8202",191,"Ec_N",137,42,42,"Ec",22,1,0,1,0,1,0.92522428176681
"8203",191,"Ec_N",137,43,43,"Ec",22,1,0,1,0,1,0.92522428176681
"8204",191,"Ec_N",137,44,44,"Ec",22,1,0,1,0,1,0.92522428176681
"8205",191,"Ec_N",137,45,45,"Ec",22,1,0,1,0,1,0.92522428176681
"8206",191,"Ec_N",137,46,46,"Ec",22,1,0,1,0,1,0.92522428176681
"8207",191,"Ec_N",137,47,47,"Ec",22,1,0,1,0,1,0.92522428176681
"8208",191,"Ec_N",137,48,48,"Ec",22,1,0,1,0,1,0.92522428176681
"8209",191,"Ec_N",137,49,49,"Ec",22,1,0,1,0,1,0.92522428176681
"8210",191,"Ec_N",137,50,50,"Ec",22,1,0,1,0,1,0.92522428176681
"8211",191,"Ec_N",137,51,51,"Ec",22,1,0,1,0,1,0.92522428176681
"8212",191,"Ec_N",137,52,52,"Ec",22,1,0,1,0,1,0.92522428176681
"8213",191,"Ec_N",137,53,53,"Ec",22,1,0,1,0,1,0.92522428176681
"8214",191,"Ec_N",137,54,54,"Ec",24,1,1,1,0,1,0.969458006928044
"8215",191,"Ec_N",137,55,55,"Ec",24,1,1,1,0,1,0.969458006928044
"8216",191,"Ec_N",137,56,56,"Ec",24,1,1,1,0,1,0.969458006928044
"8217",191,"Ec_N",137,57,57,"Ec",24,1,1,1,0,1,0.969458006928044
"8218",191,"Ec_N",137,58,58,"Ec",24,1,1,1,0,1,0.969458006928044
"8219",191,"Ec_N",137,59,59,"Ec",32,1,1,1,1,1,1
"8220",191,"Ec_N",137,60,60,"Ec",32,1,1,1,1,1,1
"8221",191,"Ec_N",138,1,1,"Ec",1,0,0,0,0,0,0
"8222",191,"Ec_N",138,2,2,"Ec",1,0,0,0,0,0,0
"8223",191,"Ec_N",138,3,3,"Ec",1,0,0,0,0,0,0
"8224",191,"Ec_N",138,4,4,"Ec",1,0,0,0,0,0,0
"8225",191,"Ec_N",138,5,5,"Ec",1,0,0,0,0,0,0
"8226",191,"Ec_N",138,6,6,"Ec",1,0,0,0,0,0,0
"8227",191,"Ec_N",138,7,7,"Ec",1,0,0,0,0,0,0
"8228",191,"Ec_N",138,8,8,"Ec",1,0,0,0,0,0,0
"8229",191,"Ec_N",138,9,9,"Ec",1,0,0,0,0,0,0
"8230",191,"Ec_N",138,10,10,"Ec",1,0,0,0,0,0,0
"8231",191,"Ec_N",138,11,11,"Ec",1,0,0,0,0,0,0
"8232",191,"Ec_N",138,12,12,"Ec",1,0,0,0,0,0,0
"8233",191,"Ec_N",138,13,13,"Ec",1,0,0,0,0,0,0
"8234",191,"Ec_N",138,14,14,"Ec",1,0,0,0,0,0,0
"8235",191,"Ec_N",138,15,15,"Ec",1,0,0,0,0,0,0
"8236",191,"Ec_N",138,16,16,"Ec",1,0,0,0,0,0,0
"8237",191,"Ec_N",138,17,17,"Ec",1,0,0,0,0,0,0
"8238",191,"Ec_N",138,18,18,"Ec",17,0,0,0,0,1,0.229834113103391
"8239",191,"Ec_N",138,19,19,"Ec",17,0,0,0,0,1,0.229834113103391
"8240",191,"Ec_N",138,20,20,"Ec",17,0,0,0,0,1,0.229834113103391
"8241",191,"Ec_N",138,21,21,"Ec",17,0,0,0,0,1,0.229834113103391
"8242",191,"Ec_N",138,22,22,"Ec",17,0,0,0,0,1,0.229834113103391
"8243",191,"Ec_N",138,23,23,"Ec",17,0,0,0,0,1,0.229834113103391
"8244",191,"Ec_N",138,24,24,"Ec",17,0,0,0,0,1,0.229834113103391
"8245",191,"Ec_N",138,25,25,"Ec",17,0,0,0,0,1,0.229834113103391
"8246",191,"Ec_N",138,26,26,"Ec",17,0,0,0,0,1,0.229834113103391
"8247",191,"Ec_N",138,27,27,"Ec",17,0,0,0,0,1,0.229834113103391
"8248",191,"Ec_N",138,28,28,"Ec",17,0,0,0,0,1,0.229834113103391
"8249",191,"Ec_N",138,29,29,"Ec",17,0,0,0,0,1,0.229834113103391
"8250",191,"Ec_N",138,30,30,"Ec",17,0,0,0,0,1,0.229834113103391
"8251",191,"Ec_N",138,31,31,"Ec",17,0,0,0,0,1,0.229834113103391
"8252",191,"Ec_N",138,32,32,"Ec",17,0,0,0,0,1,0.229834113103391
"8253",191,"Ec_N",138,33,33,"Ec",17,0,0,0,0,1,0.229834113103391
"8254",191,"Ec_N",138,34,34,"Ec",17,0,0,0,0,1,0.229834113103391
"8255",191,"Ec_N",138,35,35,"Ec",17,0,0,0,0,1,0.229834113103391
"8256",191,"Ec_N",138,36,36,"Ec",17,0,0,0,0,1,0.229834113103391
"8257",191,"Ec_N",138,37,37,"Ec",17,0,0,0,0,1,0.229834113103391
"8258",191,"Ec_N",138,38,38,"Ec",17,0,0,0,0,1,0.229834113103391
"8259",191,"Ec_N",138,39,39,"Ec",17,0,0,0,0,1,0.229834113103391
"8260",191,"Ec_N",138,40,40,"Ec",17,0,0,0,0,1,0.229834113103391
"8261",191,"Ec_N",138,41,41,"Ec",17,0,0,0,0,1,0.229834113103391
"8262",191,"Ec_N",138,42,42,"Ec",17,0,0,0,0,1,0.229834113103391
"8263",191,"Ec_N",138,43,43,"Ec",17,0,0,0,0,1,0.229834113103391
"8264",191,"Ec_N",138,44,44,"Ec",19,0,1,0,0,1,0.427300415500348
"8265",191,"Ec_N",138,45,45,"Ec",19,0,1,0,0,1,0.427300415500348
"8266",191,"Ec_N",138,46,46,"Ec",19,0,1,0,0,1,0.427300415500348
"8267",191,"Ec_N",138,47,47,"Ec",19,0,1,0,0,1,0.427300415500348
"8268",191,"Ec_N",138,48,48,"Ec",23,0,1,1,0,1,0.616809062130864
"8269",191,"Ec_N",138,49,49,"Ec",21,0,0,1,0,1,0.726280938342543
"8270",191,"Ec_N",138,50,50,"Ec",21,0,0,1,0,1,0.726280938342543
"8271",191,"Ec_N",138,51,51,"Ec",21,0,0,1,0,1,0.726280938342543
"8272",191,"Ec_N",138,52,52,"Ec",21,0,0,1,0,1,0.726280938342543
"8273",191,"Ec_N",138,53,53,"Ec",21,0,0,1,0,1,0.726280938342543
"8274",191,"Ec_N",138,54,54,"Ec",29,0,0,1,1,1,0.760668149402769
"8275",191,"Ec_N",138,55,55,"Ec",29,0,0,1,1,1,0.760668149402769
"8276",191,"Ec_N",138,56,56,"Ec",29,0,0,1,1,1,0.760668149402769
"8277",191,"Ec_N",138,57,57,"Ec",29,0,0,1,1,1,0.760668149402769
"8278",191,"Ec_N",138,58,58,"Ec",29,0,0,1,1,1,0.760668149402769
"8279",191,"Ec_N",138,59,59,"Ec",29,0,0,1,1,1,0.760668149402769
"8280",191,"Ec_N",138,60,60,"Ec",29,0,0,1,1,1,0.760668149402769
"8281",191,"Ec_N",139,1,1,"Ec",1,0,0,0,0,0,0
"8282",191,"Ec_N",139,2,2,"Ec",1,0,0,0,0,0,0
"8283",191,"Ec_N",139,3,3,"Ec",1,0,0,0,0,0,0
"8284",191,"Ec_N",139,4,4,"Ec",17,0,0,0,0,1,0.229834113103391
"8285",191,"Ec_N",139,5,5,"Ec",17,0,0,0,0,1,0.229834113103391
"8286",191,"Ec_N",139,6,6,"Ec",17,0,0,0,0,1,0.229834113103391
"8287",191,"Ec_N",139,7,7,"Ec",17,0,0,0,0,1,0.229834113103391
"8288",191,"Ec_N",139,8,8,"Ec",17,0,0,0,0,1,0.229834113103391
"8289",191,"Ec_N",139,9,9,"Ec",17,0,0,0,0,1,0.229834113103391
"8290",191,"Ec_N",139,10,10,"Ec",21,0,0,1,0,1,0.726280938342543
"8291",191,"Ec_N",139,11,11,"Ec",21,0,0,1,0,1,0.726280938342543
"8292",191,"Ec_N",139,12,12,"Ec",21,0,0,1,0,1,0.726280938342543
"8293",191,"Ec_N",139,13,13,"Ec",21,0,0,1,0,1,0.726280938342543
"8294",191,"Ec_N",139,14,14,"Ec",21,0,0,1,0,1,0.726280938342543
"8295",191,"Ec_N",139,15,15,"Ec",21,0,0,1,0,1,0.726280938342543
"8296",191,"Ec_N",139,16,16,"Ec",21,0,0,1,0,1,0.726280938342543
"8297",191,"Ec_N",139,17,17,"Ec",21,0,0,1,0,1,0.726280938342543
"8298",191,"Ec_N",139,18,18,"Ec",21,0,0,1,0,1,0.726280938342543
"8299",191,"Ec_N",139,19,19,"Ec",21,0,0,1,0,1,0.726280938342543
"8300",191,"Ec_N",139,20,20,"Ec",21,0,0,1,0,1,0.726280938342543
"8301",191,"Ec_N",139,21,21,"Ec",21,0,0,1,0,1,0.726280938342543
"8302",191,"Ec_N",139,22,22,"Ec",21,0,0,1,0,1,0.726280938342543
"8303",191,"Ec_N",139,23,23,"Ec",21,0,0,1,0,1,0.726280938342543
"8304",191,"Ec_N",139,24,24,"Ec",21,0,0,1,0,1,0.726280938342543
"8305",191,"Ec_N",139,25,25,"Ec",22,1,0,1,0,1,0.92522428176681
"8306",191,"Ec_N",139,26,26,"Ec",24,1,1,1,0,1,0.969458006928044
"8307",191,"Ec_N",139,27,27,"Ec",24,1,1,1,0,1,0.969458006928044
"8308",191,"Ec_N",139,28,28,"Ec",24,1,1,1,0,1,0.969458006928044
"8309",191,"Ec_N",139,29,29,"Ec",24,1,1,1,0,1,0.969458006928044
"8310",191,"Ec_N",139,30,30,"Ec",24,1,1,1,0,1,0.969458006928044
"8311",191,"Ec_N",139,31,31,"Ec",24,1,1,1,0,1,0.969458006928044
"8312",191,"Ec_N",139,32,32,"Ec",24,1,1,1,0,1,0.969458006928044
"8313",191,"Ec_N",139,33,33,"Ec",24,1,1,1,0,1,0.969458006928044
"8314",191,"Ec_N",139,34,34,"Ec",24,1,1,1,0,1,0.969458006928044
"8315",191,"Ec_N",139,35,35,"Ec",24,1,1,1,0,1,0.969458006928044
"8316",191,"Ec_N",139,36,36,"Ec",32,1,1,1,1,1,1
"8317",191,"Ec_N",139,37,37,"Ec",32,1,1,1,1,1,1
"8318",191,"Ec_N",139,38,38,"Ec",32,1,1,1,1,1,1
"8319",191,"Ec_N",139,39,39,"Ec",32,1,1,1,1,1,1
"8320",191,"Ec_N",139,40,40,"Ec",32,1,1,1,1,1,1
"8321",191,"Ec_N",139,41,41,"Ec",32,1,1,1,1,1,1
"8322",191,"Ec_N",139,42,42,"Ec",32,1,1,1,1,1,1
"8323",191,"Ec_N",139,43,43,"Ec",32,1,1,1,1,1,1
"8324",191,"Ec_N",139,44,44,"Ec",32,1,1,1,1,1,1
"8325",191,"Ec_N",139,45,45,"Ec",32,1,1,1,1,1,1
"8326",191,"Ec_N",139,46,46,"Ec",32,1,1,1,1,1,1
"8327",191,"Ec_N",139,47,47,"Ec",32,1,1,1,1,1,1
"8328",191,"Ec_N",139,48,48,"Ec",32,1,1,1,1,1,1
"8329",191,"Ec_N",139,49,49,"Ec",32,1,1,1,1,1,1
"8330",191,"Ec_N",139,50,50,"Ec",32,1,1,1,1,1,1
"8331",191,"Ec_N",139,51,51,"Ec",32,1,1,1,1,1,1
"8332",191,"Ec_N",139,52,52,"Ec",32,1,1,1,1,1,1
"8333",191,"Ec_N",139,53,53,"Ec",32,1,1,1,1,1,1
"8334",191,"Ec_N",139,54,54,"Ec",32,1,1,1,1,1,1
"8335",191,"Ec_N",139,55,55,"Ec",32,1,1,1,1,1,1
"8336",191,"Ec_N",139,56,56,"Ec",32,1,1,1,1,1,1
"8337",191,"Ec_N",139,57,57,"Ec",32,1,1,1,1,1,1
"8338",191,"Ec_N",139,58,58,"Ec",32,1,1,1,1,1,1
"8339",191,"Ec_N",139,59,59,"Ec",32,1,1,1,1,1,1
"8340",191,"Ec_N",139,60,60,"Ec",32,1,1,1,1,1,1
"8341",191,"Ec_N",140,1,1,"Ec",1,0,0,0,0,0,0
"8342",191,"Ec_N",140,2,2,"Ec",1,0,0,0,0,0,0
"8343",191,"Ec_N",140,3,3,"Ec",1,0,0,0,0,0,0
"8344",191,"Ec_N",140,4,4,"Ec",1,0,0,0,0,0,0
"8345",191,"Ec_N",140,5,5,"Ec",1,0,0,0,0,0,0
"8346",191,"Ec_N",140,6,6,"Ec",1,0,0,0,0,0,0
"8347",191,"Ec_N",140,7,7,"Ec",1,0,0,0,0,0,0
"8348",191,"Ec_N",140,8,8,"Ec",1,0,0,0,0,0,0
"8349",191,"Ec_N",140,9,9,"Ec",1,0,0,0,0,0,0
"8350",191,"Ec_N",140,10,10,"Ec",1,0,0,0,0,0,0
"8351",191,"Ec_N",140,11,11,"Ec",1,0,0,0,0,0,0
"8352",191,"Ec_N",140,12,12,"Ec",1,0,0,0,0,0,0
"8353",191,"Ec_N",140,13,13,"Ec",1,0,0,0,0,0,0
"8354",191,"Ec_N",140,14,14,"Ec",1,0,0,0,0,0,0
"8355",191,"Ec_N",140,15,15,"Ec",1,0,0,0,0,0,0
"8356",191,"Ec_N",140,16,16,"Ec",1,0,0,0,0,0,0
"8357",191,"Ec_N",140,17,17,"Ec",1,0,0,0,0,0,0
"8358",191,"Ec_N",140,18,18,"Ec",1,0,0,0,0,0,0
"8359",191,"Ec_N",140,19,19,"Ec",17,0,0,0,0,1,0.229834113103391
"8360",191,"Ec_N",140,20,20,"Ec",19,0,1,0,0,1,0.427300415500348
"8361",191,"Ec_N",140,21,21,"Ec",19,0,1,0,0,1,0.427300415500348
"8362",191,"Ec_N",140,22,22,"Ec",19,0,1,0,0,1,0.427300415500348
"8363",191,"Ec_N",140,23,23,"Ec",20,1,1,0,0,1,0.610298755308086
"8364",191,"Ec_N",140,24,24,"Ec",20,1,1,0,0,1,0.610298755308086
"8365",191,"Ec_N",140,25,25,"Ec",20,1,1,0,0,1,0.610298755308086
"8366",191,"Ec_N",140,26,26,"Ec",20,1,1,0,0,1,0.610298755308086
"8367",191,"Ec_N",140,27,27,"Ec",24,1,1,1,0,1,0.969458006928044
"8368",191,"Ec_N",140,28,28,"Ec",24,1,1,1,0,1,0.969458006928044
"8369",191,"Ec_N",140,29,29,"Ec",24,1,1,1,0,1,0.969458006928044
"8370",191,"Ec_N",140,30,30,"Ec",24,1,1,1,0,1,0.969458006928044
"8371",191,"Ec_N",140,31,31,"Ec",24,1,1,1,0,1,0.969458006928044
"8372",191,"Ec_N",140,32,32,"Ec",24,1,1,1,0,1,0.969458006928044
"8373",191,"Ec_N",140,33,33,"Ec",24,1,1,1,0,1,0.969458006928044
"8374",191,"Ec_N",140,34,34,"Ec",24,1,1,1,0,1,0.969458006928044
"8375",191,"Ec_N",140,35,35,"Ec",24,1,1,1,0,1,0.969458006928044
"8376",191,"Ec_N",140,36,36,"Ec",24,1,1,1,0,1,0.969458006928044
"8377",191,"Ec_N",140,37,37,"Ec",24,1,1,1,0,1,0.969458006928044
"8378",191,"Ec_N",140,38,38,"Ec",24,1,1,1,0,1,0.969458006928044
"8379",191,"Ec_N",140,39,39,"Ec",32,1,1,1,1,1,1
"8380",191,"Ec_N",140,40,40,"Ec",32,1,1,1,1,1,1
"8381",191,"Ec_N",140,41,41,"Ec",32,1,1,1,1,1,1
"8382",191,"Ec_N",140,42,42,"Ec",32,1,1,1,1,1,1
"8383",191,"Ec_N",140,43,43,"Ec",32,1,1,1,1,1,1
"8384",191,"Ec_N",140,44,44,"Ec",32,1,1,1,1,1,1
"8385",191,"Ec_N",140,45,45,"Ec",32,1,1,1,1,1,1
"8386",191,"Ec_N",140,46,46,"Ec",32,1,1,1,1,1,1
"8387",191,"Ec_N",140,47,47,"Ec",32,1,1,1,1,1,1
"8388",191,"Ec_N",140,48,48,"Ec",32,1,1,1,1,1,1
"8389",191,"Ec_N",140,49,49,"Ec",32,1,1,1,1,1,1
"8390",191,"Ec_N",140,50,50,"Ec",32,1,1,1,1,1,1
"8391",191,"Ec_N",140,51,51,"Ec",32,1,1,1,1,1,1
"8392",191,"Ec_N",140,52,52,"Ec",32,1,1,1,1,1,1
"8393",191,"Ec_N",140,53,53,"Ec",32,1,1,1,1,1,1
"8394",191,"Ec_N",140,54,54,"Ec",32,1,1,1,1,1,1
"8395",191,"Ec_N",140,55,55,"Ec",32,1,1,1,1,1,1
"8396",191,"Ec_N",140,56,56,"Ec",32,1,1,1,1,1,1
"8397",191,"Ec_N",140,57,57,"Ec",32,1,1,1,1,1,1
"8398",191,"Ec_N",140,58,58,"Ec",32,1,1,1,1,1,1
"8399",191,"Ec_N",140,59,59,"Ec",32,1,1,1,1,1,1
"8400",191,"Ec_N",140,60,60,"Ec",32,1,1,1,1,1,1
"8401",191,"Ec_N",141,1,1,"Ec",1,0,0,0,0,0,0
"8402",191,"Ec_N",141,2,2,"Ec",1,0,0,0,0,0,0
"8403",191,"Ec_N",141,3,3,"Ec",1,0,0,0,0,0,0
"8404",191,"Ec_N",141,4,4,"Ec",1,0,0,0,0,0,0
"8405",191,"Ec_N",141,5,5,"Ec",3,0,1,0,0,0,0.041311480051295
"8406",191,"Ec_N",141,6,6,"Ec",3,0,1,0,0,0,0.041311480051295
"8407",191,"Ec_N",141,7,7,"Ec",3,0,1,0,0,0,0.041311480051295
"8408",191,"Ec_N",141,8,8,"Ec",3,0,1,0,0,0,0.041311480051295
"8409",191,"Ec_N",141,9,9,"Ec",3,0,1,0,0,0,0.041311480051295
"8410",191,"Ec_N",141,10,10,"Ec",3,0,1,0,0,0,0.041311480051295
"8411",191,"Ec_N",141,11,11,"Ec",3,0,1,0,0,0,0.041311480051295
"8412",191,"Ec_N",141,12,12,"Ec",3,0,1,0,0,0,0.041311480051295
"8413",191,"Ec_N",141,13,13,"Ec",3,0,1,0,0,0,0.041311480051295
"8414",191,"Ec_N",141,14,14,"Ec",3,0,1,0,0,0,0.041311480051295
"8415",191,"Ec_N",141,15,15,"Ec",3,0,1,0,0,0,0.041311480051295
"8416",191,"Ec_N",141,16,16,"Ec",3,0,1,0,0,0,0.041311480051295
"8417",191,"Ec_N",141,17,17,"Ec",3,0,1,0,0,0,0.041311480051295
"8418",191,"Ec_N",141,18,18,"Ec",19,0,1,0,0,1,0.427300415500348
"8419",191,"Ec_N",141,19,19,"Ec",19,0,1,0,0,1,0.427300415500348
"8420",191,"Ec_N",141,20,20,"Ec",19,0,1,0,0,1,0.427300415500348
"8421",191,"Ec_N",141,21,21,"Ec",19,0,1,0,0,1,0.427300415500348
"8422",191,"Ec_N",141,22,22,"Ec",19,0,1,0,0,1,0.427300415500348
"8423",191,"Ec_N",141,23,23,"Ec",19,0,1,0,0,1,0.427300415500348
"8424",191,"Ec_N",141,24,24,"Ec",20,1,1,0,0,1,0.610298755308086
"8425",191,"Ec_N",141,25,25,"Ec",20,1,1,0,0,1,0.610298755308086
"8426",191,"Ec_N",141,26,26,"Ec",20,1,1,0,0,1,0.610298755308086
"8427",191,"Ec_N",141,27,27,"Ec",20,1,1,0,0,1,0.610298755308086
"8428",191,"Ec_N",141,28,28,"Ec",20,1,1,0,0,1,0.610298755308086
"8429",191,"Ec_N",141,29,29,"Ec",20,1,1,0,0,1,0.610298755308086
"8430",191,"Ec_N",141,30,30,"Ec",20,1,1,0,0,1,0.610298755308086
"8431",191,"Ec_N",141,31,31,"Ec",20,1,1,0,0,1,0.610298755308086
"8432",191,"Ec_N",141,32,32,"Ec",20,1,1,0,0,1,0.610298755308086
"8433",191,"Ec_N",141,33,33,"Ec",18,1,0,0,0,1,0.646504780524047
"8434",191,"Ec_N",141,34,34,"Ec",22,1,0,1,0,1,0.92522428176681
"8435",191,"Ec_N",141,35,35,"Ec",22,1,0,1,0,1,0.92522428176681
"8436",191,"Ec_N",141,36,36,"Ec",22,1,0,1,0,1,0.92522428176681
"8437",191,"Ec_N",141,37,37,"Ec",22,1,0,1,0,1,0.92522428176681
"8438",191,"Ec_N",141,38,38,"Ec",22,1,0,1,0,1,0.92522428176681
"8439",191,"Ec_N",141,39,39,"Ec",30,1,0,1,1,1,0.958688519948705
"8440",191,"Ec_N",141,40,40,"Ec",30,1,0,1,1,1,0.958688519948705
"8441",191,"Ec_N",141,41,41,"Ec",30,1,0,1,1,1,0.958688519948705
"8442",191,"Ec_N",141,42,42,"Ec",30,1,0,1,1,1,0.958688519948705
"8443",191,"Ec_N",141,43,43,"Ec",30,1,0,1,1,1,0.958688519948705
"8444",191,"Ec_N",141,44,44,"Ec",30,1,0,1,1,1,0.958688519948705
"8445",191,"Ec_N",141,45,45,"Ec",30,1,0,1,1,1,0.958688519948705
"8446",191,"Ec_N",141,46,46,"Ec",30,1,0,1,1,1,0.958688519948705
"8447",191,"Ec_N",141,47,47,"Ec",30,1,0,1,1,1,0.958688519948705
"8448",191,"Ec_N",141,48,48,"Ec",30,1,0,1,1,1,0.958688519948705
"8449",191,"Ec_N",141,49,49,"Ec",30,1,0,1,1,1,0.958688519948705
"8450",191,"Ec_N",141,50,50,"Ec",30,1,0,1,1,1,0.958688519948705
"8451",191,"Ec_N",141,51,51,"Ec",30,1,0,1,1,1,0.958688519948705
"8452",191,"Ec_N",141,52,52,"Ec",30,1,0,1,1,1,0.958688519948705
"8453",191,"Ec_N",141,53,53,"Ec",30,1,0,1,1,1,0.958688519948705
"8454",191,"Ec_N",141,54,54,"Ec",30,1,0,1,1,1,0.958688519948705
"8455",191,"Ec_N",141,55,55,"Ec",30,1,0,1,1,1,0.958688519948705
"8456",191,"Ec_N",141,56,56,"Ec",30,1,0,1,1,1,0.958688519948705
"8457",191,"Ec_N",141,57,57,"Ec",30,1,0,1,1,1,0.958688519948705
"8458",191,"Ec_N",141,58,58,"Ec",30,1,0,1,1,1,0.958688519948705
"8459",191,"Ec_N",141,59,59,"Ec",30,1,0,1,1,1,0.958688519948705
"8460",191,"Ec_N",141,60,60,"Ec",30,1,0,1,1,1,0.958688519948705
"8461",191,"Ec_N",142,1,1,"Ec",1,0,0,0,0,0,0
"8462",191,"Ec_N",142,2,2,"Ec",9,0,0,0,1,0,0.0305419930719563
"8463",191,"Ec_N",142,3,3,"Ec",9,0,0,0,1,0,0.0305419930719563
"8464",191,"Ec_N",142,4,4,"Ec",9,0,0,0,1,0,0.0305419930719563
"8465",191,"Ec_N",142,5,5,"Ec",9,0,0,0,1,0,0.0305419930719563
"8466",191,"Ec_N",142,6,6,"Ec",9,0,0,0,1,0,0.0305419930719563
"8467",191,"Ec_N",142,7,7,"Ec",9,0,0,0,1,0,0.0305419930719563
"8468",191,"Ec_N",142,8,8,"Ec",9,0,0,0,1,0,0.0305419930719563
"8469",191,"Ec_N",142,9,9,"Ec",13,0,0,1,1,0,0.374679213953716
"8470",191,"Ec_N",142,10,10,"Ec",13,0,0,1,1,0,0.374679213953716
"8471",191,"Ec_N",142,11,11,"Ec",15,0,1,1,1,0,0.437080043527332
"8472",191,"Ec_N",142,12,12,"Ec",15,0,1,1,1,0,0.437080043527332
"8473",191,"Ec_N",142,13,13,"Ec",31,0,1,1,1,1,0.801979629454064
"8474",191,"Ec_N",142,14,14,"Ec",31,0,1,1,1,1,0.801979629454064
"8475",191,"Ec_N",142,15,15,"Ec",31,0,1,1,1,1,0.801979629454064
"8476",191,"Ec_N",142,16,16,"Ec",31,0,1,1,1,1,0.801979629454064
"8477",191,"Ec_N",142,17,17,"Ec",31,0,1,1,1,1,0.801979629454064
"8478",191,"Ec_N",142,18,18,"Ec",31,0,1,1,1,1,0.801979629454064
"8479",191,"Ec_N",142,19,19,"Ec",31,0,1,1,1,1,0.801979629454064
"8480",191,"Ec_N",142,20,20,"Ec",31,0,1,1,1,1,0.801979629454064
"8481",191,"Ec_N",142,21,21,"Ec",31,0,1,1,1,1,0.801979629454064
"8482",191,"Ec_N",142,22,22,"Ec",31,0,1,1,1,1,0.801979629454064
"8483",191,"Ec_N",142,23,23,"Ec",31,0,1,1,1,1,0.801979629454064
"8484",191,"Ec_N",142,24,24,"Ec",31,0,1,1,1,1,0.801979629454064
"8485",191,"Ec_N",142,25,25,"Ec",32,1,1,1,1,1,1
"8486",191,"Ec_N",142,26,26,"Ec",32,1,1,1,1,1,1
"8487",191,"Ec_N",142,27,27,"Ec",32,1,1,1,1,1,1
"8488",191,"Ec_N",142,28,28,"Ec",32,1,1,1,1,1,1
"8489",191,"Ec_N",142,29,29,"Ec",32,1,1,1,1,1,1
"8490",191,"Ec_N",142,30,30,"Ec",32,1,1,1,1,1,1
"8491",191,"Ec_N",142,31,31,"Ec",32,1,1,1,1,1,1
"8492",191,"Ec_N",142,32,32,"Ec",32,1,1,1,1,1,1
"8493",191,"Ec_N",142,33,33,"Ec",32,1,1,1,1,1,1
"8494",191,"Ec_N",142,34,34,"Ec",32,1,1,1,1,1,1
"8495",191,"Ec_N",142,35,35,"Ec",32,1,1,1,1,1,1
"8496",191,"Ec_N",142,36,36,"Ec",32,1,1,1,1,1,1
"8497",191,"Ec_N",142,37,37,"Ec",32,1,1,1,1,1,1
"8498",191,"Ec_N",142,38,38,"Ec",32,1,1,1,1,1,1
"8499",191,"Ec_N",142,39,39,"Ec",32,1,1,1,1,1,1
"8500",191,"Ec_N",142,40,40,"Ec",32,1,1,1,1,1,1
"8501",191,"Ec_N",142,41,41,"Ec",32,1,1,1,1,1,1
"8502",191,"Ec_N",142,42,42,"Ec",32,1,1,1,1,1,1
"8503",191,"Ec_N",142,43,43,"Ec",32,1,1,1,1,1,1
"8504",191,"Ec_N",142,44,44,"Ec",32,1,1,1,1,1,1
"8505",191,"Ec_N",142,45,45,"Ec",32,1,1,1,1,1,1
"8506",191,"Ec_N",142,46,46,"Ec",32,1,1,1,1,1,1
"8507",191,"Ec_N",142,47,47,"Ec",32,1,1,1,1,1,1
"8508",191,"Ec_N",142,48,48,"Ec",32,1,1,1,1,1,1
"8509",191,"Ec_N",142,49,49,"Ec",32,1,1,1,1,1,1
"8510",191,"Ec_N",142,50,50,"Ec",32,1,1,1,1,1,1
"8511",191,"Ec_N",142,51,51,"Ec",32,1,1,1,1,1,1
"8512",191,"Ec_N",142,52,52,"Ec",32,1,1,1,1,1,1
"8513",191,"Ec_N",142,53,53,"Ec",32,1,1,1,1,1,1
"8514",191,"Ec_N",142,54,54,"Ec",32,1,1,1,1,1,1
"8515",191,"Ec_N",142,55,55,"Ec",32,1,1,1,1,1,1
"8516",191,"Ec_N",142,56,56,"Ec",32,1,1,1,1,1,1
"8517",191,"Ec_N",142,57,57,"Ec",32,1,1,1,1,1,1
"8518",191,"Ec_N",142,58,58,"Ec",32,1,1,1,1,1,1
"8519",191,"Ec_N",142,59,59,"Ec",32,1,1,1,1,1,1
"8520",191,"Ec_N",142,60,60,"Ec",32,1,1,1,1,1,1
"8521",191,"Ec_N",143,1,1,"Ec",1,0,0,0,0,0,0
"8522",191,"Ec_N",143,2,2,"Ec",1,0,0,0,0,0,0
"8523",191,"Ec_N",143,3,3,"Ec",2,1,0,0,0,0,0.198020370545937
"8524",191,"Ec_N",143,4,4,"Ec",2,1,0,0,0,0,0.198020370545937
"8525",191,"Ec_N",143,5,5,"Ec",2,1,0,0,0,0,0.198020370545937
"8526",191,"Ec_N",143,6,6,"Ec",2,1,0,0,0,0,0.198020370545937
"8527",191,"Ec_N",143,7,7,"Ec",2,1,0,0,0,0,0.198020370545937
"8528",191,"Ec_N",143,8,8,"Ec",2,1,0,0,0,0,0.198020370545937
"8529",191,"Ec_N",143,9,9,"Ec",2,1,0,0,0,0,0.198020370545937
"8530",191,"Ec_N",143,10,10,"Ec",2,1,0,0,0,0,0.198020370545937
"8531",191,"Ec_N",143,11,11,"Ec",10,1,0,0,1,0,0.228562363617893
"8532",191,"Ec_N",143,12,12,"Ec",10,1,0,0,1,0,0.228562363617893
"8533",191,"Ec_N",143,13,13,"Ec",10,1,0,0,1,0,0.228562363617893
"8534",191,"Ec_N",143,14,14,"Ec",10,1,0,0,1,0,0.228562363617893
"8535",191,"Ec_N",143,15,15,"Ec",10,1,0,0,1,0,0.228562363617893
"8536",191,"Ec_N",143,16,16,"Ec",10,1,0,0,1,0,0.228562363617893
"8537",191,"Ec_N",143,17,17,"Ec",10,1,0,0,1,0,0.228562363617893
"8538",191,"Ec_N",143,18,18,"Ec",10,1,0,0,1,0,0.228562363617893
"8539",191,"Ec_N",143,19,19,"Ec",10,1,0,0,1,0,0.228562363617893
"8540",191,"Ec_N",143,20,20,"Ec",26,1,0,0,1,1,0.514384015075299
"8541",191,"Ec_N",143,21,21,"Ec",26,1,0,0,1,1,0.514384015075299
"8542",191,"Ec_N",143,22,22,"Ec",26,1,0,0,1,1,0.514384015075299
"8543",191,"Ec_N",143,23,23,"Ec",26,1,0,0,1,1,0.514384015075299
"8544",191,"Ec_N",143,24,24,"Ec",26,1,0,0,1,1,0.514384015075299
"8545",191,"Ec_N",143,25,25,"Ec",30,1,0,1,1,1,0.958688519948705
"8546",191,"Ec_N",143,26,26,"Ec",30,1,0,1,1,1,0.958688519948705
"8547",191,"Ec_N",143,27,27,"Ec",30,1,0,1,1,1,0.958688519948705
"8548",191,"Ec_N",143,28,28,"Ec",30,1,0,1,1,1,0.958688519948705
"8549",191,"Ec_N",143,29,29,"Ec",32,1,1,1,1,1,1
"8550",191,"Ec_N",143,30,30,"Ec",32,1,1,1,1,1,1
"8551",191,"Ec_N",143,31,31,"Ec",32,1,1,1,1,1,1
"8552",191,"Ec_N",143,32,32,"Ec",32,1,1,1,1,1,1
"8553",191,"Ec_N",143,33,33,"Ec",32,1,1,1,1,1,1
"8554",191,"Ec_N",143,34,34,"Ec",32,1,1,1,1,1,1
"8555",191,"Ec_N",143,35,35,"Ec",32,1,1,1,1,1,1
"8556",191,"Ec_N",143,36,36,"Ec",32,1,1,1,1,1,1
"8557",191,"Ec_N",143,37,37,"Ec",32,1,1,1,1,1,1
"8558",191,"Ec_N",143,38,38,"Ec",32,1,1,1,1,1,1
"8559",191,"Ec_N",143,39,39,"Ec",32,1,1,1,1,1,1
"8560",191,"Ec_N",143,40,40,"Ec",32,1,1,1,1,1,1
"8561",191,"Ec_N",143,41,41,"Ec",32,1,1,1,1,1,1
"8562",191,"Ec_N",143,42,42,"Ec",32,1,1,1,1,1,1
"8563",191,"Ec_N",143,43,43,"Ec",32,1,1,1,1,1,1
"8564",191,"Ec_N",143,44,44,"Ec",32,1,1,1,1,1,1
"8565",191,"Ec_N",143,45,45,"Ec",32,1,1,1,1,1,1
"8566",191,"Ec_N",143,46,46,"Ec",32,1,1,1,1,1,1
"8567",191,"Ec_N",143,47,47,"Ec",32,1,1,1,1,1,1
"8568",191,"Ec_N",143,48,48,"Ec",32,1,1,1,1,1,1
"8569",191,"Ec_N",143,49,49,"Ec",32,1,1,1,1,1,1
"8570",191,"Ec_N",143,50,50,"Ec",32,1,1,1,1,1,1
"8571",191,"Ec_N",143,51,51,"Ec",32,1,1,1,1,1,1
"8572",191,"Ec_N",143,52,52,"Ec",32,1,1,1,1,1,1
"8573",191,"Ec_N",143,53,53,"Ec",32,1,1,1,1,1,1
"8574",191,"Ec_N",143,54,54,"Ec",32,1,1,1,1,1,1
"8575",191,"Ec_N",143,55,55,"Ec",32,1,1,1,1,1,1
"8576",191,"Ec_N",143,56,56,"Ec",32,1,1,1,1,1,1
"8577",191,"Ec_N",143,57,57,"Ec",32,1,1,1,1,1,1
"8578",191,"Ec_N",143,58,58,"Ec",32,1,1,1,1,1,1
"8579",191,"Ec_N",143,59,59,"Ec",32,1,1,1,1,1,1
"8580",191,"Ec_N",143,60,60,"Ec",32,1,1,1,1,1,1
"8581",191,"Ec_N",144,1,1,"Ec",1,0,0,0,0,0,0
"8582",191,"Ec_N",144,2,2,"Ec",1,0,0,0,0,0,0
"8583",191,"Ec_N",144,3,3,"Ec",1,0,0,0,0,0,0
"8584",191,"Ec_N",144,4,4,"Ec",1,0,0,0,0,0,0
"8585",191,"Ec_N",144,5,5,"Ec",1,0,0,0,0,0,0
"8586",191,"Ec_N",144,6,6,"Ec",1,0,0,0,0,0,0
"8587",191,"Ec_N",144,7,7,"Ec",1,0,0,0,0,0,0
"8588",191,"Ec_N",144,8,8,"Ec",1,0,0,0,0,0,0
"8589",191,"Ec_N",144,9,9,"Ec",1,0,0,0,0,0,0
"8590",191,"Ec_N",144,10,10,"Ec",1,0,0,0,0,0,0
"8591",191,"Ec_N",144,11,11,"Ec",9,0,0,0,1,0,0.0305419930719563
"8592",191,"Ec_N",144,12,12,"Ec",25,0,0,0,1,1,0.403163568932085
"8593",191,"Ec_N",144,13,13,"Ec",25,0,0,0,1,1,0.403163568932085
"8594",191,"Ec_N",144,14,14,"Ec",25,0,0,0,1,1,0.403163568932085
"8595",191,"Ec_N",144,15,15,"Ec",25,0,0,0,1,1,0.403163568932085
"8596",191,"Ec_N",144,16,16,"Ec",25,0,0,0,1,1,0.403163568932085
"8597",191,"Ec_N",144,17,17,"Ec",25,0,0,0,1,1,0.403163568932085
"8598",191,"Ec_N",144,18,18,"Ec",29,0,0,1,1,1,0.760668149402769
"8599",191,"Ec_N",144,19,19,"Ec",29,0,0,1,1,1,0.760668149402769
"8600",191,"Ec_N",144,20,20,"Ec",29,0,0,1,1,1,0.760668149402769
"8601",191,"Ec_N",144,21,21,"Ec",29,0,0,1,1,1,0.760668149402769
"8602",191,"Ec_N",144,22,22,"Ec",31,0,1,1,1,1,0.801979629454064
"8603",191,"Ec_N",144,23,23,"Ec",31,0,1,1,1,1,0.801979629454064
"8604",191,"Ec_N",144,24,24,"Ec",31,0,1,1,1,1,0.801979629454064
"8605",191,"Ec_N",144,25,25,"Ec",31,0,1,1,1,1,0.801979629454064
"8606",191,"Ec_N",144,26,26,"Ec",31,0,1,1,1,1,0.801979629454064
"8607",191,"Ec_N",144,27,27,"Ec",31,0,1,1,1,1,0.801979629454064
"8608",191,"Ec_N",144,28,28,"Ec",31,0,1,1,1,1,0.801979629454064
"8609",191,"Ec_N",144,29,29,"Ec",31,0,1,1,1,1,0.801979629454064
"8610",191,"Ec_N",144,30,30,"Ec",31,0,1,1,1,1,0.801979629454064
"8611",191,"Ec_N",144,31,31,"Ec",31,0,1,1,1,1,0.801979629454064
"8612",191,"Ec_N",144,32,32,"Ec",31,0,1,1,1,1,0.801979629454064
"8613",191,"Ec_N",144,33,33,"Ec",31,0,1,1,1,1,0.801979629454064
"8614",191,"Ec_N",144,34,34,"Ec",31,0,1,1,1,1,0.801979629454064
"8615",191,"Ec_N",144,35,35,"Ec",31,0,1,1,1,1,0.801979629454064
"8616",191,"Ec_N",144,36,36,"Ec",31,0,1,1,1,1,0.801979629454064
"8617",191,"Ec_N",144,37,37,"Ec",31,0,1,1,1,1,0.801979629454064
"8618",191,"Ec_N",144,38,38,"Ec",31,0,1,1,1,1,0.801979629454064
"8619",191,"Ec_N",144,39,39,"Ec",31,0,1,1,1,1,0.801979629454064
"8620",191,"Ec_N",144,40,40,"Ec",31,0,1,1,1,1,0.801979629454064
"8621",191,"Ec_N",144,41,41,"Ec",31,0,1,1,1,1,0.801979629454064
"8622",191,"Ec_N",144,42,42,"Ec",31,0,1,1,1,1,0.801979629454064
"8623",191,"Ec_N",144,43,43,"Ec",31,0,1,1,1,1,0.801979629454064
"8624",191,"Ec_N",144,44,44,"Ec",31,0,1,1,1,1,0.801979629454064
"8625",191,"Ec_N",144,45,45,"Ec",31,0,1,1,1,1,0.801979629454064
"8626",191,"Ec_N",144,46,46,"Ec",31,0,1,1,1,1,0.801979629454064
"8627",191,"Ec_N",144,47,47,"Ec",31,0,1,1,1,1,0.801979629454064
"8628",191,"Ec_N",144,48,48,"Ec",31,0,1,1,1,1,0.801979629454064
"8629",191,"Ec_N",144,49,49,"Ec",31,0,1,1,1,1,0.801979629454064
"8630",191,"Ec_N",144,50,50,"Ec",31,0,1,1,1,1,0.801979629454064
"8631",191,"Ec_N",144,51,51,"Ec",31,0,1,1,1,1,0.801979629454064
"8632",191,"Ec_N",144,52,52,"Ec",32,1,1,1,1,1,1
"8633",191,"Ec_N",144,53,53,"Ec",32,1,1,1,1,1,1
"8634",191,"Ec_N",144,54,54,"Ec",32,1,1,1,1,1,1
"8635",191,"Ec_N",144,55,55,"Ec",32,1,1,1,1,1,1
"8636",191,"Ec_N",144,56,56,"Ec",32,1,1,1,1,1,1
"8637",191,"Ec_N",144,57,57,"Ec",32,1,1,1,1,1,1
"8638",191,"Ec_N",144,58,58,"Ec",32,1,1,1,1,1,1
"8639",191,"Ec_N",144,59,59,"Ec",32,1,1,1,1,1,1
"8640",191,"Ec_N",144,60,60,"Ec",32,1,1,1,1,1,1
"8641",191,"Ec_N",145,1,1,"Ec",1,0,0,0,0,0,0
"8642",191,"Ec_N",145,2,2,"Ec",1,0,0,0,0,0,0
"8643",191,"Ec_N",145,3,3,"Ec",1,0,0,0,0,0,0
"8644",191,"Ec_N",145,4,4,"Ec",1,0,0,0,0,0,0
"8645",191,"Ec_N",145,5,5,"Ec",1,0,0,0,0,0,0
"8646",191,"Ec_N",145,6,6,"Ec",1,0,0,0,0,0,0
"8647",191,"Ec_N",145,7,7,"Ec",3,0,1,0,0,0,0.041311480051295
"8648",191,"Ec_N",145,8,8,"Ec",3,0,1,0,0,0,0.041311480051295
"8649",191,"Ec_N",145,9,9,"Ec",11,0,1,0,1,0,0.0857419302602629
"8650",191,"Ec_N",145,10,10,"Ec",11,0,1,0,1,0,0.0857419302602629
"8651",191,"Ec_N",145,11,11,"Ec",11,0,1,0,1,0,0.0857419302602629
"8652",191,"Ec_N",145,12,12,"Ec",11,0,1,0,1,0,0.0857419302602629
"8653",191,"Ec_N",145,13,13,"Ec",15,0,1,1,1,0,0.437080043527332
"8654",191,"Ec_N",145,14,14,"Ec",31,0,1,1,1,1,0.801979629454064
"8655",191,"Ec_N",145,15,15,"Ec",31,0,1,1,1,1,0.801979629454064
"8656",191,"Ec_N",145,16,16,"Ec",31,0,1,1,1,1,0.801979629454064
"8657",191,"Ec_N",145,17,17,"Ec",31,0,1,1,1,1,0.801979629454064
"8658",191,"Ec_N",145,18,18,"Ec",31,0,1,1,1,1,0.801979629454064
"8659",191,"Ec_N",145,19,19,"Ec",31,0,1,1,1,1,0.801979629454064
"8660",191,"Ec_N",145,20,20,"Ec",31,0,1,1,1,1,0.801979629454064
"8661",191,"Ec_N",145,21,21,"Ec",31,0,1,1,1,1,0.801979629454064
"8662",191,"Ec_N",145,22,22,"Ec",31,0,1,1,1,1,0.801979629454064
"8663",191,"Ec_N",145,23,23,"Ec",31,0,1,1,1,1,0.801979629454064
"8664",191,"Ec_N",145,24,24,"Ec",31,0,1,1,1,1,0.801979629454064
"8665",191,"Ec_N",145,25,25,"Ec",31,0,1,1,1,1,0.801979629454064
"8666",191,"Ec_N",145,26,26,"Ec",31,0,1,1,1,1,0.801979629454064
"8667",191,"Ec_N",145,27,27,"Ec",31,0,1,1,1,1,0.801979629454064
"8668",191,"Ec_N",145,28,28,"Ec",31,0,1,1,1,1,0.801979629454064
"8669",191,"Ec_N",145,29,29,"Ec",31,0,1,1,1,1,0.801979629454064
"8670",191,"Ec_N",145,30,30,"Ec",31,0,1,1,1,1,0.801979629454064
"8671",191,"Ec_N",145,31,31,"Ec",31,0,1,1,1,1,0.801979629454064
"8672",191,"Ec_N",145,32,32,"Ec",31,0,1,1,1,1,0.801979629454064
"8673",191,"Ec_N",145,33,33,"Ec",31,0,1,1,1,1,0.801979629454064
"8674",191,"Ec_N",145,34,34,"Ec",31,0,1,1,1,1,0.801979629454064
"8675",191,"Ec_N",145,35,35,"Ec",32,1,1,1,1,1,1
"8676",191,"Ec_N",145,36,36,"Ec",32,1,1,1,1,1,1
"8677",191,"Ec_N",145,37,37,"Ec",32,1,1,1,1,1,1
"8678",191,"Ec_N",145,38,38,"Ec",32,1,1,1,1,1,1
"8679",191,"Ec_N",145,39,39,"Ec",32,1,1,1,1,1,1
"8680",191,"Ec_N",145,40,40,"Ec",32,1,1,1,1,1,1
"8681",191,"Ec_N",145,41,41,"Ec",32,1,1,1,1,1,1
"8682",191,"Ec_N",145,42,42,"Ec",32,1,1,1,1,1,1
"8683",191,"Ec_N",145,43,43,"Ec",32,1,1,1,1,1,1
"8684",191,"Ec_N",145,44,44,"Ec",32,1,1,1,1,1,1
"8685",191,"Ec_N",145,45,45,"Ec",32,1,1,1,1,1,1
"8686",191,"Ec_N",145,46,46,"Ec",32,1,1,1,1,1,1
"8687",191,"Ec_N",145,47,47,"Ec",32,1,1,1,1,1,1
"8688",191,"Ec_N",145,48,48,"Ec",32,1,1,1,1,1,1
"8689",191,"Ec_N",145,49,49,"Ec",32,1,1,1,1,1,1
"8690",191,"Ec_N",145,50,50,"Ec",32,1,1,1,1,1,1
"8691",191,"Ec_N",145,51,51,"Ec",32,1,1,1,1,1,1
"8692",191,"Ec_N",145,52,52,"Ec",32,1,1,1,1,1,1
"8693",191,"Ec_N",145,53,53,"Ec",32,1,1,1,1,1,1
"8694",191,"Ec_N",145,54,54,"Ec",32,1,1,1,1,1,1
"8695",191,"Ec_N",145,55,55,"Ec",32,1,1,1,1,1,1
"8696",191,"Ec_N",145,56,56,"Ec",32,1,1,1,1,1,1
"8697",191,"Ec_N",145,57,57,"Ec",32,1,1,1,1,1,1
"8698",191,"Ec_N",145,58,58,"Ec",32,1,1,1,1,1,1
"8699",191,"Ec_N",145,59,59,"Ec",32,1,1,1,1,1,1
"8700",191,"Ec_N",145,60,60,"Ec",32,1,1,1,1,1,1
"8701",191,"Ec_N",146,1,1,"Ec",1,0,0,0,0,0,0
"8702",191,"Ec_N",146,2,2,"Ec",1,0,0,0,0,0,0
"8703",191,"Ec_N",146,3,3,"Ec",1,0,0,0,0,0,0
"8704",191,"Ec_N",146,4,4,"Ec",5,0,0,1,0,0,0.49313446766664
"8705",191,"Ec_N",146,5,5,"Ec",5,0,0,1,0,0,0.49313446766664
"8706",191,"Ec_N",146,6,6,"Ec",7,0,1,1,0,0,0.589282297794007
"8707",191,"Ec_N",146,7,7,"Ec",7,0,1,1,0,0,0.589282297794007
"8708",191,"Ec_N",146,8,8,"Ec",7,0,1,1,0,0,0.589282297794007
"8709",191,"Ec_N",146,9,9,"Ec",7,0,1,1,0,0,0.589282297794007
"8710",191,"Ec_N",146,10,10,"Ec",7,0,1,1,0,0,0.589282297794007
"8711",191,"Ec_N",146,11,11,"Ec",7,0,1,1,0,0,0.589282297794007
"8712",191,"Ec_N",146,12,12,"Ec",7,0,1,1,0,0,0.589282297794007
"8713",191,"Ec_N",146,13,13,"Ec",7,0,1,1,0,0,0.589282297794007
"8714",191,"Ec_N",146,14,14,"Ec",7,0,1,1,0,0,0.589282297794007
"8715",191,"Ec_N",146,15,15,"Ec",7,0,1,1,0,0,0.589282297794007
"8716",191,"Ec_N",146,16,16,"Ec",7,0,1,1,0,0,0.589282297794007
"8717",191,"Ec_N",146,17,17,"Ec",7,0,1,1,0,0,0.589282297794007
"8718",191,"Ec_N",146,18,18,"Ec",7,0,1,1,0,0,0.589282297794007
"8719",191,"Ec_N",146,19,19,"Ec",7,0,1,1,0,0,0.589282297794007
"8720",191,"Ec_N",146,20,20,"Ec",7,0,1,1,0,0,0.589282297794007
"8721",191,"Ec_N",146,21,21,"Ec",7,0,1,1,0,0,0.589282297794007
"8722",191,"Ec_N",146,22,22,"Ec",7,0,1,1,0,0,0.589282297794007
"8723",191,"Ec_N",146,23,23,"Ec",7,0,1,1,0,0,0.589282297794007
"8724",191,"Ec_N",146,24,24,"Ec",7,0,1,1,0,0,0.589282297794007
"8725",191,"Ec_N",146,25,25,"Ec",7,0,1,1,0,0,0.589282297794007
"8726",191,"Ec_N",146,26,26,"Ec",7,0,1,1,0,0,0.589282297794007
"8727",191,"Ec_N",146,27,27,"Ec",7,0,1,1,0,0,0.589282297794007
"8728",191,"Ec_N",146,28,28,"Ec",7,0,1,1,0,0,0.589282297794007
"8729",191,"Ec_N",146,29,29,"Ec",7,0,1,1,0,0,0.589282297794007
"8730",191,"Ec_N",146,30,30,"Ec",7,0,1,1,0,0,0.589282297794007
"8731",191,"Ec_N",146,31,31,"Ec",7,0,1,1,0,0,0.589282297794007
"8732",191,"Ec_N",146,32,32,"Ec",7,0,1,1,0,0,0.589282297794007
"8733",191,"Ec_N",146,33,33,"Ec",7,0,1,1,0,0,0.589282297794007
"8734",191,"Ec_N",146,34,34,"Ec",7,0,1,1,0,0,0.589282297794007
"8735",191,"Ec_N",146,35,35,"Ec",7,0,1,1,0,0,0.589282297794007
"8736",191,"Ec_N",146,36,36,"Ec",7,0,1,1,0,0,0.589282297794007
"8737",191,"Ec_N",146,37,37,"Ec",7,0,1,1,0,0,0.589282297794007
"8738",191,"Ec_N",146,38,38,"Ec",7,0,1,1,0,0,0.589282297794007
"8739",191,"Ec_N",146,39,39,"Ec",7,0,1,1,0,0,0.589282297794007
"8740",191,"Ec_N",146,40,40,"Ec",7,0,1,1,0,0,0.589282297794007
"8741",191,"Ec_N",146,41,41,"Ec",7,0,1,1,0,0,0.589282297794007
"8742",191,"Ec_N",146,42,42,"Ec",7,0,1,1,0,0,0.589282297794007
"8743",191,"Ec_N",146,43,43,"Ec",7,0,1,1,0,0,0.589282297794007
"8744",191,"Ec_N",146,44,44,"Ec",7,0,1,1,0,0,0.589282297794007
"8745",191,"Ec_N",146,45,45,"Ec",7,0,1,1,0,0,0.589282297794007
"8746",191,"Ec_N",146,46,46,"Ec",7,0,1,1,0,0,0.589282297794007
"8747",191,"Ec_N",146,47,47,"Ec",7,0,1,1,0,0,0.589282297794007
"8748",191,"Ec_N",146,48,48,"Ec",7,0,1,1,0,0,0.589282297794007
"8749",191,"Ec_N",146,49,49,"Ec",7,0,1,1,0,0,0.589282297794007
"8750",191,"Ec_N",146,50,50,"Ec",7,0,1,1,0,0,0.589282297794007
"8751",191,"Ec_N",146,51,51,"Ec",7,0,1,1,0,0,0.589282297794007
"8752",191,"Ec_N",146,52,52,"Ec",7,0,1,1,0,0,0.589282297794007
"8753",191,"Ec_N",146,53,53,"Ec",7,0,1,1,0,0,0.589282297794007
"8754",191,"Ec_N",146,54,54,"Ec",7,0,1,1,0,0,0.589282297794007
"8755",191,"Ec_N",146,55,55,"Ec",7,0,1,1,0,0,0.589282297794007
"8756",191,"Ec_N",146,56,56,"Ec",7,0,1,1,0,0,0.589282297794007
"8757",191,"Ec_N",146,57,57,"Ec",7,0,1,1,0,0,0.589282297794007
"8758",191,"Ec_N",146,58,58,"Ec",7,0,1,1,0,0,0.589282297794007
"8759",191,"Ec_N",146,59,59,"Ec",23,0,1,1,0,1,0.616809062130864
"8760",191,"Ec_N",146,60,60,"Ec",23,0,1,1,0,1,0.616809062130864
"8761",191,"Ec_N",147,1,1,"Ec",1,0,0,0,0,0,0
"8762",191,"Ec_N",147,2,2,"Ec",1,0,0,0,0,0,0
"8763",191,"Ec_N",147,3,3,"Ec",1,0,0,0,0,0,0
"8764",191,"Ec_N",147,4,4,"Ec",1,0,0,0,0,0,0
"8765",191,"Ec_N",147,5,5,"Ec",1,0,0,0,0,0,0
"8766",191,"Ec_N",147,6,6,"Ec",2,1,0,0,0,0,0.198020370545937
"8767",191,"Ec_N",147,7,7,"Ec",4,1,1,0,0,0,0.239331850597232
"8768",191,"Ec_N",147,8,8,"Ec",4,1,1,0,0,0,0.239331850597232
"8769",191,"Ec_N",147,9,9,"Ec",4,1,1,0,0,0,0.239331850597232
"8770",191,"Ec_N",147,10,10,"Ec",4,1,1,0,0,0,0.239331850597232
"8771",191,"Ec_N",147,11,11,"Ec",4,1,1,0,0,0,0.239331850597232
"8772",191,"Ec_N",147,12,12,"Ec",4,1,1,0,0,0,0.239331850597232
"8773",191,"Ec_N",147,13,13,"Ec",8,1,1,1,0,0,0.583469071478991
"8774",191,"Ec_N",147,14,14,"Ec",8,1,1,1,0,0,0.583469071478991
"8775",191,"Ec_N",147,15,15,"Ec",24,1,1,1,0,1,0.969458006928044
"8776",191,"Ec_N",147,16,16,"Ec",32,1,1,1,1,1,1
"8777",191,"Ec_N",147,17,17,"Ec",32,1,1,1,1,1,1
"8778",191,"Ec_N",147,18,18,"Ec",32,1,1,1,1,1,1
"8779",191,"Ec_N",147,19,19,"Ec",32,1,1,1,1,1,1
"8780",191,"Ec_N",147,20,20,"Ec",32,1,1,1,1,1,1
"8781",191,"Ec_N",147,21,21,"Ec",32,1,1,1,1,1,1
"8782",191,"Ec_N",147,22,22,"Ec",32,1,1,1,1,1,1
"8783",191,"Ec_N",147,23,23,"Ec",32,1,1,1,1,1,1
"8784",191,"Ec_N",147,24,24,"Ec",32,1,1,1,1,1,1
"8785",191,"Ec_N",147,25,25,"Ec",32,1,1,1,1,1,1
"8786",191,"Ec_N",147,26,26,"Ec",32,1,1,1,1,1,1
"8787",191,"Ec_N",147,27,27,"Ec",32,1,1,1,1,1,1
"8788",191,"Ec_N",147,28,28,"Ec",32,1,1,1,1,1,1
"8789",191,"Ec_N",147,29,29,"Ec",32,1,1,1,1,1,1
"8790",191,"Ec_N",147,30,30,"Ec",32,1,1,1,1,1,1
"8791",191,"Ec_N",147,31,31,"Ec",32,1,1,1,1,1,1
"8792",191,"Ec_N",147,32,32,"Ec",32,1,1,1,1,1,1
"8793",191,"Ec_N",147,33,33,"Ec",32,1,1,1,1,1,1
"8794",191,"Ec_N",147,34,34,"Ec",32,1,1,1,1,1,1
"8795",191,"Ec_N",147,35,35,"Ec",32,1,1,1,1,1,1
"8796",191,"Ec_N",147,36,36,"Ec",32,1,1,1,1,1,1
"8797",191,"Ec_N",147,37,37,"Ec",32,1,1,1,1,1,1
"8798",191,"Ec_N",147,38,38,"Ec",32,1,1,1,1,1,1
"8799",191,"Ec_N",147,39,39,"Ec",32,1,1,1,1,1,1
"8800",191,"Ec_N",147,40,40,"Ec",32,1,1,1,1,1,1
"8801",191,"Ec_N",147,41,41,"Ec",32,1,1,1,1,1,1
"8802",191,"Ec_N",147,42,42,"Ec",32,1,1,1,1,1,1
"8803",191,"Ec_N",147,43,43,"Ec",32,1,1,1,1,1,1
"8804",191,"Ec_N",147,44,44,"Ec",32,1,1,1,1,1,1
"8805",191,"Ec_N",147,45,45,"Ec",32,1,1,1,1,1,1
"8806",191,"Ec_N",147,46,46,"Ec",32,1,1,1,1,1,1
"8807",191,"Ec_N",147,47,47,"Ec",32,1,1,1,1,1,1
"8808",191,"Ec_N",147,48,48,"Ec",32,1,1,1,1,1,1
"8809",191,"Ec_N",147,49,49,"Ec",32,1,1,1,1,1,1
"8810",191,"Ec_N",147,50,50,"Ec",32,1,1,1,1,1,1
"8811",191,"Ec_N",147,51,51,"Ec",32,1,1,1,1,1,1
"8812",191,"Ec_N",147,52,52,"Ec",32,1,1,1,1,1,1
"8813",191,"Ec_N",147,53,53,"Ec",32,1,1,1,1,1,1
"8814",191,"Ec_N",147,54,54,"Ec",32,1,1,1,1,1,1
"8815",191,"Ec_N",147,55,55,"Ec",32,1,1,1,1,1,1
"8816",191,"Ec_N",147,56,56,"Ec",32,1,1,1,1,1,1
"8817",191,"Ec_N",147,57,57,"Ec",32,1,1,1,1,1,1
"8818",191,"Ec_N",147,58,58,"Ec",32,1,1,1,1,1,1
"8819",191,"Ec_N",147,59,59,"Ec",32,1,1,1,1,1,1
"8820",191,"Ec_N",147,60,60,"Ec",32,1,1,1,1,1,1
"8821",191,"Ec_N",148,1,1,"Ec",1,0,0,0,0,0,0
"8822",191,"Ec_N",148,2,2,"Ec",1,0,0,0,0,0,0
"8823",191,"Ec_N",148,3,3,"Ec",1,0,0,0,0,0,0
"8824",191,"Ec_N",148,4,4,"Ec",2,1,0,0,0,0,0.198020370545937
"8825",191,"Ec_N",148,5,5,"Ec",2,1,0,0,0,0,0.198020370545937
"8826",191,"Ec_N",148,6,6,"Ec",2,1,0,0,0,0,0.198020370545937
"8827",191,"Ec_N",148,7,7,"Ec",18,1,0,0,0,1,0.646504780524047
"8828",191,"Ec_N",148,8,8,"Ec",18,1,0,0,0,1,0.646504780524047
"8829",191,"Ec_N",148,9,9,"Ec",18,1,0,0,0,1,0.646504780524047
"8830",191,"Ec_N",148,10,10,"Ec",18,1,0,0,0,1,0.646504780524047
"8831",191,"Ec_N",148,11,11,"Ec",18,1,0,0,0,1,0.646504780524047
"8832",191,"Ec_N",148,12,12,"Ec",18,1,0,0,0,1,0.646504780524047
"8833",191,"Ec_N",148,13,13,"Ec",18,1,0,0,0,1,0.646504780524047
"8834",191,"Ec_N",148,14,14,"Ec",18,1,0,0,0,1,0.646504780524047
"8835",191,"Ec_N",148,15,15,"Ec",18,1,0,0,0,1,0.646504780524047
"8836",191,"Ec_N",148,16,16,"Ec",18,1,0,0,0,1,0.646504780524047
"8837",191,"Ec_N",148,17,17,"Ec",18,1,0,0,0,1,0.646504780524047
"8838",191,"Ec_N",148,18,18,"Ec",18,1,0,0,0,1,0.646504780524047
"8839",191,"Ec_N",148,19,19,"Ec",18,1,0,0,0,1,0.646504780524047
"8840",191,"Ec_N",148,20,20,"Ec",18,1,0,0,0,1,0.646504780524047
"8841",191,"Ec_N",148,21,21,"Ec",18,1,0,0,0,1,0.646504780524047
"8842",191,"Ec_N",148,22,22,"Ec",18,1,0,0,0,1,0.646504780524047
"8843",191,"Ec_N",148,23,23,"Ec",18,1,0,0,0,1,0.646504780524047
"8844",191,"Ec_N",148,24,24,"Ec",18,1,0,0,0,1,0.646504780524047
"8845",191,"Ec_N",148,25,25,"Ec",18,1,0,0,0,1,0.646504780524047
"8846",191,"Ec_N",148,26,26,"Ec",18,1,0,0,0,1,0.646504780524047
"8847",191,"Ec_N",148,27,27,"Ec",18,1,0,0,0,1,0.646504780524047
"8848",191,"Ec_N",148,28,28,"Ec",18,1,0,0,0,1,0.646504780524047
"8849",191,"Ec_N",148,29,29,"Ec",18,1,0,0,0,1,0.646504780524047
"8850",191,"Ec_N",148,30,30,"Ec",18,1,0,0,0,1,0.646504780524047
"8851",191,"Ec_N",148,31,31,"Ec",18,1,0,0,0,1,0.646504780524047
"8852",191,"Ec_N",148,32,32,"Ec",18,1,0,0,0,1,0.646504780524047
"8853",191,"Ec_N",148,33,33,"Ec",18,1,0,0,0,1,0.646504780524047
"8854",191,"Ec_N",148,34,34,"Ec",18,1,0,0,0,1,0.646504780524047
"8855",191,"Ec_N",148,35,35,"Ec",18,1,0,0,0,1,0.646504780524047
"8856",191,"Ec_N",148,36,36,"Ec",18,1,0,0,0,1,0.646504780524047
"8857",191,"Ec_N",148,37,37,"Ec",18,1,0,0,0,1,0.646504780524047
"8858",191,"Ec_N",148,38,38,"Ec",18,1,0,0,0,1,0.646504780524047
"8859",191,"Ec_N",148,39,39,"Ec",18,1,0,0,0,1,0.646504780524047
"8860",191,"Ec_N",148,40,40,"Ec",18,1,0,0,0,1,0.646504780524047
"8861",191,"Ec_N",148,41,41,"Ec",18,1,0,0,0,1,0.646504780524047
"8862",191,"Ec_N",148,42,42,"Ec",18,1,0,0,0,1,0.646504780524047
"8863",191,"Ec_N",148,43,43,"Ec",18,1,0,0,0,1,0.646504780524047
"8864",191,"Ec_N",148,44,44,"Ec",18,1,0,0,0,1,0.646504780524047
"8865",191,"Ec_N",148,45,45,"Ec",18,1,0,0,0,1,0.646504780524047
"8866",191,"Ec_N",148,46,46,"Ec",18,1,0,0,0,1,0.646504780524047
"8867",191,"Ec_N",148,47,47,"Ec",18,1,0,0,0,1,0.646504780524047
"8868",191,"Ec_N",148,48,48,"Ec",18,1,0,0,0,1,0.646504780524047
"8869",191,"Ec_N",148,49,49,"Ec",18,1,0,0,0,1,0.646504780524047
"8870",191,"Ec_N",148,50,50,"Ec",18,1,0,0,0,1,0.646504780524047
"8871",191,"Ec_N",148,51,51,"Ec",18,1,0,0,0,1,0.646504780524047
"8872",191,"Ec_N",148,52,52,"Ec",18,1,0,0,0,1,0.646504780524047
"8873",191,"Ec_N",148,53,53,"Ec",18,1,0,0,0,1,0.646504780524047
"8874",191,"Ec_N",148,54,54,"Ec",18,1,0,0,0,1,0.646504780524047
"8875",191,"Ec_N",148,55,55,"Ec",18,1,0,0,0,1,0.646504780524047
"8876",191,"Ec_N",148,56,56,"Ec",18,1,0,0,0,1,0.646504780524047
"8877",191,"Ec_N",148,57,57,"Ec",18,1,0,0,0,1,0.646504780524047
"8878",191,"Ec_N",148,58,58,"Ec",18,1,0,0,0,1,0.646504780524047
"8879",191,"Ec_N",148,59,59,"Ec",18,1,0,0,0,1,0.646504780524047
"8880",191,"Ec_N",148,60,60,"Ec",18,1,0,0,0,1,0.646504780524047
"8881",191,"Ec_N",149,1,1,"Ec",1,0,0,0,0,0,0
"8882",191,"Ec_N",149,2,2,"Ec",1,0,0,0,0,0,0
"8883",191,"Ec_N",149,3,3,"Ec",1,0,0,0,0,0,0
"8884",191,"Ec_N",149,4,4,"Ec",1,0,0,0,0,0,0
"8885",191,"Ec_N",149,5,5,"Ec",1,0,0,0,0,0,0
"8886",191,"Ec_N",149,6,6,"Ec",9,0,0,0,1,0,0.0305419930719563
"8887",191,"Ec_N",149,7,7,"Ec",9,0,0,0,1,0,0.0305419930719563
"8888",191,"Ec_N",149,8,8,"Ec",9,0,0,0,1,0,0.0305419930719563
"8889",191,"Ec_N",149,9,9,"Ec",9,0,0,0,1,0,0.0305419930719563
"8890",191,"Ec_N",149,10,10,"Ec",9,0,0,0,1,0,0.0305419930719563
"8891",191,"Ec_N",149,11,11,"Ec",13,0,0,1,1,0,0.374679213953716
"8892",191,"Ec_N",149,12,12,"Ec",15,0,1,1,1,0,0.437080043527332
"8893",191,"Ec_N",149,13,13,"Ec",15,0,1,1,1,0,0.437080043527332
"8894",191,"Ec_N",149,14,14,"Ec",15,0,1,1,1,0,0.437080043527332
"8895",191,"Ec_N",149,15,15,"Ec",15,0,1,1,1,0,0.437080043527332
"8896",191,"Ec_N",149,16,16,"Ec",15,0,1,1,1,0,0.437080043527332
"8897",191,"Ec_N",149,17,17,"Ec",7,0,1,1,0,0,0.589282297794007
"8898",191,"Ec_N",149,18,18,"Ec",7,0,1,1,0,0,0.589282297794007
"8899",191,"Ec_N",149,19,19,"Ec",7,0,1,1,0,0,0.589282297794007
"8900",191,"Ec_N",149,20,20,"Ec",7,0,1,1,0,0,0.589282297794007
"8901",191,"Ec_N",149,21,21,"Ec",7,0,1,1,0,0,0.589282297794007
"8902",191,"Ec_N",149,22,22,"Ec",7,0,1,1,0,0,0.589282297794007
"8903",191,"Ec_N",149,23,23,"Ec",7,0,1,1,0,0,0.589282297794007
"8904",191,"Ec_N",149,24,24,"Ec",7,0,1,1,0,0,0.589282297794007
"8905",191,"Ec_N",149,25,25,"Ec",7,0,1,1,0,0,0.589282297794007
"8906",191,"Ec_N",149,26,26,"Ec",7,0,1,1,0,0,0.589282297794007
"8907",191,"Ec_N",149,27,27,"Ec",7,0,1,1,0,0,0.589282297794007
"8908",191,"Ec_N",149,28,28,"Ec",7,0,1,1,0,0,0.589282297794007
"8909",191,"Ec_N",149,29,29,"Ec",7,0,1,1,0,0,0.589282297794007
"8910",191,"Ec_N",149,30,30,"Ec",7,0,1,1,0,0,0.589282297794007
"8911",191,"Ec_N",149,31,31,"Ec",7,0,1,1,0,0,0.589282297794007
"8912",191,"Ec_N",149,32,32,"Ec",7,0,1,1,0,0,0.589282297794007
"8913",191,"Ec_N",149,33,33,"Ec",7,0,1,1,0,0,0.589282297794007
"8914",191,"Ec_N",149,34,34,"Ec",7,0,1,1,0,0,0.589282297794007
"8915",191,"Ec_N",149,35,35,"Ec",7,0,1,1,0,0,0.589282297794007
"8916",191,"Ec_N",149,36,36,"Ec",7,0,1,1,0,0,0.589282297794007
"8917",191,"Ec_N",149,37,37,"Ec",7,0,1,1,0,0,0.589282297794007
"8918",191,"Ec_N",149,38,38,"Ec",7,0,1,1,0,0,0.589282297794007
"8919",191,"Ec_N",149,39,39,"Ec",7,0,1,1,0,0,0.589282297794007
"8920",191,"Ec_N",149,40,40,"Ec",7,0,1,1,0,0,0.589282297794007
"8921",191,"Ec_N",149,41,41,"Ec",23,0,1,1,0,1,0.616809062130864
"8922",191,"Ec_N",149,42,42,"Ec",21,0,0,1,0,1,0.726280938342543
"8923",191,"Ec_N",149,43,43,"Ec",21,0,0,1,0,1,0.726280938342543
"8924",191,"Ec_N",149,44,44,"Ec",21,0,0,1,0,1,0.726280938342543
"8925",191,"Ec_N",149,45,45,"Ec",21,0,0,1,0,1,0.726280938342543
"8926",191,"Ec_N",149,46,46,"Ec",21,0,0,1,0,1,0.726280938342543
"8927",191,"Ec_N",149,47,47,"Ec",21,0,0,1,0,1,0.726280938342543
"8928",191,"Ec_N",149,48,48,"Ec",21,0,0,1,0,1,0.726280938342543
"8929",191,"Ec_N",149,49,49,"Ec",21,0,0,1,0,1,0.726280938342543
"8930",191,"Ec_N",149,50,50,"Ec",21,0,0,1,0,1,0.726280938342543
"8931",191,"Ec_N",149,51,51,"Ec",21,0,0,1,0,1,0.726280938342543
"8932",191,"Ec_N",149,52,52,"Ec",21,0,0,1,0,1,0.726280938342543
"8933",191,"Ec_N",149,53,53,"Ec",21,0,0,1,0,1,0.726280938342543
"8934",191,"Ec_N",149,54,54,"Ec",21,0,0,1,0,1,0.726280938342543
"8935",191,"Ec_N",149,55,55,"Ec",21,0,0,1,0,1,0.726280938342543
"8936",191,"Ec_N",149,56,56,"Ec",21,0,0,1,0,1,0.726280938342543
"8937",191,"Ec_N",149,57,57,"Ec",21,0,0,1,0,1,0.726280938342543
"8938",191,"Ec_N",149,58,58,"Ec",21,0,0,1,0,1,0.726280938342543
"8939",191,"Ec_N",149,59,59,"Ec",21,0,0,1,0,1,0.726280938342543
"8940",191,"Ec_N",149,60,60,"Ec",21,0,0,1,0,1,0.726280938342543
"8941",191,"Ec_N",150,1,1,"Ec",1,0,0,0,0,0,0
"8942",191,"Ec_N",150,2,2,"Ec",2,1,0,0,0,0,0.198020370545937
"8943",191,"Ec_N",150,3,3,"Ec",2,1,0,0,0,0,0.198020370545937
"8944",191,"Ec_N",150,4,4,"Ec",2,1,0,0,0,0,0.198020370545937
"8945",191,"Ec_N",150,5,5,"Ec",2,1,0,0,0,0,0.198020370545937
"8946",191,"Ec_N",150,6,6,"Ec",18,1,0,0,0,1,0.646504780524047
"8947",191,"Ec_N",150,7,7,"Ec",18,1,0,0,0,1,0.646504780524047
"8948",191,"Ec_N",150,8,8,"Ec",18,1,0,0,0,1,0.646504780524047
"8949",191,"Ec_N",150,9,9,"Ec",18,1,0,0,0,1,0.646504780524047
"8950",191,"Ec_N",150,10,10,"Ec",18,1,0,0,0,1,0.646504780524047
"8951",191,"Ec_N",150,11,11,"Ec",18,1,0,0,0,1,0.646504780524047
"8952",191,"Ec_N",150,12,12,"Ec",18,1,0,0,0,1,0.646504780524047
"8953",191,"Ec_N",150,13,13,"Ec",18,1,0,0,0,1,0.646504780524047
"8954",191,"Ec_N",150,14,14,"Ec",18,1,0,0,0,1,0.646504780524047
"8955",191,"Ec_N",150,15,15,"Ec",18,1,0,0,0,1,0.646504780524047
"8956",191,"Ec_N",150,16,16,"Ec",18,1,0,0,0,1,0.646504780524047
"8957",191,"Ec_N",150,17,17,"Ec",18,1,0,0,0,1,0.646504780524047
"8958",191,"Ec_N",150,18,18,"Ec",18,1,0,0,0,1,0.646504780524047
"8959",191,"Ec_N",150,19,19,"Ec",18,1,0,0,0,1,0.646504780524047
"8960",191,"Ec_N",150,20,20,"Ec",18,1,0,0,0,1,0.646504780524047
"8961",191,"Ec_N",150,21,21,"Ec",18,1,0,0,0,1,0.646504780524047
"8962",191,"Ec_N",150,22,22,"Ec",18,1,0,0,0,1,0.646504780524047
"8963",191,"Ec_N",150,23,23,"Ec",18,1,0,0,0,1,0.646504780524047
"8964",191,"Ec_N",150,24,24,"Ec",18,1,0,0,0,1,0.646504780524047
"8965",191,"Ec_N",150,25,25,"Ec",18,1,0,0,0,1,0.646504780524047
"8966",191,"Ec_N",150,26,26,"Ec",18,1,0,0,0,1,0.646504780524047
"8967",191,"Ec_N",150,27,27,"Ec",18,1,0,0,0,1,0.646504780524047
"8968",191,"Ec_N",150,28,28,"Ec",18,1,0,0,0,1,0.646504780524047
"8969",191,"Ec_N",150,29,29,"Ec",18,1,0,0,0,1,0.646504780524047
"8970",191,"Ec_N",150,30,30,"Ec",18,1,0,0,0,1,0.646504780524047
"8971",191,"Ec_N",150,31,31,"Ec",18,1,0,0,0,1,0.646504780524047
"8972",191,"Ec_N",150,32,32,"Ec",18,1,0,0,0,1,0.646504780524047
"8973",191,"Ec_N",150,33,33,"Ec",18,1,0,0,0,1,0.646504780524047
"8974",191,"Ec_N",150,34,34,"Ec",18,1,0,0,0,1,0.646504780524047
"8975",191,"Ec_N",150,35,35,"Ec",18,1,0,0,0,1,0.646504780524047
"8976",191,"Ec_N",150,36,36,"Ec",18,1,0,0,0,1,0.646504780524047
"8977",191,"Ec_N",150,37,37,"Ec",18,1,0,0,0,1,0.646504780524047
"8978",191,"Ec_N",150,38,38,"Ec",18,1,0,0,0,1,0.646504780524047
"8979",191,"Ec_N",150,39,39,"Ec",18,1,0,0,0,1,0.646504780524047
"8980",191,"Ec_N",150,40,40,"Ec",18,1,0,0,0,1,0.646504780524047
"8981",191,"Ec_N",150,41,41,"Ec",18,1,0,0,0,1,0.646504780524047
"8982",191,"Ec_N",150,42,42,"Ec",18,1,0,0,0,1,0.646504780524047
"8983",191,"Ec_N",150,43,43,"Ec",18,1,0,0,0,1,0.646504780524047
"8984",191,"Ec_N",150,44,44,"Ec",18,1,0,0,0,1,0.646504780524047
"8985",191,"Ec_N",150,45,45,"Ec",18,1,0,0,0,1,0.646504780524047
"8986",191,"Ec_N",150,46,46,"Ec",18,1,0,0,0,1,0.646504780524047
"8987",191,"Ec_N",150,47,47,"Ec",18,1,0,0,0,1,0.646504780524047
"8988",191,"Ec_N",150,48,48,"Ec",18,1,0,0,0,1,0.646504780524047
"8989",191,"Ec_N",150,49,49,"Ec",18,1,0,0,0,1,0.646504780524047
"8990",191,"Ec_N",150,50,50,"Ec",18,1,0,0,0,1,0.646504780524047
"8991",191,"Ec_N",150,51,51,"Ec",18,1,0,0,0,1,0.646504780524047
"8992",191,"Ec_N",150,52,52,"Ec",18,1,0,0,0,1,0.646504780524047
"8993",191,"Ec_N",150,53,53,"Ec",18,1,0,0,0,1,0.646504780524047
"8994",191,"Ec_N",150,54,54,"Ec",18,1,0,0,0,1,0.646504780524047
"8995",191,"Ec_N",150,55,55,"Ec",18,1,0,0,0,1,0.646504780524047
"8996",191,"Ec_N",150,56,56,"Ec",18,1,0,0,0,1,0.646504780524047
"8997",191,"Ec_N",150,57,57,"Ec",18,1,0,0,0,1,0.646504780524047
"8998",191,"Ec_N",150,58,58,"Ec",18,1,0,0,0,1,0.646504780524047
"8999",191,"Ec_N",150,59,59,"Ec",18,1,0,0,0,1,0.646504780524047
"9000",191,"Ec_N",150,60,60,"Ec",22,1,0,1,0,1,0.92522428176681
"9001",191,"Ec_N",151,1,1,"Ec",1,0,0,0,0,0,0
"9002",191,"Ec_N",151,2,2,"Ec",1,0,0,0,0,0,0
"9003",191,"Ec_N",151,3,3,"Ec",1,0,0,0,0,0,0
"9004",191,"Ec_N",151,4,4,"Ec",1,0,0,0,0,0,0
"9005",191,"Ec_N",151,5,5,"Ec",1,0,0,0,0,0,0
"9006",191,"Ec_N",151,6,6,"Ec",1,0,0,0,0,0,0
"9007",191,"Ec_N",151,7,7,"Ec",1,0,0,0,0,0,0
"9008",191,"Ec_N",151,8,8,"Ec",1,0,0,0,0,0,0
"9009",191,"Ec_N",151,9,9,"Ec",1,0,0,0,0,0,0
"9010",191,"Ec_N",151,10,10,"Ec",1,0,0,0,0,0,0
"9011",191,"Ec_N",151,11,11,"Ec",1,0,0,0,0,0,0
"9012",191,"Ec_N",151,12,12,"Ec",1,0,0,0,0,0,0
"9013",191,"Ec_N",151,13,13,"Ec",1,0,0,0,0,0,0
"9014",191,"Ec_N",151,14,14,"Ec",1,0,0,0,0,0,0
"9015",191,"Ec_N",151,15,15,"Ec",1,0,0,0,0,0,0
"9016",191,"Ec_N",151,16,16,"Ec",1,0,0,0,0,0,0
"9017",191,"Ec_N",151,17,17,"Ec",1,0,0,0,0,0,0
"9018",191,"Ec_N",151,18,18,"Ec",1,0,0,0,0,0,0
"9019",191,"Ec_N",151,19,19,"Ec",1,0,0,0,0,0,0
"9020",191,"Ec_N",151,20,20,"Ec",1,0,0,0,0,0,0
"9021",191,"Ec_N",151,21,21,"Ec",1,0,0,0,0,0,0
"9022",191,"Ec_N",151,22,22,"Ec",3,0,1,0,0,0,0.041311480051295
"9023",191,"Ec_N",151,23,23,"Ec",3,0,1,0,0,0,0.041311480051295
"9024",191,"Ec_N",151,24,24,"Ec",19,0,1,0,0,1,0.427300415500348
"9025",191,"Ec_N",151,25,25,"Ec",19,0,1,0,0,1,0.427300415500348
"9026",191,"Ec_N",151,26,26,"Ec",19,0,1,0,0,1,0.427300415500348
"9027",191,"Ec_N",151,27,27,"Ec",20,1,1,0,0,1,0.610298755308086
"9028",191,"Ec_N",151,28,28,"Ec",20,1,1,0,0,1,0.610298755308086
"9029",191,"Ec_N",151,29,29,"Ec",20,1,1,0,0,1,0.610298755308086
"9030",191,"Ec_N",151,30,30,"Ec",18,1,0,0,0,1,0.646504780524047
"9031",191,"Ec_N",151,31,31,"Ec",18,1,0,0,0,1,0.646504780524047
"9032",191,"Ec_N",151,32,32,"Ec",18,1,0,0,0,1,0.646504780524047
"9033",191,"Ec_N",151,33,33,"Ec",18,1,0,0,0,1,0.646504780524047
"9034",191,"Ec_N",151,34,34,"Ec",18,1,0,0,0,1,0.646504780524047
"9035",191,"Ec_N",151,35,35,"Ec",18,1,0,0,0,1,0.646504780524047
"9036",191,"Ec_N",151,36,36,"Ec",18,1,0,0,0,1,0.646504780524047
"9037",191,"Ec_N",151,37,37,"Ec",18,1,0,0,0,1,0.646504780524047
"9038",191,"Ec_N",151,38,38,"Ec",18,1,0,0,0,1,0.646504780524047
"9039",191,"Ec_N",151,39,39,"Ec",18,1,0,0,0,1,0.646504780524047
"9040",191,"Ec_N",151,40,40,"Ec",18,1,0,0,0,1,0.646504780524047
"9041",191,"Ec_N",151,41,41,"Ec",18,1,0,0,0,1,0.646504780524047
"9042",191,"Ec_N",151,42,42,"Ec",18,1,0,0,0,1,0.646504780524047
"9043",191,"Ec_N",151,43,43,"Ec",18,1,0,0,0,1,0.646504780524047
"9044",191,"Ec_N",151,44,44,"Ec",18,1,0,0,0,1,0.646504780524047
"9045",191,"Ec_N",151,45,45,"Ec",18,1,0,0,0,1,0.646504780524047
"9046",191,"Ec_N",151,46,46,"Ec",18,1,0,0,0,1,0.646504780524047
"9047",191,"Ec_N",151,47,47,"Ec",18,1,0,0,0,1,0.646504780524047
"9048",191,"Ec_N",151,48,48,"Ec",18,1,0,0,0,1,0.646504780524047
"9049",191,"Ec_N",151,49,49,"Ec",18,1,0,0,0,1,0.646504780524047
"9050",191,"Ec_N",151,50,50,"Ec",18,1,0,0,0,1,0.646504780524047
"9051",191,"Ec_N",151,51,51,"Ec",18,1,0,0,0,1,0.646504780524047
"9052",191,"Ec_N",151,52,52,"Ec",18,1,0,0,0,1,0.646504780524047
"9053",191,"Ec_N",151,53,53,"Ec",18,1,0,0,0,1,0.646504780524047
"9054",191,"Ec_N",151,54,54,"Ec",18,1,0,0,0,1,0.646504780524047
"9055",191,"Ec_N",151,55,55,"Ec",18,1,0,0,0,1,0.646504780524047
"9056",191,"Ec_N",151,56,56,"Ec",18,1,0,0,0,1,0.646504780524047
"9057",191,"Ec_N",151,57,57,"Ec",18,1,0,0,0,1,0.646504780524047
"9058",191,"Ec_N",151,58,58,"Ec",18,1,0,0,0,1,0.646504780524047
"9059",191,"Ec_N",151,59,59,"Ec",18,1,0,0,0,1,0.646504780524047
"9060",191,"Ec_N",151,60,60,"Ec",18,1,0,0,0,1,0.646504780524047
"9061",191,"Ec_N",152,1,1,"Ec",1,0,0,0,0,0,0
"9062",191,"Ec_N",152,2,2,"Ec",1,0,0,0,0,0,0
"9063",191,"Ec_N",152,3,3,"Ec",1,0,0,0,0,0,0
"9064",191,"Ec_N",152,4,4,"Ec",1,0,0,0,0,0,0
"9065",191,"Ec_N",152,5,5,"Ec",1,0,0,0,0,0,0
"9066",191,"Ec_N",152,6,6,"Ec",1,0,0,0,0,0,0
"9067",191,"Ec_N",152,7,7,"Ec",3,0,1,0,0,0,0.041311480051295
"9068",191,"Ec_N",152,8,8,"Ec",19,0,1,0,0,1,0.427300415500348
"9069",191,"Ec_N",152,9,9,"Ec",20,1,1,0,0,1,0.610298755308086
"9070",191,"Ec_N",152,10,10,"Ec",18,1,0,0,0,1,0.646504780524047
"9071",191,"Ec_N",152,11,11,"Ec",18,1,0,0,0,1,0.646504780524047
"9072",191,"Ec_N",152,12,12,"Ec",18,1,0,0,0,1,0.646504780524047
"9073",191,"Ec_N",152,13,13,"Ec",18,1,0,0,0,1,0.646504780524047
"9074",191,"Ec_N",152,14,14,"Ec",22,1,0,1,0,1,0.92522428176681
"9075",191,"Ec_N",152,15,15,"Ec",22,1,0,1,0,1,0.92522428176681
"9076",191,"Ec_N",152,16,16,"Ec",22,1,0,1,0,1,0.92522428176681
"9077",191,"Ec_N",152,17,17,"Ec",22,1,0,1,0,1,0.92522428176681
"9078",191,"Ec_N",152,18,18,"Ec",22,1,0,1,0,1,0.92522428176681
"9079",191,"Ec_N",152,19,19,"Ec",22,1,0,1,0,1,0.92522428176681
"9080",191,"Ec_N",152,20,20,"Ec",22,1,0,1,0,1,0.92522428176681
"9081",191,"Ec_N",152,21,21,"Ec",22,1,0,1,0,1,0.92522428176681
"9082",191,"Ec_N",152,22,22,"Ec",22,1,0,1,0,1,0.92522428176681
"9083",191,"Ec_N",152,23,23,"Ec",22,1,0,1,0,1,0.92522428176681
"9084",191,"Ec_N",152,24,24,"Ec",24,1,1,1,0,1,0.969458006928044
"9085",191,"Ec_N",152,25,25,"Ec",24,1,1,1,0,1,0.969458006928044
"9086",191,"Ec_N",152,26,26,"Ec",24,1,1,1,0,1,0.969458006928044
"9087",191,"Ec_N",152,27,27,"Ec",24,1,1,1,0,1,0.969458006928044
"9088",191,"Ec_N",152,28,28,"Ec",24,1,1,1,0,1,0.969458006928044
"9089",191,"Ec_N",152,29,29,"Ec",24,1,1,1,0,1,0.969458006928044
"9090",191,"Ec_N",152,30,30,"Ec",24,1,1,1,0,1,0.969458006928044
"9091",191,"Ec_N",152,31,31,"Ec",24,1,1,1,0,1,0.969458006928044
"9092",191,"Ec_N",152,32,32,"Ec",24,1,1,1,0,1,0.969458006928044
"9093",191,"Ec_N",152,33,33,"Ec",24,1,1,1,0,1,0.969458006928044
"9094",191,"Ec_N",152,34,34,"Ec",24,1,1,1,0,1,0.969458006928044
"9095",191,"Ec_N",152,35,35,"Ec",24,1,1,1,0,1,0.969458006928044
"9096",191,"Ec_N",152,36,36,"Ec",24,1,1,1,0,1,0.969458006928044
"9097",191,"Ec_N",152,37,37,"Ec",24,1,1,1,0,1,0.969458006928044
"9098",191,"Ec_N",152,38,38,"Ec",24,1,1,1,0,1,0.969458006928044
"9099",191,"Ec_N",152,39,39,"Ec",24,1,1,1,0,1,0.969458006928044
"9100",191,"Ec_N",152,40,40,"Ec",24,1,1,1,0,1,0.969458006928044
"9101",191,"Ec_N",152,41,41,"Ec",24,1,1,1,0,1,0.969458006928044
"9102",191,"Ec_N",152,42,42,"Ec",24,1,1,1,0,1,0.969458006928044
"9103",191,"Ec_N",152,43,43,"Ec",24,1,1,1,0,1,0.969458006928044
"9104",191,"Ec_N",152,44,44,"Ec",24,1,1,1,0,1,0.969458006928044
"9105",191,"Ec_N",152,45,45,"Ec",24,1,1,1,0,1,0.969458006928044
"9106",191,"Ec_N",152,46,46,"Ec",24,1,1,1,0,1,0.969458006928044
"9107",191,"Ec_N",152,47,47,"Ec",24,1,1,1,0,1,0.969458006928044
"9108",191,"Ec_N",152,48,48,"Ec",24,1,1,1,0,1,0.969458006928044
"9109",191,"Ec_N",152,49,49,"Ec",24,1,1,1,0,1,0.969458006928044
"9110",191,"Ec_N",152,50,50,"Ec",24,1,1,1,0,1,0.969458006928044
"9111",191,"Ec_N",152,51,51,"Ec",24,1,1,1,0,1,0.969458006928044
"9112",191,"Ec_N",152,52,52,"Ec",24,1,1,1,0,1,0.969458006928044
"9113",191,"Ec_N",152,53,53,"Ec",24,1,1,1,0,1,0.969458006928044
"9114",191,"Ec_N",152,54,54,"Ec",24,1,1,1,0,1,0.969458006928044
"9115",191,"Ec_N",152,55,55,"Ec",24,1,1,1,0,1,0.969458006928044
"9116",191,"Ec_N",152,56,56,"Ec",24,1,1,1,0,1,0.969458006928044
"9117",191,"Ec_N",152,57,57,"Ec",24,1,1,1,0,1,0.969458006928044
"9118",191,"Ec_N",152,58,58,"Ec",24,1,1,1,0,1,0.969458006928044
"9119",191,"Ec_N",152,59,59,"Ec",24,1,1,1,0,1,0.969458006928044
"9120",191,"Ec_N",152,60,60,"Ec",24,1,1,1,0,1,0.969458006928044
"9121",191,"Ec_N",153,1,1,"Ec",1,0,0,0,0,0,0
"9122",191,"Ec_N",153,2,2,"Ec",1,0,0,0,0,0,0
"9123",191,"Ec_N",153,3,3,"Ec",3,0,1,0,0,0,0.041311480051295
"9124",191,"Ec_N",153,4,4,"Ec",7,0,1,1,0,0,0.589282297794007
"9125",191,"Ec_N",153,5,5,"Ec",7,0,1,1,0,0,0.589282297794007
"9126",191,"Ec_N",153,6,6,"Ec",7,0,1,1,0,0,0.589282297794007
"9127",191,"Ec_N",153,7,7,"Ec",7,0,1,1,0,0,0.589282297794007
"9128",191,"Ec_N",153,8,8,"Ec",7,0,1,1,0,0,0.589282297794007
"9129",191,"Ec_N",153,9,9,"Ec",7,0,1,1,0,0,0.589282297794007
"9130",191,"Ec_N",153,10,10,"Ec",7,0,1,1,0,0,0.589282297794007
"9131",191,"Ec_N",153,11,11,"Ec",7,0,1,1,0,0,0.589282297794007
"9132",191,"Ec_N",153,12,12,"Ec",7,0,1,1,0,0,0.589282297794007
"9133",191,"Ec_N",153,13,13,"Ec",7,0,1,1,0,0,0.589282297794007
"9134",191,"Ec_N",153,14,14,"Ec",7,0,1,1,0,0,0.589282297794007
"9135",191,"Ec_N",153,15,15,"Ec",7,0,1,1,0,0,0.589282297794007
"9136",191,"Ec_N",153,16,16,"Ec",7,0,1,1,0,0,0.589282297794007
"9137",191,"Ec_N",153,17,17,"Ec",23,0,1,1,0,1,0.616809062130864
"9138",191,"Ec_N",153,18,18,"Ec",21,0,0,1,0,1,0.726280938342543
"9139",191,"Ec_N",153,19,19,"Ec",21,0,0,1,0,1,0.726280938342543
"9140",191,"Ec_N",153,20,20,"Ec",21,0,0,1,0,1,0.726280938342543
"9141",191,"Ec_N",153,21,21,"Ec",21,0,0,1,0,1,0.726280938342543
"9142",191,"Ec_N",153,22,22,"Ec",21,0,0,1,0,1,0.726280938342543
"9143",191,"Ec_N",153,23,23,"Ec",21,0,0,1,0,1,0.726280938342543
"9144",191,"Ec_N",153,24,24,"Ec",21,0,0,1,0,1,0.726280938342543
"9145",191,"Ec_N",153,25,25,"Ec",21,0,0,1,0,1,0.726280938342543
"9146",191,"Ec_N",153,26,26,"Ec",21,0,0,1,0,1,0.726280938342543
"9147",191,"Ec_N",153,27,27,"Ec",21,0,0,1,0,1,0.726280938342543
"9148",191,"Ec_N",153,28,28,"Ec",21,0,0,1,0,1,0.726280938342543
"9149",191,"Ec_N",153,29,29,"Ec",21,0,0,1,0,1,0.726280938342543
"9150",191,"Ec_N",153,30,30,"Ec",21,0,0,1,0,1,0.726280938342543
"9151",191,"Ec_N",153,31,31,"Ec",22,1,0,1,0,1,0.92522428176681
"9152",191,"Ec_N",153,32,32,"Ec",22,1,0,1,0,1,0.92522428176681
"9153",191,"Ec_N",153,33,33,"Ec",22,1,0,1,0,1,0.92522428176681
"9154",191,"Ec_N",153,34,34,"Ec",22,1,0,1,0,1,0.92522428176681
"9155",191,"Ec_N",153,35,35,"Ec",22,1,0,1,0,1,0.92522428176681
"9156",191,"Ec_N",153,36,36,"Ec",24,1,1,1,0,1,0.969458006928044
"9157",191,"Ec_N",153,37,37,"Ec",24,1,1,1,0,1,0.969458006928044
"9158",191,"Ec_N",153,38,38,"Ec",24,1,1,1,0,1,0.969458006928044
"9159",191,"Ec_N",153,39,39,"Ec",24,1,1,1,0,1,0.969458006928044
"9160",191,"Ec_N",153,40,40,"Ec",24,1,1,1,0,1,0.969458006928044
"9161",191,"Ec_N",153,41,41,"Ec",24,1,1,1,0,1,0.969458006928044
"9162",191,"Ec_N",153,42,42,"Ec",24,1,1,1,0,1,0.969458006928044
"9163",191,"Ec_N",153,43,43,"Ec",24,1,1,1,0,1,0.969458006928044
"9164",191,"Ec_N",153,44,44,"Ec",24,1,1,1,0,1,0.969458006928044
"9165",191,"Ec_N",153,45,45,"Ec",24,1,1,1,0,1,0.969458006928044
"9166",191,"Ec_N",153,46,46,"Ec",24,1,1,1,0,1,0.969458006928044
"9167",191,"Ec_N",153,47,47,"Ec",24,1,1,1,0,1,0.969458006928044
"9168",191,"Ec_N",153,48,48,"Ec",24,1,1,1,0,1,0.969458006928044
"9169",191,"Ec_N",153,49,49,"Ec",24,1,1,1,0,1,0.969458006928044
"9170",191,"Ec_N",153,50,50,"Ec",24,1,1,1,0,1,0.969458006928044
"9171",191,"Ec_N",153,51,51,"Ec",24,1,1,1,0,1,0.969458006928044
"9172",191,"Ec_N",153,52,52,"Ec",24,1,1,1,0,1,0.969458006928044
"9173",191,"Ec_N",153,53,53,"Ec",24,1,1,1,0,1,0.969458006928044
"9174",191,"Ec_N",153,54,54,"Ec",24,1,1,1,0,1,0.969458006928044
"9175",191,"Ec_N",153,55,55,"Ec",24,1,1,1,0,1,0.969458006928044
"9176",191,"Ec_N",153,56,56,"Ec",24,1,1,1,0,1,0.969458006928044
"9177",191,"Ec_N",153,57,57,"Ec",24,1,1,1,0,1,0.969458006928044
"9178",191,"Ec_N",153,58,58,"Ec",24,1,1,1,0,1,0.969458006928044
"9179",191,"Ec_N",153,59,59,"Ec",24,1,1,1,0,1,0.969458006928044
"9180",191,"Ec_N",153,60,60,"Ec",24,1,1,1,0,1,0.969458006928044
"9181",191,"Ec_N",154,1,1,"Ec",1,0,0,0,0,0,0
"9182",191,"Ec_N",154,2,2,"Ec",3,0,1,0,0,0,0.041311480051295
"9183",191,"Ec_N",154,3,3,"Ec",3,0,1,0,0,0,0.041311480051295
"9184",191,"Ec_N",154,4,4,"Ec",3,0,1,0,0,0,0.041311480051295
"9185",191,"Ec_N",154,5,5,"Ec",3,0,1,0,0,0,0.041311480051295
"9186",191,"Ec_N",154,6,6,"Ec",3,0,1,0,0,0,0.041311480051295
"9187",191,"Ec_N",154,7,7,"Ec",3,0,1,0,0,0,0.041311480051295
"9188",191,"Ec_N",154,8,8,"Ec",7,0,1,1,0,0,0.589282297794007
"9189",191,"Ec_N",154,9,9,"Ec",7,0,1,1,0,0,0.589282297794007
"9190",191,"Ec_N",154,10,10,"Ec",23,0,1,1,0,1,0.616809062130864
"9191",191,"Ec_N",154,11,11,"Ec",23,0,1,1,0,1,0.616809062130864
"9192",191,"Ec_N",154,12,12,"Ec",23,0,1,1,0,1,0.616809062130864
"9193",191,"Ec_N",154,13,13,"Ec",24,1,1,1,0,1,0.969458006928044
"9194",191,"Ec_N",154,14,14,"Ec",24,1,1,1,0,1,0.969458006928044
"9195",191,"Ec_N",154,15,15,"Ec",24,1,1,1,0,1,0.969458006928044
"9196",191,"Ec_N",154,16,16,"Ec",24,1,1,1,0,1,0.969458006928044
"9197",191,"Ec_N",154,17,17,"Ec",24,1,1,1,0,1,0.969458006928044
"9198",191,"Ec_N",154,18,18,"Ec",24,1,1,1,0,1,0.969458006928044
"9199",191,"Ec_N",154,19,19,"Ec",24,1,1,1,0,1,0.969458006928044
"9200",191,"Ec_N",154,20,20,"Ec",24,1,1,1,0,1,0.969458006928044
"9201",191,"Ec_N",154,21,21,"Ec",24,1,1,1,0,1,0.969458006928044
"9202",191,"Ec_N",154,22,22,"Ec",24,1,1,1,0,1,0.969458006928044
"9203",191,"Ec_N",154,23,23,"Ec",24,1,1,1,0,1,0.969458006928044
"9204",191,"Ec_N",154,24,24,"Ec",32,1,1,1,1,1,1
"9205",191,"Ec_N",154,25,25,"Ec",32,1,1,1,1,1,1
"9206",191,"Ec_N",154,26,26,"Ec",32,1,1,1,1,1,1
"9207",191,"Ec_N",154,27,27,"Ec",32,1,1,1,1,1,1
"9208",191,"Ec_N",154,28,28,"Ec",32,1,1,1,1,1,1
"9209",191,"Ec_N",154,29,29,"Ec",32,1,1,1,1,1,1
"9210",191,"Ec_N",154,30,30,"Ec",32,1,1,1,1,1,1
"9211",191,"Ec_N",154,31,31,"Ec",32,1,1,1,1,1,1
"9212",191,"Ec_N",154,32,32,"Ec",32,1,1,1,1,1,1
"9213",191,"Ec_N",154,33,33,"Ec",32,1,1,1,1,1,1
"9214",191,"Ec_N",154,34,34,"Ec",32,1,1,1,1,1,1
"9215",191,"Ec_N",154,35,35,"Ec",32,1,1,1,1,1,1
"9216",191,"Ec_N",154,36,36,"Ec",32,1,1,1,1,1,1
"9217",191,"Ec_N",154,37,37,"Ec",32,1,1,1,1,1,1
"9218",191,"Ec_N",154,38,38,"Ec",32,1,1,1,1,1,1
"9219",191,"Ec_N",154,39,39,"Ec",32,1,1,1,1,1,1
"9220",191,"Ec_N",154,40,40,"Ec",32,1,1,1,1,1,1
"9221",191,"Ec_N",154,41,41,"Ec",32,1,1,1,1,1,1
"9222",191,"Ec_N",154,42,42,"Ec",32,1,1,1,1,1,1
"9223",191,"Ec_N",154,43,43,"Ec",32,1,1,1,1,1,1
"9224",191,"Ec_N",154,44,44,"Ec",32,1,1,1,1,1,1
"9225",191,"Ec_N",154,45,45,"Ec",32,1,1,1,1,1,1
"9226",191,"Ec_N",154,46,46,"Ec",32,1,1,1,1,1,1
"9227",191,"Ec_N",154,47,47,"Ec",32,1,1,1,1,1,1
"9228",191,"Ec_N",154,48,48,"Ec",32,1,1,1,1,1,1
"9229",191,"Ec_N",154,49,49,"Ec",32,1,1,1,1,1,1
"9230",191,"Ec_N",154,50,50,"Ec",32,1,1,1,1,1,1
"9231",191,"Ec_N",154,51,51,"Ec",32,1,1,1,1,1,1
"9232",191,"Ec_N",154,52,52,"Ec",32,1,1,1,1,1,1
"9233",191,"Ec_N",154,53,53,"Ec",32,1,1,1,1,1,1
"9234",191,"Ec_N",154,54,54,"Ec",32,1,1,1,1,1,1
"9235",191,"Ec_N",154,55,55,"Ec",32,1,1,1,1,1,1
"9236",191,"Ec_N",154,56,56,"Ec",32,1,1,1,1,1,1
"9237",191,"Ec_N",154,57,57,"Ec",32,1,1,1,1,1,1
"9238",191,"Ec_N",154,58,58,"Ec",32,1,1,1,1,1,1
"9239",191,"Ec_N",154,59,59,"Ec",32,1,1,1,1,1,1
"9240",191,"Ec_N",154,60,60,"Ec",32,1,1,1,1,1,1
"9241",191,"Ec_N",155,1,1,"Ec",1,0,0,0,0,0,0
"9242",191,"Ec_N",155,2,2,"Ec",9,0,0,0,1,0,0.0305419930719563
"9243",191,"Ec_N",155,3,3,"Ec",9,0,0,0,1,0,0.0305419930719563
"9244",191,"Ec_N",155,4,4,"Ec",9,0,0,0,1,0,0.0305419930719563
"9245",191,"Ec_N",155,5,5,"Ec",9,0,0,0,1,0,0.0305419930719563
"9246",191,"Ec_N",155,6,6,"Ec",13,0,0,1,1,0,0.374679213953716
"9247",191,"Ec_N",155,7,7,"Ec",13,0,0,1,1,0,0.374679213953716
"9248",191,"Ec_N",155,8,8,"Ec",15,0,1,1,1,0,0.437080043527332
"9249",191,"Ec_N",155,9,9,"Ec",15,0,1,1,1,0,0.437080043527332
"9250",191,"Ec_N",155,10,10,"Ec",15,0,1,1,1,0,0.437080043527332
"9251",191,"Ec_N",155,11,11,"Ec",15,0,1,1,1,0,0.437080043527332
"9252",191,"Ec_N",155,12,12,"Ec",15,0,1,1,1,0,0.437080043527332
"9253",191,"Ec_N",155,13,13,"Ec",15,0,1,1,1,0,0.437080043527332
"9254",191,"Ec_N",155,14,14,"Ec",15,0,1,1,1,0,0.437080043527332
"9255",191,"Ec_N",155,15,15,"Ec",31,0,1,1,1,1,0.801979629454064
"9256",191,"Ec_N",155,16,16,"Ec",31,0,1,1,1,1,0.801979629454064
"9257",191,"Ec_N",155,17,17,"Ec",31,0,1,1,1,1,0.801979629454064
"9258",191,"Ec_N",155,18,18,"Ec",31,0,1,1,1,1,0.801979629454064
"9259",191,"Ec_N",155,19,19,"Ec",31,0,1,1,1,1,0.801979629454064
"9260",191,"Ec_N",155,20,20,"Ec",31,0,1,1,1,1,0.801979629454064
"9261",191,"Ec_N",155,21,21,"Ec",31,0,1,1,1,1,0.801979629454064
"9262",191,"Ec_N",155,22,22,"Ec",31,0,1,1,1,1,0.801979629454064
"9263",191,"Ec_N",155,23,23,"Ec",31,0,1,1,1,1,0.801979629454064
"9264",191,"Ec_N",155,24,24,"Ec",31,0,1,1,1,1,0.801979629454064
"9265",191,"Ec_N",155,25,25,"Ec",31,0,1,1,1,1,0.801979629454064
"9266",191,"Ec_N",155,26,26,"Ec",31,0,1,1,1,1,0.801979629454064
"9267",191,"Ec_N",155,27,27,"Ec",31,0,1,1,1,1,0.801979629454064
"9268",191,"Ec_N",155,28,28,"Ec",31,0,1,1,1,1,0.801979629454064
"9269",191,"Ec_N",155,29,29,"Ec",31,0,1,1,1,1,0.801979629454064
"9270",191,"Ec_N",155,30,30,"Ec",31,0,1,1,1,1,0.801979629454064
"9271",191,"Ec_N",155,31,31,"Ec",31,0,1,1,1,1,0.801979629454064
"9272",191,"Ec_N",155,32,32,"Ec",31,0,1,1,1,1,0.801979629454064
"9273",191,"Ec_N",155,33,33,"Ec",31,0,1,1,1,1,0.801979629454064
"9274",191,"Ec_N",155,34,34,"Ec",31,0,1,1,1,1,0.801979629454064
"9275",191,"Ec_N",155,35,35,"Ec",31,0,1,1,1,1,0.801979629454064
"9276",191,"Ec_N",155,36,36,"Ec",31,0,1,1,1,1,0.801979629454064
"9277",191,"Ec_N",155,37,37,"Ec",31,0,1,1,1,1,0.801979629454064
"9278",191,"Ec_N",155,38,38,"Ec",31,0,1,1,1,1,0.801979629454064
"9279",191,"Ec_N",155,39,39,"Ec",31,0,1,1,1,1,0.801979629454064
"9280",191,"Ec_N",155,40,40,"Ec",31,0,1,1,1,1,0.801979629454064
"9281",191,"Ec_N",155,41,41,"Ec",31,0,1,1,1,1,0.801979629454064
"9282",191,"Ec_N",155,42,42,"Ec",32,1,1,1,1,1,1
"9283",191,"Ec_N",155,43,43,"Ec",32,1,1,1,1,1,1
"9284",191,"Ec_N",155,44,44,"Ec",32,1,1,1,1,1,1
"9285",191,"Ec_N",155,45,45,"Ec",32,1,1,1,1,1,1
"9286",191,"Ec_N",155,46,46,"Ec",32,1,1,1,1,1,1
"9287",191,"Ec_N",155,47,47,"Ec",32,1,1,1,1,1,1
"9288",191,"Ec_N",155,48,48,"Ec",32,1,1,1,1,1,1
"9289",191,"Ec_N",155,49,49,"Ec",32,1,1,1,1,1,1
"9290",191,"Ec_N",155,50,50,"Ec",32,1,1,1,1,1,1
"9291",191,"Ec_N",155,51,51,"Ec",32,1,1,1,1,1,1
"9292",191,"Ec_N",155,52,52,"Ec",32,1,1,1,1,1,1
"9293",191,"Ec_N",155,53,53,"Ec",32,1,1,1,1,1,1
"9294",191,"Ec_N",155,54,54,"Ec",32,1,1,1,1,1,1
"9295",191,"Ec_N",155,55,55,"Ec",32,1,1,1,1,1,1
"9296",191,"Ec_N",155,56,56,"Ec",32,1,1,1,1,1,1
"9297",191,"Ec_N",155,57,57,"Ec",32,1,1,1,1,1,1
"9298",191,"Ec_N",155,58,58,"Ec",32,1,1,1,1,1,1
"9299",191,"Ec_N",155,59,59,"Ec",32,1,1,1,1,1,1
"9300",191,"Ec_N",155,60,60,"Ec",32,1,1,1,1,1,1
"9301",191,"Ec_N",156,1,1,"Ec",1,0,0,0,0,0,0
"9302",191,"Ec_N",156,2,2,"Ec",1,0,0,0,0,0,0
"9303",191,"Ec_N",156,3,3,"Ec",1,0,0,0,0,0,0
"9304",191,"Ec_N",156,4,4,"Ec",1,0,0,0,0,0,0
"9305",191,"Ec_N",156,5,5,"Ec",1,0,0,0,0,0,0
"9306",191,"Ec_N",156,6,6,"Ec",1,0,0,0,0,0,0
"9307",191,"Ec_N",156,7,7,"Ec",1,0,0,0,0,0,0
"9308",191,"Ec_N",156,8,8,"Ec",1,0,0,0,0,0,0
"9309",191,"Ec_N",156,9,9,"Ec",1,0,0,0,0,0,0
"9310",191,"Ec_N",156,10,10,"Ec",1,0,0,0,0,0,0
"9311",191,"Ec_N",156,11,11,"Ec",1,0,0,0,0,0,0
"9312",191,"Ec_N",156,12,12,"Ec",3,0,1,0,0,0,0.041311480051295
"9313",191,"Ec_N",156,13,13,"Ec",3,0,1,0,0,0,0.041311480051295
"9314",191,"Ec_N",156,14,14,"Ec",3,0,1,0,0,0,0.041311480051295
"9315",191,"Ec_N",156,15,15,"Ec",3,0,1,0,0,0,0.041311480051295
"9316",191,"Ec_N",156,16,16,"Ec",3,0,1,0,0,0,0.041311480051295
"9317",191,"Ec_N",156,17,17,"Ec",3,0,1,0,0,0,0.041311480051295
"9318",191,"Ec_N",156,18,18,"Ec",3,0,1,0,0,0,0.041311480051295
"9319",191,"Ec_N",156,19,19,"Ec",3,0,1,0,0,0,0.041311480051295
"9320",191,"Ec_N",156,20,20,"Ec",3,0,1,0,0,0,0.041311480051295
"9321",191,"Ec_N",156,21,21,"Ec",3,0,1,0,0,0,0.041311480051295
"9322",191,"Ec_N",156,22,22,"Ec",3,0,1,0,0,0,0.041311480051295
"9323",191,"Ec_N",156,23,23,"Ec",3,0,1,0,0,0,0.041311480051295
"9324",191,"Ec_N",156,24,24,"Ec",3,0,1,0,0,0,0.041311480051295
"9325",191,"Ec_N",156,25,25,"Ec",3,0,1,0,0,0,0.041311480051295
"9326",191,"Ec_N",156,26,26,"Ec",3,0,1,0,0,0,0.041311480051295
"9327",191,"Ec_N",156,27,27,"Ec",3,0,1,0,0,0,0.041311480051295
"9328",191,"Ec_N",156,28,28,"Ec",3,0,1,0,0,0,0.041311480051295
"9329",191,"Ec_N",156,29,29,"Ec",3,0,1,0,0,0,0.041311480051295
"9330",191,"Ec_N",156,30,30,"Ec",3,0,1,0,0,0,0.041311480051295
"9331",191,"Ec_N",156,31,31,"Ec",3,0,1,0,0,0,0.041311480051295
"9332",191,"Ec_N",156,32,32,"Ec",3,0,1,0,0,0,0.041311480051295
"9333",191,"Ec_N",156,33,33,"Ec",3,0,1,0,0,0,0.041311480051295
"9334",191,"Ec_N",156,34,34,"Ec",3,0,1,0,0,0,0.041311480051295
"9335",191,"Ec_N",156,35,35,"Ec",3,0,1,0,0,0,0.041311480051295
"9336",191,"Ec_N",156,36,36,"Ec",3,0,1,0,0,0,0.041311480051295
"9337",191,"Ec_N",156,37,37,"Ec",19,0,1,0,0,1,0.427300415500348
"9338",191,"Ec_N",156,38,38,"Ec",19,0,1,0,0,1,0.427300415500348
"9339",191,"Ec_N",156,39,39,"Ec",19,0,1,0,0,1,0.427300415500348
"9340",191,"Ec_N",156,40,40,"Ec",19,0,1,0,0,1,0.427300415500348
"9341",191,"Ec_N",156,41,41,"Ec",19,0,1,0,0,1,0.427300415500348
"9342",191,"Ec_N",156,42,42,"Ec",19,0,1,0,0,1,0.427300415500348
"9343",191,"Ec_N",156,43,43,"Ec",19,0,1,0,0,1,0.427300415500348
"9344",191,"Ec_N",156,44,44,"Ec",19,0,1,0,0,1,0.427300415500348
"9345",191,"Ec_N",156,45,45,"Ec",19,0,1,0,0,1,0.427300415500348
"9346",191,"Ec_N",156,46,46,"Ec",19,0,1,0,0,1,0.427300415500348
"9347",191,"Ec_N",156,47,47,"Ec",19,0,1,0,0,1,0.427300415500348
"9348",191,"Ec_N",156,48,48,"Ec",19,0,1,0,0,1,0.427300415500348
"9349",191,"Ec_N",156,49,49,"Ec",19,0,1,0,0,1,0.427300415500348
"9350",191,"Ec_N",156,50,50,"Ec",19,0,1,0,0,1,0.427300415500348
"9351",191,"Ec_N",156,51,51,"Ec",19,0,1,0,0,1,0.427300415500348
"9352",191,"Ec_N",156,52,52,"Ec",19,0,1,0,0,1,0.427300415500348
"9353",191,"Ec_N",156,53,53,"Ec",19,0,1,0,0,1,0.427300415500348
"9354",191,"Ec_N",156,54,54,"Ec",19,0,1,0,0,1,0.427300415500348
"9355",191,"Ec_N",156,55,55,"Ec",19,0,1,0,0,1,0.427300415500348
"9356",191,"Ec_N",156,56,56,"Ec",19,0,1,0,0,1,0.427300415500348
"9357",191,"Ec_N",156,57,57,"Ec",19,0,1,0,0,1,0.427300415500348
"9358",191,"Ec_N",156,58,58,"Ec",19,0,1,0,0,1,0.427300415500348
"9359",191,"Ec_N",156,59,59,"Ec",19,0,1,0,0,1,0.427300415500348
"9360",191,"Ec_N",156,60,60,"Ec",19,0,1,0,0,1,0.427300415500348
"9361",191,"Ec_N",157,1,1,"Ec",1,0,0,0,0,0,0
"9362",191,"Ec_N",157,2,2,"Ec",1,0,0,0,0,0,0
"9363",191,"Ec_N",157,3,3,"Ec",1,0,0,0,0,0,0
"9364",191,"Ec_N",157,4,4,"Ec",3,0,1,0,0,0,0.041311480051295
"9365",191,"Ec_N",157,5,5,"Ec",3,0,1,0,0,0,0.041311480051295
"9366",191,"Ec_N",157,6,6,"Ec",3,0,1,0,0,0,0.041311480051295
"9367",191,"Ec_N",157,7,7,"Ec",3,0,1,0,0,0,0.041311480051295
"9368",191,"Ec_N",157,8,8,"Ec",3,0,1,0,0,0,0.041311480051295
"9369",191,"Ec_N",157,9,9,"Ec",19,0,1,0,0,1,0.427300415500348
"9370",191,"Ec_N",157,10,10,"Ec",23,0,1,1,0,1,0.616809062130864
"9371",191,"Ec_N",157,11,11,"Ec",31,0,1,1,1,1,0.801979629454064
"9372",191,"Ec_N",157,12,12,"Ec",31,0,1,1,1,1,0.801979629454064
"9373",191,"Ec_N",157,13,13,"Ec",31,0,1,1,1,1,0.801979629454064
"9374",191,"Ec_N",157,14,14,"Ec",31,0,1,1,1,1,0.801979629454064
"9375",191,"Ec_N",157,15,15,"Ec",31,0,1,1,1,1,0.801979629454064
"9376",191,"Ec_N",157,16,16,"Ec",31,0,1,1,1,1,0.801979629454064
"9377",191,"Ec_N",157,17,17,"Ec",31,0,1,1,1,1,0.801979629454064
"9378",191,"Ec_N",157,18,18,"Ec",31,0,1,1,1,1,0.801979629454064
"9379",191,"Ec_N",157,19,19,"Ec",31,0,1,1,1,1,0.801979629454064
"9380",191,"Ec_N",157,20,20,"Ec",31,0,1,1,1,1,0.801979629454064
"9381",191,"Ec_N",157,21,21,"Ec",31,0,1,1,1,1,0.801979629454064
"9382",191,"Ec_N",157,22,22,"Ec",31,0,1,1,1,1,0.801979629454064
"9383",191,"Ec_N",157,23,23,"Ec",31,0,1,1,1,1,0.801979629454064
"9384",191,"Ec_N",157,24,24,"Ec",31,0,1,1,1,1,0.801979629454064
"9385",191,"Ec_N",157,25,25,"Ec",31,0,1,1,1,1,0.801979629454064
"9386",191,"Ec_N",157,26,26,"Ec",31,0,1,1,1,1,0.801979629454064
"9387",191,"Ec_N",157,27,27,"Ec",31,0,1,1,1,1,0.801979629454064
"9388",191,"Ec_N",157,28,28,"Ec",31,0,1,1,1,1,0.801979629454064
"9389",191,"Ec_N",157,29,29,"Ec",31,0,1,1,1,1,0.801979629454064
"9390",191,"Ec_N",157,30,30,"Ec",31,0,1,1,1,1,0.801979629454064
"9391",191,"Ec_N",157,31,31,"Ec",31,0,1,1,1,1,0.801979629454064
"9392",191,"Ec_N",157,32,32,"Ec",31,0,1,1,1,1,0.801979629454064
"9393",191,"Ec_N",157,33,33,"Ec",31,0,1,1,1,1,0.801979629454064
"9394",191,"Ec_N",157,34,34,"Ec",31,0,1,1,1,1,0.801979629454064
"9395",191,"Ec_N",157,35,35,"Ec",31,0,1,1,1,1,0.801979629454064
"9396",191,"Ec_N",157,36,36,"Ec",31,0,1,1,1,1,0.801979629454064
"9397",191,"Ec_N",157,37,37,"Ec",31,0,1,1,1,1,0.801979629454064
"9398",191,"Ec_N",157,38,38,"Ec",31,0,1,1,1,1,0.801979629454064
"9399",191,"Ec_N",157,39,39,"Ec",31,0,1,1,1,1,0.801979629454064
"9400",191,"Ec_N",157,40,40,"Ec",31,0,1,1,1,1,0.801979629454064
"9401",191,"Ec_N",157,41,41,"Ec",31,0,1,1,1,1,0.801979629454064
"9402",191,"Ec_N",157,42,42,"Ec",31,0,1,1,1,1,0.801979629454064
"9403",191,"Ec_N",157,43,43,"Ec",31,0,1,1,1,1,0.801979629454064
"9404",191,"Ec_N",157,44,44,"Ec",31,0,1,1,1,1,0.801979629454064
"9405",191,"Ec_N",157,45,45,"Ec",31,0,1,1,1,1,0.801979629454064
"9406",191,"Ec_N",157,46,46,"Ec",31,0,1,1,1,1,0.801979629454064
"9407",191,"Ec_N",157,47,47,"Ec",31,0,1,1,1,1,0.801979629454064
"9408",191,"Ec_N",157,48,48,"Ec",31,0,1,1,1,1,0.801979629454064
"9409",191,"Ec_N",157,49,49,"Ec",31,0,1,1,1,1,0.801979629454064
"9410",191,"Ec_N",157,50,50,"Ec",31,0,1,1,1,1,0.801979629454064
"9411",191,"Ec_N",157,51,51,"Ec",31,0,1,1,1,1,0.801979629454064
"9412",191,"Ec_N",157,52,52,"Ec",31,0,1,1,1,1,0.801979629454064
"9413",191,"Ec_N",157,53,53,"Ec",31,0,1,1,1,1,0.801979629454064
"9414",191,"Ec_N",157,54,54,"Ec",31,0,1,1,1,1,0.801979629454064
"9415",191,"Ec_N",157,55,55,"Ec",31,0,1,1,1,1,0.801979629454064
"9416",191,"Ec_N",157,56,56,"Ec",31,0,1,1,1,1,0.801979629454064
"9417",191,"Ec_N",157,57,57,"Ec",31,0,1,1,1,1,0.801979629454064
"9418",191,"Ec_N",157,58,58,"Ec",31,0,1,1,1,1,0.801979629454064
"9419",191,"Ec_N",157,59,59,"Ec",31,0,1,1,1,1,0.801979629454064
"9420",191,"Ec_N",157,60,60,"Ec",31,0,1,1,1,1,0.801979629454064
"9421",191,"Ec_N",158,1,1,"Ec",1,0,0,0,0,0,0
"9422",191,"Ec_N",158,2,2,"Ec",1,0,0,0,0,0,0
"9423",191,"Ec_N",158,3,3,"Ec",1,0,0,0,0,0,0
"9424",191,"Ec_N",158,4,4,"Ec",17,0,0,0,0,1,0.229834113103391
"9425",191,"Ec_N",158,5,5,"Ec",18,1,0,0,0,1,0.646504780524047
"9426",191,"Ec_N",158,6,6,"Ec",18,1,0,0,0,1,0.646504780524047
"9427",191,"Ec_N",158,7,7,"Ec",18,1,0,0,0,1,0.646504780524047
"9428",191,"Ec_N",158,8,8,"Ec",18,1,0,0,0,1,0.646504780524047
"9429",191,"Ec_N",158,9,9,"Ec",18,1,0,0,0,1,0.646504780524047
"9430",191,"Ec_N",158,10,10,"Ec",18,1,0,0,0,1,0.646504780524047
"9431",191,"Ec_N",158,11,11,"Ec",18,1,0,0,0,1,0.646504780524047
"9432",191,"Ec_N",158,12,12,"Ec",18,1,0,0,0,1,0.646504780524047
"9433",191,"Ec_N",158,13,13,"Ec",18,1,0,0,0,1,0.646504780524047
"9434",191,"Ec_N",158,14,14,"Ec",18,1,0,0,0,1,0.646504780524047
"9435",191,"Ec_N",158,15,15,"Ec",18,1,0,0,0,1,0.646504780524047
"9436",191,"Ec_N",158,16,16,"Ec",18,1,0,0,0,1,0.646504780524047
"9437",191,"Ec_N",158,17,17,"Ec",18,1,0,0,0,1,0.646504780524047
"9438",191,"Ec_N",158,18,18,"Ec",18,1,0,0,0,1,0.646504780524047
"9439",191,"Ec_N",158,19,19,"Ec",18,1,0,0,0,1,0.646504780524047
"9440",191,"Ec_N",158,20,20,"Ec",18,1,0,0,0,1,0.646504780524047
"9441",191,"Ec_N",158,21,21,"Ec",18,1,0,0,0,1,0.646504780524047
"9442",191,"Ec_N",158,22,22,"Ec",18,1,0,0,0,1,0.646504780524047
"9443",191,"Ec_N",158,23,23,"Ec",18,1,0,0,0,1,0.646504780524047
"9444",191,"Ec_N",158,24,24,"Ec",18,1,0,0,0,1,0.646504780524047
"9445",191,"Ec_N",158,25,25,"Ec",18,1,0,0,0,1,0.646504780524047
"9446",191,"Ec_N",158,26,26,"Ec",18,1,0,0,0,1,0.646504780524047
"9447",191,"Ec_N",158,27,27,"Ec",18,1,0,0,0,1,0.646504780524047
"9448",191,"Ec_N",158,28,28,"Ec",18,1,0,0,0,1,0.646504780524047
"9449",191,"Ec_N",158,29,29,"Ec",18,1,0,0,0,1,0.646504780524047
"9450",191,"Ec_N",158,30,30,"Ec",18,1,0,0,0,1,0.646504780524047
"9451",191,"Ec_N",158,31,31,"Ec",18,1,0,0,0,1,0.646504780524047
"9452",191,"Ec_N",158,32,32,"Ec",18,1,0,0,0,1,0.646504780524047
"9453",191,"Ec_N",158,33,33,"Ec",18,1,0,0,0,1,0.646504780524047
"9454",191,"Ec_N",158,34,34,"Ec",18,1,0,0,0,1,0.646504780524047
"9455",191,"Ec_N",158,35,35,"Ec",18,1,0,0,0,1,0.646504780524047
"9456",191,"Ec_N",158,36,36,"Ec",18,1,0,0,0,1,0.646504780524047
"9457",191,"Ec_N",158,37,37,"Ec",18,1,0,0,0,1,0.646504780524047
"9458",191,"Ec_N",158,38,38,"Ec",18,1,0,0,0,1,0.646504780524047
"9459",191,"Ec_N",158,39,39,"Ec",18,1,0,0,0,1,0.646504780524047
"9460",191,"Ec_N",158,40,40,"Ec",18,1,0,0,0,1,0.646504780524047
"9461",191,"Ec_N",158,41,41,"Ec",18,1,0,0,0,1,0.646504780524047
"9462",191,"Ec_N",158,42,42,"Ec",22,1,0,1,0,1,0.92522428176681
"9463",191,"Ec_N",158,43,43,"Ec",22,1,0,1,0,1,0.92522428176681
"9464",191,"Ec_N",158,44,44,"Ec",22,1,0,1,0,1,0.92522428176681
"9465",191,"Ec_N",158,45,45,"Ec",22,1,0,1,0,1,0.92522428176681
"9466",191,"Ec_N",158,46,46,"Ec",22,1,0,1,0,1,0.92522428176681
"9467",191,"Ec_N",158,47,47,"Ec",30,1,0,1,1,1,0.958688519948705
"9468",191,"Ec_N",158,48,48,"Ec",30,1,0,1,1,1,0.958688519948705
"9469",191,"Ec_N",158,49,49,"Ec",30,1,0,1,1,1,0.958688519948705
"9470",191,"Ec_N",158,50,50,"Ec",30,1,0,1,1,1,0.958688519948705
"9471",191,"Ec_N",158,51,51,"Ec",30,1,0,1,1,1,0.958688519948705
"9472",191,"Ec_N",158,52,52,"Ec",32,1,1,1,1,1,1
"9473",191,"Ec_N",158,53,53,"Ec",32,1,1,1,1,1,1
"9474",191,"Ec_N",158,54,54,"Ec",32,1,1,1,1,1,1
"9475",191,"Ec_N",158,55,55,"Ec",32,1,1,1,1,1,1
"9476",191,"Ec_N",158,56,56,"Ec",32,1,1,1,1,1,1
"9477",191,"Ec_N",158,57,57,"Ec",32,1,1,1,1,1,1
"9478",191,"Ec_N",158,58,58,"Ec",32,1,1,1,1,1,1
"9479",191,"Ec_N",158,59,59,"Ec",32,1,1,1,1,1,1
"9480",191,"Ec_N",158,60,60,"Ec",32,1,1,1,1,1,1
"9481",191,"Ec_N",159,1,1,"Ec",1,0,0,0,0,0,0
"9482",191,"Ec_N",159,2,2,"Ec",1,0,0,0,0,0,0
"9483",191,"Ec_N",159,3,3,"Ec",1,0,0,0,0,0,0
"9484",191,"Ec_N",159,4,4,"Ec",1,0,0,0,0,0,0
"9485",191,"Ec_N",159,5,5,"Ec",2,1,0,0,0,0,0.198020370545937
"9486",191,"Ec_N",159,6,6,"Ec",2,1,0,0,0,0,0.198020370545937
"9487",191,"Ec_N",159,7,7,"Ec",2,1,0,0,0,0,0.198020370545937
"9488",191,"Ec_N",159,8,8,"Ec",2,1,0,0,0,0,0.198020370545937
"9489",191,"Ec_N",159,9,9,"Ec",2,1,0,0,0,0,0.198020370545937
"9490",191,"Ec_N",159,10,10,"Ec",2,1,0,0,0,0,0.198020370545937
"9491",191,"Ec_N",159,11,11,"Ec",2,1,0,0,0,0,0.198020370545937
"9492",191,"Ec_N",159,12,12,"Ec",2,1,0,0,0,0,0.198020370545937
"9493",191,"Ec_N",159,13,13,"Ec",2,1,0,0,0,0,0.198020370545937
"9494",191,"Ec_N",159,14,14,"Ec",2,1,0,0,0,0,0.198020370545937
"9495",191,"Ec_N",159,15,15,"Ec",2,1,0,0,0,0,0.198020370545937
"9496",191,"Ec_N",159,16,16,"Ec",2,1,0,0,0,0,0.198020370545937
"9497",191,"Ec_N",159,17,17,"Ec",2,1,0,0,0,0,0.198020370545937
"9498",191,"Ec_N",159,18,18,"Ec",2,1,0,0,0,0,0.198020370545937
"9499",191,"Ec_N",159,19,19,"Ec",2,1,0,0,0,0,0.198020370545937
"9500",191,"Ec_N",159,20,20,"Ec",18,1,0,0,0,1,0.646504780524047
"9501",191,"Ec_N",159,21,21,"Ec",18,1,0,0,0,1,0.646504780524047
"9502",191,"Ec_N",159,22,22,"Ec",18,1,0,0,0,1,0.646504780524047
"9503",191,"Ec_N",159,23,23,"Ec",18,1,0,0,0,1,0.646504780524047
"9504",191,"Ec_N",159,24,24,"Ec",18,1,0,0,0,1,0.646504780524047
"9505",191,"Ec_N",159,25,25,"Ec",18,1,0,0,0,1,0.646504780524047
"9506",191,"Ec_N",159,26,26,"Ec",18,1,0,0,0,1,0.646504780524047
"9507",191,"Ec_N",159,27,27,"Ec",18,1,0,0,0,1,0.646504780524047
"9508",191,"Ec_N",159,28,28,"Ec",18,1,0,0,0,1,0.646504780524047
"9509",191,"Ec_N",159,29,29,"Ec",18,1,0,0,0,1,0.646504780524047
"9510",191,"Ec_N",159,30,30,"Ec",18,1,0,0,0,1,0.646504780524047
"9511",191,"Ec_N",159,31,31,"Ec",18,1,0,0,0,1,0.646504780524047
"9512",191,"Ec_N",159,32,32,"Ec",18,1,0,0,0,1,0.646504780524047
"9513",191,"Ec_N",159,33,33,"Ec",18,1,0,0,0,1,0.646504780524047
"9514",191,"Ec_N",159,34,34,"Ec",18,1,0,0,0,1,0.646504780524047
"9515",191,"Ec_N",159,35,35,"Ec",18,1,0,0,0,1,0.646504780524047
"9516",191,"Ec_N",159,36,36,"Ec",18,1,0,0,0,1,0.646504780524047
"9517",191,"Ec_N",159,37,37,"Ec",18,1,0,0,0,1,0.646504780524047
"9518",191,"Ec_N",159,38,38,"Ec",18,1,0,0,0,1,0.646504780524047
"9519",191,"Ec_N",159,39,39,"Ec",18,1,0,0,0,1,0.646504780524047
"9520",191,"Ec_N",159,40,40,"Ec",18,1,0,0,0,1,0.646504780524047
"9521",191,"Ec_N",159,41,41,"Ec",18,1,0,0,0,1,0.646504780524047
"9522",191,"Ec_N",159,42,42,"Ec",18,1,0,0,0,1,0.646504780524047
"9523",191,"Ec_N",159,43,43,"Ec",18,1,0,0,0,1,0.646504780524047
"9524",191,"Ec_N",159,44,44,"Ec",18,1,0,0,0,1,0.646504780524047
"9525",191,"Ec_N",159,45,45,"Ec",18,1,0,0,0,1,0.646504780524047
"9526",191,"Ec_N",159,46,46,"Ec",18,1,0,0,0,1,0.646504780524047
"9527",191,"Ec_N",159,47,47,"Ec",18,1,0,0,0,1,0.646504780524047
"9528",191,"Ec_N",159,48,48,"Ec",18,1,0,0,0,1,0.646504780524047
"9529",191,"Ec_N",159,49,49,"Ec",18,1,0,0,0,1,0.646504780524047
"9530",191,"Ec_N",159,50,50,"Ec",18,1,0,0,0,1,0.646504780524047
"9531",191,"Ec_N",159,51,51,"Ec",18,1,0,0,0,1,0.646504780524047
"9532",191,"Ec_N",159,52,52,"Ec",18,1,0,0,0,1,0.646504780524047
"9533",191,"Ec_N",159,53,53,"Ec",18,1,0,0,0,1,0.646504780524047
"9534",191,"Ec_N",159,54,54,"Ec",18,1,0,0,0,1,0.646504780524047
"9535",191,"Ec_N",159,55,55,"Ec",18,1,0,0,0,1,0.646504780524047
"9536",191,"Ec_N",159,56,56,"Ec",18,1,0,0,0,1,0.646504780524047
"9537",191,"Ec_N",159,57,57,"Ec",18,1,0,0,0,1,0.646504780524047
"9538",191,"Ec_N",159,58,58,"Ec",18,1,0,0,0,1,0.646504780524047
"9539",191,"Ec_N",159,59,59,"Ec",18,1,0,0,0,1,0.646504780524047
"9540",191,"Ec_N",159,60,60,"Ec",18,1,0,0,0,1,0.646504780524047
"9541",191,"Ec_N",160,1,1,"Ec",1,0,0,0,0,0,0
"9542",191,"Ec_N",160,2,2,"Ec",1,0,0,0,0,0,0
"9543",191,"Ec_N",160,3,3,"Ec",5,0,0,1,0,0,0.49313446766664
"9544",191,"Ec_N",160,4,4,"Ec",5,0,0,1,0,0,0.49313446766664
"9545",191,"Ec_N",160,5,5,"Ec",5,0,0,1,0,0,0.49313446766664
"9546",191,"Ec_N",160,6,6,"Ec",5,0,0,1,0,0,0.49313446766664
"9547",191,"Ec_N",160,7,7,"Ec",21,0,0,1,0,1,0.726280938342543
"9548",191,"Ec_N",160,8,8,"Ec",21,0,0,1,0,1,0.726280938342543
"9549",191,"Ec_N",160,9,9,"Ec",29,0,0,1,1,1,0.760668149402769
"9550",191,"Ec_N",160,10,10,"Ec",31,0,1,1,1,1,0.801979629454064
"9551",191,"Ec_N",160,11,11,"Ec",31,0,1,1,1,1,0.801979629454064
"9552",191,"Ec_N",160,12,12,"Ec",31,0,1,1,1,1,0.801979629454064
"9553",191,"Ec_N",160,13,13,"Ec",31,0,1,1,1,1,0.801979629454064
"9554",191,"Ec_N",160,14,14,"Ec",31,0,1,1,1,1,0.801979629454064
"9555",191,"Ec_N",160,15,15,"Ec",31,0,1,1,1,1,0.801979629454064
"9556",191,"Ec_N",160,16,16,"Ec",31,0,1,1,1,1,0.801979629454064
"9557",191,"Ec_N",160,17,17,"Ec",31,0,1,1,1,1,0.801979629454064
"9558",191,"Ec_N",160,18,18,"Ec",31,0,1,1,1,1,0.801979629454064
"9559",191,"Ec_N",160,19,19,"Ec",31,0,1,1,1,1,0.801979629454064
"9560",191,"Ec_N",160,20,20,"Ec",31,0,1,1,1,1,0.801979629454064
"9561",191,"Ec_N",160,21,21,"Ec",31,0,1,1,1,1,0.801979629454064
"9562",191,"Ec_N",160,22,22,"Ec",32,1,1,1,1,1,1
"9563",191,"Ec_N",160,23,23,"Ec",32,1,1,1,1,1,1
"9564",191,"Ec_N",160,24,24,"Ec",32,1,1,1,1,1,1
"9565",191,"Ec_N",160,25,25,"Ec",32,1,1,1,1,1,1
"9566",191,"Ec_N",160,26,26,"Ec",32,1,1,1,1,1,1
"9567",191,"Ec_N",160,27,27,"Ec",32,1,1,1,1,1,1
"9568",191,"Ec_N",160,28,28,"Ec",32,1,1,1,1,1,1
"9569",191,"Ec_N",160,29,29,"Ec",32,1,1,1,1,1,1
"9570",191,"Ec_N",160,30,30,"Ec",32,1,1,1,1,1,1
"9571",191,"Ec_N",160,31,31,"Ec",32,1,1,1,1,1,1
"9572",191,"Ec_N",160,32,32,"Ec",32,1,1,1,1,1,1
"9573",191,"Ec_N",160,33,33,"Ec",32,1,1,1,1,1,1
"9574",191,"Ec_N",160,34,34,"Ec",32,1,1,1,1,1,1
"9575",191,"Ec_N",160,35,35,"Ec",32,1,1,1,1,1,1
"9576",191,"Ec_N",160,36,36,"Ec",32,1,1,1,1,1,1
"9577",191,"Ec_N",160,37,37,"Ec",32,1,1,1,1,1,1
"9578",191,"Ec_N",160,38,38,"Ec",32,1,1,1,1,1,1
"9579",191,"Ec_N",160,39,39,"Ec",32,1,1,1,1,1,1
"9580",191,"Ec_N",160,40,40,"Ec",32,1,1,1,1,1,1
"9581",191,"Ec_N",160,41,41,"Ec",32,1,1,1,1,1,1
"9582",191,"Ec_N",160,42,42,"Ec",32,1,1,1,1,1,1
"9583",191,"Ec_N",160,43,43,"Ec",32,1,1,1,1,1,1
"9584",191,"Ec_N",160,44,44,"Ec",32,1,1,1,1,1,1
"9585",191,"Ec_N",160,45,45,"Ec",32,1,1,1,1,1,1
"9586",191,"Ec_N",160,46,46,"Ec",32,1,1,1,1,1,1
"9587",191,"Ec_N",160,47,47,"Ec",32,1,1,1,1,1,1
"9588",191,"Ec_N",160,48,48,"Ec",32,1,1,1,1,1,1
"9589",191,"Ec_N",160,49,49,"Ec",32,1,1,1,1,1,1
"9590",191,"Ec_N",160,50,50,"Ec",32,1,1,1,1,1,1
"9591",191,"Ec_N",160,51,51,"Ec",32,1,1,1,1,1,1
"9592",191,"Ec_N",160,52,52,"Ec",32,1,1,1,1,1,1
"9593",191,"Ec_N",160,53,53,"Ec",32,1,1,1,1,1,1
"9594",191,"Ec_N",160,54,54,"Ec",32,1,1,1,1,1,1
"9595",191,"Ec_N",160,55,55,"Ec",32,1,1,1,1,1,1
"9596",191,"Ec_N",160,56,56,"Ec",32,1,1,1,1,1,1
"9597",191,"Ec_N",160,57,57,"Ec",32,1,1,1,1,1,1
"9598",191,"Ec_N",160,58,58,"Ec",32,1,1,1,1,1,1
"9599",191,"Ec_N",160,59,59,"Ec",32,1,1,1,1,1,1
"9600",191,"Ec_N",160,60,60,"Ec",32,1,1,1,1,1,1
"9601",191,"Ec_N",161,1,1,"Ec",1,0,0,0,0,0,0
"9602",191,"Ec_N",161,2,2,"Ec",1,0,0,0,0,0,0
"9603",191,"Ec_N",161,3,3,"Ec",1,0,0,0,0,0,0
"9604",191,"Ec_N",161,4,4,"Ec",1,0,0,0,0,0,0
"9605",191,"Ec_N",161,5,5,"Ec",1,0,0,0,0,0,0
"9606",191,"Ec_N",161,6,6,"Ec",1,0,0,0,0,0,0
"9607",191,"Ec_N",161,7,7,"Ec",1,0,0,0,0,0,0
"9608",191,"Ec_N",161,8,8,"Ec",1,0,0,0,0,0,0
"9609",191,"Ec_N",161,9,9,"Ec",2,1,0,0,0,0,0.198020370545937
"9610",191,"Ec_N",161,10,10,"Ec",2,1,0,0,0,0,0.198020370545937
"9611",191,"Ec_N",161,11,11,"Ec",6,1,0,1,0,0,0.542157591427696
"9612",191,"Ec_N",161,12,12,"Ec",6,1,0,1,0,0,0.542157591427696
"9613",191,"Ec_N",161,13,13,"Ec",6,1,0,1,0,0,0.542157591427696
"9614",191,"Ec_N",161,14,14,"Ec",6,1,0,1,0,0,0.542157591427696
"9615",191,"Ec_N",161,15,15,"Ec",6,1,0,1,0,0,0.542157591427696
"9616",191,"Ec_N",161,16,16,"Ec",6,1,0,1,0,0,0.542157591427696
"9617",191,"Ec_N",161,17,17,"Ec",6,1,0,1,0,0,0.542157591427696
"9618",191,"Ec_N",161,18,18,"Ec",6,1,0,1,0,0,0.542157591427696
"9619",191,"Ec_N",161,19,19,"Ec",6,1,0,1,0,0,0.542157591427696
"9620",191,"Ec_N",161,20,20,"Ec",6,1,0,1,0,0,0.542157591427696
"9621",191,"Ec_N",161,21,21,"Ec",14,1,0,1,1,0,0.746777083195453
"9622",191,"Ec_N",161,22,22,"Ec",14,1,0,1,1,0,0.746777083195453
"9623",191,"Ec_N",161,23,23,"Ec",14,1,0,1,1,0,0.746777083195453
"9624",191,"Ec_N",161,24,24,"Ec",14,1,0,1,1,0,0.746777083195453
"9625",191,"Ec_N",161,25,25,"Ec",14,1,0,1,1,0,0.746777083195453
"9626",191,"Ec_N",161,26,26,"Ec",14,1,0,1,1,0,0.746777083195453
"9627",191,"Ec_N",161,27,27,"Ec",14,1,0,1,1,0,0.746777083195453
"9628",191,"Ec_N",161,28,28,"Ec",14,1,0,1,1,0,0.746777083195453
"9629",191,"Ec_N",161,29,29,"Ec",14,1,0,1,1,0,0.746777083195453
"9630",191,"Ec_N",161,30,30,"Ec",14,1,0,1,1,0,0.746777083195453
"9631",191,"Ec_N",161,31,31,"Ec",14,1,0,1,1,0,0.746777083195453
"9632",191,"Ec_N",161,32,32,"Ec",14,1,0,1,1,0,0.746777083195453
"9633",191,"Ec_N",161,33,33,"Ec",14,1,0,1,1,0,0.746777083195453
"9634",191,"Ec_N",161,34,34,"Ec",14,1,0,1,1,0,0.746777083195453
"9635",191,"Ec_N",161,35,35,"Ec",14,1,0,1,1,0,0.746777083195453
"9636",191,"Ec_N",161,36,36,"Ec",14,1,0,1,1,0,0.746777083195453
"9637",191,"Ec_N",161,37,37,"Ec",14,1,0,1,1,0,0.746777083195453
"9638",191,"Ec_N",161,38,38,"Ec",14,1,0,1,1,0,0.746777083195453
"9639",191,"Ec_N",161,39,39,"Ec",14,1,0,1,1,0,0.746777083195453
"9640",191,"Ec_N",161,40,40,"Ec",14,1,0,1,1,0,0.746777083195453
"9641",191,"Ec_N",161,41,41,"Ec",14,1,0,1,1,0,0.746777083195453
"9642",191,"Ec_N",161,42,42,"Ec",14,1,0,1,1,0,0.746777083195453
"9643",191,"Ec_N",161,43,43,"Ec",14,1,0,1,1,0,0.746777083195453
"9644",191,"Ec_N",161,44,44,"Ec",14,1,0,1,1,0,0.746777083195453
"9645",191,"Ec_N",161,45,45,"Ec",14,1,0,1,1,0,0.746777083195453
"9646",191,"Ec_N",161,46,46,"Ec",14,1,0,1,1,0,0.746777083195453
"9647",191,"Ec_N",161,47,47,"Ec",14,1,0,1,1,0,0.746777083195453
"9648",191,"Ec_N",161,48,48,"Ec",14,1,0,1,1,0,0.746777083195453
"9649",191,"Ec_N",161,49,49,"Ec",14,1,0,1,1,0,0.746777083195453
"9650",191,"Ec_N",161,50,50,"Ec",14,1,0,1,1,0,0.746777083195453
"9651",191,"Ec_N",161,51,51,"Ec",14,1,0,1,1,0,0.746777083195453
"9652",191,"Ec_N",161,52,52,"Ec",14,1,0,1,1,0,0.746777083195453
"9653",191,"Ec_N",161,53,53,"Ec",14,1,0,1,1,0,0.746777083195453
"9654",191,"Ec_N",161,54,54,"Ec",14,1,0,1,1,0,0.746777083195453
"9655",191,"Ec_N",161,55,55,"Ec",14,1,0,1,1,0,0.746777083195453
"9656",191,"Ec_N",161,56,56,"Ec",14,1,0,1,1,0,0.746777083195453
"9657",191,"Ec_N",161,57,57,"Ec",14,1,0,1,1,0,0.746777083195453
"9658",191,"Ec_N",161,58,58,"Ec",14,1,0,1,1,0,0.746777083195453
"9659",191,"Ec_N",161,59,59,"Ec",14,1,0,1,1,0,0.746777083195453
"9660",191,"Ec_N",161,60,60,"Ec",14,1,0,1,1,0,0.746777083195453
"9661",191,"Ec_N",162,1,1,"Ec",1,0,0,0,0,0,0
"9662",191,"Ec_N",162,2,2,"Ec",1,0,0,0,0,0,0
"9663",191,"Ec_N",162,3,3,"Ec",2,1,0,0,0,0,0.198020370545937
"9664",191,"Ec_N",162,4,4,"Ec",2,1,0,0,0,0,0.198020370545937
"9665",191,"Ec_N",162,5,5,"Ec",2,1,0,0,0,0,0.198020370545937
"9666",191,"Ec_N",162,6,6,"Ec",2,1,0,0,0,0,0.198020370545937
"9667",191,"Ec_N",162,7,7,"Ec",2,1,0,0,0,0,0.198020370545937
"9668",191,"Ec_N",162,8,8,"Ec",2,1,0,0,0,0,0.198020370545937
"9669",191,"Ec_N",162,9,9,"Ec",2,1,0,0,0,0,0.198020370545937
"9670",191,"Ec_N",162,10,10,"Ec",2,1,0,0,0,0,0.198020370545937
"9671",191,"Ec_N",162,11,11,"Ec",2,1,0,0,0,0,0.198020370545937
"9672",191,"Ec_N",162,12,12,"Ec",2,1,0,0,0,0,0.198020370545937
"9673",191,"Ec_N",162,13,13,"Ec",18,1,0,0,0,1,0.646504780524047
"9674",191,"Ec_N",162,14,14,"Ec",18,1,0,0,0,1,0.646504780524047
"9675",191,"Ec_N",162,15,15,"Ec",18,1,0,0,0,1,0.646504780524047
"9676",191,"Ec_N",162,16,16,"Ec",18,1,0,0,0,1,0.646504780524047
"9677",191,"Ec_N",162,17,17,"Ec",18,1,0,0,0,1,0.646504780524047
"9678",191,"Ec_N",162,18,18,"Ec",18,1,0,0,0,1,0.646504780524047
"9679",191,"Ec_N",162,19,19,"Ec",18,1,0,0,0,1,0.646504780524047
"9680",191,"Ec_N",162,20,20,"Ec",18,1,0,0,0,1,0.646504780524047
"9681",191,"Ec_N",162,21,21,"Ec",18,1,0,0,0,1,0.646504780524047
"9682",191,"Ec_N",162,22,22,"Ec",18,1,0,0,0,1,0.646504780524047
"9683",191,"Ec_N",162,23,23,"Ec",18,1,0,0,0,1,0.646504780524047
"9684",191,"Ec_N",162,24,24,"Ec",18,1,0,0,0,1,0.646504780524047
"9685",191,"Ec_N",162,25,25,"Ec",18,1,0,0,0,1,0.646504780524047
"9686",191,"Ec_N",162,26,26,"Ec",18,1,0,0,0,1,0.646504780524047
"9687",191,"Ec_N",162,27,27,"Ec",18,1,0,0,0,1,0.646504780524047
"9688",191,"Ec_N",162,28,28,"Ec",18,1,0,0,0,1,0.646504780524047
"9689",191,"Ec_N",162,29,29,"Ec",18,1,0,0,0,1,0.646504780524047
"9690",191,"Ec_N",162,30,30,"Ec",18,1,0,0,0,1,0.646504780524047
"9691",191,"Ec_N",162,31,31,"Ec",18,1,0,0,0,1,0.646504780524047
"9692",191,"Ec_N",162,32,32,"Ec",18,1,0,0,0,1,0.646504780524047
"9693",191,"Ec_N",162,33,33,"Ec",18,1,0,0,0,1,0.646504780524047
"9694",191,"Ec_N",162,34,34,"Ec",18,1,0,0,0,1,0.646504780524047
"9695",191,"Ec_N",162,35,35,"Ec",18,1,0,0,0,1,0.646504780524047
"9696",191,"Ec_N",162,36,36,"Ec",18,1,0,0,0,1,0.646504780524047
"9697",191,"Ec_N",162,37,37,"Ec",18,1,0,0,0,1,0.646504780524047
"9698",191,"Ec_N",162,38,38,"Ec",22,1,0,1,0,1,0.92522428176681
"9699",191,"Ec_N",162,39,39,"Ec",22,1,0,1,0,1,0.92522428176681
"9700",191,"Ec_N",162,40,40,"Ec",22,1,0,1,0,1,0.92522428176681
"9701",191,"Ec_N",162,41,41,"Ec",22,1,0,1,0,1,0.92522428176681
"9702",191,"Ec_N",162,42,42,"Ec",22,1,0,1,0,1,0.92522428176681
"9703",191,"Ec_N",162,43,43,"Ec",22,1,0,1,0,1,0.92522428176681
"9704",191,"Ec_N",162,44,44,"Ec",22,1,0,1,0,1,0.92522428176681
"9705",191,"Ec_N",162,45,45,"Ec",22,1,0,1,0,1,0.92522428176681
"9706",191,"Ec_N",162,46,46,"Ec",22,1,0,1,0,1,0.92522428176681
"9707",191,"Ec_N",162,47,47,"Ec",22,1,0,1,0,1,0.92522428176681
"9708",191,"Ec_N",162,48,48,"Ec",30,1,0,1,1,1,0.958688519948705
"9709",191,"Ec_N",162,49,49,"Ec",30,1,0,1,1,1,0.958688519948705
"9710",191,"Ec_N",162,50,50,"Ec",30,1,0,1,1,1,0.958688519948705
"9711",191,"Ec_N",162,51,51,"Ec",30,1,0,1,1,1,0.958688519948705
"9712",191,"Ec_N",162,52,52,"Ec",30,1,0,1,1,1,0.958688519948705
"9713",191,"Ec_N",162,53,53,"Ec",30,1,0,1,1,1,0.958688519948705
"9714",191,"Ec_N",162,54,54,"Ec",30,1,0,1,1,1,0.958688519948705
"9715",191,"Ec_N",162,55,55,"Ec",30,1,0,1,1,1,0.958688519948705
"9716",191,"Ec_N",162,56,56,"Ec",30,1,0,1,1,1,0.958688519948705
"9717",191,"Ec_N",162,57,57,"Ec",30,1,0,1,1,1,0.958688519948705
"9718",191,"Ec_N",162,58,58,"Ec",30,1,0,1,1,1,0.958688519948705
"9719",191,"Ec_N",162,59,59,"Ec",32,1,1,1,1,1,1
"9720",191,"Ec_N",162,60,60,"Ec",32,1,1,1,1,1,1
"9721",191,"Ec_N",163,1,1,"Ec",1,0,0,0,0,0,0
"9722",191,"Ec_N",163,2,2,"Ec",3,0,1,0,0,0,0.041311480051295
"9723",191,"Ec_N",163,3,3,"Ec",3,0,1,0,0,0,0.041311480051295
"9724",191,"Ec_N",163,4,4,"Ec",3,0,1,0,0,0,0.041311480051295
"9725",191,"Ec_N",163,5,5,"Ec",3,0,1,0,0,0,0.041311480051295
"9726",191,"Ec_N",163,6,6,"Ec",3,0,1,0,0,0,0.041311480051295
"9727",191,"Ec_N",163,7,7,"Ec",3,0,1,0,0,0,0.041311480051295
"9728",191,"Ec_N",163,8,8,"Ec",3,0,1,0,0,0,0.041311480051295
"9729",191,"Ec_N",163,9,9,"Ec",3,0,1,0,0,0,0.041311480051295
"9730",191,"Ec_N",163,10,10,"Ec",4,1,1,0,0,0,0.239331850597232
"9731",191,"Ec_N",163,11,11,"Ec",4,1,1,0,0,0,0.239331850597232
"9732",191,"Ec_N",163,12,12,"Ec",4,1,1,0,0,0,0.239331850597232
"9733",191,"Ec_N",163,13,13,"Ec",4,1,1,0,0,0,0.239331850597232
"9734",191,"Ec_N",163,14,14,"Ec",12,1,1,0,1,0,0.259780205416137
"9735",191,"Ec_N",163,15,15,"Ec",12,1,1,0,1,0,0.259780205416137
"9736",191,"Ec_N",163,16,16,"Ec",12,1,1,0,1,0,0.259780205416137
"9737",191,"Ec_N",163,17,17,"Ec",12,1,1,0,1,0,0.259780205416137
"9738",191,"Ec_N",163,18,18,"Ec",12,1,1,0,1,0,0.259780205416137
"9739",191,"Ec_N",163,19,19,"Ec",12,1,1,0,1,0,0.259780205416137
"9740",191,"Ec_N",163,20,20,"Ec",12,1,1,0,1,0,0.259780205416137
"9741",191,"Ec_N",163,21,21,"Ec",12,1,1,0,1,0,0.259780205416137
"9742",191,"Ec_N",163,22,22,"Ec",12,1,1,0,1,0,0.259780205416137
"9743",191,"Ec_N",163,23,23,"Ec",12,1,1,0,1,0,0.259780205416137
"9744",191,"Ec_N",163,24,24,"Ec",12,1,1,0,1,0,0.259780205416137
"9745",191,"Ec_N",163,25,25,"Ec",12,1,1,0,1,0,0.259780205416137
"9746",191,"Ec_N",163,26,26,"Ec",28,1,1,0,1,1,0.681047421119041
"9747",191,"Ec_N",163,27,27,"Ec",28,1,1,0,1,1,0.681047421119041
"9748",191,"Ec_N",163,28,28,"Ec",28,1,1,0,1,1,0.681047421119041
"9749",191,"Ec_N",163,29,29,"Ec",28,1,1,0,1,1,0.681047421119041
"9750",191,"Ec_N",163,30,30,"Ec",28,1,1,0,1,1,0.681047421119041
"9751",191,"Ec_N",163,31,31,"Ec",28,1,1,0,1,1,0.681047421119041
"9752",191,"Ec_N",163,32,32,"Ec",28,1,1,0,1,1,0.681047421119041
"9753",191,"Ec_N",163,33,33,"Ec",32,1,1,1,1,1,1
"9754",191,"Ec_N",163,34,34,"Ec",32,1,1,1,1,1,1
"9755",191,"Ec_N",163,35,35,"Ec",32,1,1,1,1,1,1
"9756",191,"Ec_N",163,36,36,"Ec",32,1,1,1,1,1,1
"9757",191,"Ec_N",163,37,37,"Ec",32,1,1,1,1,1,1
"9758",191,"Ec_N",163,38,38,"Ec",32,1,1,1,1,1,1
"9759",191,"Ec_N",163,39,39,"Ec",32,1,1,1,1,1,1
"9760",191,"Ec_N",163,40,40,"Ec",32,1,1,1,1,1,1
"9761",191,"Ec_N",163,41,41,"Ec",32,1,1,1,1,1,1
"9762",191,"Ec_N",163,42,42,"Ec",32,1,1,1,1,1,1
"9763",191,"Ec_N",163,43,43,"Ec",32,1,1,1,1,1,1
"9764",191,"Ec_N",163,44,44,"Ec",32,1,1,1,1,1,1
"9765",191,"Ec_N",163,45,45,"Ec",32,1,1,1,1,1,1
"9766",191,"Ec_N",163,46,46,"Ec",32,1,1,1,1,1,1
"9767",191,"Ec_N",163,47,47,"Ec",32,1,1,1,1,1,1
"9768",191,"Ec_N",163,48,48,"Ec",32,1,1,1,1,1,1
"9769",191,"Ec_N",163,49,49,"Ec",32,1,1,1,1,1,1
"9770",191,"Ec_N",163,50,50,"Ec",32,1,1,1,1,1,1
"9771",191,"Ec_N",163,51,51,"Ec",32,1,1,1,1,1,1
"9772",191,"Ec_N",163,52,52,"Ec",32,1,1,1,1,1,1
"9773",191,"Ec_N",163,53,53,"Ec",32,1,1,1,1,1,1
"9774",191,"Ec_N",163,54,54,"Ec",32,1,1,1,1,1,1
"9775",191,"Ec_N",163,55,55,"Ec",32,1,1,1,1,1,1
"9776",191,"Ec_N",163,56,56,"Ec",32,1,1,1,1,1,1
"9777",191,"Ec_N",163,57,57,"Ec",32,1,1,1,1,1,1
"9778",191,"Ec_N",163,58,58,"Ec",32,1,1,1,1,1,1
"9779",191,"Ec_N",163,59,59,"Ec",32,1,1,1,1,1,1
"9780",191,"Ec_N",163,60,60,"Ec",32,1,1,1,1,1,1
"9781",191,"Ec_N",164,1,1,"Ec",1,0,0,0,0,0,0
"9782",191,"Ec_N",164,2,2,"Ec",17,0,0,0,0,1,0.229834113103391
"9783",191,"Ec_N",164,3,3,"Ec",18,1,0,0,0,1,0.646504780524047
"9784",191,"Ec_N",164,4,4,"Ec",18,1,0,0,0,1,0.646504780524047
"9785",191,"Ec_N",164,5,5,"Ec",18,1,0,0,0,1,0.646504780524047
"9786",191,"Ec_N",164,6,6,"Ec",18,1,0,0,0,1,0.646504780524047
"9787",191,"Ec_N",164,7,7,"Ec",18,1,0,0,0,1,0.646504780524047
"9788",191,"Ec_N",164,8,8,"Ec",18,1,0,0,0,1,0.646504780524047
"9789",191,"Ec_N",164,9,9,"Ec",18,1,0,0,0,1,0.646504780524047
"9790",191,"Ec_N",164,10,10,"Ec",18,1,0,0,0,1,0.646504780524047
"9791",191,"Ec_N",164,11,11,"Ec",18,1,0,0,0,1,0.646504780524047
"9792",191,"Ec_N",164,12,12,"Ec",18,1,0,0,0,1,0.646504780524047
"9793",191,"Ec_N",164,13,13,"Ec",18,1,0,0,0,1,0.646504780524047
"9794",191,"Ec_N",164,14,14,"Ec",18,1,0,0,0,1,0.646504780524047
"9795",191,"Ec_N",164,15,15,"Ec",18,1,0,0,0,1,0.646504780524047
"9796",191,"Ec_N",164,16,16,"Ec",18,1,0,0,0,1,0.646504780524047
"9797",191,"Ec_N",164,17,17,"Ec",18,1,0,0,0,1,0.646504780524047
"9798",191,"Ec_N",164,18,18,"Ec",18,1,0,0,0,1,0.646504780524047
"9799",191,"Ec_N",164,19,19,"Ec",18,1,0,0,0,1,0.646504780524047
"9800",191,"Ec_N",164,20,20,"Ec",18,1,0,0,0,1,0.646504780524047
"9801",191,"Ec_N",164,21,21,"Ec",18,1,0,0,0,1,0.646504780524047
"9802",191,"Ec_N",164,22,22,"Ec",18,1,0,0,0,1,0.646504780524047
"9803",191,"Ec_N",164,23,23,"Ec",18,1,0,0,0,1,0.646504780524047
"9804",191,"Ec_N",164,24,24,"Ec",18,1,0,0,0,1,0.646504780524047
"9805",191,"Ec_N",164,25,25,"Ec",18,1,0,0,0,1,0.646504780524047
"9806",191,"Ec_N",164,26,26,"Ec",18,1,0,0,0,1,0.646504780524047
"9807",191,"Ec_N",164,27,27,"Ec",18,1,0,0,0,1,0.646504780524047
"9808",191,"Ec_N",164,28,28,"Ec",18,1,0,0,0,1,0.646504780524047
"9809",191,"Ec_N",164,29,29,"Ec",18,1,0,0,0,1,0.646504780524047
"9810",191,"Ec_N",164,30,30,"Ec",18,1,0,0,0,1,0.646504780524047
"9811",191,"Ec_N",164,31,31,"Ec",18,1,0,0,0,1,0.646504780524047
"9812",191,"Ec_N",164,32,32,"Ec",18,1,0,0,0,1,0.646504780524047
"9813",191,"Ec_N",164,33,33,"Ec",18,1,0,0,0,1,0.646504780524047
"9814",191,"Ec_N",164,34,34,"Ec",18,1,0,0,0,1,0.646504780524047
"9815",191,"Ec_N",164,35,35,"Ec",18,1,0,0,0,1,0.646504780524047
"9816",191,"Ec_N",164,36,36,"Ec",22,1,0,1,0,1,0.92522428176681
"9817",191,"Ec_N",164,37,37,"Ec",30,1,0,1,1,1,0.958688519948705
"9818",191,"Ec_N",164,38,38,"Ec",30,1,0,1,1,1,0.958688519948705
"9819",191,"Ec_N",164,39,39,"Ec",30,1,0,1,1,1,0.958688519948705
"9820",191,"Ec_N",164,40,40,"Ec",30,1,0,1,1,1,0.958688519948705
"9821",191,"Ec_N",164,41,41,"Ec",32,1,1,1,1,1,1
"9822",191,"Ec_N",164,42,42,"Ec",32,1,1,1,1,1,1
"9823",191,"Ec_N",164,43,43,"Ec",32,1,1,1,1,1,1
"9824",191,"Ec_N",164,44,44,"Ec",32,1,1,1,1,1,1
"9825",191,"Ec_N",164,45,45,"Ec",32,1,1,1,1,1,1
"9826",191,"Ec_N",164,46,46,"Ec",32,1,1,1,1,1,1
"9827",191,"Ec_N",164,47,47,"Ec",32,1,1,1,1,1,1
"9828",191,"Ec_N",164,48,48,"Ec",32,1,1,1,1,1,1
"9829",191,"Ec_N",164,49,49,"Ec",32,1,1,1,1,1,1
"9830",191,"Ec_N",164,50,50,"Ec",32,1,1,1,1,1,1
"9831",191,"Ec_N",164,51,51,"Ec",32,1,1,1,1,1,1
"9832",191,"Ec_N",164,52,52,"Ec",32,1,1,1,1,1,1
"9833",191,"Ec_N",164,53,53,"Ec",32,1,1,1,1,1,1
"9834",191,"Ec_N",164,54,54,"Ec",32,1,1,1,1,1,1
"9835",191,"Ec_N",164,55,55,"Ec",32,1,1,1,1,1,1
"9836",191,"Ec_N",164,56,56,"Ec",32,1,1,1,1,1,1
"9837",191,"Ec_N",164,57,57,"Ec",32,1,1,1,1,1,1
"9838",191,"Ec_N",164,58,58,"Ec",32,1,1,1,1,1,1
"9839",191,"Ec_N",164,59,59,"Ec",32,1,1,1,1,1,1
"9840",191,"Ec_N",164,60,60,"Ec",32,1,1,1,1,1,1
"9841",191,"Ec_N",165,1,1,"Ec",1,0,0,0,0,0,0
"9842",191,"Ec_N",165,2,2,"Ec",1,0,0,0,0,0,0
"9843",191,"Ec_N",165,3,3,"Ec",9,0,0,0,1,0,0.0305419930719563
"9844",191,"Ec_N",165,4,4,"Ec",9,0,0,0,1,0,0.0305419930719563
"9845",191,"Ec_N",165,5,5,"Ec",9,0,0,0,1,0,0.0305419930719563
"9846",191,"Ec_N",165,6,6,"Ec",25,0,0,0,1,1,0.403163568932085
"9847",191,"Ec_N",165,7,7,"Ec",25,0,0,0,1,1,0.403163568932085
"9848",191,"Ec_N",165,8,8,"Ec",25,0,0,0,1,1,0.403163568932085
"9849",191,"Ec_N",165,9,9,"Ec",25,0,0,0,1,1,0.403163568932085
"9850",191,"Ec_N",165,10,10,"Ec",25,0,0,0,1,1,0.403163568932085
"9851",191,"Ec_N",165,11,11,"Ec",25,0,0,0,1,1,0.403163568932085
"9852",191,"Ec_N",165,12,12,"Ec",25,0,0,0,1,1,0.403163568932085
"9853",191,"Ec_N",165,13,13,"Ec",25,0,0,0,1,1,0.403163568932085
"9854",191,"Ec_N",165,14,14,"Ec",25,0,0,0,1,1,0.403163568932085
"9855",191,"Ec_N",165,15,15,"Ec",25,0,0,0,1,1,0.403163568932085
"9856",191,"Ec_N",165,16,16,"Ec",25,0,0,0,1,1,0.403163568932085
"9857",191,"Ec_N",165,17,17,"Ec",25,0,0,0,1,1,0.403163568932085
"9858",191,"Ec_N",165,18,18,"Ec",29,0,0,1,1,1,0.760668149402769
"9859",191,"Ec_N",165,19,19,"Ec",29,0,0,1,1,1,0.760668149402769
"9860",191,"Ec_N",165,20,20,"Ec",30,1,0,1,1,1,0.958688519948705
"9861",191,"Ec_N",165,21,21,"Ec",30,1,0,1,1,1,0.958688519948705
"9862",191,"Ec_N",165,22,22,"Ec",30,1,0,1,1,1,0.958688519948705
"9863",191,"Ec_N",165,23,23,"Ec",30,1,0,1,1,1,0.958688519948705
"9864",191,"Ec_N",165,24,24,"Ec",30,1,0,1,1,1,0.958688519948705
"9865",191,"Ec_N",165,25,25,"Ec",30,1,0,1,1,1,0.958688519948705
"9866",191,"Ec_N",165,26,26,"Ec",30,1,0,1,1,1,0.958688519948705
"9867",191,"Ec_N",165,27,27,"Ec",30,1,0,1,1,1,0.958688519948705
"9868",191,"Ec_N",165,28,28,"Ec",30,1,0,1,1,1,0.958688519948705
"9869",191,"Ec_N",165,29,29,"Ec",30,1,0,1,1,1,0.958688519948705
"9870",191,"Ec_N",165,30,30,"Ec",30,1,0,1,1,1,0.958688519948705
"9871",191,"Ec_N",165,31,31,"Ec",30,1,0,1,1,1,0.958688519948705
"9872",191,"Ec_N",165,32,32,"Ec",30,1,0,1,1,1,0.958688519948705
"9873",191,"Ec_N",165,33,33,"Ec",30,1,0,1,1,1,0.958688519948705
"9874",191,"Ec_N",165,34,34,"Ec",30,1,0,1,1,1,0.958688519948705
"9875",191,"Ec_N",165,35,35,"Ec",30,1,0,1,1,1,0.958688519948705
"9876",191,"Ec_N",165,36,36,"Ec",30,1,0,1,1,1,0.958688519948705
"9877",191,"Ec_N",165,37,37,"Ec",30,1,0,1,1,1,0.958688519948705
"9878",191,"Ec_N",165,38,38,"Ec",30,1,0,1,1,1,0.958688519948705
"9879",191,"Ec_N",165,39,39,"Ec",30,1,0,1,1,1,0.958688519948705
"9880",191,"Ec_N",165,40,40,"Ec",30,1,0,1,1,1,0.958688519948705
"9881",191,"Ec_N",165,41,41,"Ec",30,1,0,1,1,1,0.958688519948705
"9882",191,"Ec_N",165,42,42,"Ec",30,1,0,1,1,1,0.958688519948705
"9883",191,"Ec_N",165,43,43,"Ec",30,1,0,1,1,1,0.958688519948705
"9884",191,"Ec_N",165,44,44,"Ec",30,1,0,1,1,1,0.958688519948705
"9885",191,"Ec_N",165,45,45,"Ec",30,1,0,1,1,1,0.958688519948705
"9886",191,"Ec_N",165,46,46,"Ec",30,1,0,1,1,1,0.958688519948705
"9887",191,"Ec_N",165,47,47,"Ec",30,1,0,1,1,1,0.958688519948705
"9888",191,"Ec_N",165,48,48,"Ec",30,1,0,1,1,1,0.958688519948705
"9889",191,"Ec_N",165,49,49,"Ec",30,1,0,1,1,1,0.958688519948705
"9890",191,"Ec_N",165,50,50,"Ec",30,1,0,1,1,1,0.958688519948705
"9891",191,"Ec_N",165,51,51,"Ec",30,1,0,1,1,1,0.958688519948705
"9892",191,"Ec_N",165,52,52,"Ec",30,1,0,1,1,1,0.958688519948705
"9893",191,"Ec_N",165,53,53,"Ec",30,1,0,1,1,1,0.958688519948705
"9894",191,"Ec_N",165,54,54,"Ec",30,1,0,1,1,1,0.958688519948705
"9895",191,"Ec_N",165,55,55,"Ec",30,1,0,1,1,1,0.958688519948705
"9896",191,"Ec_N",165,56,56,"Ec",30,1,0,1,1,1,0.958688519948705
"9897",191,"Ec_N",165,57,57,"Ec",30,1,0,1,1,1,0.958688519948705
"9898",191,"Ec_N",165,58,58,"Ec",32,1,1,1,1,1,1
"9899",191,"Ec_N",165,59,59,"Ec",32,1,1,1,1,1,1
"9900",191,"Ec_N",165,60,60,"Ec",32,1,1,1,1,1,1
"9901",191,"Ec_N",166,1,1,"Ec",1,0,0,0,0,0,0
"9902",191,"Ec_N",166,2,2,"Ec",1,0,0,0,0,0,0
"9903",191,"Ec_N",166,3,3,"Ec",1,0,0,0,0,0,0
"9904",191,"Ec_N",166,4,4,"Ec",1,0,0,0,0,0,0
"9905",191,"Ec_N",166,5,5,"Ec",1,0,0,0,0,0,0
"9906",191,"Ec_N",166,6,6,"Ec",1,0,0,0,0,0,0
"9907",191,"Ec_N",166,7,7,"Ec",1,0,0,0,0,0,0
"9908",191,"Ec_N",166,8,8,"Ec",1,0,0,0,0,0,0
"9909",191,"Ec_N",166,9,9,"Ec",1,0,0,0,0,0,0
"9910",191,"Ec_N",166,10,10,"Ec",1,0,0,0,0,0,0
"9911",191,"Ec_N",166,11,11,"Ec",1,0,0,0,0,0,0
"9912",191,"Ec_N",166,12,12,"Ec",1,0,0,0,0,0,0
"9913",191,"Ec_N",166,13,13,"Ec",1,0,0,0,0,0,0
"9914",191,"Ec_N",166,14,14,"Ec",1,0,0,0,0,0,0
"9915",191,"Ec_N",166,15,15,"Ec",1,0,0,0,0,0,0
"9916",191,"Ec_N",166,16,16,"Ec",1,0,0,0,0,0,0
"9917",191,"Ec_N",166,17,17,"Ec",1,0,0,0,0,0,0
"9918",191,"Ec_N",166,18,18,"Ec",2,1,0,0,0,0,0.198020370545937
"9919",191,"Ec_N",166,19,19,"Ec",2,1,0,0,0,0,0.198020370545937
"9920",191,"Ec_N",166,20,20,"Ec",2,1,0,0,0,0,0.198020370545937
"9921",191,"Ec_N",166,21,21,"Ec",2,1,0,0,0,0,0.198020370545937
"9922",191,"Ec_N",166,22,22,"Ec",2,1,0,0,0,0,0.198020370545937
"9923",191,"Ec_N",166,23,23,"Ec",2,1,0,0,0,0,0.198020370545937
"9924",191,"Ec_N",166,24,24,"Ec",2,1,0,0,0,0,0.198020370545937
"9925",191,"Ec_N",166,25,25,"Ec",18,1,0,0,0,1,0.646504780524047
"9926",191,"Ec_N",166,26,26,"Ec",18,1,0,0,0,1,0.646504780524047
"9927",191,"Ec_N",166,27,27,"Ec",18,1,0,0,0,1,0.646504780524047
"9928",191,"Ec_N",166,28,28,"Ec",22,1,0,1,0,1,0.92522428176681
"9929",191,"Ec_N",166,29,29,"Ec",22,1,0,1,0,1,0.92522428176681
"9930",191,"Ec_N",166,30,30,"Ec",22,1,0,1,0,1,0.92522428176681
"9931",191,"Ec_N",166,31,31,"Ec",22,1,0,1,0,1,0.92522428176681
"9932",191,"Ec_N",166,32,32,"Ec",22,1,0,1,0,1,0.92522428176681
"9933",191,"Ec_N",166,33,33,"Ec",22,1,0,1,0,1,0.92522428176681
"9934",191,"Ec_N",166,34,34,"Ec",22,1,0,1,0,1,0.92522428176681
"9935",191,"Ec_N",166,35,35,"Ec",22,1,0,1,0,1,0.92522428176681
"9936",191,"Ec_N",166,36,36,"Ec",22,1,0,1,0,1,0.92522428176681
"9937",191,"Ec_N",166,37,37,"Ec",22,1,0,1,0,1,0.92522428176681
"9938",191,"Ec_N",166,38,38,"Ec",22,1,0,1,0,1,0.92522428176681
"9939",191,"Ec_N",166,39,39,"Ec",24,1,1,1,0,1,0.969458006928044
"9940",191,"Ec_N",166,40,40,"Ec",24,1,1,1,0,1,0.969458006928044
"9941",191,"Ec_N",166,41,41,"Ec",32,1,1,1,1,1,1
"9942",191,"Ec_N",166,42,42,"Ec",32,1,1,1,1,1,1
"9943",191,"Ec_N",166,43,43,"Ec",32,1,1,1,1,1,1
"9944",191,"Ec_N",166,44,44,"Ec",32,1,1,1,1,1,1
"9945",191,"Ec_N",166,45,45,"Ec",32,1,1,1,1,1,1
"9946",191,"Ec_N",166,46,46,"Ec",32,1,1,1,1,1,1
"9947",191,"Ec_N",166,47,47,"Ec",32,1,1,1,1,1,1
"9948",191,"Ec_N",166,48,48,"Ec",32,1,1,1,1,1,1
"9949",191,"Ec_N",166,49,49,"Ec",32,1,1,1,1,1,1
"9950",191,"Ec_N",166,50,50,"Ec",32,1,1,1,1,1,1
"9951",191,"Ec_N",166,51,51,"Ec",32,1,1,1,1,1,1
"9952",191,"Ec_N",166,52,52,"Ec",32,1,1,1,1,1,1
"9953",191,"Ec_N",166,53,53,"Ec",32,1,1,1,1,1,1
"9954",191,"Ec_N",166,54,54,"Ec",32,1,1,1,1,1,1
"9955",191,"Ec_N",166,55,55,"Ec",32,1,1,1,1,1,1
"9956",191,"Ec_N",166,56,56,"Ec",32,1,1,1,1,1,1
"9957",191,"Ec_N",166,57,57,"Ec",32,1,1,1,1,1,1
"9958",191,"Ec_N",166,58,58,"Ec",32,1,1,1,1,1,1
"9959",191,"Ec_N",166,59,59,"Ec",32,1,1,1,1,1,1
"9960",191,"Ec_N",166,60,60,"Ec",32,1,1,1,1,1,1
"9961",191,"Ec_N",167,1,1,"Ec",1,0,0,0,0,0,0
"9962",191,"Ec_N",167,2,2,"Ec",5,0,0,1,0,0,0.49313446766664
"9963",191,"Ec_N",167,3,3,"Ec",5,0,0,1,0,0,0.49313446766664
"9964",191,"Ec_N",167,4,4,"Ec",5,0,0,1,0,0,0.49313446766664
"9965",191,"Ec_N",167,5,5,"Ec",5,0,0,1,0,0,0.49313446766664
"9966",191,"Ec_N",167,6,6,"Ec",5,0,0,1,0,0,0.49313446766664
"9967",191,"Ec_N",167,7,7,"Ec",5,0,0,1,0,0,0.49313446766664
"9968",191,"Ec_N",167,8,8,"Ec",5,0,0,1,0,0,0.49313446766664
"9969",191,"Ec_N",167,9,9,"Ec",5,0,0,1,0,0,0.49313446766664
"9970",191,"Ec_N",167,10,10,"Ec",5,0,0,1,0,0,0.49313446766664
"9971",191,"Ec_N",167,11,11,"Ec",5,0,0,1,0,0,0.49313446766664
"9972",191,"Ec_N",167,12,12,"Ec",5,0,0,1,0,0,0.49313446766664
"9973",191,"Ec_N",167,13,13,"Ec",5,0,0,1,0,0,0.49313446766664
"9974",191,"Ec_N",167,14,14,"Ec",5,0,0,1,0,0,0.49313446766664
"9975",191,"Ec_N",167,15,15,"Ec",5,0,0,1,0,0,0.49313446766664
"9976",191,"Ec_N",167,16,16,"Ec",5,0,0,1,0,0,0.49313446766664
"9977",191,"Ec_N",167,17,17,"Ec",5,0,0,1,0,0,0.49313446766664
"9978",191,"Ec_N",167,18,18,"Ec",5,0,0,1,0,0,0.49313446766664
"9979",191,"Ec_N",167,19,19,"Ec",5,0,0,1,0,0,0.49313446766664
"9980",191,"Ec_N",167,20,20,"Ec",5,0,0,1,0,0,0.49313446766664
"9981",191,"Ec_N",167,21,21,"Ec",5,0,0,1,0,0,0.49313446766664
"9982",191,"Ec_N",167,22,22,"Ec",5,0,0,1,0,0,0.49313446766664
"9983",191,"Ec_N",167,23,23,"Ec",21,0,0,1,0,1,0.726280938342543
"9984",191,"Ec_N",167,24,24,"Ec",21,0,0,1,0,1,0.726280938342543
"9985",191,"Ec_N",167,25,25,"Ec",21,0,0,1,0,1,0.726280938342543
"9986",191,"Ec_N",167,26,26,"Ec",21,0,0,1,0,1,0.726280938342543
"9987",191,"Ec_N",167,27,27,"Ec",21,0,0,1,0,1,0.726280938342543
"9988",191,"Ec_N",167,28,28,"Ec",21,0,0,1,0,1,0.726280938342543
"9989",191,"Ec_N",167,29,29,"Ec",21,0,0,1,0,1,0.726280938342543
"9990",191,"Ec_N",167,30,30,"Ec",21,0,0,1,0,1,0.726280938342543
"9991",191,"Ec_N",167,31,31,"Ec",21,0,0,1,0,1,0.726280938342543
"9992",191,"Ec_N",167,32,32,"Ec",22,1,0,1,0,1,0.92522428176681
"9993",191,"Ec_N",167,33,33,"Ec",30,1,0,1,1,1,0.958688519948705
"9994",191,"Ec_N",167,34,34,"Ec",30,1,0,1,1,1,0.958688519948705
"9995",191,"Ec_N",167,35,35,"Ec",30,1,0,1,1,1,0.958688519948705
"9996",191,"Ec_N",167,36,36,"Ec",30,1,0,1,1,1,0.958688519948705
"9997",191,"Ec_N",167,37,37,"Ec",30,1,0,1,1,1,0.958688519948705
"9998",191,"Ec_N",167,38,38,"Ec",30,1,0,1,1,1,0.958688519948705
"9999",191,"Ec_N",167,39,39,"Ec",30,1,0,1,1,1,0.958688519948705
"10000",191,"Ec_N",167,40,40,"Ec",30,1,0,1,1,1,0.958688519948705
"10001",191,"Ec_N",167,41,41,"Ec",30,1,0,1,1,1,0.958688519948705
"10002",191,"Ec_N",167,42,42,"Ec",30,1,0,1,1,1,0.958688519948705
"10003",191,"Ec_N",167,43,43,"Ec",30,1,0,1,1,1,0.958688519948705
"10004",191,"Ec_N",167,44,44,"Ec",30,1,0,1,1,1,0.958688519948705
"10005",191,"Ec_N",167,45,45,"Ec",30,1,0,1,1,1,0.958688519948705
"10006",191,"Ec_N",167,46,46,"Ec",30,1,0,1,1,1,0.958688519948705
"10007",191,"Ec_N",167,47,47,"Ec",30,1,0,1,1,1,0.958688519948705
"10008",191,"Ec_N",167,48,48,"Ec",30,1,0,1,1,1,0.958688519948705
"10009",191,"Ec_N",167,49,49,"Ec",30,1,0,1,1,1,0.958688519948705
"10010",191,"Ec_N",167,50,50,"Ec",32,1,1,1,1,1,1
"10011",191,"Ec_N",167,51,51,"Ec",32,1,1,1,1,1,1
"10012",191,"Ec_N",167,52,52,"Ec",32,1,1,1,1,1,1
"10013",191,"Ec_N",167,53,53,"Ec",32,1,1,1,1,1,1
"10014",191,"Ec_N",167,54,54,"Ec",32,1,1,1,1,1,1
"10015",191,"Ec_N",167,55,55,"Ec",32,1,1,1,1,1,1
"10016",191,"Ec_N",167,56,56,"Ec",32,1,1,1,1,1,1
"10017",191,"Ec_N",167,57,57,"Ec",32,1,1,1,1,1,1
"10018",191,"Ec_N",167,58,58,"Ec",32,1,1,1,1,1,1
"10019",191,"Ec_N",167,59,59,"Ec",32,1,1,1,1,1,1
"10020",191,"Ec_N",167,60,60,"Ec",32,1,1,1,1,1,1
"10021",191,"Ec_N",168,1,1,"Ec",1,0,0,0,0,0,0
"10022",191,"Ec_N",168,2,2,"Ec",5,0,0,1,0,0,0.49313446766664
"10023",191,"Ec_N",168,3,3,"Ec",5,0,0,1,0,0,0.49313446766664
"10024",191,"Ec_N",168,4,4,"Ec",5,0,0,1,0,0,0.49313446766664
"10025",191,"Ec_N",168,5,5,"Ec",5,0,0,1,0,0,0.49313446766664
"10026",191,"Ec_N",168,6,6,"Ec",21,0,0,1,0,1,0.726280938342543
"10027",191,"Ec_N",168,7,7,"Ec",21,0,0,1,0,1,0.726280938342543
"10028",191,"Ec_N",168,8,8,"Ec",21,0,0,1,0,1,0.726280938342543
"10029",191,"Ec_N",168,9,9,"Ec",21,0,0,1,0,1,0.726280938342543
"10030",191,"Ec_N",168,10,10,"Ec",21,0,0,1,0,1,0.726280938342543
"10031",191,"Ec_N",168,11,11,"Ec",21,0,0,1,0,1,0.726280938342543
"10032",191,"Ec_N",168,12,12,"Ec",21,0,0,1,0,1,0.726280938342543
"10033",191,"Ec_N",168,13,13,"Ec",21,0,0,1,0,1,0.726280938342543
"10034",191,"Ec_N",168,14,14,"Ec",21,0,0,1,0,1,0.726280938342543
"10035",191,"Ec_N",168,15,15,"Ec",21,0,0,1,0,1,0.726280938342543
"10036",191,"Ec_N",168,16,16,"Ec",21,0,0,1,0,1,0.726280938342543
"10037",191,"Ec_N",168,17,17,"Ec",21,0,0,1,0,1,0.726280938342543
"10038",191,"Ec_N",168,18,18,"Ec",21,0,0,1,0,1,0.726280938342543
"10039",191,"Ec_N",168,19,19,"Ec",21,0,0,1,0,1,0.726280938342543
"10040",191,"Ec_N",168,20,20,"Ec",21,0,0,1,0,1,0.726280938342543
"10041",191,"Ec_N",168,21,21,"Ec",21,0,0,1,0,1,0.726280938342543
"10042",191,"Ec_N",168,22,22,"Ec",21,0,0,1,0,1,0.726280938342543
"10043",191,"Ec_N",168,23,23,"Ec",22,1,0,1,0,1,0.92522428176681
"10044",191,"Ec_N",168,24,24,"Ec",22,1,0,1,0,1,0.92522428176681
"10045",191,"Ec_N",168,25,25,"Ec",24,1,1,1,0,1,0.969458006928044
"10046",191,"Ec_N",168,26,26,"Ec",24,1,1,1,0,1,0.969458006928044
"10047",191,"Ec_N",168,27,27,"Ec",24,1,1,1,0,1,0.969458006928044
"10048",191,"Ec_N",168,28,28,"Ec",24,1,1,1,0,1,0.969458006928044
"10049",191,"Ec_N",168,29,29,"Ec",24,1,1,1,0,1,0.969458006928044
"10050",191,"Ec_N",168,30,30,"Ec",24,1,1,1,0,1,0.969458006928044
"10051",191,"Ec_N",168,31,31,"Ec",24,1,1,1,0,1,0.969458006928044
"10052",191,"Ec_N",168,32,32,"Ec",24,1,1,1,0,1,0.969458006928044
"10053",191,"Ec_N",168,33,33,"Ec",24,1,1,1,0,1,0.969458006928044
"10054",191,"Ec_N",168,34,34,"Ec",24,1,1,1,0,1,0.969458006928044
"10055",191,"Ec_N",168,35,35,"Ec",24,1,1,1,0,1,0.969458006928044
"10056",191,"Ec_N",168,36,36,"Ec",24,1,1,1,0,1,0.969458006928044
"10057",191,"Ec_N",168,37,37,"Ec",32,1,1,1,1,1,1
"10058",191,"Ec_N",168,38,38,"Ec",32,1,1,1,1,1,1
"10059",191,"Ec_N",168,39,39,"Ec",32,1,1,1,1,1,1
"10060",191,"Ec_N",168,40,40,"Ec",32,1,1,1,1,1,1
"10061",191,"Ec_N",168,41,41,"Ec",32,1,1,1,1,1,1
"10062",191,"Ec_N",168,42,42,"Ec",32,1,1,1,1,1,1
"10063",191,"Ec_N",168,43,43,"Ec",32,1,1,1,1,1,1
"10064",191,"Ec_N",168,44,44,"Ec",32,1,1,1,1,1,1
"10065",191,"Ec_N",168,45,45,"Ec",32,1,1,1,1,1,1
"10066",191,"Ec_N",168,46,46,"Ec",32,1,1,1,1,1,1
"10067",191,"Ec_N",168,47,47,"Ec",32,1,1,1,1,1,1
"10068",191,"Ec_N",168,48,48,"Ec",32,1,1,1,1,1,1
"10069",191,"Ec_N",168,49,49,"Ec",32,1,1,1,1,1,1
"10070",191,"Ec_N",168,50,50,"Ec",32,1,1,1,1,1,1
"10071",191,"Ec_N",168,51,51,"Ec",32,1,1,1,1,1,1
"10072",191,"Ec_N",168,52,52,"Ec",32,1,1,1,1,1,1
"10073",191,"Ec_N",168,53,53,"Ec",32,1,1,1,1,1,1
"10074",191,"Ec_N",168,54,54,"Ec",32,1,1,1,1,1,1
"10075",191,"Ec_N",168,55,55,"Ec",32,1,1,1,1,1,1
"10076",191,"Ec_N",168,56,56,"Ec",32,1,1,1,1,1,1
"10077",191,"Ec_N",168,57,57,"Ec",32,1,1,1,1,1,1
"10078",191,"Ec_N",168,58,58,"Ec",32,1,1,1,1,1,1
"10079",191,"Ec_N",168,59,59,"Ec",32,1,1,1,1,1,1
"10080",191,"Ec_N",168,60,60,"Ec",32,1,1,1,1,1,1
"10081",191,"Ec_N",169,1,1,"Ec",1,0,0,0,0,0,0
"10082",191,"Ec_N",169,2,2,"Ec",1,0,0,0,0,0,0
"10083",191,"Ec_N",169,3,3,"Ec",1,0,0,0,0,0,0
"10084",191,"Ec_N",169,4,4,"Ec",1,0,0,0,0,0,0
"10085",191,"Ec_N",169,5,5,"Ec",1,0,0,0,0,0,0
"10086",191,"Ec_N",169,6,6,"Ec",1,0,0,0,0,0,0
"10087",191,"Ec_N",169,7,7,"Ec",17,0,0,0,0,1,0.229834113103391
"10088",191,"Ec_N",169,8,8,"Ec",17,0,0,0,0,1,0.229834113103391
"10089",191,"Ec_N",169,9,9,"Ec",17,0,0,0,0,1,0.229834113103391
"10090",191,"Ec_N",169,10,10,"Ec",17,0,0,0,0,1,0.229834113103391
"10091",191,"Ec_N",169,11,11,"Ec",17,0,0,0,0,1,0.229834113103391
"10092",191,"Ec_N",169,12,12,"Ec",17,0,0,0,0,1,0.229834113103391
"10093",191,"Ec_N",169,13,13,"Ec",17,0,0,0,0,1,0.229834113103391
"10094",191,"Ec_N",169,14,14,"Ec",17,0,0,0,0,1,0.229834113103391
"10095",191,"Ec_N",169,15,15,"Ec",17,0,0,0,0,1,0.229834113103391
"10096",191,"Ec_N",169,16,16,"Ec",17,0,0,0,0,1,0.229834113103391
"10097",191,"Ec_N",169,17,17,"Ec",17,0,0,0,0,1,0.229834113103391
"10098",191,"Ec_N",169,18,18,"Ec",17,0,0,0,0,1,0.229834113103391
"10099",191,"Ec_N",169,19,19,"Ec",21,0,0,1,0,1,0.726280938342543
"10100",191,"Ec_N",169,20,20,"Ec",21,0,0,1,0,1,0.726280938342543
"10101",191,"Ec_N",169,21,21,"Ec",21,0,0,1,0,1,0.726280938342543
"10102",191,"Ec_N",169,22,22,"Ec",21,0,0,1,0,1,0.726280938342543
"10103",191,"Ec_N",169,23,23,"Ec",21,0,0,1,0,1,0.726280938342543
"10104",191,"Ec_N",169,24,24,"Ec",21,0,0,1,0,1,0.726280938342543
"10105",191,"Ec_N",169,25,25,"Ec",21,0,0,1,0,1,0.726280938342543
"10106",191,"Ec_N",169,26,26,"Ec",21,0,0,1,0,1,0.726280938342543
"10107",191,"Ec_N",169,27,27,"Ec",21,0,0,1,0,1,0.726280938342543
"10108",191,"Ec_N",169,28,28,"Ec",21,0,0,1,0,1,0.726280938342543
"10109",191,"Ec_N",169,29,29,"Ec",21,0,0,1,0,1,0.726280938342543
"10110",191,"Ec_N",169,30,30,"Ec",21,0,0,1,0,1,0.726280938342543
"10111",191,"Ec_N",169,31,31,"Ec",21,0,0,1,0,1,0.726280938342543
"10112",191,"Ec_N",169,32,32,"Ec",21,0,0,1,0,1,0.726280938342543
"10113",191,"Ec_N",169,33,33,"Ec",21,0,0,1,0,1,0.726280938342543
"10114",191,"Ec_N",169,34,34,"Ec",21,0,0,1,0,1,0.726280938342543
"10115",191,"Ec_N",169,35,35,"Ec",21,0,0,1,0,1,0.726280938342543
"10116",191,"Ec_N",169,36,36,"Ec",21,0,0,1,0,1,0.726280938342543
"10117",191,"Ec_N",169,37,37,"Ec",21,0,0,1,0,1,0.726280938342543
"10118",191,"Ec_N",169,38,38,"Ec",21,0,0,1,0,1,0.726280938342543
"10119",191,"Ec_N",169,39,39,"Ec",21,0,0,1,0,1,0.726280938342543
"10120",191,"Ec_N",169,40,40,"Ec",21,0,0,1,0,1,0.726280938342543
"10121",191,"Ec_N",169,41,41,"Ec",21,0,0,1,0,1,0.726280938342543
"10122",191,"Ec_N",169,42,42,"Ec",21,0,0,1,0,1,0.726280938342543
"10123",191,"Ec_N",169,43,43,"Ec",21,0,0,1,0,1,0.726280938342543
"10124",191,"Ec_N",169,44,44,"Ec",21,0,0,1,0,1,0.726280938342543
"10125",191,"Ec_N",169,45,45,"Ec",21,0,0,1,0,1,0.726280938342543
"10126",191,"Ec_N",169,46,46,"Ec",22,1,0,1,0,1,0.92522428176681
"10127",191,"Ec_N",169,47,47,"Ec",22,1,0,1,0,1,0.92522428176681
"10128",191,"Ec_N",169,48,48,"Ec",22,1,0,1,0,1,0.92522428176681
"10129",191,"Ec_N",169,49,49,"Ec",22,1,0,1,0,1,0.92522428176681
"10130",191,"Ec_N",169,50,50,"Ec",22,1,0,1,0,1,0.92522428176681
"10131",191,"Ec_N",169,51,51,"Ec",30,1,0,1,1,1,0.958688519948705
"10132",191,"Ec_N",169,52,52,"Ec",30,1,0,1,1,1,0.958688519948705
"10133",191,"Ec_N",169,53,53,"Ec",30,1,0,1,1,1,0.958688519948705
"10134",191,"Ec_N",169,54,54,"Ec",30,1,0,1,1,1,0.958688519948705
"10135",191,"Ec_N",169,55,55,"Ec",30,1,0,1,1,1,0.958688519948705
"10136",191,"Ec_N",169,56,56,"Ec",30,1,0,1,1,1,0.958688519948705
"10137",191,"Ec_N",169,57,57,"Ec",30,1,0,1,1,1,0.958688519948705
"10138",191,"Ec_N",169,58,58,"Ec",30,1,0,1,1,1,0.958688519948705
"10139",191,"Ec_N",169,59,59,"Ec",30,1,0,1,1,1,0.958688519948705
"10140",191,"Ec_N",169,60,60,"Ec",30,1,0,1,1,1,0.958688519948705
"10141",191,"Ec_N",170,1,1,"Ec",1,0,0,0,0,0,0
"10142",191,"Ec_N",170,2,2,"Ec",17,0,0,0,0,1,0.229834113103391
"10143",191,"Ec_N",170,3,3,"Ec",17,0,0,0,0,1,0.229834113103391
"10144",191,"Ec_N",170,4,4,"Ec",17,0,0,0,0,1,0.229834113103391
"10145",191,"Ec_N",170,5,5,"Ec",17,0,0,0,0,1,0.229834113103391
"10146",191,"Ec_N",170,6,6,"Ec",17,0,0,0,0,1,0.229834113103391
"10147",191,"Ec_N",170,7,7,"Ec",17,0,0,0,0,1,0.229834113103391
"10148",191,"Ec_N",170,8,8,"Ec",17,0,0,0,0,1,0.229834113103391
"10149",191,"Ec_N",170,9,9,"Ec",19,0,1,0,0,1,0.427300415500348
"10150",191,"Ec_N",170,10,10,"Ec",19,0,1,0,0,1,0.427300415500348
"10151",191,"Ec_N",170,11,11,"Ec",19,0,1,0,0,1,0.427300415500348
"10152",191,"Ec_N",170,12,12,"Ec",19,0,1,0,0,1,0.427300415500348
"10153",191,"Ec_N",170,13,13,"Ec",19,0,1,0,0,1,0.427300415500348
"10154",191,"Ec_N",170,14,14,"Ec",19,0,1,0,0,1,0.427300415500348
"10155",191,"Ec_N",170,15,15,"Ec",19,0,1,0,0,1,0.427300415500348
"10156",191,"Ec_N",170,16,16,"Ec",20,1,1,0,0,1,0.610298755308086
"10157",191,"Ec_N",170,17,17,"Ec",20,1,1,0,0,1,0.610298755308086
"10158",191,"Ec_N",170,18,18,"Ec",20,1,1,0,0,1,0.610298755308086
"10159",191,"Ec_N",170,19,19,"Ec",20,1,1,0,0,1,0.610298755308086
"10160",191,"Ec_N",170,20,20,"Ec",20,1,1,0,0,1,0.610298755308086
"10161",191,"Ec_N",170,21,21,"Ec",20,1,1,0,0,1,0.610298755308086
"10162",191,"Ec_N",170,22,22,"Ec",18,1,0,0,0,1,0.646504780524047
"10163",191,"Ec_N",170,23,23,"Ec",18,1,0,0,0,1,0.646504780524047
"10164",191,"Ec_N",170,24,24,"Ec",18,1,0,0,0,1,0.646504780524047
"10165",191,"Ec_N",170,25,25,"Ec",18,1,0,0,0,1,0.646504780524047
"10166",191,"Ec_N",170,26,26,"Ec",18,1,0,0,0,1,0.646504780524047
"10167",191,"Ec_N",170,27,27,"Ec",18,1,0,0,0,1,0.646504780524047
"10168",191,"Ec_N",170,28,28,"Ec",18,1,0,0,0,1,0.646504780524047
"10169",191,"Ec_N",170,29,29,"Ec",18,1,0,0,0,1,0.646504780524047
"10170",191,"Ec_N",170,30,30,"Ec",18,1,0,0,0,1,0.646504780524047
"10171",191,"Ec_N",170,31,31,"Ec",18,1,0,0,0,1,0.646504780524047
"10172",191,"Ec_N",170,32,32,"Ec",18,1,0,0,0,1,0.646504780524047
"10173",191,"Ec_N",170,33,33,"Ec",18,1,0,0,0,1,0.646504780524047
"10174",191,"Ec_N",170,34,34,"Ec",18,1,0,0,0,1,0.646504780524047
"10175",191,"Ec_N",170,35,35,"Ec",22,1,0,1,0,1,0.92522428176681
"10176",191,"Ec_N",170,36,36,"Ec",22,1,0,1,0,1,0.92522428176681
"10177",191,"Ec_N",170,37,37,"Ec",22,1,0,1,0,1,0.92522428176681
"10178",191,"Ec_N",170,38,38,"Ec",30,1,0,1,1,1,0.958688519948705
"10179",191,"Ec_N",170,39,39,"Ec",30,1,0,1,1,1,0.958688519948705
"10180",191,"Ec_N",170,40,40,"Ec",30,1,0,1,1,1,0.958688519948705
"10181",191,"Ec_N",170,41,41,"Ec",30,1,0,1,1,1,0.958688519948705
"10182",191,"Ec_N",170,42,42,"Ec",30,1,0,1,1,1,0.958688519948705
"10183",191,"Ec_N",170,43,43,"Ec",30,1,0,1,1,1,0.958688519948705
"10184",191,"Ec_N",170,44,44,"Ec",32,1,1,1,1,1,1
"10185",191,"Ec_N",170,45,45,"Ec",32,1,1,1,1,1,1
"10186",191,"Ec_N",170,46,46,"Ec",32,1,1,1,1,1,1
"10187",191,"Ec_N",170,47,47,"Ec",32,1,1,1,1,1,1
"10188",191,"Ec_N",170,48,48,"Ec",32,1,1,1,1,1,1
"10189",191,"Ec_N",170,49,49,"Ec",32,1,1,1,1,1,1
"10190",191,"Ec_N",170,50,50,"Ec",32,1,1,1,1,1,1
"10191",191,"Ec_N",170,51,51,"Ec",32,1,1,1,1,1,1
"10192",191,"Ec_N",170,52,52,"Ec",32,1,1,1,1,1,1
"10193",191,"Ec_N",170,53,53,"Ec",32,1,1,1,1,1,1
"10194",191,"Ec_N",170,54,54,"Ec",32,1,1,1,1,1,1
"10195",191,"Ec_N",170,55,55,"Ec",32,1,1,1,1,1,1
"10196",191,"Ec_N",170,56,56,"Ec",32,1,1,1,1,1,1
"10197",191,"Ec_N",170,57,57,"Ec",32,1,1,1,1,1,1
"10198",191,"Ec_N",170,58,58,"Ec",32,1,1,1,1,1,1
"10199",191,"Ec_N",170,59,59,"Ec",32,1,1,1,1,1,1
"10200",191,"Ec_N",170,60,60,"Ec",32,1,1,1,1,1,1
"10201",191,"Ec_N",171,1,1,"Ec",1,0,0,0,0,0,0
"10202",191,"Ec_N",171,2,2,"Ec",1,0,0,0,0,0,0
"10203",191,"Ec_N",171,3,3,"Ec",1,0,0,0,0,0,0
"10204",191,"Ec_N",171,4,4,"Ec",1,0,0,0,0,0,0
"10205",191,"Ec_N",171,5,5,"Ec",1,0,0,0,0,0,0
"10206",191,"Ec_N",171,6,6,"Ec",1,0,0,0,0,0,0
"10207",191,"Ec_N",171,7,7,"Ec",2,1,0,0,0,0,0.198020370545937
"10208",191,"Ec_N",171,8,8,"Ec",2,1,0,0,0,0,0.198020370545937
"10209",191,"Ec_N",171,9,9,"Ec",4,1,1,0,0,0,0.239331850597232
"10210",191,"Ec_N",171,10,10,"Ec",4,1,1,0,0,0,0.239331850597232
"10211",191,"Ec_N",171,11,11,"Ec",4,1,1,0,0,0,0.239331850597232
"10212",191,"Ec_N",171,12,12,"Ec",4,1,1,0,0,0,0.239331850597232
"10213",191,"Ec_N",171,13,13,"Ec",4,1,1,0,0,0,0.239331850597232
"10214",191,"Ec_N",171,14,14,"Ec",4,1,1,0,0,0,0.239331850597232
"10215",191,"Ec_N",171,15,15,"Ec",4,1,1,0,0,0,0.239331850597232
"10216",191,"Ec_N",171,16,16,"Ec",4,1,1,0,0,0,0.239331850597232
"10217",191,"Ec_N",171,17,17,"Ec",4,1,1,0,0,0,0.239331850597232
"10218",191,"Ec_N",171,18,18,"Ec",4,1,1,0,0,0,0.239331850597232
"10219",191,"Ec_N",171,19,19,"Ec",4,1,1,0,0,0,0.239331850597232
"10220",191,"Ec_N",171,20,20,"Ec",4,1,1,0,0,0,0.239331850597232
"10221",191,"Ec_N",171,21,21,"Ec",4,1,1,0,0,0,0.239331850597232
"10222",191,"Ec_N",171,22,22,"Ec",4,1,1,0,0,0,0.239331850597232
"10223",191,"Ec_N",171,23,23,"Ec",4,1,1,0,0,0,0.239331850597232
"10224",191,"Ec_N",171,24,24,"Ec",4,1,1,0,0,0,0.239331850597232
"10225",191,"Ec_N",171,25,25,"Ec",12,1,1,0,1,0,0.259780205416137
"10226",191,"Ec_N",171,26,26,"Ec",16,1,1,1,1,0,0.456015583082203
"10227",191,"Ec_N",171,27,27,"Ec",16,1,1,1,1,0,0.456015583082203
"10228",191,"Ec_N",171,28,28,"Ec",16,1,1,1,1,0,0.456015583082203
"10229",191,"Ec_N",171,29,29,"Ec",16,1,1,1,1,0,0.456015583082203
"10230",191,"Ec_N",171,30,30,"Ec",16,1,1,1,1,0,0.456015583082203
"10231",191,"Ec_N",171,31,31,"Ec",16,1,1,1,1,0,0.456015583082203
"10232",191,"Ec_N",171,32,32,"Ec",16,1,1,1,1,0,0.456015583082203
"10233",191,"Ec_N",171,33,33,"Ec",16,1,1,1,1,0,0.456015583082203
"10234",191,"Ec_N",171,34,34,"Ec",16,1,1,1,1,0,0.456015583082203
"10235",191,"Ec_N",171,35,35,"Ec",16,1,1,1,1,0,0.456015583082203
"10236",191,"Ec_N",171,36,36,"Ec",8,1,1,1,0,0,0.583469071478991
"10237",191,"Ec_N",171,37,37,"Ec",24,1,1,1,0,1,0.969458006928044
"10238",191,"Ec_N",171,38,38,"Ec",24,1,1,1,0,1,0.969458006928044
"10239",191,"Ec_N",171,39,39,"Ec",24,1,1,1,0,1,0.969458006928044
"10240",191,"Ec_N",171,40,40,"Ec",24,1,1,1,0,1,0.969458006928044
"10241",191,"Ec_N",171,41,41,"Ec",24,1,1,1,0,1,0.969458006928044
"10242",191,"Ec_N",171,42,42,"Ec",24,1,1,1,0,1,0.969458006928044
"10243",191,"Ec_N",171,43,43,"Ec",24,1,1,1,0,1,0.969458006928044
"10244",191,"Ec_N",171,44,44,"Ec",24,1,1,1,0,1,0.969458006928044
"10245",191,"Ec_N",171,45,45,"Ec",24,1,1,1,0,1,0.969458006928044
"10246",191,"Ec_N",171,46,46,"Ec",24,1,1,1,0,1,0.969458006928044
"10247",191,"Ec_N",171,47,47,"Ec",24,1,1,1,0,1,0.969458006928044
"10248",191,"Ec_N",171,48,48,"Ec",24,1,1,1,0,1,0.969458006928044
"10249",191,"Ec_N",171,49,49,"Ec",24,1,1,1,0,1,0.969458006928044
"10250",191,"Ec_N",171,50,50,"Ec",24,1,1,1,0,1,0.969458006928044
"10251",191,"Ec_N",171,51,51,"Ec",24,1,1,1,0,1,0.969458006928044
"10252",191,"Ec_N",171,52,52,"Ec",24,1,1,1,0,1,0.969458006928044
"10253",191,"Ec_N",171,53,53,"Ec",24,1,1,1,0,1,0.969458006928044
"10254",191,"Ec_N",171,54,54,"Ec",24,1,1,1,0,1,0.969458006928044
"10255",191,"Ec_N",171,55,55,"Ec",24,1,1,1,0,1,0.969458006928044
"10256",191,"Ec_N",171,56,56,"Ec",24,1,1,1,0,1,0.969458006928044
"10257",191,"Ec_N",171,57,57,"Ec",24,1,1,1,0,1,0.969458006928044
"10258",191,"Ec_N",171,58,58,"Ec",24,1,1,1,0,1,0.969458006928044
"10259",191,"Ec_N",171,59,59,"Ec",24,1,1,1,0,1,0.969458006928044
"10260",191,"Ec_N",171,60,60,"Ec",24,1,1,1,0,1,0.969458006928044
"10261",191,"Ec_N",172,1,1,"Ec",1,0,0,0,0,0,0
"10262",191,"Ec_N",172,2,2,"Ec",1,0,0,0,0,0,0
"10263",191,"Ec_N",172,3,3,"Ec",1,0,0,0,0,0,0
"10264",191,"Ec_N",172,4,4,"Ec",1,0,0,0,0,0,0
"10265",191,"Ec_N",172,5,5,"Ec",1,0,0,0,0,0,0
"10266",191,"Ec_N",172,6,6,"Ec",1,0,0,0,0,0,0
"10267",191,"Ec_N",172,7,7,"Ec",2,1,0,0,0,0,0.198020370545937
"10268",191,"Ec_N",172,8,8,"Ec",2,1,0,0,0,0,0.198020370545937
"10269",191,"Ec_N",172,9,9,"Ec",4,1,1,0,0,0,0.239331850597232
"10270",191,"Ec_N",172,10,10,"Ec",4,1,1,0,0,0,0.239331850597232
"10271",191,"Ec_N",172,11,11,"Ec",12,1,1,0,1,0,0.259780205416137
"10272",191,"Ec_N",172,12,12,"Ec",12,1,1,0,1,0,0.259780205416137
"10273",191,"Ec_N",172,13,13,"Ec",12,1,1,0,1,0,0.259780205416137
"10274",191,"Ec_N",172,14,14,"Ec",16,1,1,1,1,0,0.456015583082203
"10275",191,"Ec_N",172,15,15,"Ec",16,1,1,1,1,0,0.456015583082203
"10276",191,"Ec_N",172,16,16,"Ec",16,1,1,1,1,0,0.456015583082203
"10277",191,"Ec_N",172,17,17,"Ec",8,1,1,1,0,0,0.583469071478991
"10278",191,"Ec_N",172,18,18,"Ec",8,1,1,1,0,0,0.583469071478991
"10279",191,"Ec_N",172,19,19,"Ec",8,1,1,1,0,0,0.583469071478991
"10280",191,"Ec_N",172,20,20,"Ec",8,1,1,1,0,0,0.583469071478991
"10281",191,"Ec_N",172,21,21,"Ec",8,1,1,1,0,0,0.583469071478991
"10282",191,"Ec_N",172,22,22,"Ec",24,1,1,1,0,1,0.969458006928044
"10283",191,"Ec_N",172,23,23,"Ec",24,1,1,1,0,1,0.969458006928044
"10284",191,"Ec_N",172,24,24,"Ec",24,1,1,1,0,1,0.969458006928044
"10285",191,"Ec_N",172,25,25,"Ec",24,1,1,1,0,1,0.969458006928044
"10286",191,"Ec_N",172,26,26,"Ec",24,1,1,1,0,1,0.969458006928044
"10287",191,"Ec_N",172,27,27,"Ec",24,1,1,1,0,1,0.969458006928044
"10288",191,"Ec_N",172,28,28,"Ec",24,1,1,1,0,1,0.969458006928044
"10289",191,"Ec_N",172,29,29,"Ec",24,1,1,1,0,1,0.969458006928044
"10290",191,"Ec_N",172,30,30,"Ec",24,1,1,1,0,1,0.969458006928044
"10291",191,"Ec_N",172,31,31,"Ec",24,1,1,1,0,1,0.969458006928044
"10292",191,"Ec_N",172,32,32,"Ec",32,1,1,1,1,1,1
"10293",191,"Ec_N",172,33,33,"Ec",32,1,1,1,1,1,1
"10294",191,"Ec_N",172,34,34,"Ec",32,1,1,1,1,1,1
"10295",191,"Ec_N",172,35,35,"Ec",32,1,1,1,1,1,1
"10296",191,"Ec_N",172,36,36,"Ec",32,1,1,1,1,1,1
"10297",191,"Ec_N",172,37,37,"Ec",32,1,1,1,1,1,1
"10298",191,"Ec_N",172,38,38,"Ec",32,1,1,1,1,1,1
"10299",191,"Ec_N",172,39,39,"Ec",32,1,1,1,1,1,1
"10300",191,"Ec_N",172,40,40,"Ec",32,1,1,1,1,1,1
"10301",191,"Ec_N",172,41,41,"Ec",32,1,1,1,1,1,1
"10302",191,"Ec_N",172,42,42,"Ec",32,1,1,1,1,1,1
"10303",191,"Ec_N",172,43,43,"Ec",32,1,1,1,1,1,1
"10304",191,"Ec_N",172,44,44,"Ec",32,1,1,1,1,1,1
"10305",191,"Ec_N",172,45,45,"Ec",32,1,1,1,1,1,1
"10306",191,"Ec_N",172,46,46,"Ec",32,1,1,1,1,1,1
"10307",191,"Ec_N",172,47,47,"Ec",32,1,1,1,1,1,1
"10308",191,"Ec_N",172,48,48,"Ec",32,1,1,1,1,1,1
"10309",191,"Ec_N",172,49,49,"Ec",32,1,1,1,1,1,1
"10310",191,"Ec_N",172,50,50,"Ec",32,1,1,1,1,1,1
"10311",191,"Ec_N",172,51,51,"Ec",32,1,1,1,1,1,1
"10312",191,"Ec_N",172,52,52,"Ec",32,1,1,1,1,1,1
"10313",191,"Ec_N",172,53,53,"Ec",32,1,1,1,1,1,1
"10314",191,"Ec_N",172,54,54,"Ec",32,1,1,1,1,1,1
"10315",191,"Ec_N",172,55,55,"Ec",32,1,1,1,1,1,1
"10316",191,"Ec_N",172,56,56,"Ec",32,1,1,1,1,1,1
"10317",191,"Ec_N",172,57,57,"Ec",32,1,1,1,1,1,1
"10318",191,"Ec_N",172,58,58,"Ec",32,1,1,1,1,1,1
"10319",191,"Ec_N",172,59,59,"Ec",32,1,1,1,1,1,1
"10320",191,"Ec_N",172,60,60,"Ec",32,1,1,1,1,1,1
"10321",191,"Ec_N",173,1,1,"Ec",1,0,0,0,0,0,0
"10322",191,"Ec_N",173,2,2,"Ec",1,0,0,0,0,0,0
"10323",191,"Ec_N",173,3,3,"Ec",1,0,0,0,0,0,0
"10324",191,"Ec_N",173,4,4,"Ec",1,0,0,0,0,0,0
"10325",191,"Ec_N",173,5,5,"Ec",1,0,0,0,0,0,0
"10326",191,"Ec_N",173,6,6,"Ec",1,0,0,0,0,0,0
"10327",191,"Ec_N",173,7,7,"Ec",1,0,0,0,0,0,0
"10328",191,"Ec_N",173,8,8,"Ec",1,0,0,0,0,0,0
"10329",191,"Ec_N",173,9,9,"Ec",1,0,0,0,0,0,0
"10330",191,"Ec_N",173,10,10,"Ec",1,0,0,0,0,0,0
"10331",191,"Ec_N",173,11,11,"Ec",1,0,0,0,0,0,0
"10332",191,"Ec_N",173,12,12,"Ec",9,0,0,0,1,0,0.0305419930719563
"10333",191,"Ec_N",173,13,13,"Ec",9,0,0,0,1,0,0.0305419930719563
"10334",191,"Ec_N",173,14,14,"Ec",10,1,0,0,1,0,0.228562363617893
"10335",191,"Ec_N",173,15,15,"Ec",26,1,0,0,1,1,0.514384015075299
"10336",191,"Ec_N",173,16,16,"Ec",26,1,0,0,1,1,0.514384015075299
"10337",191,"Ec_N",173,17,17,"Ec",26,1,0,0,1,1,0.514384015075299
"10338",191,"Ec_N",173,18,18,"Ec",18,1,0,0,0,1,0.646504780524047
"10339",191,"Ec_N",173,19,19,"Ec",18,1,0,0,0,1,0.646504780524047
"10340",191,"Ec_N",173,20,20,"Ec",22,1,0,1,0,1,0.92522428176681
"10341",191,"Ec_N",173,21,21,"Ec",22,1,0,1,0,1,0.92522428176681
"10342",191,"Ec_N",173,22,22,"Ec",22,1,0,1,0,1,0.92522428176681
"10343",191,"Ec_N",173,23,23,"Ec",24,1,1,1,0,1,0.969458006928044
"10344",191,"Ec_N",173,24,24,"Ec",24,1,1,1,0,1,0.969458006928044
"10345",191,"Ec_N",173,25,25,"Ec",24,1,1,1,0,1,0.969458006928044
"10346",191,"Ec_N",173,26,26,"Ec",24,1,1,1,0,1,0.969458006928044
"10347",191,"Ec_N",173,27,27,"Ec",24,1,1,1,0,1,0.969458006928044
"10348",191,"Ec_N",173,28,28,"Ec",24,1,1,1,0,1,0.969458006928044
"10349",191,"Ec_N",173,29,29,"Ec",24,1,1,1,0,1,0.969458006928044
"10350",191,"Ec_N",173,30,30,"Ec",24,1,1,1,0,1,0.969458006928044
"10351",191,"Ec_N",173,31,31,"Ec",24,1,1,1,0,1,0.969458006928044
"10352",191,"Ec_N",173,32,32,"Ec",24,1,1,1,0,1,0.969458006928044
"10353",191,"Ec_N",173,33,33,"Ec",24,1,1,1,0,1,0.969458006928044
"10354",191,"Ec_N",173,34,34,"Ec",24,1,1,1,0,1,0.969458006928044
"10355",191,"Ec_N",173,35,35,"Ec",24,1,1,1,0,1,0.969458006928044
"10356",191,"Ec_N",173,36,36,"Ec",24,1,1,1,0,1,0.969458006928044
"10357",191,"Ec_N",173,37,37,"Ec",24,1,1,1,0,1,0.969458006928044
"10358",191,"Ec_N",173,38,38,"Ec",24,1,1,1,0,1,0.969458006928044
"10359",191,"Ec_N",173,39,39,"Ec",24,1,1,1,0,1,0.969458006928044
"10360",191,"Ec_N",173,40,40,"Ec",24,1,1,1,0,1,0.969458006928044
"10361",191,"Ec_N",173,41,41,"Ec",24,1,1,1,0,1,0.969458006928044
"10362",191,"Ec_N",173,42,42,"Ec",24,1,1,1,0,1,0.969458006928044
"10363",191,"Ec_N",173,43,43,"Ec",24,1,1,1,0,1,0.969458006928044
"10364",191,"Ec_N",173,44,44,"Ec",24,1,1,1,0,1,0.969458006928044
"10365",191,"Ec_N",173,45,45,"Ec",24,1,1,1,0,1,0.969458006928044
"10366",191,"Ec_N",173,46,46,"Ec",24,1,1,1,0,1,0.969458006928044
"10367",191,"Ec_N",173,47,47,"Ec",32,1,1,1,1,1,1
"10368",191,"Ec_N",173,48,48,"Ec",32,1,1,1,1,1,1
"10369",191,"Ec_N",173,49,49,"Ec",32,1,1,1,1,1,1
"10370",191,"Ec_N",173,50,50,"Ec",32,1,1,1,1,1,1
"10371",191,"Ec_N",173,51,51,"Ec",32,1,1,1,1,1,1
"10372",191,"Ec_N",173,52,52,"Ec",32,1,1,1,1,1,1
"10373",191,"Ec_N",173,53,53,"Ec",32,1,1,1,1,1,1
"10374",191,"Ec_N",173,54,54,"Ec",32,1,1,1,1,1,1
"10375",191,"Ec_N",173,55,55,"Ec",32,1,1,1,1,1,1
"10376",191,"Ec_N",173,56,56,"Ec",32,1,1,1,1,1,1
"10377",191,"Ec_N",173,57,57,"Ec",32,1,1,1,1,1,1
"10378",191,"Ec_N",173,58,58,"Ec",32,1,1,1,1,1,1
"10379",191,"Ec_N",173,59,59,"Ec",32,1,1,1,1,1,1
"10380",191,"Ec_N",173,60,60,"Ec",32,1,1,1,1,1,1
"10381",191,"Ec_N",174,1,1,"Ec",1,0,0,0,0,0,0
"10382",191,"Ec_N",174,2,2,"Ec",17,0,0,0,0,1,0.229834113103391
"10383",191,"Ec_N",174,3,3,"Ec",17,0,0,0,0,1,0.229834113103391
"10384",191,"Ec_N",174,4,4,"Ec",21,0,0,1,0,1,0.726280938342543
"10385",191,"Ec_N",174,5,5,"Ec",29,0,0,1,1,1,0.760668149402769
"10386",191,"Ec_N",174,6,6,"Ec",29,0,0,1,1,1,0.760668149402769
"10387",191,"Ec_N",174,7,7,"Ec",29,0,0,1,1,1,0.760668149402769
"10388",191,"Ec_N",174,8,8,"Ec",29,0,0,1,1,1,0.760668149402769
"10389",191,"Ec_N",174,9,9,"Ec",29,0,0,1,1,1,0.760668149402769
"10390",191,"Ec_N",174,10,10,"Ec",29,0,0,1,1,1,0.760668149402769
"10391",191,"Ec_N",174,11,11,"Ec",30,1,0,1,1,1,0.958688519948705
"10392",191,"Ec_N",174,12,12,"Ec",30,1,0,1,1,1,0.958688519948705
"10393",191,"Ec_N",174,13,13,"Ec",30,1,0,1,1,1,0.958688519948705
"10394",191,"Ec_N",174,14,14,"Ec",32,1,1,1,1,1,1
"10395",191,"Ec_N",174,15,15,"Ec",32,1,1,1,1,1,1
"10396",191,"Ec_N",174,16,16,"Ec",32,1,1,1,1,1,1
"10397",191,"Ec_N",174,17,17,"Ec",32,1,1,1,1,1,1
"10398",191,"Ec_N",174,18,18,"Ec",32,1,1,1,1,1,1
"10399",191,"Ec_N",174,19,19,"Ec",32,1,1,1,1,1,1
"10400",191,"Ec_N",174,20,20,"Ec",32,1,1,1,1,1,1
"10401",191,"Ec_N",174,21,21,"Ec",32,1,1,1,1,1,1
"10402",191,"Ec_N",174,22,22,"Ec",32,1,1,1,1,1,1
"10403",191,"Ec_N",174,23,23,"Ec",32,1,1,1,1,1,1
"10404",191,"Ec_N",174,24,24,"Ec",32,1,1,1,1,1,1
"10405",191,"Ec_N",174,25,25,"Ec",32,1,1,1,1,1,1
"10406",191,"Ec_N",174,26,26,"Ec",32,1,1,1,1,1,1
"10407",191,"Ec_N",174,27,27,"Ec",32,1,1,1,1,1,1
"10408",191,"Ec_N",174,28,28,"Ec",32,1,1,1,1,1,1
"10409",191,"Ec_N",174,29,29,"Ec",32,1,1,1,1,1,1
"10410",191,"Ec_N",174,30,30,"Ec",32,1,1,1,1,1,1
"10411",191,"Ec_N",174,31,31,"Ec",32,1,1,1,1,1,1
"10412",191,"Ec_N",174,32,32,"Ec",32,1,1,1,1,1,1
"10413",191,"Ec_N",174,33,33,"Ec",32,1,1,1,1,1,1
"10414",191,"Ec_N",174,34,34,"Ec",32,1,1,1,1,1,1
"10415",191,"Ec_N",174,35,35,"Ec",32,1,1,1,1,1,1
"10416",191,"Ec_N",174,36,36,"Ec",32,1,1,1,1,1,1
"10417",191,"Ec_N",174,37,37,"Ec",32,1,1,1,1,1,1
"10418",191,"Ec_N",174,38,38,"Ec",32,1,1,1,1,1,1
"10419",191,"Ec_N",174,39,39,"Ec",32,1,1,1,1,1,1
"10420",191,"Ec_N",174,40,40,"Ec",32,1,1,1,1,1,1
"10421",191,"Ec_N",174,41,41,"Ec",32,1,1,1,1,1,1
"10422",191,"Ec_N",174,42,42,"Ec",32,1,1,1,1,1,1
"10423",191,"Ec_N",174,43,43,"Ec",32,1,1,1,1,1,1
"10424",191,"Ec_N",174,44,44,"Ec",32,1,1,1,1,1,1
"10425",191,"Ec_N",174,45,45,"Ec",32,1,1,1,1,1,1
"10426",191,"Ec_N",174,46,46,"Ec",32,1,1,1,1,1,1
"10427",191,"Ec_N",174,47,47,"Ec",32,1,1,1,1,1,1
"10428",191,"Ec_N",174,48,48,"Ec",32,1,1,1,1,1,1
"10429",191,"Ec_N",174,49,49,"Ec",32,1,1,1,1,1,1
"10430",191,"Ec_N",174,50,50,"Ec",32,1,1,1,1,1,1
"10431",191,"Ec_N",174,51,51,"Ec",32,1,1,1,1,1,1
"10432",191,"Ec_N",174,52,52,"Ec",32,1,1,1,1,1,1
"10433",191,"Ec_N",174,53,53,"Ec",32,1,1,1,1,1,1
"10434",191,"Ec_N",174,54,54,"Ec",32,1,1,1,1,1,1
"10435",191,"Ec_N",174,55,55,"Ec",32,1,1,1,1,1,1
"10436",191,"Ec_N",174,56,56,"Ec",32,1,1,1,1,1,1
"10437",191,"Ec_N",174,57,57,"Ec",32,1,1,1,1,1,1
"10438",191,"Ec_N",174,58,58,"Ec",32,1,1,1,1,1,1
"10439",191,"Ec_N",174,59,59,"Ec",32,1,1,1,1,1,1
"10440",191,"Ec_N",174,60,60,"Ec",32,1,1,1,1,1,1
"10441",191,"Ec_N",175,1,1,"Ec",1,0,0,0,0,0,0
"10442",191,"Ec_N",175,2,2,"Ec",1,0,0,0,0,0,0
"10443",191,"Ec_N",175,3,3,"Ec",1,0,0,0,0,0,0
"10444",191,"Ec_N",175,4,4,"Ec",1,0,0,0,0,0,0
"10445",191,"Ec_N",175,5,5,"Ec",1,0,0,0,0,0,0
"10446",191,"Ec_N",175,6,6,"Ec",1,0,0,0,0,0,0
"10447",191,"Ec_N",175,7,7,"Ec",1,0,0,0,0,0,0
"10448",191,"Ec_N",175,8,8,"Ec",17,0,0,0,0,1,0.229834113103391
"10449",191,"Ec_N",175,9,9,"Ec",25,0,0,0,1,1,0.403163568932085
"10450",191,"Ec_N",175,10,10,"Ec",25,0,0,0,1,1,0.403163568932085
"10451",191,"Ec_N",175,11,11,"Ec",25,0,0,0,1,1,0.403163568932085
"10452",191,"Ec_N",175,12,12,"Ec",25,0,0,0,1,1,0.403163568932085
"10453",191,"Ec_N",175,13,13,"Ec",25,0,0,0,1,1,0.403163568932085
"10454",191,"Ec_N",175,14,14,"Ec",25,0,0,0,1,1,0.403163568932085
"10455",191,"Ec_N",175,15,15,"Ec",25,0,0,0,1,1,0.403163568932085
"10456",191,"Ec_N",175,16,16,"Ec",29,0,0,1,1,1,0.760668149402769
"10457",191,"Ec_N",175,17,17,"Ec",29,0,0,1,1,1,0.760668149402769
"10458",191,"Ec_N",175,18,18,"Ec",29,0,0,1,1,1,0.760668149402769
"10459",191,"Ec_N",175,19,19,"Ec",29,0,0,1,1,1,0.760668149402769
"10460",191,"Ec_N",175,20,20,"Ec",29,0,0,1,1,1,0.760668149402769
"10461",191,"Ec_N",175,21,21,"Ec",29,0,0,1,1,1,0.760668149402769
"10462",191,"Ec_N",175,22,22,"Ec",29,0,0,1,1,1,0.760668149402769
"10463",191,"Ec_N",175,23,23,"Ec",29,0,0,1,1,1,0.760668149402769
"10464",191,"Ec_N",175,24,24,"Ec",29,0,0,1,1,1,0.760668149402769
"10465",191,"Ec_N",175,25,25,"Ec",29,0,0,1,1,1,0.760668149402769
"10466",191,"Ec_N",175,26,26,"Ec",29,0,0,1,1,1,0.760668149402769
"10467",191,"Ec_N",175,27,27,"Ec",29,0,0,1,1,1,0.760668149402769
"10468",191,"Ec_N",175,28,28,"Ec",29,0,0,1,1,1,0.760668149402769
"10469",191,"Ec_N",175,29,29,"Ec",29,0,0,1,1,1,0.760668149402769
"10470",191,"Ec_N",175,30,30,"Ec",29,0,0,1,1,1,0.760668149402769
"10471",191,"Ec_N",175,31,31,"Ec",29,0,0,1,1,1,0.760668149402769
"10472",191,"Ec_N",175,32,32,"Ec",30,1,0,1,1,1,0.958688519948705
"10473",191,"Ec_N",175,33,33,"Ec",30,1,0,1,1,1,0.958688519948705
"10474",191,"Ec_N",175,34,34,"Ec",30,1,0,1,1,1,0.958688519948705
"10475",191,"Ec_N",175,35,35,"Ec",30,1,0,1,1,1,0.958688519948705
"10476",191,"Ec_N",175,36,36,"Ec",30,1,0,1,1,1,0.958688519948705
"10477",191,"Ec_N",175,37,37,"Ec",30,1,0,1,1,1,0.958688519948705
"10478",191,"Ec_N",175,38,38,"Ec",30,1,0,1,1,1,0.958688519948705
"10479",191,"Ec_N",175,39,39,"Ec",30,1,0,1,1,1,0.958688519948705
"10480",191,"Ec_N",175,40,40,"Ec",30,1,0,1,1,1,0.958688519948705
"10481",191,"Ec_N",175,41,41,"Ec",30,1,0,1,1,1,0.958688519948705
"10482",191,"Ec_N",175,42,42,"Ec",30,1,0,1,1,1,0.958688519948705
"10483",191,"Ec_N",175,43,43,"Ec",30,1,0,1,1,1,0.958688519948705
"10484",191,"Ec_N",175,44,44,"Ec",30,1,0,1,1,1,0.958688519948705
"10485",191,"Ec_N",175,45,45,"Ec",30,1,0,1,1,1,0.958688519948705
"10486",191,"Ec_N",175,46,46,"Ec",30,1,0,1,1,1,0.958688519948705
"10487",191,"Ec_N",175,47,47,"Ec",30,1,0,1,1,1,0.958688519948705
"10488",191,"Ec_N",175,48,48,"Ec",30,1,0,1,1,1,0.958688519948705
"10489",191,"Ec_N",175,49,49,"Ec",30,1,0,1,1,1,0.958688519948705
"10490",191,"Ec_N",175,50,50,"Ec",30,1,0,1,1,1,0.958688519948705
"10491",191,"Ec_N",175,51,51,"Ec",30,1,0,1,1,1,0.958688519948705
"10492",191,"Ec_N",175,52,52,"Ec",30,1,0,1,1,1,0.958688519948705
"10493",191,"Ec_N",175,53,53,"Ec",30,1,0,1,1,1,0.958688519948705
"10494",191,"Ec_N",175,54,54,"Ec",30,1,0,1,1,1,0.958688519948705
"10495",191,"Ec_N",175,55,55,"Ec",30,1,0,1,1,1,0.958688519948705
"10496",191,"Ec_N",175,56,56,"Ec",30,1,0,1,1,1,0.958688519948705
"10497",191,"Ec_N",175,57,57,"Ec",30,1,0,1,1,1,0.958688519948705
"10498",191,"Ec_N",175,58,58,"Ec",32,1,1,1,1,1,1
"10499",191,"Ec_N",175,59,59,"Ec",32,1,1,1,1,1,1
"10500",191,"Ec_N",175,60,60,"Ec",32,1,1,1,1,1,1
"10501",191,"Ec_N",176,1,1,"Ec",1,0,0,0,0,0,0
"10502",191,"Ec_N",176,2,2,"Ec",1,0,0,0,0,0,0
"10503",191,"Ec_N",176,3,3,"Ec",1,0,0,0,0,0,0
"10504",191,"Ec_N",176,4,4,"Ec",1,0,0,0,0,0,0
"10505",191,"Ec_N",176,5,5,"Ec",1,0,0,0,0,0,0
"10506",191,"Ec_N",176,6,6,"Ec",1,0,0,0,0,0,0
"10507",191,"Ec_N",176,7,7,"Ec",1,0,0,0,0,0,0
"10508",191,"Ec_N",176,8,8,"Ec",1,0,0,0,0,0,0
"10509",191,"Ec_N",176,9,9,"Ec",1,0,0,0,0,0,0
"10510",191,"Ec_N",176,10,10,"Ec",9,0,0,0,1,0,0.0305419930719563
"10511",191,"Ec_N",176,11,11,"Ec",9,0,0,0,1,0,0.0305419930719563
"10512",191,"Ec_N",176,12,12,"Ec",9,0,0,0,1,0,0.0305419930719563
"10513",191,"Ec_N",176,13,13,"Ec",9,0,0,0,1,0,0.0305419930719563
"10514",191,"Ec_N",176,14,14,"Ec",13,0,0,1,1,0,0.374679213953716
"10515",191,"Ec_N",176,15,15,"Ec",29,0,0,1,1,1,0.760668149402769
"10516",191,"Ec_N",176,16,16,"Ec",29,0,0,1,1,1,0.760668149402769
"10517",191,"Ec_N",176,17,17,"Ec",29,0,0,1,1,1,0.760668149402769
"10518",191,"Ec_N",176,18,18,"Ec",31,0,1,1,1,1,0.801979629454064
"10519",191,"Ec_N",176,19,19,"Ec",31,0,1,1,1,1,0.801979629454064
"10520",191,"Ec_N",176,20,20,"Ec",31,0,1,1,1,1,0.801979629454064
"10521",191,"Ec_N",176,21,21,"Ec",31,0,1,1,1,1,0.801979629454064
"10522",191,"Ec_N",176,22,22,"Ec",31,0,1,1,1,1,0.801979629454064
"10523",191,"Ec_N",176,23,23,"Ec",32,1,1,1,1,1,1
"10524",191,"Ec_N",176,24,24,"Ec",32,1,1,1,1,1,1
"10525",191,"Ec_N",176,25,25,"Ec",32,1,1,1,1,1,1
"10526",191,"Ec_N",176,26,26,"Ec",32,1,1,1,1,1,1
"10527",191,"Ec_N",176,27,27,"Ec",32,1,1,1,1,1,1
"10528",191,"Ec_N",176,28,28,"Ec",32,1,1,1,1,1,1
"10529",191,"Ec_N",176,29,29,"Ec",32,1,1,1,1,1,1
"10530",191,"Ec_N",176,30,30,"Ec",32,1,1,1,1,1,1
"10531",191,"Ec_N",176,31,31,"Ec",32,1,1,1,1,1,1
"10532",191,"Ec_N",176,32,32,"Ec",32,1,1,1,1,1,1
"10533",191,"Ec_N",176,33,33,"Ec",32,1,1,1,1,1,1
"10534",191,"Ec_N",176,34,34,"Ec",32,1,1,1,1,1,1
"10535",191,"Ec_N",176,35,35,"Ec",32,1,1,1,1,1,1
"10536",191,"Ec_N",176,36,36,"Ec",32,1,1,1,1,1,1
"10537",191,"Ec_N",176,37,37,"Ec",32,1,1,1,1,1,1
"10538",191,"Ec_N",176,38,38,"Ec",32,1,1,1,1,1,1
"10539",191,"Ec_N",176,39,39,"Ec",32,1,1,1,1,1,1
"10540",191,"Ec_N",176,40,40,"Ec",32,1,1,1,1,1,1
"10541",191,"Ec_N",176,41,41,"Ec",32,1,1,1,1,1,1
"10542",191,"Ec_N",176,42,42,"Ec",32,1,1,1,1,1,1
"10543",191,"Ec_N",176,43,43,"Ec",32,1,1,1,1,1,1
"10544",191,"Ec_N",176,44,44,"Ec",32,1,1,1,1,1,1
"10545",191,"Ec_N",176,45,45,"Ec",32,1,1,1,1,1,1
"10546",191,"Ec_N",176,46,46,"Ec",32,1,1,1,1,1,1
"10547",191,"Ec_N",176,47,47,"Ec",32,1,1,1,1,1,1
"10548",191,"Ec_N",176,48,48,"Ec",32,1,1,1,1,1,1
"10549",191,"Ec_N",176,49,49,"Ec",32,1,1,1,1,1,1
"10550",191,"Ec_N",176,50,50,"Ec",32,1,1,1,1,1,1
"10551",191,"Ec_N",176,51,51,"Ec",32,1,1,1,1,1,1
"10552",191,"Ec_N",176,52,52,"Ec",32,1,1,1,1,1,1
"10553",191,"Ec_N",176,53,53,"Ec",32,1,1,1,1,1,1
"10554",191,"Ec_N",176,54,54,"Ec",32,1,1,1,1,1,1
"10555",191,"Ec_N",176,55,55,"Ec",32,1,1,1,1,1,1
"10556",191,"Ec_N",176,56,56,"Ec",32,1,1,1,1,1,1
"10557",191,"Ec_N",176,57,57,"Ec",32,1,1,1,1,1,1
"10558",191,"Ec_N",176,58,58,"Ec",32,1,1,1,1,1,1
"10559",191,"Ec_N",176,59,59,"Ec",32,1,1,1,1,1,1
"10560",191,"Ec_N",176,60,60,"Ec",32,1,1,1,1,1,1
"10561",191,"Ec_N",177,1,1,"Ec",1,0,0,0,0,0,0
"10562",191,"Ec_N",177,2,2,"Ec",1,0,0,0,0,0,0
"10563",191,"Ec_N",177,3,3,"Ec",1,0,0,0,0,0,0
"10564",191,"Ec_N",177,4,4,"Ec",1,0,0,0,0,0,0
"10565",191,"Ec_N",177,5,5,"Ec",1,0,0,0,0,0,0
"10566",191,"Ec_N",177,6,6,"Ec",1,0,0,0,0,0,0
"10567",191,"Ec_N",177,7,7,"Ec",1,0,0,0,0,0,0
"10568",191,"Ec_N",177,8,8,"Ec",1,0,0,0,0,0,0
"10569",191,"Ec_N",177,9,9,"Ec",1,0,0,0,0,0,0
"10570",191,"Ec_N",177,10,10,"Ec",9,0,0,0,1,0,0.0305419930719563
"10571",191,"Ec_N",177,11,11,"Ec",10,1,0,0,1,0,0.228562363617893
"10572",191,"Ec_N",177,12,12,"Ec",10,1,0,0,1,0,0.228562363617893
"10573",191,"Ec_N",177,13,13,"Ec",10,1,0,0,1,0,0.228562363617893
"10574",191,"Ec_N",177,14,14,"Ec",10,1,0,0,1,0,0.228562363617893
"10575",191,"Ec_N",177,15,15,"Ec",26,1,0,0,1,1,0.514384015075299
"10576",191,"Ec_N",177,16,16,"Ec",26,1,0,0,1,1,0.514384015075299
"10577",191,"Ec_N",177,17,17,"Ec",26,1,0,0,1,1,0.514384015075299
"10578",191,"Ec_N",177,18,18,"Ec",26,1,0,0,1,1,0.514384015075299
"10579",191,"Ec_N",177,19,19,"Ec",18,1,0,0,0,1,0.646504780524047
"10580",191,"Ec_N",177,20,20,"Ec",18,1,0,0,0,1,0.646504780524047
"10581",191,"Ec_N",177,21,21,"Ec",18,1,0,0,0,1,0.646504780524047
"10582",191,"Ec_N",177,22,22,"Ec",18,1,0,0,0,1,0.646504780524047
"10583",191,"Ec_N",177,23,23,"Ec",18,1,0,0,0,1,0.646504780524047
"10584",191,"Ec_N",177,24,24,"Ec",18,1,0,0,0,1,0.646504780524047
"10585",191,"Ec_N",177,25,25,"Ec",22,1,0,1,0,1,0.92522428176681
"10586",191,"Ec_N",177,26,26,"Ec",22,1,0,1,0,1,0.92522428176681
"10587",191,"Ec_N",177,27,27,"Ec",22,1,0,1,0,1,0.92522428176681
"10588",191,"Ec_N",177,28,28,"Ec",22,1,0,1,0,1,0.92522428176681
"10589",191,"Ec_N",177,29,29,"Ec",22,1,0,1,0,1,0.92522428176681
"10590",191,"Ec_N",177,30,30,"Ec",22,1,0,1,0,1,0.92522428176681
"10591",191,"Ec_N",177,31,31,"Ec",30,1,0,1,1,1,0.958688519948705
"10592",191,"Ec_N",177,32,32,"Ec",30,1,0,1,1,1,0.958688519948705
"10593",191,"Ec_N",177,33,33,"Ec",30,1,0,1,1,1,0.958688519948705
"10594",191,"Ec_N",177,34,34,"Ec",30,1,0,1,1,1,0.958688519948705
"10595",191,"Ec_N",177,35,35,"Ec",30,1,0,1,1,1,0.958688519948705
"10596",191,"Ec_N",177,36,36,"Ec",30,1,0,1,1,1,0.958688519948705
"10597",191,"Ec_N",177,37,37,"Ec",30,1,0,1,1,1,0.958688519948705
"10598",191,"Ec_N",177,38,38,"Ec",30,1,0,1,1,1,0.958688519948705
"10599",191,"Ec_N",177,39,39,"Ec",30,1,0,1,1,1,0.958688519948705
"10600",191,"Ec_N",177,40,40,"Ec",30,1,0,1,1,1,0.958688519948705
"10601",191,"Ec_N",177,41,41,"Ec",30,1,0,1,1,1,0.958688519948705
"10602",191,"Ec_N",177,42,42,"Ec",30,1,0,1,1,1,0.958688519948705
"10603",191,"Ec_N",177,43,43,"Ec",30,1,0,1,1,1,0.958688519948705
"10604",191,"Ec_N",177,44,44,"Ec",30,1,0,1,1,1,0.958688519948705
"10605",191,"Ec_N",177,45,45,"Ec",30,1,0,1,1,1,0.958688519948705
"10606",191,"Ec_N",177,46,46,"Ec",30,1,0,1,1,1,0.958688519948705
"10607",191,"Ec_N",177,47,47,"Ec",30,1,0,1,1,1,0.958688519948705
"10608",191,"Ec_N",177,48,48,"Ec",30,1,0,1,1,1,0.958688519948705
"10609",191,"Ec_N",177,49,49,"Ec",30,1,0,1,1,1,0.958688519948705
"10610",191,"Ec_N",177,50,50,"Ec",30,1,0,1,1,1,0.958688519948705
"10611",191,"Ec_N",177,51,51,"Ec",30,1,0,1,1,1,0.958688519948705
"10612",191,"Ec_N",177,52,52,"Ec",30,1,0,1,1,1,0.958688519948705
"10613",191,"Ec_N",177,53,53,"Ec",30,1,0,1,1,1,0.958688519948705
"10614",191,"Ec_N",177,54,54,"Ec",30,1,0,1,1,1,0.958688519948705
"10615",191,"Ec_N",177,55,55,"Ec",30,1,0,1,1,1,0.958688519948705
"10616",191,"Ec_N",177,56,56,"Ec",30,1,0,1,1,1,0.958688519948705
"10617",191,"Ec_N",177,57,57,"Ec",32,1,1,1,1,1,1
"10618",191,"Ec_N",177,58,58,"Ec",32,1,1,1,1,1,1
"10619",191,"Ec_N",177,59,59,"Ec",32,1,1,1,1,1,1
"10620",191,"Ec_N",177,60,60,"Ec",32,1,1,1,1,1,1
"10621",191,"Ec_N",178,1,1,"Ec",1,0,0,0,0,0,0
"10622",191,"Ec_N",178,2,2,"Ec",5,0,0,1,0,0,0.49313446766664
"10623",191,"Ec_N",178,3,3,"Ec",5,0,0,1,0,0,0.49313446766664
"10624",191,"Ec_N",178,4,4,"Ec",5,0,0,1,0,0,0.49313446766664
"10625",191,"Ec_N",178,5,5,"Ec",5,0,0,1,0,0,0.49313446766664
"10626",191,"Ec_N",178,6,6,"Ec",7,0,1,1,0,0,0.589282297794007
"10627",191,"Ec_N",178,7,7,"Ec",7,0,1,1,0,0,0.589282297794007
"10628",191,"Ec_N",178,8,8,"Ec",7,0,1,1,0,0,0.589282297794007
"10629",191,"Ec_N",178,9,9,"Ec",7,0,1,1,0,0,0.589282297794007
"10630",191,"Ec_N",178,10,10,"Ec",23,0,1,1,0,1,0.616809062130864
"10631",191,"Ec_N",178,11,11,"Ec",23,0,1,1,0,1,0.616809062130864
"10632",191,"Ec_N",178,12,12,"Ec",23,0,1,1,0,1,0.616809062130864
"10633",191,"Ec_N",178,13,13,"Ec",23,0,1,1,0,1,0.616809062130864
"10634",191,"Ec_N",178,14,14,"Ec",23,0,1,1,0,1,0.616809062130864
"10635",191,"Ec_N",178,15,15,"Ec",23,0,1,1,0,1,0.616809062130864
"10636",191,"Ec_N",178,16,16,"Ec",21,0,0,1,0,1,0.726280938342543
"10637",191,"Ec_N",178,17,17,"Ec",21,0,0,1,0,1,0.726280938342543
"10638",191,"Ec_N",178,18,18,"Ec",21,0,0,1,0,1,0.726280938342543
"10639",191,"Ec_N",178,19,19,"Ec",21,0,0,1,0,1,0.726280938342543
"10640",191,"Ec_N",178,20,20,"Ec",21,0,0,1,0,1,0.726280938342543
"10641",191,"Ec_N",178,21,21,"Ec",21,0,0,1,0,1,0.726280938342543
"10642",191,"Ec_N",178,22,22,"Ec",21,0,0,1,0,1,0.726280938342543
"10643",191,"Ec_N",178,23,23,"Ec",21,0,0,1,0,1,0.726280938342543
"10644",191,"Ec_N",178,24,24,"Ec",21,0,0,1,0,1,0.726280938342543
"10645",191,"Ec_N",178,25,25,"Ec",21,0,0,1,0,1,0.726280938342543
"10646",191,"Ec_N",178,26,26,"Ec",21,0,0,1,0,1,0.726280938342543
"10647",191,"Ec_N",178,27,27,"Ec",22,1,0,1,0,1,0.92522428176681
"10648",191,"Ec_N",178,28,28,"Ec",30,1,0,1,1,1,0.958688519948705
"10649",191,"Ec_N",178,29,29,"Ec",30,1,0,1,1,1,0.958688519948705
"10650",191,"Ec_N",178,30,30,"Ec",32,1,1,1,1,1,1
"10651",191,"Ec_N",178,31,31,"Ec",32,1,1,1,1,1,1
"10652",191,"Ec_N",178,32,32,"Ec",32,1,1,1,1,1,1
"10653",191,"Ec_N",178,33,33,"Ec",32,1,1,1,1,1,1
"10654",191,"Ec_N",178,34,34,"Ec",32,1,1,1,1,1,1
"10655",191,"Ec_N",178,35,35,"Ec",32,1,1,1,1,1,1
"10656",191,"Ec_N",178,36,36,"Ec",32,1,1,1,1,1,1
"10657",191,"Ec_N",178,37,37,"Ec",32,1,1,1,1,1,1
"10658",191,"Ec_N",178,38,38,"Ec",32,1,1,1,1,1,1
"10659",191,"Ec_N",178,39,39,"Ec",32,1,1,1,1,1,1
"10660",191,"Ec_N",178,40,40,"Ec",32,1,1,1,1,1,1
"10661",191,"Ec_N",178,41,41,"Ec",32,1,1,1,1,1,1
"10662",191,"Ec_N",178,42,42,"Ec",32,1,1,1,1,1,1
"10663",191,"Ec_N",178,43,43,"Ec",32,1,1,1,1,1,1
"10664",191,"Ec_N",178,44,44,"Ec",32,1,1,1,1,1,1
"10665",191,"Ec_N",178,45,45,"Ec",32,1,1,1,1,1,1
"10666",191,"Ec_N",178,46,46,"Ec",32,1,1,1,1,1,1
"10667",191,"Ec_N",178,47,47,"Ec",32,1,1,1,1,1,1
"10668",191,"Ec_N",178,48,48,"Ec",32,1,1,1,1,1,1
"10669",191,"Ec_N",178,49,49,"Ec",32,1,1,1,1,1,1
"10670",191,"Ec_N",178,50,50,"Ec",32,1,1,1,1,1,1
"10671",191,"Ec_N",178,51,51,"Ec",32,1,1,1,1,1,1
"10672",191,"Ec_N",178,52,52,"Ec",32,1,1,1,1,1,1
"10673",191,"Ec_N",178,53,53,"Ec",32,1,1,1,1,1,1
"10674",191,"Ec_N",178,54,54,"Ec",32,1,1,1,1,1,1
"10675",191,"Ec_N",178,55,55,"Ec",32,1,1,1,1,1,1
"10676",191,"Ec_N",178,56,56,"Ec",32,1,1,1,1,1,1
"10677",191,"Ec_N",178,57,57,"Ec",32,1,1,1,1,1,1
"10678",191,"Ec_N",178,58,58,"Ec",32,1,1,1,1,1,1
"10679",191,"Ec_N",178,59,59,"Ec",32,1,1,1,1,1,1
"10680",191,"Ec_N",178,60,60,"Ec",32,1,1,1,1,1,1
"10681",191,"Ec_N",179,1,1,"Ec",1,0,0,0,0,0,0
"10682",191,"Ec_N",179,2,2,"Ec",1,0,0,0,0,0,0
"10683",191,"Ec_N",179,3,3,"Ec",1,0,0,0,0,0,0
"10684",191,"Ec_N",179,4,4,"Ec",17,0,0,0,0,1,0.229834113103391
"10685",191,"Ec_N",179,5,5,"Ec",17,0,0,0,0,1,0.229834113103391
"10686",191,"Ec_N",179,6,6,"Ec",17,0,0,0,0,1,0.229834113103391
"10687",191,"Ec_N",179,7,7,"Ec",17,0,0,0,0,1,0.229834113103391
"10688",191,"Ec_N",179,8,8,"Ec",17,0,0,0,0,1,0.229834113103391
"10689",191,"Ec_N",179,9,9,"Ec",17,0,0,0,0,1,0.229834113103391
"10690",191,"Ec_N",179,10,10,"Ec",17,0,0,0,0,1,0.229834113103391
"10691",191,"Ec_N",179,11,11,"Ec",17,0,0,0,0,1,0.229834113103391
"10692",191,"Ec_N",179,12,12,"Ec",19,0,1,0,0,1,0.427300415500348
"10693",191,"Ec_N",179,13,13,"Ec",19,0,1,0,0,1,0.427300415500348
"10694",191,"Ec_N",179,14,14,"Ec",19,0,1,0,0,1,0.427300415500348
"10695",191,"Ec_N",179,15,15,"Ec",20,1,1,0,0,1,0.610298755308086
"10696",191,"Ec_N",179,16,16,"Ec",20,1,1,0,0,1,0.610298755308086
"10697",191,"Ec_N",179,17,17,"Ec",20,1,1,0,0,1,0.610298755308086
"10698",191,"Ec_N",179,18,18,"Ec",20,1,1,0,0,1,0.610298755308086
"10699",191,"Ec_N",179,19,19,"Ec",20,1,1,0,0,1,0.610298755308086
"10700",191,"Ec_N",179,20,20,"Ec",20,1,1,0,0,1,0.610298755308086
"10701",191,"Ec_N",179,21,21,"Ec",20,1,1,0,0,1,0.610298755308086
"10702",191,"Ec_N",179,22,22,"Ec",20,1,1,0,0,1,0.610298755308086
"10703",191,"Ec_N",179,23,23,"Ec",20,1,1,0,0,1,0.610298755308086
"10704",191,"Ec_N",179,24,24,"Ec",24,1,1,1,0,1,0.969458006928044
"10705",191,"Ec_N",179,25,25,"Ec",24,1,1,1,0,1,0.969458006928044
"10706",191,"Ec_N",179,26,26,"Ec",24,1,1,1,0,1,0.969458006928044
"10707",191,"Ec_N",179,27,27,"Ec",24,1,1,1,0,1,0.969458006928044
"10708",191,"Ec_N",179,28,28,"Ec",24,1,1,1,0,1,0.969458006928044
"10709",191,"Ec_N",179,29,29,"Ec",24,1,1,1,0,1,0.969458006928044
"10710",191,"Ec_N",179,30,30,"Ec",24,1,1,1,0,1,0.969458006928044
"10711",191,"Ec_N",179,31,31,"Ec",24,1,1,1,0,1,0.969458006928044
"10712",191,"Ec_N",179,32,32,"Ec",24,1,1,1,0,1,0.969458006928044
"10713",191,"Ec_N",179,33,33,"Ec",24,1,1,1,0,1,0.969458006928044
"10714",191,"Ec_N",179,34,34,"Ec",24,1,1,1,0,1,0.969458006928044
"10715",191,"Ec_N",179,35,35,"Ec",24,1,1,1,0,1,0.969458006928044
"10716",191,"Ec_N",179,36,36,"Ec",24,1,1,1,0,1,0.969458006928044
"10717",191,"Ec_N",179,37,37,"Ec",24,1,1,1,0,1,0.969458006928044
"10718",191,"Ec_N",179,38,38,"Ec",24,1,1,1,0,1,0.969458006928044
"10719",191,"Ec_N",179,39,39,"Ec",24,1,1,1,0,1,0.969458006928044
"10720",191,"Ec_N",179,40,40,"Ec",24,1,1,1,0,1,0.969458006928044
"10721",191,"Ec_N",179,41,41,"Ec",24,1,1,1,0,1,0.969458006928044
"10722",191,"Ec_N",179,42,42,"Ec",24,1,1,1,0,1,0.969458006928044
"10723",191,"Ec_N",179,43,43,"Ec",24,1,1,1,0,1,0.969458006928044
"10724",191,"Ec_N",179,44,44,"Ec",24,1,1,1,0,1,0.969458006928044
"10725",191,"Ec_N",179,45,45,"Ec",32,1,1,1,1,1,1
"10726",191,"Ec_N",179,46,46,"Ec",32,1,1,1,1,1,1
"10727",191,"Ec_N",179,47,47,"Ec",32,1,1,1,1,1,1
"10728",191,"Ec_N",179,48,48,"Ec",32,1,1,1,1,1,1
"10729",191,"Ec_N",179,49,49,"Ec",32,1,1,1,1,1,1
"10730",191,"Ec_N",179,50,50,"Ec",32,1,1,1,1,1,1
"10731",191,"Ec_N",179,51,51,"Ec",32,1,1,1,1,1,1
"10732",191,"Ec_N",179,52,52,"Ec",32,1,1,1,1,1,1
"10733",191,"Ec_N",179,53,53,"Ec",32,1,1,1,1,1,1
"10734",191,"Ec_N",179,54,54,"Ec",32,1,1,1,1,1,1
"10735",191,"Ec_N",179,55,55,"Ec",32,1,1,1,1,1,1
"10736",191,"Ec_N",179,56,56,"Ec",32,1,1,1,1,1,1
"10737",191,"Ec_N",179,57,57,"Ec",32,1,1,1,1,1,1
"10738",191,"Ec_N",179,58,58,"Ec",32,1,1,1,1,1,1
"10739",191,"Ec_N",179,59,59,"Ec",32,1,1,1,1,1,1
"10740",191,"Ec_N",179,60,60,"Ec",32,1,1,1,1,1,1
"10741",191,"Ec_N",180,1,1,"Ec",1,0,0,0,0,0,0
"10742",191,"Ec_N",180,2,2,"Ec",1,0,0,0,0,0,0
"10743",191,"Ec_N",180,3,3,"Ec",5,0,0,1,0,0,0.49313446766664
"10744",191,"Ec_N",180,4,4,"Ec",5,0,0,1,0,0,0.49313446766664
"10745",191,"Ec_N",180,5,5,"Ec",5,0,0,1,0,0,0.49313446766664
"10746",191,"Ec_N",180,6,6,"Ec",5,0,0,1,0,0,0.49313446766664
"10747",191,"Ec_N",180,7,7,"Ec",5,0,0,1,0,0,0.49313446766664
"10748",191,"Ec_N",180,8,8,"Ec",5,0,0,1,0,0,0.49313446766664
"10749",191,"Ec_N",180,9,9,"Ec",5,0,0,1,0,0,0.49313446766664
"10750",191,"Ec_N",180,10,10,"Ec",5,0,0,1,0,0,0.49313446766664
"10751",191,"Ec_N",180,11,11,"Ec",5,0,0,1,0,0,0.49313446766664
"10752",191,"Ec_N",180,12,12,"Ec",5,0,0,1,0,0,0.49313446766664
"10753",191,"Ec_N",180,13,13,"Ec",5,0,0,1,0,0,0.49313446766664
"10754",191,"Ec_N",180,14,14,"Ec",21,0,0,1,0,1,0.726280938342543
"10755",191,"Ec_N",180,15,15,"Ec",22,1,0,1,0,1,0.92522428176681
"10756",191,"Ec_N",180,16,16,"Ec",22,1,0,1,0,1,0.92522428176681
"10757",191,"Ec_N",180,17,17,"Ec",22,1,0,1,0,1,0.92522428176681
"10758",191,"Ec_N",180,18,18,"Ec",30,1,0,1,1,1,0.958688519948705
"10759",191,"Ec_N",180,19,19,"Ec",30,1,0,1,1,1,0.958688519948705
"10760",191,"Ec_N",180,20,20,"Ec",30,1,0,1,1,1,0.958688519948705
"10761",191,"Ec_N",180,21,21,"Ec",30,1,0,1,1,1,0.958688519948705
"10762",191,"Ec_N",180,22,22,"Ec",30,1,0,1,1,1,0.958688519948705
"10763",191,"Ec_N",180,23,23,"Ec",30,1,0,1,1,1,0.958688519948705
"10764",191,"Ec_N",180,24,24,"Ec",30,1,0,1,1,1,0.958688519948705
"10765",191,"Ec_N",180,25,25,"Ec",30,1,0,1,1,1,0.958688519948705
"10766",191,"Ec_N",180,26,26,"Ec",32,1,1,1,1,1,1
"10767",191,"Ec_N",180,27,27,"Ec",32,1,1,1,1,1,1
"10768",191,"Ec_N",180,28,28,"Ec",32,1,1,1,1,1,1
"10769",191,"Ec_N",180,29,29,"Ec",32,1,1,1,1,1,1
"10770",191,"Ec_N",180,30,30,"Ec",32,1,1,1,1,1,1
"10771",191,"Ec_N",180,31,31,"Ec",32,1,1,1,1,1,1
"10772",191,"Ec_N",180,32,32,"Ec",32,1,1,1,1,1,1
"10773",191,"Ec_N",180,33,33,"Ec",32,1,1,1,1,1,1
"10774",191,"Ec_N",180,34,34,"Ec",32,1,1,1,1,1,1
"10775",191,"Ec_N",180,35,35,"Ec",32,1,1,1,1,1,1
"10776",191,"Ec_N",180,36,36,"Ec",32,1,1,1,1,1,1
"10777",191,"Ec_N",180,37,37,"Ec",32,1,1,1,1,1,1
"10778",191,"Ec_N",180,38,38,"Ec",32,1,1,1,1,1,1
"10779",191,"Ec_N",180,39,39,"Ec",32,1,1,1,1,1,1
"10780",191,"Ec_N",180,40,40,"Ec",32,1,1,1,1,1,1
"10781",191,"Ec_N",180,41,41,"Ec",32,1,1,1,1,1,1
"10782",191,"Ec_N",180,42,42,"Ec",32,1,1,1,1,1,1
"10783",191,"Ec_N",180,43,43,"Ec",32,1,1,1,1,1,1
"10784",191,"Ec_N",180,44,44,"Ec",32,1,1,1,1,1,1
"10785",191,"Ec_N",180,45,45,"Ec",32,1,1,1,1,1,1
"10786",191,"Ec_N",180,46,46,"Ec",32,1,1,1,1,1,1
"10787",191,"Ec_N",180,47,47,"Ec",32,1,1,1,1,1,1
"10788",191,"Ec_N",180,48,48,"Ec",32,1,1,1,1,1,1
"10789",191,"Ec_N",180,49,49,"Ec",32,1,1,1,1,1,1
"10790",191,"Ec_N",180,50,50,"Ec",32,1,1,1,1,1,1
"10791",191,"Ec_N",180,51,51,"Ec",32,1,1,1,1,1,1
"10792",191,"Ec_N",180,52,52,"Ec",32,1,1,1,1,1,1
"10793",191,"Ec_N",180,53,53,"Ec",32,1,1,1,1,1,1
"10794",191,"Ec_N",180,54,54,"Ec",32,1,1,1,1,1,1
"10795",191,"Ec_N",180,55,55,"Ec",32,1,1,1,1,1,1
"10796",191,"Ec_N",180,56,56,"Ec",32,1,1,1,1,1,1
"10797",191,"Ec_N",180,57,57,"Ec",32,1,1,1,1,1,1
"10798",191,"Ec_N",180,58,58,"Ec",32,1,1,1,1,1,1
"10799",191,"Ec_N",180,59,59,"Ec",32,1,1,1,1,1,1
"10800",191,"Ec_N",180,60,60,"Ec",32,1,1,1,1,1,1
"10801",191,"Ec_N",181,1,1,"Ec",1,0,0,0,0,0,0
"10802",191,"Ec_N",181,2,2,"Ec",1,0,0,0,0,0,0
"10803",191,"Ec_N",181,3,3,"Ec",1,0,0,0,0,0,0
"10804",191,"Ec_N",181,4,4,"Ec",5,0,0,1,0,0,0.49313446766664
"10805",191,"Ec_N",181,5,5,"Ec",5,0,0,1,0,0,0.49313446766664
"10806",191,"Ec_N",181,6,6,"Ec",5,0,0,1,0,0,0.49313446766664
"10807",191,"Ec_N",181,7,7,"Ec",5,0,0,1,0,0,0.49313446766664
"10808",191,"Ec_N",181,8,8,"Ec",5,0,0,1,0,0,0.49313446766664
"10809",191,"Ec_N",181,9,9,"Ec",5,0,0,1,0,0,0.49313446766664
"10810",191,"Ec_N",181,10,10,"Ec",5,0,0,1,0,0,0.49313446766664
"10811",191,"Ec_N",181,11,11,"Ec",5,0,0,1,0,0,0.49313446766664
"10812",191,"Ec_N",181,12,12,"Ec",5,0,0,1,0,0,0.49313446766664
"10813",191,"Ec_N",181,13,13,"Ec",5,0,0,1,0,0,0.49313446766664
"10814",191,"Ec_N",181,14,14,"Ec",5,0,0,1,0,0,0.49313446766664
"10815",191,"Ec_N",181,15,15,"Ec",5,0,0,1,0,0,0.49313446766664
"10816",191,"Ec_N",181,16,16,"Ec",5,0,0,1,0,0,0.49313446766664
"10817",191,"Ec_N",181,17,17,"Ec",5,0,0,1,0,0,0.49313446766664
"10818",191,"Ec_N",181,18,18,"Ec",5,0,0,1,0,0,0.49313446766664
"10819",191,"Ec_N",181,19,19,"Ec",5,0,0,1,0,0,0.49313446766664
"10820",191,"Ec_N",181,20,20,"Ec",7,0,1,1,0,0,0.589282297794007
"10821",191,"Ec_N",181,21,21,"Ec",7,0,1,1,0,0,0.589282297794007
"10822",191,"Ec_N",181,22,22,"Ec",7,0,1,1,0,0,0.589282297794007
"10823",191,"Ec_N",181,23,23,"Ec",7,0,1,1,0,0,0.589282297794007
"10824",191,"Ec_N",181,24,24,"Ec",7,0,1,1,0,0,0.589282297794007
"10825",191,"Ec_N",181,25,25,"Ec",7,0,1,1,0,0,0.589282297794007
"10826",191,"Ec_N",181,26,26,"Ec",7,0,1,1,0,0,0.589282297794007
"10827",191,"Ec_N",181,27,27,"Ec",7,0,1,1,0,0,0.589282297794007
"10828",191,"Ec_N",181,28,28,"Ec",7,0,1,1,0,0,0.589282297794007
"10829",191,"Ec_N",181,29,29,"Ec",7,0,1,1,0,0,0.589282297794007
"10830",191,"Ec_N",181,30,30,"Ec",7,0,1,1,0,0,0.589282297794007
"10831",191,"Ec_N",181,31,31,"Ec",7,0,1,1,0,0,0.589282297794007
"10832",191,"Ec_N",181,32,32,"Ec",7,0,1,1,0,0,0.589282297794007
"10833",191,"Ec_N",181,33,33,"Ec",7,0,1,1,0,0,0.589282297794007
"10834",191,"Ec_N",181,34,34,"Ec",7,0,1,1,0,0,0.589282297794007
"10835",191,"Ec_N",181,35,35,"Ec",7,0,1,1,0,0,0.589282297794007
"10836",191,"Ec_N",181,36,36,"Ec",7,0,1,1,0,0,0.589282297794007
"10837",191,"Ec_N",181,37,37,"Ec",7,0,1,1,0,0,0.589282297794007
"10838",191,"Ec_N",181,38,38,"Ec",7,0,1,1,0,0,0.589282297794007
"10839",191,"Ec_N",181,39,39,"Ec",7,0,1,1,0,0,0.589282297794007
"10840",191,"Ec_N",181,40,40,"Ec",7,0,1,1,0,0,0.589282297794007
"10841",191,"Ec_N",181,41,41,"Ec",7,0,1,1,0,0,0.589282297794007
"10842",191,"Ec_N",181,42,42,"Ec",7,0,1,1,0,0,0.589282297794007
"10843",191,"Ec_N",181,43,43,"Ec",7,0,1,1,0,0,0.589282297794007
"10844",191,"Ec_N",181,44,44,"Ec",23,0,1,1,0,1,0.616809062130864
"10845",191,"Ec_N",181,45,45,"Ec",23,0,1,1,0,1,0.616809062130864
"10846",191,"Ec_N",181,46,46,"Ec",23,0,1,1,0,1,0.616809062130864
"10847",191,"Ec_N",181,47,47,"Ec",23,0,1,1,0,1,0.616809062130864
"10848",191,"Ec_N",181,48,48,"Ec",23,0,1,1,0,1,0.616809062130864
"10849",191,"Ec_N",181,49,49,"Ec",23,0,1,1,0,1,0.616809062130864
"10850",191,"Ec_N",181,50,50,"Ec",23,0,1,1,0,1,0.616809062130864
"10851",191,"Ec_N",181,51,51,"Ec",23,0,1,1,0,1,0.616809062130864
"10852",191,"Ec_N",181,52,52,"Ec",23,0,1,1,0,1,0.616809062130864
"10853",191,"Ec_N",181,53,53,"Ec",23,0,1,1,0,1,0.616809062130864
"10854",191,"Ec_N",181,54,54,"Ec",23,0,1,1,0,1,0.616809062130864
"10855",191,"Ec_N",181,55,55,"Ec",23,0,1,1,0,1,0.616809062130864
"10856",191,"Ec_N",181,56,56,"Ec",23,0,1,1,0,1,0.616809062130864
"10857",191,"Ec_N",181,57,57,"Ec",23,0,1,1,0,1,0.616809062130864
"10858",191,"Ec_N",181,58,58,"Ec",23,0,1,1,0,1,0.616809062130864
"10859",191,"Ec_N",181,59,59,"Ec",23,0,1,1,0,1,0.616809062130864
"10860",191,"Ec_N",181,60,60,"Ec",23,0,1,1,0,1,0.616809062130864
"10861",191,"Ec_N",182,1,1,"Ec",1,0,0,0,0,0,0
"10862",191,"Ec_N",182,2,2,"Ec",5,0,0,1,0,0,0.49313446766664
"10863",191,"Ec_N",182,3,3,"Ec",5,0,0,1,0,0,0.49313446766664
"10864",191,"Ec_N",182,4,4,"Ec",5,0,0,1,0,0,0.49313446766664
"10865",191,"Ec_N",182,5,5,"Ec",5,0,0,1,0,0,0.49313446766664
"10866",191,"Ec_N",182,6,6,"Ec",5,0,0,1,0,0,0.49313446766664
"10867",191,"Ec_N",182,7,7,"Ec",5,0,0,1,0,0,0.49313446766664
"10868",191,"Ec_N",182,8,8,"Ec",5,0,0,1,0,0,0.49313446766664
"10869",191,"Ec_N",182,9,9,"Ec",5,0,0,1,0,0,0.49313446766664
"10870",191,"Ec_N",182,10,10,"Ec",5,0,0,1,0,0,0.49313446766664
"10871",191,"Ec_N",182,11,11,"Ec",7,0,1,1,0,0,0.589282297794007
"10872",191,"Ec_N",182,12,12,"Ec",7,0,1,1,0,0,0.589282297794007
"10873",191,"Ec_N",182,13,13,"Ec",7,0,1,1,0,0,0.589282297794007
"10874",191,"Ec_N",182,14,14,"Ec",7,0,1,1,0,0,0.589282297794007
"10875",191,"Ec_N",182,15,15,"Ec",7,0,1,1,0,0,0.589282297794007
"10876",191,"Ec_N",182,16,16,"Ec",7,0,1,1,0,0,0.589282297794007
"10877",191,"Ec_N",182,17,17,"Ec",7,0,1,1,0,0,0.589282297794007
"10878",191,"Ec_N",182,18,18,"Ec",7,0,1,1,0,0,0.589282297794007
"10879",191,"Ec_N",182,19,19,"Ec",7,0,1,1,0,0,0.589282297794007
"10880",191,"Ec_N",182,20,20,"Ec",7,0,1,1,0,0,0.589282297794007
"10881",191,"Ec_N",182,21,21,"Ec",7,0,1,1,0,0,0.589282297794007
"10882",191,"Ec_N",182,22,22,"Ec",7,0,1,1,0,0,0.589282297794007
"10883",191,"Ec_N",182,23,23,"Ec",7,0,1,1,0,0,0.589282297794007
"10884",191,"Ec_N",182,24,24,"Ec",7,0,1,1,0,0,0.589282297794007
"10885",191,"Ec_N",182,25,25,"Ec",7,0,1,1,0,0,0.589282297794007
"10886",191,"Ec_N",182,26,26,"Ec",7,0,1,1,0,0,0.589282297794007
"10887",191,"Ec_N",182,27,27,"Ec",7,0,1,1,0,0,0.589282297794007
"10888",191,"Ec_N",182,28,28,"Ec",7,0,1,1,0,0,0.589282297794007
"10889",191,"Ec_N",182,29,29,"Ec",7,0,1,1,0,0,0.589282297794007
"10890",191,"Ec_N",182,30,30,"Ec",7,0,1,1,0,0,0.589282297794007
"10891",191,"Ec_N",182,31,31,"Ec",7,0,1,1,0,0,0.589282297794007
"10892",191,"Ec_N",182,32,32,"Ec",7,0,1,1,0,0,0.589282297794007
"10893",191,"Ec_N",182,33,33,"Ec",7,0,1,1,0,0,0.589282297794007
"10894",191,"Ec_N",182,34,34,"Ec",7,0,1,1,0,0,0.589282297794007
"10895",191,"Ec_N",182,35,35,"Ec",7,0,1,1,0,0,0.589282297794007
"10896",191,"Ec_N",182,36,36,"Ec",7,0,1,1,0,0,0.589282297794007
"10897",191,"Ec_N",182,37,37,"Ec",7,0,1,1,0,0,0.589282297794007
"10898",191,"Ec_N",182,38,38,"Ec",7,0,1,1,0,0,0.589282297794007
"10899",191,"Ec_N",182,39,39,"Ec",7,0,1,1,0,0,0.589282297794007
"10900",191,"Ec_N",182,40,40,"Ec",7,0,1,1,0,0,0.589282297794007
"10901",191,"Ec_N",182,41,41,"Ec",7,0,1,1,0,0,0.589282297794007
"10902",191,"Ec_N",182,42,42,"Ec",7,0,1,1,0,0,0.589282297794007
"10903",191,"Ec_N",182,43,43,"Ec",23,0,1,1,0,1,0.616809062130864
"10904",191,"Ec_N",182,44,44,"Ec",23,0,1,1,0,1,0.616809062130864
"10905",191,"Ec_N",182,45,45,"Ec",23,0,1,1,0,1,0.616809062130864
"10906",191,"Ec_N",182,46,46,"Ec",23,0,1,1,0,1,0.616809062130864
"10907",191,"Ec_N",182,47,47,"Ec",21,0,0,1,0,1,0.726280938342543
"10908",191,"Ec_N",182,48,48,"Ec",29,0,0,1,1,1,0.760668149402769
"10909",191,"Ec_N",182,49,49,"Ec",29,0,0,1,1,1,0.760668149402769
"10910",191,"Ec_N",182,50,50,"Ec",29,0,0,1,1,1,0.760668149402769
"10911",191,"Ec_N",182,51,51,"Ec",31,0,1,1,1,1,0.801979629454064
"10912",191,"Ec_N",182,52,52,"Ec",31,0,1,1,1,1,0.801979629454064
"10913",191,"Ec_N",182,53,53,"Ec",31,0,1,1,1,1,0.801979629454064
"10914",191,"Ec_N",182,54,54,"Ec",31,0,1,1,1,1,0.801979629454064
"10915",191,"Ec_N",182,55,55,"Ec",31,0,1,1,1,1,0.801979629454064
"10916",191,"Ec_N",182,56,56,"Ec",31,0,1,1,1,1,0.801979629454064
"10917",191,"Ec_N",182,57,57,"Ec",31,0,1,1,1,1,0.801979629454064
"10918",191,"Ec_N",182,58,58,"Ec",31,0,1,1,1,1,0.801979629454064
"10919",191,"Ec_N",182,59,59,"Ec",31,0,1,1,1,1,0.801979629454064
"10920",191,"Ec_N",182,60,60,"Ec",31,0,1,1,1,1,0.801979629454064
"10921",191,"Ec_N",183,1,1,"Ec",1,0,0,0,0,0,0
"10922",191,"Ec_N",183,2,2,"Ec",9,0,0,0,1,0,0.0305419930719563
"10923",191,"Ec_N",183,3,3,"Ec",9,0,0,0,1,0,0.0305419930719563
"10924",191,"Ec_N",183,4,4,"Ec",9,0,0,0,1,0,0.0305419930719563
"10925",191,"Ec_N",183,5,5,"Ec",9,0,0,0,1,0,0.0305419930719563
"10926",191,"Ec_N",183,6,6,"Ec",9,0,0,0,1,0,0.0305419930719563
"10927",191,"Ec_N",183,7,7,"Ec",9,0,0,0,1,0,0.0305419930719563
"10928",191,"Ec_N",183,8,8,"Ec",9,0,0,0,1,0,0.0305419930719563
"10929",191,"Ec_N",183,9,9,"Ec",9,0,0,0,1,0,0.0305419930719563
"10930",191,"Ec_N",183,10,10,"Ec",25,0,0,0,1,1,0.403163568932085
"10931",191,"Ec_N",183,11,11,"Ec",25,0,0,0,1,1,0.403163568932085
"10932",191,"Ec_N",183,12,12,"Ec",25,0,0,0,1,1,0.403163568932085
"10933",191,"Ec_N",183,13,13,"Ec",29,0,0,1,1,1,0.760668149402769
"10934",191,"Ec_N",183,14,14,"Ec",29,0,0,1,1,1,0.760668149402769
"10935",191,"Ec_N",183,15,15,"Ec",29,0,0,1,1,1,0.760668149402769
"10936",191,"Ec_N",183,16,16,"Ec",29,0,0,1,1,1,0.760668149402769
"10937",191,"Ec_N",183,17,17,"Ec",29,0,0,1,1,1,0.760668149402769
"10938",191,"Ec_N",183,18,18,"Ec",29,0,0,1,1,1,0.760668149402769
"10939",191,"Ec_N",183,19,19,"Ec",29,0,0,1,1,1,0.760668149402769
"10940",191,"Ec_N",183,20,20,"Ec",29,0,0,1,1,1,0.760668149402769
"10941",191,"Ec_N",183,21,21,"Ec",29,0,0,1,1,1,0.760668149402769
"10942",191,"Ec_N",183,22,22,"Ec",29,0,0,1,1,1,0.760668149402769
"10943",191,"Ec_N",183,23,23,"Ec",29,0,0,1,1,1,0.760668149402769
"10944",191,"Ec_N",183,24,24,"Ec",29,0,0,1,1,1,0.760668149402769
"10945",191,"Ec_N",183,25,25,"Ec",29,0,0,1,1,1,0.760668149402769
"10946",191,"Ec_N",183,26,26,"Ec",29,0,0,1,1,1,0.760668149402769
"10947",191,"Ec_N",183,27,27,"Ec",29,0,0,1,1,1,0.760668149402769
"10948",191,"Ec_N",183,28,28,"Ec",29,0,0,1,1,1,0.760668149402769
"10949",191,"Ec_N",183,29,29,"Ec",29,0,0,1,1,1,0.760668149402769
"10950",191,"Ec_N",183,30,30,"Ec",29,0,0,1,1,1,0.760668149402769
"10951",191,"Ec_N",183,31,31,"Ec",29,0,0,1,1,1,0.760668149402769
"10952",191,"Ec_N",183,32,32,"Ec",29,0,0,1,1,1,0.760668149402769
"10953",191,"Ec_N",183,33,33,"Ec",29,0,0,1,1,1,0.760668149402769
"10954",191,"Ec_N",183,34,34,"Ec",29,0,0,1,1,1,0.760668149402769
"10955",191,"Ec_N",183,35,35,"Ec",30,1,0,1,1,1,0.958688519948705
"10956",191,"Ec_N",183,36,36,"Ec",30,1,0,1,1,1,0.958688519948705
"10957",191,"Ec_N",183,37,37,"Ec",30,1,0,1,1,1,0.958688519948705
"10958",191,"Ec_N",183,38,38,"Ec",30,1,0,1,1,1,0.958688519948705
"10959",191,"Ec_N",183,39,39,"Ec",30,1,0,1,1,1,0.958688519948705
"10960",191,"Ec_N",183,40,40,"Ec",32,1,1,1,1,1,1
"10961",191,"Ec_N",183,41,41,"Ec",32,1,1,1,1,1,1
"10962",191,"Ec_N",183,42,42,"Ec",32,1,1,1,1,1,1
"10963",191,"Ec_N",183,43,43,"Ec",32,1,1,1,1,1,1
"10964",191,"Ec_N",183,44,44,"Ec",32,1,1,1,1,1,1
"10965",191,"Ec_N",183,45,45,"Ec",32,1,1,1,1,1,1
"10966",191,"Ec_N",183,46,46,"Ec",32,1,1,1,1,1,1
"10967",191,"Ec_N",183,47,47,"Ec",32,1,1,1,1,1,1
"10968",191,"Ec_N",183,48,48,"Ec",32,1,1,1,1,1,1
"10969",191,"Ec_N",183,49,49,"Ec",32,1,1,1,1,1,1
"10970",191,"Ec_N",183,50,50,"Ec",32,1,1,1,1,1,1
"10971",191,"Ec_N",183,51,51,"Ec",32,1,1,1,1,1,1
"10972",191,"Ec_N",183,52,52,"Ec",32,1,1,1,1,1,1
"10973",191,"Ec_N",183,53,53,"Ec",32,1,1,1,1,1,1
"10974",191,"Ec_N",183,54,54,"Ec",32,1,1,1,1,1,1
"10975",191,"Ec_N",183,55,55,"Ec",32,1,1,1,1,1,1
"10976",191,"Ec_N",183,56,56,"Ec",32,1,1,1,1,1,1
"10977",191,"Ec_N",183,57,57,"Ec",32,1,1,1,1,1,1
"10978",191,"Ec_N",183,58,58,"Ec",32,1,1,1,1,1,1
"10979",191,"Ec_N",183,59,59,"Ec",32,1,1,1,1,1,1
"10980",191,"Ec_N",183,60,60,"Ec",32,1,1,1,1,1,1
"10981",191,"Ec_N",184,1,1,"Ec",1,0,0,0,0,0,0
"10982",191,"Ec_N",184,2,2,"Ec",1,0,0,0,0,0,0
"10983",191,"Ec_N",184,3,3,"Ec",1,0,0,0,0,0,0
"10984",191,"Ec_N",184,4,4,"Ec",5,0,0,1,0,0,0.49313446766664
"10985",191,"Ec_N",184,5,5,"Ec",5,0,0,1,0,0,0.49313446766664
"10986",191,"Ec_N",184,6,6,"Ec",5,0,0,1,0,0,0.49313446766664
"10987",191,"Ec_N",184,7,7,"Ec",5,0,0,1,0,0,0.49313446766664
"10988",191,"Ec_N",184,8,8,"Ec",5,0,0,1,0,0,0.49313446766664
"10989",191,"Ec_N",184,9,9,"Ec",5,0,0,1,0,0,0.49313446766664
"10990",191,"Ec_N",184,10,10,"Ec",7,0,1,1,0,0,0.589282297794007
"10991",191,"Ec_N",184,11,11,"Ec",7,0,1,1,0,0,0.589282297794007
"10992",191,"Ec_N",184,12,12,"Ec",23,0,1,1,0,1,0.616809062130864
"10993",191,"Ec_N",184,13,13,"Ec",23,0,1,1,0,1,0.616809062130864
"10994",191,"Ec_N",184,14,14,"Ec",23,0,1,1,0,1,0.616809062130864
"10995",191,"Ec_N",184,15,15,"Ec",23,0,1,1,0,1,0.616809062130864
"10996",191,"Ec_N",184,16,16,"Ec",23,0,1,1,0,1,0.616809062130864
"10997",191,"Ec_N",184,17,17,"Ec",23,0,1,1,0,1,0.616809062130864
"10998",191,"Ec_N",184,18,18,"Ec",23,0,1,1,0,1,0.616809062130864
"10999",191,"Ec_N",184,19,19,"Ec",23,0,1,1,0,1,0.616809062130864
"11000",191,"Ec_N",184,20,20,"Ec",23,0,1,1,0,1,0.616809062130864
"11001",191,"Ec_N",184,21,21,"Ec",21,0,0,1,0,1,0.726280938342543
"11002",191,"Ec_N",184,22,22,"Ec",21,0,0,1,0,1,0.726280938342543
"11003",191,"Ec_N",184,23,23,"Ec",21,0,0,1,0,1,0.726280938342543
"11004",191,"Ec_N",184,24,24,"Ec",21,0,0,1,0,1,0.726280938342543
"11005",191,"Ec_N",184,25,25,"Ec",22,1,0,1,0,1,0.92522428176681
"11006",191,"Ec_N",184,26,26,"Ec",22,1,0,1,0,1,0.92522428176681
"11007",191,"Ec_N",184,27,27,"Ec",22,1,0,1,0,1,0.92522428176681
"11008",191,"Ec_N",184,28,28,"Ec",22,1,0,1,0,1,0.92522428176681
"11009",191,"Ec_N",184,29,29,"Ec",22,1,0,1,0,1,0.92522428176681
"11010",191,"Ec_N",184,30,30,"Ec",22,1,0,1,0,1,0.92522428176681
"11011",191,"Ec_N",184,31,31,"Ec",22,1,0,1,0,1,0.92522428176681
"11012",191,"Ec_N",184,32,32,"Ec",22,1,0,1,0,1,0.92522428176681
"11013",191,"Ec_N",184,33,33,"Ec",22,1,0,1,0,1,0.92522428176681
"11014",191,"Ec_N",184,34,34,"Ec",22,1,0,1,0,1,0.92522428176681
"11015",191,"Ec_N",184,35,35,"Ec",22,1,0,1,0,1,0.92522428176681
"11016",191,"Ec_N",184,36,36,"Ec",22,1,0,1,0,1,0.92522428176681
"11017",191,"Ec_N",184,37,37,"Ec",22,1,0,1,0,1,0.92522428176681
"11018",191,"Ec_N",184,38,38,"Ec",22,1,0,1,0,1,0.92522428176681
"11019",191,"Ec_N",184,39,39,"Ec",24,1,1,1,0,1,0.969458006928044
"11020",191,"Ec_N",184,40,40,"Ec",24,1,1,1,0,1,0.969458006928044
"11021",191,"Ec_N",184,41,41,"Ec",32,1,1,1,1,1,1
"11022",191,"Ec_N",184,42,42,"Ec",32,1,1,1,1,1,1
"11023",191,"Ec_N",184,43,43,"Ec",32,1,1,1,1,1,1
"11024",191,"Ec_N",184,44,44,"Ec",32,1,1,1,1,1,1
"11025",191,"Ec_N",184,45,45,"Ec",32,1,1,1,1,1,1
"11026",191,"Ec_N",184,46,46,"Ec",32,1,1,1,1,1,1
"11027",191,"Ec_N",184,47,47,"Ec",32,1,1,1,1,1,1
"11028",191,"Ec_N",184,48,48,"Ec",32,1,1,1,1,1,1
"11029",191,"Ec_N",184,49,49,"Ec",32,1,1,1,1,1,1
"11030",191,"Ec_N",184,50,50,"Ec",32,1,1,1,1,1,1
"11031",191,"Ec_N",184,51,51,"Ec",32,1,1,1,1,1,1
"11032",191,"Ec_N",184,52,52,"Ec",32,1,1,1,1,1,1
"11033",191,"Ec_N",184,53,53,"Ec",32,1,1,1,1,1,1
"11034",191,"Ec_N",184,54,54,"Ec",32,1,1,1,1,1,1
"11035",191,"Ec_N",184,55,55,"Ec",32,1,1,1,1,1,1
"11036",191,"Ec_N",184,56,56,"Ec",32,1,1,1,1,1,1
"11037",191,"Ec_N",184,57,57,"Ec",32,1,1,1,1,1,1
"11038",191,"Ec_N",184,58,58,"Ec",32,1,1,1,1,1,1
"11039",191,"Ec_N",184,59,59,"Ec",32,1,1,1,1,1,1
"11040",191,"Ec_N",184,60,60,"Ec",32,1,1,1,1,1,1
"11041",191,"Ec_N",185,1,1,"Ec",1,0,0,0,0,0,0
"11042",191,"Ec_N",185,2,2,"Ec",1,0,0,0,0,0,0
"11043",191,"Ec_N",185,3,3,"Ec",1,0,0,0,0,0,0
"11044",191,"Ec_N",185,4,4,"Ec",1,0,0,0,0,0,0
"11045",191,"Ec_N",185,5,5,"Ec",1,0,0,0,0,0,0
"11046",191,"Ec_N",185,6,6,"Ec",1,0,0,0,0,0,0
"11047",191,"Ec_N",185,7,7,"Ec",17,0,0,0,0,1,0.229834113103391
"11048",191,"Ec_N",185,8,8,"Ec",25,0,0,0,1,1,0.403163568932085
"11049",191,"Ec_N",185,9,9,"Ec",25,0,0,0,1,1,0.403163568932085
"11050",191,"Ec_N",185,10,10,"Ec",25,0,0,0,1,1,0.403163568932085
"11051",191,"Ec_N",185,11,11,"Ec",25,0,0,0,1,1,0.403163568932085
"11052",191,"Ec_N",185,12,12,"Ec",25,0,0,0,1,1,0.403163568932085
"11053",191,"Ec_N",185,13,13,"Ec",25,0,0,0,1,1,0.403163568932085
"11054",191,"Ec_N",185,14,14,"Ec",25,0,0,0,1,1,0.403163568932085
"11055",191,"Ec_N",185,15,15,"Ec",25,0,0,0,1,1,0.403163568932085
"11056",191,"Ec_N",185,16,16,"Ec",25,0,0,0,1,1,0.403163568932085
"11057",191,"Ec_N",185,17,17,"Ec",25,0,0,0,1,1,0.403163568932085
"11058",191,"Ec_N",185,18,18,"Ec",25,0,0,0,1,1,0.403163568932085
"11059",191,"Ec_N",185,19,19,"Ec",25,0,0,0,1,1,0.403163568932085
"11060",191,"Ec_N",185,20,20,"Ec",25,0,0,0,1,1,0.403163568932085
"11061",191,"Ec_N",185,21,21,"Ec",26,1,0,0,1,1,0.514384015075299
"11062",191,"Ec_N",185,22,22,"Ec",28,1,1,0,1,1,0.681047421119041
"11063",191,"Ec_N",185,23,23,"Ec",28,1,1,0,1,1,0.681047421119041
"11064",191,"Ec_N",185,24,24,"Ec",32,1,1,1,1,1,1
"11065",191,"Ec_N",185,25,25,"Ec",32,1,1,1,1,1,1
"11066",191,"Ec_N",185,26,26,"Ec",32,1,1,1,1,1,1
"11067",191,"Ec_N",185,27,27,"Ec",32,1,1,1,1,1,1
"11068",191,"Ec_N",185,28,28,"Ec",32,1,1,1,1,1,1
"11069",191,"Ec_N",185,29,29,"Ec",32,1,1,1,1,1,1
"11070",191,"Ec_N",185,30,30,"Ec",32,1,1,1,1,1,1
"11071",191,"Ec_N",185,31,31,"Ec",32,1,1,1,1,1,1
"11072",191,"Ec_N",185,32,32,"Ec",32,1,1,1,1,1,1
"11073",191,"Ec_N",185,33,33,"Ec",32,1,1,1,1,1,1
"11074",191,"Ec_N",185,34,34,"Ec",32,1,1,1,1,1,1
"11075",191,"Ec_N",185,35,35,"Ec",32,1,1,1,1,1,1
"11076",191,"Ec_N",185,36,36,"Ec",32,1,1,1,1,1,1
"11077",191,"Ec_N",185,37,37,"Ec",32,1,1,1,1,1,1
"11078",191,"Ec_N",185,38,38,"Ec",32,1,1,1,1,1,1
"11079",191,"Ec_N",185,39,39,"Ec",32,1,1,1,1,1,1
"11080",191,"Ec_N",185,40,40,"Ec",32,1,1,1,1,1,1
"11081",191,"Ec_N",185,41,41,"Ec",32,1,1,1,1,1,1
"11082",191,"Ec_N",185,42,42,"Ec",32,1,1,1,1,1,1
"11083",191,"Ec_N",185,43,43,"Ec",32,1,1,1,1,1,1
"11084",191,"Ec_N",185,44,44,"Ec",32,1,1,1,1,1,1
"11085",191,"Ec_N",185,45,45,"Ec",32,1,1,1,1,1,1
"11086",191,"Ec_N",185,46,46,"Ec",32,1,1,1,1,1,1
"11087",191,"Ec_N",185,47,47,"Ec",32,1,1,1,1,1,1
"11088",191,"Ec_N",185,48,48,"Ec",32,1,1,1,1,1,1
"11089",191,"Ec_N",185,49,49,"Ec",32,1,1,1,1,1,1
"11090",191,"Ec_N",185,50,50,"Ec",32,1,1,1,1,1,1
"11091",191,"Ec_N",185,51,51,"Ec",32,1,1,1,1,1,1
"11092",191,"Ec_N",185,52,52,"Ec",32,1,1,1,1,1,1
"11093",191,"Ec_N",185,53,53,"Ec",32,1,1,1,1,1,1
"11094",191,"Ec_N",185,54,54,"Ec",32,1,1,1,1,1,1
"11095",191,"Ec_N",185,55,55,"Ec",32,1,1,1,1,1,1
"11096",191,"Ec_N",185,56,56,"Ec",32,1,1,1,1,1,1
"11097",191,"Ec_N",185,57,57,"Ec",32,1,1,1,1,1,1
"11098",191,"Ec_N",185,58,58,"Ec",32,1,1,1,1,1,1
"11099",191,"Ec_N",185,59,59,"Ec",32,1,1,1,1,1,1
"11100",191,"Ec_N",185,60,60,"Ec",32,1,1,1,1,1,1
"11101",191,"Ec_N",186,1,1,"Ec",1,0,0,0,0,0,0
"11102",191,"Ec_N",186,2,2,"Ec",1,0,0,0,0,0,0
"11103",191,"Ec_N",186,3,3,"Ec",1,0,0,0,0,0,0
"11104",191,"Ec_N",186,4,4,"Ec",1,0,0,0,0,0,0
"11105",191,"Ec_N",186,5,5,"Ec",1,0,0,0,0,0,0
"11106",191,"Ec_N",186,6,6,"Ec",2,1,0,0,0,0,0.198020370545937
"11107",191,"Ec_N",186,7,7,"Ec",18,1,0,0,0,1,0.646504780524047
"11108",191,"Ec_N",186,8,8,"Ec",18,1,0,0,0,1,0.646504780524047
"11109",191,"Ec_N",186,9,9,"Ec",18,1,0,0,0,1,0.646504780524047
"11110",191,"Ec_N",186,10,10,"Ec",18,1,0,0,0,1,0.646504780524047
"11111",191,"Ec_N",186,11,11,"Ec",18,1,0,0,0,1,0.646504780524047
"11112",191,"Ec_N",186,12,12,"Ec",18,1,0,0,0,1,0.646504780524047
"11113",191,"Ec_N",186,13,13,"Ec",18,1,0,0,0,1,0.646504780524047
"11114",191,"Ec_N",186,14,14,"Ec",18,1,0,0,0,1,0.646504780524047
"11115",191,"Ec_N",186,15,15,"Ec",18,1,0,0,0,1,0.646504780524047
"11116",191,"Ec_N",186,16,16,"Ec",18,1,0,0,0,1,0.646504780524047
"11117",191,"Ec_N",186,17,17,"Ec",18,1,0,0,0,1,0.646504780524047
"11118",191,"Ec_N",186,18,18,"Ec",18,1,0,0,0,1,0.646504780524047
"11119",191,"Ec_N",186,19,19,"Ec",18,1,0,0,0,1,0.646504780524047
"11120",191,"Ec_N",186,20,20,"Ec",18,1,0,0,0,1,0.646504780524047
"11121",191,"Ec_N",186,21,21,"Ec",18,1,0,0,0,1,0.646504780524047
"11122",191,"Ec_N",186,22,22,"Ec",18,1,0,0,0,1,0.646504780524047
"11123",191,"Ec_N",186,23,23,"Ec",18,1,0,0,0,1,0.646504780524047
"11124",191,"Ec_N",186,24,24,"Ec",18,1,0,0,0,1,0.646504780524047
"11125",191,"Ec_N",186,25,25,"Ec",22,1,0,1,0,1,0.92522428176681
"11126",191,"Ec_N",186,26,26,"Ec",22,1,0,1,0,1,0.92522428176681
"11127",191,"Ec_N",186,27,27,"Ec",22,1,0,1,0,1,0.92522428176681
"11128",191,"Ec_N",186,28,28,"Ec",22,1,0,1,0,1,0.92522428176681
"11129",191,"Ec_N",186,29,29,"Ec",22,1,0,1,0,1,0.92522428176681
"11130",191,"Ec_N",186,30,30,"Ec",22,1,0,1,0,1,0.92522428176681
"11131",191,"Ec_N",186,31,31,"Ec",22,1,0,1,0,1,0.92522428176681
"11132",191,"Ec_N",186,32,32,"Ec",22,1,0,1,0,1,0.92522428176681
"11133",191,"Ec_N",186,33,33,"Ec",22,1,0,1,0,1,0.92522428176681
"11134",191,"Ec_N",186,34,34,"Ec",22,1,0,1,0,1,0.92522428176681
"11135",191,"Ec_N",186,35,35,"Ec",22,1,0,1,0,1,0.92522428176681
"11136",191,"Ec_N",186,36,36,"Ec",22,1,0,1,0,1,0.92522428176681
"11137",191,"Ec_N",186,37,37,"Ec",22,1,0,1,0,1,0.92522428176681
"11138",191,"Ec_N",186,38,38,"Ec",24,1,1,1,0,1,0.969458006928044
"11139",191,"Ec_N",186,39,39,"Ec",24,1,1,1,0,1,0.969458006928044
"11140",191,"Ec_N",186,40,40,"Ec",24,1,1,1,0,1,0.969458006928044
"11141",191,"Ec_N",186,41,41,"Ec",24,1,1,1,0,1,0.969458006928044
"11142",191,"Ec_N",186,42,42,"Ec",24,1,1,1,0,1,0.969458006928044
"11143",191,"Ec_N",186,43,43,"Ec",24,1,1,1,0,1,0.969458006928044
"11144",191,"Ec_N",186,44,44,"Ec",24,1,1,1,0,1,0.969458006928044
"11145",191,"Ec_N",186,45,45,"Ec",32,1,1,1,1,1,1
"11146",191,"Ec_N",186,46,46,"Ec",32,1,1,1,1,1,1
"11147",191,"Ec_N",186,47,47,"Ec",32,1,1,1,1,1,1
"11148",191,"Ec_N",186,48,48,"Ec",32,1,1,1,1,1,1
"11149",191,"Ec_N",186,49,49,"Ec",32,1,1,1,1,1,1
"11150",191,"Ec_N",186,50,50,"Ec",32,1,1,1,1,1,1
"11151",191,"Ec_N",186,51,51,"Ec",32,1,1,1,1,1,1
"11152",191,"Ec_N",186,52,52,"Ec",32,1,1,1,1,1,1
"11153",191,"Ec_N",186,53,53,"Ec",32,1,1,1,1,1,1
"11154",191,"Ec_N",186,54,54,"Ec",32,1,1,1,1,1,1
"11155",191,"Ec_N",186,55,55,"Ec",32,1,1,1,1,1,1
"11156",191,"Ec_N",186,56,56,"Ec",32,1,1,1,1,1,1
"11157",191,"Ec_N",186,57,57,"Ec",32,1,1,1,1,1,1
"11158",191,"Ec_N",186,58,58,"Ec",32,1,1,1,1,1,1
"11159",191,"Ec_N",186,59,59,"Ec",32,1,1,1,1,1,1
"11160",191,"Ec_N",186,60,60,"Ec",32,1,1,1,1,1,1
"11161",191,"Ec_N",187,1,1,"Ec",1,0,0,0,0,0,0
"11162",191,"Ec_N",187,2,2,"Ec",1,0,0,0,0,0,0
"11163",191,"Ec_N",187,3,3,"Ec",1,0,0,0,0,0,0
"11164",191,"Ec_N",187,4,4,"Ec",1,0,0,0,0,0,0
"11165",191,"Ec_N",187,5,5,"Ec",1,0,0,0,0,0,0
"11166",191,"Ec_N",187,6,6,"Ec",1,0,0,0,0,0,0
"11167",191,"Ec_N",187,7,7,"Ec",1,0,0,0,0,0,0
"11168",191,"Ec_N",187,8,8,"Ec",1,0,0,0,0,0,0
"11169",191,"Ec_N",187,9,9,"Ec",2,1,0,0,0,0,0.198020370545937
"11170",191,"Ec_N",187,10,10,"Ec",10,1,0,0,1,0,0.228562363617893
"11171",191,"Ec_N",187,11,11,"Ec",10,1,0,0,1,0,0.228562363617893
"11172",191,"Ec_N",187,12,12,"Ec",10,1,0,0,1,0,0.228562363617893
"11173",191,"Ec_N",187,13,13,"Ec",10,1,0,0,1,0,0.228562363617893
"11174",191,"Ec_N",187,14,14,"Ec",10,1,0,0,1,0,0.228562363617893
"11175",191,"Ec_N",187,15,15,"Ec",10,1,0,0,1,0,0.228562363617893
"11176",191,"Ec_N",187,16,16,"Ec",26,1,0,0,1,1,0.514384015075299
"11177",191,"Ec_N",187,17,17,"Ec",26,1,0,0,1,1,0.514384015075299
"11178",191,"Ec_N",187,18,18,"Ec",26,1,0,0,1,1,0.514384015075299
"11179",191,"Ec_N",187,19,19,"Ec",18,1,0,0,0,1,0.646504780524047
"11180",191,"Ec_N",187,20,20,"Ec",18,1,0,0,0,1,0.646504780524047
"11181",191,"Ec_N",187,21,21,"Ec",18,1,0,0,0,1,0.646504780524047
"11182",191,"Ec_N",187,22,22,"Ec",18,1,0,0,0,1,0.646504780524047
"11183",191,"Ec_N",187,23,23,"Ec",18,1,0,0,0,1,0.646504780524047
"11184",191,"Ec_N",187,24,24,"Ec",18,1,0,0,0,1,0.646504780524047
"11185",191,"Ec_N",187,25,25,"Ec",18,1,0,0,0,1,0.646504780524047
"11186",191,"Ec_N",187,26,26,"Ec",18,1,0,0,0,1,0.646504780524047
"11187",191,"Ec_N",187,27,27,"Ec",18,1,0,0,0,1,0.646504780524047
"11188",191,"Ec_N",187,28,28,"Ec",18,1,0,0,0,1,0.646504780524047
"11189",191,"Ec_N",187,29,29,"Ec",18,1,0,0,0,1,0.646504780524047
"11190",191,"Ec_N",187,30,30,"Ec",18,1,0,0,0,1,0.646504780524047
"11191",191,"Ec_N",187,31,31,"Ec",18,1,0,0,0,1,0.646504780524047
"11192",191,"Ec_N",187,32,32,"Ec",18,1,0,0,0,1,0.646504780524047
"11193",191,"Ec_N",187,33,33,"Ec",22,1,0,1,0,1,0.92522428176681
"11194",191,"Ec_N",187,34,34,"Ec",22,1,0,1,0,1,0.92522428176681
"11195",191,"Ec_N",187,35,35,"Ec",22,1,0,1,0,1,0.92522428176681
"11196",191,"Ec_N",187,36,36,"Ec",22,1,0,1,0,1,0.92522428176681
"11197",191,"Ec_N",187,37,37,"Ec",22,1,0,1,0,1,0.92522428176681
"11198",191,"Ec_N",187,38,38,"Ec",22,1,0,1,0,1,0.92522428176681
"11199",191,"Ec_N",187,39,39,"Ec",30,1,0,1,1,1,0.958688519948705
"11200",191,"Ec_N",187,40,40,"Ec",30,1,0,1,1,1,0.958688519948705
"11201",191,"Ec_N",187,41,41,"Ec",30,1,0,1,1,1,0.958688519948705
"11202",191,"Ec_N",187,42,42,"Ec",30,1,0,1,1,1,0.958688519948705
"11203",191,"Ec_N",187,43,43,"Ec",30,1,0,1,1,1,0.958688519948705
"11204",191,"Ec_N",187,44,44,"Ec",30,1,0,1,1,1,0.958688519948705
"11205",191,"Ec_N",187,45,45,"Ec",30,1,0,1,1,1,0.958688519948705
"11206",191,"Ec_N",187,46,46,"Ec",30,1,0,1,1,1,0.958688519948705
"11207",191,"Ec_N",187,47,47,"Ec",30,1,0,1,1,1,0.958688519948705
"11208",191,"Ec_N",187,48,48,"Ec",30,1,0,1,1,1,0.958688519948705
"11209",191,"Ec_N",187,49,49,"Ec",30,1,0,1,1,1,0.958688519948705
"11210",191,"Ec_N",187,50,50,"Ec",30,1,0,1,1,1,0.958688519948705
"11211",191,"Ec_N",187,51,51,"Ec",30,1,0,1,1,1,0.958688519948705
"11212",191,"Ec_N",187,52,52,"Ec",30,1,0,1,1,1,0.958688519948705
"11213",191,"Ec_N",187,53,53,"Ec",30,1,0,1,1,1,0.958688519948705
"11214",191,"Ec_N",187,54,54,"Ec",30,1,0,1,1,1,0.958688519948705
"11215",191,"Ec_N",187,55,55,"Ec",30,1,0,1,1,1,0.958688519948705
"11216",191,"Ec_N",187,56,56,"Ec",30,1,0,1,1,1,0.958688519948705
"11217",191,"Ec_N",187,57,57,"Ec",30,1,0,1,1,1,0.958688519948705
"11218",191,"Ec_N",187,58,58,"Ec",30,1,0,1,1,1,0.958688519948705
"11219",191,"Ec_N",187,59,59,"Ec",30,1,0,1,1,1,0.958688519948705
"11220",191,"Ec_N",187,60,60,"Ec",30,1,0,1,1,1,0.958688519948705
"11221",191,"Ec_N",188,1,1,"Ec",1,0,0,0,0,0,0
"11222",191,"Ec_N",188,2,2,"Ec",1,0,0,0,0,0,0
"11223",191,"Ec_N",188,3,3,"Ec",1,0,0,0,0,0,0
"11224",191,"Ec_N",188,4,4,"Ec",1,0,0,0,0,0,0
"11225",191,"Ec_N",188,5,5,"Ec",1,0,0,0,0,0,0
"11226",191,"Ec_N",188,6,6,"Ec",1,0,0,0,0,0,0
"11227",191,"Ec_N",188,7,7,"Ec",1,0,0,0,0,0,0
"11228",191,"Ec_N",188,8,8,"Ec",1,0,0,0,0,0,0
"11229",191,"Ec_N",188,9,9,"Ec",1,0,0,0,0,0,0
"11230",191,"Ec_N",188,10,10,"Ec",5,0,0,1,0,0,0.49313446766664
"11231",191,"Ec_N",188,11,11,"Ec",5,0,0,1,0,0,0.49313446766664
"11232",191,"Ec_N",188,12,12,"Ec",5,0,0,1,0,0,0.49313446766664
"11233",191,"Ec_N",188,13,13,"Ec",21,0,0,1,0,1,0.726280938342543
"11234",191,"Ec_N",188,14,14,"Ec",21,0,0,1,0,1,0.726280938342543
"11235",191,"Ec_N",188,15,15,"Ec",22,1,0,1,0,1,0.92522428176681
"11236",191,"Ec_N",188,16,16,"Ec",22,1,0,1,0,1,0.92522428176681
"11237",191,"Ec_N",188,17,17,"Ec",24,1,1,1,0,1,0.969458006928044
"11238",191,"Ec_N",188,18,18,"Ec",24,1,1,1,0,1,0.969458006928044
"11239",191,"Ec_N",188,19,19,"Ec",24,1,1,1,0,1,0.969458006928044
"11240",191,"Ec_N",188,20,20,"Ec",24,1,1,1,0,1,0.969458006928044
"11241",191,"Ec_N",188,21,21,"Ec",24,1,1,1,0,1,0.969458006928044
"11242",191,"Ec_N",188,22,22,"Ec",24,1,1,1,0,1,0.969458006928044
"11243",191,"Ec_N",188,23,23,"Ec",24,1,1,1,0,1,0.969458006928044
"11244",191,"Ec_N",188,24,24,"Ec",24,1,1,1,0,1,0.969458006928044
"11245",191,"Ec_N",188,25,25,"Ec",24,1,1,1,0,1,0.969458006928044
"11246",191,"Ec_N",188,26,26,"Ec",24,1,1,1,0,1,0.969458006928044
"11247",191,"Ec_N",188,27,27,"Ec",24,1,1,1,0,1,0.969458006928044
"11248",191,"Ec_N",188,28,28,"Ec",24,1,1,1,0,1,0.969458006928044
"11249",191,"Ec_N",188,29,29,"Ec",24,1,1,1,0,1,0.969458006928044
"11250",191,"Ec_N",188,30,30,"Ec",24,1,1,1,0,1,0.969458006928044
"11251",191,"Ec_N",188,31,31,"Ec",24,1,1,1,0,1,0.969458006928044
"11252",191,"Ec_N",188,32,32,"Ec",24,1,1,1,0,1,0.969458006928044
"11253",191,"Ec_N",188,33,33,"Ec",24,1,1,1,0,1,0.969458006928044
"11254",191,"Ec_N",188,34,34,"Ec",24,1,1,1,0,1,0.969458006928044
"11255",191,"Ec_N",188,35,35,"Ec",24,1,1,1,0,1,0.969458006928044
"11256",191,"Ec_N",188,36,36,"Ec",32,1,1,1,1,1,1
"11257",191,"Ec_N",188,37,37,"Ec",32,1,1,1,1,1,1
"11258",191,"Ec_N",188,38,38,"Ec",32,1,1,1,1,1,1
"11259",191,"Ec_N",188,39,39,"Ec",32,1,1,1,1,1,1
"11260",191,"Ec_N",188,40,40,"Ec",32,1,1,1,1,1,1
"11261",191,"Ec_N",188,41,41,"Ec",32,1,1,1,1,1,1
"11262",191,"Ec_N",188,42,42,"Ec",32,1,1,1,1,1,1
"11263",191,"Ec_N",188,43,43,"Ec",32,1,1,1,1,1,1
"11264",191,"Ec_N",188,44,44,"Ec",32,1,1,1,1,1,1
"11265",191,"Ec_N",188,45,45,"Ec",32,1,1,1,1,1,1
"11266",191,"Ec_N",188,46,46,"Ec",32,1,1,1,1,1,1
"11267",191,"Ec_N",188,47,47,"Ec",32,1,1,1,1,1,1
"11268",191,"Ec_N",188,48,48,"Ec",32,1,1,1,1,1,1
"11269",191,"Ec_N",188,49,49,"Ec",32,1,1,1,1,1,1
"11270",191,"Ec_N",188,50,50,"Ec",32,1,1,1,1,1,1
"11271",191,"Ec_N",188,51,51,"Ec",32,1,1,1,1,1,1
"11272",191,"Ec_N",188,52,52,"Ec",32,1,1,1,1,1,1
"11273",191,"Ec_N",188,53,53,"Ec",32,1,1,1,1,1,1
"11274",191,"Ec_N",188,54,54,"Ec",32,1,1,1,1,1,1
"11275",191,"Ec_N",188,55,55,"Ec",32,1,1,1,1,1,1
"11276",191,"Ec_N",188,56,56,"Ec",32,1,1,1,1,1,1
"11277",191,"Ec_N",188,57,57,"Ec",32,1,1,1,1,1,1
"11278",191,"Ec_N",188,58,58,"Ec",32,1,1,1,1,1,1
"11279",191,"Ec_N",188,59,59,"Ec",32,1,1,1,1,1,1
"11280",191,"Ec_N",188,60,60,"Ec",32,1,1,1,1,1,1
"11281",191,"Ec_N",189,1,1,"Ec",1,0,0,0,0,0,0
"11282",191,"Ec_N",189,2,2,"Ec",9,0,0,0,1,0,0.0305419930719563
"11283",191,"Ec_N",189,3,3,"Ec",9,0,0,0,1,0,0.0305419930719563
"11284",191,"Ec_N",189,4,4,"Ec",13,0,0,1,1,0,0.374679213953716
"11285",191,"Ec_N",189,5,5,"Ec",13,0,0,1,1,0,0.374679213953716
"11286",191,"Ec_N",189,6,6,"Ec",13,0,0,1,1,0,0.374679213953716
"11287",191,"Ec_N",189,7,7,"Ec",13,0,0,1,1,0,0.374679213953716
"11288",191,"Ec_N",189,8,8,"Ec",13,0,0,1,1,0,0.374679213953716
"11289",191,"Ec_N",189,9,9,"Ec",13,0,0,1,1,0,0.374679213953716
"11290",191,"Ec_N",189,10,10,"Ec",13,0,0,1,1,0,0.374679213953716
"11291",191,"Ec_N",189,11,11,"Ec",13,0,0,1,1,0,0.374679213953716
"11292",191,"Ec_N",189,12,12,"Ec",29,0,0,1,1,1,0.760668149402769
"11293",191,"Ec_N",189,13,13,"Ec",29,0,0,1,1,1,0.760668149402769
"11294",191,"Ec_N",189,14,14,"Ec",29,0,0,1,1,1,0.760668149402769
"11295",191,"Ec_N",189,15,15,"Ec",29,0,0,1,1,1,0.760668149402769
"11296",191,"Ec_N",189,16,16,"Ec",29,0,0,1,1,1,0.760668149402769
"11297",191,"Ec_N",189,17,17,"Ec",29,0,0,1,1,1,0.760668149402769
"11298",191,"Ec_N",189,18,18,"Ec",29,0,0,1,1,1,0.760668149402769
"11299",191,"Ec_N",189,19,19,"Ec",29,0,0,1,1,1,0.760668149402769
"11300",191,"Ec_N",189,20,20,"Ec",29,0,0,1,1,1,0.760668149402769
"11301",191,"Ec_N",189,21,21,"Ec",29,0,0,1,1,1,0.760668149402769
"11302",191,"Ec_N",189,22,22,"Ec",29,0,0,1,1,1,0.760668149402769
"11303",191,"Ec_N",189,23,23,"Ec",30,1,0,1,1,1,0.958688519948705
"11304",191,"Ec_N",189,24,24,"Ec",30,1,0,1,1,1,0.958688519948705
"11305",191,"Ec_N",189,25,25,"Ec",30,1,0,1,1,1,0.958688519948705
"11306",191,"Ec_N",189,26,26,"Ec",30,1,0,1,1,1,0.958688519948705
"11307",191,"Ec_N",189,27,27,"Ec",30,1,0,1,1,1,0.958688519948705
"11308",191,"Ec_N",189,28,28,"Ec",30,1,0,1,1,1,0.958688519948705
"11309",191,"Ec_N",189,29,29,"Ec",30,1,0,1,1,1,0.958688519948705
"11310",191,"Ec_N",189,30,30,"Ec",30,1,0,1,1,1,0.958688519948705
"11311",191,"Ec_N",189,31,31,"Ec",30,1,0,1,1,1,0.958688519948705
"11312",191,"Ec_N",189,32,32,"Ec",30,1,0,1,1,1,0.958688519948705
"11313",191,"Ec_N",189,33,33,"Ec",30,1,0,1,1,1,0.958688519948705
"11314",191,"Ec_N",189,34,34,"Ec",30,1,0,1,1,1,0.958688519948705
"11315",191,"Ec_N",189,35,35,"Ec",30,1,0,1,1,1,0.958688519948705
"11316",191,"Ec_N",189,36,36,"Ec",30,1,0,1,1,1,0.958688519948705
"11317",191,"Ec_N",189,37,37,"Ec",30,1,0,1,1,1,0.958688519948705
"11318",191,"Ec_N",189,38,38,"Ec",30,1,0,1,1,1,0.958688519948705
"11319",191,"Ec_N",189,39,39,"Ec",30,1,0,1,1,1,0.958688519948705
"11320",191,"Ec_N",189,40,40,"Ec",30,1,0,1,1,1,0.958688519948705
"11321",191,"Ec_N",189,41,41,"Ec",30,1,0,1,1,1,0.958688519948705
"11322",191,"Ec_N",189,42,42,"Ec",30,1,0,1,1,1,0.958688519948705
"11323",191,"Ec_N",189,43,43,"Ec",30,1,0,1,1,1,0.958688519948705
"11324",191,"Ec_N",189,44,44,"Ec",32,1,1,1,1,1,1
"11325",191,"Ec_N",189,45,45,"Ec",32,1,1,1,1,1,1
"11326",191,"Ec_N",189,46,46,"Ec",32,1,1,1,1,1,1
"11327",191,"Ec_N",189,47,47,"Ec",32,1,1,1,1,1,1
"11328",191,"Ec_N",189,48,48,"Ec",32,1,1,1,1,1,1
"11329",191,"Ec_N",189,49,49,"Ec",32,1,1,1,1,1,1
"11330",191,"Ec_N",189,50,50,"Ec",32,1,1,1,1,1,1
"11331",191,"Ec_N",189,51,51,"Ec",32,1,1,1,1,1,1
"11332",191,"Ec_N",189,52,52,"Ec",32,1,1,1,1,1,1
"11333",191,"Ec_N",189,53,53,"Ec",32,1,1,1,1,1,1
"11334",191,"Ec_N",189,54,54,"Ec",32,1,1,1,1,1,1
"11335",191,"Ec_N",189,55,55,"Ec",32,1,1,1,1,1,1
"11336",191,"Ec_N",189,56,56,"Ec",32,1,1,1,1,1,1
"11337",191,"Ec_N",189,57,57,"Ec",32,1,1,1,1,1,1
"11338",191,"Ec_N",189,58,58,"Ec",32,1,1,1,1,1,1
"11339",191,"Ec_N",189,59,59,"Ec",32,1,1,1,1,1,1
"11340",191,"Ec_N",189,60,60,"Ec",32,1,1,1,1,1,1
"11341",191,"Ec_N",190,1,1,"Ec",1,0,0,0,0,0,0
"11342",191,"Ec_N",190,2,2,"Ec",1,0,0,0,0,0,0
"11343",191,"Ec_N",190,3,3,"Ec",1,0,0,0,0,0,0
"11344",191,"Ec_N",190,4,4,"Ec",1,0,0,0,0,0,0
"11345",191,"Ec_N",190,5,5,"Ec",3,0,1,0,0,0,0.041311480051295
"11346",191,"Ec_N",190,6,6,"Ec",3,0,1,0,0,0,0.041311480051295
"11347",191,"Ec_N",190,7,7,"Ec",3,0,1,0,0,0,0.041311480051295
"11348",191,"Ec_N",190,8,8,"Ec",3,0,1,0,0,0,0.041311480051295
"11349",191,"Ec_N",190,9,9,"Ec",19,0,1,0,0,1,0.427300415500348
"11350",191,"Ec_N",190,10,10,"Ec",19,0,1,0,0,1,0.427300415500348
"11351",191,"Ec_N",190,11,11,"Ec",19,0,1,0,0,1,0.427300415500348
"11352",191,"Ec_N",190,12,12,"Ec",19,0,1,0,0,1,0.427300415500348
"11353",191,"Ec_N",190,13,13,"Ec",19,0,1,0,0,1,0.427300415500348
"11354",191,"Ec_N",190,14,14,"Ec",19,0,1,0,0,1,0.427300415500348
"11355",191,"Ec_N",190,15,15,"Ec",23,0,1,1,0,1,0.616809062130864
"11356",191,"Ec_N",190,16,16,"Ec",23,0,1,1,0,1,0.616809062130864
"11357",191,"Ec_N",190,17,17,"Ec",23,0,1,1,0,1,0.616809062130864
"11358",191,"Ec_N",190,18,18,"Ec",23,0,1,1,0,1,0.616809062130864
"11359",191,"Ec_N",190,19,19,"Ec",23,0,1,1,0,1,0.616809062130864
"11360",191,"Ec_N",190,20,20,"Ec",23,0,1,1,0,1,0.616809062130864
"11361",191,"Ec_N",190,21,21,"Ec",23,0,1,1,0,1,0.616809062130864
"11362",191,"Ec_N",190,22,22,"Ec",23,0,1,1,0,1,0.616809062130864
"11363",191,"Ec_N",190,23,23,"Ec",23,0,1,1,0,1,0.616809062130864
"11364",191,"Ec_N",190,24,24,"Ec",23,0,1,1,0,1,0.616809062130864
"11365",191,"Ec_N",190,25,25,"Ec",23,0,1,1,0,1,0.616809062130864
"11366",191,"Ec_N",190,26,26,"Ec",23,0,1,1,0,1,0.616809062130864
"11367",191,"Ec_N",190,27,27,"Ec",23,0,1,1,0,1,0.616809062130864
"11368",191,"Ec_N",190,28,28,"Ec",23,0,1,1,0,1,0.616809062130864
"11369",191,"Ec_N",190,29,29,"Ec",23,0,1,1,0,1,0.616809062130864
"11370",191,"Ec_N",190,30,30,"Ec",31,0,1,1,1,1,0.801979629454064
"11371",191,"Ec_N",190,31,31,"Ec",31,0,1,1,1,1,0.801979629454064
"11372",191,"Ec_N",190,32,32,"Ec",31,0,1,1,1,1,0.801979629454064
"11373",191,"Ec_N",190,33,33,"Ec",31,0,1,1,1,1,0.801979629454064
"11374",191,"Ec_N",190,34,34,"Ec",31,0,1,1,1,1,0.801979629454064
"11375",191,"Ec_N",190,35,35,"Ec",31,0,1,1,1,1,0.801979629454064
"11376",191,"Ec_N",190,36,36,"Ec",31,0,1,1,1,1,0.801979629454064
"11377",191,"Ec_N",190,37,37,"Ec",31,0,1,1,1,1,0.801979629454064
"11378",191,"Ec_N",190,38,38,"Ec",31,0,1,1,1,1,0.801979629454064
"11379",191,"Ec_N",190,39,39,"Ec",31,0,1,1,1,1,0.801979629454064
"11380",191,"Ec_N",190,40,40,"Ec",31,0,1,1,1,1,0.801979629454064
"11381",191,"Ec_N",190,41,41,"Ec",31,0,1,1,1,1,0.801979629454064
"11382",191,"Ec_N",190,42,42,"Ec",31,0,1,1,1,1,0.801979629454064
"11383",191,"Ec_N",190,43,43,"Ec",31,0,1,1,1,1,0.801979629454064
"11384",191,"Ec_N",190,44,44,"Ec",31,0,1,1,1,1,0.801979629454064
"11385",191,"Ec_N",190,45,45,"Ec",31,0,1,1,1,1,0.801979629454064
"11386",191,"Ec_N",190,46,46,"Ec",31,0,1,1,1,1,0.801979629454064
"11387",191,"Ec_N",190,47,47,"Ec",31,0,1,1,1,1,0.801979629454064
"11388",191,"Ec_N",190,48,48,"Ec",31,0,1,1,1,1,0.801979629454064
"11389",191,"Ec_N",190,49,49,"Ec",31,0,1,1,1,1,0.801979629454064
"11390",191,"Ec_N",190,50,50,"Ec",31,0,1,1,1,1,0.801979629454064
"11391",191,"Ec_N",190,51,51,"Ec",31,0,1,1,1,1,0.801979629454064
"11392",191,"Ec_N",190,52,52,"Ec",31,0,1,1,1,1,0.801979629454064
"11393",191,"Ec_N",190,53,53,"Ec",31,0,1,1,1,1,0.801979629454064
"11394",191,"Ec_N",190,54,54,"Ec",31,0,1,1,1,1,0.801979629454064
"11395",191,"Ec_N",190,55,55,"Ec",31,0,1,1,1,1,0.801979629454064
"11396",191,"Ec_N",190,56,56,"Ec",31,0,1,1,1,1,0.801979629454064
"11397",191,"Ec_N",190,57,57,"Ec",31,0,1,1,1,1,0.801979629454064
"11398",191,"Ec_N",190,58,58,"Ec",31,0,1,1,1,1,0.801979629454064
"11399",191,"Ec_N",190,59,59,"Ec",31,0,1,1,1,1,0.801979629454064
"11400",191,"Ec_N",190,60,60,"Ec",31,0,1,1,1,1,0.801979629454064
"11401",191,"Ec_N",191,1,1,"Ec",1,0,0,0,0,0,0
"11402",191,"Ec_N",191,2,2,"Ec",1,0,0,0,0,0,0
"11403",191,"Ec_N",191,3,3,"Ec",1,0,0,0,0,0,0
"11404",191,"Ec_N",191,4,4,"Ec",17,0,0,0,0,1,0.229834113103391
"11405",191,"Ec_N",191,5,5,"Ec",17,0,0,0,0,1,0.229834113103391
"11406",191,"Ec_N",191,6,6,"Ec",17,0,0,0,0,1,0.229834113103391
"11407",191,"Ec_N",191,7,7,"Ec",17,0,0,0,0,1,0.229834113103391
"11408",191,"Ec_N",191,8,8,"Ec",17,0,0,0,0,1,0.229834113103391
"11409",191,"Ec_N",191,9,9,"Ec",21,0,0,1,0,1,0.726280938342543
"11410",191,"Ec_N",191,10,10,"Ec",21,0,0,1,0,1,0.726280938342543
"11411",191,"Ec_N",191,11,11,"Ec",21,0,0,1,0,1,0.726280938342543
"11412",191,"Ec_N",191,12,12,"Ec",21,0,0,1,0,1,0.726280938342543
"11413",191,"Ec_N",191,13,13,"Ec",21,0,0,1,0,1,0.726280938342543
"11414",191,"Ec_N",191,14,14,"Ec",21,0,0,1,0,1,0.726280938342543
"11415",191,"Ec_N",191,15,15,"Ec",21,0,0,1,0,1,0.726280938342543
"11416",191,"Ec_N",191,16,16,"Ec",21,0,0,1,0,1,0.726280938342543
"11417",191,"Ec_N",191,17,17,"Ec",21,0,0,1,0,1,0.726280938342543
"11418",191,"Ec_N",191,18,18,"Ec",21,0,0,1,0,1,0.726280938342543
"11419",191,"Ec_N",191,19,19,"Ec",29,0,0,1,1,1,0.760668149402769
"11420",191,"Ec_N",191,20,20,"Ec",29,0,0,1,1,1,0.760668149402769
"11421",191,"Ec_N",191,21,21,"Ec",29,0,0,1,1,1,0.760668149402769
"11422",191,"Ec_N",191,22,22,"Ec",29,0,0,1,1,1,0.760668149402769
"11423",191,"Ec_N",191,23,23,"Ec",29,0,0,1,1,1,0.760668149402769
"11424",191,"Ec_N",191,24,24,"Ec",29,0,0,1,1,1,0.760668149402769
"11425",191,"Ec_N",191,25,25,"Ec",29,0,0,1,1,1,0.760668149402769
"11426",191,"Ec_N",191,26,26,"Ec",29,0,0,1,1,1,0.760668149402769
"11427",191,"Ec_N",191,27,27,"Ec",29,0,0,1,1,1,0.760668149402769
"11428",191,"Ec_N",191,28,28,"Ec",29,0,0,1,1,1,0.760668149402769
"11429",191,"Ec_N",191,29,29,"Ec",29,0,0,1,1,1,0.760668149402769
"11430",191,"Ec_N",191,30,30,"Ec",30,1,0,1,1,1,0.958688519948705
"11431",191,"Ec_N",191,31,31,"Ec",30,1,0,1,1,1,0.958688519948705
"11432",191,"Ec_N",191,32,32,"Ec",30,1,0,1,1,1,0.958688519948705
"11433",191,"Ec_N",191,33,33,"Ec",30,1,0,1,1,1,0.958688519948705
"11434",191,"Ec_N",191,34,34,"Ec",30,1,0,1,1,1,0.958688519948705
"11435",191,"Ec_N",191,35,35,"Ec",30,1,0,1,1,1,0.958688519948705
"11436",191,"Ec_N",191,36,36,"Ec",30,1,0,1,1,1,0.958688519948705
"11437",191,"Ec_N",191,37,37,"Ec",30,1,0,1,1,1,0.958688519948705
"11438",191,"Ec_N",191,38,38,"Ec",30,1,0,1,1,1,0.958688519948705
"11439",191,"Ec_N",191,39,39,"Ec",30,1,0,1,1,1,0.958688519948705
"11440",191,"Ec_N",191,40,40,"Ec",30,1,0,1,1,1,0.958688519948705
"11441",191,"Ec_N",191,41,41,"Ec",30,1,0,1,1,1,0.958688519948705
"11442",191,"Ec_N",191,42,42,"Ec",32,1,1,1,1,1,1
"11443",191,"Ec_N",191,43,43,"Ec",32,1,1,1,1,1,1
"11444",191,"Ec_N",191,44,44,"Ec",32,1,1,1,1,1,1
"11445",191,"Ec_N",191,45,45,"Ec",32,1,1,1,1,1,1
"11446",191,"Ec_N",191,46,46,"Ec",32,1,1,1,1,1,1
"11447",191,"Ec_N",191,47,47,"Ec",32,1,1,1,1,1,1
"11448",191,"Ec_N",191,48,48,"Ec",32,1,1,1,1,1,1
"11449",191,"Ec_N",191,49,49,"Ec",32,1,1,1,1,1,1
"11450",191,"Ec_N",191,50,50,"Ec",32,1,1,1,1,1,1
"11451",191,"Ec_N",191,51,51,"Ec",32,1,1,1,1,1,1
"11452",191,"Ec_N",191,52,52,"Ec",32,1,1,1,1,1,1
"11453",191,"Ec_N",191,53,53,"Ec",32,1,1,1,1,1,1
"11454",191,"Ec_N",191,54,54,"Ec",32,1,1,1,1,1,1
"11455",191,"Ec_N",191,55,55,"Ec",32,1,1,1,1,1,1
"11456",191,"Ec_N",191,56,56,"Ec",32,1,1,1,1,1,1
"11457",191,"Ec_N",191,57,57,"Ec",32,1,1,1,1,1,1
"11458",191,"Ec_N",191,58,58,"Ec",32,1,1,1,1,1,1
"11459",191,"Ec_N",191,59,59,"Ec",32,1,1,1,1,1,1
"11460",191,"Ec_N",191,60,60,"Ec",32,1,1,1,1,1,1
"11461",191,"Ec_N",192,1,1,"Ec",1,0,0,0,0,0,0
"11462",191,"Ec_N",192,2,2,"Ec",1,0,0,0,0,0,0
"11463",191,"Ec_N",192,3,3,"Ec",1,0,0,0,0,0,0
"11464",191,"Ec_N",192,4,4,"Ec",3,0,1,0,0,0,0.041311480051295
"11465",191,"Ec_N",192,5,5,"Ec",3,0,1,0,0,0,0.041311480051295
"11466",191,"Ec_N",192,6,6,"Ec",3,0,1,0,0,0,0.041311480051295
"11467",191,"Ec_N",192,7,7,"Ec",7,0,1,1,0,0,0.589282297794007
"11468",191,"Ec_N",192,8,8,"Ec",7,0,1,1,0,0,0.589282297794007
"11469",191,"Ec_N",192,9,9,"Ec",7,0,1,1,0,0,0.589282297794007
"11470",191,"Ec_N",192,10,10,"Ec",7,0,1,1,0,0,0.589282297794007
"11471",191,"Ec_N",192,11,11,"Ec",7,0,1,1,0,0,0.589282297794007
"11472",191,"Ec_N",192,12,12,"Ec",7,0,1,1,0,0,0.589282297794007
"11473",191,"Ec_N",192,13,13,"Ec",7,0,1,1,0,0,0.589282297794007
"11474",191,"Ec_N",192,14,14,"Ec",23,0,1,1,0,1,0.616809062130864
"11475",191,"Ec_N",192,15,15,"Ec",23,0,1,1,0,1,0.616809062130864
"11476",191,"Ec_N",192,16,16,"Ec",23,0,1,1,0,1,0.616809062130864
"11477",191,"Ec_N",192,17,17,"Ec",23,0,1,1,0,1,0.616809062130864
"11478",191,"Ec_N",192,18,18,"Ec",23,0,1,1,0,1,0.616809062130864
"11479",191,"Ec_N",192,19,19,"Ec",23,0,1,1,0,1,0.616809062130864
"11480",191,"Ec_N",192,20,20,"Ec",23,0,1,1,0,1,0.616809062130864
"11481",191,"Ec_N",192,21,21,"Ec",23,0,1,1,0,1,0.616809062130864
"11482",191,"Ec_N",192,22,22,"Ec",23,0,1,1,0,1,0.616809062130864
"11483",191,"Ec_N",192,23,23,"Ec",23,0,1,1,0,1,0.616809062130864
"11484",191,"Ec_N",192,24,24,"Ec",23,0,1,1,0,1,0.616809062130864
"11485",191,"Ec_N",192,25,25,"Ec",23,0,1,1,0,1,0.616809062130864
"11486",191,"Ec_N",192,26,26,"Ec",23,0,1,1,0,1,0.616809062130864
"11487",191,"Ec_N",192,27,27,"Ec",23,0,1,1,0,1,0.616809062130864
"11488",191,"Ec_N",192,28,28,"Ec",23,0,1,1,0,1,0.616809062130864
"11489",191,"Ec_N",192,29,29,"Ec",24,1,1,1,0,1,0.969458006928044
"11490",191,"Ec_N",192,30,30,"Ec",24,1,1,1,0,1,0.969458006928044
"11491",191,"Ec_N",192,31,31,"Ec",24,1,1,1,0,1,0.969458006928044
"11492",191,"Ec_N",192,32,32,"Ec",24,1,1,1,0,1,0.969458006928044
"11493",191,"Ec_N",192,33,33,"Ec",32,1,1,1,1,1,1
"11494",191,"Ec_N",192,34,34,"Ec",32,1,1,1,1,1,1
"11495",191,"Ec_N",192,35,35,"Ec",32,1,1,1,1,1,1
"11496",191,"Ec_N",192,36,36,"Ec",32,1,1,1,1,1,1
"11497",191,"Ec_N",192,37,37,"Ec",32,1,1,1,1,1,1
"11498",191,"Ec_N",192,38,38,"Ec",32,1,1,1,1,1,1
"11499",191,"Ec_N",192,39,39,"Ec",32,1,1,1,1,1,1
"11500",191,"Ec_N",192,40,40,"Ec",32,1,1,1,1,1,1
"11501",191,"Ec_N",192,41,41,"Ec",32,1,1,1,1,1,1
"11502",191,"Ec_N",192,42,42,"Ec",32,1,1,1,1,1,1
"11503",191,"Ec_N",192,43,43,"Ec",32,1,1,1,1,1,1
"11504",191,"Ec_N",192,44,44,"Ec",32,1,1,1,1,1,1
"11505",191,"Ec_N",192,45,45,"Ec",32,1,1,1,1,1,1
"11506",191,"Ec_N",192,46,46,"Ec",32,1,1,1,1,1,1
"11507",191,"Ec_N",192,47,47,"Ec",32,1,1,1,1,1,1
"11508",191,"Ec_N",192,48,48,"Ec",32,1,1,1,1,1,1
"11509",191,"Ec_N",192,49,49,"Ec",32,1,1,1,1,1,1
"11510",191,"Ec_N",192,50,50,"Ec",32,1,1,1,1,1,1
"11511",191,"Ec_N",192,51,51,"Ec",32,1,1,1,1,1,1
"11512",191,"Ec_N",192,52,52,"Ec",32,1,1,1,1,1,1
"11513",191,"Ec_N",192,53,53,"Ec",32,1,1,1,1,1,1
"11514",191,"Ec_N",192,54,54,"Ec",32,1,1,1,1,1,1
"11515",191,"Ec_N",192,55,55,"Ec",32,1,1,1,1,1,1
"11516",191,"Ec_N",192,56,56,"Ec",32,1,1,1,1,1,1
"11517",191,"Ec_N",192,57,57,"Ec",32,1,1,1,1,1,1
"11518",191,"Ec_N",192,58,58,"Ec",32,1,1,1,1,1,1
"11519",191,"Ec_N",192,59,59,"Ec",32,1,1,1,1,1,1
"11520",191,"Ec_N",192,60,60,"Ec",32,1,1,1,1,1,1
"11521",191,"Ec_N",193,1,1,"Ec",1,0,0,0,0,0,0
"11522",191,"Ec_N",193,2,2,"Ec",1,0,0,0,0,0,0
"11523",191,"Ec_N",193,3,3,"Ec",1,0,0,0,0,0,0
"11524",191,"Ec_N",193,4,4,"Ec",1,0,0,0,0,0,0
"11525",191,"Ec_N",193,5,5,"Ec",1,0,0,0,0,0,0
"11526",191,"Ec_N",193,6,6,"Ec",17,0,0,0,0,1,0.229834113103391
"11527",191,"Ec_N",193,7,7,"Ec",21,0,0,1,0,1,0.726280938342543
"11528",191,"Ec_N",193,8,8,"Ec",21,0,0,1,0,1,0.726280938342543
"11529",191,"Ec_N",193,9,9,"Ec",21,0,0,1,0,1,0.726280938342543
"11530",191,"Ec_N",193,10,10,"Ec",22,1,0,1,0,1,0.92522428176681
"11531",191,"Ec_N",193,11,11,"Ec",22,1,0,1,0,1,0.92522428176681
"11532",191,"Ec_N",193,12,12,"Ec",22,1,0,1,0,1,0.92522428176681
"11533",191,"Ec_N",193,13,13,"Ec",22,1,0,1,0,1,0.92522428176681
"11534",191,"Ec_N",193,14,14,"Ec",22,1,0,1,0,1,0.92522428176681
"11535",191,"Ec_N",193,15,15,"Ec",22,1,0,1,0,1,0.92522428176681
"11536",191,"Ec_N",193,16,16,"Ec",22,1,0,1,0,1,0.92522428176681
"11537",191,"Ec_N",193,17,17,"Ec",22,1,0,1,0,1,0.92522428176681
"11538",191,"Ec_N",193,18,18,"Ec",22,1,0,1,0,1,0.92522428176681
"11539",191,"Ec_N",193,19,19,"Ec",22,1,0,1,0,1,0.92522428176681
"11540",191,"Ec_N",193,20,20,"Ec",30,1,0,1,1,1,0.958688519948705
"11541",191,"Ec_N",193,21,21,"Ec",30,1,0,1,1,1,0.958688519948705
"11542",191,"Ec_N",193,22,22,"Ec",30,1,0,1,1,1,0.958688519948705
"11543",191,"Ec_N",193,23,23,"Ec",30,1,0,1,1,1,0.958688519948705
"11544",191,"Ec_N",193,24,24,"Ec",30,1,0,1,1,1,0.958688519948705
"11545",191,"Ec_N",193,25,25,"Ec",30,1,0,1,1,1,0.958688519948705
"11546",191,"Ec_N",193,26,26,"Ec",30,1,0,1,1,1,0.958688519948705
"11547",191,"Ec_N",193,27,27,"Ec",30,1,0,1,1,1,0.958688519948705
"11548",191,"Ec_N",193,28,28,"Ec",30,1,0,1,1,1,0.958688519948705
"11549",191,"Ec_N",193,29,29,"Ec",30,1,0,1,1,1,0.958688519948705
"11550",191,"Ec_N",193,30,30,"Ec",30,1,0,1,1,1,0.958688519948705
"11551",191,"Ec_N",193,31,31,"Ec",30,1,0,1,1,1,0.958688519948705
"11552",191,"Ec_N",193,32,32,"Ec",30,1,0,1,1,1,0.958688519948705
"11553",191,"Ec_N",193,33,33,"Ec",32,1,1,1,1,1,1
"11554",191,"Ec_N",193,34,34,"Ec",32,1,1,1,1,1,1
"11555",191,"Ec_N",193,35,35,"Ec",32,1,1,1,1,1,1
"11556",191,"Ec_N",193,36,36,"Ec",32,1,1,1,1,1,1
"11557",191,"Ec_N",193,37,37,"Ec",32,1,1,1,1,1,1
"11558",191,"Ec_N",193,38,38,"Ec",32,1,1,1,1,1,1
"11559",191,"Ec_N",193,39,39,"Ec",32,1,1,1,1,1,1
"11560",191,"Ec_N",193,40,40,"Ec",32,1,1,1,1,1,1
"11561",191,"Ec_N",193,41,41,"Ec",32,1,1,1,1,1,1
"11562",191,"Ec_N",193,42,42,"Ec",32,1,1,1,1,1,1
"11563",191,"Ec_N",193,43,43,"Ec",32,1,1,1,1,1,1
"11564",191,"Ec_N",193,44,44,"Ec",32,1,1,1,1,1,1
"11565",191,"Ec_N",193,45,45,"Ec",32,1,1,1,1,1,1
"11566",191,"Ec_N",193,46,46,"Ec",32,1,1,1,1,1,1
"11567",191,"Ec_N",193,47,47,"Ec",32,1,1,1,1,1,1
"11568",191,"Ec_N",193,48,48,"Ec",32,1,1,1,1,1,1
"11569",191,"Ec_N",193,49,49,"Ec",32,1,1,1,1,1,1
"11570",191,"Ec_N",193,50,50,"Ec",32,1,1,1,1,1,1
"11571",191,"Ec_N",193,51,51,"Ec",32,1,1,1,1,1,1
"11572",191,"Ec_N",193,52,52,"Ec",32,1,1,1,1,1,1
"11573",191,"Ec_N",193,53,53,"Ec",32,1,1,1,1,1,1
"11574",191,"Ec_N",193,54,54,"Ec",32,1,1,1,1,1,1
"11575",191,"Ec_N",193,55,55,"Ec",32,1,1,1,1,1,1
"11576",191,"Ec_N",193,56,56,"Ec",32,1,1,1,1,1,1
"11577",191,"Ec_N",193,57,57,"Ec",32,1,1,1,1,1,1
"11578",191,"Ec_N",193,58,58,"Ec",32,1,1,1,1,1,1
"11579",191,"Ec_N",193,59,59,"Ec",32,1,1,1,1,1,1
"11580",191,"Ec_N",193,60,60,"Ec",32,1,1,1,1,1,1
"11581",191,"Ec_N",194,1,1,"Ec",1,0,0,0,0,0,0
"11582",191,"Ec_N",194,2,2,"Ec",1,0,0,0,0,0,0
"11583",191,"Ec_N",194,3,3,"Ec",1,0,0,0,0,0,0
"11584",191,"Ec_N",194,4,4,"Ec",1,0,0,0,0,0,0
"11585",191,"Ec_N",194,5,5,"Ec",5,0,0,1,0,0,0.49313446766664
"11586",191,"Ec_N",194,6,6,"Ec",7,0,1,1,0,0,0.589282297794007
"11587",191,"Ec_N",194,7,7,"Ec",7,0,1,1,0,0,0.589282297794007
"11588",191,"Ec_N",194,8,8,"Ec",7,0,1,1,0,0,0.589282297794007
"11589",191,"Ec_N",194,9,9,"Ec",7,0,1,1,0,0,0.589282297794007
"11590",191,"Ec_N",194,10,10,"Ec",7,0,1,1,0,0,0.589282297794007
"11591",191,"Ec_N",194,11,11,"Ec",7,0,1,1,0,0,0.589282297794007
"11592",191,"Ec_N",194,12,12,"Ec",7,0,1,1,0,0,0.589282297794007
"11593",191,"Ec_N",194,13,13,"Ec",7,0,1,1,0,0,0.589282297794007
"11594",191,"Ec_N",194,14,14,"Ec",7,0,1,1,0,0,0.589282297794007
"11595",191,"Ec_N",194,15,15,"Ec",7,0,1,1,0,0,0.589282297794007
"11596",191,"Ec_N",194,16,16,"Ec",7,0,1,1,0,0,0.589282297794007
"11597",191,"Ec_N",194,17,17,"Ec",7,0,1,1,0,0,0.589282297794007
"11598",191,"Ec_N",194,18,18,"Ec",7,0,1,1,0,0,0.589282297794007
"11599",191,"Ec_N",194,19,19,"Ec",7,0,1,1,0,0,0.589282297794007
"11600",191,"Ec_N",194,20,20,"Ec",7,0,1,1,0,0,0.589282297794007
"11601",191,"Ec_N",194,21,21,"Ec",7,0,1,1,0,0,0.589282297794007
"11602",191,"Ec_N",194,22,22,"Ec",7,0,1,1,0,0,0.589282297794007
"11603",191,"Ec_N",194,23,23,"Ec",7,0,1,1,0,0,0.589282297794007
"11604",191,"Ec_N",194,24,24,"Ec",7,0,1,1,0,0,0.589282297794007
"11605",191,"Ec_N",194,25,25,"Ec",7,0,1,1,0,0,0.589282297794007
"11606",191,"Ec_N",194,26,26,"Ec",7,0,1,1,0,0,0.589282297794007
"11607",191,"Ec_N",194,27,27,"Ec",7,0,1,1,0,0,0.589282297794007
"11608",191,"Ec_N",194,28,28,"Ec",7,0,1,1,0,0,0.589282297794007
"11609",191,"Ec_N",194,29,29,"Ec",7,0,1,1,0,0,0.589282297794007
"11610",191,"Ec_N",194,30,30,"Ec",7,0,1,1,0,0,0.589282297794007
"11611",191,"Ec_N",194,31,31,"Ec",7,0,1,1,0,0,0.589282297794007
"11612",191,"Ec_N",194,32,32,"Ec",7,0,1,1,0,0,0.589282297794007
"11613",191,"Ec_N",194,33,33,"Ec",7,0,1,1,0,0,0.589282297794007
"11614",191,"Ec_N",194,34,34,"Ec",7,0,1,1,0,0,0.589282297794007
"11615",191,"Ec_N",194,35,35,"Ec",7,0,1,1,0,0,0.589282297794007
"11616",191,"Ec_N",194,36,36,"Ec",7,0,1,1,0,0,0.589282297794007
"11617",191,"Ec_N",194,37,37,"Ec",7,0,1,1,0,0,0.589282297794007
"11618",191,"Ec_N",194,38,38,"Ec",7,0,1,1,0,0,0.589282297794007
"11619",191,"Ec_N",194,39,39,"Ec",7,0,1,1,0,0,0.589282297794007
"11620",191,"Ec_N",194,40,40,"Ec",7,0,1,1,0,0,0.589282297794007
"11621",191,"Ec_N",194,41,41,"Ec",7,0,1,1,0,0,0.589282297794007
"11622",191,"Ec_N",194,42,42,"Ec",23,0,1,1,0,1,0.616809062130864
"11623",191,"Ec_N",194,43,43,"Ec",23,0,1,1,0,1,0.616809062130864
"11624",191,"Ec_N",194,44,44,"Ec",23,0,1,1,0,1,0.616809062130864
"11625",191,"Ec_N",194,45,45,"Ec",23,0,1,1,0,1,0.616809062130864
"11626",191,"Ec_N",194,46,46,"Ec",23,0,1,1,0,1,0.616809062130864
"11627",191,"Ec_N",194,47,47,"Ec",23,0,1,1,0,1,0.616809062130864
"11628",191,"Ec_N",194,48,48,"Ec",24,1,1,1,0,1,0.969458006928044
"11629",191,"Ec_N",194,49,49,"Ec",32,1,1,1,1,1,1
"11630",191,"Ec_N",194,50,50,"Ec",32,1,1,1,1,1,1
"11631",191,"Ec_N",194,51,51,"Ec",32,1,1,1,1,1,1
"11632",191,"Ec_N",194,52,52,"Ec",32,1,1,1,1,1,1
"11633",191,"Ec_N",194,53,53,"Ec",32,1,1,1,1,1,1
"11634",191,"Ec_N",194,54,54,"Ec",32,1,1,1,1,1,1
"11635",191,"Ec_N",194,55,55,"Ec",32,1,1,1,1,1,1
"11636",191,"Ec_N",194,56,56,"Ec",32,1,1,1,1,1,1
"11637",191,"Ec_N",194,57,57,"Ec",32,1,1,1,1,1,1
"11638",191,"Ec_N",194,58,58,"Ec",32,1,1,1,1,1,1
"11639",191,"Ec_N",194,59,59,"Ec",32,1,1,1,1,1,1
"11640",191,"Ec_N",194,60,60,"Ec",32,1,1,1,1,1,1
"11641",191,"Ec_N",195,1,1,"Ec",1,0,0,0,0,0,0
"11642",191,"Ec_N",195,2,2,"Ec",1,0,0,0,0,0,0
"11643",191,"Ec_N",195,3,3,"Ec",1,0,0,0,0,0,0
"11644",191,"Ec_N",195,4,4,"Ec",5,0,0,1,0,0,0.49313446766664
"11645",191,"Ec_N",195,5,5,"Ec",5,0,0,1,0,0,0.49313446766664
"11646",191,"Ec_N",195,6,6,"Ec",5,0,0,1,0,0,0.49313446766664
"11647",191,"Ec_N",195,7,7,"Ec",5,0,0,1,0,0,0.49313446766664
"11648",191,"Ec_N",195,8,8,"Ec",5,0,0,1,0,0,0.49313446766664
"11649",191,"Ec_N",195,9,9,"Ec",5,0,0,1,0,0,0.49313446766664
"11650",191,"Ec_N",195,10,10,"Ec",5,0,0,1,0,0,0.49313446766664
"11651",191,"Ec_N",195,11,11,"Ec",5,0,0,1,0,0,0.49313446766664
"11652",191,"Ec_N",195,12,12,"Ec",5,0,0,1,0,0,0.49313446766664
"11653",191,"Ec_N",195,13,13,"Ec",5,0,0,1,0,0,0.49313446766664
"11654",191,"Ec_N",195,14,14,"Ec",5,0,0,1,0,0,0.49313446766664
"11655",191,"Ec_N",195,15,15,"Ec",5,0,0,1,0,0,0.49313446766664
"11656",191,"Ec_N",195,16,16,"Ec",5,0,0,1,0,0,0.49313446766664
"11657",191,"Ec_N",195,17,17,"Ec",5,0,0,1,0,0,0.49313446766664
"11658",191,"Ec_N",195,18,18,"Ec",5,0,0,1,0,0,0.49313446766664
"11659",191,"Ec_N",195,19,19,"Ec",5,0,0,1,0,0,0.49313446766664
"11660",191,"Ec_N",195,20,20,"Ec",5,0,0,1,0,0,0.49313446766664
"11661",191,"Ec_N",195,21,21,"Ec",5,0,0,1,0,0,0.49313446766664
"11662",191,"Ec_N",195,22,22,"Ec",5,0,0,1,0,0,0.49313446766664
"11663",191,"Ec_N",195,23,23,"Ec",5,0,0,1,0,0,0.49313446766664
"11664",191,"Ec_N",195,24,24,"Ec",5,0,0,1,0,0,0.49313446766664
"11665",191,"Ec_N",195,25,25,"Ec",21,0,0,1,0,1,0.726280938342543
"11666",191,"Ec_N",195,26,26,"Ec",21,0,0,1,0,1,0.726280938342543
"11667",191,"Ec_N",195,27,27,"Ec",21,0,0,1,0,1,0.726280938342543
"11668",191,"Ec_N",195,28,28,"Ec",21,0,0,1,0,1,0.726280938342543
"11669",191,"Ec_N",195,29,29,"Ec",21,0,0,1,0,1,0.726280938342543
"11670",191,"Ec_N",195,30,30,"Ec",21,0,0,1,0,1,0.726280938342543
"11671",191,"Ec_N",195,31,31,"Ec",21,0,0,1,0,1,0.726280938342543
"11672",191,"Ec_N",195,32,32,"Ec",21,0,0,1,0,1,0.726280938342543
"11673",191,"Ec_N",195,33,33,"Ec",21,0,0,1,0,1,0.726280938342543
"11674",191,"Ec_N",195,34,34,"Ec",29,0,0,1,1,1,0.760668149402769
"11675",191,"Ec_N",195,35,35,"Ec",29,0,0,1,1,1,0.760668149402769
"11676",191,"Ec_N",195,36,36,"Ec",29,0,0,1,1,1,0.760668149402769
"11677",191,"Ec_N",195,37,37,"Ec",29,0,0,1,1,1,0.760668149402769
"11678",191,"Ec_N",195,38,38,"Ec",29,0,0,1,1,1,0.760668149402769
"11679",191,"Ec_N",195,39,39,"Ec",29,0,0,1,1,1,0.760668149402769
"11680",191,"Ec_N",195,40,40,"Ec",29,0,0,1,1,1,0.760668149402769
"11681",191,"Ec_N",195,41,41,"Ec",29,0,0,1,1,1,0.760668149402769
"11682",191,"Ec_N",195,42,42,"Ec",29,0,0,1,1,1,0.760668149402769
"11683",191,"Ec_N",195,43,43,"Ec",29,0,0,1,1,1,0.760668149402769
"11684",191,"Ec_N",195,44,44,"Ec",29,0,0,1,1,1,0.760668149402769
"11685",191,"Ec_N",195,45,45,"Ec",29,0,0,1,1,1,0.760668149402769
"11686",191,"Ec_N",195,46,46,"Ec",30,1,0,1,1,1,0.958688519948705
"11687",191,"Ec_N",195,47,47,"Ec",30,1,0,1,1,1,0.958688519948705
"11688",191,"Ec_N",195,48,48,"Ec",32,1,1,1,1,1,1
"11689",191,"Ec_N",195,49,49,"Ec",32,1,1,1,1,1,1
"11690",191,"Ec_N",195,50,50,"Ec",32,1,1,1,1,1,1
"11691",191,"Ec_N",195,51,51,"Ec",32,1,1,1,1,1,1
"11692",191,"Ec_N",195,52,52,"Ec",32,1,1,1,1,1,1
"11693",191,"Ec_N",195,53,53,"Ec",32,1,1,1,1,1,1
"11694",191,"Ec_N",195,54,54,"Ec",32,1,1,1,1,1,1
"11695",191,"Ec_N",195,55,55,"Ec",32,1,1,1,1,1,1
"11696",191,"Ec_N",195,56,56,"Ec",32,1,1,1,1,1,1
"11697",191,"Ec_N",195,57,57,"Ec",32,1,1,1,1,1,1
"11698",191,"Ec_N",195,58,58,"Ec",32,1,1,1,1,1,1
"11699",191,"Ec_N",195,59,59,"Ec",32,1,1,1,1,1,1
"11700",191,"Ec_N",195,60,60,"Ec",32,1,1,1,1,1,1
"11701",191,"Ec_N",196,1,1,"Ec",1,0,0,0,0,0,0
"11702",191,"Ec_N",196,2,2,"Ec",1,0,0,0,0,0,0
"11703",191,"Ec_N",196,3,3,"Ec",1,0,0,0,0,0,0
"11704",191,"Ec_N",196,4,4,"Ec",1,0,0,0,0,0,0
"11705",191,"Ec_N",196,5,5,"Ec",1,0,0,0,0,0,0
"11706",191,"Ec_N",196,6,6,"Ec",5,0,0,1,0,0,0.49313446766664
"11707",191,"Ec_N",196,7,7,"Ec",5,0,0,1,0,0,0.49313446766664
"11708",191,"Ec_N",196,8,8,"Ec",5,0,0,1,0,0,0.49313446766664
"11709",191,"Ec_N",196,9,9,"Ec",21,0,0,1,0,1,0.726280938342543
"11710",191,"Ec_N",196,10,10,"Ec",21,0,0,1,0,1,0.726280938342543
"11711",191,"Ec_N",196,11,11,"Ec",22,1,0,1,0,1,0.92522428176681
"11712",191,"Ec_N",196,12,12,"Ec",22,1,0,1,0,1,0.92522428176681
"11713",191,"Ec_N",196,13,13,"Ec",22,1,0,1,0,1,0.92522428176681
"11714",191,"Ec_N",196,14,14,"Ec",22,1,0,1,0,1,0.92522428176681
"11715",191,"Ec_N",196,15,15,"Ec",22,1,0,1,0,1,0.92522428176681
"11716",191,"Ec_N",196,16,16,"Ec",22,1,0,1,0,1,0.92522428176681
"11717",191,"Ec_N",196,17,17,"Ec",22,1,0,1,0,1,0.92522428176681
"11718",191,"Ec_N",196,18,18,"Ec",22,1,0,1,0,1,0.92522428176681
"11719",191,"Ec_N",196,19,19,"Ec",22,1,0,1,0,1,0.92522428176681
"11720",191,"Ec_N",196,20,20,"Ec",22,1,0,1,0,1,0.92522428176681
"11721",191,"Ec_N",196,21,21,"Ec",22,1,0,1,0,1,0.92522428176681
"11722",191,"Ec_N",196,22,22,"Ec",22,1,0,1,0,1,0.92522428176681
"11723",191,"Ec_N",196,23,23,"Ec",22,1,0,1,0,1,0.92522428176681
"11724",191,"Ec_N",196,24,24,"Ec",22,1,0,1,0,1,0.92522428176681
"11725",191,"Ec_N",196,25,25,"Ec",22,1,0,1,0,1,0.92522428176681
"11726",191,"Ec_N",196,26,26,"Ec",22,1,0,1,0,1,0.92522428176681
"11727",191,"Ec_N",196,27,27,"Ec",22,1,0,1,0,1,0.92522428176681
"11728",191,"Ec_N",196,28,28,"Ec",30,1,0,1,1,1,0.958688519948705
"11729",191,"Ec_N",196,29,29,"Ec",32,1,1,1,1,1,1
"11730",191,"Ec_N",196,30,30,"Ec",32,1,1,1,1,1,1
"11731",191,"Ec_N",196,31,31,"Ec",32,1,1,1,1,1,1
"11732",191,"Ec_N",196,32,32,"Ec",32,1,1,1,1,1,1
"11733",191,"Ec_N",196,33,33,"Ec",32,1,1,1,1,1,1
"11734",191,"Ec_N",196,34,34,"Ec",32,1,1,1,1,1,1
"11735",191,"Ec_N",196,35,35,"Ec",32,1,1,1,1,1,1
"11736",191,"Ec_N",196,36,36,"Ec",32,1,1,1,1,1,1
"11737",191,"Ec_N",196,37,37,"Ec",32,1,1,1,1,1,1
"11738",191,"Ec_N",196,38,38,"Ec",32,1,1,1,1,1,1
"11739",191,"Ec_N",196,39,39,"Ec",32,1,1,1,1,1,1
"11740",191,"Ec_N",196,40,40,"Ec",32,1,1,1,1,1,1
"11741",191,"Ec_N",196,41,41,"Ec",32,1,1,1,1,1,1
"11742",191,"Ec_N",196,42,42,"Ec",32,1,1,1,1,1,1
"11743",191,"Ec_N",196,43,43,"Ec",32,1,1,1,1,1,1
"11744",191,"Ec_N",196,44,44,"Ec",32,1,1,1,1,1,1
"11745",191,"Ec_N",196,45,45,"Ec",32,1,1,1,1,1,1
"11746",191,"Ec_N",196,46,46,"Ec",32,1,1,1,1,1,1
"11747",191,"Ec_N",196,47,47,"Ec",32,1,1,1,1,1,1
"11748",191,"Ec_N",196,48,48,"Ec",32,1,1,1,1,1,1
"11749",191,"Ec_N",196,49,49,"Ec",32,1,1,1,1,1,1
"11750",191,"Ec_N",196,50,50,"Ec",32,1,1,1,1,1,1
"11751",191,"Ec_N",196,51,51,"Ec",32,1,1,1,1,1,1
"11752",191,"Ec_N",196,52,52,"Ec",32,1,1,1,1,1,1
"11753",191,"Ec_N",196,53,53,"Ec",32,1,1,1,1,1,1
"11754",191,"Ec_N",196,54,54,"Ec",32,1,1,1,1,1,1
"11755",191,"Ec_N",196,55,55,"Ec",32,1,1,1,1,1,1
"11756",191,"Ec_N",196,56,56,"Ec",32,1,1,1,1,1,1
"11757",191,"Ec_N",196,57,57,"Ec",32,1,1,1,1,1,1
"11758",191,"Ec_N",196,58,58,"Ec",32,1,1,1,1,1,1
"11759",191,"Ec_N",196,59,59,"Ec",32,1,1,1,1,1,1
"11760",191,"Ec_N",196,60,60,"Ec",32,1,1,1,1,1,1
"11761",191,"Ec_N",197,1,1,"Ec",1,0,0,0,0,0,0
"11762",191,"Ec_N",197,2,2,"Ec",1,0,0,0,0,0,0
"11763",191,"Ec_N",197,3,3,"Ec",1,0,0,0,0,0,0
"11764",191,"Ec_N",197,4,4,"Ec",3,0,1,0,0,0,0.041311480051295
"11765",191,"Ec_N",197,5,5,"Ec",3,0,1,0,0,0,0.041311480051295
"11766",191,"Ec_N",197,6,6,"Ec",3,0,1,0,0,0,0.041311480051295
"11767",191,"Ec_N",197,7,7,"Ec",3,0,1,0,0,0,0.041311480051295
"11768",191,"Ec_N",197,8,8,"Ec",3,0,1,0,0,0,0.041311480051295
"11769",191,"Ec_N",197,9,9,"Ec",3,0,1,0,0,0,0.041311480051295
"11770",191,"Ec_N",197,10,10,"Ec",3,0,1,0,0,0,0.041311480051295
"11771",191,"Ec_N",197,11,11,"Ec",19,0,1,0,0,1,0.427300415500348
"11772",191,"Ec_N",197,12,12,"Ec",19,0,1,0,0,1,0.427300415500348
"11773",191,"Ec_N",197,13,13,"Ec",19,0,1,0,0,1,0.427300415500348
"11774",191,"Ec_N",197,14,14,"Ec",20,1,1,0,0,1,0.610298755308086
"11775",191,"Ec_N",197,15,15,"Ec",20,1,1,0,0,1,0.610298755308086
"11776",191,"Ec_N",197,16,16,"Ec",20,1,1,0,0,1,0.610298755308086
"11777",191,"Ec_N",197,17,17,"Ec",20,1,1,0,0,1,0.610298755308086
"11778",191,"Ec_N",197,18,18,"Ec",20,1,1,0,0,1,0.610298755308086
"11779",191,"Ec_N",197,19,19,"Ec",20,1,1,0,0,1,0.610298755308086
"11780",191,"Ec_N",197,20,20,"Ec",20,1,1,0,0,1,0.610298755308086
"11781",191,"Ec_N",197,21,21,"Ec",20,1,1,0,0,1,0.610298755308086
"11782",191,"Ec_N",197,22,22,"Ec",20,1,1,0,0,1,0.610298755308086
"11783",191,"Ec_N",197,23,23,"Ec",28,1,1,0,1,1,0.681047421119041
"11784",191,"Ec_N",197,24,24,"Ec",28,1,1,0,1,1,0.681047421119041
"11785",191,"Ec_N",197,25,25,"Ec",28,1,1,0,1,1,0.681047421119041
"11786",191,"Ec_N",197,26,26,"Ec",28,1,1,0,1,1,0.681047421119041
"11787",191,"Ec_N",197,27,27,"Ec",28,1,1,0,1,1,0.681047421119041
"11788",191,"Ec_N",197,28,28,"Ec",32,1,1,1,1,1,1
"11789",191,"Ec_N",197,29,29,"Ec",32,1,1,1,1,1,1
"11790",191,"Ec_N",197,30,30,"Ec",32,1,1,1,1,1,1
"11791",191,"Ec_N",197,31,31,"Ec",32,1,1,1,1,1,1
"11792",191,"Ec_N",197,32,32,"Ec",32,1,1,1,1,1,1
"11793",191,"Ec_N",197,33,33,"Ec",32,1,1,1,1,1,1
"11794",191,"Ec_N",197,34,34,"Ec",32,1,1,1,1,1,1
"11795",191,"Ec_N",197,35,35,"Ec",32,1,1,1,1,1,1
"11796",191,"Ec_N",197,36,36,"Ec",32,1,1,1,1,1,1
"11797",191,"Ec_N",197,37,37,"Ec",32,1,1,1,1,1,1
"11798",191,"Ec_N",197,38,38,"Ec",32,1,1,1,1,1,1
"11799",191,"Ec_N",197,39,39,"Ec",32,1,1,1,1,1,1
"11800",191,"Ec_N",197,40,40,"Ec",32,1,1,1,1,1,1
"11801",191,"Ec_N",197,41,41,"Ec",32,1,1,1,1,1,1
"11802",191,"Ec_N",197,42,42,"Ec",32,1,1,1,1,1,1
"11803",191,"Ec_N",197,43,43,"Ec",32,1,1,1,1,1,1
"11804",191,"Ec_N",197,44,44,"Ec",32,1,1,1,1,1,1
"11805",191,"Ec_N",197,45,45,"Ec",32,1,1,1,1,1,1
"11806",191,"Ec_N",197,46,46,"Ec",32,1,1,1,1,1,1
"11807",191,"Ec_N",197,47,47,"Ec",32,1,1,1,1,1,1
"11808",191,"Ec_N",197,48,48,"Ec",32,1,1,1,1,1,1
"11809",191,"Ec_N",197,49,49,"Ec",32,1,1,1,1,1,1
"11810",191,"Ec_N",197,50,50,"Ec",32,1,1,1,1,1,1
"11811",191,"Ec_N",197,51,51,"Ec",32,1,1,1,1,1,1
"11812",191,"Ec_N",197,52,52,"Ec",32,1,1,1,1,1,1
"11813",191,"Ec_N",197,53,53,"Ec",32,1,1,1,1,1,1
"11814",191,"Ec_N",197,54,54,"Ec",32,1,1,1,1,1,1
"11815",191,"Ec_N",197,55,55,"Ec",32,1,1,1,1,1,1
"11816",191,"Ec_N",197,56,56,"Ec",32,1,1,1,1,1,1
"11817",191,"Ec_N",197,57,57,"Ec",32,1,1,1,1,1,1
"11818",191,"Ec_N",197,58,58,"Ec",32,1,1,1,1,1,1
"11819",191,"Ec_N",197,59,59,"Ec",32,1,1,1,1,1,1
"11820",191,"Ec_N",197,60,60,"Ec",32,1,1,1,1,1,1
"11821",191,"Ec_N",198,1,1,"Ec",1,0,0,0,0,0,0
"11822",191,"Ec_N",198,2,2,"Ec",1,0,0,0,0,0,0
"11823",191,"Ec_N",198,3,3,"Ec",1,0,0,0,0,0,0
"11824",191,"Ec_N",198,4,4,"Ec",1,0,0,0,0,0,0
"11825",191,"Ec_N",198,5,5,"Ec",1,0,0,0,0,0,0
"11826",191,"Ec_N",198,6,6,"Ec",1,0,0,0,0,0,0
"11827",191,"Ec_N",198,7,7,"Ec",1,0,0,0,0,0,0
"11828",191,"Ec_N",198,8,8,"Ec",1,0,0,0,0,0,0
"11829",191,"Ec_N",198,9,9,"Ec",1,0,0,0,0,0,0
"11830",191,"Ec_N",198,10,10,"Ec",17,0,0,0,0,1,0.229834113103391
"11831",191,"Ec_N",198,11,11,"Ec",17,0,0,0,0,1,0.229834113103391
"11832",191,"Ec_N",198,12,12,"Ec",17,0,0,0,0,1,0.229834113103391
"11833",191,"Ec_N",198,13,13,"Ec",17,0,0,0,0,1,0.229834113103391
"11834",191,"Ec_N",198,14,14,"Ec",17,0,0,0,0,1,0.229834113103391
"11835",191,"Ec_N",198,15,15,"Ec",17,0,0,0,0,1,0.229834113103391
"11836",191,"Ec_N",198,16,16,"Ec",17,0,0,0,0,1,0.229834113103391
"11837",191,"Ec_N",198,17,17,"Ec",17,0,0,0,0,1,0.229834113103391
"11838",191,"Ec_N",198,18,18,"Ec",25,0,0,0,1,1,0.403163568932085
"11839",191,"Ec_N",198,19,19,"Ec",25,0,0,0,1,1,0.403163568932085
"11840",191,"Ec_N",198,20,20,"Ec",25,0,0,0,1,1,0.403163568932085
"11841",191,"Ec_N",198,21,21,"Ec",25,0,0,0,1,1,0.403163568932085
"11842",191,"Ec_N",198,22,22,"Ec",25,0,0,0,1,1,0.403163568932085
"11843",191,"Ec_N",198,23,23,"Ec",26,1,0,0,1,1,0.514384015075299
"11844",191,"Ec_N",198,24,24,"Ec",26,1,0,0,1,1,0.514384015075299
"11845",191,"Ec_N",198,25,25,"Ec",26,1,0,0,1,1,0.514384015075299
"11846",191,"Ec_N",198,26,26,"Ec",26,1,0,0,1,1,0.514384015075299
"11847",191,"Ec_N",198,27,27,"Ec",26,1,0,0,1,1,0.514384015075299
"11848",191,"Ec_N",198,28,28,"Ec",26,1,0,0,1,1,0.514384015075299
"11849",191,"Ec_N",198,29,29,"Ec",26,1,0,0,1,1,0.514384015075299
"11850",191,"Ec_N",198,30,30,"Ec",26,1,0,0,1,1,0.514384015075299
"11851",191,"Ec_N",198,31,31,"Ec",26,1,0,0,1,1,0.514384015075299
"11852",191,"Ec_N",198,32,32,"Ec",26,1,0,0,1,1,0.514384015075299
"11853",191,"Ec_N",198,33,33,"Ec",30,1,0,1,1,1,0.958688519948705
"11854",191,"Ec_N",198,34,34,"Ec",30,1,0,1,1,1,0.958688519948705
"11855",191,"Ec_N",198,35,35,"Ec",30,1,0,1,1,1,0.958688519948705
"11856",191,"Ec_N",198,36,36,"Ec",30,1,0,1,1,1,0.958688519948705
"11857",191,"Ec_N",198,37,37,"Ec",32,1,1,1,1,1,1
"11858",191,"Ec_N",198,38,38,"Ec",32,1,1,1,1,1,1
"11859",191,"Ec_N",198,39,39,"Ec",32,1,1,1,1,1,1
"11860",191,"Ec_N",198,40,40,"Ec",32,1,1,1,1,1,1
"11861",191,"Ec_N",198,41,41,"Ec",32,1,1,1,1,1,1
"11862",191,"Ec_N",198,42,42,"Ec",32,1,1,1,1,1,1
"11863",191,"Ec_N",198,43,43,"Ec",32,1,1,1,1,1,1
"11864",191,"Ec_N",198,44,44,"Ec",32,1,1,1,1,1,1
"11865",191,"Ec_N",198,45,45,"Ec",32,1,1,1,1,1,1
"11866",191,"Ec_N",198,46,46,"Ec",32,1,1,1,1,1,1
"11867",191,"Ec_N",198,47,47,"Ec",32,1,1,1,1,1,1
"11868",191,"Ec_N",198,48,48,"Ec",32,1,1,1,1,1,1
"11869",191,"Ec_N",198,49,49,"Ec",32,1,1,1,1,1,1
"11870",191,"Ec_N",198,50,50,"Ec",32,1,1,1,1,1,1
"11871",191,"Ec_N",198,51,51,"Ec",32,1,1,1,1,1,1
"11872",191,"Ec_N",198,52,52,"Ec",32,1,1,1,1,1,1
"11873",191,"Ec_N",198,53,53,"Ec",32,1,1,1,1,1,1
"11874",191,"Ec_N",198,54,54,"Ec",32,1,1,1,1,1,1
"11875",191,"Ec_N",198,55,55,"Ec",32,1,1,1,1,1,1
"11876",191,"Ec_N",198,56,56,"Ec",32,1,1,1,1,1,1
"11877",191,"Ec_N",198,57,57,"Ec",32,1,1,1,1,1,1
"11878",191,"Ec_N",198,58,58,"Ec",32,1,1,1,1,1,1
"11879",191,"Ec_N",198,59,59,"Ec",32,1,1,1,1,1,1
"11880",191,"Ec_N",198,60,60,"Ec",32,1,1,1,1,1,1
"11881",191,"Ec_N",199,1,1,"Ec",1,0,0,0,0,0,0
"11882",191,"Ec_N",199,2,2,"Ec",3,0,1,0,0,0,0.041311480051295
"11883",191,"Ec_N",199,3,3,"Ec",3,0,1,0,0,0,0.041311480051295
"11884",191,"Ec_N",199,4,4,"Ec",3,0,1,0,0,0,0.041311480051295
"11885",191,"Ec_N",199,5,5,"Ec",4,1,1,0,0,0,0.239331850597232
"11886",191,"Ec_N",199,6,6,"Ec",4,1,1,0,0,0,0.239331850597232
"11887",191,"Ec_N",199,7,7,"Ec",4,1,1,0,0,0,0.239331850597232
"11888",191,"Ec_N",199,8,8,"Ec",8,1,1,1,0,0,0.583469071478991
"11889",191,"Ec_N",199,9,9,"Ec",8,1,1,1,0,0,0.583469071478991
"11890",191,"Ec_N",199,10,10,"Ec",8,1,1,1,0,0,0.583469071478991
"11891",191,"Ec_N",199,11,11,"Ec",8,1,1,1,0,0,0.583469071478991
"11892",191,"Ec_N",199,12,12,"Ec",8,1,1,1,0,0,0.583469071478991
"11893",191,"Ec_N",199,13,13,"Ec",8,1,1,1,0,0,0.583469071478991
"11894",191,"Ec_N",199,14,14,"Ec",24,1,1,1,0,1,0.969458006928044
"11895",191,"Ec_N",199,15,15,"Ec",24,1,1,1,0,1,0.969458006928044
"11896",191,"Ec_N",199,16,16,"Ec",24,1,1,1,0,1,0.969458006928044
"11897",191,"Ec_N",199,17,17,"Ec",24,1,1,1,0,1,0.969458006928044
"11898",191,"Ec_N",199,18,18,"Ec",24,1,1,1,0,1,0.969458006928044
"11899",191,"Ec_N",199,19,19,"Ec",24,1,1,1,0,1,0.969458006928044
"11900",191,"Ec_N",199,20,20,"Ec",24,1,1,1,0,1,0.969458006928044
"11901",191,"Ec_N",199,21,21,"Ec",24,1,1,1,0,1,0.969458006928044
"11902",191,"Ec_N",199,22,22,"Ec",24,1,1,1,0,1,0.969458006928044
"11903",191,"Ec_N",199,23,23,"Ec",32,1,1,1,1,1,1
"11904",191,"Ec_N",199,24,24,"Ec",32,1,1,1,1,1,1
"11905",191,"Ec_N",199,25,25,"Ec",32,1,1,1,1,1,1
"11906",191,"Ec_N",199,26,26,"Ec",32,1,1,1,1,1,1
"11907",191,"Ec_N",199,27,27,"Ec",32,1,1,1,1,1,1
"11908",191,"Ec_N",199,28,28,"Ec",32,1,1,1,1,1,1
"11909",191,"Ec_N",199,29,29,"Ec",32,1,1,1,1,1,1
"11910",191,"Ec_N",199,30,30,"Ec",32,1,1,1,1,1,1
"11911",191,"Ec_N",199,31,31,"Ec",32,1,1,1,1,1,1
"11912",191,"Ec_N",199,32,32,"Ec",32,1,1,1,1,1,1
"11913",191,"Ec_N",199,33,33,"Ec",32,1,1,1,1,1,1
"11914",191,"Ec_N",199,34,34,"Ec",32,1,1,1,1,1,1
"11915",191,"Ec_N",199,35,35,"Ec",32,1,1,1,1,1,1
"11916",191,"Ec_N",199,36,36,"Ec",32,1,1,1,1,1,1
"11917",191,"Ec_N",199,37,37,"Ec",32,1,1,1,1,1,1
"11918",191,"Ec_N",199,38,38,"Ec",32,1,1,1,1,1,1
"11919",191,"Ec_N",199,39,39,"Ec",32,1,1,1,1,1,1
"11920",191,"Ec_N",199,40,40,"Ec",32,1,1,1,1,1,1
"11921",191,"Ec_N",199,41,41,"Ec",32,1,1,1,1,1,1
"11922",191,"Ec_N",199,42,42,"Ec",32,1,1,1,1,1,1
"11923",191,"Ec_N",199,43,43,"Ec",32,1,1,1,1,1,1
"11924",191,"Ec_N",199,44,44,"Ec",32,1,1,1,1,1,1
"11925",191,"Ec_N",199,45,45,"Ec",32,1,1,1,1,1,1
"11926",191,"Ec_N",199,46,46,"Ec",32,1,1,1,1,1,1
"11927",191,"Ec_N",199,47,47,"Ec",32,1,1,1,1,1,1
"11928",191,"Ec_N",199,48,48,"Ec",32,1,1,1,1,1,1
"11929",191,"Ec_N",199,49,49,"Ec",32,1,1,1,1,1,1
"11930",191,"Ec_N",199,50,50,"Ec",32,1,1,1,1,1,1
"11931",191,"Ec_N",199,51,51,"Ec",32,1,1,1,1,1,1
"11932",191,"Ec_N",199,52,52,"Ec",32,1,1,1,1,1,1
"11933",191,"Ec_N",199,53,53,"Ec",32,1,1,1,1,1,1
"11934",191,"Ec_N",199,54,54,"Ec",32,1,1,1,1,1,1
"11935",191,"Ec_N",199,55,55,"Ec",32,1,1,1,1,1,1
"11936",191,"Ec_N",199,56,56,"Ec",32,1,1,1,1,1,1
"11937",191,"Ec_N",199,57,57,"Ec",32,1,1,1,1,1,1
"11938",191,"Ec_N",199,58,58,"Ec",32,1,1,1,1,1,1
"11939",191,"Ec_N",199,59,59,"Ec",32,1,1,1,1,1,1
"11940",191,"Ec_N",199,60,60,"Ec",32,1,1,1,1,1,1
"11941",191,"Ec_N",200,1,1,"Ec",1,0,0,0,0,0,0
"11942",191,"Ec_N",200,2,2,"Ec",17,0,0,0,0,1,0.229834113103391
"11943",191,"Ec_N",200,3,3,"Ec",17,0,0,0,0,1,0.229834113103391
"11944",191,"Ec_N",200,4,4,"Ec",17,0,0,0,0,1,0.229834113103391
"11945",191,"Ec_N",200,5,5,"Ec",17,0,0,0,0,1,0.229834113103391
"11946",191,"Ec_N",200,6,6,"Ec",18,1,0,0,0,1,0.646504780524047
"11947",191,"Ec_N",200,7,7,"Ec",18,1,0,0,0,1,0.646504780524047
"11948",191,"Ec_N",200,8,8,"Ec",18,1,0,0,0,1,0.646504780524047
"11949",191,"Ec_N",200,9,9,"Ec",18,1,0,0,0,1,0.646504780524047
"11950",191,"Ec_N",200,10,10,"Ec",18,1,0,0,0,1,0.646504780524047
"11951",191,"Ec_N",200,11,11,"Ec",18,1,0,0,0,1,0.646504780524047
"11952",191,"Ec_N",200,12,12,"Ec",18,1,0,0,0,1,0.646504780524047
"11953",191,"Ec_N",200,13,13,"Ec",18,1,0,0,0,1,0.646504780524047
"11954",191,"Ec_N",200,14,14,"Ec",18,1,0,0,0,1,0.646504780524047
"11955",191,"Ec_N",200,15,15,"Ec",18,1,0,0,0,1,0.646504780524047
"11956",191,"Ec_N",200,16,16,"Ec",18,1,0,0,0,1,0.646504780524047
"11957",191,"Ec_N",200,17,17,"Ec",18,1,0,0,0,1,0.646504780524047
"11958",191,"Ec_N",200,18,18,"Ec",18,1,0,0,0,1,0.646504780524047
"11959",191,"Ec_N",200,19,19,"Ec",18,1,0,0,0,1,0.646504780524047
"11960",191,"Ec_N",200,20,20,"Ec",18,1,0,0,0,1,0.646504780524047
"11961",191,"Ec_N",200,21,21,"Ec",18,1,0,0,0,1,0.646504780524047
"11962",191,"Ec_N",200,22,22,"Ec",18,1,0,0,0,1,0.646504780524047
"11963",191,"Ec_N",200,23,23,"Ec",18,1,0,0,0,1,0.646504780524047
"11964",191,"Ec_N",200,24,24,"Ec",18,1,0,0,0,1,0.646504780524047
"11965",191,"Ec_N",200,25,25,"Ec",22,1,0,1,0,1,0.92522428176681
"11966",191,"Ec_N",200,26,26,"Ec",22,1,0,1,0,1,0.92522428176681
"11967",191,"Ec_N",200,27,27,"Ec",22,1,0,1,0,1,0.92522428176681
"11968",191,"Ec_N",200,28,28,"Ec",22,1,0,1,0,1,0.92522428176681
"11969",191,"Ec_N",200,29,29,"Ec",24,1,1,1,0,1,0.969458006928044
"11970",191,"Ec_N",200,30,30,"Ec",24,1,1,1,0,1,0.969458006928044
"11971",191,"Ec_N",200,31,31,"Ec",24,1,1,1,0,1,0.969458006928044
"11972",191,"Ec_N",200,32,32,"Ec",24,1,1,1,0,1,0.969458006928044
"11973",191,"Ec_N",200,33,33,"Ec",24,1,1,1,0,1,0.969458006928044
"11974",191,"Ec_N",200,34,34,"Ec",24,1,1,1,0,1,0.969458006928044
"11975",191,"Ec_N",200,35,35,"Ec",24,1,1,1,0,1,0.969458006928044
"11976",191,"Ec_N",200,36,36,"Ec",24,1,1,1,0,1,0.969458006928044
"11977",191,"Ec_N",200,37,37,"Ec",24,1,1,1,0,1,0.969458006928044
"11978",191,"Ec_N",200,38,38,"Ec",24,1,1,1,0,1,0.969458006928044
"11979",191,"Ec_N",200,39,39,"Ec",24,1,1,1,0,1,0.969458006928044
"11980",191,"Ec_N",200,40,40,"Ec",24,1,1,1,0,1,0.969458006928044
"11981",191,"Ec_N",200,41,41,"Ec",24,1,1,1,0,1,0.969458006928044
"11982",191,"Ec_N",200,42,42,"Ec",24,1,1,1,0,1,0.969458006928044
"11983",191,"Ec_N",200,43,43,"Ec",24,1,1,1,0,1,0.969458006928044
"11984",191,"Ec_N",200,44,44,"Ec",32,1,1,1,1,1,1
"11985",191,"Ec_N",200,45,45,"Ec",32,1,1,1,1,1,1
"11986",191,"Ec_N",200,46,46,"Ec",32,1,1,1,1,1,1
"11987",191,"Ec_N",200,47,47,"Ec",32,1,1,1,1,1,1
"11988",191,"Ec_N",200,48,48,"Ec",32,1,1,1,1,1,1
"11989",191,"Ec_N",200,49,49,"Ec",32,1,1,1,1,1,1
"11990",191,"Ec_N",200,50,50,"Ec",32,1,1,1,1,1,1
"11991",191,"Ec_N",200,51,51,"Ec",32,1,1,1,1,1,1
"11992",191,"Ec_N",200,52,52,"Ec",32,1,1,1,1,1,1
"11993",191,"Ec_N",200,53,53,"Ec",32,1,1,1,1,1,1
"11994",191,"Ec_N",200,54,54,"Ec",32,1,1,1,1,1,1
"11995",191,"Ec_N",200,55,55,"Ec",32,1,1,1,1,1,1
"11996",191,"Ec_N",200,56,56,"Ec",32,1,1,1,1,1,1
"11997",191,"Ec_N",200,57,57,"Ec",32,1,1,1,1,1,1
"11998",191,"Ec_N",200,58,58,"Ec",32,1,1,1,1,1,1
"11999",191,"Ec_N",200,59,59,"Ec",32,1,1,1,1,1,1
"12000",191,"Ec_N",200,60,60,"Ec",32,1,1,1,1,1,1
"12001",191,"Ec_N",201,1,1,"Ec",1,0,0,0,0,0,0
"12002",191,"Ec_N",201,2,2,"Ec",1,0,0,0,0,0,0
"12003",191,"Ec_N",201,3,3,"Ec",1,0,0,0,0,0,0
"12004",191,"Ec_N",201,4,4,"Ec",1,0,0,0,0,0,0
"12005",191,"Ec_N",201,5,5,"Ec",3,0,1,0,0,0,0.041311480051295
"12006",191,"Ec_N",201,6,6,"Ec",3,0,1,0,0,0,0.041311480051295
"12007",191,"Ec_N",201,7,7,"Ec",3,0,1,0,0,0,0.041311480051295
"12008",191,"Ec_N",201,8,8,"Ec",3,0,1,0,0,0,0.041311480051295
"12009",191,"Ec_N",201,9,9,"Ec",3,0,1,0,0,0,0.041311480051295
"12010",191,"Ec_N",201,10,10,"Ec",11,0,1,0,1,0,0.0857419302602629
"12011",191,"Ec_N",201,11,11,"Ec",11,0,1,0,1,0,0.0857419302602629
"12012",191,"Ec_N",201,12,12,"Ec",11,0,1,0,1,0,0.0857419302602629
"12013",191,"Ec_N",201,13,13,"Ec",11,0,1,0,1,0,0.0857419302602629
"12014",191,"Ec_N",201,14,14,"Ec",11,0,1,0,1,0,0.0857419302602629
"12015",191,"Ec_N",201,15,15,"Ec",11,0,1,0,1,0,0.0857419302602629
"12016",191,"Ec_N",201,16,16,"Ec",11,0,1,0,1,0,0.0857419302602629
"12017",191,"Ec_N",201,17,17,"Ec",11,0,1,0,1,0,0.0857419302602629
"12018",191,"Ec_N",201,18,18,"Ec",11,0,1,0,1,0,0.0857419302602629
"12019",191,"Ec_N",201,19,19,"Ec",11,0,1,0,1,0,0.0857419302602629
"12020",191,"Ec_N",201,20,20,"Ec",11,0,1,0,1,0,0.0857419302602629
"12021",191,"Ec_N",201,21,21,"Ec",11,0,1,0,1,0,0.0857419302602629
"12022",191,"Ec_N",201,22,22,"Ec",11,0,1,0,1,0,0.0857419302602629
"12023",191,"Ec_N",201,23,23,"Ec",11,0,1,0,1,0,0.0857419302602629
"12024",191,"Ec_N",201,24,24,"Ec",15,0,1,1,1,0,0.437080043527332
"12025",191,"Ec_N",201,25,25,"Ec",16,1,1,1,1,0,0.456015583082203
"12026",191,"Ec_N",201,26,26,"Ec",16,1,1,1,1,0,0.456015583082203
"12027",191,"Ec_N",201,27,27,"Ec",16,1,1,1,1,0,0.456015583082203
"12028",191,"Ec_N",201,28,28,"Ec",16,1,1,1,1,0,0.456015583082203
"12029",191,"Ec_N",201,29,29,"Ec",16,1,1,1,1,0,0.456015583082203
"12030",191,"Ec_N",201,30,30,"Ec",16,1,1,1,1,0,0.456015583082203
"12031",191,"Ec_N",201,31,31,"Ec",16,1,1,1,1,0,0.456015583082203
"12032",191,"Ec_N",201,32,32,"Ec",16,1,1,1,1,0,0.456015583082203
"12033",191,"Ec_N",201,33,33,"Ec",16,1,1,1,1,0,0.456015583082203
"12034",191,"Ec_N",201,34,34,"Ec",16,1,1,1,1,0,0.456015583082203
"12035",191,"Ec_N",201,35,35,"Ec",16,1,1,1,1,0,0.456015583082203
"12036",191,"Ec_N",201,36,36,"Ec",16,1,1,1,1,0,0.456015583082203
"12037",191,"Ec_N",201,37,37,"Ec",16,1,1,1,1,0,0.456015583082203
"12038",191,"Ec_N",201,38,38,"Ec",16,1,1,1,1,0,0.456015583082203
"12039",191,"Ec_N",201,39,39,"Ec",14,1,0,1,1,0,0.746777083195453
"12040",191,"Ec_N",201,40,40,"Ec",14,1,0,1,1,0,0.746777083195453
"12041",191,"Ec_N",201,41,41,"Ec",14,1,0,1,1,0,0.746777083195453
"12042",191,"Ec_N",201,42,42,"Ec",14,1,0,1,1,0,0.746777083195453
"12043",191,"Ec_N",201,43,43,"Ec",14,1,0,1,1,0,0.746777083195453
"12044",191,"Ec_N",201,44,44,"Ec",14,1,0,1,1,0,0.746777083195453
"12045",191,"Ec_N",201,45,45,"Ec",14,1,0,1,1,0,0.746777083195453
"12046",191,"Ec_N",201,46,46,"Ec",14,1,0,1,1,0,0.746777083195453
"12047",191,"Ec_N",201,47,47,"Ec",14,1,0,1,1,0,0.746777083195453
"12048",191,"Ec_N",201,48,48,"Ec",14,1,0,1,1,0,0.746777083195453
"12049",191,"Ec_N",201,49,49,"Ec",14,1,0,1,1,0,0.746777083195453
"12050",191,"Ec_N",201,50,50,"Ec",14,1,0,1,1,0,0.746777083195453
"12051",191,"Ec_N",201,51,51,"Ec",14,1,0,1,1,0,0.746777083195453
"12052",191,"Ec_N",201,52,52,"Ec",14,1,0,1,1,0,0.746777083195453
"12053",191,"Ec_N",201,53,53,"Ec",14,1,0,1,1,0,0.746777083195453
"12054",191,"Ec_N",201,54,54,"Ec",14,1,0,1,1,0,0.746777083195453
"12055",191,"Ec_N",201,55,55,"Ec",14,1,0,1,1,0,0.746777083195453
"12056",191,"Ec_N",201,56,56,"Ec",14,1,0,1,1,0,0.746777083195453
"12057",191,"Ec_N",201,57,57,"Ec",14,1,0,1,1,0,0.746777083195453
"12058",191,"Ec_N",201,58,58,"Ec",14,1,0,1,1,0,0.746777083195453
"12059",191,"Ec_N",201,59,59,"Ec",14,1,0,1,1,0,0.746777083195453
"12060",191,"Ec_N",201,60,60,"Ec",14,1,0,1,1,0,0.746777083195453
"12061",191,"Ec_N",202,1,1,"Ec",1,0,0,0,0,0,0
"12062",191,"Ec_N",202,2,2,"Ec",1,0,0,0,0,0,0
"12063",191,"Ec_N",202,3,3,"Ec",1,0,0,0,0,0,0
"12064",191,"Ec_N",202,4,4,"Ec",1,0,0,0,0,0,0
"12065",191,"Ec_N",202,5,5,"Ec",1,0,0,0,0,0,0
"12066",191,"Ec_N",202,6,6,"Ec",1,0,0,0,0,0,0
"12067",191,"Ec_N",202,7,7,"Ec",2,1,0,0,0,0,0.198020370545937
"12068",191,"Ec_N",202,8,8,"Ec",2,1,0,0,0,0,0.198020370545937
"12069",191,"Ec_N",202,9,9,"Ec",10,1,0,0,1,0,0.228562363617893
"12070",191,"Ec_N",202,10,10,"Ec",10,1,0,0,1,0,0.228562363617893
"12071",191,"Ec_N",202,11,11,"Ec",10,1,0,0,1,0,0.228562363617893
"12072",191,"Ec_N",202,12,12,"Ec",10,1,0,0,1,0,0.228562363617893
"12073",191,"Ec_N",202,13,13,"Ec",10,1,0,0,1,0,0.228562363617893
"12074",191,"Ec_N",202,14,14,"Ec",10,1,0,0,1,0,0.228562363617893
"12075",191,"Ec_N",202,15,15,"Ec",10,1,0,0,1,0,0.228562363617893
"12076",191,"Ec_N",202,16,16,"Ec",10,1,0,0,1,0,0.228562363617893
"12077",191,"Ec_N",202,17,17,"Ec",10,1,0,0,1,0,0.228562363617893
"12078",191,"Ec_N",202,18,18,"Ec",10,1,0,0,1,0,0.228562363617893
"12079",191,"Ec_N",202,19,19,"Ec",14,1,0,1,1,0,0.746777083195453
"12080",191,"Ec_N",202,20,20,"Ec",14,1,0,1,1,0,0.746777083195453
"12081",191,"Ec_N",202,21,21,"Ec",14,1,0,1,1,0,0.746777083195453
"12082",191,"Ec_N",202,22,22,"Ec",14,1,0,1,1,0,0.746777083195453
"12083",191,"Ec_N",202,23,23,"Ec",14,1,0,1,1,0,0.746777083195453
"12084",191,"Ec_N",202,24,24,"Ec",14,1,0,1,1,0,0.746777083195453
"12085",191,"Ec_N",202,25,25,"Ec",14,1,0,1,1,0,0.746777083195453
"12086",191,"Ec_N",202,26,26,"Ec",14,1,0,1,1,0,0.746777083195453
"12087",191,"Ec_N",202,27,27,"Ec",14,1,0,1,1,0,0.746777083195453
"12088",191,"Ec_N",202,28,28,"Ec",14,1,0,1,1,0,0.746777083195453
"12089",191,"Ec_N",202,29,29,"Ec",14,1,0,1,1,0,0.746777083195453
"12090",191,"Ec_N",202,30,30,"Ec",14,1,0,1,1,0,0.746777083195453
"12091",191,"Ec_N",202,31,31,"Ec",14,1,0,1,1,0,0.746777083195453
"12092",191,"Ec_N",202,32,32,"Ec",14,1,0,1,1,0,0.746777083195453
"12093",191,"Ec_N",202,33,33,"Ec",14,1,0,1,1,0,0.746777083195453
"12094",191,"Ec_N",202,34,34,"Ec",14,1,0,1,1,0,0.746777083195453
"12095",191,"Ec_N",202,35,35,"Ec",14,1,0,1,1,0,0.746777083195453
"12096",191,"Ec_N",202,36,36,"Ec",14,1,0,1,1,0,0.746777083195453
"12097",191,"Ec_N",202,37,37,"Ec",14,1,0,1,1,0,0.746777083195453
"12098",191,"Ec_N",202,38,38,"Ec",14,1,0,1,1,0,0.746777083195453
"12099",191,"Ec_N",202,39,39,"Ec",14,1,0,1,1,0,0.746777083195453
"12100",191,"Ec_N",202,40,40,"Ec",14,1,0,1,1,0,0.746777083195453
"12101",191,"Ec_N",202,41,41,"Ec",14,1,0,1,1,0,0.746777083195453
"12102",191,"Ec_N",202,42,42,"Ec",14,1,0,1,1,0,0.746777083195453
"12103",191,"Ec_N",202,43,43,"Ec",14,1,0,1,1,0,0.746777083195453
"12104",191,"Ec_N",202,44,44,"Ec",14,1,0,1,1,0,0.746777083195453
"12105",191,"Ec_N",202,45,45,"Ec",14,1,0,1,1,0,0.746777083195453
"12106",191,"Ec_N",202,46,46,"Ec",14,1,0,1,1,0,0.746777083195453
"12107",191,"Ec_N",202,47,47,"Ec",14,1,0,1,1,0,0.746777083195453
"12108",191,"Ec_N",202,48,48,"Ec",14,1,0,1,1,0,0.746777083195453
"12109",191,"Ec_N",202,49,49,"Ec",14,1,0,1,1,0,0.746777083195453
"12110",191,"Ec_N",202,50,50,"Ec",14,1,0,1,1,0,0.746777083195453
"12111",191,"Ec_N",202,51,51,"Ec",14,1,0,1,1,0,0.746777083195453
"12112",191,"Ec_N",202,52,52,"Ec",14,1,0,1,1,0,0.746777083195453
"12113",191,"Ec_N",202,53,53,"Ec",14,1,0,1,1,0,0.746777083195453
"12114",191,"Ec_N",202,54,54,"Ec",14,1,0,1,1,0,0.746777083195453
"12115",191,"Ec_N",202,55,55,"Ec",30,1,0,1,1,1,0.958688519948705
"12116",191,"Ec_N",202,56,56,"Ec",30,1,0,1,1,1,0.958688519948705
"12117",191,"Ec_N",202,57,57,"Ec",30,1,0,1,1,1,0.958688519948705
"12118",191,"Ec_N",202,58,58,"Ec",30,1,0,1,1,1,0.958688519948705
"12119",191,"Ec_N",202,59,59,"Ec",30,1,0,1,1,1,0.958688519948705
"12120",191,"Ec_N",202,60,60,"Ec",32,1,1,1,1,1,1
"12121",191,"Ec_N",203,1,1,"Ec",1,0,0,0,0,0,0
"12122",191,"Ec_N",203,2,2,"Ec",1,0,0,0,0,0,0
"12123",191,"Ec_N",203,3,3,"Ec",1,0,0,0,0,0,0
"12124",191,"Ec_N",203,4,4,"Ec",1,0,0,0,0,0,0
"12125",191,"Ec_N",203,5,5,"Ec",1,0,0,0,0,0,0
"12126",191,"Ec_N",203,6,6,"Ec",2,1,0,0,0,0,0.198020370545937
"12127",191,"Ec_N",203,7,7,"Ec",2,1,0,0,0,0,0.198020370545937
"12128",191,"Ec_N",203,8,8,"Ec",2,1,0,0,0,0,0.198020370545937
"12129",191,"Ec_N",203,9,9,"Ec",2,1,0,0,0,0,0.198020370545937
"12130",191,"Ec_N",203,10,10,"Ec",2,1,0,0,0,0,0.198020370545937
"12131",191,"Ec_N",203,11,11,"Ec",2,1,0,0,0,0,0.198020370545937
"12132",191,"Ec_N",203,12,12,"Ec",2,1,0,0,0,0,0.198020370545937
"12133",191,"Ec_N",203,13,13,"Ec",2,1,0,0,0,0,0.198020370545937
"12134",191,"Ec_N",203,14,14,"Ec",2,1,0,0,0,0,0.198020370545937
"12135",191,"Ec_N",203,15,15,"Ec",2,1,0,0,0,0,0.198020370545937
"12136",191,"Ec_N",203,16,16,"Ec",2,1,0,0,0,0,0.198020370545937
"12137",191,"Ec_N",203,17,17,"Ec",2,1,0,0,0,0,0.198020370545937
"12138",191,"Ec_N",203,18,18,"Ec",2,1,0,0,0,0,0.198020370545937
"12139",191,"Ec_N",203,19,19,"Ec",6,1,0,1,0,0,0.542157591427696
"12140",191,"Ec_N",203,20,20,"Ec",6,1,0,1,0,0,0.542157591427696
"12141",191,"Ec_N",203,21,21,"Ec",6,1,0,1,0,0,0.542157591427696
"12142",191,"Ec_N",203,22,22,"Ec",6,1,0,1,0,0,0.542157591427696
"12143",191,"Ec_N",203,23,23,"Ec",6,1,0,1,0,0,0.542157591427696
"12144",191,"Ec_N",203,24,24,"Ec",6,1,0,1,0,0,0.542157591427696
"12145",191,"Ec_N",203,25,25,"Ec",6,1,0,1,0,0,0.542157591427696
"12146",191,"Ec_N",203,26,26,"Ec",6,1,0,1,0,0,0.542157591427696
"12147",191,"Ec_N",203,27,27,"Ec",6,1,0,1,0,0,0.542157591427696
"12148",191,"Ec_N",203,28,28,"Ec",6,1,0,1,0,0,0.542157591427696
"12149",191,"Ec_N",203,29,29,"Ec",6,1,0,1,0,0,0.542157591427696
"12150",191,"Ec_N",203,30,30,"Ec",6,1,0,1,0,0,0.542157591427696
"12151",191,"Ec_N",203,31,31,"Ec",6,1,0,1,0,0,0.542157591427696
"12152",191,"Ec_N",203,32,32,"Ec",6,1,0,1,0,0,0.542157591427696
"12153",191,"Ec_N",203,33,33,"Ec",6,1,0,1,0,0,0.542157591427696
"12154",191,"Ec_N",203,34,34,"Ec",6,1,0,1,0,0,0.542157591427696
"12155",191,"Ec_N",203,35,35,"Ec",6,1,0,1,0,0,0.542157591427696
"12156",191,"Ec_N",203,36,36,"Ec",6,1,0,1,0,0,0.542157591427696
"12157",191,"Ec_N",203,37,37,"Ec",6,1,0,1,0,0,0.542157591427696
"12158",191,"Ec_N",203,38,38,"Ec",6,1,0,1,0,0,0.542157591427696
"12159",191,"Ec_N",203,39,39,"Ec",6,1,0,1,0,0,0.542157591427696
"12160",191,"Ec_N",203,40,40,"Ec",6,1,0,1,0,0,0.542157591427696
"12161",191,"Ec_N",203,41,41,"Ec",22,1,0,1,0,1,0.92522428176681
"12162",191,"Ec_N",203,42,42,"Ec",22,1,0,1,0,1,0.92522428176681
"12163",191,"Ec_N",203,43,43,"Ec",22,1,0,1,0,1,0.92522428176681
"12164",191,"Ec_N",203,44,44,"Ec",22,1,0,1,0,1,0.92522428176681
"12165",191,"Ec_N",203,45,45,"Ec",22,1,0,1,0,1,0.92522428176681
"12166",191,"Ec_N",203,46,46,"Ec",22,1,0,1,0,1,0.92522428176681
"12167",191,"Ec_N",203,47,47,"Ec",22,1,0,1,0,1,0.92522428176681
"12168",191,"Ec_N",203,48,48,"Ec",22,1,0,1,0,1,0.92522428176681
"12169",191,"Ec_N",203,49,49,"Ec",24,1,1,1,0,1,0.969458006928044
"12170",191,"Ec_N",203,50,50,"Ec",24,1,1,1,0,1,0.969458006928044
"12171",191,"Ec_N",203,51,51,"Ec",24,1,1,1,0,1,0.969458006928044
"12172",191,"Ec_N",203,52,52,"Ec",24,1,1,1,0,1,0.969458006928044
"12173",191,"Ec_N",203,53,53,"Ec",24,1,1,1,0,1,0.969458006928044
"12174",191,"Ec_N",203,54,54,"Ec",24,1,1,1,0,1,0.969458006928044
"12175",191,"Ec_N",203,55,55,"Ec",24,1,1,1,0,1,0.969458006928044
"12176",191,"Ec_N",203,56,56,"Ec",24,1,1,1,0,1,0.969458006928044
"12177",191,"Ec_N",203,57,57,"Ec",24,1,1,1,0,1,0.969458006928044
"12178",191,"Ec_N",203,58,58,"Ec",24,1,1,1,0,1,0.969458006928044
"12179",191,"Ec_N",203,59,59,"Ec",24,1,1,1,0,1,0.969458006928044
"12180",191,"Ec_N",203,60,60,"Ec",24,1,1,1,0,1,0.969458006928044
"12181",191,"Ec_N",204,1,1,"Ec",1,0,0,0,0,0,0
"12182",191,"Ec_N",204,2,2,"Ec",1,0,0,0,0,0,0
"12183",191,"Ec_N",204,3,3,"Ec",1,0,0,0,0,0,0
"12184",191,"Ec_N",204,4,4,"Ec",1,0,0,0,0,0,0
"12185",191,"Ec_N",204,5,5,"Ec",1,0,0,0,0,0,0
"12186",191,"Ec_N",204,6,6,"Ec",2,1,0,0,0,0,0.198020370545937
"12187",191,"Ec_N",204,7,7,"Ec",2,1,0,0,0,0,0.198020370545937
"12188",191,"Ec_N",204,8,8,"Ec",2,1,0,0,0,0,0.198020370545937
"12189",191,"Ec_N",204,9,9,"Ec",2,1,0,0,0,0,0.198020370545937
"12190",191,"Ec_N",204,10,10,"Ec",2,1,0,0,0,0,0.198020370545937
"12191",191,"Ec_N",204,11,11,"Ec",2,1,0,0,0,0,0.198020370545937
"12192",191,"Ec_N",204,12,12,"Ec",2,1,0,0,0,0,0.198020370545937
"12193",191,"Ec_N",204,13,13,"Ec",2,1,0,0,0,0,0.198020370545937
"12194",191,"Ec_N",204,14,14,"Ec",6,1,0,1,0,0,0.542157591427696
"12195",191,"Ec_N",204,15,15,"Ec",6,1,0,1,0,0,0.542157591427696
"12196",191,"Ec_N",204,16,16,"Ec",22,1,0,1,0,1,0.92522428176681
"12197",191,"Ec_N",204,17,17,"Ec",24,1,1,1,0,1,0.969458006928044
"12198",191,"Ec_N",204,18,18,"Ec",24,1,1,1,0,1,0.969458006928044
"12199",191,"Ec_N",204,19,19,"Ec",24,1,1,1,0,1,0.969458006928044
"12200",191,"Ec_N",204,20,20,"Ec",24,1,1,1,0,1,0.969458006928044
"12201",191,"Ec_N",204,21,21,"Ec",24,1,1,1,0,1,0.969458006928044
"12202",191,"Ec_N",204,22,22,"Ec",32,1,1,1,1,1,1
"12203",191,"Ec_N",204,23,23,"Ec",32,1,1,1,1,1,1
"12204",191,"Ec_N",204,24,24,"Ec",32,1,1,1,1,1,1
"12205",191,"Ec_N",204,25,25,"Ec",32,1,1,1,1,1,1
"12206",191,"Ec_N",204,26,26,"Ec",32,1,1,1,1,1,1
"12207",191,"Ec_N",204,27,27,"Ec",32,1,1,1,1,1,1
"12208",191,"Ec_N",204,28,28,"Ec",32,1,1,1,1,1,1
"12209",191,"Ec_N",204,29,29,"Ec",32,1,1,1,1,1,1
"12210",191,"Ec_N",204,30,30,"Ec",32,1,1,1,1,1,1
"12211",191,"Ec_N",204,31,31,"Ec",32,1,1,1,1,1,1
"12212",191,"Ec_N",204,32,32,"Ec",32,1,1,1,1,1,1
"12213",191,"Ec_N",204,33,33,"Ec",32,1,1,1,1,1,1
"12214",191,"Ec_N",204,34,34,"Ec",32,1,1,1,1,1,1
"12215",191,"Ec_N",204,35,35,"Ec",32,1,1,1,1,1,1
"12216",191,"Ec_N",204,36,36,"Ec",32,1,1,1,1,1,1
"12217",191,"Ec_N",204,37,37,"Ec",32,1,1,1,1,1,1
"12218",191,"Ec_N",204,38,38,"Ec",32,1,1,1,1,1,1
"12219",191,"Ec_N",204,39,39,"Ec",32,1,1,1,1,1,1
"12220",191,"Ec_N",204,40,40,"Ec",32,1,1,1,1,1,1
"12221",191,"Ec_N",204,41,41,"Ec",32,1,1,1,1,1,1
"12222",191,"Ec_N",204,42,42,"Ec",32,1,1,1,1,1,1
"12223",191,"Ec_N",204,43,43,"Ec",32,1,1,1,1,1,1
"12224",191,"Ec_N",204,44,44,"Ec",32,1,1,1,1,1,1
"12225",191,"Ec_N",204,45,45,"Ec",32,1,1,1,1,1,1
"12226",191,"Ec_N",204,46,46,"Ec",32,1,1,1,1,1,1
"12227",191,"Ec_N",204,47,47,"Ec",32,1,1,1,1,1,1
"12228",191,"Ec_N",204,48,48,"Ec",32,1,1,1,1,1,1
"12229",191,"Ec_N",204,49,49,"Ec",32,1,1,1,1,1,1
"12230",191,"Ec_N",204,50,50,"Ec",32,1,1,1,1,1,1
"12231",191,"Ec_N",204,51,51,"Ec",32,1,1,1,1,1,1
"12232",191,"Ec_N",204,52,52,"Ec",32,1,1,1,1,1,1
"12233",191,"Ec_N",204,53,53,"Ec",32,1,1,1,1,1,1
"12234",191,"Ec_N",204,54,54,"Ec",32,1,1,1,1,1,1
"12235",191,"Ec_N",204,55,55,"Ec",32,1,1,1,1,1,1
"12236",191,"Ec_N",204,56,56,"Ec",32,1,1,1,1,1,1
"12237",191,"Ec_N",204,57,57,"Ec",32,1,1,1,1,1,1
"12238",191,"Ec_N",204,58,58,"Ec",32,1,1,1,1,1,1
"12239",191,"Ec_N",204,59,59,"Ec",32,1,1,1,1,1,1
"12240",191,"Ec_N",204,60,60,"Ec",32,1,1,1,1,1,1
"12241",191,"Ec_N",205,1,1,"Ec",1,0,0,0,0,0,0
"12242",191,"Ec_N",205,2,2,"Ec",1,0,0,0,0,0,0
"12243",191,"Ec_N",205,3,3,"Ec",1,0,0,0,0,0,0
"12244",191,"Ec_N",205,4,4,"Ec",1,0,0,0,0,0,0
"12245",191,"Ec_N",205,5,5,"Ec",1,0,0,0,0,0,0
"12246",191,"Ec_N",205,6,6,"Ec",1,0,0,0,0,0,0
"12247",191,"Ec_N",205,7,7,"Ec",1,0,0,0,0,0,0
"12248",191,"Ec_N",205,8,8,"Ec",1,0,0,0,0,0,0
"12249",191,"Ec_N",205,9,9,"Ec",17,0,0,0,0,1,0.229834113103391
"12250",191,"Ec_N",205,10,10,"Ec",17,0,0,0,0,1,0.229834113103391
"12251",191,"Ec_N",205,11,11,"Ec",17,0,0,0,0,1,0.229834113103391
"12252",191,"Ec_N",205,12,12,"Ec",17,0,0,0,0,1,0.229834113103391
"12253",191,"Ec_N",205,13,13,"Ec",17,0,0,0,0,1,0.229834113103391
"12254",191,"Ec_N",205,14,14,"Ec",25,0,0,0,1,1,0.403163568932085
"12255",191,"Ec_N",205,15,15,"Ec",25,0,0,0,1,1,0.403163568932085
"12256",191,"Ec_N",205,16,16,"Ec",29,0,0,1,1,1,0.760668149402769
"12257",191,"Ec_N",205,17,17,"Ec",29,0,0,1,1,1,0.760668149402769
"12258",191,"Ec_N",205,18,18,"Ec",29,0,0,1,1,1,0.760668149402769
"12259",191,"Ec_N",205,19,19,"Ec",29,0,0,1,1,1,0.760668149402769
"12260",191,"Ec_N",205,20,20,"Ec",29,0,0,1,1,1,0.760668149402769
"12261",191,"Ec_N",205,21,21,"Ec",29,0,0,1,1,1,0.760668149402769
"12262",191,"Ec_N",205,22,22,"Ec",29,0,0,1,1,1,0.760668149402769
"12263",191,"Ec_N",205,23,23,"Ec",29,0,0,1,1,1,0.760668149402769
"12264",191,"Ec_N",205,24,24,"Ec",29,0,0,1,1,1,0.760668149402769
"12265",191,"Ec_N",205,25,25,"Ec",29,0,0,1,1,1,0.760668149402769
"12266",191,"Ec_N",205,26,26,"Ec",29,0,0,1,1,1,0.760668149402769
"12267",191,"Ec_N",205,27,27,"Ec",29,0,0,1,1,1,0.760668149402769
"12268",191,"Ec_N",205,28,28,"Ec",31,0,1,1,1,1,0.801979629454064
"12269",191,"Ec_N",205,29,29,"Ec",31,0,1,1,1,1,0.801979629454064
"12270",191,"Ec_N",205,30,30,"Ec",32,1,1,1,1,1,1
"12271",191,"Ec_N",205,31,31,"Ec",32,1,1,1,1,1,1
"12272",191,"Ec_N",205,32,32,"Ec",32,1,1,1,1,1,1
"12273",191,"Ec_N",205,33,33,"Ec",32,1,1,1,1,1,1
"12274",191,"Ec_N",205,34,34,"Ec",32,1,1,1,1,1,1
"12275",191,"Ec_N",205,35,35,"Ec",32,1,1,1,1,1,1
"12276",191,"Ec_N",205,36,36,"Ec",32,1,1,1,1,1,1
"12277",191,"Ec_N",205,37,37,"Ec",32,1,1,1,1,1,1
"12278",191,"Ec_N",205,38,38,"Ec",32,1,1,1,1,1,1
"12279",191,"Ec_N",205,39,39,"Ec",32,1,1,1,1,1,1
"12280",191,"Ec_N",205,40,40,"Ec",32,1,1,1,1,1,1
"12281",191,"Ec_N",205,41,41,"Ec",32,1,1,1,1,1,1
"12282",191,"Ec_N",205,42,42,"Ec",32,1,1,1,1,1,1
"12283",191,"Ec_N",205,43,43,"Ec",32,1,1,1,1,1,1
"12284",191,"Ec_N",205,44,44,"Ec",32,1,1,1,1,1,1
"12285",191,"Ec_N",205,45,45,"Ec",32,1,1,1,1,1,1
"12286",191,"Ec_N",205,46,46,"Ec",32,1,1,1,1,1,1
"12287",191,"Ec_N",205,47,47,"Ec",32,1,1,1,1,1,1
"12288",191,"Ec_N",205,48,48,"Ec",32,1,1,1,1,1,1
"12289",191,"Ec_N",205,49,49,"Ec",32,1,1,1,1,1,1
"12290",191,"Ec_N",205,50,50,"Ec",32,1,1,1,1,1,1
"12291",191,"Ec_N",205,51,51,"Ec",32,1,1,1,1,1,1
"12292",191,"Ec_N",205,52,52,"Ec",32,1,1,1,1,1,1
"12293",191,"Ec_N",205,53,53,"Ec",32,1,1,1,1,1,1
"12294",191,"Ec_N",205,54,54,"Ec",32,1,1,1,1,1,1
"12295",191,"Ec_N",205,55,55,"Ec",32,1,1,1,1,1,1
"12296",191,"Ec_N",205,56,56,"Ec",32,1,1,1,1,1,1
"12297",191,"Ec_N",205,57,57,"Ec",32,1,1,1,1,1,1
"12298",191,"Ec_N",205,58,58,"Ec",32,1,1,1,1,1,1
"12299",191,"Ec_N",205,59,59,"Ec",32,1,1,1,1,1,1
"12300",191,"Ec_N",205,60,60,"Ec",32,1,1,1,1,1,1
"12301",191,"Ec_N",206,1,1,"Ec",1,0,0,0,0,0,0
"12302",191,"Ec_N",206,2,2,"Ec",1,0,0,0,0,0,0
"12303",191,"Ec_N",206,3,3,"Ec",1,0,0,0,0,0,0
"12304",191,"Ec_N",206,4,4,"Ec",17,0,0,0,0,1,0.229834113103391
"12305",191,"Ec_N",206,5,5,"Ec",17,0,0,0,0,1,0.229834113103391
"12306",191,"Ec_N",206,6,6,"Ec",17,0,0,0,0,1,0.229834113103391
"12307",191,"Ec_N",206,7,7,"Ec",18,1,0,0,0,1,0.646504780524047
"12308",191,"Ec_N",206,8,8,"Ec",18,1,0,0,0,1,0.646504780524047
"12309",191,"Ec_N",206,9,9,"Ec",18,1,0,0,0,1,0.646504780524047
"12310",191,"Ec_N",206,10,10,"Ec",18,1,0,0,0,1,0.646504780524047
"12311",191,"Ec_N",206,11,11,"Ec",18,1,0,0,0,1,0.646504780524047
"12312",191,"Ec_N",206,12,12,"Ec",18,1,0,0,0,1,0.646504780524047
"12313",191,"Ec_N",206,13,13,"Ec",18,1,0,0,0,1,0.646504780524047
"12314",191,"Ec_N",206,14,14,"Ec",18,1,0,0,0,1,0.646504780524047
"12315",191,"Ec_N",206,15,15,"Ec",18,1,0,0,0,1,0.646504780524047
"12316",191,"Ec_N",206,16,16,"Ec",18,1,0,0,0,1,0.646504780524047
"12317",191,"Ec_N",206,17,17,"Ec",18,1,0,0,0,1,0.646504780524047
"12318",191,"Ec_N",206,18,18,"Ec",18,1,0,0,0,1,0.646504780524047
"12319",191,"Ec_N",206,19,19,"Ec",18,1,0,0,0,1,0.646504780524047
"12320",191,"Ec_N",206,20,20,"Ec",18,1,0,0,0,1,0.646504780524047
"12321",191,"Ec_N",206,21,21,"Ec",18,1,0,0,0,1,0.646504780524047
"12322",191,"Ec_N",206,22,22,"Ec",18,1,0,0,0,1,0.646504780524047
"12323",191,"Ec_N",206,23,23,"Ec",18,1,0,0,0,1,0.646504780524047
"12324",191,"Ec_N",206,24,24,"Ec",18,1,0,0,0,1,0.646504780524047
"12325",191,"Ec_N",206,25,25,"Ec",18,1,0,0,0,1,0.646504780524047
"12326",191,"Ec_N",206,26,26,"Ec",18,1,0,0,0,1,0.646504780524047
"12327",191,"Ec_N",206,27,27,"Ec",18,1,0,0,0,1,0.646504780524047
"12328",191,"Ec_N",206,28,28,"Ec",18,1,0,0,0,1,0.646504780524047
"12329",191,"Ec_N",206,29,29,"Ec",18,1,0,0,0,1,0.646504780524047
"12330",191,"Ec_N",206,30,30,"Ec",18,1,0,0,0,1,0.646504780524047
"12331",191,"Ec_N",206,31,31,"Ec",18,1,0,0,0,1,0.646504780524047
"12332",191,"Ec_N",206,32,32,"Ec",18,1,0,0,0,1,0.646504780524047
"12333",191,"Ec_N",206,33,33,"Ec",18,1,0,0,0,1,0.646504780524047
"12334",191,"Ec_N",206,34,34,"Ec",18,1,0,0,0,1,0.646504780524047
"12335",191,"Ec_N",206,35,35,"Ec",18,1,0,0,0,1,0.646504780524047
"12336",191,"Ec_N",206,36,36,"Ec",18,1,0,0,0,1,0.646504780524047
"12337",191,"Ec_N",206,37,37,"Ec",18,1,0,0,0,1,0.646504780524047
"12338",191,"Ec_N",206,38,38,"Ec",18,1,0,0,0,1,0.646504780524047
"12339",191,"Ec_N",206,39,39,"Ec",18,1,0,0,0,1,0.646504780524047
"12340",191,"Ec_N",206,40,40,"Ec",22,1,0,1,0,1,0.92522428176681
"12341",191,"Ec_N",206,41,41,"Ec",22,1,0,1,0,1,0.92522428176681
"12342",191,"Ec_N",206,42,42,"Ec",22,1,0,1,0,1,0.92522428176681
"12343",191,"Ec_N",206,43,43,"Ec",22,1,0,1,0,1,0.92522428176681
"12344",191,"Ec_N",206,44,44,"Ec",22,1,0,1,0,1,0.92522428176681
"12345",191,"Ec_N",206,45,45,"Ec",22,1,0,1,0,1,0.92522428176681
"12346",191,"Ec_N",206,46,46,"Ec",22,1,0,1,0,1,0.92522428176681
"12347",191,"Ec_N",206,47,47,"Ec",22,1,0,1,0,1,0.92522428176681
"12348",191,"Ec_N",206,48,48,"Ec",22,1,0,1,0,1,0.92522428176681
"12349",191,"Ec_N",206,49,49,"Ec",24,1,1,1,0,1,0.969458006928044
"12350",191,"Ec_N",206,50,50,"Ec",24,1,1,1,0,1,0.969458006928044
"12351",191,"Ec_N",206,51,51,"Ec",24,1,1,1,0,1,0.969458006928044
"12352",191,"Ec_N",206,52,52,"Ec",24,1,1,1,0,1,0.969458006928044
"12353",191,"Ec_N",206,53,53,"Ec",24,1,1,1,0,1,0.969458006928044
"12354",191,"Ec_N",206,54,54,"Ec",24,1,1,1,0,1,0.969458006928044
"12355",191,"Ec_N",206,55,55,"Ec",24,1,1,1,0,1,0.969458006928044
"12356",191,"Ec_N",206,56,56,"Ec",24,1,1,1,0,1,0.969458006928044
"12357",191,"Ec_N",206,57,57,"Ec",24,1,1,1,0,1,0.969458006928044
"12358",191,"Ec_N",206,58,58,"Ec",32,1,1,1,1,1,1
"12359",191,"Ec_N",206,59,59,"Ec",32,1,1,1,1,1,1
"12360",191,"Ec_N",206,60,60,"Ec",32,1,1,1,1,1,1
"12361",191,"Ec_N",207,1,1,"Ec",1,0,0,0,0,0,0
"12362",191,"Ec_N",207,2,2,"Ec",1,0,0,0,0,0,0
"12363",191,"Ec_N",207,3,3,"Ec",1,0,0,0,0,0,0
"12364",191,"Ec_N",207,4,4,"Ec",1,0,0,0,0,0,0
"12365",191,"Ec_N",207,5,5,"Ec",1,0,0,0,0,0,0
"12366",191,"Ec_N",207,6,6,"Ec",9,0,0,0,1,0,0.0305419930719563
"12367",191,"Ec_N",207,7,7,"Ec",9,0,0,0,1,0,0.0305419930719563
"12368",191,"Ec_N",207,8,8,"Ec",9,0,0,0,1,0,0.0305419930719563
"12369",191,"Ec_N",207,9,9,"Ec",9,0,0,0,1,0,0.0305419930719563
"12370",191,"Ec_N",207,10,10,"Ec",10,1,0,0,1,0,0.228562363617893
"12371",191,"Ec_N",207,11,11,"Ec",10,1,0,0,1,0,0.228562363617893
"12372",191,"Ec_N",207,12,12,"Ec",10,1,0,0,1,0,0.228562363617893
"12373",191,"Ec_N",207,13,13,"Ec",10,1,0,0,1,0,0.228562363617893
"12374",191,"Ec_N",207,14,14,"Ec",10,1,0,0,1,0,0.228562363617893
"12375",191,"Ec_N",207,15,15,"Ec",10,1,0,0,1,0,0.228562363617893
"12376",191,"Ec_N",207,16,16,"Ec",14,1,0,1,1,0,0.746777083195453
"12377",191,"Ec_N",207,17,17,"Ec",14,1,0,1,1,0,0.746777083195453
"12378",191,"Ec_N",207,18,18,"Ec",30,1,0,1,1,1,0.958688519948705
"12379",191,"Ec_N",207,19,19,"Ec",30,1,0,1,1,1,0.958688519948705
"12380",191,"Ec_N",207,20,20,"Ec",30,1,0,1,1,1,0.958688519948705
"12381",191,"Ec_N",207,21,21,"Ec",30,1,0,1,1,1,0.958688519948705
"12382",191,"Ec_N",207,22,22,"Ec",30,1,0,1,1,1,0.958688519948705
"12383",191,"Ec_N",207,23,23,"Ec",30,1,0,1,1,1,0.958688519948705
"12384",191,"Ec_N",207,24,24,"Ec",30,1,0,1,1,1,0.958688519948705
"12385",191,"Ec_N",207,25,25,"Ec",30,1,0,1,1,1,0.958688519948705
"12386",191,"Ec_N",207,26,26,"Ec",30,1,0,1,1,1,0.958688519948705
"12387",191,"Ec_N",207,27,27,"Ec",30,1,0,1,1,1,0.958688519948705
"12388",191,"Ec_N",207,28,28,"Ec",30,1,0,1,1,1,0.958688519948705
"12389",191,"Ec_N",207,29,29,"Ec",30,1,0,1,1,1,0.958688519948705
"12390",191,"Ec_N",207,30,30,"Ec",30,1,0,1,1,1,0.958688519948705
"12391",191,"Ec_N",207,31,31,"Ec",30,1,0,1,1,1,0.958688519948705
"12392",191,"Ec_N",207,32,32,"Ec",30,1,0,1,1,1,0.958688519948705
"12393",191,"Ec_N",207,33,33,"Ec",30,1,0,1,1,1,0.958688519948705
"12394",191,"Ec_N",207,34,34,"Ec",30,1,0,1,1,1,0.958688519948705
"12395",191,"Ec_N",207,35,35,"Ec",30,1,0,1,1,1,0.958688519948705
"12396",191,"Ec_N",207,36,36,"Ec",30,1,0,1,1,1,0.958688519948705
"12397",191,"Ec_N",207,37,37,"Ec",30,1,0,1,1,1,0.958688519948705
"12398",191,"Ec_N",207,38,38,"Ec",30,1,0,1,1,1,0.958688519948705
"12399",191,"Ec_N",207,39,39,"Ec",30,1,0,1,1,1,0.958688519948705
"12400",191,"Ec_N",207,40,40,"Ec",30,1,0,1,1,1,0.958688519948705
"12401",191,"Ec_N",207,41,41,"Ec",30,1,0,1,1,1,0.958688519948705
"12402",191,"Ec_N",207,42,42,"Ec",30,1,0,1,1,1,0.958688519948705
"12403",191,"Ec_N",207,43,43,"Ec",30,1,0,1,1,1,0.958688519948705
"12404",191,"Ec_N",207,44,44,"Ec",30,1,0,1,1,1,0.958688519948705
"12405",191,"Ec_N",207,45,45,"Ec",30,1,0,1,1,1,0.958688519948705
"12406",191,"Ec_N",207,46,46,"Ec",30,1,0,1,1,1,0.958688519948705
"12407",191,"Ec_N",207,47,47,"Ec",30,1,0,1,1,1,0.958688519948705
"12408",191,"Ec_N",207,48,48,"Ec",32,1,1,1,1,1,1
"12409",191,"Ec_N",207,49,49,"Ec",32,1,1,1,1,1,1
"12410",191,"Ec_N",207,50,50,"Ec",32,1,1,1,1,1,1
"12411",191,"Ec_N",207,51,51,"Ec",32,1,1,1,1,1,1
"12412",191,"Ec_N",207,52,52,"Ec",32,1,1,1,1,1,1
"12413",191,"Ec_N",207,53,53,"Ec",32,1,1,1,1,1,1
"12414",191,"Ec_N",207,54,54,"Ec",32,1,1,1,1,1,1
"12415",191,"Ec_N",207,55,55,"Ec",32,1,1,1,1,1,1
"12416",191,"Ec_N",207,56,56,"Ec",32,1,1,1,1,1,1
"12417",191,"Ec_N",207,57,57,"Ec",32,1,1,1,1,1,1
"12418",191,"Ec_N",207,58,58,"Ec",32,1,1,1,1,1,1
"12419",191,"Ec_N",207,59,59,"Ec",32,1,1,1,1,1,1
"12420",191,"Ec_N",207,60,60,"Ec",32,1,1,1,1,1,1
"12421",191,"Ec_N",208,1,1,"Ec",1,0,0,0,0,0,0
"12422",191,"Ec_N",208,2,2,"Ec",1,0,0,0,0,0,0
"12423",191,"Ec_N",208,3,3,"Ec",1,0,0,0,0,0,0
"12424",191,"Ec_N",208,4,4,"Ec",1,0,0,0,0,0,0
"12425",191,"Ec_N",208,5,5,"Ec",1,0,0,0,0,0,0
"12426",191,"Ec_N",208,6,6,"Ec",1,0,0,0,0,0,0
"12427",191,"Ec_N",208,7,7,"Ec",9,0,0,0,1,0,0.0305419930719563
"12428",191,"Ec_N",208,8,8,"Ec",9,0,0,0,1,0,0.0305419930719563
"12429",191,"Ec_N",208,9,9,"Ec",9,0,0,0,1,0,0.0305419930719563
"12430",191,"Ec_N",208,10,10,"Ec",9,0,0,0,1,0,0.0305419930719563
"12431",191,"Ec_N",208,11,11,"Ec",9,0,0,0,1,0,0.0305419930719563
"12432",191,"Ec_N",208,12,12,"Ec",25,0,0,0,1,1,0.403163568932085
"12433",191,"Ec_N",208,13,13,"Ec",25,0,0,0,1,1,0.403163568932085
"12434",191,"Ec_N",208,14,14,"Ec",25,0,0,0,1,1,0.403163568932085
"12435",191,"Ec_N",208,15,15,"Ec",29,0,0,1,1,1,0.760668149402769
"12436",191,"Ec_N",208,16,16,"Ec",29,0,0,1,1,1,0.760668149402769
"12437",191,"Ec_N",208,17,17,"Ec",31,0,1,1,1,1,0.801979629454064
"12438",191,"Ec_N",208,18,18,"Ec",31,0,1,1,1,1,0.801979629454064
"12439",191,"Ec_N",208,19,19,"Ec",31,0,1,1,1,1,0.801979629454064
"12440",191,"Ec_N",208,20,20,"Ec",32,1,1,1,1,1,1
"12441",191,"Ec_N",208,21,21,"Ec",32,1,1,1,1,1,1
"12442",191,"Ec_N",208,22,22,"Ec",32,1,1,1,1,1,1
"12443",191,"Ec_N",208,23,23,"Ec",32,1,1,1,1,1,1
"12444",191,"Ec_N",208,24,24,"Ec",32,1,1,1,1,1,1
"12445",191,"Ec_N",208,25,25,"Ec",32,1,1,1,1,1,1
"12446",191,"Ec_N",208,26,26,"Ec",32,1,1,1,1,1,1
"12447",191,"Ec_N",208,27,27,"Ec",32,1,1,1,1,1,1
"12448",191,"Ec_N",208,28,28,"Ec",32,1,1,1,1,1,1
"12449",191,"Ec_N",208,29,29,"Ec",32,1,1,1,1,1,1
"12450",191,"Ec_N",208,30,30,"Ec",32,1,1,1,1,1,1
"12451",191,"Ec_N",208,31,31,"Ec",32,1,1,1,1,1,1
"12452",191,"Ec_N",208,32,32,"Ec",32,1,1,1,1,1,1
"12453",191,"Ec_N",208,33,33,"Ec",32,1,1,1,1,1,1
"12454",191,"Ec_N",208,34,34,"Ec",32,1,1,1,1,1,1
"12455",191,"Ec_N",208,35,35,"Ec",32,1,1,1,1,1,1
"12456",191,"Ec_N",208,36,36,"Ec",32,1,1,1,1,1,1
"12457",191,"Ec_N",208,37,37,"Ec",32,1,1,1,1,1,1
"12458",191,"Ec_N",208,38,38,"Ec",32,1,1,1,1,1,1
"12459",191,"Ec_N",208,39,39,"Ec",32,1,1,1,1,1,1
"12460",191,"Ec_N",208,40,40,"Ec",32,1,1,1,1,1,1
"12461",191,"Ec_N",208,41,41,"Ec",32,1,1,1,1,1,1
"12462",191,"Ec_N",208,42,42,"Ec",32,1,1,1,1,1,1
"12463",191,"Ec_N",208,43,43,"Ec",32,1,1,1,1,1,1
"12464",191,"Ec_N",208,44,44,"Ec",32,1,1,1,1,1,1
"12465",191,"Ec_N",208,45,45,"Ec",32,1,1,1,1,1,1
"12466",191,"Ec_N",208,46,46,"Ec",32,1,1,1,1,1,1
"12467",191,"Ec_N",208,47,47,"Ec",32,1,1,1,1,1,1
"12468",191,"Ec_N",208,48,48,"Ec",32,1,1,1,1,1,1
"12469",191,"Ec_N",208,49,49,"Ec",32,1,1,1,1,1,1
"12470",191,"Ec_N",208,50,50,"Ec",32,1,1,1,1,1,1
"12471",191,"Ec_N",208,51,51,"Ec",32,1,1,1,1,1,1
"12472",191,"Ec_N",208,52,52,"Ec",32,1,1,1,1,1,1
"12473",191,"Ec_N",208,53,53,"Ec",32,1,1,1,1,1,1
"12474",191,"Ec_N",208,54,54,"Ec",32,1,1,1,1,1,1
"12475",191,"Ec_N",208,55,55,"Ec",32,1,1,1,1,1,1
"12476",191,"Ec_N",208,56,56,"Ec",32,1,1,1,1,1,1
"12477",191,"Ec_N",208,57,57,"Ec",32,1,1,1,1,1,1
"12478",191,"Ec_N",208,58,58,"Ec",32,1,1,1,1,1,1
"12479",191,"Ec_N",208,59,59,"Ec",32,1,1,1,1,1,1
"12480",191,"Ec_N",208,60,60,"Ec",32,1,1,1,1,1,1
"12481",191,"Ec_N",209,1,1,"Ec",1,0,0,0,0,0,0
"12482",191,"Ec_N",209,2,2,"Ec",1,0,0,0,0,0,0
"12483",191,"Ec_N",209,3,3,"Ec",1,0,0,0,0,0,0
"12484",191,"Ec_N",209,4,4,"Ec",1,0,0,0,0,0,0
"12485",191,"Ec_N",209,5,5,"Ec",1,0,0,0,0,0,0
"12486",191,"Ec_N",209,6,6,"Ec",1,0,0,0,0,0,0
"12487",191,"Ec_N",209,7,7,"Ec",1,0,0,0,0,0,0
"12488",191,"Ec_N",209,8,8,"Ec",17,0,0,0,0,1,0.229834113103391
"12489",191,"Ec_N",209,9,9,"Ec",17,0,0,0,0,1,0.229834113103391
"12490",191,"Ec_N",209,10,10,"Ec",17,0,0,0,0,1,0.229834113103391
"12491",191,"Ec_N",209,11,11,"Ec",17,0,0,0,0,1,0.229834113103391
"12492",191,"Ec_N",209,12,12,"Ec",17,0,0,0,0,1,0.229834113103391
"12493",191,"Ec_N",209,13,13,"Ec",17,0,0,0,0,1,0.229834113103391
"12494",191,"Ec_N",209,14,14,"Ec",17,0,0,0,0,1,0.229834113103391
"12495",191,"Ec_N",209,15,15,"Ec",17,0,0,0,0,1,0.229834113103391
"12496",191,"Ec_N",209,16,16,"Ec",17,0,0,0,0,1,0.229834113103391
"12497",191,"Ec_N",209,17,17,"Ec",17,0,0,0,0,1,0.229834113103391
"12498",191,"Ec_N",209,18,18,"Ec",17,0,0,0,0,1,0.229834113103391
"12499",191,"Ec_N",209,19,19,"Ec",17,0,0,0,0,1,0.229834113103391
"12500",191,"Ec_N",209,20,20,"Ec",19,0,1,0,0,1,0.427300415500348
"12501",191,"Ec_N",209,21,21,"Ec",19,0,1,0,0,1,0.427300415500348
"12502",191,"Ec_N",209,22,22,"Ec",19,0,1,0,0,1,0.427300415500348
"12503",191,"Ec_N",209,23,23,"Ec",19,0,1,0,0,1,0.427300415500348
"12504",191,"Ec_N",209,24,24,"Ec",19,0,1,0,0,1,0.427300415500348
"12505",191,"Ec_N",209,25,25,"Ec",19,0,1,0,0,1,0.427300415500348
"12506",191,"Ec_N",209,26,26,"Ec",19,0,1,0,0,1,0.427300415500348
"12507",191,"Ec_N",209,27,27,"Ec",19,0,1,0,0,1,0.427300415500348
"12508",191,"Ec_N",209,28,28,"Ec",19,0,1,0,0,1,0.427300415500348
"12509",191,"Ec_N",209,29,29,"Ec",19,0,1,0,0,1,0.427300415500348
"12510",191,"Ec_N",209,30,30,"Ec",19,0,1,0,0,1,0.427300415500348
"12511",191,"Ec_N",209,31,31,"Ec",19,0,1,0,0,1,0.427300415500348
"12512",191,"Ec_N",209,32,32,"Ec",23,0,1,1,0,1,0.616809062130864
"12513",191,"Ec_N",209,33,33,"Ec",31,0,1,1,1,1,0.801979629454064
"12514",191,"Ec_N",209,34,34,"Ec",31,0,1,1,1,1,0.801979629454064
"12515",191,"Ec_N",209,35,35,"Ec",31,0,1,1,1,1,0.801979629454064
"12516",191,"Ec_N",209,36,36,"Ec",31,0,1,1,1,1,0.801979629454064
"12517",191,"Ec_N",209,37,37,"Ec",31,0,1,1,1,1,0.801979629454064
"12518",191,"Ec_N",209,38,38,"Ec",31,0,1,1,1,1,0.801979629454064
"12519",191,"Ec_N",209,39,39,"Ec",31,0,1,1,1,1,0.801979629454064
"12520",191,"Ec_N",209,40,40,"Ec",31,0,1,1,1,1,0.801979629454064
"12521",191,"Ec_N",209,41,41,"Ec",31,0,1,1,1,1,0.801979629454064
"12522",191,"Ec_N",209,42,42,"Ec",31,0,1,1,1,1,0.801979629454064
"12523",191,"Ec_N",209,43,43,"Ec",31,0,1,1,1,1,0.801979629454064
"12524",191,"Ec_N",209,44,44,"Ec",31,0,1,1,1,1,0.801979629454064
"12525",191,"Ec_N",209,45,45,"Ec",31,0,1,1,1,1,0.801979629454064
"12526",191,"Ec_N",209,46,46,"Ec",31,0,1,1,1,1,0.801979629454064
"12527",191,"Ec_N",209,47,47,"Ec",31,0,1,1,1,1,0.801979629454064
"12528",191,"Ec_N",209,48,48,"Ec",31,0,1,1,1,1,0.801979629454064
"12529",191,"Ec_N",209,49,49,"Ec",31,0,1,1,1,1,0.801979629454064
"12530",191,"Ec_N",209,50,50,"Ec",31,0,1,1,1,1,0.801979629454064
"12531",191,"Ec_N",209,51,51,"Ec",31,0,1,1,1,1,0.801979629454064
"12532",191,"Ec_N",209,52,52,"Ec",31,0,1,1,1,1,0.801979629454064
"12533",191,"Ec_N",209,53,53,"Ec",31,0,1,1,1,1,0.801979629454064
"12534",191,"Ec_N",209,54,54,"Ec",31,0,1,1,1,1,0.801979629454064
"12535",191,"Ec_N",209,55,55,"Ec",31,0,1,1,1,1,0.801979629454064
"12536",191,"Ec_N",209,56,56,"Ec",31,0,1,1,1,1,0.801979629454064
"12537",191,"Ec_N",209,57,57,"Ec",31,0,1,1,1,1,0.801979629454064
"12538",191,"Ec_N",209,58,58,"Ec",31,0,1,1,1,1,0.801979629454064
"12539",191,"Ec_N",209,59,59,"Ec",31,0,1,1,1,1,0.801979629454064
"12540",191,"Ec_N",209,60,60,"Ec",31,0,1,1,1,1,0.801979629454064
"12541",191,"Ec_N",210,1,1,"Ec",1,0,0,0,0,0,0
"12542",191,"Ec_N",210,2,2,"Ec",1,0,0,0,0,0,0
"12543",191,"Ec_N",210,3,3,"Ec",9,0,0,0,1,0,0.0305419930719563
"12544",191,"Ec_N",210,4,4,"Ec",9,0,0,0,1,0,0.0305419930719563
"12545",191,"Ec_N",210,5,5,"Ec",9,0,0,0,1,0,0.0305419930719563
"12546",191,"Ec_N",210,6,6,"Ec",9,0,0,0,1,0,0.0305419930719563
"12547",191,"Ec_N",210,7,7,"Ec",9,0,0,0,1,0,0.0305419930719563
"12548",191,"Ec_N",210,8,8,"Ec",9,0,0,0,1,0,0.0305419930719563
"12549",191,"Ec_N",210,9,9,"Ec",9,0,0,0,1,0,0.0305419930719563
"12550",191,"Ec_N",210,10,10,"Ec",9,0,0,0,1,0,0.0305419930719563
"12551",191,"Ec_N",210,11,11,"Ec",25,0,0,0,1,1,0.403163568932085
"12552",191,"Ec_N",210,12,12,"Ec",25,0,0,0,1,1,0.403163568932085
"12553",191,"Ec_N",210,13,13,"Ec",25,0,0,0,1,1,0.403163568932085
"12554",191,"Ec_N",210,14,14,"Ec",25,0,0,0,1,1,0.403163568932085
"12555",191,"Ec_N",210,15,15,"Ec",25,0,0,0,1,1,0.403163568932085
"12556",191,"Ec_N",210,16,16,"Ec",25,0,0,0,1,1,0.403163568932085
"12557",191,"Ec_N",210,17,17,"Ec",25,0,0,0,1,1,0.403163568932085
"12558",191,"Ec_N",210,18,18,"Ec",25,0,0,0,1,1,0.403163568932085
"12559",191,"Ec_N",210,19,19,"Ec",25,0,0,0,1,1,0.403163568932085
"12560",191,"Ec_N",210,20,20,"Ec",25,0,0,0,1,1,0.403163568932085
"12561",191,"Ec_N",210,21,21,"Ec",26,1,0,0,1,1,0.514384015075299
"12562",191,"Ec_N",210,22,22,"Ec",18,1,0,0,0,1,0.646504780524047
"12563",191,"Ec_N",210,23,23,"Ec",18,1,0,0,0,1,0.646504780524047
"12564",191,"Ec_N",210,24,24,"Ec",18,1,0,0,0,1,0.646504780524047
"12565",191,"Ec_N",210,25,25,"Ec",18,1,0,0,0,1,0.646504780524047
"12566",191,"Ec_N",210,26,26,"Ec",18,1,0,0,0,1,0.646504780524047
"12567",191,"Ec_N",210,27,27,"Ec",18,1,0,0,0,1,0.646504780524047
"12568",191,"Ec_N",210,28,28,"Ec",18,1,0,0,0,1,0.646504780524047
"12569",191,"Ec_N",210,29,29,"Ec",18,1,0,0,0,1,0.646504780524047
"12570",191,"Ec_N",210,30,30,"Ec",18,1,0,0,0,1,0.646504780524047
"12571",191,"Ec_N",210,31,31,"Ec",18,1,0,0,0,1,0.646504780524047
"12572",191,"Ec_N",210,32,32,"Ec",18,1,0,0,0,1,0.646504780524047
"12573",191,"Ec_N",210,33,33,"Ec",18,1,0,0,0,1,0.646504780524047
"12574",191,"Ec_N",210,34,34,"Ec",18,1,0,0,0,1,0.646504780524047
"12575",191,"Ec_N",210,35,35,"Ec",18,1,0,0,0,1,0.646504780524047
"12576",191,"Ec_N",210,36,36,"Ec",18,1,0,0,0,1,0.646504780524047
"12577",191,"Ec_N",210,37,37,"Ec",18,1,0,0,0,1,0.646504780524047
"12578",191,"Ec_N",210,38,38,"Ec",18,1,0,0,0,1,0.646504780524047
"12579",191,"Ec_N",210,39,39,"Ec",18,1,0,0,0,1,0.646504780524047
"12580",191,"Ec_N",210,40,40,"Ec",22,1,0,1,0,1,0.92522428176681
"12581",191,"Ec_N",210,41,41,"Ec",22,1,0,1,0,1,0.92522428176681
"12582",191,"Ec_N",210,42,42,"Ec",22,1,0,1,0,1,0.92522428176681
"12583",191,"Ec_N",210,43,43,"Ec",22,1,0,1,0,1,0.92522428176681
"12584",191,"Ec_N",210,44,44,"Ec",22,1,0,1,0,1,0.92522428176681
"12585",191,"Ec_N",210,45,45,"Ec",22,1,0,1,0,1,0.92522428176681
"12586",191,"Ec_N",210,46,46,"Ec",22,1,0,1,0,1,0.92522428176681
"12587",191,"Ec_N",210,47,47,"Ec",22,1,0,1,0,1,0.92522428176681
"12588",191,"Ec_N",210,48,48,"Ec",22,1,0,1,0,1,0.92522428176681
"12589",191,"Ec_N",210,49,49,"Ec",22,1,0,1,0,1,0.92522428176681
"12590",191,"Ec_N",210,50,50,"Ec",22,1,0,1,0,1,0.92522428176681
"12591",191,"Ec_N",210,51,51,"Ec",22,1,0,1,0,1,0.92522428176681
"12592",191,"Ec_N",210,52,52,"Ec",22,1,0,1,0,1,0.92522428176681
"12593",191,"Ec_N",210,53,53,"Ec",22,1,0,1,0,1,0.92522428176681
"12594",191,"Ec_N",210,54,54,"Ec",22,1,0,1,0,1,0.92522428176681
"12595",191,"Ec_N",210,55,55,"Ec",22,1,0,1,0,1,0.92522428176681
"12596",191,"Ec_N",210,56,56,"Ec",22,1,0,1,0,1,0.92522428176681
"12597",191,"Ec_N",210,57,57,"Ec",22,1,0,1,0,1,0.92522428176681
"12598",191,"Ec_N",210,58,58,"Ec",22,1,0,1,0,1,0.92522428176681
"12599",191,"Ec_N",210,59,59,"Ec",22,1,0,1,0,1,0.92522428176681
"12600",191,"Ec_N",210,60,60,"Ec",22,1,0,1,0,1,0.92522428176681
"12601",191,"Ec_N",211,1,1,"Ec",1,0,0,0,0,0,0
"12602",191,"Ec_N",211,2,2,"Ec",1,0,0,0,0,0,0
"12603",191,"Ec_N",211,3,3,"Ec",1,0,0,0,0,0,0
"12604",191,"Ec_N",211,4,4,"Ec",1,0,0,0,0,0,0
"12605",191,"Ec_N",211,5,5,"Ec",1,0,0,0,0,0,0
"12606",191,"Ec_N",211,6,6,"Ec",1,0,0,0,0,0,0
"12607",191,"Ec_N",211,7,7,"Ec",1,0,0,0,0,0,0
"12608",191,"Ec_N",211,8,8,"Ec",1,0,0,0,0,0,0
"12609",191,"Ec_N",211,9,9,"Ec",1,0,0,0,0,0,0
"12610",191,"Ec_N",211,10,10,"Ec",9,0,0,0,1,0,0.0305419930719563
"12611",191,"Ec_N",211,11,11,"Ec",9,0,0,0,1,0,0.0305419930719563
"12612",191,"Ec_N",211,12,12,"Ec",10,1,0,0,1,0,0.228562363617893
"12613",191,"Ec_N",211,13,13,"Ec",10,1,0,0,1,0,0.228562363617893
"12614",191,"Ec_N",211,14,14,"Ec",14,1,0,1,1,0,0.746777083195453
"12615",191,"Ec_N",211,15,15,"Ec",14,1,0,1,1,0,0.746777083195453
"12616",191,"Ec_N",211,16,16,"Ec",14,1,0,1,1,0,0.746777083195453
"12617",191,"Ec_N",211,17,17,"Ec",14,1,0,1,1,0,0.746777083195453
"12618",191,"Ec_N",211,18,18,"Ec",14,1,0,1,1,0,0.746777083195453
"12619",191,"Ec_N",211,19,19,"Ec",14,1,0,1,1,0,0.746777083195453
"12620",191,"Ec_N",211,20,20,"Ec",14,1,0,1,1,0,0.746777083195453
"12621",191,"Ec_N",211,21,21,"Ec",14,1,0,1,1,0,0.746777083195453
"12622",191,"Ec_N",211,22,22,"Ec",14,1,0,1,1,0,0.746777083195453
"12623",191,"Ec_N",211,23,23,"Ec",14,1,0,1,1,0,0.746777083195453
"12624",191,"Ec_N",211,24,24,"Ec",14,1,0,1,1,0,0.746777083195453
"12625",191,"Ec_N",211,25,25,"Ec",14,1,0,1,1,0,0.746777083195453
"12626",191,"Ec_N",211,26,26,"Ec",14,1,0,1,1,0,0.746777083195453
"12627",191,"Ec_N",211,27,27,"Ec",14,1,0,1,1,0,0.746777083195453
"12628",191,"Ec_N",211,28,28,"Ec",14,1,0,1,1,0,0.746777083195453
"12629",191,"Ec_N",211,29,29,"Ec",14,1,0,1,1,0,0.746777083195453
"12630",191,"Ec_N",211,30,30,"Ec",14,1,0,1,1,0,0.746777083195453
"12631",191,"Ec_N",211,31,31,"Ec",14,1,0,1,1,0,0.746777083195453
"12632",191,"Ec_N",211,32,32,"Ec",14,1,0,1,1,0,0.746777083195453
"12633",191,"Ec_N",211,33,33,"Ec",14,1,0,1,1,0,0.746777083195453
"12634",191,"Ec_N",211,34,34,"Ec",30,1,0,1,1,1,0.958688519948705
"12635",191,"Ec_N",211,35,35,"Ec",30,1,0,1,1,1,0.958688519948705
"12636",191,"Ec_N",211,36,36,"Ec",30,1,0,1,1,1,0.958688519948705
"12637",191,"Ec_N",211,37,37,"Ec",30,1,0,1,1,1,0.958688519948705
"12638",191,"Ec_N",211,38,38,"Ec",30,1,0,1,1,1,0.958688519948705
"12639",191,"Ec_N",211,39,39,"Ec",30,1,0,1,1,1,0.958688519948705
"12640",191,"Ec_N",211,40,40,"Ec",30,1,0,1,1,1,0.958688519948705
"12641",191,"Ec_N",211,41,41,"Ec",30,1,0,1,1,1,0.958688519948705
"12642",191,"Ec_N",211,42,42,"Ec",30,1,0,1,1,1,0.958688519948705
"12643",191,"Ec_N",211,43,43,"Ec",30,1,0,1,1,1,0.958688519948705
"12644",191,"Ec_N",211,44,44,"Ec",30,1,0,1,1,1,0.958688519948705
"12645",191,"Ec_N",211,45,45,"Ec",30,1,0,1,1,1,0.958688519948705
"12646",191,"Ec_N",211,46,46,"Ec",30,1,0,1,1,1,0.958688519948705
"12647",191,"Ec_N",211,47,47,"Ec",30,1,0,1,1,1,0.958688519948705
"12648",191,"Ec_N",211,48,48,"Ec",30,1,0,1,1,1,0.958688519948705
"12649",191,"Ec_N",211,49,49,"Ec",30,1,0,1,1,1,0.958688519948705
"12650",191,"Ec_N",211,50,50,"Ec",30,1,0,1,1,1,0.958688519948705
"12651",191,"Ec_N",211,51,51,"Ec",30,1,0,1,1,1,0.958688519948705
"12652",191,"Ec_N",211,52,52,"Ec",30,1,0,1,1,1,0.958688519948705
"12653",191,"Ec_N",211,53,53,"Ec",30,1,0,1,1,1,0.958688519948705
"12654",191,"Ec_N",211,54,54,"Ec",30,1,0,1,1,1,0.958688519948705
"12655",191,"Ec_N",211,55,55,"Ec",30,1,0,1,1,1,0.958688519948705
"12656",191,"Ec_N",211,56,56,"Ec",30,1,0,1,1,1,0.958688519948705
"12657",191,"Ec_N",211,57,57,"Ec",30,1,0,1,1,1,0.958688519948705
"12658",191,"Ec_N",211,58,58,"Ec",30,1,0,1,1,1,0.958688519948705
"12659",191,"Ec_N",211,59,59,"Ec",30,1,0,1,1,1,0.958688519948705
"12660",191,"Ec_N",211,60,60,"Ec",30,1,0,1,1,1,0.958688519948705
"12661",191,"Ec_N",212,1,1,"Ec",1,0,0,0,0,0,0
"12662",191,"Ec_N",212,2,2,"Ec",1,0,0,0,0,0,0
"12663",191,"Ec_N",212,3,3,"Ec",1,0,0,0,0,0,0
"12664",191,"Ec_N",212,4,4,"Ec",1,0,0,0,0,0,0
"12665",191,"Ec_N",212,5,5,"Ec",1,0,0,0,0,0,0
"12666",191,"Ec_N",212,6,6,"Ec",1,0,0,0,0,0,0
"12667",191,"Ec_N",212,7,7,"Ec",1,0,0,0,0,0,0
"12668",191,"Ec_N",212,8,8,"Ec",1,0,0,0,0,0,0
"12669",191,"Ec_N",212,9,9,"Ec",1,0,0,0,0,0,0
"12670",191,"Ec_N",212,10,10,"Ec",1,0,0,0,0,0,0
"12671",191,"Ec_N",212,11,11,"Ec",5,0,0,1,0,0,0.49313446766664
"12672",191,"Ec_N",212,12,12,"Ec",5,0,0,1,0,0,0.49313446766664
"12673",191,"Ec_N",212,13,13,"Ec",5,0,0,1,0,0,0.49313446766664
"12674",191,"Ec_N",212,14,14,"Ec",5,0,0,1,0,0,0.49313446766664
"12675",191,"Ec_N",212,15,15,"Ec",5,0,0,1,0,0,0.49313446766664
"12676",191,"Ec_N",212,16,16,"Ec",5,0,0,1,0,0,0.49313446766664
"12677",191,"Ec_N",212,17,17,"Ec",5,0,0,1,0,0,0.49313446766664
"12678",191,"Ec_N",212,18,18,"Ec",5,0,0,1,0,0,0.49313446766664
"12679",191,"Ec_N",212,19,19,"Ec",5,0,0,1,0,0,0.49313446766664
"12680",191,"Ec_N",212,20,20,"Ec",5,0,0,1,0,0,0.49313446766664
"12681",191,"Ec_N",212,21,21,"Ec",5,0,0,1,0,0,0.49313446766664
"12682",191,"Ec_N",212,22,22,"Ec",5,0,0,1,0,0,0.49313446766664
"12683",191,"Ec_N",212,23,23,"Ec",21,0,0,1,0,1,0.726280938342543
"12684",191,"Ec_N",212,24,24,"Ec",21,0,0,1,0,1,0.726280938342543
"12685",191,"Ec_N",212,25,25,"Ec",21,0,0,1,0,1,0.726280938342543
"12686",191,"Ec_N",212,26,26,"Ec",21,0,0,1,0,1,0.726280938342543
"12687",191,"Ec_N",212,27,27,"Ec",21,0,0,1,0,1,0.726280938342543
"12688",191,"Ec_N",212,28,28,"Ec",21,0,0,1,0,1,0.726280938342543
"12689",191,"Ec_N",212,29,29,"Ec",21,0,0,1,0,1,0.726280938342543
"12690",191,"Ec_N",212,30,30,"Ec",21,0,0,1,0,1,0.726280938342543
"12691",191,"Ec_N",212,31,31,"Ec",21,0,0,1,0,1,0.726280938342543
"12692",191,"Ec_N",212,32,32,"Ec",21,0,0,1,0,1,0.726280938342543
"12693",191,"Ec_N",212,33,33,"Ec",21,0,0,1,0,1,0.726280938342543
"12694",191,"Ec_N",212,34,34,"Ec",21,0,0,1,0,1,0.726280938342543
"12695",191,"Ec_N",212,35,35,"Ec",21,0,0,1,0,1,0.726280938342543
"12696",191,"Ec_N",212,36,36,"Ec",21,0,0,1,0,1,0.726280938342543
"12697",191,"Ec_N",212,37,37,"Ec",21,0,0,1,0,1,0.726280938342543
"12698",191,"Ec_N",212,38,38,"Ec",21,0,0,1,0,1,0.726280938342543
"12699",191,"Ec_N",212,39,39,"Ec",21,0,0,1,0,1,0.726280938342543
"12700",191,"Ec_N",212,40,40,"Ec",29,0,0,1,1,1,0.760668149402769
"12701",191,"Ec_N",212,41,41,"Ec",29,0,0,1,1,1,0.760668149402769
"12702",191,"Ec_N",212,42,42,"Ec",29,0,0,1,1,1,0.760668149402769
"12703",191,"Ec_N",212,43,43,"Ec",29,0,0,1,1,1,0.760668149402769
"12704",191,"Ec_N",212,44,44,"Ec",30,1,0,1,1,1,0.958688519948705
"12705",191,"Ec_N",212,45,45,"Ec",30,1,0,1,1,1,0.958688519948705
"12706",191,"Ec_N",212,46,46,"Ec",30,1,0,1,1,1,0.958688519948705
"12707",191,"Ec_N",212,47,47,"Ec",30,1,0,1,1,1,0.958688519948705
"12708",191,"Ec_N",212,48,48,"Ec",30,1,0,1,1,1,0.958688519948705
"12709",191,"Ec_N",212,49,49,"Ec",30,1,0,1,1,1,0.958688519948705
"12710",191,"Ec_N",212,50,50,"Ec",30,1,0,1,1,1,0.958688519948705
"12711",191,"Ec_N",212,51,51,"Ec",30,1,0,1,1,1,0.958688519948705
"12712",191,"Ec_N",212,52,52,"Ec",30,1,0,1,1,1,0.958688519948705
"12713",191,"Ec_N",212,53,53,"Ec",30,1,0,1,1,1,0.958688519948705
"12714",191,"Ec_N",212,54,54,"Ec",30,1,0,1,1,1,0.958688519948705
"12715",191,"Ec_N",212,55,55,"Ec",30,1,0,1,1,1,0.958688519948705
"12716",191,"Ec_N",212,56,56,"Ec",30,1,0,1,1,1,0.958688519948705
"12717",191,"Ec_N",212,57,57,"Ec",30,1,0,1,1,1,0.958688519948705
"12718",191,"Ec_N",212,58,58,"Ec",30,1,0,1,1,1,0.958688519948705
"12719",191,"Ec_N",212,59,59,"Ec",30,1,0,1,1,1,0.958688519948705
"12720",191,"Ec_N",212,60,60,"Ec",32,1,1,1,1,1,1
"12721",191,"Ec_N",213,1,1,"Ec",1,0,0,0,0,0,0
"12722",191,"Ec_N",213,2,2,"Ec",5,0,0,1,0,0,0.49313446766664
"12723",191,"Ec_N",213,3,3,"Ec",5,0,0,1,0,0,0.49313446766664
"12724",191,"Ec_N",213,4,4,"Ec",5,0,0,1,0,0,0.49313446766664
"12725",191,"Ec_N",213,5,5,"Ec",5,0,0,1,0,0,0.49313446766664
"12726",191,"Ec_N",213,6,6,"Ec",5,0,0,1,0,0,0.49313446766664
"12727",191,"Ec_N",213,7,7,"Ec",21,0,0,1,0,1,0.726280938342543
"12728",191,"Ec_N",213,8,8,"Ec",21,0,0,1,0,1,0.726280938342543
"12729",191,"Ec_N",213,9,9,"Ec",21,0,0,1,0,1,0.726280938342543
"12730",191,"Ec_N",213,10,10,"Ec",21,0,0,1,0,1,0.726280938342543
"12731",191,"Ec_N",213,11,11,"Ec",21,0,0,1,0,1,0.726280938342543
"12732",191,"Ec_N",213,12,12,"Ec",21,0,0,1,0,1,0.726280938342543
"12733",191,"Ec_N",213,13,13,"Ec",21,0,0,1,0,1,0.726280938342543
"12734",191,"Ec_N",213,14,14,"Ec",21,0,0,1,0,1,0.726280938342543
"12735",191,"Ec_N",213,15,15,"Ec",21,0,0,1,0,1,0.726280938342543
"12736",191,"Ec_N",213,16,16,"Ec",21,0,0,1,0,1,0.726280938342543
"12737",191,"Ec_N",213,17,17,"Ec",21,0,0,1,0,1,0.726280938342543
"12738",191,"Ec_N",213,18,18,"Ec",21,0,0,1,0,1,0.726280938342543
"12739",191,"Ec_N",213,19,19,"Ec",21,0,0,1,0,1,0.726280938342543
"12740",191,"Ec_N",213,20,20,"Ec",21,0,0,1,0,1,0.726280938342543
"12741",191,"Ec_N",213,21,21,"Ec",29,0,0,1,1,1,0.760668149402769
"12742",191,"Ec_N",213,22,22,"Ec",29,0,0,1,1,1,0.760668149402769
"12743",191,"Ec_N",213,23,23,"Ec",31,0,1,1,1,1,0.801979629454064
"12744",191,"Ec_N",213,24,24,"Ec",31,0,1,1,1,1,0.801979629454064
"12745",191,"Ec_N",213,25,25,"Ec",31,0,1,1,1,1,0.801979629454064
"12746",191,"Ec_N",213,26,26,"Ec",31,0,1,1,1,1,0.801979629454064
"12747",191,"Ec_N",213,27,27,"Ec",31,0,1,1,1,1,0.801979629454064
"12748",191,"Ec_N",213,28,28,"Ec",31,0,1,1,1,1,0.801979629454064
"12749",191,"Ec_N",213,29,29,"Ec",31,0,1,1,1,1,0.801979629454064
"12750",191,"Ec_N",213,30,30,"Ec",31,0,1,1,1,1,0.801979629454064
"12751",191,"Ec_N",213,31,31,"Ec",31,0,1,1,1,1,0.801979629454064
"12752",191,"Ec_N",213,32,32,"Ec",31,0,1,1,1,1,0.801979629454064
"12753",191,"Ec_N",213,33,33,"Ec",31,0,1,1,1,1,0.801979629454064
"12754",191,"Ec_N",213,34,34,"Ec",31,0,1,1,1,1,0.801979629454064
"12755",191,"Ec_N",213,35,35,"Ec",31,0,1,1,1,1,0.801979629454064
"12756",191,"Ec_N",213,36,36,"Ec",31,0,1,1,1,1,0.801979629454064
"12757",191,"Ec_N",213,37,37,"Ec",31,0,1,1,1,1,0.801979629454064
"12758",191,"Ec_N",213,38,38,"Ec",31,0,1,1,1,1,0.801979629454064
"12759",191,"Ec_N",213,39,39,"Ec",31,0,1,1,1,1,0.801979629454064
"12760",191,"Ec_N",213,40,40,"Ec",31,0,1,1,1,1,0.801979629454064
"12761",191,"Ec_N",213,41,41,"Ec",31,0,1,1,1,1,0.801979629454064
"12762",191,"Ec_N",213,42,42,"Ec",31,0,1,1,1,1,0.801979629454064
"12763",191,"Ec_N",213,43,43,"Ec",31,0,1,1,1,1,0.801979629454064
"12764",191,"Ec_N",213,44,44,"Ec",31,0,1,1,1,1,0.801979629454064
"12765",191,"Ec_N",213,45,45,"Ec",31,0,1,1,1,1,0.801979629454064
"12766",191,"Ec_N",213,46,46,"Ec",31,0,1,1,1,1,0.801979629454064
"12767",191,"Ec_N",213,47,47,"Ec",31,0,1,1,1,1,0.801979629454064
"12768",191,"Ec_N",213,48,48,"Ec",31,0,1,1,1,1,0.801979629454064
"12769",191,"Ec_N",213,49,49,"Ec",31,0,1,1,1,1,0.801979629454064
"12770",191,"Ec_N",213,50,50,"Ec",31,0,1,1,1,1,0.801979629454064
"12771",191,"Ec_N",213,51,51,"Ec",31,0,1,1,1,1,0.801979629454064
"12772",191,"Ec_N",213,52,52,"Ec",31,0,1,1,1,1,0.801979629454064
"12773",191,"Ec_N",213,53,53,"Ec",31,0,1,1,1,1,0.801979629454064
"12774",191,"Ec_N",213,54,54,"Ec",32,1,1,1,1,1,1
"12775",191,"Ec_N",213,55,55,"Ec",32,1,1,1,1,1,1
"12776",191,"Ec_N",213,56,56,"Ec",32,1,1,1,1,1,1
"12777",191,"Ec_N",213,57,57,"Ec",32,1,1,1,1,1,1
"12778",191,"Ec_N",213,58,58,"Ec",32,1,1,1,1,1,1
"12779",191,"Ec_N",213,59,59,"Ec",32,1,1,1,1,1,1
"12780",191,"Ec_N",213,60,60,"Ec",32,1,1,1,1,1,1
"12781",191,"Ec_N",214,1,1,"Ec",1,0,0,0,0,0,0
"12782",191,"Ec_N",214,2,2,"Ec",1,0,0,0,0,0,0
"12783",191,"Ec_N",214,3,3,"Ec",1,0,0,0,0,0,0
"12784",191,"Ec_N",214,4,4,"Ec",9,0,0,0,1,0,0.0305419930719563
"12785",191,"Ec_N",214,5,5,"Ec",9,0,0,0,1,0,0.0305419930719563
"12786",191,"Ec_N",214,6,6,"Ec",9,0,0,0,1,0,0.0305419930719563
"12787",191,"Ec_N",214,7,7,"Ec",9,0,0,0,1,0,0.0305419930719563
"12788",191,"Ec_N",214,8,8,"Ec",10,1,0,0,1,0,0.228562363617893
"12789",191,"Ec_N",214,9,9,"Ec",10,1,0,0,1,0,0.228562363617893
"12790",191,"Ec_N",214,10,10,"Ec",10,1,0,0,1,0,0.228562363617893
"12791",191,"Ec_N",214,11,11,"Ec",10,1,0,0,1,0,0.228562363617893
"12792",191,"Ec_N",214,12,12,"Ec",14,1,0,1,1,0,0.746777083195453
"12793",191,"Ec_N",214,13,13,"Ec",14,1,0,1,1,0,0.746777083195453
"12794",191,"Ec_N",214,14,14,"Ec",14,1,0,1,1,0,0.746777083195453
"12795",191,"Ec_N",214,15,15,"Ec",14,1,0,1,1,0,0.746777083195453
"12796",191,"Ec_N",214,16,16,"Ec",14,1,0,1,1,0,0.746777083195453
"12797",191,"Ec_N",214,17,17,"Ec",14,1,0,1,1,0,0.746777083195453
"12798",191,"Ec_N",214,18,18,"Ec",14,1,0,1,1,0,0.746777083195453
"12799",191,"Ec_N",214,19,19,"Ec",14,1,0,1,1,0,0.746777083195453
"12800",191,"Ec_N",214,20,20,"Ec",14,1,0,1,1,0,0.746777083195453
"12801",191,"Ec_N",214,21,21,"Ec",14,1,0,1,1,0,0.746777083195453
"12802",191,"Ec_N",214,22,22,"Ec",14,1,0,1,1,0,0.746777083195453
"12803",191,"Ec_N",214,23,23,"Ec",14,1,0,1,1,0,0.746777083195453
"12804",191,"Ec_N",214,24,24,"Ec",14,1,0,1,1,0,0.746777083195453
"12805",191,"Ec_N",214,25,25,"Ec",14,1,0,1,1,0,0.746777083195453
"12806",191,"Ec_N",214,26,26,"Ec",30,1,0,1,1,1,0.958688519948705
"12807",191,"Ec_N",214,27,27,"Ec",30,1,0,1,1,1,0.958688519948705
"12808",191,"Ec_N",214,28,28,"Ec",30,1,0,1,1,1,0.958688519948705
"12809",191,"Ec_N",214,29,29,"Ec",30,1,0,1,1,1,0.958688519948705
"12810",191,"Ec_N",214,30,30,"Ec",30,1,0,1,1,1,0.958688519948705
"12811",191,"Ec_N",214,31,31,"Ec",30,1,0,1,1,1,0.958688519948705
"12812",191,"Ec_N",214,32,32,"Ec",30,1,0,1,1,1,0.958688519948705
"12813",191,"Ec_N",214,33,33,"Ec",30,1,0,1,1,1,0.958688519948705
"12814",191,"Ec_N",214,34,34,"Ec",30,1,0,1,1,1,0.958688519948705
"12815",191,"Ec_N",214,35,35,"Ec",30,1,0,1,1,1,0.958688519948705
"12816",191,"Ec_N",214,36,36,"Ec",30,1,0,1,1,1,0.958688519948705
"12817",191,"Ec_N",214,37,37,"Ec",30,1,0,1,1,1,0.958688519948705
"12818",191,"Ec_N",214,38,38,"Ec",32,1,1,1,1,1,1
"12819",191,"Ec_N",214,39,39,"Ec",32,1,1,1,1,1,1
"12820",191,"Ec_N",214,40,40,"Ec",32,1,1,1,1,1,1
"12821",191,"Ec_N",214,41,41,"Ec",32,1,1,1,1,1,1
"12822",191,"Ec_N",214,42,42,"Ec",32,1,1,1,1,1,1
"12823",191,"Ec_N",214,43,43,"Ec",32,1,1,1,1,1,1
"12824",191,"Ec_N",214,44,44,"Ec",32,1,1,1,1,1,1
"12825",191,"Ec_N",214,45,45,"Ec",32,1,1,1,1,1,1
"12826",191,"Ec_N",214,46,46,"Ec",32,1,1,1,1,1,1
"12827",191,"Ec_N",214,47,47,"Ec",32,1,1,1,1,1,1
"12828",191,"Ec_N",214,48,48,"Ec",32,1,1,1,1,1,1
"12829",191,"Ec_N",214,49,49,"Ec",32,1,1,1,1,1,1
"12830",191,"Ec_N",214,50,50,"Ec",32,1,1,1,1,1,1
"12831",191,"Ec_N",214,51,51,"Ec",32,1,1,1,1,1,1
"12832",191,"Ec_N",214,52,52,"Ec",32,1,1,1,1,1,1
"12833",191,"Ec_N",214,53,53,"Ec",32,1,1,1,1,1,1
"12834",191,"Ec_N",214,54,54,"Ec",32,1,1,1,1,1,1
"12835",191,"Ec_N",214,55,55,"Ec",32,1,1,1,1,1,1
"12836",191,"Ec_N",214,56,56,"Ec",32,1,1,1,1,1,1
"12837",191,"Ec_N",214,57,57,"Ec",32,1,1,1,1,1,1
"12838",191,"Ec_N",214,58,58,"Ec",32,1,1,1,1,1,1
"12839",191,"Ec_N",214,59,59,"Ec",32,1,1,1,1,1,1
"12840",191,"Ec_N",214,60,60,"Ec",32,1,1,1,1,1,1
"12841",191,"Ec_N",215,1,1,"Ec",1,0,0,0,0,0,0
"12842",191,"Ec_N",215,2,2,"Ec",1,0,0,0,0,0,0
"12843",191,"Ec_N",215,3,3,"Ec",1,0,0,0,0,0,0
"12844",191,"Ec_N",215,4,4,"Ec",1,0,0,0,0,0,0
"12845",191,"Ec_N",215,5,5,"Ec",3,0,1,0,0,0,0.041311480051295
"12846",191,"Ec_N",215,6,6,"Ec",3,0,1,0,0,0,0.041311480051295
"12847",191,"Ec_N",215,7,7,"Ec",3,0,1,0,0,0,0.041311480051295
"12848",191,"Ec_N",215,8,8,"Ec",3,0,1,0,0,0,0.041311480051295
"12849",191,"Ec_N",215,9,9,"Ec",7,0,1,1,0,0,0.589282297794007
"12850",191,"Ec_N",215,10,10,"Ec",7,0,1,1,0,0,0.589282297794007
"12851",191,"Ec_N",215,11,11,"Ec",7,0,1,1,0,0,0.589282297794007
"12852",191,"Ec_N",215,12,12,"Ec",7,0,1,1,0,0,0.589282297794007
"12853",191,"Ec_N",215,13,13,"Ec",7,0,1,1,0,0,0.589282297794007
"12854",191,"Ec_N",215,14,14,"Ec",7,0,1,1,0,0,0.589282297794007
"12855",191,"Ec_N",215,15,15,"Ec",7,0,1,1,0,0,0.589282297794007
"12856",191,"Ec_N",215,16,16,"Ec",7,0,1,1,0,0,0.589282297794007
"12857",191,"Ec_N",215,17,17,"Ec",7,0,1,1,0,0,0.589282297794007
"12858",191,"Ec_N",215,18,18,"Ec",7,0,1,1,0,0,0.589282297794007
"12859",191,"Ec_N",215,19,19,"Ec",7,0,1,1,0,0,0.589282297794007
"12860",191,"Ec_N",215,20,20,"Ec",7,0,1,1,0,0,0.589282297794007
"12861",191,"Ec_N",215,21,21,"Ec",7,0,1,1,0,0,0.589282297794007
"12862",191,"Ec_N",215,22,22,"Ec",7,0,1,1,0,0,0.589282297794007
"12863",191,"Ec_N",215,23,23,"Ec",7,0,1,1,0,0,0.589282297794007
"12864",191,"Ec_N",215,24,24,"Ec",7,0,1,1,0,0,0.589282297794007
"12865",191,"Ec_N",215,25,25,"Ec",7,0,1,1,0,0,0.589282297794007
"12866",191,"Ec_N",215,26,26,"Ec",7,0,1,1,0,0,0.589282297794007
"12867",191,"Ec_N",215,27,27,"Ec",7,0,1,1,0,0,0.589282297794007
"12868",191,"Ec_N",215,28,28,"Ec",7,0,1,1,0,0,0.589282297794007
"12869",191,"Ec_N",215,29,29,"Ec",7,0,1,1,0,0,0.589282297794007
"12870",191,"Ec_N",215,30,30,"Ec",7,0,1,1,0,0,0.589282297794007
"12871",191,"Ec_N",215,31,31,"Ec",7,0,1,1,0,0,0.589282297794007
"12872",191,"Ec_N",215,32,32,"Ec",7,0,1,1,0,0,0.589282297794007
"12873",191,"Ec_N",215,33,33,"Ec",7,0,1,1,0,0,0.589282297794007
"12874",191,"Ec_N",215,34,34,"Ec",7,0,1,1,0,0,0.589282297794007
"12875",191,"Ec_N",215,35,35,"Ec",7,0,1,1,0,0,0.589282297794007
"12876",191,"Ec_N",215,36,36,"Ec",7,0,1,1,0,0,0.589282297794007
"12877",191,"Ec_N",215,37,37,"Ec",7,0,1,1,0,0,0.589282297794007
"12878",191,"Ec_N",215,38,38,"Ec",7,0,1,1,0,0,0.589282297794007
"12879",191,"Ec_N",215,39,39,"Ec",7,0,1,1,0,0,0.589282297794007
"12880",191,"Ec_N",215,40,40,"Ec",7,0,1,1,0,0,0.589282297794007
"12881",191,"Ec_N",215,41,41,"Ec",7,0,1,1,0,0,0.589282297794007
"12882",191,"Ec_N",215,42,42,"Ec",23,0,1,1,0,1,0.616809062130864
"12883",191,"Ec_N",215,43,43,"Ec",23,0,1,1,0,1,0.616809062130864
"12884",191,"Ec_N",215,44,44,"Ec",31,0,1,1,1,1,0.801979629454064
"12885",191,"Ec_N",215,45,45,"Ec",31,0,1,1,1,1,0.801979629454064
"12886",191,"Ec_N",215,46,46,"Ec",31,0,1,1,1,1,0.801979629454064
"12887",191,"Ec_N",215,47,47,"Ec",31,0,1,1,1,1,0.801979629454064
"12888",191,"Ec_N",215,48,48,"Ec",31,0,1,1,1,1,0.801979629454064
"12889",191,"Ec_N",215,49,49,"Ec",31,0,1,1,1,1,0.801979629454064
"12890",191,"Ec_N",215,50,50,"Ec",31,0,1,1,1,1,0.801979629454064
"12891",191,"Ec_N",215,51,51,"Ec",31,0,1,1,1,1,0.801979629454064
"12892",191,"Ec_N",215,52,52,"Ec",31,0,1,1,1,1,0.801979629454064
"12893",191,"Ec_N",215,53,53,"Ec",31,0,1,1,1,1,0.801979629454064
"12894",191,"Ec_N",215,54,54,"Ec",31,0,1,1,1,1,0.801979629454064
"12895",191,"Ec_N",215,55,55,"Ec",31,0,1,1,1,1,0.801979629454064
"12896",191,"Ec_N",215,56,56,"Ec",31,0,1,1,1,1,0.801979629454064
"12897",191,"Ec_N",215,57,57,"Ec",31,0,1,1,1,1,0.801979629454064
"12898",191,"Ec_N",215,58,58,"Ec",31,0,1,1,1,1,0.801979629454064
"12899",191,"Ec_N",215,59,59,"Ec",31,0,1,1,1,1,0.801979629454064
"12900",191,"Ec_N",215,60,60,"Ec",31,0,1,1,1,1,0.801979629454064
"12901",191,"Ec_N",216,1,1,"Ec",1,0,0,0,0,0,0
"12902",191,"Ec_N",216,2,2,"Ec",1,0,0,0,0,0,0
"12903",191,"Ec_N",216,3,3,"Ec",1,0,0,0,0,0,0
"12904",191,"Ec_N",216,4,4,"Ec",2,1,0,0,0,0,0.198020370545937
"12905",191,"Ec_N",216,5,5,"Ec",2,1,0,0,0,0,0.198020370545937
"12906",191,"Ec_N",216,6,6,"Ec",2,1,0,0,0,0,0.198020370545937
"12907",191,"Ec_N",216,7,7,"Ec",2,1,0,0,0,0,0.198020370545937
"12908",191,"Ec_N",216,8,8,"Ec",2,1,0,0,0,0,0.198020370545937
"12909",191,"Ec_N",216,9,9,"Ec",2,1,0,0,0,0,0.198020370545937
"12910",191,"Ec_N",216,10,10,"Ec",2,1,0,0,0,0,0.198020370545937
"12911",191,"Ec_N",216,11,11,"Ec",2,1,0,0,0,0,0.198020370545937
"12912",191,"Ec_N",216,12,12,"Ec",2,1,0,0,0,0,0.198020370545937
"12913",191,"Ec_N",216,13,13,"Ec",2,1,0,0,0,0,0.198020370545937
"12914",191,"Ec_N",216,14,14,"Ec",4,1,1,0,0,0,0.239331850597232
"12915",191,"Ec_N",216,15,15,"Ec",4,1,1,0,0,0,0.239331850597232
"12916",191,"Ec_N",216,16,16,"Ec",4,1,1,0,0,0,0.239331850597232
"12917",191,"Ec_N",216,17,17,"Ec",4,1,1,0,0,0,0.239331850597232
"12918",191,"Ec_N",216,18,18,"Ec",4,1,1,0,0,0,0.239331850597232
"12919",191,"Ec_N",216,19,19,"Ec",4,1,1,0,0,0,0.239331850597232
"12920",191,"Ec_N",216,20,20,"Ec",4,1,1,0,0,0,0.239331850597232
"12921",191,"Ec_N",216,21,21,"Ec",4,1,1,0,0,0,0.239331850597232
"12922",191,"Ec_N",216,22,22,"Ec",4,1,1,0,0,0,0.239331850597232
"12923",191,"Ec_N",216,23,23,"Ec",4,1,1,0,0,0,0.239331850597232
"12924",191,"Ec_N",216,24,24,"Ec",4,1,1,0,0,0,0.239331850597232
"12925",191,"Ec_N",216,25,25,"Ec",4,1,1,0,0,0,0.239331850597232
"12926",191,"Ec_N",216,26,26,"Ec",4,1,1,0,0,0,0.239331850597232
"12927",191,"Ec_N",216,27,27,"Ec",4,1,1,0,0,0,0.239331850597232
"12928",191,"Ec_N",216,28,28,"Ec",4,1,1,0,0,0,0.239331850597232
"12929",191,"Ec_N",216,29,29,"Ec",4,1,1,0,0,0,0.239331850597232
"12930",191,"Ec_N",216,30,30,"Ec",4,1,1,0,0,0,0.239331850597232
"12931",191,"Ec_N",216,31,31,"Ec",4,1,1,0,0,0,0.239331850597232
"12932",191,"Ec_N",216,32,32,"Ec",4,1,1,0,0,0,0.239331850597232
"12933",191,"Ec_N",216,33,33,"Ec",4,1,1,0,0,0,0.239331850597232
"12934",191,"Ec_N",216,34,34,"Ec",4,1,1,0,0,0,0.239331850597232
"12935",191,"Ec_N",216,35,35,"Ec",4,1,1,0,0,0,0.239331850597232
"12936",191,"Ec_N",216,36,36,"Ec",4,1,1,0,0,0,0.239331850597232
"12937",191,"Ec_N",216,37,37,"Ec",4,1,1,0,0,0,0.239331850597232
"12938",191,"Ec_N",216,38,38,"Ec",4,1,1,0,0,0,0.239331850597232
"12939",191,"Ec_N",216,39,39,"Ec",4,1,1,0,0,0,0.239331850597232
"12940",191,"Ec_N",216,40,40,"Ec",4,1,1,0,0,0,0.239331850597232
"12941",191,"Ec_N",216,41,41,"Ec",4,1,1,0,0,0,0.239331850597232
"12942",191,"Ec_N",216,42,42,"Ec",4,1,1,0,0,0,0.239331850597232
"12943",191,"Ec_N",216,43,43,"Ec",4,1,1,0,0,0,0.239331850597232
"12944",191,"Ec_N",216,44,44,"Ec",4,1,1,0,0,0,0.239331850597232
"12945",191,"Ec_N",216,45,45,"Ec",4,1,1,0,0,0,0.239331850597232
"12946",191,"Ec_N",216,46,46,"Ec",4,1,1,0,0,0,0.239331850597232
"12947",191,"Ec_N",216,47,47,"Ec",4,1,1,0,0,0,0.239331850597232
"12948",191,"Ec_N",216,48,48,"Ec",4,1,1,0,0,0,0.239331850597232
"12949",191,"Ec_N",216,49,49,"Ec",4,1,1,0,0,0,0.239331850597232
"12950",191,"Ec_N",216,50,50,"Ec",4,1,1,0,0,0,0.239331850597232
"12951",191,"Ec_N",216,51,51,"Ec",4,1,1,0,0,0,0.239331850597232
"12952",191,"Ec_N",216,52,52,"Ec",4,1,1,0,0,0,0.239331850597232
"12953",191,"Ec_N",216,53,53,"Ec",4,1,1,0,0,0,0.239331850597232
"12954",191,"Ec_N",216,54,54,"Ec",4,1,1,0,0,0,0.239331850597232
"12955",191,"Ec_N",216,55,55,"Ec",4,1,1,0,0,0,0.239331850597232
"12956",191,"Ec_N",216,56,56,"Ec",4,1,1,0,0,0,0.239331850597232
"12957",191,"Ec_N",216,57,57,"Ec",4,1,1,0,0,0,0.239331850597232
"12958",191,"Ec_N",216,58,58,"Ec",4,1,1,0,0,0,0.239331850597232
"12959",191,"Ec_N",216,59,59,"Ec",4,1,1,0,0,0,0.239331850597232
"12960",191,"Ec_N",216,60,60,"Ec",4,1,1,0,0,0,0.239331850597232
"12961",191,"Ec_N",217,1,1,"Ec",1,0,0,0,0,0,0
"12962",191,"Ec_N",217,2,2,"Ec",1,0,0,0,0,0,0
"12963",191,"Ec_N",217,3,3,"Ec",1,0,0,0,0,0,0
"12964",191,"Ec_N",217,4,4,"Ec",1,0,0,0,0,0,0
"12965",191,"Ec_N",217,5,5,"Ec",1,0,0,0,0,0,0
"12966",191,"Ec_N",217,6,6,"Ec",1,0,0,0,0,0,0
"12967",191,"Ec_N",217,7,7,"Ec",1,0,0,0,0,0,0
"12968",191,"Ec_N",217,8,8,"Ec",1,0,0,0,0,0,0
"12969",191,"Ec_N",217,9,9,"Ec",1,0,0,0,0,0,0
"12970",191,"Ec_N",217,10,10,"Ec",1,0,0,0,0,0,0
"12971",191,"Ec_N",217,11,11,"Ec",1,0,0,0,0,0,0
"12972",191,"Ec_N",217,12,12,"Ec",1,0,0,0,0,0,0
"12973",191,"Ec_N",217,13,13,"Ec",1,0,0,0,0,0,0
"12974",191,"Ec_N",217,14,14,"Ec",1,0,0,0,0,0,0
"12975",191,"Ec_N",217,15,15,"Ec",1,0,0,0,0,0,0
"12976",191,"Ec_N",217,16,16,"Ec",1,0,0,0,0,0,0
"12977",191,"Ec_N",217,17,17,"Ec",1,0,0,0,0,0,0
"12978",191,"Ec_N",217,18,18,"Ec",1,0,0,0,0,0,0
"12979",191,"Ec_N",217,19,19,"Ec",1,0,0,0,0,0,0
"12980",191,"Ec_N",217,20,20,"Ec",1,0,0,0,0,0,0
"12981",191,"Ec_N",217,21,21,"Ec",1,0,0,0,0,0,0
"12982",191,"Ec_N",217,22,22,"Ec",1,0,0,0,0,0,0
"12983",191,"Ec_N",217,23,23,"Ec",1,0,0,0,0,0,0
"12984",191,"Ec_N",217,24,24,"Ec",17,0,0,0,0,1,0.229834113103391
"12985",191,"Ec_N",217,25,25,"Ec",17,0,0,0,0,1,0.229834113103391
"12986",191,"Ec_N",217,26,26,"Ec",17,0,0,0,0,1,0.229834113103391
"12987",191,"Ec_N",217,27,27,"Ec",17,0,0,0,0,1,0.229834113103391
"12988",191,"Ec_N",217,28,28,"Ec",18,1,0,0,0,1,0.646504780524047
"12989",191,"Ec_N",217,29,29,"Ec",22,1,0,1,0,1,0.92522428176681
"12990",191,"Ec_N",217,30,30,"Ec",22,1,0,1,0,1,0.92522428176681
"12991",191,"Ec_N",217,31,31,"Ec",22,1,0,1,0,1,0.92522428176681
"12992",191,"Ec_N",217,32,32,"Ec",22,1,0,1,0,1,0.92522428176681
"12993",191,"Ec_N",217,33,33,"Ec",22,1,0,1,0,1,0.92522428176681
"12994",191,"Ec_N",217,34,34,"Ec",22,1,0,1,0,1,0.92522428176681
"12995",191,"Ec_N",217,35,35,"Ec",22,1,0,1,0,1,0.92522428176681
"12996",191,"Ec_N",217,36,36,"Ec",22,1,0,1,0,1,0.92522428176681
"12997",191,"Ec_N",217,37,37,"Ec",22,1,0,1,0,1,0.92522428176681
"12998",191,"Ec_N",217,38,38,"Ec",22,1,0,1,0,1,0.92522428176681
"12999",191,"Ec_N",217,39,39,"Ec",22,1,0,1,0,1,0.92522428176681
"13000",191,"Ec_N",217,40,40,"Ec",22,1,0,1,0,1,0.92522428176681
"13001",191,"Ec_N",217,41,41,"Ec",22,1,0,1,0,1,0.92522428176681
"13002",191,"Ec_N",217,42,42,"Ec",30,1,0,1,1,1,0.958688519948705
"13003",191,"Ec_N",217,43,43,"Ec",30,1,0,1,1,1,0.958688519948705
"13004",191,"Ec_N",217,44,44,"Ec",30,1,0,1,1,1,0.958688519948705
"13005",191,"Ec_N",217,45,45,"Ec",30,1,0,1,1,1,0.958688519948705
"13006",191,"Ec_N",217,46,46,"Ec",30,1,0,1,1,1,0.958688519948705
"13007",191,"Ec_N",217,47,47,"Ec",30,1,0,1,1,1,0.958688519948705
"13008",191,"Ec_N",217,48,48,"Ec",30,1,0,1,1,1,0.958688519948705
"13009",191,"Ec_N",217,49,49,"Ec",30,1,0,1,1,1,0.958688519948705
"13010",191,"Ec_N",217,50,50,"Ec",30,1,0,1,1,1,0.958688519948705
"13011",191,"Ec_N",217,51,51,"Ec",30,1,0,1,1,1,0.958688519948705
"13012",191,"Ec_N",217,52,52,"Ec",30,1,0,1,1,1,0.958688519948705
"13013",191,"Ec_N",217,53,53,"Ec",30,1,0,1,1,1,0.958688519948705
"13014",191,"Ec_N",217,54,54,"Ec",30,1,0,1,1,1,0.958688519948705
"13015",191,"Ec_N",217,55,55,"Ec",30,1,0,1,1,1,0.958688519948705
"13016",191,"Ec_N",217,56,56,"Ec",30,1,0,1,1,1,0.958688519948705
"13017",191,"Ec_N",217,57,57,"Ec",30,1,0,1,1,1,0.958688519948705
"13018",191,"Ec_N",217,58,58,"Ec",30,1,0,1,1,1,0.958688519948705
"13019",191,"Ec_N",217,59,59,"Ec",30,1,0,1,1,1,0.958688519948705
"13020",191,"Ec_N",217,60,60,"Ec",30,1,0,1,1,1,0.958688519948705
"13021",191,"Ec_N",218,1,1,"Ec",1,0,0,0,0,0,0
"13022",191,"Ec_N",218,2,2,"Ec",1,0,0,0,0,0,0
"13023",191,"Ec_N",218,3,3,"Ec",1,0,0,0,0,0,0
"13024",191,"Ec_N",218,4,4,"Ec",1,0,0,0,0,0,0
"13025",191,"Ec_N",218,5,5,"Ec",1,0,0,0,0,0,0
"13026",191,"Ec_N",218,6,6,"Ec",1,0,0,0,0,0,0
"13027",191,"Ec_N",218,7,7,"Ec",1,0,0,0,0,0,0
"13028",191,"Ec_N",218,8,8,"Ec",17,0,0,0,0,1,0.229834113103391
"13029",191,"Ec_N",218,9,9,"Ec",17,0,0,0,0,1,0.229834113103391
"13030",191,"Ec_N",218,10,10,"Ec",17,0,0,0,0,1,0.229834113103391
"13031",191,"Ec_N",218,11,11,"Ec",19,0,1,0,0,1,0.427300415500348
"13032",191,"Ec_N",218,12,12,"Ec",19,0,1,0,0,1,0.427300415500348
"13033",191,"Ec_N",218,13,13,"Ec",20,1,1,0,0,1,0.610298755308086
"13034",191,"Ec_N",218,14,14,"Ec",20,1,1,0,0,1,0.610298755308086
"13035",191,"Ec_N",218,15,15,"Ec",20,1,1,0,0,1,0.610298755308086
"13036",191,"Ec_N",218,16,16,"Ec",20,1,1,0,0,1,0.610298755308086
"13037",191,"Ec_N",218,17,17,"Ec",28,1,1,0,1,1,0.681047421119041
"13038",191,"Ec_N",218,18,18,"Ec",28,1,1,0,1,1,0.681047421119041
"13039",191,"Ec_N",218,19,19,"Ec",28,1,1,0,1,1,0.681047421119041
"13040",191,"Ec_N",218,20,20,"Ec",28,1,1,0,1,1,0.681047421119041
"13041",191,"Ec_N",218,21,21,"Ec",28,1,1,0,1,1,0.681047421119041
"13042",191,"Ec_N",218,22,22,"Ec",28,1,1,0,1,1,0.681047421119041
"13043",191,"Ec_N",218,23,23,"Ec",28,1,1,0,1,1,0.681047421119041
"13044",191,"Ec_N",218,24,24,"Ec",28,1,1,0,1,1,0.681047421119041
"13045",191,"Ec_N",218,25,25,"Ec",28,1,1,0,1,1,0.681047421119041
"13046",191,"Ec_N",218,26,26,"Ec",28,1,1,0,1,1,0.681047421119041
"13047",191,"Ec_N",218,27,27,"Ec",32,1,1,1,1,1,1
"13048",191,"Ec_N",218,28,28,"Ec",32,1,1,1,1,1,1
"13049",191,"Ec_N",218,29,29,"Ec",32,1,1,1,1,1,1
"13050",191,"Ec_N",218,30,30,"Ec",32,1,1,1,1,1,1
"13051",191,"Ec_N",218,31,31,"Ec",32,1,1,1,1,1,1
"13052",191,"Ec_N",218,32,32,"Ec",32,1,1,1,1,1,1
"13053",191,"Ec_N",218,33,33,"Ec",32,1,1,1,1,1,1
"13054",191,"Ec_N",218,34,34,"Ec",32,1,1,1,1,1,1
"13055",191,"Ec_N",218,35,35,"Ec",32,1,1,1,1,1,1
"13056",191,"Ec_N",218,36,36,"Ec",32,1,1,1,1,1,1
"13057",191,"Ec_N",218,37,37,"Ec",32,1,1,1,1,1,1
"13058",191,"Ec_N",218,38,38,"Ec",32,1,1,1,1,1,1
"13059",191,"Ec_N",218,39,39,"Ec",32,1,1,1,1,1,1
"13060",191,"Ec_N",218,40,40,"Ec",32,1,1,1,1,1,1
"13061",191,"Ec_N",218,41,41,"Ec",32,1,1,1,1,1,1
"13062",191,"Ec_N",218,42,42,"Ec",32,1,1,1,1,1,1
"13063",191,"Ec_N",218,43,43,"Ec",32,1,1,1,1,1,1
"13064",191,"Ec_N",218,44,44,"Ec",32,1,1,1,1,1,1
"13065",191,"Ec_N",218,45,45,"Ec",32,1,1,1,1,1,1
"13066",191,"Ec_N",218,46,46,"Ec",32,1,1,1,1,1,1
"13067",191,"Ec_N",218,47,47,"Ec",32,1,1,1,1,1,1
"13068",191,"Ec_N",218,48,48,"Ec",32,1,1,1,1,1,1
"13069",191,"Ec_N",218,49,49,"Ec",32,1,1,1,1,1,1
"13070",191,"Ec_N",218,50,50,"Ec",32,1,1,1,1,1,1
"13071",191,"Ec_N",218,51,51,"Ec",32,1,1,1,1,1,1
"13072",191,"Ec_N",218,52,52,"Ec",32,1,1,1,1,1,1
"13073",191,"Ec_N",218,53,53,"Ec",32,1,1,1,1,1,1
"13074",191,"Ec_N",218,54,54,"Ec",32,1,1,1,1,1,1
"13075",191,"Ec_N",218,55,55,"Ec",32,1,1,1,1,1,1
"13076",191,"Ec_N",218,56,56,"Ec",32,1,1,1,1,1,1
"13077",191,"Ec_N",218,57,57,"Ec",32,1,1,1,1,1,1
"13078",191,"Ec_N",218,58,58,"Ec",32,1,1,1,1,1,1
"13079",191,"Ec_N",218,59,59,"Ec",32,1,1,1,1,1,1
"13080",191,"Ec_N",218,60,60,"Ec",32,1,1,1,1,1,1
"13081",191,"Ec_N",219,1,1,"Ec",1,0,0,0,0,0,0
"13082",191,"Ec_N",219,2,2,"Ec",1,0,0,0,0,0,0
"13083",191,"Ec_N",219,3,3,"Ec",1,0,0,0,0,0,0
"13084",191,"Ec_N",219,4,4,"Ec",1,0,0,0,0,0,0
"13085",191,"Ec_N",219,5,5,"Ec",9,0,0,0,1,0,0.0305419930719563
"13086",191,"Ec_N",219,6,6,"Ec",25,0,0,0,1,1,0.403163568932085
"13087",191,"Ec_N",219,7,7,"Ec",25,0,0,0,1,1,0.403163568932085
"13088",191,"Ec_N",219,8,8,"Ec",25,0,0,0,1,1,0.403163568932085
"13089",191,"Ec_N",219,9,9,"Ec",25,0,0,0,1,1,0.403163568932085
"13090",191,"Ec_N",219,10,10,"Ec",25,0,0,0,1,1,0.403163568932085
"13091",191,"Ec_N",219,11,11,"Ec",25,0,0,0,1,1,0.403163568932085
"13092",191,"Ec_N",219,12,12,"Ec",25,0,0,0,1,1,0.403163568932085
"13093",191,"Ec_N",219,13,13,"Ec",25,0,0,0,1,1,0.403163568932085
"13094",191,"Ec_N",219,14,14,"Ec",25,0,0,0,1,1,0.403163568932085
"13095",191,"Ec_N",219,15,15,"Ec",25,0,0,0,1,1,0.403163568932085
"13096",191,"Ec_N",219,16,16,"Ec",25,0,0,0,1,1,0.403163568932085
"13097",191,"Ec_N",219,17,17,"Ec",25,0,0,0,1,1,0.403163568932085
"13098",191,"Ec_N",219,18,18,"Ec",29,0,0,1,1,1,0.760668149402769
"13099",191,"Ec_N",219,19,19,"Ec",29,0,0,1,1,1,0.760668149402769
"13100",191,"Ec_N",219,20,20,"Ec",29,0,0,1,1,1,0.760668149402769
"13101",191,"Ec_N",219,21,21,"Ec",31,0,1,1,1,1,0.801979629454064
"13102",191,"Ec_N",219,22,22,"Ec",31,0,1,1,1,1,0.801979629454064
"13103",191,"Ec_N",219,23,23,"Ec",32,1,1,1,1,1,1
"13104",191,"Ec_N",219,24,24,"Ec",32,1,1,1,1,1,1
"13105",191,"Ec_N",219,25,25,"Ec",32,1,1,1,1,1,1
"13106",191,"Ec_N",219,26,26,"Ec",32,1,1,1,1,1,1
"13107",191,"Ec_N",219,27,27,"Ec",32,1,1,1,1,1,1
"13108",191,"Ec_N",219,28,28,"Ec",32,1,1,1,1,1,1
"13109",191,"Ec_N",219,29,29,"Ec",32,1,1,1,1,1,1
"13110",191,"Ec_N",219,30,30,"Ec",32,1,1,1,1,1,1
"13111",191,"Ec_N",219,31,31,"Ec",32,1,1,1,1,1,1
"13112",191,"Ec_N",219,32,32,"Ec",32,1,1,1,1,1,1
"13113",191,"Ec_N",219,33,33,"Ec",32,1,1,1,1,1,1
"13114",191,"Ec_N",219,34,34,"Ec",32,1,1,1,1,1,1
"13115",191,"Ec_N",219,35,35,"Ec",32,1,1,1,1,1,1
"13116",191,"Ec_N",219,36,36,"Ec",32,1,1,1,1,1,1
"13117",191,"Ec_N",219,37,37,"Ec",32,1,1,1,1,1,1
"13118",191,"Ec_N",219,38,38,"Ec",32,1,1,1,1,1,1
"13119",191,"Ec_N",219,39,39,"Ec",32,1,1,1,1,1,1
"13120",191,"Ec_N",219,40,40,"Ec",32,1,1,1,1,1,1
"13121",191,"Ec_N",219,41,41,"Ec",32,1,1,1,1,1,1
"13122",191,"Ec_N",219,42,42,"Ec",32,1,1,1,1,1,1
"13123",191,"Ec_N",219,43,43,"Ec",32,1,1,1,1,1,1
"13124",191,"Ec_N",219,44,44,"Ec",32,1,1,1,1,1,1
"13125",191,"Ec_N",219,45,45,"Ec",32,1,1,1,1,1,1
"13126",191,"Ec_N",219,46,46,"Ec",32,1,1,1,1,1,1
"13127",191,"Ec_N",219,47,47,"Ec",32,1,1,1,1,1,1
"13128",191,"Ec_N",219,48,48,"Ec",32,1,1,1,1,1,1
"13129",191,"Ec_N",219,49,49,"Ec",32,1,1,1,1,1,1
"13130",191,"Ec_N",219,50,50,"Ec",32,1,1,1,1,1,1
"13131",191,"Ec_N",219,51,51,"Ec",32,1,1,1,1,1,1
"13132",191,"Ec_N",219,52,52,"Ec",32,1,1,1,1,1,1
"13133",191,"Ec_N",219,53,53,"Ec",32,1,1,1,1,1,1
"13134",191,"Ec_N",219,54,54,"Ec",32,1,1,1,1,1,1
"13135",191,"Ec_N",219,55,55,"Ec",32,1,1,1,1,1,1
"13136",191,"Ec_N",219,56,56,"Ec",32,1,1,1,1,1,1
"13137",191,"Ec_N",219,57,57,"Ec",32,1,1,1,1,1,1
"13138",191,"Ec_N",219,58,58,"Ec",32,1,1,1,1,1,1
"13139",191,"Ec_N",219,59,59,"Ec",32,1,1,1,1,1,1
"13140",191,"Ec_N",219,60,60,"Ec",32,1,1,1,1,1,1
"13141",191,"Ec_N",220,1,1,"Ec",1,0,0,0,0,0,0
"13142",191,"Ec_N",220,2,2,"Ec",9,0,0,0,1,0,0.0305419930719563
"13143",191,"Ec_N",220,3,3,"Ec",9,0,0,0,1,0,0.0305419930719563
"13144",191,"Ec_N",220,4,4,"Ec",11,0,1,0,1,0,0.0857419302602629
"13145",191,"Ec_N",220,5,5,"Ec",15,0,1,1,1,0,0.437080043527332
"13146",191,"Ec_N",220,6,6,"Ec",15,0,1,1,1,0,0.437080043527332
"13147",191,"Ec_N",220,7,7,"Ec",15,0,1,1,1,0,0.437080043527332
"13148",191,"Ec_N",220,8,8,"Ec",15,0,1,1,1,0,0.437080043527332
"13149",191,"Ec_N",220,9,9,"Ec",15,0,1,1,1,0,0.437080043527332
"13150",191,"Ec_N",220,10,10,"Ec",7,0,1,1,0,0,0.589282297794007
"13151",191,"Ec_N",220,11,11,"Ec",7,0,1,1,0,0,0.589282297794007
"13152",191,"Ec_N",220,12,12,"Ec",7,0,1,1,0,0,0.589282297794007
"13153",191,"Ec_N",220,13,13,"Ec",23,0,1,1,0,1,0.616809062130864
"13154",191,"Ec_N",220,14,14,"Ec",23,0,1,1,0,1,0.616809062130864
"13155",191,"Ec_N",220,15,15,"Ec",23,0,1,1,0,1,0.616809062130864
"13156",191,"Ec_N",220,16,16,"Ec",24,1,1,1,0,1,0.969458006928044
"13157",191,"Ec_N",220,17,17,"Ec",24,1,1,1,0,1,0.969458006928044
"13158",191,"Ec_N",220,18,18,"Ec",24,1,1,1,0,1,0.969458006928044
"13159",191,"Ec_N",220,19,19,"Ec",24,1,1,1,0,1,0.969458006928044
"13160",191,"Ec_N",220,20,20,"Ec",24,1,1,1,0,1,0.969458006928044
"13161",191,"Ec_N",220,21,21,"Ec",24,1,1,1,0,1,0.969458006928044
"13162",191,"Ec_N",220,22,22,"Ec",24,1,1,1,0,1,0.969458006928044
"13163",191,"Ec_N",220,23,23,"Ec",24,1,1,1,0,1,0.969458006928044
"13164",191,"Ec_N",220,24,24,"Ec",24,1,1,1,0,1,0.969458006928044
"13165",191,"Ec_N",220,25,25,"Ec",24,1,1,1,0,1,0.969458006928044
"13166",191,"Ec_N",220,26,26,"Ec",24,1,1,1,0,1,0.969458006928044
"13167",191,"Ec_N",220,27,27,"Ec",24,1,1,1,0,1,0.969458006928044
"13168",191,"Ec_N",220,28,28,"Ec",24,1,1,1,0,1,0.969458006928044
"13169",191,"Ec_N",220,29,29,"Ec",24,1,1,1,0,1,0.969458006928044
"13170",191,"Ec_N",220,30,30,"Ec",24,1,1,1,0,1,0.969458006928044
"13171",191,"Ec_N",220,31,31,"Ec",24,1,1,1,0,1,0.969458006928044
"13172",191,"Ec_N",220,32,32,"Ec",24,1,1,1,0,1,0.969458006928044
"13173",191,"Ec_N",220,33,33,"Ec",24,1,1,1,0,1,0.969458006928044
"13174",191,"Ec_N",220,34,34,"Ec",24,1,1,1,0,1,0.969458006928044
"13175",191,"Ec_N",220,35,35,"Ec",24,1,1,1,0,1,0.969458006928044
"13176",191,"Ec_N",220,36,36,"Ec",24,1,1,1,0,1,0.969458006928044
"13177",191,"Ec_N",220,37,37,"Ec",24,1,1,1,0,1,0.969458006928044
"13178",191,"Ec_N",220,38,38,"Ec",24,1,1,1,0,1,0.969458006928044
"13179",191,"Ec_N",220,39,39,"Ec",24,1,1,1,0,1,0.969458006928044
"13180",191,"Ec_N",220,40,40,"Ec",24,1,1,1,0,1,0.969458006928044
"13181",191,"Ec_N",220,41,41,"Ec",24,1,1,1,0,1,0.969458006928044
"13182",191,"Ec_N",220,42,42,"Ec",24,1,1,1,0,1,0.969458006928044
"13183",191,"Ec_N",220,43,43,"Ec",24,1,1,1,0,1,0.969458006928044
"13184",191,"Ec_N",220,44,44,"Ec",24,1,1,1,0,1,0.969458006928044
"13185",191,"Ec_N",220,45,45,"Ec",24,1,1,1,0,1,0.969458006928044
"13186",191,"Ec_N",220,46,46,"Ec",24,1,1,1,0,1,0.969458006928044
"13187",191,"Ec_N",220,47,47,"Ec",24,1,1,1,0,1,0.969458006928044
"13188",191,"Ec_N",220,48,48,"Ec",24,1,1,1,0,1,0.969458006928044
"13189",191,"Ec_N",220,49,49,"Ec",24,1,1,1,0,1,0.969458006928044
"13190",191,"Ec_N",220,50,50,"Ec",24,1,1,1,0,1,0.969458006928044
"13191",191,"Ec_N",220,51,51,"Ec",24,1,1,1,0,1,0.969458006928044
"13192",191,"Ec_N",220,52,52,"Ec",24,1,1,1,0,1,0.969458006928044
"13193",191,"Ec_N",220,53,53,"Ec",24,1,1,1,0,1,0.969458006928044
"13194",191,"Ec_N",220,54,54,"Ec",24,1,1,1,0,1,0.969458006928044
"13195",191,"Ec_N",220,55,55,"Ec",24,1,1,1,0,1,0.969458006928044
"13196",191,"Ec_N",220,56,56,"Ec",24,1,1,1,0,1,0.969458006928044
"13197",191,"Ec_N",220,57,57,"Ec",24,1,1,1,0,1,0.969458006928044
"13198",191,"Ec_N",220,58,58,"Ec",32,1,1,1,1,1,1
"13199",191,"Ec_N",220,59,59,"Ec",32,1,1,1,1,1,1
"13200",191,"Ec_N",220,60,60,"Ec",32,1,1,1,1,1,1
"13201",191,"Ec_N",221,1,1,"Ec",1,0,0,0,0,0,0
"13202",191,"Ec_N",221,2,2,"Ec",1,0,0,0,0,0,0
"13203",191,"Ec_N",221,3,3,"Ec",1,0,0,0,0,0,0
"13204",191,"Ec_N",221,4,4,"Ec",2,1,0,0,0,0,0.198020370545937
"13205",191,"Ec_N",221,5,5,"Ec",2,1,0,0,0,0,0.198020370545937
"13206",191,"Ec_N",221,6,6,"Ec",2,1,0,0,0,0,0.198020370545937
"13207",191,"Ec_N",221,7,7,"Ec",10,1,0,0,1,0,0.228562363617893
"13208",191,"Ec_N",221,8,8,"Ec",10,1,0,0,1,0,0.228562363617893
"13209",191,"Ec_N",221,9,9,"Ec",10,1,0,0,1,0,0.228562363617893
"13210",191,"Ec_N",221,10,10,"Ec",10,1,0,0,1,0,0.228562363617893
"13211",191,"Ec_N",221,11,11,"Ec",10,1,0,0,1,0,0.228562363617893
"13212",191,"Ec_N",221,12,12,"Ec",10,1,0,0,1,0,0.228562363617893
"13213",191,"Ec_N",221,13,13,"Ec",10,1,0,0,1,0,0.228562363617893
"13214",191,"Ec_N",221,14,14,"Ec",10,1,0,0,1,0,0.228562363617893
"13215",191,"Ec_N",221,15,15,"Ec",10,1,0,0,1,0,0.228562363617893
"13216",191,"Ec_N",221,16,16,"Ec",10,1,0,0,1,0,0.228562363617893
"13217",191,"Ec_N",221,17,17,"Ec",10,1,0,0,1,0,0.228562363617893
"13218",191,"Ec_N",221,18,18,"Ec",10,1,0,0,1,0,0.228562363617893
"13219",191,"Ec_N",221,19,19,"Ec",10,1,0,0,1,0,0.228562363617893
"13220",191,"Ec_N",221,20,20,"Ec",10,1,0,0,1,0,0.228562363617893
"13221",191,"Ec_N",221,21,21,"Ec",14,1,0,1,1,0,0.746777083195453
"13222",191,"Ec_N",221,22,22,"Ec",14,1,0,1,1,0,0.746777083195453
"13223",191,"Ec_N",221,23,23,"Ec",14,1,0,1,1,0,0.746777083195453
"13224",191,"Ec_N",221,24,24,"Ec",14,1,0,1,1,0,0.746777083195453
"13225",191,"Ec_N",221,25,25,"Ec",14,1,0,1,1,0,0.746777083195453
"13226",191,"Ec_N",221,26,26,"Ec",14,1,0,1,1,0,0.746777083195453
"13227",191,"Ec_N",221,27,27,"Ec",14,1,0,1,1,0,0.746777083195453
"13228",191,"Ec_N",221,28,28,"Ec",14,1,0,1,1,0,0.746777083195453
"13229",191,"Ec_N",221,29,29,"Ec",14,1,0,1,1,0,0.746777083195453
"13230",191,"Ec_N",221,30,30,"Ec",14,1,0,1,1,0,0.746777083195453
"13231",191,"Ec_N",221,31,31,"Ec",14,1,0,1,1,0,0.746777083195453
"13232",191,"Ec_N",221,32,32,"Ec",14,1,0,1,1,0,0.746777083195453
"13233",191,"Ec_N",221,33,33,"Ec",14,1,0,1,1,0,0.746777083195453
"13234",191,"Ec_N",221,34,34,"Ec",14,1,0,1,1,0,0.746777083195453
"13235",191,"Ec_N",221,35,35,"Ec",14,1,0,1,1,0,0.746777083195453
"13236",191,"Ec_N",221,36,36,"Ec",14,1,0,1,1,0,0.746777083195453
"13237",191,"Ec_N",221,37,37,"Ec",14,1,0,1,1,0,0.746777083195453
"13238",191,"Ec_N",221,38,38,"Ec",14,1,0,1,1,0,0.746777083195453
"13239",191,"Ec_N",221,39,39,"Ec",14,1,0,1,1,0,0.746777083195453
"13240",191,"Ec_N",221,40,40,"Ec",14,1,0,1,1,0,0.746777083195453
"13241",191,"Ec_N",221,41,41,"Ec",14,1,0,1,1,0,0.746777083195453
"13242",191,"Ec_N",221,42,42,"Ec",14,1,0,1,1,0,0.746777083195453
"13243",191,"Ec_N",221,43,43,"Ec",14,1,0,1,1,0,0.746777083195453
"13244",191,"Ec_N",221,44,44,"Ec",14,1,0,1,1,0,0.746777083195453
"13245",191,"Ec_N",221,45,45,"Ec",14,1,0,1,1,0,0.746777083195453
"13246",191,"Ec_N",221,46,46,"Ec",14,1,0,1,1,0,0.746777083195453
"13247",191,"Ec_N",221,47,47,"Ec",14,1,0,1,1,0,0.746777083195453
"13248",191,"Ec_N",221,48,48,"Ec",14,1,0,1,1,0,0.746777083195453
"13249",191,"Ec_N",221,49,49,"Ec",14,1,0,1,1,0,0.746777083195453
"13250",191,"Ec_N",221,50,50,"Ec",14,1,0,1,1,0,0.746777083195453
"13251",191,"Ec_N",221,51,51,"Ec",14,1,0,1,1,0,0.746777083195453
"13252",191,"Ec_N",221,52,52,"Ec",30,1,0,1,1,1,0.958688519948705
"13253",191,"Ec_N",221,53,53,"Ec",30,1,0,1,1,1,0.958688519948705
"13254",191,"Ec_N",221,54,54,"Ec",30,1,0,1,1,1,0.958688519948705
"13255",191,"Ec_N",221,55,55,"Ec",30,1,0,1,1,1,0.958688519948705
"13256",191,"Ec_N",221,56,56,"Ec",30,1,0,1,1,1,0.958688519948705
"13257",191,"Ec_N",221,57,57,"Ec",30,1,0,1,1,1,0.958688519948705
"13258",191,"Ec_N",221,58,58,"Ec",30,1,0,1,1,1,0.958688519948705
"13259",191,"Ec_N",221,59,59,"Ec",30,1,0,1,1,1,0.958688519948705
"13260",191,"Ec_N",221,60,60,"Ec",30,1,0,1,1,1,0.958688519948705
"13261",191,"Ec_N",222,1,1,"Ec",1,0,0,0,0,0,0
"13262",191,"Ec_N",222,2,2,"Ec",1,0,0,0,0,0,0
"13263",191,"Ec_N",222,3,3,"Ec",1,0,0,0,0,0,0
"13264",191,"Ec_N",222,4,4,"Ec",1,0,0,0,0,0,0
"13265",191,"Ec_N",222,5,5,"Ec",1,0,0,0,0,0,0
"13266",191,"Ec_N",222,6,6,"Ec",1,0,0,0,0,0,0
"13267",191,"Ec_N",222,7,7,"Ec",1,0,0,0,0,0,0
"13268",191,"Ec_N",222,8,8,"Ec",1,0,0,0,0,0,0
"13269",191,"Ec_N",222,9,9,"Ec",1,0,0,0,0,0,0
"13270",191,"Ec_N",222,10,10,"Ec",1,0,0,0,0,0,0
"13271",191,"Ec_N",222,11,11,"Ec",1,0,0,0,0,0,0
"13272",191,"Ec_N",222,12,12,"Ec",17,0,0,0,0,1,0.229834113103391
"13273",191,"Ec_N",222,13,13,"Ec",17,0,0,0,0,1,0.229834113103391
"13274",191,"Ec_N",222,14,14,"Ec",17,0,0,0,0,1,0.229834113103391
"13275",191,"Ec_N",222,15,15,"Ec",18,1,0,0,0,1,0.646504780524047
"13276",191,"Ec_N",222,16,16,"Ec",18,1,0,0,0,1,0.646504780524047
"13277",191,"Ec_N",222,17,17,"Ec",18,1,0,0,0,1,0.646504780524047
"13278",191,"Ec_N",222,18,18,"Ec",18,1,0,0,0,1,0.646504780524047
"13279",191,"Ec_N",222,19,19,"Ec",18,1,0,0,0,1,0.646504780524047
"13280",191,"Ec_N",222,20,20,"Ec",18,1,0,0,0,1,0.646504780524047
"13281",191,"Ec_N",222,21,21,"Ec",18,1,0,0,0,1,0.646504780524047
"13282",191,"Ec_N",222,22,22,"Ec",18,1,0,0,0,1,0.646504780524047
"13283",191,"Ec_N",222,23,23,"Ec",18,1,0,0,0,1,0.646504780524047
"13284",191,"Ec_N",222,24,24,"Ec",18,1,0,0,0,1,0.646504780524047
"13285",191,"Ec_N",222,25,25,"Ec",18,1,0,0,0,1,0.646504780524047
"13286",191,"Ec_N",222,26,26,"Ec",18,1,0,0,0,1,0.646504780524047
"13287",191,"Ec_N",222,27,27,"Ec",18,1,0,0,0,1,0.646504780524047
"13288",191,"Ec_N",222,28,28,"Ec",18,1,0,0,0,1,0.646504780524047
"13289",191,"Ec_N",222,29,29,"Ec",18,1,0,0,0,1,0.646504780524047
"13290",191,"Ec_N",222,30,30,"Ec",18,1,0,0,0,1,0.646504780524047
"13291",191,"Ec_N",222,31,31,"Ec",18,1,0,0,0,1,0.646504780524047
"13292",191,"Ec_N",222,32,32,"Ec",18,1,0,0,0,1,0.646504780524047
"13293",191,"Ec_N",222,33,33,"Ec",18,1,0,0,0,1,0.646504780524047
"13294",191,"Ec_N",222,34,34,"Ec",22,1,0,1,0,1,0.92522428176681
"13295",191,"Ec_N",222,35,35,"Ec",22,1,0,1,0,1,0.92522428176681
"13296",191,"Ec_N",222,36,36,"Ec",22,1,0,1,0,1,0.92522428176681
"13297",191,"Ec_N",222,37,37,"Ec",22,1,0,1,0,1,0.92522428176681
"13298",191,"Ec_N",222,38,38,"Ec",22,1,0,1,0,1,0.92522428176681
"13299",191,"Ec_N",222,39,39,"Ec",22,1,0,1,0,1,0.92522428176681
"13300",191,"Ec_N",222,40,40,"Ec",22,1,0,1,0,1,0.92522428176681
"13301",191,"Ec_N",222,41,41,"Ec",22,1,0,1,0,1,0.92522428176681
"13302",191,"Ec_N",222,42,42,"Ec",22,1,0,1,0,1,0.92522428176681
"13303",191,"Ec_N",222,43,43,"Ec",22,1,0,1,0,1,0.92522428176681
"13304",191,"Ec_N",222,44,44,"Ec",22,1,0,1,0,1,0.92522428176681
"13305",191,"Ec_N",222,45,45,"Ec",22,1,0,1,0,1,0.92522428176681
"13306",191,"Ec_N",222,46,46,"Ec",22,1,0,1,0,1,0.92522428176681
"13307",191,"Ec_N",222,47,47,"Ec",22,1,0,1,0,1,0.92522428176681
"13308",191,"Ec_N",222,48,48,"Ec",22,1,0,1,0,1,0.92522428176681
"13309",191,"Ec_N",222,49,49,"Ec",22,1,0,1,0,1,0.92522428176681
"13310",191,"Ec_N",222,50,50,"Ec",22,1,0,1,0,1,0.92522428176681
"13311",191,"Ec_N",222,51,51,"Ec",22,1,0,1,0,1,0.92522428176681
"13312",191,"Ec_N",222,52,52,"Ec",22,1,0,1,0,1,0.92522428176681
"13313",191,"Ec_N",222,53,53,"Ec",22,1,0,1,0,1,0.92522428176681
"13314",191,"Ec_N",222,54,54,"Ec",24,1,1,1,0,1,0.969458006928044
"13315",191,"Ec_N",222,55,55,"Ec",24,1,1,1,0,1,0.969458006928044
"13316",191,"Ec_N",222,56,56,"Ec",24,1,1,1,0,1,0.969458006928044
"13317",191,"Ec_N",222,57,57,"Ec",24,1,1,1,0,1,0.969458006928044
"13318",191,"Ec_N",222,58,58,"Ec",24,1,1,1,0,1,0.969458006928044
"13319",191,"Ec_N",222,59,59,"Ec",24,1,1,1,0,1,0.969458006928044
"13320",191,"Ec_N",222,60,60,"Ec",24,1,1,1,0,1,0.969458006928044
"13321",191,"Ec_N",223,1,1,"Ec",1,0,0,0,0,0,0
"13322",191,"Ec_N",223,2,2,"Ec",1,0,0,0,0,0,0
"13323",191,"Ec_N",223,3,3,"Ec",5,0,0,1,0,0,0.49313446766664
"13324",191,"Ec_N",223,4,4,"Ec",5,0,0,1,0,0,0.49313446766664
"13325",191,"Ec_N",223,5,5,"Ec",5,0,0,1,0,0,0.49313446766664
"13326",191,"Ec_N",223,6,6,"Ec",5,0,0,1,0,0,0.49313446766664
"13327",191,"Ec_N",223,7,7,"Ec",5,0,0,1,0,0,0.49313446766664
"13328",191,"Ec_N",223,8,8,"Ec",5,0,0,1,0,0,0.49313446766664
"13329",191,"Ec_N",223,9,9,"Ec",6,1,0,1,0,0,0.542157591427696
"13330",191,"Ec_N",223,10,10,"Ec",6,1,0,1,0,0,0.542157591427696
"13331",191,"Ec_N",223,11,11,"Ec",6,1,0,1,0,0,0.542157591427696
"13332",191,"Ec_N",223,12,12,"Ec",6,1,0,1,0,0,0.542157591427696
"13333",191,"Ec_N",223,13,13,"Ec",6,1,0,1,0,0,0.542157591427696
"13334",191,"Ec_N",223,14,14,"Ec",6,1,0,1,0,0,0.542157591427696
"13335",191,"Ec_N",223,15,15,"Ec",6,1,0,1,0,0,0.542157591427696
"13336",191,"Ec_N",223,16,16,"Ec",6,1,0,1,0,0,0.542157591427696
"13337",191,"Ec_N",223,17,17,"Ec",6,1,0,1,0,0,0.542157591427696
"13338",191,"Ec_N",223,18,18,"Ec",6,1,0,1,0,0,0.542157591427696
"13339",191,"Ec_N",223,19,19,"Ec",6,1,0,1,0,0,0.542157591427696
"13340",191,"Ec_N",223,20,20,"Ec",6,1,0,1,0,0,0.542157591427696
"13341",191,"Ec_N",223,21,21,"Ec",6,1,0,1,0,0,0.542157591427696
"13342",191,"Ec_N",223,22,22,"Ec",6,1,0,1,0,0,0.542157591427696
"13343",191,"Ec_N",223,23,23,"Ec",6,1,0,1,0,0,0.542157591427696
"13344",191,"Ec_N",223,24,24,"Ec",6,1,0,1,0,0,0.542157591427696
"13345",191,"Ec_N",223,25,25,"Ec",8,1,1,1,0,0,0.583469071478991
"13346",191,"Ec_N",223,26,26,"Ec",8,1,1,1,0,0,0.583469071478991
"13347",191,"Ec_N",223,27,27,"Ec",8,1,1,1,0,0,0.583469071478991
"13348",191,"Ec_N",223,28,28,"Ec",8,1,1,1,0,0,0.583469071478991
"13349",191,"Ec_N",223,29,29,"Ec",8,1,1,1,0,0,0.583469071478991
"13350",191,"Ec_N",223,30,30,"Ec",8,1,1,1,0,0,0.583469071478991
"13351",191,"Ec_N",223,31,31,"Ec",8,1,1,1,0,0,0.583469071478991
"13352",191,"Ec_N",223,32,32,"Ec",8,1,1,1,0,0,0.583469071478991
"13353",191,"Ec_N",223,33,33,"Ec",24,1,1,1,0,1,0.969458006928044
"13354",191,"Ec_N",223,34,34,"Ec",24,1,1,1,0,1,0.969458006928044
"13355",191,"Ec_N",223,35,35,"Ec",24,1,1,1,0,1,0.969458006928044
"13356",191,"Ec_N",223,36,36,"Ec",24,1,1,1,0,1,0.969458006928044
"13357",191,"Ec_N",223,37,37,"Ec",24,1,1,1,0,1,0.969458006928044
"13358",191,"Ec_N",223,38,38,"Ec",24,1,1,1,0,1,0.969458006928044
"13359",191,"Ec_N",223,39,39,"Ec",24,1,1,1,0,1,0.969458006928044
"13360",191,"Ec_N",223,40,40,"Ec",24,1,1,1,0,1,0.969458006928044
"13361",191,"Ec_N",223,41,41,"Ec",24,1,1,1,0,1,0.969458006928044
"13362",191,"Ec_N",223,42,42,"Ec",24,1,1,1,0,1,0.969458006928044
"13363",191,"Ec_N",223,43,43,"Ec",24,1,1,1,0,1,0.969458006928044
"13364",191,"Ec_N",223,44,44,"Ec",24,1,1,1,0,1,0.969458006928044
"13365",191,"Ec_N",223,45,45,"Ec",24,1,1,1,0,1,0.969458006928044
"13366",191,"Ec_N",223,46,46,"Ec",24,1,1,1,0,1,0.969458006928044
"13367",191,"Ec_N",223,47,47,"Ec",24,1,1,1,0,1,0.969458006928044
"13368",191,"Ec_N",223,48,48,"Ec",24,1,1,1,0,1,0.969458006928044
"13369",191,"Ec_N",223,49,49,"Ec",24,1,1,1,0,1,0.969458006928044
"13370",191,"Ec_N",223,50,50,"Ec",24,1,1,1,0,1,0.969458006928044
"13371",191,"Ec_N",223,51,51,"Ec",24,1,1,1,0,1,0.969458006928044
"13372",191,"Ec_N",223,52,52,"Ec",24,1,1,1,0,1,0.969458006928044
"13373",191,"Ec_N",223,53,53,"Ec",24,1,1,1,0,1,0.969458006928044
"13374",191,"Ec_N",223,54,54,"Ec",24,1,1,1,0,1,0.969458006928044
"13375",191,"Ec_N",223,55,55,"Ec",24,1,1,1,0,1,0.969458006928044
"13376",191,"Ec_N",223,56,56,"Ec",24,1,1,1,0,1,0.969458006928044
"13377",191,"Ec_N",223,57,57,"Ec",24,1,1,1,0,1,0.969458006928044
"13378",191,"Ec_N",223,58,58,"Ec",32,1,1,1,1,1,1
"13379",191,"Ec_N",223,59,59,"Ec",32,1,1,1,1,1,1
"13380",191,"Ec_N",223,60,60,"Ec",32,1,1,1,1,1,1
"13381",191,"Ec_N",224,1,1,"Ec",1,0,0,0,0,0,0
"13382",191,"Ec_N",224,2,2,"Ec",5,0,0,1,0,0,0.49313446766664
"13383",191,"Ec_N",224,3,3,"Ec",6,1,0,1,0,0,0.542157591427696
"13384",191,"Ec_N",224,4,4,"Ec",6,1,0,1,0,0,0.542157591427696
"13385",191,"Ec_N",224,5,5,"Ec",6,1,0,1,0,0,0.542157591427696
"13386",191,"Ec_N",224,6,6,"Ec",8,1,1,1,0,0,0.583469071478991
"13387",191,"Ec_N",224,7,7,"Ec",7,0,1,1,0,0,0.589282297794007
"13388",191,"Ec_N",224,8,8,"Ec",7,0,1,1,0,0,0.589282297794007
"13389",191,"Ec_N",224,9,9,"Ec",7,0,1,1,0,0,0.589282297794007
"13390",191,"Ec_N",224,10,10,"Ec",7,0,1,1,0,0,0.589282297794007
"13391",191,"Ec_N",224,11,11,"Ec",7,0,1,1,0,0,0.589282297794007
"13392",191,"Ec_N",224,12,12,"Ec",7,0,1,1,0,0,0.589282297794007
"13393",191,"Ec_N",224,13,13,"Ec",7,0,1,1,0,0,0.589282297794007
"13394",191,"Ec_N",224,14,14,"Ec",7,0,1,1,0,0,0.589282297794007
"13395",191,"Ec_N",224,15,15,"Ec",23,0,1,1,0,1,0.616809062130864
"13396",191,"Ec_N",224,16,16,"Ec",23,0,1,1,0,1,0.616809062130864
"13397",191,"Ec_N",224,17,17,"Ec",23,0,1,1,0,1,0.616809062130864
"13398",191,"Ec_N",224,18,18,"Ec",23,0,1,1,0,1,0.616809062130864
"13399",191,"Ec_N",224,19,19,"Ec",23,0,1,1,0,1,0.616809062130864
"13400",191,"Ec_N",224,20,20,"Ec",23,0,1,1,0,1,0.616809062130864
"13401",191,"Ec_N",224,21,21,"Ec",23,0,1,1,0,1,0.616809062130864
"13402",191,"Ec_N",224,22,22,"Ec",23,0,1,1,0,1,0.616809062130864
"13403",191,"Ec_N",224,23,23,"Ec",23,0,1,1,0,1,0.616809062130864
"13404",191,"Ec_N",224,24,24,"Ec",23,0,1,1,0,1,0.616809062130864
"13405",191,"Ec_N",224,25,25,"Ec",23,0,1,1,0,1,0.616809062130864
"13406",191,"Ec_N",224,26,26,"Ec",23,0,1,1,0,1,0.616809062130864
"13407",191,"Ec_N",224,27,27,"Ec",23,0,1,1,0,1,0.616809062130864
"13408",191,"Ec_N",224,28,28,"Ec",23,0,1,1,0,1,0.616809062130864
"13409",191,"Ec_N",224,29,29,"Ec",23,0,1,1,0,1,0.616809062130864
"13410",191,"Ec_N",224,30,30,"Ec",23,0,1,1,0,1,0.616809062130864
"13411",191,"Ec_N",224,31,31,"Ec",23,0,1,1,0,1,0.616809062130864
"13412",191,"Ec_N",224,32,32,"Ec",24,1,1,1,0,1,0.969458006928044
"13413",191,"Ec_N",224,33,33,"Ec",24,1,1,1,0,1,0.969458006928044
"13414",191,"Ec_N",224,34,34,"Ec",24,1,1,1,0,1,0.969458006928044
"13415",191,"Ec_N",224,35,35,"Ec",24,1,1,1,0,1,0.969458006928044
"13416",191,"Ec_N",224,36,36,"Ec",24,1,1,1,0,1,0.969458006928044
"13417",191,"Ec_N",224,37,37,"Ec",24,1,1,1,0,1,0.969458006928044
"13418",191,"Ec_N",224,38,38,"Ec",24,1,1,1,0,1,0.969458006928044
"13419",191,"Ec_N",224,39,39,"Ec",24,1,1,1,0,1,0.969458006928044
"13420",191,"Ec_N",224,40,40,"Ec",24,1,1,1,0,1,0.969458006928044
"13421",191,"Ec_N",224,41,41,"Ec",24,1,1,1,0,1,0.969458006928044
"13422",191,"Ec_N",224,42,42,"Ec",32,1,1,1,1,1,1
"13423",191,"Ec_N",224,43,43,"Ec",32,1,1,1,1,1,1
"13424",191,"Ec_N",224,44,44,"Ec",32,1,1,1,1,1,1
"13425",191,"Ec_N",224,45,45,"Ec",32,1,1,1,1,1,1
"13426",191,"Ec_N",224,46,46,"Ec",32,1,1,1,1,1,1
"13427",191,"Ec_N",224,47,47,"Ec",32,1,1,1,1,1,1
"13428",191,"Ec_N",224,48,48,"Ec",32,1,1,1,1,1,1
"13429",191,"Ec_N",224,49,49,"Ec",32,1,1,1,1,1,1
"13430",191,"Ec_N",224,50,50,"Ec",32,1,1,1,1,1,1
"13431",191,"Ec_N",224,51,51,"Ec",32,1,1,1,1,1,1
"13432",191,"Ec_N",224,52,52,"Ec",32,1,1,1,1,1,1
"13433",191,"Ec_N",224,53,53,"Ec",32,1,1,1,1,1,1
"13434",191,"Ec_N",224,54,54,"Ec",32,1,1,1,1,1,1
"13435",191,"Ec_N",224,55,55,"Ec",32,1,1,1,1,1,1
"13436",191,"Ec_N",224,56,56,"Ec",32,1,1,1,1,1,1
"13437",191,"Ec_N",224,57,57,"Ec",32,1,1,1,1,1,1
"13438",191,"Ec_N",224,58,58,"Ec",32,1,1,1,1,1,1
"13439",191,"Ec_N",224,59,59,"Ec",32,1,1,1,1,1,1
"13440",191,"Ec_N",224,60,60,"Ec",32,1,1,1,1,1,1
"13441",191,"Ec_N",225,1,1,"Ec",1,0,0,0,0,0,0
"13442",191,"Ec_N",225,2,2,"Ec",9,0,0,0,1,0,0.0305419930719563
"13443",191,"Ec_N",225,3,3,"Ec",9,0,0,0,1,0,0.0305419930719563
"13444",191,"Ec_N",225,4,4,"Ec",11,0,1,0,1,0,0.0857419302602629
"13445",191,"Ec_N",225,5,5,"Ec",11,0,1,0,1,0,0.0857419302602629
"13446",191,"Ec_N",225,6,6,"Ec",11,0,1,0,1,0,0.0857419302602629
"13447",191,"Ec_N",225,7,7,"Ec",11,0,1,0,1,0,0.0857419302602629
"13448",191,"Ec_N",225,8,8,"Ec",11,0,1,0,1,0,0.0857419302602629
"13449",191,"Ec_N",225,9,9,"Ec",11,0,1,0,1,0,0.0857419302602629
"13450",191,"Ec_N",225,10,10,"Ec",11,0,1,0,1,0,0.0857419302602629
"13451",191,"Ec_N",225,11,11,"Ec",11,0,1,0,1,0,0.0857419302602629
"13452",191,"Ec_N",225,12,12,"Ec",11,0,1,0,1,0,0.0857419302602629
"13453",191,"Ec_N",225,13,13,"Ec",12,1,1,0,1,0,0.259780205416137
"13454",191,"Ec_N",225,14,14,"Ec",12,1,1,0,1,0,0.259780205416137
"13455",191,"Ec_N",225,15,15,"Ec",12,1,1,0,1,0,0.259780205416137
"13456",191,"Ec_N",225,16,16,"Ec",16,1,1,1,1,0,0.456015583082203
"13457",191,"Ec_N",225,17,17,"Ec",16,1,1,1,1,0,0.456015583082203
"13458",191,"Ec_N",225,18,18,"Ec",16,1,1,1,1,0,0.456015583082203
"13459",191,"Ec_N",225,19,19,"Ec",16,1,1,1,1,0,0.456015583082203
"13460",191,"Ec_N",225,20,20,"Ec",16,1,1,1,1,0,0.456015583082203
"13461",191,"Ec_N",225,21,21,"Ec",16,1,1,1,1,0,0.456015583082203
"13462",191,"Ec_N",225,22,22,"Ec",16,1,1,1,1,0,0.456015583082203
"13463",191,"Ec_N",225,23,23,"Ec",16,1,1,1,1,0,0.456015583082203
"13464",191,"Ec_N",225,24,24,"Ec",16,1,1,1,1,0,0.456015583082203
"13465",191,"Ec_N",225,25,25,"Ec",16,1,1,1,1,0,0.456015583082203
"13466",191,"Ec_N",225,26,26,"Ec",16,1,1,1,1,0,0.456015583082203
"13467",191,"Ec_N",225,27,27,"Ec",16,1,1,1,1,0,0.456015583082203
"13468",191,"Ec_N",225,28,28,"Ec",16,1,1,1,1,0,0.456015583082203
"13469",191,"Ec_N",225,29,29,"Ec",16,1,1,1,1,0,0.456015583082203
"13470",191,"Ec_N",225,30,30,"Ec",16,1,1,1,1,0,0.456015583082203
"13471",191,"Ec_N",225,31,31,"Ec",16,1,1,1,1,0,0.456015583082203
"13472",191,"Ec_N",225,32,32,"Ec",16,1,1,1,1,0,0.456015583082203
"13473",191,"Ec_N",225,33,33,"Ec",16,1,1,1,1,0,0.456015583082203
"13474",191,"Ec_N",225,34,34,"Ec",16,1,1,1,1,0,0.456015583082203
"13475",191,"Ec_N",225,35,35,"Ec",14,1,0,1,1,0,0.746777083195453
"13476",191,"Ec_N",225,36,36,"Ec",14,1,0,1,1,0,0.746777083195453
"13477",191,"Ec_N",225,37,37,"Ec",14,1,0,1,1,0,0.746777083195453
"13478",191,"Ec_N",225,38,38,"Ec",30,1,0,1,1,1,0.958688519948705
"13479",191,"Ec_N",225,39,39,"Ec",30,1,0,1,1,1,0.958688519948705
"13480",191,"Ec_N",225,40,40,"Ec",30,1,0,1,1,1,0.958688519948705
"13481",191,"Ec_N",225,41,41,"Ec",30,1,0,1,1,1,0.958688519948705
"13482",191,"Ec_N",225,42,42,"Ec",30,1,0,1,1,1,0.958688519948705
"13483",191,"Ec_N",225,43,43,"Ec",30,1,0,1,1,1,0.958688519948705
"13484",191,"Ec_N",225,44,44,"Ec",30,1,0,1,1,1,0.958688519948705
"13485",191,"Ec_N",225,45,45,"Ec",30,1,0,1,1,1,0.958688519948705
"13486",191,"Ec_N",225,46,46,"Ec",30,1,0,1,1,1,0.958688519948705
"13487",191,"Ec_N",225,47,47,"Ec",30,1,0,1,1,1,0.958688519948705
"13488",191,"Ec_N",225,48,48,"Ec",30,1,0,1,1,1,0.958688519948705
"13489",191,"Ec_N",225,49,49,"Ec",30,1,0,1,1,1,0.958688519948705
"13490",191,"Ec_N",225,50,50,"Ec",30,1,0,1,1,1,0.958688519948705
"13491",191,"Ec_N",225,51,51,"Ec",30,1,0,1,1,1,0.958688519948705
"13492",191,"Ec_N",225,52,52,"Ec",30,1,0,1,1,1,0.958688519948705
"13493",191,"Ec_N",225,53,53,"Ec",30,1,0,1,1,1,0.958688519948705
"13494",191,"Ec_N",225,54,54,"Ec",30,1,0,1,1,1,0.958688519948705
"13495",191,"Ec_N",225,55,55,"Ec",30,1,0,1,1,1,0.958688519948705
"13496",191,"Ec_N",225,56,56,"Ec",32,1,1,1,1,1,1
"13497",191,"Ec_N",225,57,57,"Ec",32,1,1,1,1,1,1
"13498",191,"Ec_N",225,58,58,"Ec",32,1,1,1,1,1,1
"13499",191,"Ec_N",225,59,59,"Ec",32,1,1,1,1,1,1
"13500",191,"Ec_N",225,60,60,"Ec",32,1,1,1,1,1,1
"13501",191,"Ec_N",226,1,1,"Ec",1,0,0,0,0,0,0
"13502",191,"Ec_N",226,2,2,"Ec",1,0,0,0,0,0,0
"13503",191,"Ec_N",226,3,3,"Ec",3,0,1,0,0,0,0.041311480051295
"13504",191,"Ec_N",226,4,4,"Ec",4,1,1,0,0,0,0.239331850597232
"13505",191,"Ec_N",226,5,5,"Ec",4,1,1,0,0,0,0.239331850597232
"13506",191,"Ec_N",226,6,6,"Ec",8,1,1,1,0,0,0.583469071478991
"13507",191,"Ec_N",226,7,7,"Ec",8,1,1,1,0,0,0.583469071478991
"13508",191,"Ec_N",226,8,8,"Ec",8,1,1,1,0,0,0.583469071478991
"13509",191,"Ec_N",226,9,9,"Ec",8,1,1,1,0,0,0.583469071478991
"13510",191,"Ec_N",226,10,10,"Ec",8,1,1,1,0,0,0.583469071478991
"13511",191,"Ec_N",226,11,11,"Ec",8,1,1,1,0,0,0.583469071478991
"13512",191,"Ec_N",226,12,12,"Ec",8,1,1,1,0,0,0.583469071478991
"13513",191,"Ec_N",226,13,13,"Ec",8,1,1,1,0,0,0.583469071478991
"13514",191,"Ec_N",226,14,14,"Ec",8,1,1,1,0,0,0.583469071478991
"13515",191,"Ec_N",226,15,15,"Ec",8,1,1,1,0,0,0.583469071478991
"13516",191,"Ec_N",226,16,16,"Ec",8,1,1,1,0,0,0.583469071478991
"13517",191,"Ec_N",226,17,17,"Ec",8,1,1,1,0,0,0.583469071478991
"13518",191,"Ec_N",226,18,18,"Ec",24,1,1,1,0,1,0.969458006928044
"13519",191,"Ec_N",226,19,19,"Ec",24,1,1,1,0,1,0.969458006928044
"13520",191,"Ec_N",226,20,20,"Ec",24,1,1,1,0,1,0.969458006928044
"13521",191,"Ec_N",226,21,21,"Ec",24,1,1,1,0,1,0.969458006928044
"13522",191,"Ec_N",226,22,22,"Ec",24,1,1,1,0,1,0.969458006928044
"13523",191,"Ec_N",226,23,23,"Ec",24,1,1,1,0,1,0.969458006928044
"13524",191,"Ec_N",226,24,24,"Ec",24,1,1,1,0,1,0.969458006928044
"13525",191,"Ec_N",226,25,25,"Ec",24,1,1,1,0,1,0.969458006928044
"13526",191,"Ec_N",226,26,26,"Ec",24,1,1,1,0,1,0.969458006928044
"13527",191,"Ec_N",226,27,27,"Ec",24,1,1,1,0,1,0.969458006928044
"13528",191,"Ec_N",226,28,28,"Ec",24,1,1,1,0,1,0.969458006928044
"13529",191,"Ec_N",226,29,29,"Ec",24,1,1,1,0,1,0.969458006928044
"13530",191,"Ec_N",226,30,30,"Ec",24,1,1,1,0,1,0.969458006928044
"13531",191,"Ec_N",226,31,31,"Ec",24,1,1,1,0,1,0.969458006928044
"13532",191,"Ec_N",226,32,32,"Ec",24,1,1,1,0,1,0.969458006928044
"13533",191,"Ec_N",226,33,33,"Ec",24,1,1,1,0,1,0.969458006928044
"13534",191,"Ec_N",226,34,34,"Ec",24,1,1,1,0,1,0.969458006928044
"13535",191,"Ec_N",226,35,35,"Ec",24,1,1,1,0,1,0.969458006928044
"13536",191,"Ec_N",226,36,36,"Ec",24,1,1,1,0,1,0.969458006928044
"13537",191,"Ec_N",226,37,37,"Ec",24,1,1,1,0,1,0.969458006928044
"13538",191,"Ec_N",226,38,38,"Ec",24,1,1,1,0,1,0.969458006928044
"13539",191,"Ec_N",226,39,39,"Ec",24,1,1,1,0,1,0.969458006928044
"13540",191,"Ec_N",226,40,40,"Ec",24,1,1,1,0,1,0.969458006928044
"13541",191,"Ec_N",226,41,41,"Ec",24,1,1,1,0,1,0.969458006928044
"13542",191,"Ec_N",226,42,42,"Ec",24,1,1,1,0,1,0.969458006928044
"13543",191,"Ec_N",226,43,43,"Ec",24,1,1,1,0,1,0.969458006928044
"13544",191,"Ec_N",226,44,44,"Ec",24,1,1,1,0,1,0.969458006928044
"13545",191,"Ec_N",226,45,45,"Ec",24,1,1,1,0,1,0.969458006928044
"13546",191,"Ec_N",226,46,46,"Ec",24,1,1,1,0,1,0.969458006928044
"13547",191,"Ec_N",226,47,47,"Ec",24,1,1,1,0,1,0.969458006928044
"13548",191,"Ec_N",226,48,48,"Ec",32,1,1,1,1,1,1
"13549",191,"Ec_N",226,49,49,"Ec",32,1,1,1,1,1,1
"13550",191,"Ec_N",226,50,50,"Ec",32,1,1,1,1,1,1
"13551",191,"Ec_N",226,51,51,"Ec",32,1,1,1,1,1,1
"13552",191,"Ec_N",226,52,52,"Ec",32,1,1,1,1,1,1
"13553",191,"Ec_N",226,53,53,"Ec",32,1,1,1,1,1,1
"13554",191,"Ec_N",226,54,54,"Ec",32,1,1,1,1,1,1
"13555",191,"Ec_N",226,55,55,"Ec",32,1,1,1,1,1,1
"13556",191,"Ec_N",226,56,56,"Ec",32,1,1,1,1,1,1
"13557",191,"Ec_N",226,57,57,"Ec",32,1,1,1,1,1,1
"13558",191,"Ec_N",226,58,58,"Ec",32,1,1,1,1,1,1
"13559",191,"Ec_N",226,59,59,"Ec",32,1,1,1,1,1,1
"13560",191,"Ec_N",226,60,60,"Ec",32,1,1,1,1,1,1
"13561",191,"Ec_N",227,1,1,"Ec",1,0,0,0,0,0,0
"13562",191,"Ec_N",227,2,2,"Ec",1,0,0,0,0,0,0
"13563",191,"Ec_N",227,3,3,"Ec",1,0,0,0,0,0,0
"13564",191,"Ec_N",227,4,4,"Ec",1,0,0,0,0,0,0
"13565",191,"Ec_N",227,5,5,"Ec",1,0,0,0,0,0,0
"13566",191,"Ec_N",227,6,6,"Ec",1,0,0,0,0,0,0
"13567",191,"Ec_N",227,7,7,"Ec",1,0,0,0,0,0,0
"13568",191,"Ec_N",227,8,8,"Ec",17,0,0,0,0,1,0.229834113103391
"13569",191,"Ec_N",227,9,9,"Ec",25,0,0,0,1,1,0.403163568932085
"13570",191,"Ec_N",227,10,10,"Ec",25,0,0,0,1,1,0.403163568932085
"13571",191,"Ec_N",227,11,11,"Ec",25,0,0,0,1,1,0.403163568932085
"13572",191,"Ec_N",227,12,12,"Ec",25,0,0,0,1,1,0.403163568932085
"13573",191,"Ec_N",227,13,13,"Ec",25,0,0,0,1,1,0.403163568932085
"13574",191,"Ec_N",227,14,14,"Ec",29,0,0,1,1,1,0.760668149402769
"13575",191,"Ec_N",227,15,15,"Ec",29,0,0,1,1,1,0.760668149402769
"13576",191,"Ec_N",227,16,16,"Ec",29,0,0,1,1,1,0.760668149402769
"13577",191,"Ec_N",227,17,17,"Ec",29,0,0,1,1,1,0.760668149402769
"13578",191,"Ec_N",227,18,18,"Ec",29,0,0,1,1,1,0.760668149402769
"13579",191,"Ec_N",227,19,19,"Ec",29,0,0,1,1,1,0.760668149402769
"13580",191,"Ec_N",227,20,20,"Ec",29,0,0,1,1,1,0.760668149402769
"13581",191,"Ec_N",227,21,21,"Ec",29,0,0,1,1,1,0.760668149402769
"13582",191,"Ec_N",227,22,22,"Ec",29,0,0,1,1,1,0.760668149402769
"13583",191,"Ec_N",227,23,23,"Ec",29,0,0,1,1,1,0.760668149402769
"13584",191,"Ec_N",227,24,24,"Ec",29,0,0,1,1,1,0.760668149402769
"13585",191,"Ec_N",227,25,25,"Ec",29,0,0,1,1,1,0.760668149402769
"13586",191,"Ec_N",227,26,26,"Ec",29,0,0,1,1,1,0.760668149402769
"13587",191,"Ec_N",227,27,27,"Ec",29,0,0,1,1,1,0.760668149402769
"13588",191,"Ec_N",227,28,28,"Ec",29,0,0,1,1,1,0.760668149402769
"13589",191,"Ec_N",227,29,29,"Ec",29,0,0,1,1,1,0.760668149402769
"13590",191,"Ec_N",227,30,30,"Ec",29,0,0,1,1,1,0.760668149402769
"13591",191,"Ec_N",227,31,31,"Ec",29,0,0,1,1,1,0.760668149402769
"13592",191,"Ec_N",227,32,32,"Ec",29,0,0,1,1,1,0.760668149402769
"13593",191,"Ec_N",227,33,33,"Ec",29,0,0,1,1,1,0.760668149402769
"13594",191,"Ec_N",227,34,34,"Ec",29,0,0,1,1,1,0.760668149402769
"13595",191,"Ec_N",227,35,35,"Ec",29,0,0,1,1,1,0.760668149402769
"13596",191,"Ec_N",227,36,36,"Ec",29,0,0,1,1,1,0.760668149402769
"13597",191,"Ec_N",227,37,37,"Ec",29,0,0,1,1,1,0.760668149402769
"13598",191,"Ec_N",227,38,38,"Ec",29,0,0,1,1,1,0.760668149402769
"13599",191,"Ec_N",227,39,39,"Ec",29,0,0,1,1,1,0.760668149402769
"13600",191,"Ec_N",227,40,40,"Ec",29,0,0,1,1,1,0.760668149402769
"13601",191,"Ec_N",227,41,41,"Ec",29,0,0,1,1,1,0.760668149402769
"13602",191,"Ec_N",227,42,42,"Ec",31,0,1,1,1,1,0.801979629454064
"13603",191,"Ec_N",227,43,43,"Ec",31,0,1,1,1,1,0.801979629454064
"13604",191,"Ec_N",227,44,44,"Ec",31,0,1,1,1,1,0.801979629454064
"13605",191,"Ec_N",227,45,45,"Ec",31,0,1,1,1,1,0.801979629454064
"13606",191,"Ec_N",227,46,46,"Ec",31,0,1,1,1,1,0.801979629454064
"13607",191,"Ec_N",227,47,47,"Ec",32,1,1,1,1,1,1
"13608",191,"Ec_N",227,48,48,"Ec",32,1,1,1,1,1,1
"13609",191,"Ec_N",227,49,49,"Ec",32,1,1,1,1,1,1
"13610",191,"Ec_N",227,50,50,"Ec",32,1,1,1,1,1,1
"13611",191,"Ec_N",227,51,51,"Ec",32,1,1,1,1,1,1
"13612",191,"Ec_N",227,52,52,"Ec",32,1,1,1,1,1,1
"13613",191,"Ec_N",227,53,53,"Ec",32,1,1,1,1,1,1
"13614",191,"Ec_N",227,54,54,"Ec",32,1,1,1,1,1,1
"13615",191,"Ec_N",227,55,55,"Ec",32,1,1,1,1,1,1
"13616",191,"Ec_N",227,56,56,"Ec",32,1,1,1,1,1,1
"13617",191,"Ec_N",227,57,57,"Ec",32,1,1,1,1,1,1
"13618",191,"Ec_N",227,58,58,"Ec",32,1,1,1,1,1,1
"13619",191,"Ec_N",227,59,59,"Ec",32,1,1,1,1,1,1
"13620",191,"Ec_N",227,60,60,"Ec",32,1,1,1,1,1,1
"13621",191,"Ec_N",228,1,1,"Ec",1,0,0,0,0,0,0
"13622",191,"Ec_N",228,2,2,"Ec",1,0,0,0,0,0,0
"13623",191,"Ec_N",228,3,3,"Ec",1,0,0,0,0,0,0
"13624",191,"Ec_N",228,4,4,"Ec",1,0,0,0,0,0,0
"13625",191,"Ec_N",228,5,5,"Ec",1,0,0,0,0,0,0
"13626",191,"Ec_N",228,6,6,"Ec",1,0,0,0,0,0,0
"13627",191,"Ec_N",228,7,7,"Ec",5,0,0,1,0,0,0.49313446766664
"13628",191,"Ec_N",228,8,8,"Ec",5,0,0,1,0,0,0.49313446766664
"13629",191,"Ec_N",228,9,9,"Ec",7,0,1,1,0,0,0.589282297794007
"13630",191,"Ec_N",228,10,10,"Ec",7,0,1,1,0,0,0.589282297794007
"13631",191,"Ec_N",228,11,11,"Ec",7,0,1,1,0,0,0.589282297794007
"13632",191,"Ec_N",228,12,12,"Ec",7,0,1,1,0,0,0.589282297794007
"13633",191,"Ec_N",228,13,13,"Ec",7,0,1,1,0,0,0.589282297794007
"13634",191,"Ec_N",228,14,14,"Ec",7,0,1,1,0,0,0.589282297794007
"13635",191,"Ec_N",228,15,15,"Ec",7,0,1,1,0,0,0.589282297794007
"13636",191,"Ec_N",228,16,16,"Ec",7,0,1,1,0,0,0.589282297794007
"13637",191,"Ec_N",228,17,17,"Ec",7,0,1,1,0,0,0.589282297794007
"13638",191,"Ec_N",228,18,18,"Ec",7,0,1,1,0,0,0.589282297794007
"13639",191,"Ec_N",228,19,19,"Ec",7,0,1,1,0,0,0.589282297794007
"13640",191,"Ec_N",228,20,20,"Ec",7,0,1,1,0,0,0.589282297794007
"13641",191,"Ec_N",228,21,21,"Ec",7,0,1,1,0,0,0.589282297794007
"13642",191,"Ec_N",228,22,22,"Ec",7,0,1,1,0,0,0.589282297794007
"13643",191,"Ec_N",228,23,23,"Ec",7,0,1,1,0,0,0.589282297794007
"13644",191,"Ec_N",228,24,24,"Ec",7,0,1,1,0,0,0.589282297794007
"13645",191,"Ec_N",228,25,25,"Ec",7,0,1,1,0,0,0.589282297794007
"13646",191,"Ec_N",228,26,26,"Ec",7,0,1,1,0,0,0.589282297794007
"13647",191,"Ec_N",228,27,27,"Ec",7,0,1,1,0,0,0.589282297794007
"13648",191,"Ec_N",228,28,28,"Ec",7,0,1,1,0,0,0.589282297794007
"13649",191,"Ec_N",228,29,29,"Ec",7,0,1,1,0,0,0.589282297794007
"13650",191,"Ec_N",228,30,30,"Ec",7,0,1,1,0,0,0.589282297794007
"13651",191,"Ec_N",228,31,31,"Ec",7,0,1,1,0,0,0.589282297794007
"13652",191,"Ec_N",228,32,32,"Ec",7,0,1,1,0,0,0.589282297794007
"13653",191,"Ec_N",228,33,33,"Ec",7,0,1,1,0,0,0.589282297794007
"13654",191,"Ec_N",228,34,34,"Ec",7,0,1,1,0,0,0.589282297794007
"13655",191,"Ec_N",228,35,35,"Ec",7,0,1,1,0,0,0.589282297794007
"13656",191,"Ec_N",228,36,36,"Ec",7,0,1,1,0,0,0.589282297794007
"13657",191,"Ec_N",228,37,37,"Ec",7,0,1,1,0,0,0.589282297794007
"13658",191,"Ec_N",228,38,38,"Ec",7,0,1,1,0,0,0.589282297794007
"13659",191,"Ec_N",228,39,39,"Ec",7,0,1,1,0,0,0.589282297794007
"13660",191,"Ec_N",228,40,40,"Ec",7,0,1,1,0,0,0.589282297794007
"13661",191,"Ec_N",228,41,41,"Ec",7,0,1,1,0,0,0.589282297794007
"13662",191,"Ec_N",228,42,42,"Ec",7,0,1,1,0,0,0.589282297794007
"13663",191,"Ec_N",228,43,43,"Ec",7,0,1,1,0,0,0.589282297794007
"13664",191,"Ec_N",228,44,44,"Ec",23,0,1,1,0,1,0.616809062130864
"13665",191,"Ec_N",228,45,45,"Ec",23,0,1,1,0,1,0.616809062130864
"13666",191,"Ec_N",228,46,46,"Ec",23,0,1,1,0,1,0.616809062130864
"13667",191,"Ec_N",228,47,47,"Ec",23,0,1,1,0,1,0.616809062130864
"13668",191,"Ec_N",228,48,48,"Ec",23,0,1,1,0,1,0.616809062130864
"13669",191,"Ec_N",228,49,49,"Ec",23,0,1,1,0,1,0.616809062130864
"13670",191,"Ec_N",228,50,50,"Ec",23,0,1,1,0,1,0.616809062130864
"13671",191,"Ec_N",228,51,51,"Ec",23,0,1,1,0,1,0.616809062130864
"13672",191,"Ec_N",228,52,52,"Ec",23,0,1,1,0,1,0.616809062130864
"13673",191,"Ec_N",228,53,53,"Ec",23,0,1,1,0,1,0.616809062130864
"13674",191,"Ec_N",228,54,54,"Ec",23,0,1,1,0,1,0.616809062130864
"13675",191,"Ec_N",228,55,55,"Ec",23,0,1,1,0,1,0.616809062130864
"13676",191,"Ec_N",228,56,56,"Ec",23,0,1,1,0,1,0.616809062130864
"13677",191,"Ec_N",228,57,57,"Ec",24,1,1,1,0,1,0.969458006928044
"13678",191,"Ec_N",228,58,58,"Ec",24,1,1,1,0,1,0.969458006928044
"13679",191,"Ec_N",228,59,59,"Ec",24,1,1,1,0,1,0.969458006928044
"13680",191,"Ec_N",228,60,60,"Ec",24,1,1,1,0,1,0.969458006928044
"13681",191,"Ec_N",229,1,1,"Ec",1,0,0,0,0,0,0
"13682",191,"Ec_N",229,2,2,"Ec",5,0,0,1,0,0,0.49313446766664
"13683",191,"Ec_N",229,3,3,"Ec",5,0,0,1,0,0,0.49313446766664
"13684",191,"Ec_N",229,4,4,"Ec",5,0,0,1,0,0,0.49313446766664
"13685",191,"Ec_N",229,5,5,"Ec",5,0,0,1,0,0,0.49313446766664
"13686",191,"Ec_N",229,6,6,"Ec",21,0,0,1,0,1,0.726280938342543
"13687",191,"Ec_N",229,7,7,"Ec",21,0,0,1,0,1,0.726280938342543
"13688",191,"Ec_N",229,8,8,"Ec",21,0,0,1,0,1,0.726280938342543
"13689",191,"Ec_N",229,9,9,"Ec",21,0,0,1,0,1,0.726280938342543
"13690",191,"Ec_N",229,10,10,"Ec",21,0,0,1,0,1,0.726280938342543
"13691",191,"Ec_N",229,11,11,"Ec",21,0,0,1,0,1,0.726280938342543
"13692",191,"Ec_N",229,12,12,"Ec",21,0,0,1,0,1,0.726280938342543
"13693",191,"Ec_N",229,13,13,"Ec",22,1,0,1,0,1,0.92522428176681
"13694",191,"Ec_N",229,14,14,"Ec",22,1,0,1,0,1,0.92522428176681
"13695",191,"Ec_N",229,15,15,"Ec",30,1,0,1,1,1,0.958688519948705
"13696",191,"Ec_N",229,16,16,"Ec",30,1,0,1,1,1,0.958688519948705
"13697",191,"Ec_N",229,17,17,"Ec",30,1,0,1,1,1,0.958688519948705
"13698",191,"Ec_N",229,18,18,"Ec",30,1,0,1,1,1,0.958688519948705
"13699",191,"Ec_N",229,19,19,"Ec",30,1,0,1,1,1,0.958688519948705
"13700",191,"Ec_N",229,20,20,"Ec",30,1,0,1,1,1,0.958688519948705
"13701",191,"Ec_N",229,21,21,"Ec",30,1,0,1,1,1,0.958688519948705
"13702",191,"Ec_N",229,22,22,"Ec",30,1,0,1,1,1,0.958688519948705
"13703",191,"Ec_N",229,23,23,"Ec",30,1,0,1,1,1,0.958688519948705
"13704",191,"Ec_N",229,24,24,"Ec",30,1,0,1,1,1,0.958688519948705
"13705",191,"Ec_N",229,25,25,"Ec",30,1,0,1,1,1,0.958688519948705
"13706",191,"Ec_N",229,26,26,"Ec",30,1,0,1,1,1,0.958688519948705
"13707",191,"Ec_N",229,27,27,"Ec",30,1,0,1,1,1,0.958688519948705
"13708",191,"Ec_N",229,28,28,"Ec",30,1,0,1,1,1,0.958688519948705
"13709",191,"Ec_N",229,29,29,"Ec",30,1,0,1,1,1,0.958688519948705
"13710",191,"Ec_N",229,30,30,"Ec",30,1,0,1,1,1,0.958688519948705
"13711",191,"Ec_N",229,31,31,"Ec",30,1,0,1,1,1,0.958688519948705
"13712",191,"Ec_N",229,32,32,"Ec",30,1,0,1,1,1,0.958688519948705
"13713",191,"Ec_N",229,33,33,"Ec",30,1,0,1,1,1,0.958688519948705
"13714",191,"Ec_N",229,34,34,"Ec",30,1,0,1,1,1,0.958688519948705
"13715",191,"Ec_N",229,35,35,"Ec",30,1,0,1,1,1,0.958688519948705
"13716",191,"Ec_N",229,36,36,"Ec",30,1,0,1,1,1,0.958688519948705
"13717",191,"Ec_N",229,37,37,"Ec",30,1,0,1,1,1,0.958688519948705
"13718",191,"Ec_N",229,38,38,"Ec",30,1,0,1,1,1,0.958688519948705
"13719",191,"Ec_N",229,39,39,"Ec",30,1,0,1,1,1,0.958688519948705
"13720",191,"Ec_N",229,40,40,"Ec",30,1,0,1,1,1,0.958688519948705
"13721",191,"Ec_N",229,41,41,"Ec",30,1,0,1,1,1,0.958688519948705
"13722",191,"Ec_N",229,42,42,"Ec",30,1,0,1,1,1,0.958688519948705
"13723",191,"Ec_N",229,43,43,"Ec",30,1,0,1,1,1,0.958688519948705
"13724",191,"Ec_N",229,44,44,"Ec",30,1,0,1,1,1,0.958688519948705
"13725",191,"Ec_N",229,45,45,"Ec",30,1,0,1,1,1,0.958688519948705
"13726",191,"Ec_N",229,46,46,"Ec",30,1,0,1,1,1,0.958688519948705
"13727",191,"Ec_N",229,47,47,"Ec",30,1,0,1,1,1,0.958688519948705
"13728",191,"Ec_N",229,48,48,"Ec",30,1,0,1,1,1,0.958688519948705
"13729",191,"Ec_N",229,49,49,"Ec",30,1,0,1,1,1,0.958688519948705
"13730",191,"Ec_N",229,50,50,"Ec",32,1,1,1,1,1,1
"13731",191,"Ec_N",229,51,51,"Ec",32,1,1,1,1,1,1
"13732",191,"Ec_N",229,52,52,"Ec",32,1,1,1,1,1,1
"13733",191,"Ec_N",229,53,53,"Ec",32,1,1,1,1,1,1
"13734",191,"Ec_N",229,54,54,"Ec",32,1,1,1,1,1,1
"13735",191,"Ec_N",229,55,55,"Ec",32,1,1,1,1,1,1
"13736",191,"Ec_N",229,56,56,"Ec",32,1,1,1,1,1,1
"13737",191,"Ec_N",229,57,57,"Ec",32,1,1,1,1,1,1
"13738",191,"Ec_N",229,58,58,"Ec",32,1,1,1,1,1,1
"13739",191,"Ec_N",229,59,59,"Ec",32,1,1,1,1,1,1
"13740",191,"Ec_N",229,60,60,"Ec",32,1,1,1,1,1,1
"13741",191,"Ec_N",230,1,1,"Ec",1,0,0,0,0,0,0
"13742",191,"Ec_N",230,2,2,"Ec",1,0,0,0,0,0,0
"13743",191,"Ec_N",230,3,3,"Ec",2,1,0,0,0,0,0.198020370545937
"13744",191,"Ec_N",230,4,4,"Ec",6,1,0,1,0,0,0.542157591427696
"13745",191,"Ec_N",230,5,5,"Ec",6,1,0,1,0,0,0.542157591427696
"13746",191,"Ec_N",230,6,6,"Ec",22,1,0,1,0,1,0.92522428176681
"13747",191,"Ec_N",230,7,7,"Ec",22,1,0,1,0,1,0.92522428176681
"13748",191,"Ec_N",230,8,8,"Ec",22,1,0,1,0,1,0.92522428176681
"13749",191,"Ec_N",230,9,9,"Ec",22,1,0,1,0,1,0.92522428176681
"13750",191,"Ec_N",230,10,10,"Ec",22,1,0,1,0,1,0.92522428176681
"13751",191,"Ec_N",230,11,11,"Ec",30,1,0,1,1,1,0.958688519948705
"13752",191,"Ec_N",230,12,12,"Ec",30,1,0,1,1,1,0.958688519948705
"13753",191,"Ec_N",230,13,13,"Ec",30,1,0,1,1,1,0.958688519948705
"13754",191,"Ec_N",230,14,14,"Ec",30,1,0,1,1,1,0.958688519948705
"13755",191,"Ec_N",230,15,15,"Ec",30,1,0,1,1,1,0.958688519948705
"13756",191,"Ec_N",230,16,16,"Ec",30,1,0,1,1,1,0.958688519948705
"13757",191,"Ec_N",230,17,17,"Ec",30,1,0,1,1,1,0.958688519948705
"13758",191,"Ec_N",230,18,18,"Ec",30,1,0,1,1,1,0.958688519948705
"13759",191,"Ec_N",230,19,19,"Ec",30,1,0,1,1,1,0.958688519948705
"13760",191,"Ec_N",230,20,20,"Ec",30,1,0,1,1,1,0.958688519948705
"13761",191,"Ec_N",230,21,21,"Ec",30,1,0,1,1,1,0.958688519948705
"13762",191,"Ec_N",230,22,22,"Ec",30,1,0,1,1,1,0.958688519948705
"13763",191,"Ec_N",230,23,23,"Ec",30,1,0,1,1,1,0.958688519948705
"13764",191,"Ec_N",230,24,24,"Ec",32,1,1,1,1,1,1
"13765",191,"Ec_N",230,25,25,"Ec",32,1,1,1,1,1,1
"13766",191,"Ec_N",230,26,26,"Ec",32,1,1,1,1,1,1
"13767",191,"Ec_N",230,27,27,"Ec",32,1,1,1,1,1,1
"13768",191,"Ec_N",230,28,28,"Ec",32,1,1,1,1,1,1
"13769",191,"Ec_N",230,29,29,"Ec",32,1,1,1,1,1,1
"13770",191,"Ec_N",230,30,30,"Ec",32,1,1,1,1,1,1
"13771",191,"Ec_N",230,31,31,"Ec",32,1,1,1,1,1,1
"13772",191,"Ec_N",230,32,32,"Ec",32,1,1,1,1,1,1
"13773",191,"Ec_N",230,33,33,"Ec",32,1,1,1,1,1,1
"13774",191,"Ec_N",230,34,34,"Ec",32,1,1,1,1,1,1
"13775",191,"Ec_N",230,35,35,"Ec",32,1,1,1,1,1,1
"13776",191,"Ec_N",230,36,36,"Ec",32,1,1,1,1,1,1
"13777",191,"Ec_N",230,37,37,"Ec",32,1,1,1,1,1,1
"13778",191,"Ec_N",230,38,38,"Ec",32,1,1,1,1,1,1
"13779",191,"Ec_N",230,39,39,"Ec",32,1,1,1,1,1,1
"13780",191,"Ec_N",230,40,40,"Ec",32,1,1,1,1,1,1
"13781",191,"Ec_N",230,41,41,"Ec",32,1,1,1,1,1,1
"13782",191,"Ec_N",230,42,42,"Ec",32,1,1,1,1,1,1
"13783",191,"Ec_N",230,43,43,"Ec",32,1,1,1,1,1,1
"13784",191,"Ec_N",230,44,44,"Ec",32,1,1,1,1,1,1
"13785",191,"Ec_N",230,45,45,"Ec",32,1,1,1,1,1,1
"13786",191,"Ec_N",230,46,46,"Ec",32,1,1,1,1,1,1
"13787",191,"Ec_N",230,47,47,"Ec",32,1,1,1,1,1,1
"13788",191,"Ec_N",230,48,48,"Ec",32,1,1,1,1,1,1
"13789",191,"Ec_N",230,49,49,"Ec",32,1,1,1,1,1,1
"13790",191,"Ec_N",230,50,50,"Ec",32,1,1,1,1,1,1
"13791",191,"Ec_N",230,51,51,"Ec",32,1,1,1,1,1,1
"13792",191,"Ec_N",230,52,52,"Ec",32,1,1,1,1,1,1
"13793",191,"Ec_N",230,53,53,"Ec",32,1,1,1,1,1,1
"13794",191,"Ec_N",230,54,54,"Ec",32,1,1,1,1,1,1
"13795",191,"Ec_N",230,55,55,"Ec",32,1,1,1,1,1,1
"13796",191,"Ec_N",230,56,56,"Ec",32,1,1,1,1,1,1
"13797",191,"Ec_N",230,57,57,"Ec",32,1,1,1,1,1,1
"13798",191,"Ec_N",230,58,58,"Ec",32,1,1,1,1,1,1
"13799",191,"Ec_N",230,59,59,"Ec",32,1,1,1,1,1,1
"13800",191,"Ec_N",230,60,60,"Ec",32,1,1,1,1,1,1
"13801",191,"Ec_N",231,1,1,"Ec",1,0,0,0,0,0,0
"13802",191,"Ec_N",231,2,2,"Ec",1,0,0,0,0,0,0
"13803",191,"Ec_N",231,3,3,"Ec",1,0,0,0,0,0,0
"13804",191,"Ec_N",231,4,4,"Ec",1,0,0,0,0,0,0
"13805",191,"Ec_N",231,5,5,"Ec",1,0,0,0,0,0,0
"13806",191,"Ec_N",231,6,6,"Ec",1,0,0,0,0,0,0
"13807",191,"Ec_N",231,7,7,"Ec",2,1,0,0,0,0,0.198020370545937
"13808",191,"Ec_N",231,8,8,"Ec",2,1,0,0,0,0,0.198020370545937
"13809",191,"Ec_N",231,9,9,"Ec",2,1,0,0,0,0,0.198020370545937
"13810",191,"Ec_N",231,10,10,"Ec",2,1,0,0,0,0,0.198020370545937
"13811",191,"Ec_N",231,11,11,"Ec",2,1,0,0,0,0,0.198020370545937
"13812",191,"Ec_N",231,12,12,"Ec",2,1,0,0,0,0,0.198020370545937
"13813",191,"Ec_N",231,13,13,"Ec",2,1,0,0,0,0,0.198020370545937
"13814",191,"Ec_N",231,14,14,"Ec",2,1,0,0,0,0,0.198020370545937
"13815",191,"Ec_N",231,15,15,"Ec",2,1,0,0,0,0,0.198020370545937
"13816",191,"Ec_N",231,16,16,"Ec",2,1,0,0,0,0,0.198020370545937
"13817",191,"Ec_N",231,17,17,"Ec",2,1,0,0,0,0,0.198020370545937
"13818",191,"Ec_N",231,18,18,"Ec",2,1,0,0,0,0,0.198020370545937
"13819",191,"Ec_N",231,19,19,"Ec",4,1,1,0,0,0,0.239331850597232
"13820",191,"Ec_N",231,20,20,"Ec",4,1,1,0,0,0,0.239331850597232
"13821",191,"Ec_N",231,21,21,"Ec",4,1,1,0,0,0,0.239331850597232
"13822",191,"Ec_N",231,22,22,"Ec",4,1,1,0,0,0,0.239331850597232
"13823",191,"Ec_N",231,23,23,"Ec",4,1,1,0,0,0,0.239331850597232
"13824",191,"Ec_N",231,24,24,"Ec",4,1,1,0,0,0,0.239331850597232
"13825",191,"Ec_N",231,25,25,"Ec",4,1,1,0,0,0,0.239331850597232
"13826",191,"Ec_N",231,26,26,"Ec",4,1,1,0,0,0,0.239331850597232
"13827",191,"Ec_N",231,27,27,"Ec",4,1,1,0,0,0,0.239331850597232
"13828",191,"Ec_N",231,28,28,"Ec",4,1,1,0,0,0,0.239331850597232
"13829",191,"Ec_N",231,29,29,"Ec",4,1,1,0,0,0,0.239331850597232
"13830",191,"Ec_N",231,30,30,"Ec",4,1,1,0,0,0,0.239331850597232
"13831",191,"Ec_N",231,31,31,"Ec",8,1,1,1,0,0,0.583469071478991
"13832",191,"Ec_N",231,32,32,"Ec",8,1,1,1,0,0,0.583469071478991
"13833",191,"Ec_N",231,33,33,"Ec",8,1,1,1,0,0,0.583469071478991
"13834",191,"Ec_N",231,34,34,"Ec",8,1,1,1,0,0,0.583469071478991
"13835",191,"Ec_N",231,35,35,"Ec",8,1,1,1,0,0,0.583469071478991
"13836",191,"Ec_N",231,36,36,"Ec",8,1,1,1,0,0,0.583469071478991
"13837",191,"Ec_N",231,37,37,"Ec",8,1,1,1,0,0,0.583469071478991
"13838",191,"Ec_N",231,38,38,"Ec",24,1,1,1,0,1,0.969458006928044
"13839",191,"Ec_N",231,39,39,"Ec",24,1,1,1,0,1,0.969458006928044
"13840",191,"Ec_N",231,40,40,"Ec",24,1,1,1,0,1,0.969458006928044
"13841",191,"Ec_N",231,41,41,"Ec",24,1,1,1,0,1,0.969458006928044
"13842",191,"Ec_N",231,42,42,"Ec",24,1,1,1,0,1,0.969458006928044
"13843",191,"Ec_N",231,43,43,"Ec",24,1,1,1,0,1,0.969458006928044
"13844",191,"Ec_N",231,44,44,"Ec",24,1,1,1,0,1,0.969458006928044
"13845",191,"Ec_N",231,45,45,"Ec",24,1,1,1,0,1,0.969458006928044
"13846",191,"Ec_N",231,46,46,"Ec",24,1,1,1,0,1,0.969458006928044
"13847",191,"Ec_N",231,47,47,"Ec",24,1,1,1,0,1,0.969458006928044
"13848",191,"Ec_N",231,48,48,"Ec",24,1,1,1,0,1,0.969458006928044
"13849",191,"Ec_N",231,49,49,"Ec",24,1,1,1,0,1,0.969458006928044
"13850",191,"Ec_N",231,50,50,"Ec",24,1,1,1,0,1,0.969458006928044
"13851",191,"Ec_N",231,51,51,"Ec",24,1,1,1,0,1,0.969458006928044
"13852",191,"Ec_N",231,52,52,"Ec",24,1,1,1,0,1,0.969458006928044
"13853",191,"Ec_N",231,53,53,"Ec",24,1,1,1,0,1,0.969458006928044
"13854",191,"Ec_N",231,54,54,"Ec",24,1,1,1,0,1,0.969458006928044
"13855",191,"Ec_N",231,55,55,"Ec",24,1,1,1,0,1,0.969458006928044
"13856",191,"Ec_N",231,56,56,"Ec",24,1,1,1,0,1,0.969458006928044
"13857",191,"Ec_N",231,57,57,"Ec",24,1,1,1,0,1,0.969458006928044
"13858",191,"Ec_N",231,58,58,"Ec",24,1,1,1,0,1,0.969458006928044
"13859",191,"Ec_N",231,59,59,"Ec",24,1,1,1,0,1,0.969458006928044
"13860",191,"Ec_N",231,60,60,"Ec",24,1,1,1,0,1,0.969458006928044
"13861",191,"Ec_N",232,1,1,"Ec",1,0,0,0,0,0,0
"13862",191,"Ec_N",232,2,2,"Ec",17,0,0,0,0,1,0.229834113103391
"13863",191,"Ec_N",232,3,3,"Ec",17,0,0,0,0,1,0.229834113103391
"13864",191,"Ec_N",232,4,4,"Ec",21,0,0,1,0,1,0.726280938342543
"13865",191,"Ec_N",232,5,5,"Ec",21,0,0,1,0,1,0.726280938342543
"13866",191,"Ec_N",232,6,6,"Ec",21,0,0,1,0,1,0.726280938342543
"13867",191,"Ec_N",232,7,7,"Ec",21,0,0,1,0,1,0.726280938342543
"13868",191,"Ec_N",232,8,8,"Ec",21,0,0,1,0,1,0.726280938342543
"13869",191,"Ec_N",232,9,9,"Ec",29,0,0,1,1,1,0.760668149402769
"13870",191,"Ec_N",232,10,10,"Ec",29,0,0,1,1,1,0.760668149402769
"13871",191,"Ec_N",232,11,11,"Ec",29,0,0,1,1,1,0.760668149402769
"13872",191,"Ec_N",232,12,12,"Ec",29,0,0,1,1,1,0.760668149402769
"13873",191,"Ec_N",232,13,13,"Ec",29,0,0,1,1,1,0.760668149402769
"13874",191,"Ec_N",232,14,14,"Ec",29,0,0,1,1,1,0.760668149402769
"13875",191,"Ec_N",232,15,15,"Ec",29,0,0,1,1,1,0.760668149402769
"13876",191,"Ec_N",232,16,16,"Ec",29,0,0,1,1,1,0.760668149402769
"13877",191,"Ec_N",232,17,17,"Ec",29,0,0,1,1,1,0.760668149402769
"13878",191,"Ec_N",232,18,18,"Ec",29,0,0,1,1,1,0.760668149402769
"13879",191,"Ec_N",232,19,19,"Ec",29,0,0,1,1,1,0.760668149402769
"13880",191,"Ec_N",232,20,20,"Ec",29,0,0,1,1,1,0.760668149402769
"13881",191,"Ec_N",232,21,21,"Ec",29,0,0,1,1,1,0.760668149402769
"13882",191,"Ec_N",232,22,22,"Ec",29,0,0,1,1,1,0.760668149402769
"13883",191,"Ec_N",232,23,23,"Ec",29,0,0,1,1,1,0.760668149402769
"13884",191,"Ec_N",232,24,24,"Ec",29,0,0,1,1,1,0.760668149402769
"13885",191,"Ec_N",232,25,25,"Ec",29,0,0,1,1,1,0.760668149402769
"13886",191,"Ec_N",232,26,26,"Ec",30,1,0,1,1,1,0.958688519948705
"13887",191,"Ec_N",232,27,27,"Ec",30,1,0,1,1,1,0.958688519948705
"13888",191,"Ec_N",232,28,28,"Ec",30,1,0,1,1,1,0.958688519948705
"13889",191,"Ec_N",232,29,29,"Ec",30,1,0,1,1,1,0.958688519948705
"13890",191,"Ec_N",232,30,30,"Ec",30,1,0,1,1,1,0.958688519948705
"13891",191,"Ec_N",232,31,31,"Ec",30,1,0,1,1,1,0.958688519948705
"13892",191,"Ec_N",232,32,32,"Ec",30,1,0,1,1,1,0.958688519948705
"13893",191,"Ec_N",232,33,33,"Ec",30,1,0,1,1,1,0.958688519948705
"13894",191,"Ec_N",232,34,34,"Ec",32,1,1,1,1,1,1
"13895",191,"Ec_N",232,35,35,"Ec",32,1,1,1,1,1,1
"13896",191,"Ec_N",232,36,36,"Ec",32,1,1,1,1,1,1
"13897",191,"Ec_N",232,37,37,"Ec",32,1,1,1,1,1,1
"13898",191,"Ec_N",232,38,38,"Ec",32,1,1,1,1,1,1
"13899",191,"Ec_N",232,39,39,"Ec",32,1,1,1,1,1,1
"13900",191,"Ec_N",232,40,40,"Ec",32,1,1,1,1,1,1
"13901",191,"Ec_N",232,41,41,"Ec",32,1,1,1,1,1,1
"13902",191,"Ec_N",232,42,42,"Ec",32,1,1,1,1,1,1
"13903",191,"Ec_N",232,43,43,"Ec",32,1,1,1,1,1,1
"13904",191,"Ec_N",232,44,44,"Ec",32,1,1,1,1,1,1
"13905",191,"Ec_N",232,45,45,"Ec",32,1,1,1,1,1,1
"13906",191,"Ec_N",232,46,46,"Ec",32,1,1,1,1,1,1
"13907",191,"Ec_N",232,47,47,"Ec",32,1,1,1,1,1,1
"13908",191,"Ec_N",232,48,48,"Ec",32,1,1,1,1,1,1
"13909",191,"Ec_N",232,49,49,"Ec",32,1,1,1,1,1,1
"13910",191,"Ec_N",232,50,50,"Ec",32,1,1,1,1,1,1
"13911",191,"Ec_N",232,51,51,"Ec",32,1,1,1,1,1,1
"13912",191,"Ec_N",232,52,52,"Ec",32,1,1,1,1,1,1
"13913",191,"Ec_N",232,53,53,"Ec",32,1,1,1,1,1,1
"13914",191,"Ec_N",232,54,54,"Ec",32,1,1,1,1,1,1
"13915",191,"Ec_N",232,55,55,"Ec",32,1,1,1,1,1,1
"13916",191,"Ec_N",232,56,56,"Ec",32,1,1,1,1,1,1
"13917",191,"Ec_N",232,57,57,"Ec",32,1,1,1,1,1,1
"13918",191,"Ec_N",232,58,58,"Ec",32,1,1,1,1,1,1
"13919",191,"Ec_N",232,59,59,"Ec",32,1,1,1,1,1,1
"13920",191,"Ec_N",232,60,60,"Ec",32,1,1,1,1,1,1
"13921",191,"Ec_N",233,1,1,"Ec",1,0,0,0,0,0,0
"13922",191,"Ec_N",233,2,2,"Ec",5,0,0,1,0,0,0.49313446766664
"13923",191,"Ec_N",233,3,3,"Ec",5,0,0,1,0,0,0.49313446766664
"13924",191,"Ec_N",233,4,4,"Ec",21,0,0,1,0,1,0.726280938342543
"13925",191,"Ec_N",233,5,5,"Ec",21,0,0,1,0,1,0.726280938342543
"13926",191,"Ec_N",233,6,6,"Ec",21,0,0,1,0,1,0.726280938342543
"13927",191,"Ec_N",233,7,7,"Ec",21,0,0,1,0,1,0.726280938342543
"13928",191,"Ec_N",233,8,8,"Ec",21,0,0,1,0,1,0.726280938342543
"13929",191,"Ec_N",233,9,9,"Ec",21,0,0,1,0,1,0.726280938342543
"13930",191,"Ec_N",233,10,10,"Ec",21,0,0,1,0,1,0.726280938342543
"13931",191,"Ec_N",233,11,11,"Ec",21,0,0,1,0,1,0.726280938342543
"13932",191,"Ec_N",233,12,12,"Ec",21,0,0,1,0,1,0.726280938342543
"13933",191,"Ec_N",233,13,13,"Ec",21,0,0,1,0,1,0.726280938342543
"13934",191,"Ec_N",233,14,14,"Ec",21,0,0,1,0,1,0.726280938342543
"13935",191,"Ec_N",233,15,15,"Ec",21,0,0,1,0,1,0.726280938342543
"13936",191,"Ec_N",233,16,16,"Ec",21,0,0,1,0,1,0.726280938342543
"13937",191,"Ec_N",233,17,17,"Ec",21,0,0,1,0,1,0.726280938342543
"13938",191,"Ec_N",233,18,18,"Ec",21,0,0,1,0,1,0.726280938342543
"13939",191,"Ec_N",233,19,19,"Ec",21,0,0,1,0,1,0.726280938342543
"13940",191,"Ec_N",233,20,20,"Ec",21,0,0,1,0,1,0.726280938342543
"13941",191,"Ec_N",233,21,21,"Ec",21,0,0,1,0,1,0.726280938342543
"13942",191,"Ec_N",233,22,22,"Ec",21,0,0,1,0,1,0.726280938342543
"13943",191,"Ec_N",233,23,23,"Ec",21,0,0,1,0,1,0.726280938342543
"13944",191,"Ec_N",233,24,24,"Ec",21,0,0,1,0,1,0.726280938342543
"13945",191,"Ec_N",233,25,25,"Ec",21,0,0,1,0,1,0.726280938342543
"13946",191,"Ec_N",233,26,26,"Ec",22,1,0,1,0,1,0.92522428176681
"13947",191,"Ec_N",233,27,27,"Ec",22,1,0,1,0,1,0.92522428176681
"13948",191,"Ec_N",233,28,28,"Ec",22,1,0,1,0,1,0.92522428176681
"13949",191,"Ec_N",233,29,29,"Ec",22,1,0,1,0,1,0.92522428176681
"13950",191,"Ec_N",233,30,30,"Ec",22,1,0,1,0,1,0.92522428176681
"13951",191,"Ec_N",233,31,31,"Ec",22,1,0,1,0,1,0.92522428176681
"13952",191,"Ec_N",233,32,32,"Ec",22,1,0,1,0,1,0.92522428176681
"13953",191,"Ec_N",233,33,33,"Ec",22,1,0,1,0,1,0.92522428176681
"13954",191,"Ec_N",233,34,34,"Ec",22,1,0,1,0,1,0.92522428176681
"13955",191,"Ec_N",233,35,35,"Ec",22,1,0,1,0,1,0.92522428176681
"13956",191,"Ec_N",233,36,36,"Ec",22,1,0,1,0,1,0.92522428176681
"13957",191,"Ec_N",233,37,37,"Ec",22,1,0,1,0,1,0.92522428176681
"13958",191,"Ec_N",233,38,38,"Ec",22,1,0,1,0,1,0.92522428176681
"13959",191,"Ec_N",233,39,39,"Ec",22,1,0,1,0,1,0.92522428176681
"13960",191,"Ec_N",233,40,40,"Ec",22,1,0,1,0,1,0.92522428176681
"13961",191,"Ec_N",233,41,41,"Ec",24,1,1,1,0,1,0.969458006928044
"13962",191,"Ec_N",233,42,42,"Ec",32,1,1,1,1,1,1
"13963",191,"Ec_N",233,43,43,"Ec",32,1,1,1,1,1,1
"13964",191,"Ec_N",233,44,44,"Ec",32,1,1,1,1,1,1
"13965",191,"Ec_N",233,45,45,"Ec",32,1,1,1,1,1,1
"13966",191,"Ec_N",233,46,46,"Ec",32,1,1,1,1,1,1
"13967",191,"Ec_N",233,47,47,"Ec",32,1,1,1,1,1,1
"13968",191,"Ec_N",233,48,48,"Ec",32,1,1,1,1,1,1
"13969",191,"Ec_N",233,49,49,"Ec",32,1,1,1,1,1,1
"13970",191,"Ec_N",233,50,50,"Ec",32,1,1,1,1,1,1
"13971",191,"Ec_N",233,51,51,"Ec",32,1,1,1,1,1,1
"13972",191,"Ec_N",233,52,52,"Ec",32,1,1,1,1,1,1
"13973",191,"Ec_N",233,53,53,"Ec",32,1,1,1,1,1,1
"13974",191,"Ec_N",233,54,54,"Ec",32,1,1,1,1,1,1
"13975",191,"Ec_N",233,55,55,"Ec",32,1,1,1,1,1,1
"13976",191,"Ec_N",233,56,56,"Ec",32,1,1,1,1,1,1
"13977",191,"Ec_N",233,57,57,"Ec",32,1,1,1,1,1,1
"13978",191,"Ec_N",233,58,58,"Ec",32,1,1,1,1,1,1
"13979",191,"Ec_N",233,59,59,"Ec",32,1,1,1,1,1,1
"13980",191,"Ec_N",233,60,60,"Ec",32,1,1,1,1,1,1
"13981",191,"Ec_N",234,1,1,"Ec",1,0,0,0,0,0,0
"13982",191,"Ec_N",234,2,2,"Ec",1,0,0,0,0,0,0
"13983",191,"Ec_N",234,3,3,"Ec",1,0,0,0,0,0,0
"13984",191,"Ec_N",234,4,4,"Ec",1,0,0,0,0,0,0
"13985",191,"Ec_N",234,5,5,"Ec",1,0,0,0,0,0,0
"13986",191,"Ec_N",234,6,6,"Ec",1,0,0,0,0,0,0
"13987",191,"Ec_N",234,7,7,"Ec",1,0,0,0,0,0,0
"13988",191,"Ec_N",234,8,8,"Ec",1,0,0,0,0,0,0
"13989",191,"Ec_N",234,9,9,"Ec",1,0,0,0,0,0,0
"13990",191,"Ec_N",234,10,10,"Ec",1,0,0,0,0,0,0
"13991",191,"Ec_N",234,11,11,"Ec",3,0,1,0,0,0,0.041311480051295
"13992",191,"Ec_N",234,12,12,"Ec",3,0,1,0,0,0,0.041311480051295
"13993",191,"Ec_N",234,13,13,"Ec",3,0,1,0,0,0,0.041311480051295
"13994",191,"Ec_N",234,14,14,"Ec",3,0,1,0,0,0,0.041311480051295
"13995",191,"Ec_N",234,15,15,"Ec",11,0,1,0,1,0,0.0857419302602629
"13996",191,"Ec_N",234,16,16,"Ec",27,0,1,0,1,1,0.357221419161902
"13997",191,"Ec_N",234,17,17,"Ec",27,0,1,0,1,1,0.357221419161902
"13998",191,"Ec_N",234,18,18,"Ec",27,0,1,0,1,1,0.357221419161902
"13999",191,"Ec_N",234,19,19,"Ec",27,0,1,0,1,1,0.357221419161902
"14000",191,"Ec_N",234,20,20,"Ec",27,0,1,0,1,1,0.357221419161902
"14001",191,"Ec_N",234,21,21,"Ec",27,0,1,0,1,1,0.357221419161902
"14002",191,"Ec_N",234,22,22,"Ec",27,0,1,0,1,1,0.357221419161902
"14003",191,"Ec_N",234,23,23,"Ec",27,0,1,0,1,1,0.357221419161902
"14004",191,"Ec_N",234,24,24,"Ec",27,0,1,0,1,1,0.357221419161902
"14005",191,"Ec_N",234,25,25,"Ec",27,0,1,0,1,1,0.357221419161902
"14006",191,"Ec_N",234,26,26,"Ec",27,0,1,0,1,1,0.357221419161902
"14007",191,"Ec_N",234,27,27,"Ec",27,0,1,0,1,1,0.357221419161902
"14008",191,"Ec_N",234,28,28,"Ec",27,0,1,0,1,1,0.357221419161902
"14009",191,"Ec_N",234,29,29,"Ec",27,0,1,0,1,1,0.357221419161902
"14010",191,"Ec_N",234,30,30,"Ec",27,0,1,0,1,1,0.357221419161902
"14011",191,"Ec_N",234,31,31,"Ec",27,0,1,0,1,1,0.357221419161902
"14012",191,"Ec_N",234,32,32,"Ec",27,0,1,0,1,1,0.357221419161902
"14013",191,"Ec_N",234,33,33,"Ec",27,0,1,0,1,1,0.357221419161902
"14014",191,"Ec_N",234,34,34,"Ec",27,0,1,0,1,1,0.357221419161902
"14015",191,"Ec_N",234,35,35,"Ec",27,0,1,0,1,1,0.357221419161902
"14016",191,"Ec_N",234,36,36,"Ec",28,1,1,0,1,1,0.681047421119041
"14017",191,"Ec_N",234,37,37,"Ec",28,1,1,0,1,1,0.681047421119041
"14018",191,"Ec_N",234,38,38,"Ec",28,1,1,0,1,1,0.681047421119041
"14019",191,"Ec_N",234,39,39,"Ec",28,1,1,0,1,1,0.681047421119041
"14020",191,"Ec_N",234,40,40,"Ec",28,1,1,0,1,1,0.681047421119041
"14021",191,"Ec_N",234,41,41,"Ec",28,1,1,0,1,1,0.681047421119041
"14022",191,"Ec_N",234,42,42,"Ec",28,1,1,0,1,1,0.681047421119041
"14023",191,"Ec_N",234,43,43,"Ec",28,1,1,0,1,1,0.681047421119041
"14024",191,"Ec_N",234,44,44,"Ec",28,1,1,0,1,1,0.681047421119041
"14025",191,"Ec_N",234,45,45,"Ec",32,1,1,1,1,1,1
"14026",191,"Ec_N",234,46,46,"Ec",32,1,1,1,1,1,1
"14027",191,"Ec_N",234,47,47,"Ec",32,1,1,1,1,1,1
"14028",191,"Ec_N",234,48,48,"Ec",32,1,1,1,1,1,1
"14029",191,"Ec_N",234,49,49,"Ec",32,1,1,1,1,1,1
"14030",191,"Ec_N",234,50,50,"Ec",32,1,1,1,1,1,1
"14031",191,"Ec_N",234,51,51,"Ec",32,1,1,1,1,1,1
"14032",191,"Ec_N",234,52,52,"Ec",32,1,1,1,1,1,1
"14033",191,"Ec_N",234,53,53,"Ec",32,1,1,1,1,1,1
"14034",191,"Ec_N",234,54,54,"Ec",32,1,1,1,1,1,1
"14035",191,"Ec_N",234,55,55,"Ec",32,1,1,1,1,1,1
"14036",191,"Ec_N",234,56,56,"Ec",32,1,1,1,1,1,1
"14037",191,"Ec_N",234,57,57,"Ec",32,1,1,1,1,1,1
"14038",191,"Ec_N",234,58,58,"Ec",32,1,1,1,1,1,1
"14039",191,"Ec_N",234,59,59,"Ec",32,1,1,1,1,1,1
"14040",191,"Ec_N",234,60,60,"Ec",32,1,1,1,1,1,1
"14041",191,"Ec_N",235,1,1,"Ec",1,0,0,0,0,0,0
"14042",191,"Ec_N",235,2,2,"Ec",1,0,0,0,0,0,0
"14043",191,"Ec_N",235,3,3,"Ec",1,0,0,0,0,0,0
"14044",191,"Ec_N",235,4,4,"Ec",5,0,0,1,0,0,0.49313446766664
"14045",191,"Ec_N",235,5,5,"Ec",5,0,0,1,0,0,0.49313446766664
"14046",191,"Ec_N",235,6,6,"Ec",5,0,0,1,0,0,0.49313446766664
"14047",191,"Ec_N",235,7,7,"Ec",5,0,0,1,0,0,0.49313446766664
"14048",191,"Ec_N",235,8,8,"Ec",5,0,0,1,0,0,0.49313446766664
"14049",191,"Ec_N",235,9,9,"Ec",5,0,0,1,0,0,0.49313446766664
"14050",191,"Ec_N",235,10,10,"Ec",21,0,0,1,0,1,0.726280938342543
"14051",191,"Ec_N",235,11,11,"Ec",21,0,0,1,0,1,0.726280938342543
"14052",191,"Ec_N",235,12,12,"Ec",21,0,0,1,0,1,0.726280938342543
"14053",191,"Ec_N",235,13,13,"Ec",21,0,0,1,0,1,0.726280938342543
"14054",191,"Ec_N",235,14,14,"Ec",21,0,0,1,0,1,0.726280938342543
"14055",191,"Ec_N",235,15,15,"Ec",21,0,0,1,0,1,0.726280938342543
"14056",191,"Ec_N",235,16,16,"Ec",21,0,0,1,0,1,0.726280938342543
"14057",191,"Ec_N",235,17,17,"Ec",21,0,0,1,0,1,0.726280938342543
"14058",191,"Ec_N",235,18,18,"Ec",21,0,0,1,0,1,0.726280938342543
"14059",191,"Ec_N",235,19,19,"Ec",29,0,0,1,1,1,0.760668149402769
"14060",191,"Ec_N",235,20,20,"Ec",29,0,0,1,1,1,0.760668149402769
"14061",191,"Ec_N",235,21,21,"Ec",29,0,0,1,1,1,0.760668149402769
"14062",191,"Ec_N",235,22,22,"Ec",29,0,0,1,1,1,0.760668149402769
"14063",191,"Ec_N",235,23,23,"Ec",29,0,0,1,1,1,0.760668149402769
"14064",191,"Ec_N",235,24,24,"Ec",29,0,0,1,1,1,0.760668149402769
"14065",191,"Ec_N",235,25,25,"Ec",29,0,0,1,1,1,0.760668149402769
"14066",191,"Ec_N",235,26,26,"Ec",29,0,0,1,1,1,0.760668149402769
"14067",191,"Ec_N",235,27,27,"Ec",29,0,0,1,1,1,0.760668149402769
"14068",191,"Ec_N",235,28,28,"Ec",29,0,0,1,1,1,0.760668149402769
"14069",191,"Ec_N",235,29,29,"Ec",29,0,0,1,1,1,0.760668149402769
"14070",191,"Ec_N",235,30,30,"Ec",30,1,0,1,1,1,0.958688519948705
"14071",191,"Ec_N",235,31,31,"Ec",30,1,0,1,1,1,0.958688519948705
"14072",191,"Ec_N",235,32,32,"Ec",30,1,0,1,1,1,0.958688519948705
"14073",191,"Ec_N",235,33,33,"Ec",30,1,0,1,1,1,0.958688519948705
"14074",191,"Ec_N",235,34,34,"Ec",30,1,0,1,1,1,0.958688519948705
"14075",191,"Ec_N",235,35,35,"Ec",30,1,0,1,1,1,0.958688519948705
"14076",191,"Ec_N",235,36,36,"Ec",30,1,0,1,1,1,0.958688519948705
"14077",191,"Ec_N",235,37,37,"Ec",30,1,0,1,1,1,0.958688519948705
"14078",191,"Ec_N",235,38,38,"Ec",30,1,0,1,1,1,0.958688519948705
"14079",191,"Ec_N",235,39,39,"Ec",30,1,0,1,1,1,0.958688519948705
"14080",191,"Ec_N",235,40,40,"Ec",32,1,1,1,1,1,1
"14081",191,"Ec_N",235,41,41,"Ec",32,1,1,1,1,1,1
"14082",191,"Ec_N",235,42,42,"Ec",32,1,1,1,1,1,1
"14083",191,"Ec_N",235,43,43,"Ec",32,1,1,1,1,1,1
"14084",191,"Ec_N",235,44,44,"Ec",32,1,1,1,1,1,1
"14085",191,"Ec_N",235,45,45,"Ec",32,1,1,1,1,1,1
"14086",191,"Ec_N",235,46,46,"Ec",32,1,1,1,1,1,1
"14087",191,"Ec_N",235,47,47,"Ec",32,1,1,1,1,1,1
"14088",191,"Ec_N",235,48,48,"Ec",32,1,1,1,1,1,1
"14089",191,"Ec_N",235,49,49,"Ec",32,1,1,1,1,1,1
"14090",191,"Ec_N",235,50,50,"Ec",32,1,1,1,1,1,1
"14091",191,"Ec_N",235,51,51,"Ec",32,1,1,1,1,1,1
"14092",191,"Ec_N",235,52,52,"Ec",32,1,1,1,1,1,1
"14093",191,"Ec_N",235,53,53,"Ec",32,1,1,1,1,1,1
"14094",191,"Ec_N",235,54,54,"Ec",32,1,1,1,1,1,1
"14095",191,"Ec_N",235,55,55,"Ec",32,1,1,1,1,1,1
"14096",191,"Ec_N",235,56,56,"Ec",32,1,1,1,1,1,1
"14097",191,"Ec_N",235,57,57,"Ec",32,1,1,1,1,1,1
"14098",191,"Ec_N",235,58,58,"Ec",32,1,1,1,1,1,1
"14099",191,"Ec_N",235,59,59,"Ec",32,1,1,1,1,1,1
"14100",191,"Ec_N",235,60,60,"Ec",32,1,1,1,1,1,1
"14101",191,"Ec_N",236,1,1,"Ec",1,0,0,0,0,0,0
"14102",191,"Ec_N",236,2,2,"Ec",1,0,0,0,0,0,0
"14103",191,"Ec_N",236,3,3,"Ec",1,0,0,0,0,0,0
"14104",191,"Ec_N",236,4,4,"Ec",1,0,0,0,0,0,0
"14105",191,"Ec_N",236,5,5,"Ec",17,0,0,0,0,1,0.229834113103391
"14106",191,"Ec_N",236,6,6,"Ec",17,0,0,0,0,1,0.229834113103391
"14107",191,"Ec_N",236,7,7,"Ec",17,0,0,0,0,1,0.229834113103391
"14108",191,"Ec_N",236,8,8,"Ec",17,0,0,0,0,1,0.229834113103391
"14109",191,"Ec_N",236,9,9,"Ec",17,0,0,0,0,1,0.229834113103391
"14110",191,"Ec_N",236,10,10,"Ec",25,0,0,0,1,1,0.403163568932085
"14111",191,"Ec_N",236,11,11,"Ec",25,0,0,0,1,1,0.403163568932085
"14112",191,"Ec_N",236,12,12,"Ec",25,0,0,0,1,1,0.403163568932085
"14113",191,"Ec_N",236,13,13,"Ec",25,0,0,0,1,1,0.403163568932085
"14114",191,"Ec_N",236,14,14,"Ec",25,0,0,0,1,1,0.403163568932085
"14115",191,"Ec_N",236,15,15,"Ec",25,0,0,0,1,1,0.403163568932085
"14116",191,"Ec_N",236,16,16,"Ec",25,0,0,0,1,1,0.403163568932085
"14117",191,"Ec_N",236,17,17,"Ec",25,0,0,0,1,1,0.403163568932085
"14118",191,"Ec_N",236,18,18,"Ec",25,0,0,0,1,1,0.403163568932085
"14119",191,"Ec_N",236,19,19,"Ec",25,0,0,0,1,1,0.403163568932085
"14120",191,"Ec_N",236,20,20,"Ec",25,0,0,0,1,1,0.403163568932085
"14121",191,"Ec_N",236,21,21,"Ec",25,0,0,0,1,1,0.403163568932085
"14122",191,"Ec_N",236,22,22,"Ec",25,0,0,0,1,1,0.403163568932085
"14123",191,"Ec_N",236,23,23,"Ec",25,0,0,0,1,1,0.403163568932085
"14124",191,"Ec_N",236,24,24,"Ec",25,0,0,0,1,1,0.403163568932085
"14125",191,"Ec_N",236,25,25,"Ec",25,0,0,0,1,1,0.403163568932085
"14126",191,"Ec_N",236,26,26,"Ec",25,0,0,0,1,1,0.403163568932085
"14127",191,"Ec_N",236,27,27,"Ec",25,0,0,0,1,1,0.403163568932085
"14128",191,"Ec_N",236,28,28,"Ec",25,0,0,0,1,1,0.403163568932085
"14129",191,"Ec_N",236,29,29,"Ec",25,0,0,0,1,1,0.403163568932085
"14130",191,"Ec_N",236,30,30,"Ec",25,0,0,0,1,1,0.403163568932085
"14131",191,"Ec_N",236,31,31,"Ec",26,1,0,0,1,1,0.514384015075299
"14132",191,"Ec_N",236,32,32,"Ec",26,1,0,0,1,1,0.514384015075299
"14133",191,"Ec_N",236,33,33,"Ec",26,1,0,0,1,1,0.514384015075299
"14134",191,"Ec_N",236,34,34,"Ec",26,1,0,0,1,1,0.514384015075299
"14135",191,"Ec_N",236,35,35,"Ec",26,1,0,0,1,1,0.514384015075299
"14136",191,"Ec_N",236,36,36,"Ec",26,1,0,0,1,1,0.514384015075299
"14137",191,"Ec_N",236,37,37,"Ec",26,1,0,0,1,1,0.514384015075299
"14138",191,"Ec_N",236,38,38,"Ec",26,1,0,0,1,1,0.514384015075299
"14139",191,"Ec_N",236,39,39,"Ec",26,1,0,0,1,1,0.514384015075299
"14140",191,"Ec_N",236,40,40,"Ec",26,1,0,0,1,1,0.514384015075299
"14141",191,"Ec_N",236,41,41,"Ec",30,1,0,1,1,1,0.958688519948705
"14142",191,"Ec_N",236,42,42,"Ec",30,1,0,1,1,1,0.958688519948705
"14143",191,"Ec_N",236,43,43,"Ec",30,1,0,1,1,1,0.958688519948705
"14144",191,"Ec_N",236,44,44,"Ec",30,1,0,1,1,1,0.958688519948705
"14145",191,"Ec_N",236,45,45,"Ec",30,1,0,1,1,1,0.958688519948705
"14146",191,"Ec_N",236,46,46,"Ec",30,1,0,1,1,1,0.958688519948705
"14147",191,"Ec_N",236,47,47,"Ec",30,1,0,1,1,1,0.958688519948705
"14148",191,"Ec_N",236,48,48,"Ec",30,1,0,1,1,1,0.958688519948705
"14149",191,"Ec_N",236,49,49,"Ec",30,1,0,1,1,1,0.958688519948705
"14150",191,"Ec_N",236,50,50,"Ec",30,1,0,1,1,1,0.958688519948705
"14151",191,"Ec_N",236,51,51,"Ec",30,1,0,1,1,1,0.958688519948705
"14152",191,"Ec_N",236,52,52,"Ec",30,1,0,1,1,1,0.958688519948705
"14153",191,"Ec_N",236,53,53,"Ec",30,1,0,1,1,1,0.958688519948705
"14154",191,"Ec_N",236,54,54,"Ec",30,1,0,1,1,1,0.958688519948705
"14155",191,"Ec_N",236,55,55,"Ec",30,1,0,1,1,1,0.958688519948705
"14156",191,"Ec_N",236,56,56,"Ec",30,1,0,1,1,1,0.958688519948705
"14157",191,"Ec_N",236,57,57,"Ec",30,1,0,1,1,1,0.958688519948705
"14158",191,"Ec_N",236,58,58,"Ec",30,1,0,1,1,1,0.958688519948705
"14159",191,"Ec_N",236,59,59,"Ec",30,1,0,1,1,1,0.958688519948705
"14160",191,"Ec_N",236,60,60,"Ec",30,1,0,1,1,1,0.958688519948705
"14161",191,"Ec_N",237,1,1,"Ec",1,0,0,0,0,0,0
"14162",191,"Ec_N",237,2,2,"Ec",1,0,0,0,0,0,0
"14163",191,"Ec_N",237,3,3,"Ec",1,0,0,0,0,0,0
"14164",191,"Ec_N",237,4,4,"Ec",1,0,0,0,0,0,0
"14165",191,"Ec_N",237,5,5,"Ec",1,0,0,0,0,0,0
"14166",191,"Ec_N",237,6,6,"Ec",1,0,0,0,0,0,0
"14167",191,"Ec_N",237,7,7,"Ec",9,0,0,0,1,0,0.0305419930719563
"14168",191,"Ec_N",237,8,8,"Ec",11,0,1,0,1,0,0.0857419302602629
"14169",191,"Ec_N",237,9,9,"Ec",11,0,1,0,1,0,0.0857419302602629
"14170",191,"Ec_N",237,10,10,"Ec",11,0,1,0,1,0,0.0857419302602629
"14171",191,"Ec_N",237,11,11,"Ec",11,0,1,0,1,0,0.0857419302602629
"14172",191,"Ec_N",237,12,12,"Ec",11,0,1,0,1,0,0.0857419302602629
"14173",191,"Ec_N",237,13,13,"Ec",11,0,1,0,1,0,0.0857419302602629
"14174",191,"Ec_N",237,14,14,"Ec",11,0,1,0,1,0,0.0857419302602629
"14175",191,"Ec_N",237,15,15,"Ec",11,0,1,0,1,0,0.0857419302602629
"14176",191,"Ec_N",237,16,16,"Ec",11,0,1,0,1,0,0.0857419302602629
"14177",191,"Ec_N",237,17,17,"Ec",15,0,1,1,1,0,0.437080043527332
"14178",191,"Ec_N",237,18,18,"Ec",15,0,1,1,1,0,0.437080043527332
"14179",191,"Ec_N",237,19,19,"Ec",15,0,1,1,1,0,0.437080043527332
"14180",191,"Ec_N",237,20,20,"Ec",15,0,1,1,1,0,0.437080043527332
"14181",191,"Ec_N",237,21,21,"Ec",15,0,1,1,1,0,0.437080043527332
"14182",191,"Ec_N",237,22,22,"Ec",15,0,1,1,1,0,0.437080043527332
"14183",191,"Ec_N",237,23,23,"Ec",15,0,1,1,1,0,0.437080043527332
"14184",191,"Ec_N",237,24,24,"Ec",15,0,1,1,1,0,0.437080043527332
"14185",191,"Ec_N",237,25,25,"Ec",15,0,1,1,1,0,0.437080043527332
"14186",191,"Ec_N",237,26,26,"Ec",15,0,1,1,1,0,0.437080043527332
"14187",191,"Ec_N",237,27,27,"Ec",15,0,1,1,1,0,0.437080043527332
"14188",191,"Ec_N",237,28,28,"Ec",15,0,1,1,1,0,0.437080043527332
"14189",191,"Ec_N",237,29,29,"Ec",15,0,1,1,1,0,0.437080043527332
"14190",191,"Ec_N",237,30,30,"Ec",15,0,1,1,1,0,0.437080043527332
"14191",191,"Ec_N",237,31,31,"Ec",15,0,1,1,1,0,0.437080043527332
"14192",191,"Ec_N",237,32,32,"Ec",15,0,1,1,1,0,0.437080043527332
"14193",191,"Ec_N",237,33,33,"Ec",15,0,1,1,1,0,0.437080043527332
"14194",191,"Ec_N",237,34,34,"Ec",15,0,1,1,1,0,0.437080043527332
"14195",191,"Ec_N",237,35,35,"Ec",15,0,1,1,1,0,0.437080043527332
"14196",191,"Ec_N",237,36,36,"Ec",15,0,1,1,1,0,0.437080043527332
"14197",191,"Ec_N",237,37,37,"Ec",15,0,1,1,1,0,0.437080043527332
"14198",191,"Ec_N",237,38,38,"Ec",15,0,1,1,1,0,0.437080043527332
"14199",191,"Ec_N",237,39,39,"Ec",15,0,1,1,1,0,0.437080043527332
"14200",191,"Ec_N",237,40,40,"Ec",15,0,1,1,1,0,0.437080043527332
"14201",191,"Ec_N",237,41,41,"Ec",15,0,1,1,1,0,0.437080043527332
"14202",191,"Ec_N",237,42,42,"Ec",15,0,1,1,1,0,0.437080043527332
"14203",191,"Ec_N",237,43,43,"Ec",15,0,1,1,1,0,0.437080043527332
"14204",191,"Ec_N",237,44,44,"Ec",15,0,1,1,1,0,0.437080043527332
"14205",191,"Ec_N",237,45,45,"Ec",15,0,1,1,1,0,0.437080043527332
"14206",191,"Ec_N",237,46,46,"Ec",15,0,1,1,1,0,0.437080043527332
"14207",191,"Ec_N",237,47,47,"Ec",15,0,1,1,1,0,0.437080043527332
"14208",191,"Ec_N",237,48,48,"Ec",15,0,1,1,1,0,0.437080043527332
"14209",191,"Ec_N",237,49,49,"Ec",15,0,1,1,1,0,0.437080043527332
"14210",191,"Ec_N",237,50,50,"Ec",15,0,1,1,1,0,0.437080043527332
"14211",191,"Ec_N",237,51,51,"Ec",15,0,1,1,1,0,0.437080043527332
"14212",191,"Ec_N",237,52,52,"Ec",15,0,1,1,1,0,0.437080043527332
"14213",191,"Ec_N",237,53,53,"Ec",15,0,1,1,1,0,0.437080043527332
"14214",191,"Ec_N",237,54,54,"Ec",15,0,1,1,1,0,0.437080043527332
"14215",191,"Ec_N",237,55,55,"Ec",15,0,1,1,1,0,0.437080043527332
"14216",191,"Ec_N",237,56,56,"Ec",15,0,1,1,1,0,0.437080043527332
"14217",191,"Ec_N",237,57,57,"Ec",15,0,1,1,1,0,0.437080043527332
"14218",191,"Ec_N",237,58,58,"Ec",15,0,1,1,1,0,0.437080043527332
"14219",191,"Ec_N",237,59,59,"Ec",15,0,1,1,1,0,0.437080043527332
"14220",191,"Ec_N",237,60,60,"Ec",15,0,1,1,1,0,0.437080043527332
"14221",191,"Ec_N",238,1,1,"Ec",1,0,0,0,0,0,0
"14222",191,"Ec_N",238,2,2,"Ec",1,0,0,0,0,0,0
"14223",191,"Ec_N",238,3,3,"Ec",1,0,0,0,0,0,0
"14224",191,"Ec_N",238,4,4,"Ec",5,0,0,1,0,0,0.49313446766664
"14225",191,"Ec_N",238,5,5,"Ec",5,0,0,1,0,0,0.49313446766664
"14226",191,"Ec_N",238,6,6,"Ec",5,0,0,1,0,0,0.49313446766664
"14227",191,"Ec_N",238,7,7,"Ec",7,0,1,1,0,0,0.589282297794007
"14228",191,"Ec_N",238,8,8,"Ec",7,0,1,1,0,0,0.589282297794007
"14229",191,"Ec_N",238,9,9,"Ec",7,0,1,1,0,0,0.589282297794007
"14230",191,"Ec_N",238,10,10,"Ec",7,0,1,1,0,0,0.589282297794007
"14231",191,"Ec_N",238,11,11,"Ec",7,0,1,1,0,0,0.589282297794007
"14232",191,"Ec_N",238,12,12,"Ec",7,0,1,1,0,0,0.589282297794007
"14233",191,"Ec_N",238,13,13,"Ec",23,0,1,1,0,1,0.616809062130864
"14234",191,"Ec_N",238,14,14,"Ec",21,0,0,1,0,1,0.726280938342543
"14235",191,"Ec_N",238,15,15,"Ec",21,0,0,1,0,1,0.726280938342543
"14236",191,"Ec_N",238,16,16,"Ec",21,0,0,1,0,1,0.726280938342543
"14237",191,"Ec_N",238,17,17,"Ec",22,1,0,1,0,1,0.92522428176681
"14238",191,"Ec_N",238,18,18,"Ec",22,1,0,1,0,1,0.92522428176681
"14239",191,"Ec_N",238,19,19,"Ec",22,1,0,1,0,1,0.92522428176681
"14240",191,"Ec_N",238,20,20,"Ec",22,1,0,1,0,1,0.92522428176681
"14241",191,"Ec_N",238,21,21,"Ec",22,1,0,1,0,1,0.92522428176681
"14242",191,"Ec_N",238,22,22,"Ec",22,1,0,1,0,1,0.92522428176681
"14243",191,"Ec_N",238,23,23,"Ec",22,1,0,1,0,1,0.92522428176681
"14244",191,"Ec_N",238,24,24,"Ec",22,1,0,1,0,1,0.92522428176681
"14245",191,"Ec_N",238,25,25,"Ec",22,1,0,1,0,1,0.92522428176681
"14246",191,"Ec_N",238,26,26,"Ec",22,1,0,1,0,1,0.92522428176681
"14247",191,"Ec_N",238,27,27,"Ec",22,1,0,1,0,1,0.92522428176681
"14248",191,"Ec_N",238,28,28,"Ec",22,1,0,1,0,1,0.92522428176681
"14249",191,"Ec_N",238,29,29,"Ec",22,1,0,1,0,1,0.92522428176681
"14250",191,"Ec_N",238,30,30,"Ec",22,1,0,1,0,1,0.92522428176681
"14251",191,"Ec_N",238,31,31,"Ec",22,1,0,1,0,1,0.92522428176681
"14252",191,"Ec_N",238,32,32,"Ec",22,1,0,1,0,1,0.92522428176681
"14253",191,"Ec_N",238,33,33,"Ec",22,1,0,1,0,1,0.92522428176681
"14254",191,"Ec_N",238,34,34,"Ec",22,1,0,1,0,1,0.92522428176681
"14255",191,"Ec_N",238,35,35,"Ec",22,1,0,1,0,1,0.92522428176681
"14256",191,"Ec_N",238,36,36,"Ec",22,1,0,1,0,1,0.92522428176681
"14257",191,"Ec_N",238,37,37,"Ec",22,1,0,1,0,1,0.92522428176681
"14258",191,"Ec_N",238,38,38,"Ec",22,1,0,1,0,1,0.92522428176681
"14259",191,"Ec_N",238,39,39,"Ec",22,1,0,1,0,1,0.92522428176681
"14260",191,"Ec_N",238,40,40,"Ec",22,1,0,1,0,1,0.92522428176681
"14261",191,"Ec_N",238,41,41,"Ec",24,1,1,1,0,1,0.969458006928044
"14262",191,"Ec_N",238,42,42,"Ec",24,1,1,1,0,1,0.969458006928044
"14263",191,"Ec_N",238,43,43,"Ec",24,1,1,1,0,1,0.969458006928044
"14264",191,"Ec_N",238,44,44,"Ec",24,1,1,1,0,1,0.969458006928044
"14265",191,"Ec_N",238,45,45,"Ec",24,1,1,1,0,1,0.969458006928044
"14266",191,"Ec_N",238,46,46,"Ec",24,1,1,1,0,1,0.969458006928044
"14267",191,"Ec_N",238,47,47,"Ec",24,1,1,1,0,1,0.969458006928044
"14268",191,"Ec_N",238,48,48,"Ec",24,1,1,1,0,1,0.969458006928044
"14269",191,"Ec_N",238,49,49,"Ec",24,1,1,1,0,1,0.969458006928044
"14270",191,"Ec_N",238,50,50,"Ec",24,1,1,1,0,1,0.969458006928044
"14271",191,"Ec_N",238,51,51,"Ec",24,1,1,1,0,1,0.969458006928044
"14272",191,"Ec_N",238,52,52,"Ec",24,1,1,1,0,1,0.969458006928044
"14273",191,"Ec_N",238,53,53,"Ec",24,1,1,1,0,1,0.969458006928044
"14274",191,"Ec_N",238,54,54,"Ec",24,1,1,1,0,1,0.969458006928044
"14275",191,"Ec_N",238,55,55,"Ec",24,1,1,1,0,1,0.969458006928044
"14276",191,"Ec_N",238,56,56,"Ec",24,1,1,1,0,1,0.969458006928044
"14277",191,"Ec_N",238,57,57,"Ec",24,1,1,1,0,1,0.969458006928044
"14278",191,"Ec_N",238,58,58,"Ec",24,1,1,1,0,1,0.969458006928044
"14279",191,"Ec_N",238,59,59,"Ec",24,1,1,1,0,1,0.969458006928044
"14280",191,"Ec_N",238,60,60,"Ec",24,1,1,1,0,1,0.969458006928044
"14281",191,"Ec_N",239,1,1,"Ec",1,0,0,0,0,0,0
"14282",191,"Ec_N",239,2,2,"Ec",5,0,0,1,0,0,0.49313446766664
"14283",191,"Ec_N",239,3,3,"Ec",5,0,0,1,0,0,0.49313446766664
"14284",191,"Ec_N",239,4,4,"Ec",21,0,0,1,0,1,0.726280938342543
"14285",191,"Ec_N",239,5,5,"Ec",21,0,0,1,0,1,0.726280938342543
"14286",191,"Ec_N",239,6,6,"Ec",21,0,0,1,0,1,0.726280938342543
"14287",191,"Ec_N",239,7,7,"Ec",29,0,0,1,1,1,0.760668149402769
"14288",191,"Ec_N",239,8,8,"Ec",29,0,0,1,1,1,0.760668149402769
"14289",191,"Ec_N",239,9,9,"Ec",29,0,0,1,1,1,0.760668149402769
"14290",191,"Ec_N",239,10,10,"Ec",29,0,0,1,1,1,0.760668149402769
"14291",191,"Ec_N",239,11,11,"Ec",29,0,0,1,1,1,0.760668149402769
"14292",191,"Ec_N",239,12,12,"Ec",29,0,0,1,1,1,0.760668149402769
"14293",191,"Ec_N",239,13,13,"Ec",29,0,0,1,1,1,0.760668149402769
"14294",191,"Ec_N",239,14,14,"Ec",29,0,0,1,1,1,0.760668149402769
"14295",191,"Ec_N",239,15,15,"Ec",29,0,0,1,1,1,0.760668149402769
"14296",191,"Ec_N",239,16,16,"Ec",29,0,0,1,1,1,0.760668149402769
"14297",191,"Ec_N",239,17,17,"Ec",29,0,0,1,1,1,0.760668149402769
"14298",191,"Ec_N",239,18,18,"Ec",29,0,0,1,1,1,0.760668149402769
"14299",191,"Ec_N",239,19,19,"Ec",29,0,0,1,1,1,0.760668149402769
"14300",191,"Ec_N",239,20,20,"Ec",30,1,0,1,1,1,0.958688519948705
"14301",191,"Ec_N",239,21,21,"Ec",30,1,0,1,1,1,0.958688519948705
"14302",191,"Ec_N",239,22,22,"Ec",30,1,0,1,1,1,0.958688519948705
"14303",191,"Ec_N",239,23,23,"Ec",30,1,0,1,1,1,0.958688519948705
"14304",191,"Ec_N",239,24,24,"Ec",30,1,0,1,1,1,0.958688519948705
"14305",191,"Ec_N",239,25,25,"Ec",30,1,0,1,1,1,0.958688519948705
"14306",191,"Ec_N",239,26,26,"Ec",30,1,0,1,1,1,0.958688519948705
"14307",191,"Ec_N",239,27,27,"Ec",30,1,0,1,1,1,0.958688519948705
"14308",191,"Ec_N",239,28,28,"Ec",30,1,0,1,1,1,0.958688519948705
"14309",191,"Ec_N",239,29,29,"Ec",30,1,0,1,1,1,0.958688519948705
"14310",191,"Ec_N",239,30,30,"Ec",30,1,0,1,1,1,0.958688519948705
"14311",191,"Ec_N",239,31,31,"Ec",30,1,0,1,1,1,0.958688519948705
"14312",191,"Ec_N",239,32,32,"Ec",30,1,0,1,1,1,0.958688519948705
"14313",191,"Ec_N",239,33,33,"Ec",30,1,0,1,1,1,0.958688519948705
"14314",191,"Ec_N",239,34,34,"Ec",30,1,0,1,1,1,0.958688519948705
"14315",191,"Ec_N",239,35,35,"Ec",30,1,0,1,1,1,0.958688519948705
"14316",191,"Ec_N",239,36,36,"Ec",30,1,0,1,1,1,0.958688519948705
"14317",191,"Ec_N",239,37,37,"Ec",32,1,1,1,1,1,1
"14318",191,"Ec_N",239,38,38,"Ec",32,1,1,1,1,1,1
"14319",191,"Ec_N",239,39,39,"Ec",32,1,1,1,1,1,1
"14320",191,"Ec_N",239,40,40,"Ec",32,1,1,1,1,1,1
"14321",191,"Ec_N",239,41,41,"Ec",32,1,1,1,1,1,1
"14322",191,"Ec_N",239,42,42,"Ec",32,1,1,1,1,1,1
"14323",191,"Ec_N",239,43,43,"Ec",32,1,1,1,1,1,1
"14324",191,"Ec_N",239,44,44,"Ec",32,1,1,1,1,1,1
"14325",191,"Ec_N",239,45,45,"Ec",32,1,1,1,1,1,1
"14326",191,"Ec_N",239,46,46,"Ec",32,1,1,1,1,1,1
"14327",191,"Ec_N",239,47,47,"Ec",32,1,1,1,1,1,1
"14328",191,"Ec_N",239,48,48,"Ec",32,1,1,1,1,1,1
"14329",191,"Ec_N",239,49,49,"Ec",32,1,1,1,1,1,1
"14330",191,"Ec_N",239,50,50,"Ec",32,1,1,1,1,1,1
"14331",191,"Ec_N",239,51,51,"Ec",32,1,1,1,1,1,1
"14332",191,"Ec_N",239,52,52,"Ec",32,1,1,1,1,1,1
"14333",191,"Ec_N",239,53,53,"Ec",32,1,1,1,1,1,1
"14334",191,"Ec_N",239,54,54,"Ec",32,1,1,1,1,1,1
"14335",191,"Ec_N",239,55,55,"Ec",32,1,1,1,1,1,1
"14336",191,"Ec_N",239,56,56,"Ec",32,1,1,1,1,1,1
"14337",191,"Ec_N",239,57,57,"Ec",32,1,1,1,1,1,1
"14338",191,"Ec_N",239,58,58,"Ec",32,1,1,1,1,1,1
"14339",191,"Ec_N",239,59,59,"Ec",32,1,1,1,1,1,1
"14340",191,"Ec_N",239,60,60,"Ec",32,1,1,1,1,1,1
"14341",191,"Ec_N",240,1,1,"Ec",1,0,0,0,0,0,0
"14342",191,"Ec_N",240,2,2,"Ec",1,0,0,0,0,0,0
"14343",191,"Ec_N",240,3,3,"Ec",1,0,0,0,0,0,0
"14344",191,"Ec_N",240,4,4,"Ec",1,0,0,0,0,0,0
"14345",191,"Ec_N",240,5,5,"Ec",3,0,1,0,0,0,0.041311480051295
"14346",191,"Ec_N",240,6,6,"Ec",3,0,1,0,0,0,0.041311480051295
"14347",191,"Ec_N",240,7,7,"Ec",3,0,1,0,0,0,0.041311480051295
"14348",191,"Ec_N",240,8,8,"Ec",3,0,1,0,0,0,0.041311480051295
"14349",191,"Ec_N",240,9,9,"Ec",3,0,1,0,0,0,0.041311480051295
"14350",191,"Ec_N",240,10,10,"Ec",3,0,1,0,0,0,0.041311480051295
"14351",191,"Ec_N",240,11,11,"Ec",3,0,1,0,0,0,0.041311480051295
"14352",191,"Ec_N",240,12,12,"Ec",3,0,1,0,0,0,0.041311480051295
"14353",191,"Ec_N",240,13,13,"Ec",3,0,1,0,0,0,0.041311480051295
"14354",191,"Ec_N",240,14,14,"Ec",3,0,1,0,0,0,0.041311480051295
"14355",191,"Ec_N",240,15,15,"Ec",3,0,1,0,0,0,0.041311480051295
"14356",191,"Ec_N",240,16,16,"Ec",3,0,1,0,0,0,0.041311480051295
"14357",191,"Ec_N",240,17,17,"Ec",7,0,1,1,0,0,0.589282297794007
"14358",191,"Ec_N",240,18,18,"Ec",7,0,1,1,0,0,0.589282297794007
"14359",191,"Ec_N",240,19,19,"Ec",7,0,1,1,0,0,0.589282297794007
"14360",191,"Ec_N",240,20,20,"Ec",7,0,1,1,0,0,0.589282297794007
"14361",191,"Ec_N",240,21,21,"Ec",7,0,1,1,0,0,0.589282297794007
"14362",191,"Ec_N",240,22,22,"Ec",7,0,1,1,0,0,0.589282297794007
"14363",191,"Ec_N",240,23,23,"Ec",23,0,1,1,0,1,0.616809062130864
"14364",191,"Ec_N",240,24,24,"Ec",23,0,1,1,0,1,0.616809062130864
"14365",191,"Ec_N",240,25,25,"Ec",23,0,1,1,0,1,0.616809062130864
"14366",191,"Ec_N",240,26,26,"Ec",23,0,1,1,0,1,0.616809062130864
"14367",191,"Ec_N",240,27,27,"Ec",23,0,1,1,0,1,0.616809062130864
"14368",191,"Ec_N",240,28,28,"Ec",23,0,1,1,0,1,0.616809062130864
"14369",191,"Ec_N",240,29,29,"Ec",23,0,1,1,0,1,0.616809062130864
"14370",191,"Ec_N",240,30,30,"Ec",23,0,1,1,0,1,0.616809062130864
"14371",191,"Ec_N",240,31,31,"Ec",23,0,1,1,0,1,0.616809062130864
"14372",191,"Ec_N",240,32,32,"Ec",23,0,1,1,0,1,0.616809062130864
"14373",191,"Ec_N",240,33,33,"Ec",23,0,1,1,0,1,0.616809062130864
"14374",191,"Ec_N",240,34,34,"Ec",23,0,1,1,0,1,0.616809062130864
"14375",191,"Ec_N",240,35,35,"Ec",23,0,1,1,0,1,0.616809062130864
"14376",191,"Ec_N",240,36,36,"Ec",23,0,1,1,0,1,0.616809062130864
"14377",191,"Ec_N",240,37,37,"Ec",23,0,1,1,0,1,0.616809062130864
"14378",191,"Ec_N",240,38,38,"Ec",23,0,1,1,0,1,0.616809062130864
"14379",191,"Ec_N",240,39,39,"Ec",23,0,1,1,0,1,0.616809062130864
"14380",191,"Ec_N",240,40,40,"Ec",23,0,1,1,0,1,0.616809062130864
"14381",191,"Ec_N",240,41,41,"Ec",23,0,1,1,0,1,0.616809062130864
"14382",191,"Ec_N",240,42,42,"Ec",23,0,1,1,0,1,0.616809062130864
"14383",191,"Ec_N",240,43,43,"Ec",23,0,1,1,0,1,0.616809062130864
"14384",191,"Ec_N",240,44,44,"Ec",23,0,1,1,0,1,0.616809062130864
"14385",191,"Ec_N",240,45,45,"Ec",23,0,1,1,0,1,0.616809062130864
"14386",191,"Ec_N",240,46,46,"Ec",23,0,1,1,0,1,0.616809062130864
"14387",191,"Ec_N",240,47,47,"Ec",23,0,1,1,0,1,0.616809062130864
"14388",191,"Ec_N",240,48,48,"Ec",23,0,1,1,0,1,0.616809062130864
"14389",191,"Ec_N",240,49,49,"Ec",23,0,1,1,0,1,0.616809062130864
"14390",191,"Ec_N",240,50,50,"Ec",23,0,1,1,0,1,0.616809062130864
"14391",191,"Ec_N",240,51,51,"Ec",23,0,1,1,0,1,0.616809062130864
"14392",191,"Ec_N",240,52,52,"Ec",23,0,1,1,0,1,0.616809062130864
"14393",191,"Ec_N",240,53,53,"Ec",23,0,1,1,0,1,0.616809062130864
"14394",191,"Ec_N",240,54,54,"Ec",23,0,1,1,0,1,0.616809062130864
"14395",191,"Ec_N",240,55,55,"Ec",23,0,1,1,0,1,0.616809062130864
"14396",191,"Ec_N",240,56,56,"Ec",23,0,1,1,0,1,0.616809062130864
"14397",191,"Ec_N",240,57,57,"Ec",23,0,1,1,0,1,0.616809062130864
"14398",191,"Ec_N",240,58,58,"Ec",31,0,1,1,1,1,0.801979629454064
"14399",191,"Ec_N",240,59,59,"Ec",31,0,1,1,1,1,0.801979629454064
"14400",191,"Ec_N",240,60,60,"Ec",31,0,1,1,1,1,0.801979629454064
"14401",191,"Ec_N",241,1,1,"Ec",1,0,0,0,0,0,0
"14402",191,"Ec_N",241,2,2,"Ec",1,0,0,0,0,0,0
"14403",191,"Ec_N",241,3,3,"Ec",1,0,0,0,0,0,0
"14404",191,"Ec_N",241,4,4,"Ec",1,0,0,0,0,0,0
"14405",191,"Ec_N",241,5,5,"Ec",1,0,0,0,0,0,0
"14406",191,"Ec_N",241,6,6,"Ec",1,0,0,0,0,0,0
"14407",191,"Ec_N",241,7,7,"Ec",1,0,0,0,0,0,0
"14408",191,"Ec_N",241,8,8,"Ec",1,0,0,0,0,0,0
"14409",191,"Ec_N",241,9,9,"Ec",1,0,0,0,0,0,0
"14410",191,"Ec_N",241,10,10,"Ec",1,0,0,0,0,0,0
"14411",191,"Ec_N",241,11,11,"Ec",1,0,0,0,0,0,0
"14412",191,"Ec_N",241,12,12,"Ec",1,0,0,0,0,0,0
"14413",191,"Ec_N",241,13,13,"Ec",1,0,0,0,0,0,0
"14414",191,"Ec_N",241,14,14,"Ec",3,0,1,0,0,0,0.041311480051295
"14415",191,"Ec_N",241,15,15,"Ec",3,0,1,0,0,0,0.041311480051295
"14416",191,"Ec_N",241,16,16,"Ec",3,0,1,0,0,0,0.041311480051295
"14417",191,"Ec_N",241,17,17,"Ec",3,0,1,0,0,0,0.041311480051295
"14418",191,"Ec_N",241,18,18,"Ec",3,0,1,0,0,0,0.041311480051295
"14419",191,"Ec_N",241,19,19,"Ec",3,0,1,0,0,0,0.041311480051295
"14420",191,"Ec_N",241,20,20,"Ec",3,0,1,0,0,0,0.041311480051295
"14421",191,"Ec_N",241,21,21,"Ec",3,0,1,0,0,0,0.041311480051295
"14422",191,"Ec_N",241,22,22,"Ec",3,0,1,0,0,0,0.041311480051295
"14423",191,"Ec_N",241,23,23,"Ec",3,0,1,0,0,0,0.041311480051295
"14424",191,"Ec_N",241,24,24,"Ec",3,0,1,0,0,0,0.041311480051295
"14425",191,"Ec_N",241,25,25,"Ec",3,0,1,0,0,0,0.041311480051295
"14426",191,"Ec_N",241,26,26,"Ec",3,0,1,0,0,0,0.041311480051295
"14427",191,"Ec_N",241,27,27,"Ec",3,0,1,0,0,0,0.041311480051295
"14428",191,"Ec_N",241,28,28,"Ec",3,0,1,0,0,0,0.041311480051295
"14429",191,"Ec_N",241,29,29,"Ec",19,0,1,0,0,1,0.427300415500348
"14430",191,"Ec_N",241,30,30,"Ec",19,0,1,0,0,1,0.427300415500348
"14431",191,"Ec_N",241,31,31,"Ec",19,0,1,0,0,1,0.427300415500348
"14432",191,"Ec_N",241,32,32,"Ec",19,0,1,0,0,1,0.427300415500348
"14433",191,"Ec_N",241,33,33,"Ec",19,0,1,0,0,1,0.427300415500348
"14434",191,"Ec_N",241,34,34,"Ec",19,0,1,0,0,1,0.427300415500348
"14435",191,"Ec_N",241,35,35,"Ec",19,0,1,0,0,1,0.427300415500348
"14436",191,"Ec_N",241,36,36,"Ec",19,0,1,0,0,1,0.427300415500348
"14437",191,"Ec_N",241,37,37,"Ec",19,0,1,0,0,1,0.427300415500348
"14438",191,"Ec_N",241,38,38,"Ec",19,0,1,0,0,1,0.427300415500348
"14439",191,"Ec_N",241,39,39,"Ec",19,0,1,0,0,1,0.427300415500348
"14440",191,"Ec_N",241,40,40,"Ec",19,0,1,0,0,1,0.427300415500348
"14441",191,"Ec_N",241,41,41,"Ec",23,0,1,1,0,1,0.616809062130864
"14442",191,"Ec_N",241,42,42,"Ec",23,0,1,1,0,1,0.616809062130864
"14443",191,"Ec_N",241,43,43,"Ec",23,0,1,1,0,1,0.616809062130864
"14444",191,"Ec_N",241,44,44,"Ec",23,0,1,1,0,1,0.616809062130864
"14445",191,"Ec_N",241,45,45,"Ec",21,0,0,1,0,1,0.726280938342543
"14446",191,"Ec_N",241,46,46,"Ec",21,0,0,1,0,1,0.726280938342543
"14447",191,"Ec_N",241,47,47,"Ec",21,0,0,1,0,1,0.726280938342543
"14448",191,"Ec_N",241,48,48,"Ec",21,0,0,1,0,1,0.726280938342543
"14449",191,"Ec_N",241,49,49,"Ec",21,0,0,1,0,1,0.726280938342543
"14450",191,"Ec_N",241,50,50,"Ec",21,0,0,1,0,1,0.726280938342543
"14451",191,"Ec_N",241,51,51,"Ec",22,1,0,1,0,1,0.92522428176681
"14452",191,"Ec_N",241,52,52,"Ec",22,1,0,1,0,1,0.92522428176681
"14453",191,"Ec_N",241,53,53,"Ec",22,1,0,1,0,1,0.92522428176681
"14454",191,"Ec_N",241,54,54,"Ec",22,1,0,1,0,1,0.92522428176681
"14455",191,"Ec_N",241,55,55,"Ec",22,1,0,1,0,1,0.92522428176681
"14456",191,"Ec_N",241,56,56,"Ec",22,1,0,1,0,1,0.92522428176681
"14457",191,"Ec_N",241,57,57,"Ec",22,1,0,1,0,1,0.92522428176681
"14458",191,"Ec_N",241,58,58,"Ec",22,1,0,1,0,1,0.92522428176681
"14459",191,"Ec_N",241,59,59,"Ec",22,1,0,1,0,1,0.92522428176681
"14460",191,"Ec_N",241,60,60,"Ec",22,1,0,1,0,1,0.92522428176681
"14461",191,"Ec_N",242,1,1,"Ec",1,0,0,0,0,0,0
"14462",191,"Ec_N",242,2,2,"Ec",1,0,0,0,0,0,0
"14463",191,"Ec_N",242,3,3,"Ec",1,0,0,0,0,0,0
"14464",191,"Ec_N",242,4,4,"Ec",1,0,0,0,0,0,0
"14465",191,"Ec_N",242,5,5,"Ec",1,0,0,0,0,0,0
"14466",191,"Ec_N",242,6,6,"Ec",1,0,0,0,0,0,0
"14467",191,"Ec_N",242,7,7,"Ec",1,0,0,0,0,0,0
"14468",191,"Ec_N",242,8,8,"Ec",1,0,0,0,0,0,0
"14469",191,"Ec_N",242,9,9,"Ec",1,0,0,0,0,0,0
"14470",191,"Ec_N",242,10,10,"Ec",1,0,0,0,0,0,0
"14471",191,"Ec_N",242,11,11,"Ec",9,0,0,0,1,0,0.0305419930719563
"14472",191,"Ec_N",242,12,12,"Ec",9,0,0,0,1,0,0.0305419930719563
"14473",191,"Ec_N",242,13,13,"Ec",25,0,0,0,1,1,0.403163568932085
"14474",191,"Ec_N",242,14,14,"Ec",25,0,0,0,1,1,0.403163568932085
"14475",191,"Ec_N",242,15,15,"Ec",29,0,0,1,1,1,0.760668149402769
"14476",191,"Ec_N",242,16,16,"Ec",29,0,0,1,1,1,0.760668149402769
"14477",191,"Ec_N",242,17,17,"Ec",31,0,1,1,1,1,0.801979629454064
"14478",191,"Ec_N",242,18,18,"Ec",31,0,1,1,1,1,0.801979629454064
"14479",191,"Ec_N",242,19,19,"Ec",31,0,1,1,1,1,0.801979629454064
"14480",191,"Ec_N",242,20,20,"Ec",31,0,1,1,1,1,0.801979629454064
"14481",191,"Ec_N",242,21,21,"Ec",31,0,1,1,1,1,0.801979629454064
"14482",191,"Ec_N",242,22,22,"Ec",31,0,1,1,1,1,0.801979629454064
"14483",191,"Ec_N",242,23,23,"Ec",31,0,1,1,1,1,0.801979629454064
"14484",191,"Ec_N",242,24,24,"Ec",31,0,1,1,1,1,0.801979629454064
"14485",191,"Ec_N",242,25,25,"Ec",31,0,1,1,1,1,0.801979629454064
"14486",191,"Ec_N",242,26,26,"Ec",31,0,1,1,1,1,0.801979629454064
"14487",191,"Ec_N",242,27,27,"Ec",31,0,1,1,1,1,0.801979629454064
"14488",191,"Ec_N",242,28,28,"Ec",31,0,1,1,1,1,0.801979629454064
"14489",191,"Ec_N",242,29,29,"Ec",31,0,1,1,1,1,0.801979629454064
"14490",191,"Ec_N",242,30,30,"Ec",32,1,1,1,1,1,1
"14491",191,"Ec_N",242,31,31,"Ec",32,1,1,1,1,1,1
"14492",191,"Ec_N",242,32,32,"Ec",32,1,1,1,1,1,1
"14493",191,"Ec_N",242,33,33,"Ec",32,1,1,1,1,1,1
"14494",191,"Ec_N",242,34,34,"Ec",32,1,1,1,1,1,1
"14495",191,"Ec_N",242,35,35,"Ec",32,1,1,1,1,1,1
"14496",191,"Ec_N",242,36,36,"Ec",32,1,1,1,1,1,1
"14497",191,"Ec_N",242,37,37,"Ec",32,1,1,1,1,1,1
"14498",191,"Ec_N",242,38,38,"Ec",32,1,1,1,1,1,1
"14499",191,"Ec_N",242,39,39,"Ec",32,1,1,1,1,1,1
"14500",191,"Ec_N",242,40,40,"Ec",32,1,1,1,1,1,1
"14501",191,"Ec_N",242,41,41,"Ec",32,1,1,1,1,1,1
"14502",191,"Ec_N",242,42,42,"Ec",32,1,1,1,1,1,1
"14503",191,"Ec_N",242,43,43,"Ec",32,1,1,1,1,1,1
"14504",191,"Ec_N",242,44,44,"Ec",32,1,1,1,1,1,1
"14505",191,"Ec_N",242,45,45,"Ec",32,1,1,1,1,1,1
"14506",191,"Ec_N",242,46,46,"Ec",32,1,1,1,1,1,1
"14507",191,"Ec_N",242,47,47,"Ec",32,1,1,1,1,1,1
"14508",191,"Ec_N",242,48,48,"Ec",32,1,1,1,1,1,1
"14509",191,"Ec_N",242,49,49,"Ec",32,1,1,1,1,1,1
"14510",191,"Ec_N",242,50,50,"Ec",32,1,1,1,1,1,1
"14511",191,"Ec_N",242,51,51,"Ec",32,1,1,1,1,1,1
"14512",191,"Ec_N",242,52,52,"Ec",32,1,1,1,1,1,1
"14513",191,"Ec_N",242,53,53,"Ec",32,1,1,1,1,1,1
"14514",191,"Ec_N",242,54,54,"Ec",32,1,1,1,1,1,1
"14515",191,"Ec_N",242,55,55,"Ec",32,1,1,1,1,1,1
"14516",191,"Ec_N",242,56,56,"Ec",32,1,1,1,1,1,1
"14517",191,"Ec_N",242,57,57,"Ec",32,1,1,1,1,1,1
"14518",191,"Ec_N",242,58,58,"Ec",32,1,1,1,1,1,1
"14519",191,"Ec_N",242,59,59,"Ec",32,1,1,1,1,1,1
"14520",191,"Ec_N",242,60,60,"Ec",32,1,1,1,1,1,1
"14521",191,"Ec_N",243,1,1,"Ec",1,0,0,0,0,0,0
"14522",191,"Ec_N",243,2,2,"Ec",1,0,0,0,0,0,0
"14523",191,"Ec_N",243,3,3,"Ec",1,0,0,0,0,0,0
"14524",191,"Ec_N",243,4,4,"Ec",1,0,0,0,0,0,0
"14525",191,"Ec_N",243,5,5,"Ec",1,0,0,0,0,0,0
"14526",191,"Ec_N",243,6,6,"Ec",1,0,0,0,0,0,0
"14527",191,"Ec_N",243,7,7,"Ec",1,0,0,0,0,0,0
"14528",191,"Ec_N",243,8,8,"Ec",1,0,0,0,0,0,0
"14529",191,"Ec_N",243,9,9,"Ec",2,1,0,0,0,0,0.198020370545937
"14530",191,"Ec_N",243,10,10,"Ec",2,1,0,0,0,0,0.198020370545937
"14531",191,"Ec_N",243,11,11,"Ec",2,1,0,0,0,0,0.198020370545937
"14532",191,"Ec_N",243,12,12,"Ec",2,1,0,0,0,0,0.198020370545937
"14533",191,"Ec_N",243,13,13,"Ec",10,1,0,0,1,0,0.228562363617893
"14534",191,"Ec_N",243,14,14,"Ec",10,1,0,0,1,0,0.228562363617893
"14535",191,"Ec_N",243,15,15,"Ec",26,1,0,0,1,1,0.514384015075299
"14536",191,"Ec_N",243,16,16,"Ec",26,1,0,0,1,1,0.514384015075299
"14537",191,"Ec_N",243,17,17,"Ec",26,1,0,0,1,1,0.514384015075299
"14538",191,"Ec_N",243,18,18,"Ec",26,1,0,0,1,1,0.514384015075299
"14539",191,"Ec_N",243,19,19,"Ec",26,1,0,0,1,1,0.514384015075299
"14540",191,"Ec_N",243,20,20,"Ec",26,1,0,0,1,1,0.514384015075299
"14541",191,"Ec_N",243,21,21,"Ec",26,1,0,0,1,1,0.514384015075299
"14542",191,"Ec_N",243,22,22,"Ec",26,1,0,0,1,1,0.514384015075299
"14543",191,"Ec_N",243,23,23,"Ec",26,1,0,0,1,1,0.514384015075299
"14544",191,"Ec_N",243,24,24,"Ec",26,1,0,0,1,1,0.514384015075299
"14545",191,"Ec_N",243,25,25,"Ec",26,1,0,0,1,1,0.514384015075299
"14546",191,"Ec_N",243,26,26,"Ec",26,1,0,0,1,1,0.514384015075299
"14547",191,"Ec_N",243,27,27,"Ec",26,1,0,0,1,1,0.514384015075299
"14548",191,"Ec_N",243,28,28,"Ec",26,1,0,0,1,1,0.514384015075299
"14549",191,"Ec_N",243,29,29,"Ec",26,1,0,0,1,1,0.514384015075299
"14550",191,"Ec_N",243,30,30,"Ec",26,1,0,0,1,1,0.514384015075299
"14551",191,"Ec_N",243,31,31,"Ec",28,1,1,0,1,1,0.681047421119041
"14552",191,"Ec_N",243,32,32,"Ec",28,1,1,0,1,1,0.681047421119041
"14553",191,"Ec_N",243,33,33,"Ec",28,1,1,0,1,1,0.681047421119041
"14554",191,"Ec_N",243,34,34,"Ec",28,1,1,0,1,1,0.681047421119041
"14555",191,"Ec_N",243,35,35,"Ec",28,1,1,0,1,1,0.681047421119041
"14556",191,"Ec_N",243,36,36,"Ec",28,1,1,0,1,1,0.681047421119041
"14557",191,"Ec_N",243,37,37,"Ec",28,1,1,0,1,1,0.681047421119041
"14558",191,"Ec_N",243,38,38,"Ec",28,1,1,0,1,1,0.681047421119041
"14559",191,"Ec_N",243,39,39,"Ec",28,1,1,0,1,1,0.681047421119041
"14560",191,"Ec_N",243,40,40,"Ec",28,1,1,0,1,1,0.681047421119041
"14561",191,"Ec_N",243,41,41,"Ec",28,1,1,0,1,1,0.681047421119041
"14562",191,"Ec_N",243,42,42,"Ec",28,1,1,0,1,1,0.681047421119041
"14563",191,"Ec_N",243,43,43,"Ec",28,1,1,0,1,1,0.681047421119041
"14564",191,"Ec_N",243,44,44,"Ec",28,1,1,0,1,1,0.681047421119041
"14565",191,"Ec_N",243,45,45,"Ec",28,1,1,0,1,1,0.681047421119041
"14566",191,"Ec_N",243,46,46,"Ec",28,1,1,0,1,1,0.681047421119041
"14567",191,"Ec_N",243,47,47,"Ec",28,1,1,0,1,1,0.681047421119041
"14568",191,"Ec_N",243,48,48,"Ec",28,1,1,0,1,1,0.681047421119041
"14569",191,"Ec_N",243,49,49,"Ec",28,1,1,0,1,1,0.681047421119041
"14570",191,"Ec_N",243,50,50,"Ec",28,1,1,0,1,1,0.681047421119041
"14571",191,"Ec_N",243,51,51,"Ec",28,1,1,0,1,1,0.681047421119041
"14572",191,"Ec_N",243,52,52,"Ec",28,1,1,0,1,1,0.681047421119041
"14573",191,"Ec_N",243,53,53,"Ec",28,1,1,0,1,1,0.681047421119041
"14574",191,"Ec_N",243,54,54,"Ec",28,1,1,0,1,1,0.681047421119041
"14575",191,"Ec_N",243,55,55,"Ec",28,1,1,0,1,1,0.681047421119041
"14576",191,"Ec_N",243,56,56,"Ec",28,1,1,0,1,1,0.681047421119041
"14577",191,"Ec_N",243,57,57,"Ec",28,1,1,0,1,1,0.681047421119041
"14578",191,"Ec_N",243,58,58,"Ec",28,1,1,0,1,1,0.681047421119041
"14579",191,"Ec_N",243,59,59,"Ec",28,1,1,0,1,1,0.681047421119041
"14580",191,"Ec_N",243,60,60,"Ec",28,1,1,0,1,1,0.681047421119041
"14581",191,"Ec_N",244,1,1,"Ec",1,0,0,0,0,0,0
"14582",191,"Ec_N",244,2,2,"Ec",1,0,0,0,0,0,0
"14583",191,"Ec_N",244,3,3,"Ec",5,0,0,1,0,0,0.49313446766664
"14584",191,"Ec_N",244,4,4,"Ec",5,0,0,1,0,0,0.49313446766664
"14585",191,"Ec_N",244,5,5,"Ec",5,0,0,1,0,0,0.49313446766664
"14586",191,"Ec_N",244,6,6,"Ec",5,0,0,1,0,0,0.49313446766664
"14587",191,"Ec_N",244,7,7,"Ec",5,0,0,1,0,0,0.49313446766664
"14588",191,"Ec_N",244,8,8,"Ec",5,0,0,1,0,0,0.49313446766664
"14589",191,"Ec_N",244,9,9,"Ec",7,0,1,1,0,0,0.589282297794007
"14590",191,"Ec_N",244,10,10,"Ec",7,0,1,1,0,0,0.589282297794007
"14591",191,"Ec_N",244,11,11,"Ec",7,0,1,1,0,0,0.589282297794007
"14592",191,"Ec_N",244,12,12,"Ec",23,0,1,1,0,1,0.616809062130864
"14593",191,"Ec_N",244,13,13,"Ec",23,0,1,1,0,1,0.616809062130864
"14594",191,"Ec_N",244,14,14,"Ec",23,0,1,1,0,1,0.616809062130864
"14595",191,"Ec_N",244,15,15,"Ec",23,0,1,1,0,1,0.616809062130864
"14596",191,"Ec_N",244,16,16,"Ec",23,0,1,1,0,1,0.616809062130864
"14597",191,"Ec_N",244,17,17,"Ec",23,0,1,1,0,1,0.616809062130864
"14598",191,"Ec_N",244,18,18,"Ec",23,0,1,1,0,1,0.616809062130864
"14599",191,"Ec_N",244,19,19,"Ec",23,0,1,1,0,1,0.616809062130864
"14600",191,"Ec_N",244,20,20,"Ec",23,0,1,1,0,1,0.616809062130864
"14601",191,"Ec_N",244,21,21,"Ec",23,0,1,1,0,1,0.616809062130864
"14602",191,"Ec_N",244,22,22,"Ec",23,0,1,1,0,1,0.616809062130864
"14603",191,"Ec_N",244,23,23,"Ec",23,0,1,1,0,1,0.616809062130864
"14604",191,"Ec_N",244,24,24,"Ec",24,1,1,1,0,1,0.969458006928044
"14605",191,"Ec_N",244,25,25,"Ec",24,1,1,1,0,1,0.969458006928044
"14606",191,"Ec_N",244,26,26,"Ec",24,1,1,1,0,1,0.969458006928044
"14607",191,"Ec_N",244,27,27,"Ec",24,1,1,1,0,1,0.969458006928044
"14608",191,"Ec_N",244,28,28,"Ec",24,1,1,1,0,1,0.969458006928044
"14609",191,"Ec_N",244,29,29,"Ec",24,1,1,1,0,1,0.969458006928044
"14610",191,"Ec_N",244,30,30,"Ec",24,1,1,1,0,1,0.969458006928044
"14611",191,"Ec_N",244,31,31,"Ec",24,1,1,1,0,1,0.969458006928044
"14612",191,"Ec_N",244,32,32,"Ec",32,1,1,1,1,1,1
"14613",191,"Ec_N",244,33,33,"Ec",32,1,1,1,1,1,1
"14614",191,"Ec_N",244,34,34,"Ec",32,1,1,1,1,1,1
"14615",191,"Ec_N",244,35,35,"Ec",32,1,1,1,1,1,1
"14616",191,"Ec_N",244,36,36,"Ec",32,1,1,1,1,1,1
"14617",191,"Ec_N",244,37,37,"Ec",32,1,1,1,1,1,1
"14618",191,"Ec_N",244,38,38,"Ec",32,1,1,1,1,1,1
"14619",191,"Ec_N",244,39,39,"Ec",32,1,1,1,1,1,1
"14620",191,"Ec_N",244,40,40,"Ec",32,1,1,1,1,1,1
"14621",191,"Ec_N",244,41,41,"Ec",32,1,1,1,1,1,1
"14622",191,"Ec_N",244,42,42,"Ec",32,1,1,1,1,1,1
"14623",191,"Ec_N",244,43,43,"Ec",32,1,1,1,1,1,1
"14624",191,"Ec_N",244,44,44,"Ec",32,1,1,1,1,1,1
"14625",191,"Ec_N",244,45,45,"Ec",32,1,1,1,1,1,1
"14626",191,"Ec_N",244,46,46,"Ec",32,1,1,1,1,1,1
"14627",191,"Ec_N",244,47,47,"Ec",32,1,1,1,1,1,1
"14628",191,"Ec_N",244,48,48,"Ec",32,1,1,1,1,1,1
"14629",191,"Ec_N",244,49,49,"Ec",32,1,1,1,1,1,1
"14630",191,"Ec_N",244,50,50,"Ec",32,1,1,1,1,1,1
"14631",191,"Ec_N",244,51,51,"Ec",32,1,1,1,1,1,1
"14632",191,"Ec_N",244,52,52,"Ec",32,1,1,1,1,1,1
"14633",191,"Ec_N",244,53,53,"Ec",32,1,1,1,1,1,1
"14634",191,"Ec_N",244,54,54,"Ec",32,1,1,1,1,1,1
"14635",191,"Ec_N",244,55,55,"Ec",32,1,1,1,1,1,1
"14636",191,"Ec_N",244,56,56,"Ec",32,1,1,1,1,1,1
"14637",191,"Ec_N",244,57,57,"Ec",32,1,1,1,1,1,1
"14638",191,"Ec_N",244,58,58,"Ec",32,1,1,1,1,1,1
"14639",191,"Ec_N",244,59,59,"Ec",32,1,1,1,1,1,1
"14640",191,"Ec_N",244,60,60,"Ec",32,1,1,1,1,1,1
"14641",191,"Ec_N",245,1,1,"Ec",1,0,0,0,0,0,0
"14642",191,"Ec_N",245,2,2,"Ec",17,0,0,0,0,1,0.229834113103391
"14643",191,"Ec_N",245,3,3,"Ec",17,0,0,0,0,1,0.229834113103391
"14644",191,"Ec_N",245,4,4,"Ec",25,0,0,0,1,1,0.403163568932085
"14645",191,"Ec_N",245,5,5,"Ec",25,0,0,0,1,1,0.403163568932085
"14646",191,"Ec_N",245,6,6,"Ec",25,0,0,0,1,1,0.403163568932085
"14647",191,"Ec_N",245,7,7,"Ec",25,0,0,0,1,1,0.403163568932085
"14648",191,"Ec_N",245,8,8,"Ec",25,0,0,0,1,1,0.403163568932085
"14649",191,"Ec_N",245,9,9,"Ec",25,0,0,0,1,1,0.403163568932085
"14650",191,"Ec_N",245,10,10,"Ec",25,0,0,0,1,1,0.403163568932085
"14651",191,"Ec_N",245,11,11,"Ec",25,0,0,0,1,1,0.403163568932085
"14652",191,"Ec_N",245,12,12,"Ec",25,0,0,0,1,1,0.403163568932085
"14653",191,"Ec_N",245,13,13,"Ec",25,0,0,0,1,1,0.403163568932085
"14654",191,"Ec_N",245,14,14,"Ec",25,0,0,0,1,1,0.403163568932085
"14655",191,"Ec_N",245,15,15,"Ec",25,0,0,0,1,1,0.403163568932085
"14656",191,"Ec_N",245,16,16,"Ec",25,0,0,0,1,1,0.403163568932085
"14657",191,"Ec_N",245,17,17,"Ec",25,0,0,0,1,1,0.403163568932085
"14658",191,"Ec_N",245,18,18,"Ec",25,0,0,0,1,1,0.403163568932085
"14659",191,"Ec_N",245,19,19,"Ec",25,0,0,0,1,1,0.403163568932085
"14660",191,"Ec_N",245,20,20,"Ec",25,0,0,0,1,1,0.403163568932085
"14661",191,"Ec_N",245,21,21,"Ec",25,0,0,0,1,1,0.403163568932085
"14662",191,"Ec_N",245,22,22,"Ec",29,0,0,1,1,1,0.760668149402769
"14663",191,"Ec_N",245,23,23,"Ec",29,0,0,1,1,1,0.760668149402769
"14664",191,"Ec_N",245,24,24,"Ec",29,0,0,1,1,1,0.760668149402769
"14665",191,"Ec_N",245,25,25,"Ec",29,0,0,1,1,1,0.760668149402769
"14666",191,"Ec_N",245,26,26,"Ec",29,0,0,1,1,1,0.760668149402769
"14667",191,"Ec_N",245,27,27,"Ec",29,0,0,1,1,1,0.760668149402769
"14668",191,"Ec_N",245,28,28,"Ec",29,0,0,1,1,1,0.760668149402769
"14669",191,"Ec_N",245,29,29,"Ec",29,0,0,1,1,1,0.760668149402769
"14670",191,"Ec_N",245,30,30,"Ec",29,0,0,1,1,1,0.760668149402769
"14671",191,"Ec_N",245,31,31,"Ec",29,0,0,1,1,1,0.760668149402769
"14672",191,"Ec_N",245,32,32,"Ec",29,0,0,1,1,1,0.760668149402769
"14673",191,"Ec_N",245,33,33,"Ec",29,0,0,1,1,1,0.760668149402769
"14674",191,"Ec_N",245,34,34,"Ec",29,0,0,1,1,1,0.760668149402769
"14675",191,"Ec_N",245,35,35,"Ec",29,0,0,1,1,1,0.760668149402769
"14676",191,"Ec_N",245,36,36,"Ec",29,0,0,1,1,1,0.760668149402769
"14677",191,"Ec_N",245,37,37,"Ec",29,0,0,1,1,1,0.760668149402769
"14678",191,"Ec_N",245,38,38,"Ec",29,0,0,1,1,1,0.760668149402769
"14679",191,"Ec_N",245,39,39,"Ec",29,0,0,1,1,1,0.760668149402769
"14680",191,"Ec_N",245,40,40,"Ec",29,0,0,1,1,1,0.760668149402769
"14681",191,"Ec_N",245,41,41,"Ec",29,0,0,1,1,1,0.760668149402769
"14682",191,"Ec_N",245,42,42,"Ec",29,0,0,1,1,1,0.760668149402769
"14683",191,"Ec_N",245,43,43,"Ec",29,0,0,1,1,1,0.760668149402769
"14684",191,"Ec_N",245,44,44,"Ec",29,0,0,1,1,1,0.760668149402769
"14685",191,"Ec_N",245,45,45,"Ec",29,0,0,1,1,1,0.760668149402769
"14686",191,"Ec_N",245,46,46,"Ec",29,0,0,1,1,1,0.760668149402769
"14687",191,"Ec_N",245,47,47,"Ec",29,0,0,1,1,1,0.760668149402769
"14688",191,"Ec_N",245,48,48,"Ec",29,0,0,1,1,1,0.760668149402769
"14689",191,"Ec_N",245,49,49,"Ec",29,0,0,1,1,1,0.760668149402769
"14690",191,"Ec_N",245,50,50,"Ec",29,0,0,1,1,1,0.760668149402769
"14691",191,"Ec_N",245,51,51,"Ec",29,0,0,1,1,1,0.760668149402769
"14692",191,"Ec_N",245,52,52,"Ec",29,0,0,1,1,1,0.760668149402769
"14693",191,"Ec_N",245,53,53,"Ec",29,0,0,1,1,1,0.760668149402769
"14694",191,"Ec_N",245,54,54,"Ec",29,0,0,1,1,1,0.760668149402769
"14695",191,"Ec_N",245,55,55,"Ec",29,0,0,1,1,1,0.760668149402769
"14696",191,"Ec_N",245,56,56,"Ec",29,0,0,1,1,1,0.760668149402769
"14697",191,"Ec_N",245,57,57,"Ec",29,0,0,1,1,1,0.760668149402769
"14698",191,"Ec_N",245,58,58,"Ec",29,0,0,1,1,1,0.760668149402769
"14699",191,"Ec_N",245,59,59,"Ec",29,0,0,1,1,1,0.760668149402769
"14700",191,"Ec_N",245,60,60,"Ec",29,0,0,1,1,1,0.760668149402769
"14701",191,"Ec_N",246,1,1,"Ec",1,0,0,0,0,0,0
"14702",191,"Ec_N",246,2,2,"Ec",1,0,0,0,0,0,0
"14703",191,"Ec_N",246,3,3,"Ec",1,0,0,0,0,0,0
"14704",191,"Ec_N",246,4,4,"Ec",17,0,0,0,0,1,0.229834113103391
"14705",191,"Ec_N",246,5,5,"Ec",17,0,0,0,0,1,0.229834113103391
"14706",191,"Ec_N",246,6,6,"Ec",17,0,0,0,0,1,0.229834113103391
"14707",191,"Ec_N",246,7,7,"Ec",17,0,0,0,0,1,0.229834113103391
"14708",191,"Ec_N",246,8,8,"Ec",17,0,0,0,0,1,0.229834113103391
"14709",191,"Ec_N",246,9,9,"Ec",17,0,0,0,0,1,0.229834113103391
"14710",191,"Ec_N",246,10,10,"Ec",17,0,0,0,0,1,0.229834113103391
"14711",191,"Ec_N",246,11,11,"Ec",17,0,0,0,0,1,0.229834113103391
"14712",191,"Ec_N",246,12,12,"Ec",21,0,0,1,0,1,0.726280938342543
"14713",191,"Ec_N",246,13,13,"Ec",21,0,0,1,0,1,0.726280938342543
"14714",191,"Ec_N",246,14,14,"Ec",29,0,0,1,1,1,0.760668149402769
"14715",191,"Ec_N",246,15,15,"Ec",29,0,0,1,1,1,0.760668149402769
"14716",191,"Ec_N",246,16,16,"Ec",29,0,0,1,1,1,0.760668149402769
"14717",191,"Ec_N",246,17,17,"Ec",29,0,0,1,1,1,0.760668149402769
"14718",191,"Ec_N",246,18,18,"Ec",29,0,0,1,1,1,0.760668149402769
"14719",191,"Ec_N",246,19,19,"Ec",29,0,0,1,1,1,0.760668149402769
"14720",191,"Ec_N",246,20,20,"Ec",29,0,0,1,1,1,0.760668149402769
"14721",191,"Ec_N",246,21,21,"Ec",29,0,0,1,1,1,0.760668149402769
"14722",191,"Ec_N",246,22,22,"Ec",29,0,0,1,1,1,0.760668149402769
"14723",191,"Ec_N",246,23,23,"Ec",29,0,0,1,1,1,0.760668149402769
"14724",191,"Ec_N",246,24,24,"Ec",29,0,0,1,1,1,0.760668149402769
"14725",191,"Ec_N",246,25,25,"Ec",29,0,0,1,1,1,0.760668149402769
"14726",191,"Ec_N",246,26,26,"Ec",29,0,0,1,1,1,0.760668149402769
"14727",191,"Ec_N",246,27,27,"Ec",29,0,0,1,1,1,0.760668149402769
"14728",191,"Ec_N",246,28,28,"Ec",31,0,1,1,1,1,0.801979629454064
"14729",191,"Ec_N",246,29,29,"Ec",31,0,1,1,1,1,0.801979629454064
"14730",191,"Ec_N",246,30,30,"Ec",31,0,1,1,1,1,0.801979629454064
"14731",191,"Ec_N",246,31,31,"Ec",31,0,1,1,1,1,0.801979629454064
"14732",191,"Ec_N",246,32,32,"Ec",31,0,1,1,1,1,0.801979629454064
"14733",191,"Ec_N",246,33,33,"Ec",31,0,1,1,1,1,0.801979629454064
"14734",191,"Ec_N",246,34,34,"Ec",31,0,1,1,1,1,0.801979629454064
"14735",191,"Ec_N",246,35,35,"Ec",31,0,1,1,1,1,0.801979629454064
"14736",191,"Ec_N",246,36,36,"Ec",31,0,1,1,1,1,0.801979629454064
"14737",191,"Ec_N",246,37,37,"Ec",31,0,1,1,1,1,0.801979629454064
"14738",191,"Ec_N",246,38,38,"Ec",31,0,1,1,1,1,0.801979629454064
"14739",191,"Ec_N",246,39,39,"Ec",31,0,1,1,1,1,0.801979629454064
"14740",191,"Ec_N",246,40,40,"Ec",31,0,1,1,1,1,0.801979629454064
"14741",191,"Ec_N",246,41,41,"Ec",31,0,1,1,1,1,0.801979629454064
"14742",191,"Ec_N",246,42,42,"Ec",31,0,1,1,1,1,0.801979629454064
"14743",191,"Ec_N",246,43,43,"Ec",31,0,1,1,1,1,0.801979629454064
"14744",191,"Ec_N",246,44,44,"Ec",31,0,1,1,1,1,0.801979629454064
"14745",191,"Ec_N",246,45,45,"Ec",31,0,1,1,1,1,0.801979629454064
"14746",191,"Ec_N",246,46,46,"Ec",31,0,1,1,1,1,0.801979629454064
"14747",191,"Ec_N",246,47,47,"Ec",31,0,1,1,1,1,0.801979629454064
"14748",191,"Ec_N",246,48,48,"Ec",32,1,1,1,1,1,1
"14749",191,"Ec_N",246,49,49,"Ec",32,1,1,1,1,1,1
"14750",191,"Ec_N",246,50,50,"Ec",32,1,1,1,1,1,1
"14751",191,"Ec_N",246,51,51,"Ec",32,1,1,1,1,1,1
"14752",191,"Ec_N",246,52,52,"Ec",32,1,1,1,1,1,1
"14753",191,"Ec_N",246,53,53,"Ec",32,1,1,1,1,1,1
"14754",191,"Ec_N",246,54,54,"Ec",32,1,1,1,1,1,1
"14755",191,"Ec_N",246,55,55,"Ec",32,1,1,1,1,1,1
"14756",191,"Ec_N",246,56,56,"Ec",32,1,1,1,1,1,1
"14757",191,"Ec_N",246,57,57,"Ec",32,1,1,1,1,1,1
"14758",191,"Ec_N",246,58,58,"Ec",32,1,1,1,1,1,1
"14759",191,"Ec_N",246,59,59,"Ec",32,1,1,1,1,1,1
"14760",191,"Ec_N",246,60,60,"Ec",32,1,1,1,1,1,1
"14761",191,"Ec_N",247,1,1,"Ec",1,0,0,0,0,0,0
"14762",191,"Ec_N",247,2,2,"Ec",9,0,0,0,1,0,0.0305419930719563
"14763",191,"Ec_N",247,3,3,"Ec",9,0,0,0,1,0,0.0305419930719563
"14764",191,"Ec_N",247,4,4,"Ec",9,0,0,0,1,0,0.0305419930719563
"14765",191,"Ec_N",247,5,5,"Ec",9,0,0,0,1,0,0.0305419930719563
"14766",191,"Ec_N",247,6,6,"Ec",9,0,0,0,1,0,0.0305419930719563
"14767",191,"Ec_N",247,7,7,"Ec",9,0,0,0,1,0,0.0305419930719563
"14768",191,"Ec_N",247,8,8,"Ec",9,0,0,0,1,0,0.0305419930719563
"14769",191,"Ec_N",247,9,9,"Ec",9,0,0,0,1,0,0.0305419930719563
"14770",191,"Ec_N",247,10,10,"Ec",9,0,0,0,1,0,0.0305419930719563
"14771",191,"Ec_N",247,11,11,"Ec",9,0,0,0,1,0,0.0305419930719563
"14772",191,"Ec_N",247,12,12,"Ec",9,0,0,0,1,0,0.0305419930719563
"14773",191,"Ec_N",247,13,13,"Ec",9,0,0,0,1,0,0.0305419930719563
"14774",191,"Ec_N",247,14,14,"Ec",9,0,0,0,1,0,0.0305419930719563
"14775",191,"Ec_N",247,15,15,"Ec",9,0,0,0,1,0,0.0305419930719563
"14776",191,"Ec_N",247,16,16,"Ec",9,0,0,0,1,0,0.0305419930719563
"14777",191,"Ec_N",247,17,17,"Ec",11,0,1,0,1,0,0.0857419302602629
"14778",191,"Ec_N",247,18,18,"Ec",11,0,1,0,1,0,0.0857419302602629
"14779",191,"Ec_N",247,19,19,"Ec",15,0,1,1,1,0,0.437080043527332
"14780",191,"Ec_N",247,20,20,"Ec",15,0,1,1,1,0,0.437080043527332
"14781",191,"Ec_N",247,21,21,"Ec",15,0,1,1,1,0,0.437080043527332
"14782",191,"Ec_N",247,22,22,"Ec",15,0,1,1,1,0,0.437080043527332
"14783",191,"Ec_N",247,23,23,"Ec",15,0,1,1,1,0,0.437080043527332
"14784",191,"Ec_N",247,24,24,"Ec",15,0,1,1,1,0,0.437080043527332
"14785",191,"Ec_N",247,25,25,"Ec",15,0,1,1,1,0,0.437080043527332
"14786",191,"Ec_N",247,26,26,"Ec",16,1,1,1,1,0,0.456015583082203
"14787",191,"Ec_N",247,27,27,"Ec",16,1,1,1,1,0,0.456015583082203
"14788",191,"Ec_N",247,28,28,"Ec",16,1,1,1,1,0,0.456015583082203
"14789",191,"Ec_N",247,29,29,"Ec",16,1,1,1,1,0,0.456015583082203
"14790",191,"Ec_N",247,30,30,"Ec",16,1,1,1,1,0,0.456015583082203
"14791",191,"Ec_N",247,31,31,"Ec",16,1,1,1,1,0,0.456015583082203
"14792",191,"Ec_N",247,32,32,"Ec",16,1,1,1,1,0,0.456015583082203
"14793",191,"Ec_N",247,33,33,"Ec",16,1,1,1,1,0,0.456015583082203
"14794",191,"Ec_N",247,34,34,"Ec",16,1,1,1,1,0,0.456015583082203
"14795",191,"Ec_N",247,35,35,"Ec",16,1,1,1,1,0,0.456015583082203
"14796",191,"Ec_N",247,36,36,"Ec",16,1,1,1,1,0,0.456015583082203
"14797",191,"Ec_N",247,37,37,"Ec",16,1,1,1,1,0,0.456015583082203
"14798",191,"Ec_N",247,38,38,"Ec",16,1,1,1,1,0,0.456015583082203
"14799",191,"Ec_N",247,39,39,"Ec",16,1,1,1,1,0,0.456015583082203
"14800",191,"Ec_N",247,40,40,"Ec",16,1,1,1,1,0,0.456015583082203
"14801",191,"Ec_N",247,41,41,"Ec",16,1,1,1,1,0,0.456015583082203
"14802",191,"Ec_N",247,42,42,"Ec",32,1,1,1,1,1,1
"14803",191,"Ec_N",247,43,43,"Ec",32,1,1,1,1,1,1
"14804",191,"Ec_N",247,44,44,"Ec",32,1,1,1,1,1,1
"14805",191,"Ec_N",247,45,45,"Ec",32,1,1,1,1,1,1
"14806",191,"Ec_N",247,46,46,"Ec",32,1,1,1,1,1,1
"14807",191,"Ec_N",247,47,47,"Ec",32,1,1,1,1,1,1
"14808",191,"Ec_N",247,48,48,"Ec",32,1,1,1,1,1,1
"14809",191,"Ec_N",247,49,49,"Ec",32,1,1,1,1,1,1
"14810",191,"Ec_N",247,50,50,"Ec",32,1,1,1,1,1,1
"14811",191,"Ec_N",247,51,51,"Ec",32,1,1,1,1,1,1
"14812",191,"Ec_N",247,52,52,"Ec",32,1,1,1,1,1,1
"14813",191,"Ec_N",247,53,53,"Ec",32,1,1,1,1,1,1
"14814",191,"Ec_N",247,54,54,"Ec",32,1,1,1,1,1,1
"14815",191,"Ec_N",247,55,55,"Ec",32,1,1,1,1,1,1
"14816",191,"Ec_N",247,56,56,"Ec",32,1,1,1,1,1,1
"14817",191,"Ec_N",247,57,57,"Ec",32,1,1,1,1,1,1
"14818",191,"Ec_N",247,58,58,"Ec",32,1,1,1,1,1,1
"14819",191,"Ec_N",247,59,59,"Ec",32,1,1,1,1,1,1
"14820",191,"Ec_N",247,60,60,"Ec",32,1,1,1,1,1,1
"14821",191,"Ec_N",248,1,1,"Ec",1,0,0,0,0,0,0
"14822",191,"Ec_N",248,2,2,"Ec",1,0,0,0,0,0,0
"14823",191,"Ec_N",248,3,3,"Ec",1,0,0,0,0,0,0
"14824",191,"Ec_N",248,4,4,"Ec",1,0,0,0,0,0,0
"14825",191,"Ec_N",248,5,5,"Ec",1,0,0,0,0,0,0
"14826",191,"Ec_N",248,6,6,"Ec",1,0,0,0,0,0,0
"14827",191,"Ec_N",248,7,7,"Ec",1,0,0,0,0,0,0
"14828",191,"Ec_N",248,8,8,"Ec",1,0,0,0,0,0,0
"14829",191,"Ec_N",248,9,9,"Ec",1,0,0,0,0,0,0
"14830",191,"Ec_N",248,10,10,"Ec",1,0,0,0,0,0,0
"14831",191,"Ec_N",248,11,11,"Ec",1,0,0,0,0,0,0
"14832",191,"Ec_N",248,12,12,"Ec",1,0,0,0,0,0,0
"14833",191,"Ec_N",248,13,13,"Ec",1,0,0,0,0,0,0
"14834",191,"Ec_N",248,14,14,"Ec",1,0,0,0,0,0,0
"14835",191,"Ec_N",248,15,15,"Ec",17,0,0,0,0,1,0.229834113103391
"14836",191,"Ec_N",248,16,16,"Ec",17,0,0,0,0,1,0.229834113103391
"14837",191,"Ec_N",248,17,17,"Ec",17,0,0,0,0,1,0.229834113103391
"14838",191,"Ec_N",248,18,18,"Ec",17,0,0,0,0,1,0.229834113103391
"14839",191,"Ec_N",248,19,19,"Ec",17,0,0,0,0,1,0.229834113103391
"14840",191,"Ec_N",248,20,20,"Ec",18,1,0,0,0,1,0.646504780524047
"14841",191,"Ec_N",248,21,21,"Ec",18,1,0,0,0,1,0.646504780524047
"14842",191,"Ec_N",248,22,22,"Ec",18,1,0,0,0,1,0.646504780524047
"14843",191,"Ec_N",248,23,23,"Ec",18,1,0,0,0,1,0.646504780524047
"14844",191,"Ec_N",248,24,24,"Ec",22,1,0,1,0,1,0.92522428176681
"14845",191,"Ec_N",248,25,25,"Ec",22,1,0,1,0,1,0.92522428176681
"14846",191,"Ec_N",248,26,26,"Ec",24,1,1,1,0,1,0.969458006928044
"14847",191,"Ec_N",248,27,27,"Ec",24,1,1,1,0,1,0.969458006928044
"14848",191,"Ec_N",248,28,28,"Ec",32,1,1,1,1,1,1
"14849",191,"Ec_N",248,29,29,"Ec",32,1,1,1,1,1,1
"14850",191,"Ec_N",248,30,30,"Ec",32,1,1,1,1,1,1
"14851",191,"Ec_N",248,31,31,"Ec",32,1,1,1,1,1,1
"14852",191,"Ec_N",248,32,32,"Ec",32,1,1,1,1,1,1
"14853",191,"Ec_N",248,33,33,"Ec",32,1,1,1,1,1,1
"14854",191,"Ec_N",248,34,34,"Ec",32,1,1,1,1,1,1
"14855",191,"Ec_N",248,35,35,"Ec",32,1,1,1,1,1,1
"14856",191,"Ec_N",248,36,36,"Ec",32,1,1,1,1,1,1
"14857",191,"Ec_N",248,37,37,"Ec",32,1,1,1,1,1,1
"14858",191,"Ec_N",248,38,38,"Ec",32,1,1,1,1,1,1
"14859",191,"Ec_N",248,39,39,"Ec",32,1,1,1,1,1,1
"14860",191,"Ec_N",248,40,40,"Ec",32,1,1,1,1,1,1
"14861",191,"Ec_N",248,41,41,"Ec",32,1,1,1,1,1,1
"14862",191,"Ec_N",248,42,42,"Ec",32,1,1,1,1,1,1
"14863",191,"Ec_N",248,43,43,"Ec",32,1,1,1,1,1,1
"14864",191,"Ec_N",248,44,44,"Ec",32,1,1,1,1,1,1
"14865",191,"Ec_N",248,45,45,"Ec",32,1,1,1,1,1,1
"14866",191,"Ec_N",248,46,46,"Ec",32,1,1,1,1,1,1
"14867",191,"Ec_N",248,47,47,"Ec",32,1,1,1,1,1,1
"14868",191,"Ec_N",248,48,48,"Ec",32,1,1,1,1,1,1
"14869",191,"Ec_N",248,49,49,"Ec",32,1,1,1,1,1,1
"14870",191,"Ec_N",248,50,50,"Ec",32,1,1,1,1,1,1
"14871",191,"Ec_N",248,51,51,"Ec",32,1,1,1,1,1,1
"14872",191,"Ec_N",248,52,52,"Ec",32,1,1,1,1,1,1
"14873",191,"Ec_N",248,53,53,"Ec",32,1,1,1,1,1,1
"14874",191,"Ec_N",248,54,54,"Ec",32,1,1,1,1,1,1
"14875",191,"Ec_N",248,55,55,"Ec",32,1,1,1,1,1,1
"14876",191,"Ec_N",248,56,56,"Ec",32,1,1,1,1,1,1
"14877",191,"Ec_N",248,57,57,"Ec",32,1,1,1,1,1,1
"14878",191,"Ec_N",248,58,58,"Ec",32,1,1,1,1,1,1
"14879",191,"Ec_N",248,59,59,"Ec",32,1,1,1,1,1,1
"14880",191,"Ec_N",248,60,60,"Ec",32,1,1,1,1,1,1
"14881",191,"Ec_N",249,1,1,"Ec",1,0,0,0,0,0,0
"14882",191,"Ec_N",249,2,2,"Ec",3,0,1,0,0,0,0.041311480051295
"14883",191,"Ec_N",249,3,3,"Ec",3,0,1,0,0,0,0.041311480051295
"14884",191,"Ec_N",249,4,4,"Ec",19,0,1,0,0,1,0.427300415500348
"14885",191,"Ec_N",249,5,5,"Ec",19,0,1,0,0,1,0.427300415500348
"14886",191,"Ec_N",249,6,6,"Ec",19,0,1,0,0,1,0.427300415500348
"14887",191,"Ec_N",249,7,7,"Ec",19,0,1,0,0,1,0.427300415500348
"14888",191,"Ec_N",249,8,8,"Ec",20,1,1,0,0,1,0.610298755308086
"14889",191,"Ec_N",249,9,9,"Ec",20,1,1,0,0,1,0.610298755308086
"14890",191,"Ec_N",249,10,10,"Ec",20,1,1,0,0,1,0.610298755308086
"14891",191,"Ec_N",249,11,11,"Ec",20,1,1,0,0,1,0.610298755308086
"14892",191,"Ec_N",249,12,12,"Ec",20,1,1,0,0,1,0.610298755308086
"14893",191,"Ec_N",249,13,13,"Ec",24,1,1,1,0,1,0.969458006928044
"14894",191,"Ec_N",249,14,14,"Ec",24,1,1,1,0,1,0.969458006928044
"14895",191,"Ec_N",249,15,15,"Ec",24,1,1,1,0,1,0.969458006928044
"14896",191,"Ec_N",249,16,16,"Ec",24,1,1,1,0,1,0.969458006928044
"14897",191,"Ec_N",249,17,17,"Ec",24,1,1,1,0,1,0.969458006928044
"14898",191,"Ec_N",249,18,18,"Ec",24,1,1,1,0,1,0.969458006928044
"14899",191,"Ec_N",249,19,19,"Ec",24,1,1,1,0,1,0.969458006928044
"14900",191,"Ec_N",249,20,20,"Ec",24,1,1,1,0,1,0.969458006928044
"14901",191,"Ec_N",249,21,21,"Ec",24,1,1,1,0,1,0.969458006928044
"14902",191,"Ec_N",249,22,22,"Ec",24,1,1,1,0,1,0.969458006928044
"14903",191,"Ec_N",249,23,23,"Ec",24,1,1,1,0,1,0.969458006928044
"14904",191,"Ec_N",249,24,24,"Ec",24,1,1,1,0,1,0.969458006928044
"14905",191,"Ec_N",249,25,25,"Ec",24,1,1,1,0,1,0.969458006928044
"14906",191,"Ec_N",249,26,26,"Ec",24,1,1,1,0,1,0.969458006928044
"14907",191,"Ec_N",249,27,27,"Ec",24,1,1,1,0,1,0.969458006928044
"14908",191,"Ec_N",249,28,28,"Ec",24,1,1,1,0,1,0.969458006928044
"14909",191,"Ec_N",249,29,29,"Ec",24,1,1,1,0,1,0.969458006928044
"14910",191,"Ec_N",249,30,30,"Ec",24,1,1,1,0,1,0.969458006928044
"14911",191,"Ec_N",249,31,31,"Ec",24,1,1,1,0,1,0.969458006928044
"14912",191,"Ec_N",249,32,32,"Ec",24,1,1,1,0,1,0.969458006928044
"14913",191,"Ec_N",249,33,33,"Ec",24,1,1,1,0,1,0.969458006928044
"14914",191,"Ec_N",249,34,34,"Ec",32,1,1,1,1,1,1
"14915",191,"Ec_N",249,35,35,"Ec",32,1,1,1,1,1,1
"14916",191,"Ec_N",249,36,36,"Ec",32,1,1,1,1,1,1
"14917",191,"Ec_N",249,37,37,"Ec",32,1,1,1,1,1,1
"14918",191,"Ec_N",249,38,38,"Ec",32,1,1,1,1,1,1
"14919",191,"Ec_N",249,39,39,"Ec",32,1,1,1,1,1,1
"14920",191,"Ec_N",249,40,40,"Ec",32,1,1,1,1,1,1
"14921",191,"Ec_N",249,41,41,"Ec",32,1,1,1,1,1,1
"14922",191,"Ec_N",249,42,42,"Ec",32,1,1,1,1,1,1
"14923",191,"Ec_N",249,43,43,"Ec",32,1,1,1,1,1,1
"14924",191,"Ec_N",249,44,44,"Ec",32,1,1,1,1,1,1
"14925",191,"Ec_N",249,45,45,"Ec",32,1,1,1,1,1,1
"14926",191,"Ec_N",249,46,46,"Ec",32,1,1,1,1,1,1
"14927",191,"Ec_N",249,47,47,"Ec",32,1,1,1,1,1,1
"14928",191,"Ec_N",249,48,48,"Ec",32,1,1,1,1,1,1
"14929",191,"Ec_N",249,49,49,"Ec",32,1,1,1,1,1,1
"14930",191,"Ec_N",249,50,50,"Ec",32,1,1,1,1,1,1
"14931",191,"Ec_N",249,51,51,"Ec",32,1,1,1,1,1,1
"14932",191,"Ec_N",249,52,52,"Ec",32,1,1,1,1,1,1
"14933",191,"Ec_N",249,53,53,"Ec",32,1,1,1,1,1,1
"14934",191,"Ec_N",249,54,54,"Ec",32,1,1,1,1,1,1
"14935",191,"Ec_N",249,55,55,"Ec",32,1,1,1,1,1,1
"14936",191,"Ec_N",249,56,56,"Ec",32,1,1,1,1,1,1
"14937",191,"Ec_N",249,57,57,"Ec",32,1,1,1,1,1,1
"14938",191,"Ec_N",249,58,58,"Ec",32,1,1,1,1,1,1
"14939",191,"Ec_N",249,59,59,"Ec",32,1,1,1,1,1,1
"14940",191,"Ec_N",249,60,60,"Ec",32,1,1,1,1,1,1
"14941",191,"Ec_N",250,1,1,"Ec",1,0,0,0,0,0,0
"14942",191,"Ec_N",250,2,2,"Ec",1,0,0,0,0,0,0
"14943",191,"Ec_N",250,3,3,"Ec",5,0,0,1,0,0,0.49313446766664
"14944",191,"Ec_N",250,4,4,"Ec",7,0,1,1,0,0,0.589282297794007
"14945",191,"Ec_N",250,5,5,"Ec",7,0,1,1,0,0,0.589282297794007
"14946",191,"Ec_N",250,6,6,"Ec",7,0,1,1,0,0,0.589282297794007
"14947",191,"Ec_N",250,7,7,"Ec",7,0,1,1,0,0,0.589282297794007
"14948",191,"Ec_N",250,8,8,"Ec",7,0,1,1,0,0,0.589282297794007
"14949",191,"Ec_N",250,9,9,"Ec",7,0,1,1,0,0,0.589282297794007
"14950",191,"Ec_N",250,10,10,"Ec",7,0,1,1,0,0,0.589282297794007
"14951",191,"Ec_N",250,11,11,"Ec",7,0,1,1,0,0,0.589282297794007
"14952",191,"Ec_N",250,12,12,"Ec",7,0,1,1,0,0,0.589282297794007
"14953",191,"Ec_N",250,13,13,"Ec",7,0,1,1,0,0,0.589282297794007
"14954",191,"Ec_N",250,14,14,"Ec",7,0,1,1,0,0,0.589282297794007
"14955",191,"Ec_N",250,15,15,"Ec",7,0,1,1,0,0,0.589282297794007
"14956",191,"Ec_N",250,16,16,"Ec",7,0,1,1,0,0,0.589282297794007
"14957",191,"Ec_N",250,17,17,"Ec",7,0,1,1,0,0,0.589282297794007
"14958",191,"Ec_N",250,18,18,"Ec",7,0,1,1,0,0,0.589282297794007
"14959",191,"Ec_N",250,19,19,"Ec",7,0,1,1,0,0,0.589282297794007
"14960",191,"Ec_N",250,20,20,"Ec",7,0,1,1,0,0,0.589282297794007
"14961",191,"Ec_N",250,21,21,"Ec",7,0,1,1,0,0,0.589282297794007
"14962",191,"Ec_N",250,22,22,"Ec",7,0,1,1,0,0,0.589282297794007
"14963",191,"Ec_N",250,23,23,"Ec",7,0,1,1,0,0,0.589282297794007
"14964",191,"Ec_N",250,24,24,"Ec",7,0,1,1,0,0,0.589282297794007
"14965",191,"Ec_N",250,25,25,"Ec",7,0,1,1,0,0,0.589282297794007
"14966",191,"Ec_N",250,26,26,"Ec",7,0,1,1,0,0,0.589282297794007
"14967",191,"Ec_N",250,27,27,"Ec",7,0,1,1,0,0,0.589282297794007
"14968",191,"Ec_N",250,28,28,"Ec",7,0,1,1,0,0,0.589282297794007
"14969",191,"Ec_N",250,29,29,"Ec",7,0,1,1,0,0,0.589282297794007
"14970",191,"Ec_N",250,30,30,"Ec",7,0,1,1,0,0,0.589282297794007
"14971",191,"Ec_N",250,31,31,"Ec",7,0,1,1,0,0,0.589282297794007
"14972",191,"Ec_N",250,32,32,"Ec",7,0,1,1,0,0,0.589282297794007
"14973",191,"Ec_N",250,33,33,"Ec",7,0,1,1,0,0,0.589282297794007
"14974",191,"Ec_N",250,34,34,"Ec",7,0,1,1,0,0,0.589282297794007
"14975",191,"Ec_N",250,35,35,"Ec",7,0,1,1,0,0,0.589282297794007
"14976",191,"Ec_N",250,36,36,"Ec",7,0,1,1,0,0,0.589282297794007
"14977",191,"Ec_N",250,37,37,"Ec",7,0,1,1,0,0,0.589282297794007
"14978",191,"Ec_N",250,38,38,"Ec",7,0,1,1,0,0,0.589282297794007
"14979",191,"Ec_N",250,39,39,"Ec",7,0,1,1,0,0,0.589282297794007
"14980",191,"Ec_N",250,40,40,"Ec",7,0,1,1,0,0,0.589282297794007
"14981",191,"Ec_N",250,41,41,"Ec",7,0,1,1,0,0,0.589282297794007
"14982",191,"Ec_N",250,42,42,"Ec",7,0,1,1,0,0,0.589282297794007
"14983",191,"Ec_N",250,43,43,"Ec",7,0,1,1,0,0,0.589282297794007
"14984",191,"Ec_N",250,44,44,"Ec",7,0,1,1,0,0,0.589282297794007
"14985",191,"Ec_N",250,45,45,"Ec",7,0,1,1,0,0,0.589282297794007
"14986",191,"Ec_N",250,46,46,"Ec",7,0,1,1,0,0,0.589282297794007
"14987",191,"Ec_N",250,47,47,"Ec",7,0,1,1,0,0,0.589282297794007
"14988",191,"Ec_N",250,48,48,"Ec",7,0,1,1,0,0,0.589282297794007
"14989",191,"Ec_N",250,49,49,"Ec",7,0,1,1,0,0,0.589282297794007
"14990",191,"Ec_N",250,50,50,"Ec",7,0,1,1,0,0,0.589282297794007
"14991",191,"Ec_N",250,51,51,"Ec",7,0,1,1,0,0,0.589282297794007
"14992",191,"Ec_N",250,52,52,"Ec",7,0,1,1,0,0,0.589282297794007
"14993",191,"Ec_N",250,53,53,"Ec",7,0,1,1,0,0,0.589282297794007
"14994",191,"Ec_N",250,54,54,"Ec",7,0,1,1,0,0,0.589282297794007
"14995",191,"Ec_N",250,55,55,"Ec",7,0,1,1,0,0,0.589282297794007
"14996",191,"Ec_N",250,56,56,"Ec",7,0,1,1,0,0,0.589282297794007
"14997",191,"Ec_N",250,57,57,"Ec",7,0,1,1,0,0,0.589282297794007
"14998",191,"Ec_N",250,58,58,"Ec",7,0,1,1,0,0,0.589282297794007
"14999",191,"Ec_N",250,59,59,"Ec",7,0,1,1,0,0,0.589282297794007
"15000",191,"Ec_N",250,60,60,"Ec",7,0,1,1,0,0,0.589282297794007
"15001",191,"Ec_N",251,1,1,"Ec",1,0,0,0,0,0,0
"15002",191,"Ec_N",251,2,2,"Ec",1,0,0,0,0,0,0
"15003",191,"Ec_N",251,3,3,"Ec",1,0,0,0,0,0,0
"15004",191,"Ec_N",251,4,4,"Ec",1,0,0,0,0,0,0
"15005",191,"Ec_N",251,5,5,"Ec",9,0,0,0,1,0,0.0305419930719563
"15006",191,"Ec_N",251,6,6,"Ec",9,0,0,0,1,0,0.0305419930719563
"15007",191,"Ec_N",251,7,7,"Ec",9,0,0,0,1,0,0.0305419930719563
"15008",191,"Ec_N",251,8,8,"Ec",9,0,0,0,1,0,0.0305419930719563
"15009",191,"Ec_N",251,9,9,"Ec",25,0,0,0,1,1,0.403163568932085
"15010",191,"Ec_N",251,10,10,"Ec",25,0,0,0,1,1,0.403163568932085
"15011",191,"Ec_N",251,11,11,"Ec",25,0,0,0,1,1,0.403163568932085
"15012",191,"Ec_N",251,12,12,"Ec",25,0,0,0,1,1,0.403163568932085
"15013",191,"Ec_N",251,13,13,"Ec",25,0,0,0,1,1,0.403163568932085
"15014",191,"Ec_N",251,14,14,"Ec",29,0,0,1,1,1,0.760668149402769
"15015",191,"Ec_N",251,15,15,"Ec",29,0,0,1,1,1,0.760668149402769
"15016",191,"Ec_N",251,16,16,"Ec",29,0,0,1,1,1,0.760668149402769
"15017",191,"Ec_N",251,17,17,"Ec",30,1,0,1,1,1,0.958688519948705
"15018",191,"Ec_N",251,18,18,"Ec",30,1,0,1,1,1,0.958688519948705
"15019",191,"Ec_N",251,19,19,"Ec",30,1,0,1,1,1,0.958688519948705
"15020",191,"Ec_N",251,20,20,"Ec",30,1,0,1,1,1,0.958688519948705
"15021",191,"Ec_N",251,21,21,"Ec",30,1,0,1,1,1,0.958688519948705
"15022",191,"Ec_N",251,22,22,"Ec",30,1,0,1,1,1,0.958688519948705
"15023",191,"Ec_N",251,23,23,"Ec",30,1,0,1,1,1,0.958688519948705
"15024",191,"Ec_N",251,24,24,"Ec",30,1,0,1,1,1,0.958688519948705
"15025",191,"Ec_N",251,25,25,"Ec",30,1,0,1,1,1,0.958688519948705
"15026",191,"Ec_N",251,26,26,"Ec",30,1,0,1,1,1,0.958688519948705
"15027",191,"Ec_N",251,27,27,"Ec",30,1,0,1,1,1,0.958688519948705
"15028",191,"Ec_N",251,28,28,"Ec",30,1,0,1,1,1,0.958688519948705
"15029",191,"Ec_N",251,29,29,"Ec",30,1,0,1,1,1,0.958688519948705
"15030",191,"Ec_N",251,30,30,"Ec",30,1,0,1,1,1,0.958688519948705
"15031",191,"Ec_N",251,31,31,"Ec",30,1,0,1,1,1,0.958688519948705
"15032",191,"Ec_N",251,32,32,"Ec",32,1,1,1,1,1,1
"15033",191,"Ec_N",251,33,33,"Ec",32,1,1,1,1,1,1
"15034",191,"Ec_N",251,34,34,"Ec",32,1,1,1,1,1,1
"15035",191,"Ec_N",251,35,35,"Ec",32,1,1,1,1,1,1
"15036",191,"Ec_N",251,36,36,"Ec",32,1,1,1,1,1,1
"15037",191,"Ec_N",251,37,37,"Ec",32,1,1,1,1,1,1
"15038",191,"Ec_N",251,38,38,"Ec",32,1,1,1,1,1,1
"15039",191,"Ec_N",251,39,39,"Ec",32,1,1,1,1,1,1
"15040",191,"Ec_N",251,40,40,"Ec",32,1,1,1,1,1,1
"15041",191,"Ec_N",251,41,41,"Ec",32,1,1,1,1,1,1
"15042",191,"Ec_N",251,42,42,"Ec",32,1,1,1,1,1,1
"15043",191,"Ec_N",251,43,43,"Ec",32,1,1,1,1,1,1
"15044",191,"Ec_N",251,44,44,"Ec",32,1,1,1,1,1,1
"15045",191,"Ec_N",251,45,45,"Ec",32,1,1,1,1,1,1
"15046",191,"Ec_N",251,46,46,"Ec",32,1,1,1,1,1,1
"15047",191,"Ec_N",251,47,47,"Ec",32,1,1,1,1,1,1
"15048",191,"Ec_N",251,48,48,"Ec",32,1,1,1,1,1,1
"15049",191,"Ec_N",251,49,49,"Ec",32,1,1,1,1,1,1
"15050",191,"Ec_N",251,50,50,"Ec",32,1,1,1,1,1,1
"15051",191,"Ec_N",251,51,51,"Ec",32,1,1,1,1,1,1
"15052",191,"Ec_N",251,52,52,"Ec",32,1,1,1,1,1,1
"15053",191,"Ec_N",251,53,53,"Ec",32,1,1,1,1,1,1
"15054",191,"Ec_N",251,54,54,"Ec",32,1,1,1,1,1,1
"15055",191,"Ec_N",251,55,55,"Ec",32,1,1,1,1,1,1
"15056",191,"Ec_N",251,56,56,"Ec",32,1,1,1,1,1,1
"15057",191,"Ec_N",251,57,57,"Ec",32,1,1,1,1,1,1
"15058",191,"Ec_N",251,58,58,"Ec",32,1,1,1,1,1,1
"15059",191,"Ec_N",251,59,59,"Ec",32,1,1,1,1,1,1
"15060",191,"Ec_N",251,60,60,"Ec",32,1,1,1,1,1,1
"15061",191,"Ec_N",252,1,1,"Ec",1,0,0,0,0,0,0
"15062",191,"Ec_N",252,2,2,"Ec",1,0,0,0,0,0,0
"15063",191,"Ec_N",252,3,3,"Ec",5,0,0,1,0,0,0.49313446766664
"15064",191,"Ec_N",252,4,4,"Ec",7,0,1,1,0,0,0.589282297794007
"15065",191,"Ec_N",252,5,5,"Ec",7,0,1,1,0,0,0.589282297794007
"15066",191,"Ec_N",252,6,6,"Ec",7,0,1,1,0,0,0.589282297794007
"15067",191,"Ec_N",252,7,7,"Ec",7,0,1,1,0,0,0.589282297794007
"15068",191,"Ec_N",252,8,8,"Ec",7,0,1,1,0,0,0.589282297794007
"15069",191,"Ec_N",252,9,9,"Ec",7,0,1,1,0,0,0.589282297794007
"15070",191,"Ec_N",252,10,10,"Ec",7,0,1,1,0,0,0.589282297794007
"15071",191,"Ec_N",252,11,11,"Ec",7,0,1,1,0,0,0.589282297794007
"15072",191,"Ec_N",252,12,12,"Ec",7,0,1,1,0,0,0.589282297794007
"15073",191,"Ec_N",252,13,13,"Ec",7,0,1,1,0,0,0.589282297794007
"15074",191,"Ec_N",252,14,14,"Ec",7,0,1,1,0,0,0.589282297794007
"15075",191,"Ec_N",252,15,15,"Ec",7,0,1,1,0,0,0.589282297794007
"15076",191,"Ec_N",252,16,16,"Ec",7,0,1,1,0,0,0.589282297794007
"15077",191,"Ec_N",252,17,17,"Ec",7,0,1,1,0,0,0.589282297794007
"15078",191,"Ec_N",252,18,18,"Ec",7,0,1,1,0,0,0.589282297794007
"15079",191,"Ec_N",252,19,19,"Ec",7,0,1,1,0,0,0.589282297794007
"15080",191,"Ec_N",252,20,20,"Ec",7,0,1,1,0,0,0.589282297794007
"15081",191,"Ec_N",252,21,21,"Ec",7,0,1,1,0,0,0.589282297794007
"15082",191,"Ec_N",252,22,22,"Ec",7,0,1,1,0,0,0.589282297794007
"15083",191,"Ec_N",252,23,23,"Ec",7,0,1,1,0,0,0.589282297794007
"15084",191,"Ec_N",252,24,24,"Ec",7,0,1,1,0,0,0.589282297794007
"15085",191,"Ec_N",252,25,25,"Ec",7,0,1,1,0,0,0.589282297794007
"15086",191,"Ec_N",252,26,26,"Ec",7,0,1,1,0,0,0.589282297794007
"15087",191,"Ec_N",252,27,27,"Ec",7,0,1,1,0,0,0.589282297794007
"15088",191,"Ec_N",252,28,28,"Ec",7,0,1,1,0,0,0.589282297794007
"15089",191,"Ec_N",252,29,29,"Ec",7,0,1,1,0,0,0.589282297794007
"15090",191,"Ec_N",252,30,30,"Ec",7,0,1,1,0,0,0.589282297794007
"15091",191,"Ec_N",252,31,31,"Ec",7,0,1,1,0,0,0.589282297794007
"15092",191,"Ec_N",252,32,32,"Ec",7,0,1,1,0,0,0.589282297794007
"15093",191,"Ec_N",252,33,33,"Ec",7,0,1,1,0,0,0.589282297794007
"15094",191,"Ec_N",252,34,34,"Ec",7,0,1,1,0,0,0.589282297794007
"15095",191,"Ec_N",252,35,35,"Ec",7,0,1,1,0,0,0.589282297794007
"15096",191,"Ec_N",252,36,36,"Ec",7,0,1,1,0,0,0.589282297794007
"15097",191,"Ec_N",252,37,37,"Ec",7,0,1,1,0,0,0.589282297794007
"15098",191,"Ec_N",252,38,38,"Ec",23,0,1,1,0,1,0.616809062130864
"15099",191,"Ec_N",252,39,39,"Ec",21,0,0,1,0,1,0.726280938342543
"15100",191,"Ec_N",252,40,40,"Ec",29,0,0,1,1,1,0.760668149402769
"15101",191,"Ec_N",252,41,41,"Ec",29,0,0,1,1,1,0.760668149402769
"15102",191,"Ec_N",252,42,42,"Ec",29,0,0,1,1,1,0.760668149402769
"15103",191,"Ec_N",252,43,43,"Ec",29,0,0,1,1,1,0.760668149402769
"15104",191,"Ec_N",252,44,44,"Ec",29,0,0,1,1,1,0.760668149402769
"15105",191,"Ec_N",252,45,45,"Ec",29,0,0,1,1,1,0.760668149402769
"15106",191,"Ec_N",252,46,46,"Ec",31,0,1,1,1,1,0.801979629454064
"15107",191,"Ec_N",252,47,47,"Ec",31,0,1,1,1,1,0.801979629454064
"15108",191,"Ec_N",252,48,48,"Ec",31,0,1,1,1,1,0.801979629454064
"15109",191,"Ec_N",252,49,49,"Ec",31,0,1,1,1,1,0.801979629454064
"15110",191,"Ec_N",252,50,50,"Ec",31,0,1,1,1,1,0.801979629454064
"15111",191,"Ec_N",252,51,51,"Ec",31,0,1,1,1,1,0.801979629454064
"15112",191,"Ec_N",252,52,52,"Ec",31,0,1,1,1,1,0.801979629454064
"15113",191,"Ec_N",252,53,53,"Ec",31,0,1,1,1,1,0.801979629454064
"15114",191,"Ec_N",252,54,54,"Ec",31,0,1,1,1,1,0.801979629454064
"15115",191,"Ec_N",252,55,55,"Ec",31,0,1,1,1,1,0.801979629454064
"15116",191,"Ec_N",252,56,56,"Ec",31,0,1,1,1,1,0.801979629454064
"15117",191,"Ec_N",252,57,57,"Ec",31,0,1,1,1,1,0.801979629454064
"15118",191,"Ec_N",252,58,58,"Ec",31,0,1,1,1,1,0.801979629454064
"15119",191,"Ec_N",252,59,59,"Ec",31,0,1,1,1,1,0.801979629454064
"15120",191,"Ec_N",252,60,60,"Ec",31,0,1,1,1,1,0.801979629454064
"15121",191,"Ec_N",253,1,1,"Ec",1,0,0,0,0,0,0
"15122",191,"Ec_N",253,2,2,"Ec",1,0,0,0,0,0,0
"15123",191,"Ec_N",253,3,3,"Ec",1,0,0,0,0,0,0
"15124",191,"Ec_N",253,4,4,"Ec",1,0,0,0,0,0,0
"15125",191,"Ec_N",253,5,5,"Ec",2,1,0,0,0,0,0.198020370545937
"15126",191,"Ec_N",253,6,6,"Ec",2,1,0,0,0,0,0.198020370545937
"15127",191,"Ec_N",253,7,7,"Ec",2,1,0,0,0,0,0.198020370545937
"15128",191,"Ec_N",253,8,8,"Ec",10,1,0,0,1,0,0.228562363617893
"15129",191,"Ec_N",253,9,9,"Ec",26,1,0,0,1,1,0.514384015075299
"15130",191,"Ec_N",253,10,10,"Ec",26,1,0,0,1,1,0.514384015075299
"15131",191,"Ec_N",253,11,11,"Ec",26,1,0,0,1,1,0.514384015075299
"15132",191,"Ec_N",253,12,12,"Ec",30,1,0,1,1,1,0.958688519948705
"15133",191,"Ec_N",253,13,13,"Ec",30,1,0,1,1,1,0.958688519948705
"15134",191,"Ec_N",253,14,14,"Ec",30,1,0,1,1,1,0.958688519948705
"15135",191,"Ec_N",253,15,15,"Ec",30,1,0,1,1,1,0.958688519948705
"15136",191,"Ec_N",253,16,16,"Ec",30,1,0,1,1,1,0.958688519948705
"15137",191,"Ec_N",253,17,17,"Ec",30,1,0,1,1,1,0.958688519948705
"15138",191,"Ec_N",253,18,18,"Ec",30,1,0,1,1,1,0.958688519948705
"15139",191,"Ec_N",253,19,19,"Ec",30,1,0,1,1,1,0.958688519948705
"15140",191,"Ec_N",253,20,20,"Ec",30,1,0,1,1,1,0.958688519948705
"15141",191,"Ec_N",253,21,21,"Ec",30,1,0,1,1,1,0.958688519948705
"15142",191,"Ec_N",253,22,22,"Ec",30,1,0,1,1,1,0.958688519948705
"15143",191,"Ec_N",253,23,23,"Ec",30,1,0,1,1,1,0.958688519948705
"15144",191,"Ec_N",253,24,24,"Ec",30,1,0,1,1,1,0.958688519948705
"15145",191,"Ec_N",253,25,25,"Ec",30,1,0,1,1,1,0.958688519948705
"15146",191,"Ec_N",253,26,26,"Ec",30,1,0,1,1,1,0.958688519948705
"15147",191,"Ec_N",253,27,27,"Ec",30,1,0,1,1,1,0.958688519948705
"15148",191,"Ec_N",253,28,28,"Ec",30,1,0,1,1,1,0.958688519948705
"15149",191,"Ec_N",253,29,29,"Ec",30,1,0,1,1,1,0.958688519948705
"15150",191,"Ec_N",253,30,30,"Ec",30,1,0,1,1,1,0.958688519948705
"15151",191,"Ec_N",253,31,31,"Ec",30,1,0,1,1,1,0.958688519948705
"15152",191,"Ec_N",253,32,32,"Ec",30,1,0,1,1,1,0.958688519948705
"15153",191,"Ec_N",253,33,33,"Ec",32,1,1,1,1,1,1
"15154",191,"Ec_N",253,34,34,"Ec",32,1,1,1,1,1,1
"15155",191,"Ec_N",253,35,35,"Ec",32,1,1,1,1,1,1
"15156",191,"Ec_N",253,36,36,"Ec",32,1,1,1,1,1,1
"15157",191,"Ec_N",253,37,37,"Ec",32,1,1,1,1,1,1
"15158",191,"Ec_N",253,38,38,"Ec",32,1,1,1,1,1,1
"15159",191,"Ec_N",253,39,39,"Ec",32,1,1,1,1,1,1
"15160",191,"Ec_N",253,40,40,"Ec",32,1,1,1,1,1,1
"15161",191,"Ec_N",253,41,41,"Ec",32,1,1,1,1,1,1
"15162",191,"Ec_N",253,42,42,"Ec",32,1,1,1,1,1,1
"15163",191,"Ec_N",253,43,43,"Ec",32,1,1,1,1,1,1
"15164",191,"Ec_N",253,44,44,"Ec",32,1,1,1,1,1,1
"15165",191,"Ec_N",253,45,45,"Ec",32,1,1,1,1,1,1
"15166",191,"Ec_N",253,46,46,"Ec",32,1,1,1,1,1,1
"15167",191,"Ec_N",253,47,47,"Ec",32,1,1,1,1,1,1
"15168",191,"Ec_N",253,48,48,"Ec",32,1,1,1,1,1,1
"15169",191,"Ec_N",253,49,49,"Ec",32,1,1,1,1,1,1
"15170",191,"Ec_N",253,50,50,"Ec",32,1,1,1,1,1,1
"15171",191,"Ec_N",253,51,51,"Ec",32,1,1,1,1,1,1
"15172",191,"Ec_N",253,52,52,"Ec",32,1,1,1,1,1,1
"15173",191,"Ec_N",253,53,53,"Ec",32,1,1,1,1,1,1
"15174",191,"Ec_N",253,54,54,"Ec",32,1,1,1,1,1,1
"15175",191,"Ec_N",253,55,55,"Ec",32,1,1,1,1,1,1
"15176",191,"Ec_N",253,56,56,"Ec",32,1,1,1,1,1,1
"15177",191,"Ec_N",253,57,57,"Ec",32,1,1,1,1,1,1
"15178",191,"Ec_N",253,58,58,"Ec",32,1,1,1,1,1,1
"15179",191,"Ec_N",253,59,59,"Ec",32,1,1,1,1,1,1
"15180",191,"Ec_N",253,60,60,"Ec",32,1,1,1,1,1,1
"15181",191,"Ec_N",254,1,1,"Ec",1,0,0,0,0,0,0
"15182",191,"Ec_N",254,2,2,"Ec",1,0,0,0,0,0,0
"15183",191,"Ec_N",254,3,3,"Ec",1,0,0,0,0,0,0
"15184",191,"Ec_N",254,4,4,"Ec",17,0,0,0,0,1,0.229834113103391
"15185",191,"Ec_N",254,5,5,"Ec",21,0,0,1,0,1,0.726280938342543
"15186",191,"Ec_N",254,6,6,"Ec",21,0,0,1,0,1,0.726280938342543
"15187",191,"Ec_N",254,7,7,"Ec",21,0,0,1,0,1,0.726280938342543
"15188",191,"Ec_N",254,8,8,"Ec",29,0,0,1,1,1,0.760668149402769
"15189",191,"Ec_N",254,9,9,"Ec",29,0,0,1,1,1,0.760668149402769
"15190",191,"Ec_N",254,10,10,"Ec",29,0,0,1,1,1,0.760668149402769
"15191",191,"Ec_N",254,11,11,"Ec",29,0,0,1,1,1,0.760668149402769
"15192",191,"Ec_N",254,12,12,"Ec",29,0,0,1,1,1,0.760668149402769
"15193",191,"Ec_N",254,13,13,"Ec",29,0,0,1,1,1,0.760668149402769
"15194",191,"Ec_N",254,14,14,"Ec",30,1,0,1,1,1,0.958688519948705
"15195",191,"Ec_N",254,15,15,"Ec",30,1,0,1,1,1,0.958688519948705
"15196",191,"Ec_N",254,16,16,"Ec",32,1,1,1,1,1,1
"15197",191,"Ec_N",254,17,17,"Ec",32,1,1,1,1,1,1
"15198",191,"Ec_N",254,18,18,"Ec",32,1,1,1,1,1,1
"15199",191,"Ec_N",254,19,19,"Ec",32,1,1,1,1,1,1
"15200",191,"Ec_N",254,20,20,"Ec",32,1,1,1,1,1,1
"15201",191,"Ec_N",254,21,21,"Ec",32,1,1,1,1,1,1
"15202",191,"Ec_N",254,22,22,"Ec",32,1,1,1,1,1,1
"15203",191,"Ec_N",254,23,23,"Ec",32,1,1,1,1,1,1
"15204",191,"Ec_N",254,24,24,"Ec",32,1,1,1,1,1,1
"15205",191,"Ec_N",254,25,25,"Ec",32,1,1,1,1,1,1
"15206",191,"Ec_N",254,26,26,"Ec",32,1,1,1,1,1,1
"15207",191,"Ec_N",254,27,27,"Ec",32,1,1,1,1,1,1
"15208",191,"Ec_N",254,28,28,"Ec",32,1,1,1,1,1,1
"15209",191,"Ec_N",254,29,29,"Ec",32,1,1,1,1,1,1
"15210",191,"Ec_N",254,30,30,"Ec",32,1,1,1,1,1,1
"15211",191,"Ec_N",254,31,31,"Ec",32,1,1,1,1,1,1
"15212",191,"Ec_N",254,32,32,"Ec",32,1,1,1,1,1,1
"15213",191,"Ec_N",254,33,33,"Ec",32,1,1,1,1,1,1
"15214",191,"Ec_N",254,34,34,"Ec",32,1,1,1,1,1,1
"15215",191,"Ec_N",254,35,35,"Ec",32,1,1,1,1,1,1
"15216",191,"Ec_N",254,36,36,"Ec",32,1,1,1,1,1,1
"15217",191,"Ec_N",254,37,37,"Ec",32,1,1,1,1,1,1
"15218",191,"Ec_N",254,38,38,"Ec",32,1,1,1,1,1,1
"15219",191,"Ec_N",254,39,39,"Ec",32,1,1,1,1,1,1
"15220",191,"Ec_N",254,40,40,"Ec",32,1,1,1,1,1,1
"15221",191,"Ec_N",254,41,41,"Ec",32,1,1,1,1,1,1
"15222",191,"Ec_N",254,42,42,"Ec",32,1,1,1,1,1,1
"15223",191,"Ec_N",254,43,43,"Ec",32,1,1,1,1,1,1
"15224",191,"Ec_N",254,44,44,"Ec",32,1,1,1,1,1,1
"15225",191,"Ec_N",254,45,45,"Ec",32,1,1,1,1,1,1
"15226",191,"Ec_N",254,46,46,"Ec",32,1,1,1,1,1,1
"15227",191,"Ec_N",254,47,47,"Ec",32,1,1,1,1,1,1
"15228",191,"Ec_N",254,48,48,"Ec",32,1,1,1,1,1,1
"15229",191,"Ec_N",254,49,49,"Ec",32,1,1,1,1,1,1
"15230",191,"Ec_N",254,50,50,"Ec",32,1,1,1,1,1,1
"15231",191,"Ec_N",254,51,51,"Ec",32,1,1,1,1,1,1
"15232",191,"Ec_N",254,52,52,"Ec",32,1,1,1,1,1,1
"15233",191,"Ec_N",254,53,53,"Ec",32,1,1,1,1,1,1
"15234",191,"Ec_N",254,54,54,"Ec",32,1,1,1,1,1,1
"15235",191,"Ec_N",254,55,55,"Ec",32,1,1,1,1,1,1
"15236",191,"Ec_N",254,56,56,"Ec",32,1,1,1,1,1,1
"15237",191,"Ec_N",254,57,57,"Ec",32,1,1,1,1,1,1
"15238",191,"Ec_N",254,58,58,"Ec",32,1,1,1,1,1,1
"15239",191,"Ec_N",254,59,59,"Ec",32,1,1,1,1,1,1
"15240",191,"Ec_N",254,60,60,"Ec",32,1,1,1,1,1,1
"15241",191,"Ec_N",255,1,1,"Ec",1,0,0,0,0,0,0
"15242",191,"Ec_N",255,2,2,"Ec",1,0,0,0,0,0,0
"15243",191,"Ec_N",255,3,3,"Ec",1,0,0,0,0,0,0
"15244",191,"Ec_N",255,4,4,"Ec",17,0,0,0,0,1,0.229834113103391
"15245",191,"Ec_N",255,5,5,"Ec",21,0,0,1,0,1,0.726280938342543
"15246",191,"Ec_N",255,6,6,"Ec",21,0,0,1,0,1,0.726280938342543
"15247",191,"Ec_N",255,7,7,"Ec",21,0,0,1,0,1,0.726280938342543
"15248",191,"Ec_N",255,8,8,"Ec",21,0,0,1,0,1,0.726280938342543
"15249",191,"Ec_N",255,9,9,"Ec",21,0,0,1,0,1,0.726280938342543
"15250",191,"Ec_N",255,10,10,"Ec",21,0,0,1,0,1,0.726280938342543
"15251",191,"Ec_N",255,11,11,"Ec",21,0,0,1,0,1,0.726280938342543
"15252",191,"Ec_N",255,12,12,"Ec",21,0,0,1,0,1,0.726280938342543
"15253",191,"Ec_N",255,13,13,"Ec",21,0,0,1,0,1,0.726280938342543
"15254",191,"Ec_N",255,14,14,"Ec",21,0,0,1,0,1,0.726280938342543
"15255",191,"Ec_N",255,15,15,"Ec",21,0,0,1,0,1,0.726280938342543
"15256",191,"Ec_N",255,16,16,"Ec",21,0,0,1,0,1,0.726280938342543
"15257",191,"Ec_N",255,17,17,"Ec",22,1,0,1,0,1,0.92522428176681
"15258",191,"Ec_N",255,18,18,"Ec",22,1,0,1,0,1,0.92522428176681
"15259",191,"Ec_N",255,19,19,"Ec",22,1,0,1,0,1,0.92522428176681
"15260",191,"Ec_N",255,20,20,"Ec",22,1,0,1,0,1,0.92522428176681
"15261",191,"Ec_N",255,21,21,"Ec",22,1,0,1,0,1,0.92522428176681
"15262",191,"Ec_N",255,22,22,"Ec",22,1,0,1,0,1,0.92522428176681
"15263",191,"Ec_N",255,23,23,"Ec",22,1,0,1,0,1,0.92522428176681
"15264",191,"Ec_N",255,24,24,"Ec",22,1,0,1,0,1,0.92522428176681
"15265",191,"Ec_N",255,25,25,"Ec",22,1,0,1,0,1,0.92522428176681
"15266",191,"Ec_N",255,26,26,"Ec",22,1,0,1,0,1,0.92522428176681
"15267",191,"Ec_N",255,27,27,"Ec",24,1,1,1,0,1,0.969458006928044
"15268",191,"Ec_N",255,28,28,"Ec",24,1,1,1,0,1,0.969458006928044
"15269",191,"Ec_N",255,29,29,"Ec",24,1,1,1,0,1,0.969458006928044
"15270",191,"Ec_N",255,30,30,"Ec",24,1,1,1,0,1,0.969458006928044
"15271",191,"Ec_N",255,31,31,"Ec",24,1,1,1,0,1,0.969458006928044
"15272",191,"Ec_N",255,32,32,"Ec",24,1,1,1,0,1,0.969458006928044
"15273",191,"Ec_N",255,33,33,"Ec",24,1,1,1,0,1,0.969458006928044
"15274",191,"Ec_N",255,34,34,"Ec",24,1,1,1,0,1,0.969458006928044
"15275",191,"Ec_N",255,35,35,"Ec",24,1,1,1,0,1,0.969458006928044
"15276",191,"Ec_N",255,36,36,"Ec",24,1,1,1,0,1,0.969458006928044
"15277",191,"Ec_N",255,37,37,"Ec",24,1,1,1,0,1,0.969458006928044
"15278",191,"Ec_N",255,38,38,"Ec",24,1,1,1,0,1,0.969458006928044
"15279",191,"Ec_N",255,39,39,"Ec",24,1,1,1,0,1,0.969458006928044
"15280",191,"Ec_N",255,40,40,"Ec",24,1,1,1,0,1,0.969458006928044
"15281",191,"Ec_N",255,41,41,"Ec",24,1,1,1,0,1,0.969458006928044
"15282",191,"Ec_N",255,42,42,"Ec",24,1,1,1,0,1,0.969458006928044
"15283",191,"Ec_N",255,43,43,"Ec",24,1,1,1,0,1,0.969458006928044
"15284",191,"Ec_N",255,44,44,"Ec",24,1,1,1,0,1,0.969458006928044
"15285",191,"Ec_N",255,45,45,"Ec",24,1,1,1,0,1,0.969458006928044
"15286",191,"Ec_N",255,46,46,"Ec",24,1,1,1,0,1,0.969458006928044
"15287",191,"Ec_N",255,47,47,"Ec",24,1,1,1,0,1,0.969458006928044
"15288",191,"Ec_N",255,48,48,"Ec",24,1,1,1,0,1,0.969458006928044
"15289",191,"Ec_N",255,49,49,"Ec",24,1,1,1,0,1,0.969458006928044
"15290",191,"Ec_N",255,50,50,"Ec",24,1,1,1,0,1,0.969458006928044
"15291",191,"Ec_N",255,51,51,"Ec",24,1,1,1,0,1,0.969458006928044
"15292",191,"Ec_N",255,52,52,"Ec",24,1,1,1,0,1,0.969458006928044
"15293",191,"Ec_N",255,53,53,"Ec",24,1,1,1,0,1,0.969458006928044
"15294",191,"Ec_N",255,54,54,"Ec",24,1,1,1,0,1,0.969458006928044
"15295",191,"Ec_N",255,55,55,"Ec",24,1,1,1,0,1,0.969458006928044
"15296",191,"Ec_N",255,56,56,"Ec",24,1,1,1,0,1,0.969458006928044
"15297",191,"Ec_N",255,57,57,"Ec",24,1,1,1,0,1,0.969458006928044
"15298",191,"Ec_N",255,58,58,"Ec",24,1,1,1,0,1,0.969458006928044
"15299",191,"Ec_N",255,59,59,"Ec",24,1,1,1,0,1,0.969458006928044
"15300",191,"Ec_N",255,60,60,"Ec",32,1,1,1,1,1,1
"15301",191,"Ec_N",256,1,1,"Ec",1,0,0,0,0,0,0
"15302",191,"Ec_N",256,2,2,"Ec",1,0,0,0,0,0,0
"15303",191,"Ec_N",256,3,3,"Ec",1,0,0,0,0,0,0
"15304",191,"Ec_N",256,4,4,"Ec",17,0,0,0,0,1,0.229834113103391
"15305",191,"Ec_N",256,5,5,"Ec",17,0,0,0,0,1,0.229834113103391
"15306",191,"Ec_N",256,6,6,"Ec",17,0,0,0,0,1,0.229834113103391
"15307",191,"Ec_N",256,7,7,"Ec",17,0,0,0,0,1,0.229834113103391
"15308",191,"Ec_N",256,8,8,"Ec",17,0,0,0,0,1,0.229834113103391
"15309",191,"Ec_N",256,9,9,"Ec",17,0,0,0,0,1,0.229834113103391
"15310",191,"Ec_N",256,10,10,"Ec",17,0,0,0,0,1,0.229834113103391
"15311",191,"Ec_N",256,11,11,"Ec",19,0,1,0,0,1,0.427300415500348
"15312",191,"Ec_N",256,12,12,"Ec",19,0,1,0,0,1,0.427300415500348
"15313",191,"Ec_N",256,13,13,"Ec",19,0,1,0,0,1,0.427300415500348
"15314",191,"Ec_N",256,14,14,"Ec",19,0,1,0,0,1,0.427300415500348
"15315",191,"Ec_N",256,15,15,"Ec",19,0,1,0,0,1,0.427300415500348
"15316",191,"Ec_N",256,16,16,"Ec",19,0,1,0,0,1,0.427300415500348
"15317",191,"Ec_N",256,17,17,"Ec",19,0,1,0,0,1,0.427300415500348
"15318",191,"Ec_N",256,18,18,"Ec",20,1,1,0,0,1,0.610298755308086
"15319",191,"Ec_N",256,19,19,"Ec",20,1,1,0,0,1,0.610298755308086
"15320",191,"Ec_N",256,20,20,"Ec",20,1,1,0,0,1,0.610298755308086
"15321",191,"Ec_N",256,21,21,"Ec",20,1,1,0,0,1,0.610298755308086
"15322",191,"Ec_N",256,22,22,"Ec",20,1,1,0,0,1,0.610298755308086
"15323",191,"Ec_N",256,23,23,"Ec",20,1,1,0,0,1,0.610298755308086
"15324",191,"Ec_N",256,24,24,"Ec",20,1,1,0,0,1,0.610298755308086
"15325",191,"Ec_N",256,25,25,"Ec",28,1,1,0,1,1,0.681047421119041
"15326",191,"Ec_N",256,26,26,"Ec",28,1,1,0,1,1,0.681047421119041
"15327",191,"Ec_N",256,27,27,"Ec",28,1,1,0,1,1,0.681047421119041
"15328",191,"Ec_N",256,28,28,"Ec",28,1,1,0,1,1,0.681047421119041
"15329",191,"Ec_N",256,29,29,"Ec",28,1,1,0,1,1,0.681047421119041
"15330",191,"Ec_N",256,30,30,"Ec",28,1,1,0,1,1,0.681047421119041
"15331",191,"Ec_N",256,31,31,"Ec",28,1,1,0,1,1,0.681047421119041
"15332",191,"Ec_N",256,32,32,"Ec",28,1,1,0,1,1,0.681047421119041
"15333",191,"Ec_N",256,33,33,"Ec",28,1,1,0,1,1,0.681047421119041
"15334",191,"Ec_N",256,34,34,"Ec",28,1,1,0,1,1,0.681047421119041
"15335",191,"Ec_N",256,35,35,"Ec",28,1,1,0,1,1,0.681047421119041
"15336",191,"Ec_N",256,36,36,"Ec",28,1,1,0,1,1,0.681047421119041
"15337",191,"Ec_N",256,37,37,"Ec",28,1,1,0,1,1,0.681047421119041
"15338",191,"Ec_N",256,38,38,"Ec",28,1,1,0,1,1,0.681047421119041
"15339",191,"Ec_N",256,39,39,"Ec",28,1,1,0,1,1,0.681047421119041
"15340",191,"Ec_N",256,40,40,"Ec",28,1,1,0,1,1,0.681047421119041
"15341",191,"Ec_N",256,41,41,"Ec",28,1,1,0,1,1,0.681047421119041
"15342",191,"Ec_N",256,42,42,"Ec",28,1,1,0,1,1,0.681047421119041
"15343",191,"Ec_N",256,43,43,"Ec",32,1,1,1,1,1,1
"15344",191,"Ec_N",256,44,44,"Ec",32,1,1,1,1,1,1
"15345",191,"Ec_N",256,45,45,"Ec",32,1,1,1,1,1,1
"15346",191,"Ec_N",256,46,46,"Ec",32,1,1,1,1,1,1
"15347",191,"Ec_N",256,47,47,"Ec",32,1,1,1,1,1,1
"15348",191,"Ec_N",256,48,48,"Ec",32,1,1,1,1,1,1
"15349",191,"Ec_N",256,49,49,"Ec",32,1,1,1,1,1,1
"15350",191,"Ec_N",256,50,50,"Ec",32,1,1,1,1,1,1
"15351",191,"Ec_N",256,51,51,"Ec",32,1,1,1,1,1,1
"15352",191,"Ec_N",256,52,52,"Ec",32,1,1,1,1,1,1
"15353",191,"Ec_N",256,53,53,"Ec",32,1,1,1,1,1,1
"15354",191,"Ec_N",256,54,54,"Ec",32,1,1,1,1,1,1
"15355",191,"Ec_N",256,55,55,"Ec",32,1,1,1,1,1,1
"15356",191,"Ec_N",256,56,56,"Ec",32,1,1,1,1,1,1
"15357",191,"Ec_N",256,57,57,"Ec",32,1,1,1,1,1,1
"15358",191,"Ec_N",256,58,58,"Ec",32,1,1,1,1,1,1
"15359",191,"Ec_N",256,59,59,"Ec",32,1,1,1,1,1,1
"15360",191,"Ec_N",256,60,60,"Ec",32,1,1,1,1,1,1
"15361",191,"Ec_N",257,1,1,"Ec",1,0,0,0,0,0,0
"15362",191,"Ec_N",257,2,2,"Ec",1,0,0,0,0,0,0
"15363",191,"Ec_N",257,3,3,"Ec",3,0,1,0,0,0,0.041311480051295
"15364",191,"Ec_N",257,4,4,"Ec",3,0,1,0,0,0,0.041311480051295
"15365",191,"Ec_N",257,5,5,"Ec",3,0,1,0,0,0,0.041311480051295
"15366",191,"Ec_N",257,6,6,"Ec",3,0,1,0,0,0,0.041311480051295
"15367",191,"Ec_N",257,7,7,"Ec",3,0,1,0,0,0,0.041311480051295
"15368",191,"Ec_N",257,8,8,"Ec",3,0,1,0,0,0,0.041311480051295
"15369",191,"Ec_N",257,9,9,"Ec",3,0,1,0,0,0,0.041311480051295
"15370",191,"Ec_N",257,10,10,"Ec",3,0,1,0,0,0,0.041311480051295
"15371",191,"Ec_N",257,11,11,"Ec",3,0,1,0,0,0,0.041311480051295
"15372",191,"Ec_N",257,12,12,"Ec",3,0,1,0,0,0,0.041311480051295
"15373",191,"Ec_N",257,13,13,"Ec",3,0,1,0,0,0,0.041311480051295
"15374",191,"Ec_N",257,14,14,"Ec",3,0,1,0,0,0,0.041311480051295
"15375",191,"Ec_N",257,15,15,"Ec",3,0,1,0,0,0,0.041311480051295
"15376",191,"Ec_N",257,16,16,"Ec",3,0,1,0,0,0,0.041311480051295
"15377",191,"Ec_N",257,17,17,"Ec",3,0,1,0,0,0,0.041311480051295
"15378",191,"Ec_N",257,18,18,"Ec",3,0,1,0,0,0,0.041311480051295
"15379",191,"Ec_N",257,19,19,"Ec",3,0,1,0,0,0,0.041311480051295
"15380",191,"Ec_N",257,20,20,"Ec",3,0,1,0,0,0,0.041311480051295
"15381",191,"Ec_N",257,21,21,"Ec",3,0,1,0,0,0,0.041311480051295
"15382",191,"Ec_N",257,22,22,"Ec",4,1,1,0,0,0,0.239331850597232
"15383",191,"Ec_N",257,23,23,"Ec",4,1,1,0,0,0,0.239331850597232
"15384",191,"Ec_N",257,24,24,"Ec",4,1,1,0,0,0,0.239331850597232
"15385",191,"Ec_N",257,25,25,"Ec",4,1,1,0,0,0,0.239331850597232
"15386",191,"Ec_N",257,26,26,"Ec",4,1,1,0,0,0,0.239331850597232
"15387",191,"Ec_N",257,27,27,"Ec",20,1,1,0,0,1,0.610298755308086
"15388",191,"Ec_N",257,28,28,"Ec",20,1,1,0,0,1,0.610298755308086
"15389",191,"Ec_N",257,29,29,"Ec",28,1,1,0,1,1,0.681047421119041
"15390",191,"Ec_N",257,30,30,"Ec",28,1,1,0,1,1,0.681047421119041
"15391",191,"Ec_N",257,31,31,"Ec",28,1,1,0,1,1,0.681047421119041
"15392",191,"Ec_N",257,32,32,"Ec",28,1,1,0,1,1,0.681047421119041
"15393",191,"Ec_N",257,33,33,"Ec",28,1,1,0,1,1,0.681047421119041
"15394",191,"Ec_N",257,34,34,"Ec",28,1,1,0,1,1,0.681047421119041
"15395",191,"Ec_N",257,35,35,"Ec",28,1,1,0,1,1,0.681047421119041
"15396",191,"Ec_N",257,36,36,"Ec",28,1,1,0,1,1,0.681047421119041
"15397",191,"Ec_N",257,37,37,"Ec",28,1,1,0,1,1,0.681047421119041
"15398",191,"Ec_N",257,38,38,"Ec",28,1,1,0,1,1,0.681047421119041
"15399",191,"Ec_N",257,39,39,"Ec",28,1,1,0,1,1,0.681047421119041
"15400",191,"Ec_N",257,40,40,"Ec",28,1,1,0,1,1,0.681047421119041
"15401",191,"Ec_N",257,41,41,"Ec",28,1,1,0,1,1,0.681047421119041
"15402",191,"Ec_N",257,42,42,"Ec",28,1,1,0,1,1,0.681047421119041
"15403",191,"Ec_N",257,43,43,"Ec",28,1,1,0,1,1,0.681047421119041
"15404",191,"Ec_N",257,44,44,"Ec",28,1,1,0,1,1,0.681047421119041
"15405",191,"Ec_N",257,45,45,"Ec",28,1,1,0,1,1,0.681047421119041
"15406",191,"Ec_N",257,46,46,"Ec",28,1,1,0,1,1,0.681047421119041
"15407",191,"Ec_N",257,47,47,"Ec",28,1,1,0,1,1,0.681047421119041
"15408",191,"Ec_N",257,48,48,"Ec",28,1,1,0,1,1,0.681047421119041
"15409",191,"Ec_N",257,49,49,"Ec",28,1,1,0,1,1,0.681047421119041
"15410",191,"Ec_N",257,50,50,"Ec",28,1,1,0,1,1,0.681047421119041
"15411",191,"Ec_N",257,51,51,"Ec",28,1,1,0,1,1,0.681047421119041
"15412",191,"Ec_N",257,52,52,"Ec",28,1,1,0,1,1,0.681047421119041
"15413",191,"Ec_N",257,53,53,"Ec",28,1,1,0,1,1,0.681047421119041
"15414",191,"Ec_N",257,54,54,"Ec",28,1,1,0,1,1,0.681047421119041
"15415",191,"Ec_N",257,55,55,"Ec",28,1,1,0,1,1,0.681047421119041
"15416",191,"Ec_N",257,56,56,"Ec",28,1,1,0,1,1,0.681047421119041
"15417",191,"Ec_N",257,57,57,"Ec",28,1,1,0,1,1,0.681047421119041
"15418",191,"Ec_N",257,58,58,"Ec",28,1,1,0,1,1,0.681047421119041
"15419",191,"Ec_N",257,59,59,"Ec",28,1,1,0,1,1,0.681047421119041
"15420",191,"Ec_N",257,60,60,"Ec",28,1,1,0,1,1,0.681047421119041
"15421",191,"Ec_N",258,1,1,"Ec",1,0,0,0,0,0,0
"15422",191,"Ec_N",258,2,2,"Ec",5,0,0,1,0,0,0.49313446766664
"15423",191,"Ec_N",258,3,3,"Ec",5,0,0,1,0,0,0.49313446766664
"15424",191,"Ec_N",258,4,4,"Ec",5,0,0,1,0,0,0.49313446766664
"15425",191,"Ec_N",258,5,5,"Ec",5,0,0,1,0,0,0.49313446766664
"15426",191,"Ec_N",258,6,6,"Ec",5,0,0,1,0,0,0.49313446766664
"15427",191,"Ec_N",258,7,7,"Ec",5,0,0,1,0,0,0.49313446766664
"15428",191,"Ec_N",258,8,8,"Ec",5,0,0,1,0,0,0.49313446766664
"15429",191,"Ec_N",258,9,9,"Ec",6,1,0,1,0,0,0.542157591427696
"15430",191,"Ec_N",258,10,10,"Ec",6,1,0,1,0,0,0.542157591427696
"15431",191,"Ec_N",258,11,11,"Ec",6,1,0,1,0,0,0.542157591427696
"15432",191,"Ec_N",258,12,12,"Ec",6,1,0,1,0,0,0.542157591427696
"15433",191,"Ec_N",258,13,13,"Ec",6,1,0,1,0,0,0.542157591427696
"15434",191,"Ec_N",258,14,14,"Ec",22,1,0,1,0,1,0.92522428176681
"15435",191,"Ec_N",258,15,15,"Ec",22,1,0,1,0,1,0.92522428176681
"15436",191,"Ec_N",258,16,16,"Ec",22,1,0,1,0,1,0.92522428176681
"15437",191,"Ec_N",258,17,17,"Ec",22,1,0,1,0,1,0.92522428176681
"15438",191,"Ec_N",258,18,18,"Ec",22,1,0,1,0,1,0.92522428176681
"15439",191,"Ec_N",258,19,19,"Ec",22,1,0,1,0,1,0.92522428176681
"15440",191,"Ec_N",258,20,20,"Ec",22,1,0,1,0,1,0.92522428176681
"15441",191,"Ec_N",258,21,21,"Ec",22,1,0,1,0,1,0.92522428176681
"15442",191,"Ec_N",258,22,22,"Ec",22,1,0,1,0,1,0.92522428176681
"15443",191,"Ec_N",258,23,23,"Ec",22,1,0,1,0,1,0.92522428176681
"15444",191,"Ec_N",258,24,24,"Ec",22,1,0,1,0,1,0.92522428176681
"15445",191,"Ec_N",258,25,25,"Ec",30,1,0,1,1,1,0.958688519948705
"15446",191,"Ec_N",258,26,26,"Ec",30,1,0,1,1,1,0.958688519948705
"15447",191,"Ec_N",258,27,27,"Ec",30,1,0,1,1,1,0.958688519948705
"15448",191,"Ec_N",258,28,28,"Ec",30,1,0,1,1,1,0.958688519948705
"15449",191,"Ec_N",258,29,29,"Ec",30,1,0,1,1,1,0.958688519948705
"15450",191,"Ec_N",258,30,30,"Ec",30,1,0,1,1,1,0.958688519948705
"15451",191,"Ec_N",258,31,31,"Ec",30,1,0,1,1,1,0.958688519948705
"15452",191,"Ec_N",258,32,32,"Ec",30,1,0,1,1,1,0.958688519948705
"15453",191,"Ec_N",258,33,33,"Ec",30,1,0,1,1,1,0.958688519948705
"15454",191,"Ec_N",258,34,34,"Ec",30,1,0,1,1,1,0.958688519948705
"15455",191,"Ec_N",258,35,35,"Ec",30,1,0,1,1,1,0.958688519948705
"15456",191,"Ec_N",258,36,36,"Ec",30,1,0,1,1,1,0.958688519948705
"15457",191,"Ec_N",258,37,37,"Ec",32,1,1,1,1,1,1
"15458",191,"Ec_N",258,38,38,"Ec",32,1,1,1,1,1,1
"15459",191,"Ec_N",258,39,39,"Ec",32,1,1,1,1,1,1
"15460",191,"Ec_N",258,40,40,"Ec",32,1,1,1,1,1,1
"15461",191,"Ec_N",258,41,41,"Ec",32,1,1,1,1,1,1
"15462",191,"Ec_N",258,42,42,"Ec",32,1,1,1,1,1,1
"15463",191,"Ec_N",258,43,43,"Ec",32,1,1,1,1,1,1
"15464",191,"Ec_N",258,44,44,"Ec",32,1,1,1,1,1,1
"15465",191,"Ec_N",258,45,45,"Ec",32,1,1,1,1,1,1
"15466",191,"Ec_N",258,46,46,"Ec",32,1,1,1,1,1,1
"15467",191,"Ec_N",258,47,47,"Ec",32,1,1,1,1,1,1
"15468",191,"Ec_N",258,48,48,"Ec",32,1,1,1,1,1,1
"15469",191,"Ec_N",258,49,49,"Ec",32,1,1,1,1,1,1
"15470",191,"Ec_N",258,50,50,"Ec",32,1,1,1,1,1,1
"15471",191,"Ec_N",258,51,51,"Ec",32,1,1,1,1,1,1
"15472",191,"Ec_N",258,52,52,"Ec",32,1,1,1,1,1,1
"15473",191,"Ec_N",258,53,53,"Ec",32,1,1,1,1,1,1
"15474",191,"Ec_N",258,54,54,"Ec",32,1,1,1,1,1,1
"15475",191,"Ec_N",258,55,55,"Ec",32,1,1,1,1,1,1
"15476",191,"Ec_N",258,56,56,"Ec",32,1,1,1,1,1,1
"15477",191,"Ec_N",258,57,57,"Ec",32,1,1,1,1,1,1
"15478",191,"Ec_N",258,58,58,"Ec",32,1,1,1,1,1,1
"15479",191,"Ec_N",258,59,59,"Ec",32,1,1,1,1,1,1
"15480",191,"Ec_N",258,60,60,"Ec",32,1,1,1,1,1,1
"15481",191,"Ec_N",259,1,1,"Ec",1,0,0,0,0,0,0
"15482",191,"Ec_N",259,2,2,"Ec",1,0,0,0,0,0,0
"15483",191,"Ec_N",259,3,3,"Ec",1,0,0,0,0,0,0
"15484",191,"Ec_N",259,4,4,"Ec",1,0,0,0,0,0,0
"15485",191,"Ec_N",259,5,5,"Ec",2,1,0,0,0,0,0.198020370545937
"15486",191,"Ec_N",259,6,6,"Ec",6,1,0,1,0,0,0.542157591427696
"15487",191,"Ec_N",259,7,7,"Ec",22,1,0,1,0,1,0.92522428176681
"15488",191,"Ec_N",259,8,8,"Ec",22,1,0,1,0,1,0.92522428176681
"15489",191,"Ec_N",259,9,9,"Ec",22,1,0,1,0,1,0.92522428176681
"15490",191,"Ec_N",259,10,10,"Ec",22,1,0,1,0,1,0.92522428176681
"15491",191,"Ec_N",259,11,11,"Ec",22,1,0,1,0,1,0.92522428176681
"15492",191,"Ec_N",259,12,12,"Ec",22,1,0,1,0,1,0.92522428176681
"15493",191,"Ec_N",259,13,13,"Ec",22,1,0,1,0,1,0.92522428176681
"15494",191,"Ec_N",259,14,14,"Ec",24,1,1,1,0,1,0.969458006928044
"15495",191,"Ec_N",259,15,15,"Ec",24,1,1,1,0,1,0.969458006928044
"15496",191,"Ec_N",259,16,16,"Ec",24,1,1,1,0,1,0.969458006928044
"15497",191,"Ec_N",259,17,17,"Ec",24,1,1,1,0,1,0.969458006928044
"15498",191,"Ec_N",259,18,18,"Ec",24,1,1,1,0,1,0.969458006928044
"15499",191,"Ec_N",259,19,19,"Ec",24,1,1,1,0,1,0.969458006928044
"15500",191,"Ec_N",259,20,20,"Ec",24,1,1,1,0,1,0.969458006928044
"15501",191,"Ec_N",259,21,21,"Ec",24,1,1,1,0,1,0.969458006928044
"15502",191,"Ec_N",259,22,22,"Ec",24,1,1,1,0,1,0.969458006928044
"15503",191,"Ec_N",259,23,23,"Ec",24,1,1,1,0,1,0.969458006928044
"15504",191,"Ec_N",259,24,24,"Ec",24,1,1,1,0,1,0.969458006928044
"15505",191,"Ec_N",259,25,25,"Ec",24,1,1,1,0,1,0.969458006928044
"15506",191,"Ec_N",259,26,26,"Ec",24,1,1,1,0,1,0.969458006928044
"15507",191,"Ec_N",259,27,27,"Ec",24,1,1,1,0,1,0.969458006928044
"15508",191,"Ec_N",259,28,28,"Ec",24,1,1,1,0,1,0.969458006928044
"15509",191,"Ec_N",259,29,29,"Ec",24,1,1,1,0,1,0.969458006928044
"15510",191,"Ec_N",259,30,30,"Ec",24,1,1,1,0,1,0.969458006928044
"15511",191,"Ec_N",259,31,31,"Ec",24,1,1,1,0,1,0.969458006928044
"15512",191,"Ec_N",259,32,32,"Ec",24,1,1,1,0,1,0.969458006928044
"15513",191,"Ec_N",259,33,33,"Ec",24,1,1,1,0,1,0.969458006928044
"15514",191,"Ec_N",259,34,34,"Ec",24,1,1,1,0,1,0.969458006928044
"15515",191,"Ec_N",259,35,35,"Ec",24,1,1,1,0,1,0.969458006928044
"15516",191,"Ec_N",259,36,36,"Ec",24,1,1,1,0,1,0.969458006928044
"15517",191,"Ec_N",259,37,37,"Ec",24,1,1,1,0,1,0.969458006928044
"15518",191,"Ec_N",259,38,38,"Ec",24,1,1,1,0,1,0.969458006928044
"15519",191,"Ec_N",259,39,39,"Ec",24,1,1,1,0,1,0.969458006928044
"15520",191,"Ec_N",259,40,40,"Ec",24,1,1,1,0,1,0.969458006928044
"15521",191,"Ec_N",259,41,41,"Ec",24,1,1,1,0,1,0.969458006928044
"15522",191,"Ec_N",259,42,42,"Ec",24,1,1,1,0,1,0.969458006928044
"15523",191,"Ec_N",259,43,43,"Ec",24,1,1,1,0,1,0.969458006928044
"15524",191,"Ec_N",259,44,44,"Ec",24,1,1,1,0,1,0.969458006928044
"15525",191,"Ec_N",259,45,45,"Ec",32,1,1,1,1,1,1
"15526",191,"Ec_N",259,46,46,"Ec",32,1,1,1,1,1,1
"15527",191,"Ec_N",259,47,47,"Ec",32,1,1,1,1,1,1
"15528",191,"Ec_N",259,48,48,"Ec",32,1,1,1,1,1,1
"15529",191,"Ec_N",259,49,49,"Ec",32,1,1,1,1,1,1
"15530",191,"Ec_N",259,50,50,"Ec",32,1,1,1,1,1,1
"15531",191,"Ec_N",259,51,51,"Ec",32,1,1,1,1,1,1
"15532",191,"Ec_N",259,52,52,"Ec",32,1,1,1,1,1,1
"15533",191,"Ec_N",259,53,53,"Ec",32,1,1,1,1,1,1
"15534",191,"Ec_N",259,54,54,"Ec",32,1,1,1,1,1,1
"15535",191,"Ec_N",259,55,55,"Ec",32,1,1,1,1,1,1
"15536",191,"Ec_N",259,56,56,"Ec",32,1,1,1,1,1,1
"15537",191,"Ec_N",259,57,57,"Ec",32,1,1,1,1,1,1
"15538",191,"Ec_N",259,58,58,"Ec",32,1,1,1,1,1,1
"15539",191,"Ec_N",259,59,59,"Ec",32,1,1,1,1,1,1
"15540",191,"Ec_N",259,60,60,"Ec",32,1,1,1,1,1,1
"15541",191,"Ec_N",260,1,1,"Ec",1,0,0,0,0,0,0
"15542",191,"Ec_N",260,2,2,"Ec",1,0,0,0,0,0,0
"15543",191,"Ec_N",260,3,3,"Ec",1,0,0,0,0,0,0
"15544",191,"Ec_N",260,4,4,"Ec",1,0,0,0,0,0,0
"15545",191,"Ec_N",260,5,5,"Ec",9,0,0,0,1,0,0.0305419930719563
"15546",191,"Ec_N",260,6,6,"Ec",9,0,0,0,1,0,0.0305419930719563
"15547",191,"Ec_N",260,7,7,"Ec",9,0,0,0,1,0,0.0305419930719563
"15548",191,"Ec_N",260,8,8,"Ec",9,0,0,0,1,0,0.0305419930719563
"15549",191,"Ec_N",260,9,9,"Ec",9,0,0,0,1,0,0.0305419930719563
"15550",191,"Ec_N",260,10,10,"Ec",9,0,0,0,1,0,0.0305419930719563
"15551",191,"Ec_N",260,11,11,"Ec",9,0,0,0,1,0,0.0305419930719563
"15552",191,"Ec_N",260,12,12,"Ec",9,0,0,0,1,0,0.0305419930719563
"15553",191,"Ec_N",260,13,13,"Ec",9,0,0,0,1,0,0.0305419930719563
"15554",191,"Ec_N",260,14,14,"Ec",9,0,0,0,1,0,0.0305419930719563
"15555",191,"Ec_N",260,15,15,"Ec",9,0,0,0,1,0,0.0305419930719563
"15556",191,"Ec_N",260,16,16,"Ec",9,0,0,0,1,0,0.0305419930719563
"15557",191,"Ec_N",260,17,17,"Ec",9,0,0,0,1,0,0.0305419930719563
"15558",191,"Ec_N",260,18,18,"Ec",9,0,0,0,1,0,0.0305419930719563
"15559",191,"Ec_N",260,19,19,"Ec",9,0,0,0,1,0,0.0305419930719563
"15560",191,"Ec_N",260,20,20,"Ec",9,0,0,0,1,0,0.0305419930719563
"15561",191,"Ec_N",260,21,21,"Ec",10,1,0,0,1,0,0.228562363617893
"15562",191,"Ec_N",260,22,22,"Ec",10,1,0,0,1,0,0.228562363617893
"15563",191,"Ec_N",260,23,23,"Ec",10,1,0,0,1,0,0.228562363617893
"15564",191,"Ec_N",260,24,24,"Ec",10,1,0,0,1,0,0.228562363617893
"15565",191,"Ec_N",260,25,25,"Ec",10,1,0,0,1,0,0.228562363617893
"15566",191,"Ec_N",260,26,26,"Ec",26,1,0,0,1,1,0.514384015075299
"15567",191,"Ec_N",260,27,27,"Ec",26,1,0,0,1,1,0.514384015075299
"15568",191,"Ec_N",260,28,28,"Ec",26,1,0,0,1,1,0.514384015075299
"15569",191,"Ec_N",260,29,29,"Ec",26,1,0,0,1,1,0.514384015075299
"15570",191,"Ec_N",260,30,30,"Ec",26,1,0,0,1,1,0.514384015075299
"15571",191,"Ec_N",260,31,31,"Ec",26,1,0,0,1,1,0.514384015075299
"15572",191,"Ec_N",260,32,32,"Ec",26,1,0,0,1,1,0.514384015075299
"15573",191,"Ec_N",260,33,33,"Ec",26,1,0,0,1,1,0.514384015075299
"15574",191,"Ec_N",260,34,34,"Ec",26,1,0,0,1,1,0.514384015075299
"15575",191,"Ec_N",260,35,35,"Ec",26,1,0,0,1,1,0.514384015075299
"15576",191,"Ec_N",260,36,36,"Ec",26,1,0,0,1,1,0.514384015075299
"15577",191,"Ec_N",260,37,37,"Ec",26,1,0,0,1,1,0.514384015075299
"15578",191,"Ec_N",260,38,38,"Ec",30,1,0,1,1,1,0.958688519948705
"15579",191,"Ec_N",260,39,39,"Ec",30,1,0,1,1,1,0.958688519948705
"15580",191,"Ec_N",260,40,40,"Ec",30,1,0,1,1,1,0.958688519948705
"15581",191,"Ec_N",260,41,41,"Ec",30,1,0,1,1,1,0.958688519948705
"15582",191,"Ec_N",260,42,42,"Ec",30,1,0,1,1,1,0.958688519948705
"15583",191,"Ec_N",260,43,43,"Ec",30,1,0,1,1,1,0.958688519948705
"15584",191,"Ec_N",260,44,44,"Ec",30,1,0,1,1,1,0.958688519948705
"15585",191,"Ec_N",260,45,45,"Ec",32,1,1,1,1,1,1
"15586",191,"Ec_N",260,46,46,"Ec",32,1,1,1,1,1,1
"15587",191,"Ec_N",260,47,47,"Ec",32,1,1,1,1,1,1
"15588",191,"Ec_N",260,48,48,"Ec",32,1,1,1,1,1,1
"15589",191,"Ec_N",260,49,49,"Ec",32,1,1,1,1,1,1
"15590",191,"Ec_N",260,50,50,"Ec",32,1,1,1,1,1,1
"15591",191,"Ec_N",260,51,51,"Ec",32,1,1,1,1,1,1
"15592",191,"Ec_N",260,52,52,"Ec",32,1,1,1,1,1,1
"15593",191,"Ec_N",260,53,53,"Ec",32,1,1,1,1,1,1
"15594",191,"Ec_N",260,54,54,"Ec",32,1,1,1,1,1,1
"15595",191,"Ec_N",260,55,55,"Ec",32,1,1,1,1,1,1
"15596",191,"Ec_N",260,56,56,"Ec",32,1,1,1,1,1,1
"15597",191,"Ec_N",260,57,57,"Ec",32,1,1,1,1,1,1
"15598",191,"Ec_N",260,58,58,"Ec",32,1,1,1,1,1,1
"15599",191,"Ec_N",260,59,59,"Ec",32,1,1,1,1,1,1
"15600",191,"Ec_N",260,60,60,"Ec",32,1,1,1,1,1,1
"15601",191,"Ec_N",261,1,1,"Ec",1,0,0,0,0,0,0
"15602",191,"Ec_N",261,2,2,"Ec",1,0,0,0,0,0,0
"15603",191,"Ec_N",261,3,3,"Ec",1,0,0,0,0,0,0
"15604",191,"Ec_N",261,4,4,"Ec",1,0,0,0,0,0,0
"15605",191,"Ec_N",261,5,5,"Ec",1,0,0,0,0,0,0
"15606",191,"Ec_N",261,6,6,"Ec",1,0,0,0,0,0,0
"15607",191,"Ec_N",261,7,7,"Ec",1,0,0,0,0,0,0
"15608",191,"Ec_N",261,8,8,"Ec",1,0,0,0,0,0,0
"15609",191,"Ec_N",261,9,9,"Ec",1,0,0,0,0,0,0
"15610",191,"Ec_N",261,10,10,"Ec",1,0,0,0,0,0,0
"15611",191,"Ec_N",261,11,11,"Ec",1,0,0,0,0,0,0
"15612",191,"Ec_N",261,12,12,"Ec",2,1,0,0,0,0,0.198020370545937
"15613",191,"Ec_N",261,13,13,"Ec",18,1,0,0,0,1,0.646504780524047
"15614",191,"Ec_N",261,14,14,"Ec",18,1,0,0,0,1,0.646504780524047
"15615",191,"Ec_N",261,15,15,"Ec",18,1,0,0,0,1,0.646504780524047
"15616",191,"Ec_N",261,16,16,"Ec",18,1,0,0,0,1,0.646504780524047
"15617",191,"Ec_N",261,17,17,"Ec",18,1,0,0,0,1,0.646504780524047
"15618",191,"Ec_N",261,18,18,"Ec",18,1,0,0,0,1,0.646504780524047
"15619",191,"Ec_N",261,19,19,"Ec",18,1,0,0,0,1,0.646504780524047
"15620",191,"Ec_N",261,20,20,"Ec",18,1,0,0,0,1,0.646504780524047
"15621",191,"Ec_N",261,21,21,"Ec",18,1,0,0,0,1,0.646504780524047
"15622",191,"Ec_N",261,22,22,"Ec",18,1,0,0,0,1,0.646504780524047
"15623",191,"Ec_N",261,23,23,"Ec",18,1,0,0,0,1,0.646504780524047
"15624",191,"Ec_N",261,24,24,"Ec",18,1,0,0,0,1,0.646504780524047
"15625",191,"Ec_N",261,25,25,"Ec",18,1,0,0,0,1,0.646504780524047
"15626",191,"Ec_N",261,26,26,"Ec",18,1,0,0,0,1,0.646504780524047
"15627",191,"Ec_N",261,27,27,"Ec",18,1,0,0,0,1,0.646504780524047
"15628",191,"Ec_N",261,28,28,"Ec",18,1,0,0,0,1,0.646504780524047
"15629",191,"Ec_N",261,29,29,"Ec",18,1,0,0,0,1,0.646504780524047
"15630",191,"Ec_N",261,30,30,"Ec",18,1,0,0,0,1,0.646504780524047
"15631",191,"Ec_N",261,31,31,"Ec",18,1,0,0,0,1,0.646504780524047
"15632",191,"Ec_N",261,32,32,"Ec",18,1,0,0,0,1,0.646504780524047
"15633",191,"Ec_N",261,33,33,"Ec",18,1,0,0,0,1,0.646504780524047
"15634",191,"Ec_N",261,34,34,"Ec",18,1,0,0,0,1,0.646504780524047
"15635",191,"Ec_N",261,35,35,"Ec",22,1,0,1,0,1,0.92522428176681
"15636",191,"Ec_N",261,36,36,"Ec",22,1,0,1,0,1,0.92522428176681
"15637",191,"Ec_N",261,37,37,"Ec",22,1,0,1,0,1,0.92522428176681
"15638",191,"Ec_N",261,38,38,"Ec",24,1,1,1,0,1,0.969458006928044
"15639",191,"Ec_N",261,39,39,"Ec",24,1,1,1,0,1,0.969458006928044
"15640",191,"Ec_N",261,40,40,"Ec",24,1,1,1,0,1,0.969458006928044
"15641",191,"Ec_N",261,41,41,"Ec",24,1,1,1,0,1,0.969458006928044
"15642",191,"Ec_N",261,42,42,"Ec",24,1,1,1,0,1,0.969458006928044
"15643",191,"Ec_N",261,43,43,"Ec",24,1,1,1,0,1,0.969458006928044
"15644",191,"Ec_N",261,44,44,"Ec",24,1,1,1,0,1,0.969458006928044
"15645",191,"Ec_N",261,45,45,"Ec",24,1,1,1,0,1,0.969458006928044
"15646",191,"Ec_N",261,46,46,"Ec",24,1,1,1,0,1,0.969458006928044
"15647",191,"Ec_N",261,47,47,"Ec",24,1,1,1,0,1,0.969458006928044
"15648",191,"Ec_N",261,48,48,"Ec",32,1,1,1,1,1,1
"15649",191,"Ec_N",261,49,49,"Ec",32,1,1,1,1,1,1
"15650",191,"Ec_N",261,50,50,"Ec",32,1,1,1,1,1,1
"15651",191,"Ec_N",261,51,51,"Ec",32,1,1,1,1,1,1
"15652",191,"Ec_N",261,52,52,"Ec",32,1,1,1,1,1,1
"15653",191,"Ec_N",261,53,53,"Ec",32,1,1,1,1,1,1
"15654",191,"Ec_N",261,54,54,"Ec",32,1,1,1,1,1,1
"15655",191,"Ec_N",261,55,55,"Ec",32,1,1,1,1,1,1
"15656",191,"Ec_N",261,56,56,"Ec",32,1,1,1,1,1,1
"15657",191,"Ec_N",261,57,57,"Ec",32,1,1,1,1,1,1
"15658",191,"Ec_N",261,58,58,"Ec",32,1,1,1,1,1,1
"15659",191,"Ec_N",261,59,59,"Ec",32,1,1,1,1,1,1
"15660",191,"Ec_N",261,60,60,"Ec",32,1,1,1,1,1,1
"15661",191,"Ec_N",262,1,1,"Ec",1,0,0,0,0,0,0
"15662",191,"Ec_N",262,2,2,"Ec",1,0,0,0,0,0,0
"15663",191,"Ec_N",262,3,3,"Ec",1,0,0,0,0,0,0
"15664",191,"Ec_N",262,4,4,"Ec",17,0,0,0,0,1,0.229834113103391
"15665",191,"Ec_N",262,5,5,"Ec",17,0,0,0,0,1,0.229834113103391
"15666",191,"Ec_N",262,6,6,"Ec",17,0,0,0,0,1,0.229834113103391
"15667",191,"Ec_N",262,7,7,"Ec",17,0,0,0,0,1,0.229834113103391
"15668",191,"Ec_N",262,8,8,"Ec",17,0,0,0,0,1,0.229834113103391
"15669",191,"Ec_N",262,9,9,"Ec",17,0,0,0,0,1,0.229834113103391
"15670",191,"Ec_N",262,10,10,"Ec",17,0,0,0,0,1,0.229834113103391
"15671",191,"Ec_N",262,11,11,"Ec",17,0,0,0,0,1,0.229834113103391
"15672",191,"Ec_N",262,12,12,"Ec",18,1,0,0,0,1,0.646504780524047
"15673",191,"Ec_N",262,13,13,"Ec",22,1,0,1,0,1,0.92522428176681
"15674",191,"Ec_N",262,14,14,"Ec",22,1,0,1,0,1,0.92522428176681
"15675",191,"Ec_N",262,15,15,"Ec",22,1,0,1,0,1,0.92522428176681
"15676",191,"Ec_N",262,16,16,"Ec",22,1,0,1,0,1,0.92522428176681
"15677",191,"Ec_N",262,17,17,"Ec",22,1,0,1,0,1,0.92522428176681
"15678",191,"Ec_N",262,18,18,"Ec",22,1,0,1,0,1,0.92522428176681
"15679",191,"Ec_N",262,19,19,"Ec",22,1,0,1,0,1,0.92522428176681
"15680",191,"Ec_N",262,20,20,"Ec",22,1,0,1,0,1,0.92522428176681
"15681",191,"Ec_N",262,21,21,"Ec",22,1,0,1,0,1,0.92522428176681
"15682",191,"Ec_N",262,22,22,"Ec",22,1,0,1,0,1,0.92522428176681
"15683",191,"Ec_N",262,23,23,"Ec",22,1,0,1,0,1,0.92522428176681
"15684",191,"Ec_N",262,24,24,"Ec",22,1,0,1,0,1,0.92522428176681
"15685",191,"Ec_N",262,25,25,"Ec",22,1,0,1,0,1,0.92522428176681
"15686",191,"Ec_N",262,26,26,"Ec",22,1,0,1,0,1,0.92522428176681
"15687",191,"Ec_N",262,27,27,"Ec",22,1,0,1,0,1,0.92522428176681
"15688",191,"Ec_N",262,28,28,"Ec",22,1,0,1,0,1,0.92522428176681
"15689",191,"Ec_N",262,29,29,"Ec",24,1,1,1,0,1,0.969458006928044
"15690",191,"Ec_N",262,30,30,"Ec",32,1,1,1,1,1,1
"15691",191,"Ec_N",262,31,31,"Ec",32,1,1,1,1,1,1
"15692",191,"Ec_N",262,32,32,"Ec",32,1,1,1,1,1,1
"15693",191,"Ec_N",262,33,33,"Ec",32,1,1,1,1,1,1
"15694",191,"Ec_N",262,34,34,"Ec",32,1,1,1,1,1,1
"15695",191,"Ec_N",262,35,35,"Ec",32,1,1,1,1,1,1
"15696",191,"Ec_N",262,36,36,"Ec",32,1,1,1,1,1,1
"15697",191,"Ec_N",262,37,37,"Ec",32,1,1,1,1,1,1
"15698",191,"Ec_N",262,38,38,"Ec",32,1,1,1,1,1,1
"15699",191,"Ec_N",262,39,39,"Ec",32,1,1,1,1,1,1
"15700",191,"Ec_N",262,40,40,"Ec",32,1,1,1,1,1,1
"15701",191,"Ec_N",262,41,41,"Ec",32,1,1,1,1,1,1
"15702",191,"Ec_N",262,42,42,"Ec",32,1,1,1,1,1,1
"15703",191,"Ec_N",262,43,43,"Ec",32,1,1,1,1,1,1
"15704",191,"Ec_N",262,44,44,"Ec",32,1,1,1,1,1,1
"15705",191,"Ec_N",262,45,45,"Ec",32,1,1,1,1,1,1
"15706",191,"Ec_N",262,46,46,"Ec",32,1,1,1,1,1,1
"15707",191,"Ec_N",262,47,47,"Ec",32,1,1,1,1,1,1
"15708",191,"Ec_N",262,48,48,"Ec",32,1,1,1,1,1,1
"15709",191,"Ec_N",262,49,49,"Ec",32,1,1,1,1,1,1
"15710",191,"Ec_N",262,50,50,"Ec",32,1,1,1,1,1,1
"15711",191,"Ec_N",262,51,51,"Ec",32,1,1,1,1,1,1
"15712",191,"Ec_N",262,52,52,"Ec",32,1,1,1,1,1,1
"15713",191,"Ec_N",262,53,53,"Ec",32,1,1,1,1,1,1
"15714",191,"Ec_N",262,54,54,"Ec",32,1,1,1,1,1,1
"15715",191,"Ec_N",262,55,55,"Ec",32,1,1,1,1,1,1
"15716",191,"Ec_N",262,56,56,"Ec",32,1,1,1,1,1,1
"15717",191,"Ec_N",262,57,57,"Ec",32,1,1,1,1,1,1
"15718",191,"Ec_N",262,58,58,"Ec",32,1,1,1,1,1,1
"15719",191,"Ec_N",262,59,59,"Ec",32,1,1,1,1,1,1
"15720",191,"Ec_N",262,60,60,"Ec",32,1,1,1,1,1,1
"15721",191,"Ec_N",263,1,1,"Ec",1,0,0,0,0,0,0
"15722",191,"Ec_N",263,2,2,"Ec",1,0,0,0,0,0,0
"15723",191,"Ec_N",263,3,3,"Ec",1,0,0,0,0,0,0
"15724",191,"Ec_N",263,4,4,"Ec",1,0,0,0,0,0,0
"15725",191,"Ec_N",263,5,5,"Ec",1,0,0,0,0,0,0
"15726",191,"Ec_N",263,6,6,"Ec",1,0,0,0,0,0,0
"15727",191,"Ec_N",263,7,7,"Ec",1,0,0,0,0,0,0
"15728",191,"Ec_N",263,8,8,"Ec",1,0,0,0,0,0,0
"15729",191,"Ec_N",263,9,9,"Ec",5,0,0,1,0,0,0.49313446766664
"15730",191,"Ec_N",263,10,10,"Ec",21,0,0,1,0,1,0.726280938342543
"15731",191,"Ec_N",263,11,11,"Ec",21,0,0,1,0,1,0.726280938342543
"15732",191,"Ec_N",263,12,12,"Ec",21,0,0,1,0,1,0.726280938342543
"15733",191,"Ec_N",263,13,13,"Ec",21,0,0,1,0,1,0.726280938342543
"15734",191,"Ec_N",263,14,14,"Ec",21,0,0,1,0,1,0.726280938342543
"15735",191,"Ec_N",263,15,15,"Ec",22,1,0,1,0,1,0.92522428176681
"15736",191,"Ec_N",263,16,16,"Ec",22,1,0,1,0,1,0.92522428176681
"15737",191,"Ec_N",263,17,17,"Ec",22,1,0,1,0,1,0.92522428176681
"15738",191,"Ec_N",263,18,18,"Ec",22,1,0,1,0,1,0.92522428176681
"15739",191,"Ec_N",263,19,19,"Ec",22,1,0,1,0,1,0.92522428176681
"15740",191,"Ec_N",263,20,20,"Ec",22,1,0,1,0,1,0.92522428176681
"15741",191,"Ec_N",263,21,21,"Ec",22,1,0,1,0,1,0.92522428176681
"15742",191,"Ec_N",263,22,22,"Ec",22,1,0,1,0,1,0.92522428176681
"15743",191,"Ec_N",263,23,23,"Ec",22,1,0,1,0,1,0.92522428176681
"15744",191,"Ec_N",263,24,24,"Ec",22,1,0,1,0,1,0.92522428176681
"15745",191,"Ec_N",263,25,25,"Ec",22,1,0,1,0,1,0.92522428176681
"15746",191,"Ec_N",263,26,26,"Ec",22,1,0,1,0,1,0.92522428176681
"15747",191,"Ec_N",263,27,27,"Ec",22,1,0,1,0,1,0.92522428176681
"15748",191,"Ec_N",263,28,28,"Ec",22,1,0,1,0,1,0.92522428176681
"15749",191,"Ec_N",263,29,29,"Ec",22,1,0,1,0,1,0.92522428176681
"15750",191,"Ec_N",263,30,30,"Ec",22,1,0,1,0,1,0.92522428176681
"15751",191,"Ec_N",263,31,31,"Ec",24,1,1,1,0,1,0.969458006928044
"15752",191,"Ec_N",263,32,32,"Ec",24,1,1,1,0,1,0.969458006928044
"15753",191,"Ec_N",263,33,33,"Ec",24,1,1,1,0,1,0.969458006928044
"15754",191,"Ec_N",263,34,34,"Ec",24,1,1,1,0,1,0.969458006928044
"15755",191,"Ec_N",263,35,35,"Ec",24,1,1,1,0,1,0.969458006928044
"15756",191,"Ec_N",263,36,36,"Ec",24,1,1,1,0,1,0.969458006928044
"15757",191,"Ec_N",263,37,37,"Ec",24,1,1,1,0,1,0.969458006928044
"15758",191,"Ec_N",263,38,38,"Ec",24,1,1,1,0,1,0.969458006928044
"15759",191,"Ec_N",263,39,39,"Ec",24,1,1,1,0,1,0.969458006928044
"15760",191,"Ec_N",263,40,40,"Ec",24,1,1,1,0,1,0.969458006928044
"15761",191,"Ec_N",263,41,41,"Ec",24,1,1,1,0,1,0.969458006928044
"15762",191,"Ec_N",263,42,42,"Ec",24,1,1,1,0,1,0.969458006928044
"15763",191,"Ec_N",263,43,43,"Ec",24,1,1,1,0,1,0.969458006928044
"15764",191,"Ec_N",263,44,44,"Ec",24,1,1,1,0,1,0.969458006928044
"15765",191,"Ec_N",263,45,45,"Ec",24,1,1,1,0,1,0.969458006928044
"15766",191,"Ec_N",263,46,46,"Ec",24,1,1,1,0,1,0.969458006928044
"15767",191,"Ec_N",263,47,47,"Ec",24,1,1,1,0,1,0.969458006928044
"15768",191,"Ec_N",263,48,48,"Ec",24,1,1,1,0,1,0.969458006928044
"15769",191,"Ec_N",263,49,49,"Ec",24,1,1,1,0,1,0.969458006928044
"15770",191,"Ec_N",263,50,50,"Ec",24,1,1,1,0,1,0.969458006928044
"15771",191,"Ec_N",263,51,51,"Ec",24,1,1,1,0,1,0.969458006928044
"15772",191,"Ec_N",263,52,52,"Ec",24,1,1,1,0,1,0.969458006928044
"15773",191,"Ec_N",263,53,53,"Ec",32,1,1,1,1,1,1
"15774",191,"Ec_N",263,54,54,"Ec",32,1,1,1,1,1,1
"15775",191,"Ec_N",263,55,55,"Ec",32,1,1,1,1,1,1
"15776",191,"Ec_N",263,56,56,"Ec",32,1,1,1,1,1,1
"15777",191,"Ec_N",263,57,57,"Ec",32,1,1,1,1,1,1
"15778",191,"Ec_N",263,58,58,"Ec",32,1,1,1,1,1,1
"15779",191,"Ec_N",263,59,59,"Ec",32,1,1,1,1,1,1
"15780",191,"Ec_N",263,60,60,"Ec",32,1,1,1,1,1,1
"15781",191,"Ec_N",264,1,1,"Ec",1,0,0,0,0,0,0
"15782",191,"Ec_N",264,2,2,"Ec",1,0,0,0,0,0,0
"15783",191,"Ec_N",264,3,3,"Ec",1,0,0,0,0,0,0
"15784",191,"Ec_N",264,4,4,"Ec",1,0,0,0,0,0,0
"15785",191,"Ec_N",264,5,5,"Ec",1,0,0,0,0,0,0
"15786",191,"Ec_N",264,6,6,"Ec",1,0,0,0,0,0,0
"15787",191,"Ec_N",264,7,7,"Ec",1,0,0,0,0,0,0
"15788",191,"Ec_N",264,8,8,"Ec",1,0,0,0,0,0,0
"15789",191,"Ec_N",264,9,9,"Ec",1,0,0,0,0,0,0
"15790",191,"Ec_N",264,10,10,"Ec",1,0,0,0,0,0,0
"15791",191,"Ec_N",264,11,11,"Ec",17,0,0,0,0,1,0.229834113103391
"15792",191,"Ec_N",264,12,12,"Ec",17,0,0,0,0,1,0.229834113103391
"15793",191,"Ec_N",264,13,13,"Ec",17,0,0,0,0,1,0.229834113103391
"15794",191,"Ec_N",264,14,14,"Ec",17,0,0,0,0,1,0.229834113103391
"15795",191,"Ec_N",264,15,15,"Ec",17,0,0,0,0,1,0.229834113103391
"15796",191,"Ec_N",264,16,16,"Ec",17,0,0,0,0,1,0.229834113103391
"15797",191,"Ec_N",264,17,17,"Ec",17,0,0,0,0,1,0.229834113103391
"15798",191,"Ec_N",264,18,18,"Ec",25,0,0,0,1,1,0.403163568932085
"15799",191,"Ec_N",264,19,19,"Ec",29,0,0,1,1,1,0.760668149402769
"15800",191,"Ec_N",264,20,20,"Ec",29,0,0,1,1,1,0.760668149402769
"15801",191,"Ec_N",264,21,21,"Ec",29,0,0,1,1,1,0.760668149402769
"15802",191,"Ec_N",264,22,22,"Ec",29,0,0,1,1,1,0.760668149402769
"15803",191,"Ec_N",264,23,23,"Ec",29,0,0,1,1,1,0.760668149402769
"15804",191,"Ec_N",264,24,24,"Ec",30,1,0,1,1,1,0.958688519948705
"15805",191,"Ec_N",264,25,25,"Ec",30,1,0,1,1,1,0.958688519948705
"15806",191,"Ec_N",264,26,26,"Ec",30,1,0,1,1,1,0.958688519948705
"15807",191,"Ec_N",264,27,27,"Ec",30,1,0,1,1,1,0.958688519948705
"15808",191,"Ec_N",264,28,28,"Ec",30,1,0,1,1,1,0.958688519948705
"15809",191,"Ec_N",264,29,29,"Ec",30,1,0,1,1,1,0.958688519948705
"15810",191,"Ec_N",264,30,30,"Ec",30,1,0,1,1,1,0.958688519948705
"15811",191,"Ec_N",264,31,31,"Ec",30,1,0,1,1,1,0.958688519948705
"15812",191,"Ec_N",264,32,32,"Ec",30,1,0,1,1,1,0.958688519948705
"15813",191,"Ec_N",264,33,33,"Ec",30,1,0,1,1,1,0.958688519948705
"15814",191,"Ec_N",264,34,34,"Ec",32,1,1,1,1,1,1
"15815",191,"Ec_N",264,35,35,"Ec",32,1,1,1,1,1,1
"15816",191,"Ec_N",264,36,36,"Ec",32,1,1,1,1,1,1
"15817",191,"Ec_N",264,37,37,"Ec",32,1,1,1,1,1,1
"15818",191,"Ec_N",264,38,38,"Ec",32,1,1,1,1,1,1
"15819",191,"Ec_N",264,39,39,"Ec",32,1,1,1,1,1,1
"15820",191,"Ec_N",264,40,40,"Ec",32,1,1,1,1,1,1
"15821",191,"Ec_N",264,41,41,"Ec",32,1,1,1,1,1,1
"15822",191,"Ec_N",264,42,42,"Ec",32,1,1,1,1,1,1
"15823",191,"Ec_N",264,43,43,"Ec",32,1,1,1,1,1,1
"15824",191,"Ec_N",264,44,44,"Ec",32,1,1,1,1,1,1
"15825",191,"Ec_N",264,45,45,"Ec",32,1,1,1,1,1,1
"15826",191,"Ec_N",264,46,46,"Ec",32,1,1,1,1,1,1
"15827",191,"Ec_N",264,47,47,"Ec",32,1,1,1,1,1,1
"15828",191,"Ec_N",264,48,48,"Ec",32,1,1,1,1,1,1
"15829",191,"Ec_N",264,49,49,"Ec",32,1,1,1,1,1,1
"15830",191,"Ec_N",264,50,50,"Ec",32,1,1,1,1,1,1
"15831",191,"Ec_N",264,51,51,"Ec",32,1,1,1,1,1,1
"15832",191,"Ec_N",264,52,52,"Ec",32,1,1,1,1,1,1
"15833",191,"Ec_N",264,53,53,"Ec",32,1,1,1,1,1,1
"15834",191,"Ec_N",264,54,54,"Ec",32,1,1,1,1,1,1
"15835",191,"Ec_N",264,55,55,"Ec",32,1,1,1,1,1,1
"15836",191,"Ec_N",264,56,56,"Ec",32,1,1,1,1,1,1
"15837",191,"Ec_N",264,57,57,"Ec",32,1,1,1,1,1,1
"15838",191,"Ec_N",264,58,58,"Ec",32,1,1,1,1,1,1
"15839",191,"Ec_N",264,59,59,"Ec",32,1,1,1,1,1,1
"15840",191,"Ec_N",264,60,60,"Ec",32,1,1,1,1,1,1
"15841",191,"Ec_N",265,1,1,"Ec",1,0,0,0,0,0,0
"15842",191,"Ec_N",265,2,2,"Ec",17,0,0,0,0,1,0.229834113103391
"15843",191,"Ec_N",265,3,3,"Ec",17,0,0,0,0,1,0.229834113103391
"15844",191,"Ec_N",265,4,4,"Ec",17,0,0,0,0,1,0.229834113103391
"15845",191,"Ec_N",265,5,5,"Ec",17,0,0,0,0,1,0.229834113103391
"15846",191,"Ec_N",265,6,6,"Ec",17,0,0,0,0,1,0.229834113103391
"15847",191,"Ec_N",265,7,7,"Ec",17,0,0,0,0,1,0.229834113103391
"15848",191,"Ec_N",265,8,8,"Ec",17,0,0,0,0,1,0.229834113103391
"15849",191,"Ec_N",265,9,9,"Ec",17,0,0,0,0,1,0.229834113103391
"15850",191,"Ec_N",265,10,10,"Ec",17,0,0,0,0,1,0.229834113103391
"15851",191,"Ec_N",265,11,11,"Ec",17,0,0,0,0,1,0.229834113103391
"15852",191,"Ec_N",265,12,12,"Ec",17,0,0,0,0,1,0.229834113103391
"15853",191,"Ec_N",265,13,13,"Ec",21,0,0,1,0,1,0.726280938342543
"15854",191,"Ec_N",265,14,14,"Ec",21,0,0,1,0,1,0.726280938342543
"15855",191,"Ec_N",265,15,15,"Ec",21,0,0,1,0,1,0.726280938342543
"15856",191,"Ec_N",265,16,16,"Ec",21,0,0,1,0,1,0.726280938342543
"15857",191,"Ec_N",265,17,17,"Ec",21,0,0,1,0,1,0.726280938342543
"15858",191,"Ec_N",265,18,18,"Ec",21,0,0,1,0,1,0.726280938342543
"15859",191,"Ec_N",265,19,19,"Ec",21,0,0,1,0,1,0.726280938342543
"15860",191,"Ec_N",265,20,20,"Ec",21,0,0,1,0,1,0.726280938342543
"15861",191,"Ec_N",265,21,21,"Ec",21,0,0,1,0,1,0.726280938342543
"15862",191,"Ec_N",265,22,22,"Ec",21,0,0,1,0,1,0.726280938342543
"15863",191,"Ec_N",265,23,23,"Ec",22,1,0,1,0,1,0.92522428176681
"15864",191,"Ec_N",265,24,24,"Ec",22,1,0,1,0,1,0.92522428176681
"15865",191,"Ec_N",265,25,25,"Ec",22,1,0,1,0,1,0.92522428176681
"15866",191,"Ec_N",265,26,26,"Ec",22,1,0,1,0,1,0.92522428176681
"15867",191,"Ec_N",265,27,27,"Ec",22,1,0,1,0,1,0.92522428176681
"15868",191,"Ec_N",265,28,28,"Ec",22,1,0,1,0,1,0.92522428176681
"15869",191,"Ec_N",265,29,29,"Ec",22,1,0,1,0,1,0.92522428176681
"15870",191,"Ec_N",265,30,30,"Ec",22,1,0,1,0,1,0.92522428176681
"15871",191,"Ec_N",265,31,31,"Ec",22,1,0,1,0,1,0.92522428176681
"15872",191,"Ec_N",265,32,32,"Ec",22,1,0,1,0,1,0.92522428176681
"15873",191,"Ec_N",265,33,33,"Ec",22,1,0,1,0,1,0.92522428176681
"15874",191,"Ec_N",265,34,34,"Ec",22,1,0,1,0,1,0.92522428176681
"15875",191,"Ec_N",265,35,35,"Ec",22,1,0,1,0,1,0.92522428176681
"15876",191,"Ec_N",265,36,36,"Ec",22,1,0,1,0,1,0.92522428176681
"15877",191,"Ec_N",265,37,37,"Ec",22,1,0,1,0,1,0.92522428176681
"15878",191,"Ec_N",265,38,38,"Ec",22,1,0,1,0,1,0.92522428176681
"15879",191,"Ec_N",265,39,39,"Ec",22,1,0,1,0,1,0.92522428176681
"15880",191,"Ec_N",265,40,40,"Ec",22,1,0,1,0,1,0.92522428176681
"15881",191,"Ec_N",265,41,41,"Ec",22,1,0,1,0,1,0.92522428176681
"15882",191,"Ec_N",265,42,42,"Ec",22,1,0,1,0,1,0.92522428176681
"15883",191,"Ec_N",265,43,43,"Ec",22,1,0,1,0,1,0.92522428176681
"15884",191,"Ec_N",265,44,44,"Ec",22,1,0,1,0,1,0.92522428176681
"15885",191,"Ec_N",265,45,45,"Ec",22,1,0,1,0,1,0.92522428176681
"15886",191,"Ec_N",265,46,46,"Ec",22,1,0,1,0,1,0.92522428176681
"15887",191,"Ec_N",265,47,47,"Ec",22,1,0,1,0,1,0.92522428176681
"15888",191,"Ec_N",265,48,48,"Ec",24,1,1,1,0,1,0.969458006928044
"15889",191,"Ec_N",265,49,49,"Ec",24,1,1,1,0,1,0.969458006928044
"15890",191,"Ec_N",265,50,50,"Ec",24,1,1,1,0,1,0.969458006928044
"15891",191,"Ec_N",265,51,51,"Ec",24,1,1,1,0,1,0.969458006928044
"15892",191,"Ec_N",265,52,52,"Ec",24,1,1,1,0,1,0.969458006928044
"15893",191,"Ec_N",265,53,53,"Ec",24,1,1,1,0,1,0.969458006928044
"15894",191,"Ec_N",265,54,54,"Ec",24,1,1,1,0,1,0.969458006928044
"15895",191,"Ec_N",265,55,55,"Ec",24,1,1,1,0,1,0.969458006928044
"15896",191,"Ec_N",265,56,56,"Ec",24,1,1,1,0,1,0.969458006928044
"15897",191,"Ec_N",265,57,57,"Ec",24,1,1,1,0,1,0.969458006928044
"15898",191,"Ec_N",265,58,58,"Ec",24,1,1,1,0,1,0.969458006928044
"15899",191,"Ec_N",265,59,59,"Ec",24,1,1,1,0,1,0.969458006928044
"15900",191,"Ec_N",265,60,60,"Ec",24,1,1,1,0,1,0.969458006928044
"15901",191,"Ec_N",266,1,1,"Ec",1,0,0,0,0,0,0
"15902",191,"Ec_N",266,2,2,"Ec",1,0,0,0,0,0,0
"15903",191,"Ec_N",266,3,3,"Ec",1,0,0,0,0,0,0
"15904",191,"Ec_N",266,4,4,"Ec",1,0,0,0,0,0,0
"15905",191,"Ec_N",266,5,5,"Ec",1,0,0,0,0,0,0
"15906",191,"Ec_N",266,6,6,"Ec",1,0,0,0,0,0,0
"15907",191,"Ec_N",266,7,7,"Ec",1,0,0,0,0,0,0
"15908",191,"Ec_N",266,8,8,"Ec",2,1,0,0,0,0,0.198020370545937
"15909",191,"Ec_N",266,9,9,"Ec",6,1,0,1,0,0,0.542157591427696
"15910",191,"Ec_N",266,10,10,"Ec",6,1,0,1,0,0,0.542157591427696
"15911",191,"Ec_N",266,11,11,"Ec",6,1,0,1,0,0,0.542157591427696
"15912",191,"Ec_N",266,12,12,"Ec",14,1,0,1,1,0,0.746777083195453
"15913",191,"Ec_N",266,13,13,"Ec",14,1,0,1,1,0,0.746777083195453
"15914",191,"Ec_N",266,14,14,"Ec",14,1,0,1,1,0,0.746777083195453
"15915",191,"Ec_N",266,15,15,"Ec",14,1,0,1,1,0,0.746777083195453
"15916",191,"Ec_N",266,16,16,"Ec",14,1,0,1,1,0,0.746777083195453
"15917",191,"Ec_N",266,17,17,"Ec",14,1,0,1,1,0,0.746777083195453
"15918",191,"Ec_N",266,18,18,"Ec",14,1,0,1,1,0,0.746777083195453
"15919",191,"Ec_N",266,19,19,"Ec",14,1,0,1,1,0,0.746777083195453
"15920",191,"Ec_N",266,20,20,"Ec",14,1,0,1,1,0,0.746777083195453
"15921",191,"Ec_N",266,21,21,"Ec",14,1,0,1,1,0,0.746777083195453
"15922",191,"Ec_N",266,22,22,"Ec",14,1,0,1,1,0,0.746777083195453
"15923",191,"Ec_N",266,23,23,"Ec",14,1,0,1,1,0,0.746777083195453
"15924",191,"Ec_N",266,24,24,"Ec",14,1,0,1,1,0,0.746777083195453
"15925",191,"Ec_N",266,25,25,"Ec",14,1,0,1,1,0,0.746777083195453
"15926",191,"Ec_N",266,26,26,"Ec",14,1,0,1,1,0,0.746777083195453
"15927",191,"Ec_N",266,27,27,"Ec",14,1,0,1,1,0,0.746777083195453
"15928",191,"Ec_N",266,28,28,"Ec",14,1,0,1,1,0,0.746777083195453
"15929",191,"Ec_N",266,29,29,"Ec",14,1,0,1,1,0,0.746777083195453
"15930",191,"Ec_N",266,30,30,"Ec",14,1,0,1,1,0,0.746777083195453
"15931",191,"Ec_N",266,31,31,"Ec",14,1,0,1,1,0,0.746777083195453
"15932",191,"Ec_N",266,32,32,"Ec",14,1,0,1,1,0,0.746777083195453
"15933",191,"Ec_N",266,33,33,"Ec",14,1,0,1,1,0,0.746777083195453
"15934",191,"Ec_N",266,34,34,"Ec",14,1,0,1,1,0,0.746777083195453
"15935",191,"Ec_N",266,35,35,"Ec",14,1,0,1,1,0,0.746777083195453
"15936",191,"Ec_N",266,36,36,"Ec",14,1,0,1,1,0,0.746777083195453
"15937",191,"Ec_N",266,37,37,"Ec",14,1,0,1,1,0,0.746777083195453
"15938",191,"Ec_N",266,38,38,"Ec",14,1,0,1,1,0,0.746777083195453
"15939",191,"Ec_N",266,39,39,"Ec",14,1,0,1,1,0,0.746777083195453
"15940",191,"Ec_N",266,40,40,"Ec",14,1,0,1,1,0,0.746777083195453
"15941",191,"Ec_N",266,41,41,"Ec",14,1,0,1,1,0,0.746777083195453
"15942",191,"Ec_N",266,42,42,"Ec",30,1,0,1,1,1,0.958688519948705
"15943",191,"Ec_N",266,43,43,"Ec",30,1,0,1,1,1,0.958688519948705
"15944",191,"Ec_N",266,44,44,"Ec",30,1,0,1,1,1,0.958688519948705
"15945",191,"Ec_N",266,45,45,"Ec",30,1,0,1,1,1,0.958688519948705
"15946",191,"Ec_N",266,46,46,"Ec",30,1,0,1,1,1,0.958688519948705
"15947",191,"Ec_N",266,47,47,"Ec",30,1,0,1,1,1,0.958688519948705
"15948",191,"Ec_N",266,48,48,"Ec",30,1,0,1,1,1,0.958688519948705
"15949",191,"Ec_N",266,49,49,"Ec",30,1,0,1,1,1,0.958688519948705
"15950",191,"Ec_N",266,50,50,"Ec",30,1,0,1,1,1,0.958688519948705
"15951",191,"Ec_N",266,51,51,"Ec",30,1,0,1,1,1,0.958688519948705
"15952",191,"Ec_N",266,52,52,"Ec",30,1,0,1,1,1,0.958688519948705
"15953",191,"Ec_N",266,53,53,"Ec",30,1,0,1,1,1,0.958688519948705
"15954",191,"Ec_N",266,54,54,"Ec",30,1,0,1,1,1,0.958688519948705
"15955",191,"Ec_N",266,55,55,"Ec",30,1,0,1,1,1,0.958688519948705
"15956",191,"Ec_N",266,56,56,"Ec",30,1,0,1,1,1,0.958688519948705
"15957",191,"Ec_N",266,57,57,"Ec",30,1,0,1,1,1,0.958688519948705
"15958",191,"Ec_N",266,58,58,"Ec",30,1,0,1,1,1,0.958688519948705
"15959",191,"Ec_N",266,59,59,"Ec",30,1,0,1,1,1,0.958688519948705
"15960",191,"Ec_N",266,60,60,"Ec",30,1,0,1,1,1,0.958688519948705
"15961",191,"Ec_N",267,1,1,"Ec",1,0,0,0,0,0,0
"15962",191,"Ec_N",267,2,2,"Ec",1,0,0,0,0,0,0
"15963",191,"Ec_N",267,3,3,"Ec",1,0,0,0,0,0,0
"15964",191,"Ec_N",267,4,4,"Ec",3,0,1,0,0,0,0.041311480051295
"15965",191,"Ec_N",267,5,5,"Ec",3,0,1,0,0,0,0.041311480051295
"15966",191,"Ec_N",267,6,6,"Ec",3,0,1,0,0,0,0.041311480051295
"15967",191,"Ec_N",267,7,7,"Ec",3,0,1,0,0,0,0.041311480051295
"15968",191,"Ec_N",267,8,8,"Ec",3,0,1,0,0,0,0.041311480051295
"15969",191,"Ec_N",267,9,9,"Ec",19,0,1,0,0,1,0.427300415500348
"15970",191,"Ec_N",267,10,10,"Ec",19,0,1,0,0,1,0.427300415500348
"15971",191,"Ec_N",267,11,11,"Ec",19,0,1,0,0,1,0.427300415500348
"15972",191,"Ec_N",267,12,12,"Ec",19,0,1,0,0,1,0.427300415500348
"15973",191,"Ec_N",267,13,13,"Ec",19,0,1,0,0,1,0.427300415500348
"15974",191,"Ec_N",267,14,14,"Ec",19,0,1,0,0,1,0.427300415500348
"15975",191,"Ec_N",267,15,15,"Ec",19,0,1,0,0,1,0.427300415500348
"15976",191,"Ec_N",267,16,16,"Ec",19,0,1,0,0,1,0.427300415500348
"15977",191,"Ec_N",267,17,17,"Ec",19,0,1,0,0,1,0.427300415500348
"15978",191,"Ec_N",267,18,18,"Ec",20,1,1,0,0,1,0.610298755308086
"15979",191,"Ec_N",267,19,19,"Ec",20,1,1,0,0,1,0.610298755308086
"15980",191,"Ec_N",267,20,20,"Ec",20,1,1,0,0,1,0.610298755308086
"15981",191,"Ec_N",267,21,21,"Ec",20,1,1,0,0,1,0.610298755308086
"15982",191,"Ec_N",267,22,22,"Ec",20,1,1,0,0,1,0.610298755308086
"15983",191,"Ec_N",267,23,23,"Ec",20,1,1,0,0,1,0.610298755308086
"15984",191,"Ec_N",267,24,24,"Ec",20,1,1,0,0,1,0.610298755308086
"15985",191,"Ec_N",267,25,25,"Ec",18,1,0,0,0,1,0.646504780524047
"15986",191,"Ec_N",267,26,26,"Ec",18,1,0,0,0,1,0.646504780524047
"15987",191,"Ec_N",267,27,27,"Ec",18,1,0,0,0,1,0.646504780524047
"15988",191,"Ec_N",267,28,28,"Ec",18,1,0,0,0,1,0.646504780524047
"15989",191,"Ec_N",267,29,29,"Ec",18,1,0,0,0,1,0.646504780524047
"15990",191,"Ec_N",267,30,30,"Ec",18,1,0,0,0,1,0.646504780524047
"15991",191,"Ec_N",267,31,31,"Ec",22,1,0,1,0,1,0.92522428176681
"15992",191,"Ec_N",267,32,32,"Ec",22,1,0,1,0,1,0.92522428176681
"15993",191,"Ec_N",267,33,33,"Ec",22,1,0,1,0,1,0.92522428176681
"15994",191,"Ec_N",267,34,34,"Ec",22,1,0,1,0,1,0.92522428176681
"15995",191,"Ec_N",267,35,35,"Ec",22,1,0,1,0,1,0.92522428176681
"15996",191,"Ec_N",267,36,36,"Ec",22,1,0,1,0,1,0.92522428176681
"15997",191,"Ec_N",267,37,37,"Ec",22,1,0,1,0,1,0.92522428176681
"15998",191,"Ec_N",267,38,38,"Ec",30,1,0,1,1,1,0.958688519948705
"15999",191,"Ec_N",267,39,39,"Ec",30,1,0,1,1,1,0.958688519948705
"16000",191,"Ec_N",267,40,40,"Ec",30,1,0,1,1,1,0.958688519948705
"16001",191,"Ec_N",267,41,41,"Ec",30,1,0,1,1,1,0.958688519948705
"16002",191,"Ec_N",267,42,42,"Ec",30,1,0,1,1,1,0.958688519948705
"16003",191,"Ec_N",267,43,43,"Ec",30,1,0,1,1,1,0.958688519948705
"16004",191,"Ec_N",267,44,44,"Ec",30,1,0,1,1,1,0.958688519948705
"16005",191,"Ec_N",267,45,45,"Ec",30,1,0,1,1,1,0.958688519948705
"16006",191,"Ec_N",267,46,46,"Ec",30,1,0,1,1,1,0.958688519948705
"16007",191,"Ec_N",267,47,47,"Ec",30,1,0,1,1,1,0.958688519948705
"16008",191,"Ec_N",267,48,48,"Ec",30,1,0,1,1,1,0.958688519948705
"16009",191,"Ec_N",267,49,49,"Ec",30,1,0,1,1,1,0.958688519948705
"16010",191,"Ec_N",267,50,50,"Ec",30,1,0,1,1,1,0.958688519948705
"16011",191,"Ec_N",267,51,51,"Ec",30,1,0,1,1,1,0.958688519948705
"16012",191,"Ec_N",267,52,52,"Ec",30,1,0,1,1,1,0.958688519948705
"16013",191,"Ec_N",267,53,53,"Ec",30,1,0,1,1,1,0.958688519948705
"16014",191,"Ec_N",267,54,54,"Ec",30,1,0,1,1,1,0.958688519948705
"16015",191,"Ec_N",267,55,55,"Ec",32,1,1,1,1,1,1
"16016",191,"Ec_N",267,56,56,"Ec",32,1,1,1,1,1,1
"16017",191,"Ec_N",267,57,57,"Ec",32,1,1,1,1,1,1
"16018",191,"Ec_N",267,58,58,"Ec",32,1,1,1,1,1,1
"16019",191,"Ec_N",267,59,59,"Ec",32,1,1,1,1,1,1
"16020",191,"Ec_N",267,60,60,"Ec",32,1,1,1,1,1,1
"16021",191,"Ec_N",268,1,1,"Ec",1,0,0,0,0,0,0
"16022",191,"Ec_N",268,2,2,"Ec",1,0,0,0,0,0,0
"16023",191,"Ec_N",268,3,3,"Ec",1,0,0,0,0,0,0
"16024",191,"Ec_N",268,4,4,"Ec",1,0,0,0,0,0,0
"16025",191,"Ec_N",268,5,5,"Ec",1,0,0,0,0,0,0
"16026",191,"Ec_N",268,6,6,"Ec",1,0,0,0,0,0,0
"16027",191,"Ec_N",268,7,7,"Ec",3,0,1,0,0,0,0.041311480051295
"16028",191,"Ec_N",268,8,8,"Ec",3,0,1,0,0,0,0.041311480051295
"16029",191,"Ec_N",268,9,9,"Ec",3,0,1,0,0,0,0.041311480051295
"16030",191,"Ec_N",268,10,10,"Ec",7,0,1,1,0,0,0.589282297794007
"16031",191,"Ec_N",268,11,11,"Ec",7,0,1,1,0,0,0.589282297794007
"16032",191,"Ec_N",268,12,12,"Ec",7,0,1,1,0,0,0.589282297794007
"16033",191,"Ec_N",268,13,13,"Ec",7,0,1,1,0,0,0.589282297794007
"16034",191,"Ec_N",268,14,14,"Ec",7,0,1,1,0,0,0.589282297794007
"16035",191,"Ec_N",268,15,15,"Ec",7,0,1,1,0,0,0.589282297794007
"16036",191,"Ec_N",268,16,16,"Ec",23,0,1,1,0,1,0.616809062130864
"16037",191,"Ec_N",268,17,17,"Ec",23,0,1,1,0,1,0.616809062130864
"16038",191,"Ec_N",268,18,18,"Ec",24,1,1,1,0,1,0.969458006928044
"16039",191,"Ec_N",268,19,19,"Ec",24,1,1,1,0,1,0.969458006928044
"16040",191,"Ec_N",268,20,20,"Ec",24,1,1,1,0,1,0.969458006928044
"16041",191,"Ec_N",268,21,21,"Ec",32,1,1,1,1,1,1
"16042",191,"Ec_N",268,22,22,"Ec",32,1,1,1,1,1,1
"16043",191,"Ec_N",268,23,23,"Ec",32,1,1,1,1,1,1
"16044",191,"Ec_N",268,24,24,"Ec",32,1,1,1,1,1,1
"16045",191,"Ec_N",268,25,25,"Ec",32,1,1,1,1,1,1
"16046",191,"Ec_N",268,26,26,"Ec",32,1,1,1,1,1,1
"16047",191,"Ec_N",268,27,27,"Ec",32,1,1,1,1,1,1
"16048",191,"Ec_N",268,28,28,"Ec",32,1,1,1,1,1,1
"16049",191,"Ec_N",268,29,29,"Ec",32,1,1,1,1,1,1
"16050",191,"Ec_N",268,30,30,"Ec",32,1,1,1,1,1,1
"16051",191,"Ec_N",268,31,31,"Ec",32,1,1,1,1,1,1
"16052",191,"Ec_N",268,32,32,"Ec",32,1,1,1,1,1,1
"16053",191,"Ec_N",268,33,33,"Ec",32,1,1,1,1,1,1
"16054",191,"Ec_N",268,34,34,"Ec",32,1,1,1,1,1,1
"16055",191,"Ec_N",268,35,35,"Ec",32,1,1,1,1,1,1
"16056",191,"Ec_N",268,36,36,"Ec",32,1,1,1,1,1,1
"16057",191,"Ec_N",268,37,37,"Ec",32,1,1,1,1,1,1
"16058",191,"Ec_N",268,38,38,"Ec",32,1,1,1,1,1,1
"16059",191,"Ec_N",268,39,39,"Ec",32,1,1,1,1,1,1
"16060",191,"Ec_N",268,40,40,"Ec",32,1,1,1,1,1,1
"16061",191,"Ec_N",268,41,41,"Ec",32,1,1,1,1,1,1
"16062",191,"Ec_N",268,42,42,"Ec",32,1,1,1,1,1,1
"16063",191,"Ec_N",268,43,43,"Ec",32,1,1,1,1,1,1
"16064",191,"Ec_N",268,44,44,"Ec",32,1,1,1,1,1,1
"16065",191,"Ec_N",268,45,45,"Ec",32,1,1,1,1,1,1
"16066",191,"Ec_N",268,46,46,"Ec",32,1,1,1,1,1,1
"16067",191,"Ec_N",268,47,47,"Ec",32,1,1,1,1,1,1
"16068",191,"Ec_N",268,48,48,"Ec",32,1,1,1,1,1,1
"16069",191,"Ec_N",268,49,49,"Ec",32,1,1,1,1,1,1
"16070",191,"Ec_N",268,50,50,"Ec",32,1,1,1,1,1,1
"16071",191,"Ec_N",268,51,51,"Ec",32,1,1,1,1,1,1
"16072",191,"Ec_N",268,52,52,"Ec",32,1,1,1,1,1,1
"16073",191,"Ec_N",268,53,53,"Ec",32,1,1,1,1,1,1
"16074",191,"Ec_N",268,54,54,"Ec",32,1,1,1,1,1,1
"16075",191,"Ec_N",268,55,55,"Ec",32,1,1,1,1,1,1
"16076",191,"Ec_N",268,56,56,"Ec",32,1,1,1,1,1,1
"16077",191,"Ec_N",268,57,57,"Ec",32,1,1,1,1,1,1
"16078",191,"Ec_N",268,58,58,"Ec",32,1,1,1,1,1,1
"16079",191,"Ec_N",268,59,59,"Ec",32,1,1,1,1,1,1
"16080",191,"Ec_N",268,60,60,"Ec",32,1,1,1,1,1,1
"16081",191,"Ec_N",269,1,1,"Ec",1,0,0,0,0,0,0
"16082",191,"Ec_N",269,2,2,"Ec",3,0,1,0,0,0,0.041311480051295
"16083",191,"Ec_N",269,3,3,"Ec",3,0,1,0,0,0,0.041311480051295
"16084",191,"Ec_N",269,4,4,"Ec",7,0,1,1,0,0,0.589282297794007
"16085",191,"Ec_N",269,5,5,"Ec",7,0,1,1,0,0,0.589282297794007
"16086",191,"Ec_N",269,6,6,"Ec",23,0,1,1,0,1,0.616809062130864
"16087",191,"Ec_N",269,7,7,"Ec",23,0,1,1,0,1,0.616809062130864
"16088",191,"Ec_N",269,8,8,"Ec",23,0,1,1,0,1,0.616809062130864
"16089",191,"Ec_N",269,9,9,"Ec",23,0,1,1,0,1,0.616809062130864
"16090",191,"Ec_N",269,10,10,"Ec",23,0,1,1,0,1,0.616809062130864
"16091",191,"Ec_N",269,11,11,"Ec",23,0,1,1,0,1,0.616809062130864
"16092",191,"Ec_N",269,12,12,"Ec",23,0,1,1,0,1,0.616809062130864
"16093",191,"Ec_N",269,13,13,"Ec",23,0,1,1,0,1,0.616809062130864
"16094",191,"Ec_N",269,14,14,"Ec",23,0,1,1,0,1,0.616809062130864
"16095",191,"Ec_N",269,15,15,"Ec",23,0,1,1,0,1,0.616809062130864
"16096",191,"Ec_N",269,16,16,"Ec",23,0,1,1,0,1,0.616809062130864
"16097",191,"Ec_N",269,17,17,"Ec",23,0,1,1,0,1,0.616809062130864
"16098",191,"Ec_N",269,18,18,"Ec",23,0,1,1,0,1,0.616809062130864
"16099",191,"Ec_N",269,19,19,"Ec",24,1,1,1,0,1,0.969458006928044
"16100",191,"Ec_N",269,20,20,"Ec",24,1,1,1,0,1,0.969458006928044
"16101",191,"Ec_N",269,21,21,"Ec",24,1,1,1,0,1,0.969458006928044
"16102",191,"Ec_N",269,22,22,"Ec",24,1,1,1,0,1,0.969458006928044
"16103",191,"Ec_N",269,23,23,"Ec",24,1,1,1,0,1,0.969458006928044
"16104",191,"Ec_N",269,24,24,"Ec",24,1,1,1,0,1,0.969458006928044
"16105",191,"Ec_N",269,25,25,"Ec",24,1,1,1,0,1,0.969458006928044
"16106",191,"Ec_N",269,26,26,"Ec",24,1,1,1,0,1,0.969458006928044
"16107",191,"Ec_N",269,27,27,"Ec",32,1,1,1,1,1,1
"16108",191,"Ec_N",269,28,28,"Ec",32,1,1,1,1,1,1
"16109",191,"Ec_N",269,29,29,"Ec",32,1,1,1,1,1,1
"16110",191,"Ec_N",269,30,30,"Ec",32,1,1,1,1,1,1
"16111",191,"Ec_N",269,31,31,"Ec",32,1,1,1,1,1,1
"16112",191,"Ec_N",269,32,32,"Ec",32,1,1,1,1,1,1
"16113",191,"Ec_N",269,33,33,"Ec",32,1,1,1,1,1,1
"16114",191,"Ec_N",269,34,34,"Ec",32,1,1,1,1,1,1
"16115",191,"Ec_N",269,35,35,"Ec",32,1,1,1,1,1,1
"16116",191,"Ec_N",269,36,36,"Ec",32,1,1,1,1,1,1
"16117",191,"Ec_N",269,37,37,"Ec",32,1,1,1,1,1,1
"16118",191,"Ec_N",269,38,38,"Ec",32,1,1,1,1,1,1
"16119",191,"Ec_N",269,39,39,"Ec",32,1,1,1,1,1,1
"16120",191,"Ec_N",269,40,40,"Ec",32,1,1,1,1,1,1
"16121",191,"Ec_N",269,41,41,"Ec",32,1,1,1,1,1,1
"16122",191,"Ec_N",269,42,42,"Ec",32,1,1,1,1,1,1
"16123",191,"Ec_N",269,43,43,"Ec",32,1,1,1,1,1,1
"16124",191,"Ec_N",269,44,44,"Ec",32,1,1,1,1,1,1
"16125",191,"Ec_N",269,45,45,"Ec",32,1,1,1,1,1,1
"16126",191,"Ec_N",269,46,46,"Ec",32,1,1,1,1,1,1
"16127",191,"Ec_N",269,47,47,"Ec",32,1,1,1,1,1,1
"16128",191,"Ec_N",269,48,48,"Ec",32,1,1,1,1,1,1
"16129",191,"Ec_N",269,49,49,"Ec",32,1,1,1,1,1,1
"16130",191,"Ec_N",269,50,50,"Ec",32,1,1,1,1,1,1
"16131",191,"Ec_N",269,51,51,"Ec",32,1,1,1,1,1,1
"16132",191,"Ec_N",269,52,52,"Ec",32,1,1,1,1,1,1
"16133",191,"Ec_N",269,53,53,"Ec",32,1,1,1,1,1,1
"16134",191,"Ec_N",269,54,54,"Ec",32,1,1,1,1,1,1
"16135",191,"Ec_N",269,55,55,"Ec",32,1,1,1,1,1,1
"16136",191,"Ec_N",269,56,56,"Ec",32,1,1,1,1,1,1
"16137",191,"Ec_N",269,57,57,"Ec",32,1,1,1,1,1,1
"16138",191,"Ec_N",269,58,58,"Ec",32,1,1,1,1,1,1
"16139",191,"Ec_N",269,59,59,"Ec",32,1,1,1,1,1,1
"16140",191,"Ec_N",269,60,60,"Ec",32,1,1,1,1,1,1
"16141",191,"Ec_N",270,1,1,"Ec",1,0,0,0,0,0,0
"16142",191,"Ec_N",270,2,2,"Ec",1,0,0,0,0,0,0
"16143",191,"Ec_N",270,3,3,"Ec",1,0,0,0,0,0,0
"16144",191,"Ec_N",270,4,4,"Ec",1,0,0,0,0,0,0
"16145",191,"Ec_N",270,5,5,"Ec",2,1,0,0,0,0,0.198020370545937
"16146",191,"Ec_N",270,6,6,"Ec",2,1,0,0,0,0,0.198020370545937
"16147",191,"Ec_N",270,7,7,"Ec",2,1,0,0,0,0,0.198020370545937
"16148",191,"Ec_N",270,8,8,"Ec",2,1,0,0,0,0,0.198020370545937
"16149",191,"Ec_N",270,9,9,"Ec",2,1,0,0,0,0,0.198020370545937
"16150",191,"Ec_N",270,10,10,"Ec",2,1,0,0,0,0,0.198020370545937
"16151",191,"Ec_N",270,11,11,"Ec",2,1,0,0,0,0,0.198020370545937
"16152",191,"Ec_N",270,12,12,"Ec",2,1,0,0,0,0,0.198020370545937
"16153",191,"Ec_N",270,13,13,"Ec",18,1,0,0,0,1,0.646504780524047
"16154",191,"Ec_N",270,14,14,"Ec",18,1,0,0,0,1,0.646504780524047
"16155",191,"Ec_N",270,15,15,"Ec",18,1,0,0,0,1,0.646504780524047
"16156",191,"Ec_N",270,16,16,"Ec",18,1,0,0,0,1,0.646504780524047
"16157",191,"Ec_N",270,17,17,"Ec",18,1,0,0,0,1,0.646504780524047
"16158",191,"Ec_N",270,18,18,"Ec",18,1,0,0,0,1,0.646504780524047
"16159",191,"Ec_N",270,19,19,"Ec",18,1,0,0,0,1,0.646504780524047
"16160",191,"Ec_N",270,20,20,"Ec",22,1,0,1,0,1,0.92522428176681
"16161",191,"Ec_N",270,21,21,"Ec",24,1,1,1,0,1,0.969458006928044
"16162",191,"Ec_N",270,22,22,"Ec",24,1,1,1,0,1,0.969458006928044
"16163",191,"Ec_N",270,23,23,"Ec",24,1,1,1,0,1,0.969458006928044
"16164",191,"Ec_N",270,24,24,"Ec",24,1,1,1,0,1,0.969458006928044
"16165",191,"Ec_N",270,25,25,"Ec",24,1,1,1,0,1,0.969458006928044
"16166",191,"Ec_N",270,26,26,"Ec",24,1,1,1,0,1,0.969458006928044
"16167",191,"Ec_N",270,27,27,"Ec",24,1,1,1,0,1,0.969458006928044
"16168",191,"Ec_N",270,28,28,"Ec",24,1,1,1,0,1,0.969458006928044
"16169",191,"Ec_N",270,29,29,"Ec",24,1,1,1,0,1,0.969458006928044
"16170",191,"Ec_N",270,30,30,"Ec",24,1,1,1,0,1,0.969458006928044
"16171",191,"Ec_N",270,31,31,"Ec",24,1,1,1,0,1,0.969458006928044
"16172",191,"Ec_N",270,32,32,"Ec",24,1,1,1,0,1,0.969458006928044
"16173",191,"Ec_N",270,33,33,"Ec",24,1,1,1,0,1,0.969458006928044
"16174",191,"Ec_N",270,34,34,"Ec",24,1,1,1,0,1,0.969458006928044
"16175",191,"Ec_N",270,35,35,"Ec",24,1,1,1,0,1,0.969458006928044
"16176",191,"Ec_N",270,36,36,"Ec",24,1,1,1,0,1,0.969458006928044
"16177",191,"Ec_N",270,37,37,"Ec",24,1,1,1,0,1,0.969458006928044
"16178",191,"Ec_N",270,38,38,"Ec",24,1,1,1,0,1,0.969458006928044
"16179",191,"Ec_N",270,39,39,"Ec",24,1,1,1,0,1,0.969458006928044
"16180",191,"Ec_N",270,40,40,"Ec",24,1,1,1,0,1,0.969458006928044
"16181",191,"Ec_N",270,41,41,"Ec",24,1,1,1,0,1,0.969458006928044
"16182",191,"Ec_N",270,42,42,"Ec",24,1,1,1,0,1,0.969458006928044
"16183",191,"Ec_N",270,43,43,"Ec",24,1,1,1,0,1,0.969458006928044
"16184",191,"Ec_N",270,44,44,"Ec",24,1,1,1,0,1,0.969458006928044
"16185",191,"Ec_N",270,45,45,"Ec",24,1,1,1,0,1,0.969458006928044
"16186",191,"Ec_N",270,46,46,"Ec",24,1,1,1,0,1,0.969458006928044
"16187",191,"Ec_N",270,47,47,"Ec",24,1,1,1,0,1,0.969458006928044
"16188",191,"Ec_N",270,48,48,"Ec",24,1,1,1,0,1,0.969458006928044
"16189",191,"Ec_N",270,49,49,"Ec",24,1,1,1,0,1,0.969458006928044
"16190",191,"Ec_N",270,50,50,"Ec",24,1,1,1,0,1,0.969458006928044
"16191",191,"Ec_N",270,51,51,"Ec",32,1,1,1,1,1,1
"16192",191,"Ec_N",270,52,52,"Ec",32,1,1,1,1,1,1
"16193",191,"Ec_N",270,53,53,"Ec",32,1,1,1,1,1,1
"16194",191,"Ec_N",270,54,54,"Ec",32,1,1,1,1,1,1
"16195",191,"Ec_N",270,55,55,"Ec",32,1,1,1,1,1,1
"16196",191,"Ec_N",270,56,56,"Ec",32,1,1,1,1,1,1
"16197",191,"Ec_N",270,57,57,"Ec",32,1,1,1,1,1,1
"16198",191,"Ec_N",270,58,58,"Ec",32,1,1,1,1,1,1
"16199",191,"Ec_N",270,59,59,"Ec",32,1,1,1,1,1,1
"16200",191,"Ec_N",270,60,60,"Ec",32,1,1,1,1,1,1
"16201",191,"Ec_N",271,1,1,"Ec",1,0,0,0,0,0,0
"16202",191,"Ec_N",271,2,2,"Ec",1,0,0,0,0,0,0
"16203",191,"Ec_N",271,3,3,"Ec",1,0,0,0,0,0,0
"16204",191,"Ec_N",271,4,4,"Ec",1,0,0,0,0,0,0
"16205",191,"Ec_N",271,5,5,"Ec",1,0,0,0,0,0,0
"16206",191,"Ec_N",271,6,6,"Ec",1,0,0,0,0,0,0
"16207",191,"Ec_N",271,7,7,"Ec",1,0,0,0,0,0,0
"16208",191,"Ec_N",271,8,8,"Ec",3,0,1,0,0,0,0.041311480051295
"16209",191,"Ec_N",271,9,9,"Ec",11,0,1,0,1,0,0.0857419302602629
"16210",191,"Ec_N",271,10,10,"Ec",11,0,1,0,1,0,0.0857419302602629
"16211",191,"Ec_N",271,11,11,"Ec",15,0,1,1,1,0,0.437080043527332
"16212",191,"Ec_N",271,12,12,"Ec",15,0,1,1,1,0,0.437080043527332
"16213",191,"Ec_N",271,13,13,"Ec",15,0,1,1,1,0,0.437080043527332
"16214",191,"Ec_N",271,14,14,"Ec",15,0,1,1,1,0,0.437080043527332
"16215",191,"Ec_N",271,15,15,"Ec",15,0,1,1,1,0,0.437080043527332
"16216",191,"Ec_N",271,16,16,"Ec",31,0,1,1,1,1,0.801979629454064
"16217",191,"Ec_N",271,17,17,"Ec",31,0,1,1,1,1,0.801979629454064
"16218",191,"Ec_N",271,18,18,"Ec",31,0,1,1,1,1,0.801979629454064
"16219",191,"Ec_N",271,19,19,"Ec",31,0,1,1,1,1,0.801979629454064
"16220",191,"Ec_N",271,20,20,"Ec",31,0,1,1,1,1,0.801979629454064
"16221",191,"Ec_N",271,21,21,"Ec",31,0,1,1,1,1,0.801979629454064
"16222",191,"Ec_N",271,22,22,"Ec",31,0,1,1,1,1,0.801979629454064
"16223",191,"Ec_N",271,23,23,"Ec",31,0,1,1,1,1,0.801979629454064
"16224",191,"Ec_N",271,24,24,"Ec",32,1,1,1,1,1,1
"16225",191,"Ec_N",271,25,25,"Ec",32,1,1,1,1,1,1
"16226",191,"Ec_N",271,26,26,"Ec",32,1,1,1,1,1,1
"16227",191,"Ec_N",271,27,27,"Ec",32,1,1,1,1,1,1
"16228",191,"Ec_N",271,28,28,"Ec",32,1,1,1,1,1,1
"16229",191,"Ec_N",271,29,29,"Ec",32,1,1,1,1,1,1
"16230",191,"Ec_N",271,30,30,"Ec",32,1,1,1,1,1,1
"16231",191,"Ec_N",271,31,31,"Ec",32,1,1,1,1,1,1
"16232",191,"Ec_N",271,32,32,"Ec",32,1,1,1,1,1,1
"16233",191,"Ec_N",271,33,33,"Ec",32,1,1,1,1,1,1
"16234",191,"Ec_N",271,34,34,"Ec",32,1,1,1,1,1,1
"16235",191,"Ec_N",271,35,35,"Ec",32,1,1,1,1,1,1
"16236",191,"Ec_N",271,36,36,"Ec",32,1,1,1,1,1,1
"16237",191,"Ec_N",271,37,37,"Ec",32,1,1,1,1,1,1
"16238",191,"Ec_N",271,38,38,"Ec",32,1,1,1,1,1,1
"16239",191,"Ec_N",271,39,39,"Ec",32,1,1,1,1,1,1
"16240",191,"Ec_N",271,40,40,"Ec",32,1,1,1,1,1,1
"16241",191,"Ec_N",271,41,41,"Ec",32,1,1,1,1,1,1
"16242",191,"Ec_N",271,42,42,"Ec",32,1,1,1,1,1,1
"16243",191,"Ec_N",271,43,43,"Ec",32,1,1,1,1,1,1
"16244",191,"Ec_N",271,44,44,"Ec",32,1,1,1,1,1,1
"16245",191,"Ec_N",271,45,45,"Ec",32,1,1,1,1,1,1
"16246",191,"Ec_N",271,46,46,"Ec",32,1,1,1,1,1,1
"16247",191,"Ec_N",271,47,47,"Ec",32,1,1,1,1,1,1
"16248",191,"Ec_N",271,48,48,"Ec",32,1,1,1,1,1,1
"16249",191,"Ec_N",271,49,49,"Ec",32,1,1,1,1,1,1
"16250",191,"Ec_N",271,50,50,"Ec",32,1,1,1,1,1,1
"16251",191,"Ec_N",271,51,51,"Ec",32,1,1,1,1,1,1
"16252",191,"Ec_N",271,52,52,"Ec",32,1,1,1,1,1,1
"16253",191,"Ec_N",271,53,53,"Ec",32,1,1,1,1,1,1
"16254",191,"Ec_N",271,54,54,"Ec",32,1,1,1,1,1,1
"16255",191,"Ec_N",271,55,55,"Ec",32,1,1,1,1,1,1
"16256",191,"Ec_N",271,56,56,"Ec",32,1,1,1,1,1,1
"16257",191,"Ec_N",271,57,57,"Ec",32,1,1,1,1,1,1
"16258",191,"Ec_N",271,58,58,"Ec",32,1,1,1,1,1,1
"16259",191,"Ec_N",271,59,59,"Ec",32,1,1,1,1,1,1
"16260",191,"Ec_N",271,60,60,"Ec",32,1,1,1,1,1,1
"16261",191,"Ec_N",272,1,1,"Ec",1,0,0,0,0,0,0
"16262",191,"Ec_N",272,2,2,"Ec",1,0,0,0,0,0,0
"16263",191,"Ec_N",272,3,3,"Ec",1,0,0,0,0,0,0
"16264",191,"Ec_N",272,4,4,"Ec",1,0,0,0,0,0,0
"16265",191,"Ec_N",272,5,5,"Ec",1,0,0,0,0,0,0
"16266",191,"Ec_N",272,6,6,"Ec",1,0,0,0,0,0,0
"16267",191,"Ec_N",272,7,7,"Ec",1,0,0,0,0,0,0
"16268",191,"Ec_N",272,8,8,"Ec",1,0,0,0,0,0,0
"16269",191,"Ec_N",272,9,9,"Ec",3,0,1,0,0,0,0.041311480051295
"16270",191,"Ec_N",272,10,10,"Ec",3,0,1,0,0,0,0.041311480051295
"16271",191,"Ec_N",272,11,11,"Ec",3,0,1,0,0,0,0.041311480051295
"16272",191,"Ec_N",272,12,12,"Ec",3,0,1,0,0,0,0.041311480051295
"16273",191,"Ec_N",272,13,13,"Ec",3,0,1,0,0,0,0.041311480051295
"16274",191,"Ec_N",272,14,14,"Ec",3,0,1,0,0,0,0.041311480051295
"16275",191,"Ec_N",272,15,15,"Ec",3,0,1,0,0,0,0.041311480051295
"16276",191,"Ec_N",272,16,16,"Ec",7,0,1,1,0,0,0.589282297794007
"16277",191,"Ec_N",272,17,17,"Ec",7,0,1,1,0,0,0.589282297794007
"16278",191,"Ec_N",272,18,18,"Ec",7,0,1,1,0,0,0.589282297794007
"16279",191,"Ec_N",272,19,19,"Ec",7,0,1,1,0,0,0.589282297794007
"16280",191,"Ec_N",272,20,20,"Ec",7,0,1,1,0,0,0.589282297794007
"16281",191,"Ec_N",272,21,21,"Ec",7,0,1,1,0,0,0.589282297794007
"16282",191,"Ec_N",272,22,22,"Ec",7,0,1,1,0,0,0.589282297794007
"16283",191,"Ec_N",272,23,23,"Ec",7,0,1,1,0,0,0.589282297794007
"16284",191,"Ec_N",272,24,24,"Ec",7,0,1,1,0,0,0.589282297794007
"16285",191,"Ec_N",272,25,25,"Ec",7,0,1,1,0,0,0.589282297794007
"16286",191,"Ec_N",272,26,26,"Ec",7,0,1,1,0,0,0.589282297794007
"16287",191,"Ec_N",272,27,27,"Ec",7,0,1,1,0,0,0.589282297794007
"16288",191,"Ec_N",272,28,28,"Ec",7,0,1,1,0,0,0.589282297794007
"16289",191,"Ec_N",272,29,29,"Ec",7,0,1,1,0,0,0.589282297794007
"16290",191,"Ec_N",272,30,30,"Ec",7,0,1,1,0,0,0.589282297794007
"16291",191,"Ec_N",272,31,31,"Ec",7,0,1,1,0,0,0.589282297794007
"16292",191,"Ec_N",272,32,32,"Ec",7,0,1,1,0,0,0.589282297794007
"16293",191,"Ec_N",272,33,33,"Ec",7,0,1,1,0,0,0.589282297794007
"16294",191,"Ec_N",272,34,34,"Ec",7,0,1,1,0,0,0.589282297794007
"16295",191,"Ec_N",272,35,35,"Ec",7,0,1,1,0,0,0.589282297794007
"16296",191,"Ec_N",272,36,36,"Ec",7,0,1,1,0,0,0.589282297794007
"16297",191,"Ec_N",272,37,37,"Ec",7,0,1,1,0,0,0.589282297794007
"16298",191,"Ec_N",272,38,38,"Ec",23,0,1,1,0,1,0.616809062130864
"16299",191,"Ec_N",272,39,39,"Ec",24,1,1,1,0,1,0.969458006928044
"16300",191,"Ec_N",272,40,40,"Ec",24,1,1,1,0,1,0.969458006928044
"16301",191,"Ec_N",272,41,41,"Ec",24,1,1,1,0,1,0.969458006928044
"16302",191,"Ec_N",272,42,42,"Ec",24,1,1,1,0,1,0.969458006928044
"16303",191,"Ec_N",272,43,43,"Ec",24,1,1,1,0,1,0.969458006928044
"16304",191,"Ec_N",272,44,44,"Ec",24,1,1,1,0,1,0.969458006928044
"16305",191,"Ec_N",272,45,45,"Ec",24,1,1,1,0,1,0.969458006928044
"16306",191,"Ec_N",272,46,46,"Ec",24,1,1,1,0,1,0.969458006928044
"16307",191,"Ec_N",272,47,47,"Ec",24,1,1,1,0,1,0.969458006928044
"16308",191,"Ec_N",272,48,48,"Ec",32,1,1,1,1,1,1
"16309",191,"Ec_N",272,49,49,"Ec",32,1,1,1,1,1,1
"16310",191,"Ec_N",272,50,50,"Ec",32,1,1,1,1,1,1
"16311",191,"Ec_N",272,51,51,"Ec",32,1,1,1,1,1,1
"16312",191,"Ec_N",272,52,52,"Ec",32,1,1,1,1,1,1
"16313",191,"Ec_N",272,53,53,"Ec",32,1,1,1,1,1,1
"16314",191,"Ec_N",272,54,54,"Ec",32,1,1,1,1,1,1
"16315",191,"Ec_N",272,55,55,"Ec",32,1,1,1,1,1,1
"16316",191,"Ec_N",272,56,56,"Ec",32,1,1,1,1,1,1
"16317",191,"Ec_N",272,57,57,"Ec",32,1,1,1,1,1,1
"16318",191,"Ec_N",272,58,58,"Ec",32,1,1,1,1,1,1
"16319",191,"Ec_N",272,59,59,"Ec",32,1,1,1,1,1,1
"16320",191,"Ec_N",272,60,60,"Ec",32,1,1,1,1,1,1
"16321",191,"Ec_N",273,1,1,"Ec",1,0,0,0,0,0,0
"16322",191,"Ec_N",273,2,2,"Ec",1,0,0,0,0,0,0
"16323",191,"Ec_N",273,3,3,"Ec",1,0,0,0,0,0,0
"16324",191,"Ec_N",273,4,4,"Ec",1,0,0,0,0,0,0
"16325",191,"Ec_N",273,5,5,"Ec",1,0,0,0,0,0,0
"16326",191,"Ec_N",273,6,6,"Ec",1,0,0,0,0,0,0
"16327",191,"Ec_N",273,7,7,"Ec",2,1,0,0,0,0,0.198020370545937
"16328",191,"Ec_N",273,8,8,"Ec",2,1,0,0,0,0,0.198020370545937
"16329",191,"Ec_N",273,9,9,"Ec",2,1,0,0,0,0,0.198020370545937
"16330",191,"Ec_N",273,10,10,"Ec",2,1,0,0,0,0,0.198020370545937
"16331",191,"Ec_N",273,11,11,"Ec",2,1,0,0,0,0,0.198020370545937
"16332",191,"Ec_N",273,12,12,"Ec",2,1,0,0,0,0,0.198020370545937
"16333",191,"Ec_N",273,13,13,"Ec",10,1,0,0,1,0,0.228562363617893
"16334",191,"Ec_N",273,14,14,"Ec",10,1,0,0,1,0,0.228562363617893
"16335",191,"Ec_N",273,15,15,"Ec",26,1,0,0,1,1,0.514384015075299
"16336",191,"Ec_N",273,16,16,"Ec",28,1,1,0,1,1,0.681047421119041
"16337",191,"Ec_N",273,17,17,"Ec",32,1,1,1,1,1,1
"16338",191,"Ec_N",273,18,18,"Ec",32,1,1,1,1,1,1
"16339",191,"Ec_N",273,19,19,"Ec",32,1,1,1,1,1,1
"16340",191,"Ec_N",273,20,20,"Ec",32,1,1,1,1,1,1
"16341",191,"Ec_N",273,21,21,"Ec",32,1,1,1,1,1,1
"16342",191,"Ec_N",273,22,22,"Ec",32,1,1,1,1,1,1
"16343",191,"Ec_N",273,23,23,"Ec",32,1,1,1,1,1,1
"16344",191,"Ec_N",273,24,24,"Ec",32,1,1,1,1,1,1
"16345",191,"Ec_N",273,25,25,"Ec",32,1,1,1,1,1,1
"16346",191,"Ec_N",273,26,26,"Ec",32,1,1,1,1,1,1
"16347",191,"Ec_N",273,27,27,"Ec",32,1,1,1,1,1,1
"16348",191,"Ec_N",273,28,28,"Ec",32,1,1,1,1,1,1
"16349",191,"Ec_N",273,29,29,"Ec",32,1,1,1,1,1,1
"16350",191,"Ec_N",273,30,30,"Ec",32,1,1,1,1,1,1
"16351",191,"Ec_N",273,31,31,"Ec",32,1,1,1,1,1,1
"16352",191,"Ec_N",273,32,32,"Ec",32,1,1,1,1,1,1
"16353",191,"Ec_N",273,33,33,"Ec",32,1,1,1,1,1,1
"16354",191,"Ec_N",273,34,34,"Ec",32,1,1,1,1,1,1
"16355",191,"Ec_N",273,35,35,"Ec",32,1,1,1,1,1,1
"16356",191,"Ec_N",273,36,36,"Ec",32,1,1,1,1,1,1
"16357",191,"Ec_N",273,37,37,"Ec",32,1,1,1,1,1,1
"16358",191,"Ec_N",273,38,38,"Ec",32,1,1,1,1,1,1
"16359",191,"Ec_N",273,39,39,"Ec",32,1,1,1,1,1,1
"16360",191,"Ec_N",273,40,40,"Ec",32,1,1,1,1,1,1
"16361",191,"Ec_N",273,41,41,"Ec",32,1,1,1,1,1,1
"16362",191,"Ec_N",273,42,42,"Ec",32,1,1,1,1,1,1
"16363",191,"Ec_N",273,43,43,"Ec",32,1,1,1,1,1,1
"16364",191,"Ec_N",273,44,44,"Ec",32,1,1,1,1,1,1
"16365",191,"Ec_N",273,45,45,"Ec",32,1,1,1,1,1,1
"16366",191,"Ec_N",273,46,46,"Ec",32,1,1,1,1,1,1
"16367",191,"Ec_N",273,47,47,"Ec",32,1,1,1,1,1,1
"16368",191,"Ec_N",273,48,48,"Ec",32,1,1,1,1,1,1
"16369",191,"Ec_N",273,49,49,"Ec",32,1,1,1,1,1,1
"16370",191,"Ec_N",273,50,50,"Ec",32,1,1,1,1,1,1
"16371",191,"Ec_N",273,51,51,"Ec",32,1,1,1,1,1,1
"16372",191,"Ec_N",273,52,52,"Ec",32,1,1,1,1,1,1
"16373",191,"Ec_N",273,53,53,"Ec",32,1,1,1,1,1,1
"16374",191,"Ec_N",273,54,54,"Ec",32,1,1,1,1,1,1
"16375",191,"Ec_N",273,55,55,"Ec",32,1,1,1,1,1,1
"16376",191,"Ec_N",273,56,56,"Ec",32,1,1,1,1,1,1
"16377",191,"Ec_N",273,57,57,"Ec",32,1,1,1,1,1,1
"16378",191,"Ec_N",273,58,58,"Ec",32,1,1,1,1,1,1
"16379",191,"Ec_N",273,59,59,"Ec",32,1,1,1,1,1,1
"16380",191,"Ec_N",273,60,60,"Ec",32,1,1,1,1,1,1
"16381",191,"Ec_N",274,1,1,"Ec",1,0,0,0,0,0,0
"16382",191,"Ec_N",274,2,2,"Ec",1,0,0,0,0,0,0
"16383",191,"Ec_N",274,3,3,"Ec",1,0,0,0,0,0,0
"16384",191,"Ec_N",274,4,4,"Ec",1,0,0,0,0,0,0
"16385",191,"Ec_N",274,5,5,"Ec",1,0,0,0,0,0,0
"16386",191,"Ec_N",274,6,6,"Ec",5,0,0,1,0,0,0.49313446766664
"16387",191,"Ec_N",274,7,7,"Ec",5,0,0,1,0,0,0.49313446766664
"16388",191,"Ec_N",274,8,8,"Ec",5,0,0,1,0,0,0.49313446766664
"16389",191,"Ec_N",274,9,9,"Ec",21,0,0,1,0,1,0.726280938342543
"16390",191,"Ec_N",274,10,10,"Ec",21,0,0,1,0,1,0.726280938342543
"16391",191,"Ec_N",274,11,11,"Ec",22,1,0,1,0,1,0.92522428176681
"16392",191,"Ec_N",274,12,12,"Ec",22,1,0,1,0,1,0.92522428176681
"16393",191,"Ec_N",274,13,13,"Ec",24,1,1,1,0,1,0.969458006928044
"16394",191,"Ec_N",274,14,14,"Ec",24,1,1,1,0,1,0.969458006928044
"16395",191,"Ec_N",274,15,15,"Ec",24,1,1,1,0,1,0.969458006928044
"16396",191,"Ec_N",274,16,16,"Ec",32,1,1,1,1,1,1
"16397",191,"Ec_N",274,17,17,"Ec",32,1,1,1,1,1,1
"16398",191,"Ec_N",274,18,18,"Ec",32,1,1,1,1,1,1
"16399",191,"Ec_N",274,19,19,"Ec",32,1,1,1,1,1,1
"16400",191,"Ec_N",274,20,20,"Ec",32,1,1,1,1,1,1
"16401",191,"Ec_N",274,21,21,"Ec",32,1,1,1,1,1,1
"16402",191,"Ec_N",274,22,22,"Ec",32,1,1,1,1,1,1
"16403",191,"Ec_N",274,23,23,"Ec",32,1,1,1,1,1,1
"16404",191,"Ec_N",274,24,24,"Ec",32,1,1,1,1,1,1
"16405",191,"Ec_N",274,25,25,"Ec",32,1,1,1,1,1,1
"16406",191,"Ec_N",274,26,26,"Ec",32,1,1,1,1,1,1
"16407",191,"Ec_N",274,27,27,"Ec",32,1,1,1,1,1,1
"16408",191,"Ec_N",274,28,28,"Ec",32,1,1,1,1,1,1
"16409",191,"Ec_N",274,29,29,"Ec",32,1,1,1,1,1,1
"16410",191,"Ec_N",274,30,30,"Ec",32,1,1,1,1,1,1
"16411",191,"Ec_N",274,31,31,"Ec",32,1,1,1,1,1,1
"16412",191,"Ec_N",274,32,32,"Ec",32,1,1,1,1,1,1
"16413",191,"Ec_N",274,33,33,"Ec",32,1,1,1,1,1,1
"16414",191,"Ec_N",274,34,34,"Ec",32,1,1,1,1,1,1
"16415",191,"Ec_N",274,35,35,"Ec",32,1,1,1,1,1,1
"16416",191,"Ec_N",274,36,36,"Ec",32,1,1,1,1,1,1
"16417",191,"Ec_N",274,37,37,"Ec",32,1,1,1,1,1,1
"16418",191,"Ec_N",274,38,38,"Ec",32,1,1,1,1,1,1
"16419",191,"Ec_N",274,39,39,"Ec",32,1,1,1,1,1,1
"16420",191,"Ec_N",274,40,40,"Ec",32,1,1,1,1,1,1
"16421",191,"Ec_N",274,41,41,"Ec",32,1,1,1,1,1,1
"16422",191,"Ec_N",274,42,42,"Ec",32,1,1,1,1,1,1
"16423",191,"Ec_N",274,43,43,"Ec",32,1,1,1,1,1,1
"16424",191,"Ec_N",274,44,44,"Ec",32,1,1,1,1,1,1
"16425",191,"Ec_N",274,45,45,"Ec",32,1,1,1,1,1,1
"16426",191,"Ec_N",274,46,46,"Ec",32,1,1,1,1,1,1
"16427",191,"Ec_N",274,47,47,"Ec",32,1,1,1,1,1,1
"16428",191,"Ec_N",274,48,48,"Ec",32,1,1,1,1,1,1
"16429",191,"Ec_N",274,49,49,"Ec",32,1,1,1,1,1,1
"16430",191,"Ec_N",274,50,50,"Ec",32,1,1,1,1,1,1
"16431",191,"Ec_N",274,51,51,"Ec",32,1,1,1,1,1,1
"16432",191,"Ec_N",274,52,52,"Ec",32,1,1,1,1,1,1
"16433",191,"Ec_N",274,53,53,"Ec",32,1,1,1,1,1,1
"16434",191,"Ec_N",274,54,54,"Ec",32,1,1,1,1,1,1
"16435",191,"Ec_N",274,55,55,"Ec",32,1,1,1,1,1,1
"16436",191,"Ec_N",274,56,56,"Ec",32,1,1,1,1,1,1
"16437",191,"Ec_N",274,57,57,"Ec",32,1,1,1,1,1,1
"16438",191,"Ec_N",274,58,58,"Ec",32,1,1,1,1,1,1
"16439",191,"Ec_N",274,59,59,"Ec",32,1,1,1,1,1,1
"16440",191,"Ec_N",274,60,60,"Ec",32,1,1,1,1,1,1
"16441",191,"Ec_N",275,1,1,"Ec",1,0,0,0,0,0,0
"16442",191,"Ec_N",275,2,2,"Ec",3,0,1,0,0,0,0.041311480051295
"16443",191,"Ec_N",275,3,3,"Ec",3,0,1,0,0,0,0.041311480051295
"16444",191,"Ec_N",275,4,4,"Ec",3,0,1,0,0,0,0.041311480051295
"16445",191,"Ec_N",275,5,5,"Ec",3,0,1,0,0,0,0.041311480051295
"16446",191,"Ec_N",275,6,6,"Ec",3,0,1,0,0,0,0.041311480051295
"16447",191,"Ec_N",275,7,7,"Ec",3,0,1,0,0,0,0.041311480051295
"16448",191,"Ec_N",275,8,8,"Ec",11,0,1,0,1,0,0.0857419302602629
"16449",191,"Ec_N",275,9,9,"Ec",11,0,1,0,1,0,0.0857419302602629
"16450",191,"Ec_N",275,10,10,"Ec",11,0,1,0,1,0,0.0857419302602629
"16451",191,"Ec_N",275,11,11,"Ec",11,0,1,0,1,0,0.0857419302602629
"16452",191,"Ec_N",275,12,12,"Ec",11,0,1,0,1,0,0.0857419302602629
"16453",191,"Ec_N",275,13,13,"Ec",11,0,1,0,1,0,0.0857419302602629
"16454",191,"Ec_N",275,14,14,"Ec",11,0,1,0,1,0,0.0857419302602629
"16455",191,"Ec_N",275,15,15,"Ec",11,0,1,0,1,0,0.0857419302602629
"16456",191,"Ec_N",275,16,16,"Ec",11,0,1,0,1,0,0.0857419302602629
"16457",191,"Ec_N",275,17,17,"Ec",11,0,1,0,1,0,0.0857419302602629
"16458",191,"Ec_N",275,18,18,"Ec",11,0,1,0,1,0,0.0857419302602629
"16459",191,"Ec_N",275,19,19,"Ec",11,0,1,0,1,0,0.0857419302602629
"16460",191,"Ec_N",275,20,20,"Ec",11,0,1,0,1,0,0.0857419302602629
"16461",191,"Ec_N",275,21,21,"Ec",11,0,1,0,1,0,0.0857419302602629
"16462",191,"Ec_N",275,22,22,"Ec",11,0,1,0,1,0,0.0857419302602629
"16463",191,"Ec_N",275,23,23,"Ec",11,0,1,0,1,0,0.0857419302602629
"16464",191,"Ec_N",275,24,24,"Ec",11,0,1,0,1,0,0.0857419302602629
"16465",191,"Ec_N",275,25,25,"Ec",11,0,1,0,1,0,0.0857419302602629
"16466",191,"Ec_N",275,26,26,"Ec",11,0,1,0,1,0,0.0857419302602629
"16467",191,"Ec_N",275,27,27,"Ec",11,0,1,0,1,0,0.0857419302602629
"16468",191,"Ec_N",275,28,28,"Ec",15,0,1,1,1,0,0.437080043527332
"16469",191,"Ec_N",275,29,29,"Ec",15,0,1,1,1,0,0.437080043527332
"16470",191,"Ec_N",275,30,30,"Ec",15,0,1,1,1,0,0.437080043527332
"16471",191,"Ec_N",275,31,31,"Ec",15,0,1,1,1,0,0.437080043527332
"16472",191,"Ec_N",275,32,32,"Ec",15,0,1,1,1,0,0.437080043527332
"16473",191,"Ec_N",275,33,33,"Ec",15,0,1,1,1,0,0.437080043527332
"16474",191,"Ec_N",275,34,34,"Ec",15,0,1,1,1,0,0.437080043527332
"16475",191,"Ec_N",275,35,35,"Ec",15,0,1,1,1,0,0.437080043527332
"16476",191,"Ec_N",275,36,36,"Ec",15,0,1,1,1,0,0.437080043527332
"16477",191,"Ec_N",275,37,37,"Ec",15,0,1,1,1,0,0.437080043527332
"16478",191,"Ec_N",275,38,38,"Ec",15,0,1,1,1,0,0.437080043527332
"16479",191,"Ec_N",275,39,39,"Ec",15,0,1,1,1,0,0.437080043527332
"16480",191,"Ec_N",275,40,40,"Ec",15,0,1,1,1,0,0.437080043527332
"16481",191,"Ec_N",275,41,41,"Ec",15,0,1,1,1,0,0.437080043527332
"16482",191,"Ec_N",275,42,42,"Ec",15,0,1,1,1,0,0.437080043527332
"16483",191,"Ec_N",275,43,43,"Ec",15,0,1,1,1,0,0.437080043527332
"16484",191,"Ec_N",275,44,44,"Ec",15,0,1,1,1,0,0.437080043527332
"16485",191,"Ec_N",275,45,45,"Ec",15,0,1,1,1,0,0.437080043527332
"16486",191,"Ec_N",275,46,46,"Ec",15,0,1,1,1,0,0.437080043527332
"16487",191,"Ec_N",275,47,47,"Ec",7,0,1,1,0,0,0.589282297794007
"16488",191,"Ec_N",275,48,48,"Ec",23,0,1,1,0,1,0.616809062130864
"16489",191,"Ec_N",275,49,49,"Ec",23,0,1,1,0,1,0.616809062130864
"16490",191,"Ec_N",275,50,50,"Ec",23,0,1,1,0,1,0.616809062130864
"16491",191,"Ec_N",275,51,51,"Ec",23,0,1,1,0,1,0.616809062130864
"16492",191,"Ec_N",275,52,52,"Ec",23,0,1,1,0,1,0.616809062130864
"16493",191,"Ec_N",275,53,53,"Ec",23,0,1,1,0,1,0.616809062130864
"16494",191,"Ec_N",275,54,54,"Ec",23,0,1,1,0,1,0.616809062130864
"16495",191,"Ec_N",275,55,55,"Ec",23,0,1,1,0,1,0.616809062130864
"16496",191,"Ec_N",275,56,56,"Ec",23,0,1,1,0,1,0.616809062130864
"16497",191,"Ec_N",275,57,57,"Ec",21,0,0,1,0,1,0.726280938342543
"16498",191,"Ec_N",275,58,58,"Ec",21,0,0,1,0,1,0.726280938342543
"16499",191,"Ec_N",275,59,59,"Ec",21,0,0,1,0,1,0.726280938342543
"16500",191,"Ec_N",275,60,60,"Ec",21,0,0,1,0,1,0.726280938342543
"16501",191,"Ec_N",276,1,1,"Ec",1,0,0,0,0,0,0
"16502",191,"Ec_N",276,2,2,"Ec",1,0,0,0,0,0,0
"16503",191,"Ec_N",276,3,3,"Ec",1,0,0,0,0,0,0
"16504",191,"Ec_N",276,4,4,"Ec",1,0,0,0,0,0,0
"16505",191,"Ec_N",276,5,5,"Ec",17,0,0,0,0,1,0.229834113103391
"16506",191,"Ec_N",276,6,6,"Ec",19,0,1,0,0,1,0.427300415500348
"16507",191,"Ec_N",276,7,7,"Ec",19,0,1,0,0,1,0.427300415500348
"16508",191,"Ec_N",276,8,8,"Ec",19,0,1,0,0,1,0.427300415500348
"16509",191,"Ec_N",276,9,9,"Ec",19,0,1,0,0,1,0.427300415500348
"16510",191,"Ec_N",276,10,10,"Ec",20,1,1,0,0,1,0.610298755308086
"16511",191,"Ec_N",276,11,11,"Ec",28,1,1,0,1,1,0.681047421119041
"16512",191,"Ec_N",276,12,12,"Ec",28,1,1,0,1,1,0.681047421119041
"16513",191,"Ec_N",276,13,13,"Ec",28,1,1,0,1,1,0.681047421119041
"16514",191,"Ec_N",276,14,14,"Ec",28,1,1,0,1,1,0.681047421119041
"16515",191,"Ec_N",276,15,15,"Ec",28,1,1,0,1,1,0.681047421119041
"16516",191,"Ec_N",276,16,16,"Ec",28,1,1,0,1,1,0.681047421119041
"16517",191,"Ec_N",276,17,17,"Ec",28,1,1,0,1,1,0.681047421119041
"16518",191,"Ec_N",276,18,18,"Ec",28,1,1,0,1,1,0.681047421119041
"16519",191,"Ec_N",276,19,19,"Ec",28,1,1,0,1,1,0.681047421119041
"16520",191,"Ec_N",276,20,20,"Ec",28,1,1,0,1,1,0.681047421119041
"16521",191,"Ec_N",276,21,21,"Ec",28,1,1,0,1,1,0.681047421119041
"16522",191,"Ec_N",276,22,22,"Ec",28,1,1,0,1,1,0.681047421119041
"16523",191,"Ec_N",276,23,23,"Ec",28,1,1,0,1,1,0.681047421119041
"16524",191,"Ec_N",276,24,24,"Ec",28,1,1,0,1,1,0.681047421119041
"16525",191,"Ec_N",276,25,25,"Ec",28,1,1,0,1,1,0.681047421119041
"16526",191,"Ec_N",276,26,26,"Ec",28,1,1,0,1,1,0.681047421119041
"16527",191,"Ec_N",276,27,27,"Ec",28,1,1,0,1,1,0.681047421119041
"16528",191,"Ec_N",276,28,28,"Ec",28,1,1,0,1,1,0.681047421119041
"16529",191,"Ec_N",276,29,29,"Ec",28,1,1,0,1,1,0.681047421119041
"16530",191,"Ec_N",276,30,30,"Ec",28,1,1,0,1,1,0.681047421119041
"16531",191,"Ec_N",276,31,31,"Ec",28,1,1,0,1,1,0.681047421119041
"16532",191,"Ec_N",276,32,32,"Ec",28,1,1,0,1,1,0.681047421119041
"16533",191,"Ec_N",276,33,33,"Ec",28,1,1,0,1,1,0.681047421119041
"16534",191,"Ec_N",276,34,34,"Ec",28,1,1,0,1,1,0.681047421119041
"16535",191,"Ec_N",276,35,35,"Ec",28,1,1,0,1,1,0.681047421119041
"16536",191,"Ec_N",276,36,36,"Ec",28,1,1,0,1,1,0.681047421119041
"16537",191,"Ec_N",276,37,37,"Ec",28,1,1,0,1,1,0.681047421119041
"16538",191,"Ec_N",276,38,38,"Ec",28,1,1,0,1,1,0.681047421119041
"16539",191,"Ec_N",276,39,39,"Ec",28,1,1,0,1,1,0.681047421119041
"16540",191,"Ec_N",276,40,40,"Ec",32,1,1,1,1,1,1
"16541",191,"Ec_N",276,41,41,"Ec",32,1,1,1,1,1,1
"16542",191,"Ec_N",276,42,42,"Ec",32,1,1,1,1,1,1
"16543",191,"Ec_N",276,43,43,"Ec",32,1,1,1,1,1,1
"16544",191,"Ec_N",276,44,44,"Ec",32,1,1,1,1,1,1
"16545",191,"Ec_N",276,45,45,"Ec",32,1,1,1,1,1,1
"16546",191,"Ec_N",276,46,46,"Ec",32,1,1,1,1,1,1
"16547",191,"Ec_N",276,47,47,"Ec",32,1,1,1,1,1,1
"16548",191,"Ec_N",276,48,48,"Ec",32,1,1,1,1,1,1
"16549",191,"Ec_N",276,49,49,"Ec",32,1,1,1,1,1,1
"16550",191,"Ec_N",276,50,50,"Ec",32,1,1,1,1,1,1
"16551",191,"Ec_N",276,51,51,"Ec",32,1,1,1,1,1,1
"16552",191,"Ec_N",276,52,52,"Ec",32,1,1,1,1,1,1
"16553",191,"Ec_N",276,53,53,"Ec",32,1,1,1,1,1,1
"16554",191,"Ec_N",276,54,54,"Ec",32,1,1,1,1,1,1
"16555",191,"Ec_N",276,55,55,"Ec",32,1,1,1,1,1,1
"16556",191,"Ec_N",276,56,56,"Ec",32,1,1,1,1,1,1
"16557",191,"Ec_N",276,57,57,"Ec",32,1,1,1,1,1,1
"16558",191,"Ec_N",276,58,58,"Ec",32,1,1,1,1,1,1
"16559",191,"Ec_N",276,59,59,"Ec",32,1,1,1,1,1,1
"16560",191,"Ec_N",276,60,60,"Ec",32,1,1,1,1,1,1
"16561",191,"Ec_N",277,1,1,"Ec",1,0,0,0,0,0,0
"16562",191,"Ec_N",277,2,2,"Ec",1,0,0,0,0,0,0
"16563",191,"Ec_N",277,3,3,"Ec",1,0,0,0,0,0,0
"16564",191,"Ec_N",277,4,4,"Ec",1,0,0,0,0,0,0
"16565",191,"Ec_N",277,5,5,"Ec",17,0,0,0,0,1,0.229834113103391
"16566",191,"Ec_N",277,6,6,"Ec",17,0,0,0,0,1,0.229834113103391
"16567",191,"Ec_N",277,7,7,"Ec",17,0,0,0,0,1,0.229834113103391
"16568",191,"Ec_N",277,8,8,"Ec",17,0,0,0,0,1,0.229834113103391
"16569",191,"Ec_N",277,9,9,"Ec",17,0,0,0,0,1,0.229834113103391
"16570",191,"Ec_N",277,10,10,"Ec",17,0,0,0,0,1,0.229834113103391
"16571",191,"Ec_N",277,11,11,"Ec",17,0,0,0,0,1,0.229834113103391
"16572",191,"Ec_N",277,12,12,"Ec",17,0,0,0,0,1,0.229834113103391
"16573",191,"Ec_N",277,13,13,"Ec",25,0,0,0,1,1,0.403163568932085
"16574",191,"Ec_N",277,14,14,"Ec",25,0,0,0,1,1,0.403163568932085
"16575",191,"Ec_N",277,15,15,"Ec",25,0,0,0,1,1,0.403163568932085
"16576",191,"Ec_N",277,16,16,"Ec",25,0,0,0,1,1,0.403163568932085
"16577",191,"Ec_N",277,17,17,"Ec",25,0,0,0,1,1,0.403163568932085
"16578",191,"Ec_N",277,18,18,"Ec",25,0,0,0,1,1,0.403163568932085
"16579",191,"Ec_N",277,19,19,"Ec",25,0,0,0,1,1,0.403163568932085
"16580",191,"Ec_N",277,20,20,"Ec",25,0,0,0,1,1,0.403163568932085
"16581",191,"Ec_N",277,21,21,"Ec",25,0,0,0,1,1,0.403163568932085
"16582",191,"Ec_N",277,22,22,"Ec",25,0,0,0,1,1,0.403163568932085
"16583",191,"Ec_N",277,23,23,"Ec",26,1,0,0,1,1,0.514384015075299
"16584",191,"Ec_N",277,24,24,"Ec",26,1,0,0,1,1,0.514384015075299
"16585",191,"Ec_N",277,25,25,"Ec",26,1,0,0,1,1,0.514384015075299
"16586",191,"Ec_N",277,26,26,"Ec",26,1,0,0,1,1,0.514384015075299
"16587",191,"Ec_N",277,27,27,"Ec",26,1,0,0,1,1,0.514384015075299
"16588",191,"Ec_N",277,28,28,"Ec",26,1,0,0,1,1,0.514384015075299
"16589",191,"Ec_N",277,29,29,"Ec",26,1,0,0,1,1,0.514384015075299
"16590",191,"Ec_N",277,30,30,"Ec",26,1,0,0,1,1,0.514384015075299
"16591",191,"Ec_N",277,31,31,"Ec",26,1,0,0,1,1,0.514384015075299
"16592",191,"Ec_N",277,32,32,"Ec",26,1,0,0,1,1,0.514384015075299
"16593",191,"Ec_N",277,33,33,"Ec",26,1,0,0,1,1,0.514384015075299
"16594",191,"Ec_N",277,34,34,"Ec",26,1,0,0,1,1,0.514384015075299
"16595",191,"Ec_N",277,35,35,"Ec",26,1,0,0,1,1,0.514384015075299
"16596",191,"Ec_N",277,36,36,"Ec",26,1,0,0,1,1,0.514384015075299
"16597",191,"Ec_N",277,37,37,"Ec",26,1,0,0,1,1,0.514384015075299
"16598",191,"Ec_N",277,38,38,"Ec",26,1,0,0,1,1,0.514384015075299
"16599",191,"Ec_N",277,39,39,"Ec",26,1,0,0,1,1,0.514384015075299
"16600",191,"Ec_N",277,40,40,"Ec",26,1,0,0,1,1,0.514384015075299
"16601",191,"Ec_N",277,41,41,"Ec",26,1,0,0,1,1,0.514384015075299
"16602",191,"Ec_N",277,42,42,"Ec",26,1,0,0,1,1,0.514384015075299
"16603",191,"Ec_N",277,43,43,"Ec",26,1,0,0,1,1,0.514384015075299
"16604",191,"Ec_N",277,44,44,"Ec",26,1,0,0,1,1,0.514384015075299
"16605",191,"Ec_N",277,45,45,"Ec",26,1,0,0,1,1,0.514384015075299
"16606",191,"Ec_N",277,46,46,"Ec",26,1,0,0,1,1,0.514384015075299
"16607",191,"Ec_N",277,47,47,"Ec",26,1,0,0,1,1,0.514384015075299
"16608",191,"Ec_N",277,48,48,"Ec",26,1,0,0,1,1,0.514384015075299
"16609",191,"Ec_N",277,49,49,"Ec",28,1,1,0,1,1,0.681047421119041
"16610",191,"Ec_N",277,50,50,"Ec",28,1,1,0,1,1,0.681047421119041
"16611",191,"Ec_N",277,51,51,"Ec",28,1,1,0,1,1,0.681047421119041
"16612",191,"Ec_N",277,52,52,"Ec",28,1,1,0,1,1,0.681047421119041
"16613",191,"Ec_N",277,53,53,"Ec",28,1,1,0,1,1,0.681047421119041
"16614",191,"Ec_N",277,54,54,"Ec",32,1,1,1,1,1,1
"16615",191,"Ec_N",277,55,55,"Ec",32,1,1,1,1,1,1
"16616",191,"Ec_N",277,56,56,"Ec",32,1,1,1,1,1,1
"16617",191,"Ec_N",277,57,57,"Ec",32,1,1,1,1,1,1
"16618",191,"Ec_N",277,58,58,"Ec",32,1,1,1,1,1,1
"16619",191,"Ec_N",277,59,59,"Ec",32,1,1,1,1,1,1
"16620",191,"Ec_N",277,60,60,"Ec",32,1,1,1,1,1,1
"16621",191,"Ec_N",278,1,1,"Ec",1,0,0,0,0,0,0
"16622",191,"Ec_N",278,2,2,"Ec",1,0,0,0,0,0,0
"16623",191,"Ec_N",278,3,3,"Ec",1,0,0,0,0,0,0
"16624",191,"Ec_N",278,4,4,"Ec",1,0,0,0,0,0,0
"16625",191,"Ec_N",278,5,5,"Ec",1,0,0,0,0,0,0
"16626",191,"Ec_N",278,6,6,"Ec",3,0,1,0,0,0,0.041311480051295
"16627",191,"Ec_N",278,7,7,"Ec",3,0,1,0,0,0,0.041311480051295
"16628",191,"Ec_N",278,8,8,"Ec",3,0,1,0,0,0,0.041311480051295
"16629",191,"Ec_N",278,9,9,"Ec",3,0,1,0,0,0,0.041311480051295
"16630",191,"Ec_N",278,10,10,"Ec",3,0,1,0,0,0,0.041311480051295
"16631",191,"Ec_N",278,11,11,"Ec",3,0,1,0,0,0,0.041311480051295
"16632",191,"Ec_N",278,12,12,"Ec",3,0,1,0,0,0,0.041311480051295
"16633",191,"Ec_N",278,13,13,"Ec",7,0,1,1,0,0,0.589282297794007
"16634",191,"Ec_N",278,14,14,"Ec",7,0,1,1,0,0,0.589282297794007
"16635",191,"Ec_N",278,15,15,"Ec",7,0,1,1,0,0,0.589282297794007
"16636",191,"Ec_N",278,16,16,"Ec",7,0,1,1,0,0,0.589282297794007
"16637",191,"Ec_N",278,17,17,"Ec",7,0,1,1,0,0,0.589282297794007
"16638",191,"Ec_N",278,18,18,"Ec",7,0,1,1,0,0,0.589282297794007
"16639",191,"Ec_N",278,19,19,"Ec",7,0,1,1,0,0,0.589282297794007
"16640",191,"Ec_N",278,20,20,"Ec",23,0,1,1,0,1,0.616809062130864
"16641",191,"Ec_N",278,21,21,"Ec",31,0,1,1,1,1,0.801979629454064
"16642",191,"Ec_N",278,22,22,"Ec",31,0,1,1,1,1,0.801979629454064
"16643",191,"Ec_N",278,23,23,"Ec",31,0,1,1,1,1,0.801979629454064
"16644",191,"Ec_N",278,24,24,"Ec",32,1,1,1,1,1,1
"16645",191,"Ec_N",278,25,25,"Ec",32,1,1,1,1,1,1
"16646",191,"Ec_N",278,26,26,"Ec",32,1,1,1,1,1,1
"16647",191,"Ec_N",278,27,27,"Ec",32,1,1,1,1,1,1
"16648",191,"Ec_N",278,28,28,"Ec",32,1,1,1,1,1,1
"16649",191,"Ec_N",278,29,29,"Ec",32,1,1,1,1,1,1
"16650",191,"Ec_N",278,30,30,"Ec",32,1,1,1,1,1,1
"16651",191,"Ec_N",278,31,31,"Ec",32,1,1,1,1,1,1
"16652",191,"Ec_N",278,32,32,"Ec",32,1,1,1,1,1,1
"16653",191,"Ec_N",278,33,33,"Ec",32,1,1,1,1,1,1
"16654",191,"Ec_N",278,34,34,"Ec",32,1,1,1,1,1,1
"16655",191,"Ec_N",278,35,35,"Ec",32,1,1,1,1,1,1
"16656",191,"Ec_N",278,36,36,"Ec",32,1,1,1,1,1,1
"16657",191,"Ec_N",278,37,37,"Ec",32,1,1,1,1,1,1
"16658",191,"Ec_N",278,38,38,"Ec",32,1,1,1,1,1,1
"16659",191,"Ec_N",278,39,39,"Ec",32,1,1,1,1,1,1
"16660",191,"Ec_N",278,40,40,"Ec",32,1,1,1,1,1,1
"16661",191,"Ec_N",278,41,41,"Ec",32,1,1,1,1,1,1
"16662",191,"Ec_N",278,42,42,"Ec",32,1,1,1,1,1,1
"16663",191,"Ec_N",278,43,43,"Ec",32,1,1,1,1,1,1
"16664",191,"Ec_N",278,44,44,"Ec",32,1,1,1,1,1,1
"16665",191,"Ec_N",278,45,45,"Ec",32,1,1,1,1,1,1
"16666",191,"Ec_N",278,46,46,"Ec",32,1,1,1,1,1,1
"16667",191,"Ec_N",278,47,47,"Ec",32,1,1,1,1,1,1
"16668",191,"Ec_N",278,48,48,"Ec",32,1,1,1,1,1,1
"16669",191,"Ec_N",278,49,49,"Ec",32,1,1,1,1,1,1
"16670",191,"Ec_N",278,50,50,"Ec",32,1,1,1,1,1,1
"16671",191,"Ec_N",278,51,51,"Ec",32,1,1,1,1,1,1
"16672",191,"Ec_N",278,52,52,"Ec",32,1,1,1,1,1,1
"16673",191,"Ec_N",278,53,53,"Ec",32,1,1,1,1,1,1
"16674",191,"Ec_N",278,54,54,"Ec",32,1,1,1,1,1,1
"16675",191,"Ec_N",278,55,55,"Ec",32,1,1,1,1,1,1
"16676",191,"Ec_N",278,56,56,"Ec",32,1,1,1,1,1,1
"16677",191,"Ec_N",278,57,57,"Ec",32,1,1,1,1,1,1
"16678",191,"Ec_N",278,58,58,"Ec",32,1,1,1,1,1,1
"16679",191,"Ec_N",278,59,59,"Ec",32,1,1,1,1,1,1
"16680",191,"Ec_N",278,60,60,"Ec",32,1,1,1,1,1,1
"16681",191,"Ec_N",279,1,1,"Ec",1,0,0,0,0,0,0
"16682",191,"Ec_N",279,2,2,"Ec",1,0,0,0,0,0,0
"16683",191,"Ec_N",279,3,3,"Ec",1,0,0,0,0,0,0
"16684",191,"Ec_N",279,4,4,"Ec",3,0,1,0,0,0,0.041311480051295
"16685",191,"Ec_N",279,5,5,"Ec",3,0,1,0,0,0,0.041311480051295
"16686",191,"Ec_N",279,6,6,"Ec",3,0,1,0,0,0,0.041311480051295
"16687",191,"Ec_N",279,7,7,"Ec",3,0,1,0,0,0,0.041311480051295
"16688",191,"Ec_N",279,8,8,"Ec",3,0,1,0,0,0,0.041311480051295
"16689",191,"Ec_N",279,9,9,"Ec",3,0,1,0,0,0,0.041311480051295
"16690",191,"Ec_N",279,10,10,"Ec",7,0,1,1,0,0,0.589282297794007
"16691",191,"Ec_N",279,11,11,"Ec",7,0,1,1,0,0,0.589282297794007
"16692",191,"Ec_N",279,12,12,"Ec",7,0,1,1,0,0,0.589282297794007
"16693",191,"Ec_N",279,13,13,"Ec",7,0,1,1,0,0,0.589282297794007
"16694",191,"Ec_N",279,14,14,"Ec",7,0,1,1,0,0,0.589282297794007
"16695",191,"Ec_N",279,15,15,"Ec",7,0,1,1,0,0,0.589282297794007
"16696",191,"Ec_N",279,16,16,"Ec",7,0,1,1,0,0,0.589282297794007
"16697",191,"Ec_N",279,17,17,"Ec",7,0,1,1,0,0,0.589282297794007
"16698",191,"Ec_N",279,18,18,"Ec",7,0,1,1,0,0,0.589282297794007
"16699",191,"Ec_N",279,19,19,"Ec",7,0,1,1,0,0,0.589282297794007
"16700",191,"Ec_N",279,20,20,"Ec",7,0,1,1,0,0,0.589282297794007
"16701",191,"Ec_N",279,21,21,"Ec",7,0,1,1,0,0,0.589282297794007
"16702",191,"Ec_N",279,22,22,"Ec",7,0,1,1,0,0,0.589282297794007
"16703",191,"Ec_N",279,23,23,"Ec",7,0,1,1,0,0,0.589282297794007
"16704",191,"Ec_N",279,24,24,"Ec",7,0,1,1,0,0,0.589282297794007
"16705",191,"Ec_N",279,25,25,"Ec",7,0,1,1,0,0,0.589282297794007
"16706",191,"Ec_N",279,26,26,"Ec",7,0,1,1,0,0,0.589282297794007
"16707",191,"Ec_N",279,27,27,"Ec",7,0,1,1,0,0,0.589282297794007
"16708",191,"Ec_N",279,28,28,"Ec",7,0,1,1,0,0,0.589282297794007
"16709",191,"Ec_N",279,29,29,"Ec",7,0,1,1,0,0,0.589282297794007
"16710",191,"Ec_N",279,30,30,"Ec",7,0,1,1,0,0,0.589282297794007
"16711",191,"Ec_N",279,31,31,"Ec",7,0,1,1,0,0,0.589282297794007
"16712",191,"Ec_N",279,32,32,"Ec",7,0,1,1,0,0,0.589282297794007
"16713",191,"Ec_N",279,33,33,"Ec",7,0,1,1,0,0,0.589282297794007
"16714",191,"Ec_N",279,34,34,"Ec",7,0,1,1,0,0,0.589282297794007
"16715",191,"Ec_N",279,35,35,"Ec",7,0,1,1,0,0,0.589282297794007
"16716",191,"Ec_N",279,36,36,"Ec",7,0,1,1,0,0,0.589282297794007
"16717",191,"Ec_N",279,37,37,"Ec",7,0,1,1,0,0,0.589282297794007
"16718",191,"Ec_N",279,38,38,"Ec",7,0,1,1,0,0,0.589282297794007
"16719",191,"Ec_N",279,39,39,"Ec",7,0,1,1,0,0,0.589282297794007
"16720",191,"Ec_N",279,40,40,"Ec",7,0,1,1,0,0,0.589282297794007
"16721",191,"Ec_N",279,41,41,"Ec",7,0,1,1,0,0,0.589282297794007
"16722",191,"Ec_N",279,42,42,"Ec",7,0,1,1,0,0,0.589282297794007
"16723",191,"Ec_N",279,43,43,"Ec",7,0,1,1,0,0,0.589282297794007
"16724",191,"Ec_N",279,44,44,"Ec",7,0,1,1,0,0,0.589282297794007
"16725",191,"Ec_N",279,45,45,"Ec",7,0,1,1,0,0,0.589282297794007
"16726",191,"Ec_N",279,46,46,"Ec",7,0,1,1,0,0,0.589282297794007
"16727",191,"Ec_N",279,47,47,"Ec",7,0,1,1,0,0,0.589282297794007
"16728",191,"Ec_N",279,48,48,"Ec",7,0,1,1,0,0,0.589282297794007
"16729",191,"Ec_N",279,49,49,"Ec",7,0,1,1,0,0,0.589282297794007
"16730",191,"Ec_N",279,50,50,"Ec",7,0,1,1,0,0,0.589282297794007
"16731",191,"Ec_N",279,51,51,"Ec",7,0,1,1,0,0,0.589282297794007
"16732",191,"Ec_N",279,52,52,"Ec",7,0,1,1,0,0,0.589282297794007
"16733",191,"Ec_N",279,53,53,"Ec",7,0,1,1,0,0,0.589282297794007
"16734",191,"Ec_N",279,54,54,"Ec",7,0,1,1,0,0,0.589282297794007
"16735",191,"Ec_N",279,55,55,"Ec",7,0,1,1,0,0,0.589282297794007
"16736",191,"Ec_N",279,56,56,"Ec",7,0,1,1,0,0,0.589282297794007
"16737",191,"Ec_N",279,57,57,"Ec",7,0,1,1,0,0,0.589282297794007
"16738",191,"Ec_N",279,58,58,"Ec",7,0,1,1,0,0,0.589282297794007
"16739",191,"Ec_N",279,59,59,"Ec",7,0,1,1,0,0,0.589282297794007
"16740",191,"Ec_N",279,60,60,"Ec",7,0,1,1,0,0,0.589282297794007
"16741",191,"Ec_N",280,1,1,"Ec",1,0,0,0,0,0,0
"16742",191,"Ec_N",280,2,2,"Ec",2,1,0,0,0,0,0.198020370545937
"16743",191,"Ec_N",280,3,3,"Ec",2,1,0,0,0,0,0.198020370545937
"16744",191,"Ec_N",280,4,4,"Ec",2,1,0,0,0,0,0.198020370545937
"16745",191,"Ec_N",280,5,5,"Ec",2,1,0,0,0,0,0.198020370545937
"16746",191,"Ec_N",280,6,6,"Ec",2,1,0,0,0,0,0.198020370545937
"16747",191,"Ec_N",280,7,7,"Ec",2,1,0,0,0,0,0.198020370545937
"16748",191,"Ec_N",280,8,8,"Ec",2,1,0,0,0,0,0.198020370545937
"16749",191,"Ec_N",280,9,9,"Ec",2,1,0,0,0,0,0.198020370545937
"16750",191,"Ec_N",280,10,10,"Ec",6,1,0,1,0,0,0.542157591427696
"16751",191,"Ec_N",280,11,11,"Ec",6,1,0,1,0,0,0.542157591427696
"16752",191,"Ec_N",280,12,12,"Ec",22,1,0,1,0,1,0.92522428176681
"16753",191,"Ec_N",280,13,13,"Ec",22,1,0,1,0,1,0.92522428176681
"16754",191,"Ec_N",280,14,14,"Ec",22,1,0,1,0,1,0.92522428176681
"16755",191,"Ec_N",280,15,15,"Ec",22,1,0,1,0,1,0.92522428176681
"16756",191,"Ec_N",280,16,16,"Ec",22,1,0,1,0,1,0.92522428176681
"16757",191,"Ec_N",280,17,17,"Ec",22,1,0,1,0,1,0.92522428176681
"16758",191,"Ec_N",280,18,18,"Ec",22,1,0,1,0,1,0.92522428176681
"16759",191,"Ec_N",280,19,19,"Ec",22,1,0,1,0,1,0.92522428176681
"16760",191,"Ec_N",280,20,20,"Ec",22,1,0,1,0,1,0.92522428176681
"16761",191,"Ec_N",280,21,21,"Ec",22,1,0,1,0,1,0.92522428176681
"16762",191,"Ec_N",280,22,22,"Ec",22,1,0,1,0,1,0.92522428176681
"16763",191,"Ec_N",280,23,23,"Ec",22,1,0,1,0,1,0.92522428176681
"16764",191,"Ec_N",280,24,24,"Ec",22,1,0,1,0,1,0.92522428176681
"16765",191,"Ec_N",280,25,25,"Ec",22,1,0,1,0,1,0.92522428176681
"16766",191,"Ec_N",280,26,26,"Ec",22,1,0,1,0,1,0.92522428176681
"16767",191,"Ec_N",280,27,27,"Ec",22,1,0,1,0,1,0.92522428176681
"16768",191,"Ec_N",280,28,28,"Ec",22,1,0,1,0,1,0.92522428176681
"16769",191,"Ec_N",280,29,29,"Ec",22,1,0,1,0,1,0.92522428176681
"16770",191,"Ec_N",280,30,30,"Ec",22,1,0,1,0,1,0.92522428176681
"16771",191,"Ec_N",280,31,31,"Ec",22,1,0,1,0,1,0.92522428176681
"16772",191,"Ec_N",280,32,32,"Ec",22,1,0,1,0,1,0.92522428176681
"16773",191,"Ec_N",280,33,33,"Ec",24,1,1,1,0,1,0.969458006928044
"16774",191,"Ec_N",280,34,34,"Ec",24,1,1,1,0,1,0.969458006928044
"16775",191,"Ec_N",280,35,35,"Ec",24,1,1,1,0,1,0.969458006928044
"16776",191,"Ec_N",280,36,36,"Ec",24,1,1,1,0,1,0.969458006928044
"16777",191,"Ec_N",280,37,37,"Ec",24,1,1,1,0,1,0.969458006928044
"16778",191,"Ec_N",280,38,38,"Ec",24,1,1,1,0,1,0.969458006928044
"16779",191,"Ec_N",280,39,39,"Ec",24,1,1,1,0,1,0.969458006928044
"16780",191,"Ec_N",280,40,40,"Ec",24,1,1,1,0,1,0.969458006928044
"16781",191,"Ec_N",280,41,41,"Ec",24,1,1,1,0,1,0.969458006928044
"16782",191,"Ec_N",280,42,42,"Ec",24,1,1,1,0,1,0.969458006928044
"16783",191,"Ec_N",280,43,43,"Ec",24,1,1,1,0,1,0.969458006928044
"16784",191,"Ec_N",280,44,44,"Ec",24,1,1,1,0,1,0.969458006928044
"16785",191,"Ec_N",280,45,45,"Ec",24,1,1,1,0,1,0.969458006928044
"16786",191,"Ec_N",280,46,46,"Ec",24,1,1,1,0,1,0.969458006928044
"16787",191,"Ec_N",280,47,47,"Ec",24,1,1,1,0,1,0.969458006928044
"16788",191,"Ec_N",280,48,48,"Ec",24,1,1,1,0,1,0.969458006928044
"16789",191,"Ec_N",280,49,49,"Ec",24,1,1,1,0,1,0.969458006928044
"16790",191,"Ec_N",280,50,50,"Ec",24,1,1,1,0,1,0.969458006928044
"16791",191,"Ec_N",280,51,51,"Ec",24,1,1,1,0,1,0.969458006928044
"16792",191,"Ec_N",280,52,52,"Ec",24,1,1,1,0,1,0.969458006928044
"16793",191,"Ec_N",280,53,53,"Ec",24,1,1,1,0,1,0.969458006928044
"16794",191,"Ec_N",280,54,54,"Ec",24,1,1,1,0,1,0.969458006928044
"16795",191,"Ec_N",280,55,55,"Ec",24,1,1,1,0,1,0.969458006928044
"16796",191,"Ec_N",280,56,56,"Ec",24,1,1,1,0,1,0.969458006928044
"16797",191,"Ec_N",280,57,57,"Ec",24,1,1,1,0,1,0.969458006928044
"16798",191,"Ec_N",280,58,58,"Ec",24,1,1,1,0,1,0.969458006928044
"16799",191,"Ec_N",280,59,59,"Ec",24,1,1,1,0,1,0.969458006928044
"16800",191,"Ec_N",280,60,60,"Ec",24,1,1,1,0,1,0.969458006928044
"16801",191,"Ec_N",281,1,1,"Ec",1,0,0,0,0,0,0
"16802",191,"Ec_N",281,2,2,"Ec",1,0,0,0,0,0,0
"16803",191,"Ec_N",281,3,3,"Ec",9,0,0,0,1,0,0.0305419930719563
"16804",191,"Ec_N",281,4,4,"Ec",9,0,0,0,1,0,0.0305419930719563
"16805",191,"Ec_N",281,5,5,"Ec",9,0,0,0,1,0,0.0305419930719563
"16806",191,"Ec_N",281,6,6,"Ec",9,0,0,0,1,0,0.0305419930719563
"16807",191,"Ec_N",281,7,7,"Ec",9,0,0,0,1,0,0.0305419930719563
"16808",191,"Ec_N",281,8,8,"Ec",9,0,0,0,1,0,0.0305419930719563
"16809",191,"Ec_N",281,9,9,"Ec",9,0,0,0,1,0,0.0305419930719563
"16810",191,"Ec_N",281,10,10,"Ec",9,0,0,0,1,0,0.0305419930719563
"16811",191,"Ec_N",281,11,11,"Ec",9,0,0,0,1,0,0.0305419930719563
"16812",191,"Ec_N",281,12,12,"Ec",25,0,0,0,1,1,0.403163568932085
"16813",191,"Ec_N",281,13,13,"Ec",25,0,0,0,1,1,0.403163568932085
"16814",191,"Ec_N",281,14,14,"Ec",25,0,0,0,1,1,0.403163568932085
"16815",191,"Ec_N",281,15,15,"Ec",25,0,0,0,1,1,0.403163568932085
"16816",191,"Ec_N",281,16,16,"Ec",25,0,0,0,1,1,0.403163568932085
"16817",191,"Ec_N",281,17,17,"Ec",25,0,0,0,1,1,0.403163568932085
"16818",191,"Ec_N",281,18,18,"Ec",25,0,0,0,1,1,0.403163568932085
"16819",191,"Ec_N",281,19,19,"Ec",25,0,0,0,1,1,0.403163568932085
"16820",191,"Ec_N",281,20,20,"Ec",25,0,0,0,1,1,0.403163568932085
"16821",191,"Ec_N",281,21,21,"Ec",25,0,0,0,1,1,0.403163568932085
"16822",191,"Ec_N",281,22,22,"Ec",25,0,0,0,1,1,0.403163568932085
"16823",191,"Ec_N",281,23,23,"Ec",25,0,0,0,1,1,0.403163568932085
"16824",191,"Ec_N",281,24,24,"Ec",25,0,0,0,1,1,0.403163568932085
"16825",191,"Ec_N",281,25,25,"Ec",25,0,0,0,1,1,0.403163568932085
"16826",191,"Ec_N",281,26,26,"Ec",25,0,0,0,1,1,0.403163568932085
"16827",191,"Ec_N",281,27,27,"Ec",29,0,0,1,1,1,0.760668149402769
"16828",191,"Ec_N",281,28,28,"Ec",29,0,0,1,1,1,0.760668149402769
"16829",191,"Ec_N",281,29,29,"Ec",29,0,0,1,1,1,0.760668149402769
"16830",191,"Ec_N",281,30,30,"Ec",29,0,0,1,1,1,0.760668149402769
"16831",191,"Ec_N",281,31,31,"Ec",29,0,0,1,1,1,0.760668149402769
"16832",191,"Ec_N",281,32,32,"Ec",29,0,0,1,1,1,0.760668149402769
"16833",191,"Ec_N",281,33,33,"Ec",29,0,0,1,1,1,0.760668149402769
"16834",191,"Ec_N",281,34,34,"Ec",29,0,0,1,1,1,0.760668149402769
"16835",191,"Ec_N",281,35,35,"Ec",29,0,0,1,1,1,0.760668149402769
"16836",191,"Ec_N",281,36,36,"Ec",29,0,0,1,1,1,0.760668149402769
"16837",191,"Ec_N",281,37,37,"Ec",30,1,0,1,1,1,0.958688519948705
"16838",191,"Ec_N",281,38,38,"Ec",30,1,0,1,1,1,0.958688519948705
"16839",191,"Ec_N",281,39,39,"Ec",30,1,0,1,1,1,0.958688519948705
"16840",191,"Ec_N",281,40,40,"Ec",32,1,1,1,1,1,1
"16841",191,"Ec_N",281,41,41,"Ec",32,1,1,1,1,1,1
"16842",191,"Ec_N",281,42,42,"Ec",32,1,1,1,1,1,1
"16843",191,"Ec_N",281,43,43,"Ec",32,1,1,1,1,1,1
"16844",191,"Ec_N",281,44,44,"Ec",32,1,1,1,1,1,1
"16845",191,"Ec_N",281,45,45,"Ec",32,1,1,1,1,1,1
"16846",191,"Ec_N",281,46,46,"Ec",32,1,1,1,1,1,1
"16847",191,"Ec_N",281,47,47,"Ec",32,1,1,1,1,1,1
"16848",191,"Ec_N",281,48,48,"Ec",32,1,1,1,1,1,1
"16849",191,"Ec_N",281,49,49,"Ec",32,1,1,1,1,1,1
"16850",191,"Ec_N",281,50,50,"Ec",32,1,1,1,1,1,1
"16851",191,"Ec_N",281,51,51,"Ec",32,1,1,1,1,1,1
"16852",191,"Ec_N",281,52,52,"Ec",32,1,1,1,1,1,1
"16853",191,"Ec_N",281,53,53,"Ec",32,1,1,1,1,1,1
"16854",191,"Ec_N",281,54,54,"Ec",32,1,1,1,1,1,1
"16855",191,"Ec_N",281,55,55,"Ec",32,1,1,1,1,1,1
"16856",191,"Ec_N",281,56,56,"Ec",32,1,1,1,1,1,1
"16857",191,"Ec_N",281,57,57,"Ec",32,1,1,1,1,1,1
"16858",191,"Ec_N",281,58,58,"Ec",32,1,1,1,1,1,1
"16859",191,"Ec_N",281,59,59,"Ec",32,1,1,1,1,1,1
"16860",191,"Ec_N",281,60,60,"Ec",32,1,1,1,1,1,1
"16861",191,"Ec_N",282,1,1,"Ec",1,0,0,0,0,0,0
"16862",191,"Ec_N",282,2,2,"Ec",1,0,0,0,0,0,0
"16863",191,"Ec_N",282,3,3,"Ec",1,0,0,0,0,0,0
"16864",191,"Ec_N",282,4,4,"Ec",1,0,0,0,0,0,0
"16865",191,"Ec_N",282,5,5,"Ec",1,0,0,0,0,0,0
"16866",191,"Ec_N",282,6,6,"Ec",1,0,0,0,0,0,0
"16867",191,"Ec_N",282,7,7,"Ec",5,0,0,1,0,0,0.49313446766664
"16868",191,"Ec_N",282,8,8,"Ec",21,0,0,1,0,1,0.726280938342543
"16869",191,"Ec_N",282,9,9,"Ec",21,0,0,1,0,1,0.726280938342543
"16870",191,"Ec_N",282,10,10,"Ec",21,0,0,1,0,1,0.726280938342543
"16871",191,"Ec_N",282,11,11,"Ec",21,0,0,1,0,1,0.726280938342543
"16872",191,"Ec_N",282,12,12,"Ec",21,0,0,1,0,1,0.726280938342543
"16873",191,"Ec_N",282,13,13,"Ec",21,0,0,1,0,1,0.726280938342543
"16874",191,"Ec_N",282,14,14,"Ec",21,0,0,1,0,1,0.726280938342543
"16875",191,"Ec_N",282,15,15,"Ec",21,0,0,1,0,1,0.726280938342543
"16876",191,"Ec_N",282,16,16,"Ec",21,0,0,1,0,1,0.726280938342543
"16877",191,"Ec_N",282,17,17,"Ec",21,0,0,1,0,1,0.726280938342543
"16878",191,"Ec_N",282,18,18,"Ec",21,0,0,1,0,1,0.726280938342543
"16879",191,"Ec_N",282,19,19,"Ec",21,0,0,1,0,1,0.726280938342543
"16880",191,"Ec_N",282,20,20,"Ec",21,0,0,1,0,1,0.726280938342543
"16881",191,"Ec_N",282,21,21,"Ec",21,0,0,1,0,1,0.726280938342543
"16882",191,"Ec_N",282,22,22,"Ec",21,0,0,1,0,1,0.726280938342543
"16883",191,"Ec_N",282,23,23,"Ec",21,0,0,1,0,1,0.726280938342543
"16884",191,"Ec_N",282,24,24,"Ec",21,0,0,1,0,1,0.726280938342543
"16885",191,"Ec_N",282,25,25,"Ec",21,0,0,1,0,1,0.726280938342543
"16886",191,"Ec_N",282,26,26,"Ec",21,0,0,1,0,1,0.726280938342543
"16887",191,"Ec_N",282,27,27,"Ec",21,0,0,1,0,1,0.726280938342543
"16888",191,"Ec_N",282,28,28,"Ec",21,0,0,1,0,1,0.726280938342543
"16889",191,"Ec_N",282,29,29,"Ec",21,0,0,1,0,1,0.726280938342543
"16890",191,"Ec_N",282,30,30,"Ec",21,0,0,1,0,1,0.726280938342543
"16891",191,"Ec_N",282,31,31,"Ec",21,0,0,1,0,1,0.726280938342543
"16892",191,"Ec_N",282,32,32,"Ec",21,0,0,1,0,1,0.726280938342543
"16893",191,"Ec_N",282,33,33,"Ec",21,0,0,1,0,1,0.726280938342543
"16894",191,"Ec_N",282,34,34,"Ec",21,0,0,1,0,1,0.726280938342543
"16895",191,"Ec_N",282,35,35,"Ec",21,0,0,1,0,1,0.726280938342543
"16896",191,"Ec_N",282,36,36,"Ec",21,0,0,1,0,1,0.726280938342543
"16897",191,"Ec_N",282,37,37,"Ec",22,1,0,1,0,1,0.92522428176681
"16898",191,"Ec_N",282,38,38,"Ec",22,1,0,1,0,1,0.92522428176681
"16899",191,"Ec_N",282,39,39,"Ec",22,1,0,1,0,1,0.92522428176681
"16900",191,"Ec_N",282,40,40,"Ec",22,1,0,1,0,1,0.92522428176681
"16901",191,"Ec_N",282,41,41,"Ec",22,1,0,1,0,1,0.92522428176681
"16902",191,"Ec_N",282,42,42,"Ec",22,1,0,1,0,1,0.92522428176681
"16903",191,"Ec_N",282,43,43,"Ec",22,1,0,1,0,1,0.92522428176681
"16904",191,"Ec_N",282,44,44,"Ec",22,1,0,1,0,1,0.92522428176681
"16905",191,"Ec_N",282,45,45,"Ec",22,1,0,1,0,1,0.92522428176681
"16906",191,"Ec_N",282,46,46,"Ec",22,1,0,1,0,1,0.92522428176681
"16907",191,"Ec_N",282,47,47,"Ec",22,1,0,1,0,1,0.92522428176681
"16908",191,"Ec_N",282,48,48,"Ec",22,1,0,1,0,1,0.92522428176681
"16909",191,"Ec_N",282,49,49,"Ec",22,1,0,1,0,1,0.92522428176681
"16910",191,"Ec_N",282,50,50,"Ec",22,1,0,1,0,1,0.92522428176681
"16911",191,"Ec_N",282,51,51,"Ec",22,1,0,1,0,1,0.92522428176681
"16912",191,"Ec_N",282,52,52,"Ec",22,1,0,1,0,1,0.92522428176681
"16913",191,"Ec_N",282,53,53,"Ec",22,1,0,1,0,1,0.92522428176681
"16914",191,"Ec_N",282,54,54,"Ec",22,1,0,1,0,1,0.92522428176681
"16915",191,"Ec_N",282,55,55,"Ec",22,1,0,1,0,1,0.92522428176681
"16916",191,"Ec_N",282,56,56,"Ec",22,1,0,1,0,1,0.92522428176681
"16917",191,"Ec_N",282,57,57,"Ec",22,1,0,1,0,1,0.92522428176681
"16918",191,"Ec_N",282,58,58,"Ec",22,1,0,1,0,1,0.92522428176681
"16919",191,"Ec_N",282,59,59,"Ec",22,1,0,1,0,1,0.92522428176681
"16920",191,"Ec_N",282,60,60,"Ec",22,1,0,1,0,1,0.92522428176681
"16921",191,"Ec_N",283,1,1,"Ec",1,0,0,0,0,0,0
"16922",191,"Ec_N",283,2,2,"Ec",1,0,0,0,0,0,0
"16923",191,"Ec_N",283,3,3,"Ec",5,0,0,1,0,0,0.49313446766664
"16924",191,"Ec_N",283,4,4,"Ec",5,0,0,1,0,0,0.49313446766664
"16925",191,"Ec_N",283,5,5,"Ec",5,0,0,1,0,0,0.49313446766664
"16926",191,"Ec_N",283,6,6,"Ec",5,0,0,1,0,0,0.49313446766664
"16927",191,"Ec_N",283,7,7,"Ec",5,0,0,1,0,0,0.49313446766664
"16928",191,"Ec_N",283,8,8,"Ec",5,0,0,1,0,0,0.49313446766664
"16929",191,"Ec_N",283,9,9,"Ec",5,0,0,1,0,0,0.49313446766664
"16930",191,"Ec_N",283,10,10,"Ec",5,0,0,1,0,0,0.49313446766664
"16931",191,"Ec_N",283,11,11,"Ec",5,0,0,1,0,0,0.49313446766664
"16932",191,"Ec_N",283,12,12,"Ec",5,0,0,1,0,0,0.49313446766664
"16933",191,"Ec_N",283,13,13,"Ec",5,0,0,1,0,0,0.49313446766664
"16934",191,"Ec_N",283,14,14,"Ec",5,0,0,1,0,0,0.49313446766664
"16935",191,"Ec_N",283,15,15,"Ec",5,0,0,1,0,0,0.49313446766664
"16936",191,"Ec_N",283,16,16,"Ec",5,0,0,1,0,0,0.49313446766664
"16937",191,"Ec_N",283,17,17,"Ec",5,0,0,1,0,0,0.49313446766664
"16938",191,"Ec_N",283,18,18,"Ec",6,1,0,1,0,0,0.542157591427696
"16939",191,"Ec_N",283,19,19,"Ec",6,1,0,1,0,0,0.542157591427696
"16940",191,"Ec_N",283,20,20,"Ec",6,1,0,1,0,0,0.542157591427696
"16941",191,"Ec_N",283,21,21,"Ec",6,1,0,1,0,0,0.542157591427696
"16942",191,"Ec_N",283,22,22,"Ec",6,1,0,1,0,0,0.542157591427696
"16943",191,"Ec_N",283,23,23,"Ec",6,1,0,1,0,0,0.542157591427696
"16944",191,"Ec_N",283,24,24,"Ec",6,1,0,1,0,0,0.542157591427696
"16945",191,"Ec_N",283,25,25,"Ec",6,1,0,1,0,0,0.542157591427696
"16946",191,"Ec_N",283,26,26,"Ec",6,1,0,1,0,0,0.542157591427696
"16947",191,"Ec_N",283,27,27,"Ec",14,1,0,1,1,0,0.746777083195453
"16948",191,"Ec_N",283,28,28,"Ec",14,1,0,1,1,0,0.746777083195453
"16949",191,"Ec_N",283,29,29,"Ec",14,1,0,1,1,0,0.746777083195453
"16950",191,"Ec_N",283,30,30,"Ec",14,1,0,1,1,0,0.746777083195453
"16951",191,"Ec_N",283,31,31,"Ec",14,1,0,1,1,0,0.746777083195453
"16952",191,"Ec_N",283,32,32,"Ec",14,1,0,1,1,0,0.746777083195453
"16953",191,"Ec_N",283,33,33,"Ec",14,1,0,1,1,0,0.746777083195453
"16954",191,"Ec_N",283,34,34,"Ec",14,1,0,1,1,0,0.746777083195453
"16955",191,"Ec_N",283,35,35,"Ec",14,1,0,1,1,0,0.746777083195453
"16956",191,"Ec_N",283,36,36,"Ec",14,1,0,1,1,0,0.746777083195453
"16957",191,"Ec_N",283,37,37,"Ec",14,1,0,1,1,0,0.746777083195453
"16958",191,"Ec_N",283,38,38,"Ec",14,1,0,1,1,0,0.746777083195453
"16959",191,"Ec_N",283,39,39,"Ec",14,1,0,1,1,0,0.746777083195453
"16960",191,"Ec_N",283,40,40,"Ec",14,1,0,1,1,0,0.746777083195453
"16961",191,"Ec_N",283,41,41,"Ec",14,1,0,1,1,0,0.746777083195453
"16962",191,"Ec_N",283,42,42,"Ec",14,1,0,1,1,0,0.746777083195453
"16963",191,"Ec_N",283,43,43,"Ec",14,1,0,1,1,0,0.746777083195453
"16964",191,"Ec_N",283,44,44,"Ec",14,1,0,1,1,0,0.746777083195453
"16965",191,"Ec_N",283,45,45,"Ec",14,1,0,1,1,0,0.746777083195453
"16966",191,"Ec_N",283,46,46,"Ec",14,1,0,1,1,0,0.746777083195453
"16967",191,"Ec_N",283,47,47,"Ec",14,1,0,1,1,0,0.746777083195453
"16968",191,"Ec_N",283,48,48,"Ec",14,1,0,1,1,0,0.746777083195453
"16969",191,"Ec_N",283,49,49,"Ec",14,1,0,1,1,0,0.746777083195453
"16970",191,"Ec_N",283,50,50,"Ec",14,1,0,1,1,0,0.746777083195453
"16971",191,"Ec_N",283,51,51,"Ec",14,1,0,1,1,0,0.746777083195453
"16972",191,"Ec_N",283,52,52,"Ec",14,1,0,1,1,0,0.746777083195453
"16973",191,"Ec_N",283,53,53,"Ec",14,1,0,1,1,0,0.746777083195453
"16974",191,"Ec_N",283,54,54,"Ec",14,1,0,1,1,0,0.746777083195453
"16975",191,"Ec_N",283,55,55,"Ec",14,1,0,1,1,0,0.746777083195453
"16976",191,"Ec_N",283,56,56,"Ec",14,1,0,1,1,0,0.746777083195453
"16977",191,"Ec_N",283,57,57,"Ec",14,1,0,1,1,0,0.746777083195453
"16978",191,"Ec_N",283,58,58,"Ec",14,1,0,1,1,0,0.746777083195453
"16979",191,"Ec_N",283,59,59,"Ec",14,1,0,1,1,0,0.746777083195453
"16980",191,"Ec_N",283,60,60,"Ec",14,1,0,1,1,0,0.746777083195453
"16981",191,"Ec_N",284,1,1,"Ec",1,0,0,0,0,0,0
"16982",191,"Ec_N",284,2,2,"Ec",1,0,0,0,0,0,0
"16983",191,"Ec_N",284,3,3,"Ec",1,0,0,0,0,0,0
"16984",191,"Ec_N",284,4,4,"Ec",1,0,0,0,0,0,0
"16985",191,"Ec_N",284,5,5,"Ec",1,0,0,0,0,0,0
"16986",191,"Ec_N",284,6,6,"Ec",1,0,0,0,0,0,0
"16987",191,"Ec_N",284,7,7,"Ec",3,0,1,0,0,0,0.041311480051295
"16988",191,"Ec_N",284,8,8,"Ec",3,0,1,0,0,0,0.041311480051295
"16989",191,"Ec_N",284,9,9,"Ec",3,0,1,0,0,0,0.041311480051295
"16990",191,"Ec_N",284,10,10,"Ec",3,0,1,0,0,0,0.041311480051295
"16991",191,"Ec_N",284,11,11,"Ec",3,0,1,0,0,0,0.041311480051295
"16992",191,"Ec_N",284,12,12,"Ec",3,0,1,0,0,0,0.041311480051295
"16993",191,"Ec_N",284,13,13,"Ec",3,0,1,0,0,0,0.041311480051295
"16994",191,"Ec_N",284,14,14,"Ec",3,0,1,0,0,0,0.041311480051295
"16995",191,"Ec_N",284,15,15,"Ec",3,0,1,0,0,0,0.041311480051295
"16996",191,"Ec_N",284,16,16,"Ec",3,0,1,0,0,0,0.041311480051295
"16997",191,"Ec_N",284,17,17,"Ec",3,0,1,0,0,0,0.041311480051295
"16998",191,"Ec_N",284,18,18,"Ec",3,0,1,0,0,0,0.041311480051295
"16999",191,"Ec_N",284,19,19,"Ec",3,0,1,0,0,0,0.041311480051295
"17000",191,"Ec_N",284,20,20,"Ec",3,0,1,0,0,0,0.041311480051295
"17001",191,"Ec_N",284,21,21,"Ec",3,0,1,0,0,0,0.041311480051295
"17002",191,"Ec_N",284,22,22,"Ec",3,0,1,0,0,0,0.041311480051295
"17003",191,"Ec_N",284,23,23,"Ec",3,0,1,0,0,0,0.041311480051295
"17004",191,"Ec_N",284,24,24,"Ec",3,0,1,0,0,0,0.041311480051295
"17005",191,"Ec_N",284,25,25,"Ec",3,0,1,0,0,0,0.041311480051295
"17006",191,"Ec_N",284,26,26,"Ec",3,0,1,0,0,0,0.041311480051295
"17007",191,"Ec_N",284,27,27,"Ec",3,0,1,0,0,0,0.041311480051295
"17008",191,"Ec_N",284,28,28,"Ec",3,0,1,0,0,0,0.041311480051295
"17009",191,"Ec_N",284,29,29,"Ec",3,0,1,0,0,0,0.041311480051295
"17010",191,"Ec_N",284,30,30,"Ec",3,0,1,0,0,0,0.041311480051295
"17011",191,"Ec_N",284,31,31,"Ec",3,0,1,0,0,0,0.041311480051295
"17012",191,"Ec_N",284,32,32,"Ec",3,0,1,0,0,0,0.041311480051295
"17013",191,"Ec_N",284,33,33,"Ec",3,0,1,0,0,0,0.041311480051295
"17014",191,"Ec_N",284,34,34,"Ec",3,0,1,0,0,0,0.041311480051295
"17015",191,"Ec_N",284,35,35,"Ec",19,0,1,0,0,1,0.427300415500348
"17016",191,"Ec_N",284,36,36,"Ec",19,0,1,0,0,1,0.427300415500348
"17017",191,"Ec_N",284,37,37,"Ec",23,0,1,1,0,1,0.616809062130864
"17018",191,"Ec_N",284,38,38,"Ec",23,0,1,1,0,1,0.616809062130864
"17019",191,"Ec_N",284,39,39,"Ec",23,0,1,1,0,1,0.616809062130864
"17020",191,"Ec_N",284,40,40,"Ec",24,1,1,1,0,1,0.969458006928044
"17021",191,"Ec_N",284,41,41,"Ec",24,1,1,1,0,1,0.969458006928044
"17022",191,"Ec_N",284,42,42,"Ec",24,1,1,1,0,1,0.969458006928044
"17023",191,"Ec_N",284,43,43,"Ec",24,1,1,1,0,1,0.969458006928044
"17024",191,"Ec_N",284,44,44,"Ec",24,1,1,1,0,1,0.969458006928044
"17025",191,"Ec_N",284,45,45,"Ec",24,1,1,1,0,1,0.969458006928044
"17026",191,"Ec_N",284,46,46,"Ec",32,1,1,1,1,1,1
"17027",191,"Ec_N",284,47,47,"Ec",32,1,1,1,1,1,1
"17028",191,"Ec_N",284,48,48,"Ec",32,1,1,1,1,1,1
"17029",191,"Ec_N",284,49,49,"Ec",32,1,1,1,1,1,1
"17030",191,"Ec_N",284,50,50,"Ec",32,1,1,1,1,1,1
"17031",191,"Ec_N",284,51,51,"Ec",32,1,1,1,1,1,1
"17032",191,"Ec_N",284,52,52,"Ec",32,1,1,1,1,1,1
"17033",191,"Ec_N",284,53,53,"Ec",32,1,1,1,1,1,1
"17034",191,"Ec_N",284,54,54,"Ec",32,1,1,1,1,1,1
"17035",191,"Ec_N",284,55,55,"Ec",32,1,1,1,1,1,1
"17036",191,"Ec_N",284,56,56,"Ec",32,1,1,1,1,1,1
"17037",191,"Ec_N",284,57,57,"Ec",32,1,1,1,1,1,1
"17038",191,"Ec_N",284,58,58,"Ec",32,1,1,1,1,1,1
"17039",191,"Ec_N",284,59,59,"Ec",32,1,1,1,1,1,1
"17040",191,"Ec_N",284,60,60,"Ec",32,1,1,1,1,1,1
"17041",191,"Ec_N",285,1,1,"Ec",1,0,0,0,0,0,0
"17042",191,"Ec_N",285,2,2,"Ec",1,0,0,0,0,0,0
"17043",191,"Ec_N",285,3,3,"Ec",1,0,0,0,0,0,0
"17044",191,"Ec_N",285,4,4,"Ec",2,1,0,0,0,0,0.198020370545937
"17045",191,"Ec_N",285,5,5,"Ec",10,1,0,0,1,0,0.228562363617893
"17046",191,"Ec_N",285,6,6,"Ec",14,1,0,1,1,0,0.746777083195453
"17047",191,"Ec_N",285,7,7,"Ec",14,1,0,1,1,0,0.746777083195453
"17048",191,"Ec_N",285,8,8,"Ec",30,1,0,1,1,1,0.958688519948705
"17049",191,"Ec_N",285,9,9,"Ec",30,1,0,1,1,1,0.958688519948705
"17050",191,"Ec_N",285,10,10,"Ec",30,1,0,1,1,1,0.958688519948705
"17051",191,"Ec_N",285,11,11,"Ec",30,1,0,1,1,1,0.958688519948705
"17052",191,"Ec_N",285,12,12,"Ec",30,1,0,1,1,1,0.958688519948705
"17053",191,"Ec_N",285,13,13,"Ec",30,1,0,1,1,1,0.958688519948705
"17054",191,"Ec_N",285,14,14,"Ec",30,1,0,1,1,1,0.958688519948705
"17055",191,"Ec_N",285,15,15,"Ec",30,1,0,1,1,1,0.958688519948705
"17056",191,"Ec_N",285,16,16,"Ec",30,1,0,1,1,1,0.958688519948705
"17057",191,"Ec_N",285,17,17,"Ec",30,1,0,1,1,1,0.958688519948705
"17058",191,"Ec_N",285,18,18,"Ec",32,1,1,1,1,1,1
"17059",191,"Ec_N",285,19,19,"Ec",32,1,1,1,1,1,1
"17060",191,"Ec_N",285,20,20,"Ec",32,1,1,1,1,1,1
"17061",191,"Ec_N",285,21,21,"Ec",32,1,1,1,1,1,1
"17062",191,"Ec_N",285,22,22,"Ec",32,1,1,1,1,1,1
"17063",191,"Ec_N",285,23,23,"Ec",32,1,1,1,1,1,1
"17064",191,"Ec_N",285,24,24,"Ec",32,1,1,1,1,1,1
"17065",191,"Ec_N",285,25,25,"Ec",32,1,1,1,1,1,1
"17066",191,"Ec_N",285,26,26,"Ec",32,1,1,1,1,1,1
"17067",191,"Ec_N",285,27,27,"Ec",32,1,1,1,1,1,1
"17068",191,"Ec_N",285,28,28,"Ec",32,1,1,1,1,1,1
"17069",191,"Ec_N",285,29,29,"Ec",32,1,1,1,1,1,1
"17070",191,"Ec_N",285,30,30,"Ec",32,1,1,1,1,1,1
"17071",191,"Ec_N",285,31,31,"Ec",32,1,1,1,1,1,1
"17072",191,"Ec_N",285,32,32,"Ec",32,1,1,1,1,1,1
"17073",191,"Ec_N",285,33,33,"Ec",32,1,1,1,1,1,1
"17074",191,"Ec_N",285,34,34,"Ec",32,1,1,1,1,1,1
"17075",191,"Ec_N",285,35,35,"Ec",32,1,1,1,1,1,1
"17076",191,"Ec_N",285,36,36,"Ec",32,1,1,1,1,1,1
"17077",191,"Ec_N",285,37,37,"Ec",32,1,1,1,1,1,1
"17078",191,"Ec_N",285,38,38,"Ec",32,1,1,1,1,1,1
"17079",191,"Ec_N",285,39,39,"Ec",32,1,1,1,1,1,1
"17080",191,"Ec_N",285,40,40,"Ec",32,1,1,1,1,1,1
"17081",191,"Ec_N",285,41,41,"Ec",32,1,1,1,1,1,1
"17082",191,"Ec_N",285,42,42,"Ec",32,1,1,1,1,1,1
"17083",191,"Ec_N",285,43,43,"Ec",32,1,1,1,1,1,1
"17084",191,"Ec_N",285,44,44,"Ec",32,1,1,1,1,1,1
"17085",191,"Ec_N",285,45,45,"Ec",32,1,1,1,1,1,1
"17086",191,"Ec_N",285,46,46,"Ec",32,1,1,1,1,1,1
"17087",191,"Ec_N",285,47,47,"Ec",32,1,1,1,1,1,1
"17088",191,"Ec_N",285,48,48,"Ec",32,1,1,1,1,1,1
"17089",191,"Ec_N",285,49,49,"Ec",32,1,1,1,1,1,1
"17090",191,"Ec_N",285,50,50,"Ec",32,1,1,1,1,1,1
"17091",191,"Ec_N",285,51,51,"Ec",32,1,1,1,1,1,1
"17092",191,"Ec_N",285,52,52,"Ec",32,1,1,1,1,1,1
"17093",191,"Ec_N",285,53,53,"Ec",32,1,1,1,1,1,1
"17094",191,"Ec_N",285,54,54,"Ec",32,1,1,1,1,1,1
"17095",191,"Ec_N",285,55,55,"Ec",32,1,1,1,1,1,1
"17096",191,"Ec_N",285,56,56,"Ec",32,1,1,1,1,1,1
"17097",191,"Ec_N",285,57,57,"Ec",32,1,1,1,1,1,1
"17098",191,"Ec_N",285,58,58,"Ec",32,1,1,1,1,1,1
"17099",191,"Ec_N",285,59,59,"Ec",32,1,1,1,1,1,1
"17100",191,"Ec_N",285,60,60,"Ec",32,1,1,1,1,1,1
"17101",191,"Ec_N",286,1,1,"Ec",1,0,0,0,0,0,0
"17102",191,"Ec_N",286,2,2,"Ec",1,0,0,0,0,0,0
"17103",191,"Ec_N",286,3,3,"Ec",1,0,0,0,0,0,0
"17104",191,"Ec_N",286,4,4,"Ec",2,1,0,0,0,0,0.198020370545937
"17105",191,"Ec_N",286,5,5,"Ec",2,1,0,0,0,0,0.198020370545937
"17106",191,"Ec_N",286,6,6,"Ec",2,1,0,0,0,0,0.198020370545937
"17107",191,"Ec_N",286,7,7,"Ec",2,1,0,0,0,0,0.198020370545937
"17108",191,"Ec_N",286,8,8,"Ec",2,1,0,0,0,0,0.198020370545937
"17109",191,"Ec_N",286,9,9,"Ec",2,1,0,0,0,0,0.198020370545937
"17110",191,"Ec_N",286,10,10,"Ec",2,1,0,0,0,0,0.198020370545937
"17111",191,"Ec_N",286,11,11,"Ec",2,1,0,0,0,0,0.198020370545937
"17112",191,"Ec_N",286,12,12,"Ec",2,1,0,0,0,0,0.198020370545937
"17113",191,"Ec_N",286,13,13,"Ec",2,1,0,0,0,0,0.198020370545937
"17114",191,"Ec_N",286,14,14,"Ec",2,1,0,0,0,0,0.198020370545937
"17115",191,"Ec_N",286,15,15,"Ec",2,1,0,0,0,0,0.198020370545937
"17116",191,"Ec_N",286,16,16,"Ec",2,1,0,0,0,0,0.198020370545937
"17117",191,"Ec_N",286,17,17,"Ec",2,1,0,0,0,0,0.198020370545937
"17118",191,"Ec_N",286,18,18,"Ec",2,1,0,0,0,0,0.198020370545937
"17119",191,"Ec_N",286,19,19,"Ec",2,1,0,0,0,0,0.198020370545937
"17120",191,"Ec_N",286,20,20,"Ec",2,1,0,0,0,0,0.198020370545937
"17121",191,"Ec_N",286,21,21,"Ec",2,1,0,0,0,0,0.198020370545937
"17122",191,"Ec_N",286,22,22,"Ec",2,1,0,0,0,0,0.198020370545937
"17123",191,"Ec_N",286,23,23,"Ec",2,1,0,0,0,0,0.198020370545937
"17124",191,"Ec_N",286,24,24,"Ec",2,1,0,0,0,0,0.198020370545937
"17125",191,"Ec_N",286,25,25,"Ec",10,1,0,0,1,0,0.228562363617893
"17126",191,"Ec_N",286,26,26,"Ec",10,1,0,0,1,0,0.228562363617893
"17127",191,"Ec_N",286,27,27,"Ec",10,1,0,0,1,0,0.228562363617893
"17128",191,"Ec_N",286,28,28,"Ec",10,1,0,0,1,0,0.228562363617893
"17129",191,"Ec_N",286,29,29,"Ec",10,1,0,0,1,0,0.228562363617893
"17130",191,"Ec_N",286,30,30,"Ec",10,1,0,0,1,0,0.228562363617893
"17131",191,"Ec_N",286,31,31,"Ec",10,1,0,0,1,0,0.228562363617893
"17132",191,"Ec_N",286,32,32,"Ec",10,1,0,0,1,0,0.228562363617893
"17133",191,"Ec_N",286,33,33,"Ec",10,1,0,0,1,0,0.228562363617893
"17134",191,"Ec_N",286,34,34,"Ec",10,1,0,0,1,0,0.228562363617893
"17135",191,"Ec_N",286,35,35,"Ec",12,1,1,0,1,0,0.259780205416137
"17136",191,"Ec_N",286,36,36,"Ec",12,1,1,0,1,0,0.259780205416137
"17137",191,"Ec_N",286,37,37,"Ec",12,1,1,0,1,0,0.259780205416137
"17138",191,"Ec_N",286,38,38,"Ec",12,1,1,0,1,0,0.259780205416137
"17139",191,"Ec_N",286,39,39,"Ec",12,1,1,0,1,0,0.259780205416137
"17140",191,"Ec_N",286,40,40,"Ec",12,1,1,0,1,0,0.259780205416137
"17141",191,"Ec_N",286,41,41,"Ec",12,1,1,0,1,0,0.259780205416137
"17142",191,"Ec_N",286,42,42,"Ec",16,1,1,1,1,0,0.456015583082203
"17143",191,"Ec_N",286,43,43,"Ec",16,1,1,1,1,0,0.456015583082203
"17144",191,"Ec_N",286,44,44,"Ec",16,1,1,1,1,0,0.456015583082203
"17145",191,"Ec_N",286,45,45,"Ec",16,1,1,1,1,0,0.456015583082203
"17146",191,"Ec_N",286,46,46,"Ec",16,1,1,1,1,0,0.456015583082203
"17147",191,"Ec_N",286,47,47,"Ec",16,1,1,1,1,0,0.456015583082203
"17148",191,"Ec_N",286,48,48,"Ec",16,1,1,1,1,0,0.456015583082203
"17149",191,"Ec_N",286,49,49,"Ec",16,1,1,1,1,0,0.456015583082203
"17150",191,"Ec_N",286,50,50,"Ec",8,1,1,1,0,0,0.583469071478991
"17151",191,"Ec_N",286,51,51,"Ec",8,1,1,1,0,0,0.583469071478991
"17152",191,"Ec_N",286,52,52,"Ec",8,1,1,1,0,0,0.583469071478991
"17153",191,"Ec_N",286,53,53,"Ec",8,1,1,1,0,0,0.583469071478991
"17154",191,"Ec_N",286,54,54,"Ec",8,1,1,1,0,0,0.583469071478991
"17155",191,"Ec_N",286,55,55,"Ec",8,1,1,1,0,0,0.583469071478991
"17156",191,"Ec_N",286,56,56,"Ec",8,1,1,1,0,0,0.583469071478991
"17157",191,"Ec_N",286,57,57,"Ec",8,1,1,1,0,0,0.583469071478991
"17158",191,"Ec_N",286,58,58,"Ec",8,1,1,1,0,0,0.583469071478991
"17159",191,"Ec_N",286,59,59,"Ec",8,1,1,1,0,0,0.583469071478991
"17160",191,"Ec_N",286,60,60,"Ec",8,1,1,1,0,0,0.583469071478991
"17161",191,"Ec_N",287,1,1,"Ec",1,0,0,0,0,0,0
"17162",191,"Ec_N",287,2,2,"Ec",2,1,0,0,0,0,0.198020370545937
"17163",191,"Ec_N",287,3,3,"Ec",10,1,0,0,1,0,0.228562363617893
"17164",191,"Ec_N",287,4,4,"Ec",10,1,0,0,1,0,0.228562363617893
"17165",191,"Ec_N",287,5,5,"Ec",10,1,0,0,1,0,0.228562363617893
"17166",191,"Ec_N",287,6,6,"Ec",10,1,0,0,1,0,0.228562363617893
"17167",191,"Ec_N",287,7,7,"Ec",10,1,0,0,1,0,0.228562363617893
"17168",191,"Ec_N",287,8,8,"Ec",10,1,0,0,1,0,0.228562363617893
"17169",191,"Ec_N",287,9,9,"Ec",10,1,0,0,1,0,0.228562363617893
"17170",191,"Ec_N",287,10,10,"Ec",10,1,0,0,1,0,0.228562363617893
"17171",191,"Ec_N",287,11,11,"Ec",10,1,0,0,1,0,0.228562363617893
"17172",191,"Ec_N",287,12,12,"Ec",10,1,0,0,1,0,0.228562363617893
"17173",191,"Ec_N",287,13,13,"Ec",10,1,0,0,1,0,0.228562363617893
"17174",191,"Ec_N",287,14,14,"Ec",12,1,1,0,1,0,0.259780205416137
"17175",191,"Ec_N",287,15,15,"Ec",12,1,1,0,1,0,0.259780205416137
"17176",191,"Ec_N",287,16,16,"Ec",12,1,1,0,1,0,0.259780205416137
"17177",191,"Ec_N",287,17,17,"Ec",16,1,1,1,1,0,0.456015583082203
"17178",191,"Ec_N",287,18,18,"Ec",16,1,1,1,1,0,0.456015583082203
"17179",191,"Ec_N",287,19,19,"Ec",16,1,1,1,1,0,0.456015583082203
"17180",191,"Ec_N",287,20,20,"Ec",16,1,1,1,1,0,0.456015583082203
"17181",191,"Ec_N",287,21,21,"Ec",32,1,1,1,1,1,1
"17182",191,"Ec_N",287,22,22,"Ec",32,1,1,1,1,1,1
"17183",191,"Ec_N",287,23,23,"Ec",32,1,1,1,1,1,1
"17184",191,"Ec_N",287,24,24,"Ec",32,1,1,1,1,1,1
"17185",191,"Ec_N",287,25,25,"Ec",32,1,1,1,1,1,1
"17186",191,"Ec_N",287,26,26,"Ec",32,1,1,1,1,1,1
"17187",191,"Ec_N",287,27,27,"Ec",32,1,1,1,1,1,1
"17188",191,"Ec_N",287,28,28,"Ec",32,1,1,1,1,1,1
"17189",191,"Ec_N",287,29,29,"Ec",32,1,1,1,1,1,1
"17190",191,"Ec_N",287,30,30,"Ec",32,1,1,1,1,1,1
"17191",191,"Ec_N",287,31,31,"Ec",32,1,1,1,1,1,1
"17192",191,"Ec_N",287,32,32,"Ec",32,1,1,1,1,1,1
"17193",191,"Ec_N",287,33,33,"Ec",32,1,1,1,1,1,1
"17194",191,"Ec_N",287,34,34,"Ec",32,1,1,1,1,1,1
"17195",191,"Ec_N",287,35,35,"Ec",32,1,1,1,1,1,1
"17196",191,"Ec_N",287,36,36,"Ec",32,1,1,1,1,1,1
"17197",191,"Ec_N",287,37,37,"Ec",32,1,1,1,1,1,1
"17198",191,"Ec_N",287,38,38,"Ec",32,1,1,1,1,1,1
"17199",191,"Ec_N",287,39,39,"Ec",32,1,1,1,1,1,1
"17200",191,"Ec_N",287,40,40,"Ec",32,1,1,1,1,1,1
"17201",191,"Ec_N",287,41,41,"Ec",32,1,1,1,1,1,1
"17202",191,"Ec_N",287,42,42,"Ec",32,1,1,1,1,1,1
"17203",191,"Ec_N",287,43,43,"Ec",32,1,1,1,1,1,1
"17204",191,"Ec_N",287,44,44,"Ec",32,1,1,1,1,1,1
"17205",191,"Ec_N",287,45,45,"Ec",32,1,1,1,1,1,1
"17206",191,"Ec_N",287,46,46,"Ec",32,1,1,1,1,1,1
"17207",191,"Ec_N",287,47,47,"Ec",32,1,1,1,1,1,1
"17208",191,"Ec_N",287,48,48,"Ec",32,1,1,1,1,1,1
"17209",191,"Ec_N",287,49,49,"Ec",32,1,1,1,1,1,1
"17210",191,"Ec_N",287,50,50,"Ec",32,1,1,1,1,1,1
"17211",191,"Ec_N",287,51,51,"Ec",32,1,1,1,1,1,1
"17212",191,"Ec_N",287,52,52,"Ec",32,1,1,1,1,1,1
"17213",191,"Ec_N",287,53,53,"Ec",32,1,1,1,1,1,1
"17214",191,"Ec_N",287,54,54,"Ec",32,1,1,1,1,1,1
"17215",191,"Ec_N",287,55,55,"Ec",32,1,1,1,1,1,1
"17216",191,"Ec_N",287,56,56,"Ec",32,1,1,1,1,1,1
"17217",191,"Ec_N",287,57,57,"Ec",32,1,1,1,1,1,1
"17218",191,"Ec_N",287,58,58,"Ec",32,1,1,1,1,1,1
"17219",191,"Ec_N",287,59,59,"Ec",32,1,1,1,1,1,1
"17220",191,"Ec_N",287,60,60,"Ec",32,1,1,1,1,1,1
"17221",191,"Ec_N",288,1,1,"Ec",1,0,0,0,0,0,0
"17222",191,"Ec_N",288,2,2,"Ec",5,0,0,1,0,0,0.49313446766664
"17223",191,"Ec_N",288,3,3,"Ec",5,0,0,1,0,0,0.49313446766664
"17224",191,"Ec_N",288,4,4,"Ec",5,0,0,1,0,0,0.49313446766664
"17225",191,"Ec_N",288,5,5,"Ec",5,0,0,1,0,0,0.49313446766664
"17226",191,"Ec_N",288,6,6,"Ec",5,0,0,1,0,0,0.49313446766664
"17227",191,"Ec_N",288,7,7,"Ec",5,0,0,1,0,0,0.49313446766664
"17228",191,"Ec_N",288,8,8,"Ec",5,0,0,1,0,0,0.49313446766664
"17229",191,"Ec_N",288,9,9,"Ec",5,0,0,1,0,0,0.49313446766664
"17230",191,"Ec_N",288,10,10,"Ec",5,0,0,1,0,0,0.49313446766664
"17231",191,"Ec_N",288,11,11,"Ec",5,0,0,1,0,0,0.49313446766664
"17232",191,"Ec_N",288,12,12,"Ec",5,0,0,1,0,0,0.49313446766664
"17233",191,"Ec_N",288,13,13,"Ec",5,0,0,1,0,0,0.49313446766664
"17234",191,"Ec_N",288,14,14,"Ec",5,0,0,1,0,0,0.49313446766664
"17235",191,"Ec_N",288,15,15,"Ec",5,0,0,1,0,0,0.49313446766664
"17236",191,"Ec_N",288,16,16,"Ec",5,0,0,1,0,0,0.49313446766664
"17237",191,"Ec_N",288,17,17,"Ec",5,0,0,1,0,0,0.49313446766664
"17238",191,"Ec_N",288,18,18,"Ec",21,0,0,1,0,1,0.726280938342543
"17239",191,"Ec_N",288,19,19,"Ec",21,0,0,1,0,1,0.726280938342543
"17240",191,"Ec_N",288,20,20,"Ec",21,0,0,1,0,1,0.726280938342543
"17241",191,"Ec_N",288,21,21,"Ec",22,1,0,1,0,1,0.92522428176681
"17242",191,"Ec_N",288,22,22,"Ec",22,1,0,1,0,1,0.92522428176681
"17243",191,"Ec_N",288,23,23,"Ec",22,1,0,1,0,1,0.92522428176681
"17244",191,"Ec_N",288,24,24,"Ec",22,1,0,1,0,1,0.92522428176681
"17245",191,"Ec_N",288,25,25,"Ec",22,1,0,1,0,1,0.92522428176681
"17246",191,"Ec_N",288,26,26,"Ec",22,1,0,1,0,1,0.92522428176681
"17247",191,"Ec_N",288,27,27,"Ec",22,1,0,1,0,1,0.92522428176681
"17248",191,"Ec_N",288,28,28,"Ec",22,1,0,1,0,1,0.92522428176681
"17249",191,"Ec_N",288,29,29,"Ec",22,1,0,1,0,1,0.92522428176681
"17250",191,"Ec_N",288,30,30,"Ec",22,1,0,1,0,1,0.92522428176681
"17251",191,"Ec_N",288,31,31,"Ec",22,1,0,1,0,1,0.92522428176681
"17252",191,"Ec_N",288,32,32,"Ec",22,1,0,1,0,1,0.92522428176681
"17253",191,"Ec_N",288,33,33,"Ec",22,1,0,1,0,1,0.92522428176681
"17254",191,"Ec_N",288,34,34,"Ec",22,1,0,1,0,1,0.92522428176681
"17255",191,"Ec_N",288,35,35,"Ec",22,1,0,1,0,1,0.92522428176681
"17256",191,"Ec_N",288,36,36,"Ec",22,1,0,1,0,1,0.92522428176681
"17257",191,"Ec_N",288,37,37,"Ec",22,1,0,1,0,1,0.92522428176681
"17258",191,"Ec_N",288,38,38,"Ec",22,1,0,1,0,1,0.92522428176681
"17259",191,"Ec_N",288,39,39,"Ec",22,1,0,1,0,1,0.92522428176681
"17260",191,"Ec_N",288,40,40,"Ec",22,1,0,1,0,1,0.92522428176681
"17261",191,"Ec_N",288,41,41,"Ec",22,1,0,1,0,1,0.92522428176681
"17262",191,"Ec_N",288,42,42,"Ec",24,1,1,1,0,1,0.969458006928044
"17263",191,"Ec_N",288,43,43,"Ec",24,1,1,1,0,1,0.969458006928044
"17264",191,"Ec_N",288,44,44,"Ec",24,1,1,1,0,1,0.969458006928044
"17265",191,"Ec_N",288,45,45,"Ec",24,1,1,1,0,1,0.969458006928044
"17266",191,"Ec_N",288,46,46,"Ec",24,1,1,1,0,1,0.969458006928044
"17267",191,"Ec_N",288,47,47,"Ec",24,1,1,1,0,1,0.969458006928044
"17268",191,"Ec_N",288,48,48,"Ec",24,1,1,1,0,1,0.969458006928044
"17269",191,"Ec_N",288,49,49,"Ec",24,1,1,1,0,1,0.969458006928044
"17270",191,"Ec_N",288,50,50,"Ec",24,1,1,1,0,1,0.969458006928044
"17271",191,"Ec_N",288,51,51,"Ec",24,1,1,1,0,1,0.969458006928044
"17272",191,"Ec_N",288,52,52,"Ec",24,1,1,1,0,1,0.969458006928044
"17273",191,"Ec_N",288,53,53,"Ec",24,1,1,1,0,1,0.969458006928044
"17274",191,"Ec_N",288,54,54,"Ec",24,1,1,1,0,1,0.969458006928044
"17275",191,"Ec_N",288,55,55,"Ec",24,1,1,1,0,1,0.969458006928044
"17276",191,"Ec_N",288,56,56,"Ec",24,1,1,1,0,1,0.969458006928044
"17277",191,"Ec_N",288,57,57,"Ec",24,1,1,1,0,1,0.969458006928044
"17278",191,"Ec_N",288,58,58,"Ec",24,1,1,1,0,1,0.969458006928044
"17279",191,"Ec_N",288,59,59,"Ec",24,1,1,1,0,1,0.969458006928044
"17280",191,"Ec_N",288,60,60,"Ec",24,1,1,1,0,1,0.969458006928044
"17281",191,"Ec_N",289,1,1,"Ec",1,0,0,0,0,0,0
"17282",191,"Ec_N",289,2,2,"Ec",1,0,0,0,0,0,0
"17283",191,"Ec_N",289,3,3,"Ec",1,0,0,0,0,0,0
"17284",191,"Ec_N",289,4,4,"Ec",1,0,0,0,0,0,0
"17285",191,"Ec_N",289,5,5,"Ec",1,0,0,0,0,0,0
"17286",191,"Ec_N",289,6,6,"Ec",1,0,0,0,0,0,0
"17287",191,"Ec_N",289,7,7,"Ec",2,1,0,0,0,0,0.198020370545937
"17288",191,"Ec_N",289,8,8,"Ec",2,1,0,0,0,0,0.198020370545937
"17289",191,"Ec_N",289,9,9,"Ec",2,1,0,0,0,0,0.198020370545937
"17290",191,"Ec_N",289,10,10,"Ec",18,1,0,0,0,1,0.646504780524047
"17291",191,"Ec_N",289,11,11,"Ec",18,1,0,0,0,1,0.646504780524047
"17292",191,"Ec_N",289,12,12,"Ec",18,1,0,0,0,1,0.646504780524047
"17293",191,"Ec_N",289,13,13,"Ec",18,1,0,0,0,1,0.646504780524047
"17294",191,"Ec_N",289,14,14,"Ec",18,1,0,0,0,1,0.646504780524047
"17295",191,"Ec_N",289,15,15,"Ec",22,1,0,1,0,1,0.92522428176681
"17296",191,"Ec_N",289,16,16,"Ec",22,1,0,1,0,1,0.92522428176681
"17297",191,"Ec_N",289,17,17,"Ec",22,1,0,1,0,1,0.92522428176681
"17298",191,"Ec_N",289,18,18,"Ec",22,1,0,1,0,1,0.92522428176681
"17299",191,"Ec_N",289,19,19,"Ec",22,1,0,1,0,1,0.92522428176681
"17300",191,"Ec_N",289,20,20,"Ec",22,1,0,1,0,1,0.92522428176681
"17301",191,"Ec_N",289,21,21,"Ec",22,1,0,1,0,1,0.92522428176681
"17302",191,"Ec_N",289,22,22,"Ec",22,1,0,1,0,1,0.92522428176681
"17303",191,"Ec_N",289,23,23,"Ec",22,1,0,1,0,1,0.92522428176681
"17304",191,"Ec_N",289,24,24,"Ec",22,1,0,1,0,1,0.92522428176681
"17305",191,"Ec_N",289,25,25,"Ec",22,1,0,1,0,1,0.92522428176681
"17306",191,"Ec_N",289,26,26,"Ec",22,1,0,1,0,1,0.92522428176681
"17307",191,"Ec_N",289,27,27,"Ec",22,1,0,1,0,1,0.92522428176681
"17308",191,"Ec_N",289,28,28,"Ec",30,1,0,1,1,1,0.958688519948705
"17309",191,"Ec_N",289,29,29,"Ec",30,1,0,1,1,1,0.958688519948705
"17310",191,"Ec_N",289,30,30,"Ec",30,1,0,1,1,1,0.958688519948705
"17311",191,"Ec_N",289,31,31,"Ec",30,1,0,1,1,1,0.958688519948705
"17312",191,"Ec_N",289,32,32,"Ec",30,1,0,1,1,1,0.958688519948705
"17313",191,"Ec_N",289,33,33,"Ec",30,1,0,1,1,1,0.958688519948705
"17314",191,"Ec_N",289,34,34,"Ec",30,1,0,1,1,1,0.958688519948705
"17315",191,"Ec_N",289,35,35,"Ec",30,1,0,1,1,1,0.958688519948705
"17316",191,"Ec_N",289,36,36,"Ec",30,1,0,1,1,1,0.958688519948705
"17317",191,"Ec_N",289,37,37,"Ec",30,1,0,1,1,1,0.958688519948705
"17318",191,"Ec_N",289,38,38,"Ec",30,1,0,1,1,1,0.958688519948705
"17319",191,"Ec_N",289,39,39,"Ec",30,1,0,1,1,1,0.958688519948705
"17320",191,"Ec_N",289,40,40,"Ec",30,1,0,1,1,1,0.958688519948705
"17321",191,"Ec_N",289,41,41,"Ec",30,1,0,1,1,1,0.958688519948705
"17322",191,"Ec_N",289,42,42,"Ec",32,1,1,1,1,1,1
"17323",191,"Ec_N",289,43,43,"Ec",32,1,1,1,1,1,1
"17324",191,"Ec_N",289,44,44,"Ec",32,1,1,1,1,1,1
"17325",191,"Ec_N",289,45,45,"Ec",32,1,1,1,1,1,1
"17326",191,"Ec_N",289,46,46,"Ec",32,1,1,1,1,1,1
"17327",191,"Ec_N",289,47,47,"Ec",32,1,1,1,1,1,1
"17328",191,"Ec_N",289,48,48,"Ec",32,1,1,1,1,1,1
"17329",191,"Ec_N",289,49,49,"Ec",32,1,1,1,1,1,1
"17330",191,"Ec_N",289,50,50,"Ec",32,1,1,1,1,1,1
"17331",191,"Ec_N",289,51,51,"Ec",32,1,1,1,1,1,1
"17332",191,"Ec_N",289,52,52,"Ec",32,1,1,1,1,1,1
"17333",191,"Ec_N",289,53,53,"Ec",32,1,1,1,1,1,1
"17334",191,"Ec_N",289,54,54,"Ec",32,1,1,1,1,1,1
"17335",191,"Ec_N",289,55,55,"Ec",32,1,1,1,1,1,1
"17336",191,"Ec_N",289,56,56,"Ec",32,1,1,1,1,1,1
"17337",191,"Ec_N",289,57,57,"Ec",32,1,1,1,1,1,1
"17338",191,"Ec_N",289,58,58,"Ec",32,1,1,1,1,1,1
"17339",191,"Ec_N",289,59,59,"Ec",32,1,1,1,1,1,1
"17340",191,"Ec_N",289,60,60,"Ec",32,1,1,1,1,1,1
"17341",191,"Ec_N",290,1,1,"Ec",1,0,0,0,0,0,0
"17342",191,"Ec_N",290,2,2,"Ec",2,1,0,0,0,0,0.198020370545937
"17343",191,"Ec_N",290,3,3,"Ec",2,1,0,0,0,0,0.198020370545937
"17344",191,"Ec_N",290,4,4,"Ec",2,1,0,0,0,0,0.198020370545937
"17345",191,"Ec_N",290,5,5,"Ec",18,1,0,0,0,1,0.646504780524047
"17346",191,"Ec_N",290,6,6,"Ec",18,1,0,0,0,1,0.646504780524047
"17347",191,"Ec_N",290,7,7,"Ec",22,1,0,1,0,1,0.92522428176681
"17348",191,"Ec_N",290,8,8,"Ec",22,1,0,1,0,1,0.92522428176681
"17349",191,"Ec_N",290,9,9,"Ec",22,1,0,1,0,1,0.92522428176681
"17350",191,"Ec_N",290,10,10,"Ec",22,1,0,1,0,1,0.92522428176681
"17351",191,"Ec_N",290,11,11,"Ec",22,1,0,1,0,1,0.92522428176681
"17352",191,"Ec_N",290,12,12,"Ec",22,1,0,1,0,1,0.92522428176681
"17353",191,"Ec_N",290,13,13,"Ec",22,1,0,1,0,1,0.92522428176681
"17354",191,"Ec_N",290,14,14,"Ec",22,1,0,1,0,1,0.92522428176681
"17355",191,"Ec_N",290,15,15,"Ec",22,1,0,1,0,1,0.92522428176681
"17356",191,"Ec_N",290,16,16,"Ec",22,1,0,1,0,1,0.92522428176681
"17357",191,"Ec_N",290,17,17,"Ec",22,1,0,1,0,1,0.92522428176681
"17358",191,"Ec_N",290,18,18,"Ec",22,1,0,1,0,1,0.92522428176681
"17359",191,"Ec_N",290,19,19,"Ec",22,1,0,1,0,1,0.92522428176681
"17360",191,"Ec_N",290,20,20,"Ec",22,1,0,1,0,1,0.92522428176681
"17361",191,"Ec_N",290,21,21,"Ec",22,1,0,1,0,1,0.92522428176681
"17362",191,"Ec_N",290,22,22,"Ec",22,1,0,1,0,1,0.92522428176681
"17363",191,"Ec_N",290,23,23,"Ec",22,1,0,1,0,1,0.92522428176681
"17364",191,"Ec_N",290,24,24,"Ec",24,1,1,1,0,1,0.969458006928044
"17365",191,"Ec_N",290,25,25,"Ec",24,1,1,1,0,1,0.969458006928044
"17366",191,"Ec_N",290,26,26,"Ec",24,1,1,1,0,1,0.969458006928044
"17367",191,"Ec_N",290,27,27,"Ec",24,1,1,1,0,1,0.969458006928044
"17368",191,"Ec_N",290,28,28,"Ec",24,1,1,1,0,1,0.969458006928044
"17369",191,"Ec_N",290,29,29,"Ec",24,1,1,1,0,1,0.969458006928044
"17370",191,"Ec_N",290,30,30,"Ec",24,1,1,1,0,1,0.969458006928044
"17371",191,"Ec_N",290,31,31,"Ec",24,1,1,1,0,1,0.969458006928044
"17372",191,"Ec_N",290,32,32,"Ec",24,1,1,1,0,1,0.969458006928044
"17373",191,"Ec_N",290,33,33,"Ec",24,1,1,1,0,1,0.969458006928044
"17374",191,"Ec_N",290,34,34,"Ec",24,1,1,1,0,1,0.969458006928044
"17375",191,"Ec_N",290,35,35,"Ec",24,1,1,1,0,1,0.969458006928044
"17376",191,"Ec_N",290,36,36,"Ec",24,1,1,1,0,1,0.969458006928044
"17377",191,"Ec_N",290,37,37,"Ec",24,1,1,1,0,1,0.969458006928044
"17378",191,"Ec_N",290,38,38,"Ec",24,1,1,1,0,1,0.969458006928044
"17379",191,"Ec_N",290,39,39,"Ec",24,1,1,1,0,1,0.969458006928044
"17380",191,"Ec_N",290,40,40,"Ec",24,1,1,1,0,1,0.969458006928044
"17381",191,"Ec_N",290,41,41,"Ec",24,1,1,1,0,1,0.969458006928044
"17382",191,"Ec_N",290,42,42,"Ec",32,1,1,1,1,1,1
"17383",191,"Ec_N",290,43,43,"Ec",32,1,1,1,1,1,1
"17384",191,"Ec_N",290,44,44,"Ec",32,1,1,1,1,1,1
"17385",191,"Ec_N",290,45,45,"Ec",32,1,1,1,1,1,1
"17386",191,"Ec_N",290,46,46,"Ec",32,1,1,1,1,1,1
"17387",191,"Ec_N",290,47,47,"Ec",32,1,1,1,1,1,1
"17388",191,"Ec_N",290,48,48,"Ec",32,1,1,1,1,1,1
"17389",191,"Ec_N",290,49,49,"Ec",32,1,1,1,1,1,1
"17390",191,"Ec_N",290,50,50,"Ec",32,1,1,1,1,1,1
"17391",191,"Ec_N",290,51,51,"Ec",32,1,1,1,1,1,1
"17392",191,"Ec_N",290,52,52,"Ec",32,1,1,1,1,1,1
"17393",191,"Ec_N",290,53,53,"Ec",32,1,1,1,1,1,1
"17394",191,"Ec_N",290,54,54,"Ec",32,1,1,1,1,1,1
"17395",191,"Ec_N",290,55,55,"Ec",32,1,1,1,1,1,1
"17396",191,"Ec_N",290,56,56,"Ec",32,1,1,1,1,1,1
"17397",191,"Ec_N",290,57,57,"Ec",32,1,1,1,1,1,1
"17398",191,"Ec_N",290,58,58,"Ec",32,1,1,1,1,1,1
"17399",191,"Ec_N",290,59,59,"Ec",32,1,1,1,1,1,1
"17400",191,"Ec_N",290,60,60,"Ec",32,1,1,1,1,1,1
"17401",191,"Ec_N",291,1,1,"Ec",1,0,0,0,0,0,0
"17402",191,"Ec_N",291,2,2,"Ec",1,0,0,0,0,0,0
"17403",191,"Ec_N",291,3,3,"Ec",1,0,0,0,0,0,0
"17404",191,"Ec_N",291,4,4,"Ec",1,0,0,0,0,0,0
"17405",191,"Ec_N",291,5,5,"Ec",1,0,0,0,0,0,0
"17406",191,"Ec_N",291,6,6,"Ec",1,0,0,0,0,0,0
"17407",191,"Ec_N",291,7,7,"Ec",1,0,0,0,0,0,0
"17408",191,"Ec_N",291,8,8,"Ec",17,0,0,0,0,1,0.229834113103391
"17409",191,"Ec_N",291,9,9,"Ec",17,0,0,0,0,1,0.229834113103391
"17410",191,"Ec_N",291,10,10,"Ec",17,0,0,0,0,1,0.229834113103391
"17411",191,"Ec_N",291,11,11,"Ec",19,0,1,0,0,1,0.427300415500348
"17412",191,"Ec_N",291,12,12,"Ec",19,0,1,0,0,1,0.427300415500348
"17413",191,"Ec_N",291,13,13,"Ec",19,0,1,0,0,1,0.427300415500348
"17414",191,"Ec_N",291,14,14,"Ec",19,0,1,0,0,1,0.427300415500348
"17415",191,"Ec_N",291,15,15,"Ec",19,0,1,0,0,1,0.427300415500348
"17416",191,"Ec_N",291,16,16,"Ec",23,0,1,1,0,1,0.616809062130864
"17417",191,"Ec_N",291,17,17,"Ec",23,0,1,1,0,1,0.616809062130864
"17418",191,"Ec_N",291,18,18,"Ec",24,1,1,1,0,1,0.969458006928044
"17419",191,"Ec_N",291,19,19,"Ec",24,1,1,1,0,1,0.969458006928044
"17420",191,"Ec_N",291,20,20,"Ec",24,1,1,1,0,1,0.969458006928044
"17421",191,"Ec_N",291,21,21,"Ec",24,1,1,1,0,1,0.969458006928044
"17422",191,"Ec_N",291,22,22,"Ec",24,1,1,1,0,1,0.969458006928044
"17423",191,"Ec_N",291,23,23,"Ec",24,1,1,1,0,1,0.969458006928044
"17424",191,"Ec_N",291,24,24,"Ec",24,1,1,1,0,1,0.969458006928044
"17425",191,"Ec_N",291,25,25,"Ec",24,1,1,1,0,1,0.969458006928044
"17426",191,"Ec_N",291,26,26,"Ec",24,1,1,1,0,1,0.969458006928044
"17427",191,"Ec_N",291,27,27,"Ec",24,1,1,1,0,1,0.969458006928044
"17428",191,"Ec_N",291,28,28,"Ec",24,1,1,1,0,1,0.969458006928044
"17429",191,"Ec_N",291,29,29,"Ec",24,1,1,1,0,1,0.969458006928044
"17430",191,"Ec_N",291,30,30,"Ec",24,1,1,1,0,1,0.969458006928044
"17431",191,"Ec_N",291,31,31,"Ec",24,1,1,1,0,1,0.969458006928044
"17432",191,"Ec_N",291,32,32,"Ec",24,1,1,1,0,1,0.969458006928044
"17433",191,"Ec_N",291,33,33,"Ec",24,1,1,1,0,1,0.969458006928044
"17434",191,"Ec_N",291,34,34,"Ec",24,1,1,1,0,1,0.969458006928044
"17435",191,"Ec_N",291,35,35,"Ec",24,1,1,1,0,1,0.969458006928044
"17436",191,"Ec_N",291,36,36,"Ec",24,1,1,1,0,1,0.969458006928044
"17437",191,"Ec_N",291,37,37,"Ec",24,1,1,1,0,1,0.969458006928044
"17438",191,"Ec_N",291,38,38,"Ec",24,1,1,1,0,1,0.969458006928044
"17439",191,"Ec_N",291,39,39,"Ec",24,1,1,1,0,1,0.969458006928044
"17440",191,"Ec_N",291,40,40,"Ec",24,1,1,1,0,1,0.969458006928044
"17441",191,"Ec_N",291,41,41,"Ec",24,1,1,1,0,1,0.969458006928044
"17442",191,"Ec_N",291,42,42,"Ec",24,1,1,1,0,1,0.969458006928044
"17443",191,"Ec_N",291,43,43,"Ec",24,1,1,1,0,1,0.969458006928044
"17444",191,"Ec_N",291,44,44,"Ec",24,1,1,1,0,1,0.969458006928044
"17445",191,"Ec_N",291,45,45,"Ec",24,1,1,1,0,1,0.969458006928044
"17446",191,"Ec_N",291,46,46,"Ec",24,1,1,1,0,1,0.969458006928044
"17447",191,"Ec_N",291,47,47,"Ec",24,1,1,1,0,1,0.969458006928044
"17448",191,"Ec_N",291,48,48,"Ec",24,1,1,1,0,1,0.969458006928044
"17449",191,"Ec_N",291,49,49,"Ec",24,1,1,1,0,1,0.969458006928044
"17450",191,"Ec_N",291,50,50,"Ec",24,1,1,1,0,1,0.969458006928044
"17451",191,"Ec_N",291,51,51,"Ec",32,1,1,1,1,1,1
"17452",191,"Ec_N",291,52,52,"Ec",32,1,1,1,1,1,1
"17453",191,"Ec_N",291,53,53,"Ec",32,1,1,1,1,1,1
"17454",191,"Ec_N",291,54,54,"Ec",32,1,1,1,1,1,1
"17455",191,"Ec_N",291,55,55,"Ec",32,1,1,1,1,1,1
"17456",191,"Ec_N",291,56,56,"Ec",32,1,1,1,1,1,1
"17457",191,"Ec_N",291,57,57,"Ec",32,1,1,1,1,1,1
"17458",191,"Ec_N",291,58,58,"Ec",32,1,1,1,1,1,1
"17459",191,"Ec_N",291,59,59,"Ec",32,1,1,1,1,1,1
"17460",191,"Ec_N",291,60,60,"Ec",32,1,1,1,1,1,1
"17461",191,"Ec_N",292,1,1,"Ec",1,0,0,0,0,0,0
"17462",191,"Ec_N",292,2,2,"Ec",1,0,0,0,0,0,0
"17463",191,"Ec_N",292,3,3,"Ec",1,0,0,0,0,0,0
"17464",191,"Ec_N",292,4,4,"Ec",1,0,0,0,0,0,0
"17465",191,"Ec_N",292,5,5,"Ec",1,0,0,0,0,0,0
"17466",191,"Ec_N",292,6,6,"Ec",17,0,0,0,0,1,0.229834113103391
"17467",191,"Ec_N",292,7,7,"Ec",17,0,0,0,0,1,0.229834113103391
"17468",191,"Ec_N",292,8,8,"Ec",17,0,0,0,0,1,0.229834113103391
"17469",191,"Ec_N",292,9,9,"Ec",17,0,0,0,0,1,0.229834113103391
"17470",191,"Ec_N",292,10,10,"Ec",17,0,0,0,0,1,0.229834113103391
"17471",191,"Ec_N",292,11,11,"Ec",17,0,0,0,0,1,0.229834113103391
"17472",191,"Ec_N",292,12,12,"Ec",17,0,0,0,0,1,0.229834113103391
"17473",191,"Ec_N",292,13,13,"Ec",19,0,1,0,0,1,0.427300415500348
"17474",191,"Ec_N",292,14,14,"Ec",19,0,1,0,0,1,0.427300415500348
"17475",191,"Ec_N",292,15,15,"Ec",19,0,1,0,0,1,0.427300415500348
"17476",191,"Ec_N",292,16,16,"Ec",19,0,1,0,0,1,0.427300415500348
"17477",191,"Ec_N",292,17,17,"Ec",19,0,1,0,0,1,0.427300415500348
"17478",191,"Ec_N",292,18,18,"Ec",19,0,1,0,0,1,0.427300415500348
"17479",191,"Ec_N",292,19,19,"Ec",19,0,1,0,0,1,0.427300415500348
"17480",191,"Ec_N",292,20,20,"Ec",19,0,1,0,0,1,0.427300415500348
"17481",191,"Ec_N",292,21,21,"Ec",23,0,1,1,0,1,0.616809062130864
"17482",191,"Ec_N",292,22,22,"Ec",23,0,1,1,0,1,0.616809062130864
"17483",191,"Ec_N",292,23,23,"Ec",23,0,1,1,0,1,0.616809062130864
"17484",191,"Ec_N",292,24,24,"Ec",23,0,1,1,0,1,0.616809062130864
"17485",191,"Ec_N",292,25,25,"Ec",23,0,1,1,0,1,0.616809062130864
"17486",191,"Ec_N",292,26,26,"Ec",23,0,1,1,0,1,0.616809062130864
"17487",191,"Ec_N",292,27,27,"Ec",23,0,1,1,0,1,0.616809062130864
"17488",191,"Ec_N",292,28,28,"Ec",23,0,1,1,0,1,0.616809062130864
"17489",191,"Ec_N",292,29,29,"Ec",23,0,1,1,0,1,0.616809062130864
"17490",191,"Ec_N",292,30,30,"Ec",23,0,1,1,0,1,0.616809062130864
"17491",191,"Ec_N",292,31,31,"Ec",21,0,0,1,0,1,0.726280938342543
"17492",191,"Ec_N",292,32,32,"Ec",21,0,0,1,0,1,0.726280938342543
"17493",191,"Ec_N",292,33,33,"Ec",21,0,0,1,0,1,0.726280938342543
"17494",191,"Ec_N",292,34,34,"Ec",22,1,0,1,0,1,0.92522428176681
"17495",191,"Ec_N",292,35,35,"Ec",22,1,0,1,0,1,0.92522428176681
"17496",191,"Ec_N",292,36,36,"Ec",22,1,0,1,0,1,0.92522428176681
"17497",191,"Ec_N",292,37,37,"Ec",30,1,0,1,1,1,0.958688519948705
"17498",191,"Ec_N",292,38,38,"Ec",30,1,0,1,1,1,0.958688519948705
"17499",191,"Ec_N",292,39,39,"Ec",30,1,0,1,1,1,0.958688519948705
"17500",191,"Ec_N",292,40,40,"Ec",30,1,0,1,1,1,0.958688519948705
"17501",191,"Ec_N",292,41,41,"Ec",30,1,0,1,1,1,0.958688519948705
"17502",191,"Ec_N",292,42,42,"Ec",30,1,0,1,1,1,0.958688519948705
"17503",191,"Ec_N",292,43,43,"Ec",30,1,0,1,1,1,0.958688519948705
"17504",191,"Ec_N",292,44,44,"Ec",30,1,0,1,1,1,0.958688519948705
"17505",191,"Ec_N",292,45,45,"Ec",30,1,0,1,1,1,0.958688519948705
"17506",191,"Ec_N",292,46,46,"Ec",30,1,0,1,1,1,0.958688519948705
"17507",191,"Ec_N",292,47,47,"Ec",30,1,0,1,1,1,0.958688519948705
"17508",191,"Ec_N",292,48,48,"Ec",30,1,0,1,1,1,0.958688519948705
"17509",191,"Ec_N",292,49,49,"Ec",30,1,0,1,1,1,0.958688519948705
"17510",191,"Ec_N",292,50,50,"Ec",30,1,0,1,1,1,0.958688519948705
"17511",191,"Ec_N",292,51,51,"Ec",30,1,0,1,1,1,0.958688519948705
"17512",191,"Ec_N",292,52,52,"Ec",30,1,0,1,1,1,0.958688519948705
"17513",191,"Ec_N",292,53,53,"Ec",30,1,0,1,1,1,0.958688519948705
"17514",191,"Ec_N",292,54,54,"Ec",30,1,0,1,1,1,0.958688519948705
"17515",191,"Ec_N",292,55,55,"Ec",30,1,0,1,1,1,0.958688519948705
"17516",191,"Ec_N",292,56,56,"Ec",30,1,0,1,1,1,0.958688519948705
"17517",191,"Ec_N",292,57,57,"Ec",32,1,1,1,1,1,1
"17518",191,"Ec_N",292,58,58,"Ec",32,1,1,1,1,1,1
"17519",191,"Ec_N",292,59,59,"Ec",32,1,1,1,1,1,1
"17520",191,"Ec_N",292,60,60,"Ec",32,1,1,1,1,1,1
"17521",191,"Ec_N",293,1,1,"Ec",1,0,0,0,0,0,0
"17522",191,"Ec_N",293,2,2,"Ec",1,0,0,0,0,0,0
"17523",191,"Ec_N",293,3,3,"Ec",1,0,0,0,0,0,0
"17524",191,"Ec_N",293,4,4,"Ec",1,0,0,0,0,0,0
"17525",191,"Ec_N",293,5,5,"Ec",1,0,0,0,0,0,0
"17526",191,"Ec_N",293,6,6,"Ec",1,0,0,0,0,0,0
"17527",191,"Ec_N",293,7,7,"Ec",17,0,0,0,0,1,0.229834113103391
"17528",191,"Ec_N",293,8,8,"Ec",17,0,0,0,0,1,0.229834113103391
"17529",191,"Ec_N",293,9,9,"Ec",17,0,0,0,0,1,0.229834113103391
"17530",191,"Ec_N",293,10,10,"Ec",17,0,0,0,0,1,0.229834113103391
"17531",191,"Ec_N",293,11,11,"Ec",17,0,0,0,0,1,0.229834113103391
"17532",191,"Ec_N",293,12,12,"Ec",17,0,0,0,0,1,0.229834113103391
"17533",191,"Ec_N",293,13,13,"Ec",19,0,1,0,0,1,0.427300415500348
"17534",191,"Ec_N",293,14,14,"Ec",19,0,1,0,0,1,0.427300415500348
"17535",191,"Ec_N",293,15,15,"Ec",19,0,1,0,0,1,0.427300415500348
"17536",191,"Ec_N",293,16,16,"Ec",19,0,1,0,0,1,0.427300415500348
"17537",191,"Ec_N",293,17,17,"Ec",19,0,1,0,0,1,0.427300415500348
"17538",191,"Ec_N",293,18,18,"Ec",19,0,1,0,0,1,0.427300415500348
"17539",191,"Ec_N",293,19,19,"Ec",19,0,1,0,0,1,0.427300415500348
"17540",191,"Ec_N",293,20,20,"Ec",19,0,1,0,0,1,0.427300415500348
"17541",191,"Ec_N",293,21,21,"Ec",19,0,1,0,0,1,0.427300415500348
"17542",191,"Ec_N",293,22,22,"Ec",19,0,1,0,0,1,0.427300415500348
"17543",191,"Ec_N",293,23,23,"Ec",19,0,1,0,0,1,0.427300415500348
"17544",191,"Ec_N",293,24,24,"Ec",19,0,1,0,0,1,0.427300415500348
"17545",191,"Ec_N",293,25,25,"Ec",19,0,1,0,0,1,0.427300415500348
"17546",191,"Ec_N",293,26,26,"Ec",19,0,1,0,0,1,0.427300415500348
"17547",191,"Ec_N",293,27,27,"Ec",19,0,1,0,0,1,0.427300415500348
"17548",191,"Ec_N",293,28,28,"Ec",19,0,1,0,0,1,0.427300415500348
"17549",191,"Ec_N",293,29,29,"Ec",19,0,1,0,0,1,0.427300415500348
"17550",191,"Ec_N",293,30,30,"Ec",19,0,1,0,0,1,0.427300415500348
"17551",191,"Ec_N",293,31,31,"Ec",19,0,1,0,0,1,0.427300415500348
"17552",191,"Ec_N",293,32,32,"Ec",19,0,1,0,0,1,0.427300415500348
"17553",191,"Ec_N",293,33,33,"Ec",19,0,1,0,0,1,0.427300415500348
"17554",191,"Ec_N",293,34,34,"Ec",19,0,1,0,0,1,0.427300415500348
"17555",191,"Ec_N",293,35,35,"Ec",19,0,1,0,0,1,0.427300415500348
"17556",191,"Ec_N",293,36,36,"Ec",19,0,1,0,0,1,0.427300415500348
"17557",191,"Ec_N",293,37,37,"Ec",19,0,1,0,0,1,0.427300415500348
"17558",191,"Ec_N",293,38,38,"Ec",19,0,1,0,0,1,0.427300415500348
"17559",191,"Ec_N",293,39,39,"Ec",19,0,1,0,0,1,0.427300415500348
"17560",191,"Ec_N",293,40,40,"Ec",20,1,1,0,0,1,0.610298755308086
"17561",191,"Ec_N",293,41,41,"Ec",20,1,1,0,0,1,0.610298755308086
"17562",191,"Ec_N",293,42,42,"Ec",24,1,1,1,0,1,0.969458006928044
"17563",191,"Ec_N",293,43,43,"Ec",24,1,1,1,0,1,0.969458006928044
"17564",191,"Ec_N",293,44,44,"Ec",24,1,1,1,0,1,0.969458006928044
"17565",191,"Ec_N",293,45,45,"Ec",24,1,1,1,0,1,0.969458006928044
"17566",191,"Ec_N",293,46,46,"Ec",24,1,1,1,0,1,0.969458006928044
"17567",191,"Ec_N",293,47,47,"Ec",24,1,1,1,0,1,0.969458006928044
"17568",191,"Ec_N",293,48,48,"Ec",24,1,1,1,0,1,0.969458006928044
"17569",191,"Ec_N",293,49,49,"Ec",24,1,1,1,0,1,0.969458006928044
"17570",191,"Ec_N",293,50,50,"Ec",24,1,1,1,0,1,0.969458006928044
"17571",191,"Ec_N",293,51,51,"Ec",24,1,1,1,0,1,0.969458006928044
"17572",191,"Ec_N",293,52,52,"Ec",24,1,1,1,0,1,0.969458006928044
"17573",191,"Ec_N",293,53,53,"Ec",24,1,1,1,0,1,0.969458006928044
"17574",191,"Ec_N",293,54,54,"Ec",24,1,1,1,0,1,0.969458006928044
"17575",191,"Ec_N",293,55,55,"Ec",24,1,1,1,0,1,0.969458006928044
"17576",191,"Ec_N",293,56,56,"Ec",24,1,1,1,0,1,0.969458006928044
"17577",191,"Ec_N",293,57,57,"Ec",24,1,1,1,0,1,0.969458006928044
"17578",191,"Ec_N",293,58,58,"Ec",24,1,1,1,0,1,0.969458006928044
"17579",191,"Ec_N",293,59,59,"Ec",24,1,1,1,0,1,0.969458006928044
"17580",191,"Ec_N",293,60,60,"Ec",24,1,1,1,0,1,0.969458006928044
"17581",191,"Ec_N",294,1,1,"Ec",1,0,0,0,0,0,0
"17582",191,"Ec_N",294,2,2,"Ec",1,0,0,0,0,0,0
"17583",191,"Ec_N",294,3,3,"Ec",1,0,0,0,0,0,0
"17584",191,"Ec_N",294,4,4,"Ec",1,0,0,0,0,0,0
"17585",191,"Ec_N",294,5,5,"Ec",1,0,0,0,0,0,0
"17586",191,"Ec_N",294,6,6,"Ec",2,1,0,0,0,0,0.198020370545937
"17587",191,"Ec_N",294,7,7,"Ec",2,1,0,0,0,0,0.198020370545937
"17588",191,"Ec_N",294,8,8,"Ec",2,1,0,0,0,0,0.198020370545937
"17589",191,"Ec_N",294,9,9,"Ec",4,1,1,0,0,0,0.239331850597232
"17590",191,"Ec_N",294,10,10,"Ec",4,1,1,0,0,0,0.239331850597232
"17591",191,"Ec_N",294,11,11,"Ec",4,1,1,0,0,0,0.239331850597232
"17592",191,"Ec_N",294,12,12,"Ec",12,1,1,0,1,0,0.259780205416137
"17593",191,"Ec_N",294,13,13,"Ec",28,1,1,0,1,1,0.681047421119041
"17594",191,"Ec_N",294,14,14,"Ec",32,1,1,1,1,1,1
"17595",191,"Ec_N",294,15,15,"Ec",32,1,1,1,1,1,1
"17596",191,"Ec_N",294,16,16,"Ec",32,1,1,1,1,1,1
"17597",191,"Ec_N",294,17,17,"Ec",32,1,1,1,1,1,1
"17598",191,"Ec_N",294,18,18,"Ec",32,1,1,1,1,1,1
"17599",191,"Ec_N",294,19,19,"Ec",32,1,1,1,1,1,1
"17600",191,"Ec_N",294,20,20,"Ec",32,1,1,1,1,1,1
"17601",191,"Ec_N",294,21,21,"Ec",32,1,1,1,1,1,1
"17602",191,"Ec_N",294,22,22,"Ec",32,1,1,1,1,1,1
"17603",191,"Ec_N",294,23,23,"Ec",32,1,1,1,1,1,1
"17604",191,"Ec_N",294,24,24,"Ec",32,1,1,1,1,1,1
"17605",191,"Ec_N",294,25,25,"Ec",32,1,1,1,1,1,1
"17606",191,"Ec_N",294,26,26,"Ec",32,1,1,1,1,1,1
"17607",191,"Ec_N",294,27,27,"Ec",32,1,1,1,1,1,1
"17608",191,"Ec_N",294,28,28,"Ec",32,1,1,1,1,1,1
"17609",191,"Ec_N",294,29,29,"Ec",32,1,1,1,1,1,1
"17610",191,"Ec_N",294,30,30,"Ec",32,1,1,1,1,1,1
"17611",191,"Ec_N",294,31,31,"Ec",32,1,1,1,1,1,1
"17612",191,"Ec_N",294,32,32,"Ec",32,1,1,1,1,1,1
"17613",191,"Ec_N",294,33,33,"Ec",32,1,1,1,1,1,1
"17614",191,"Ec_N",294,34,34,"Ec",32,1,1,1,1,1,1
"17615",191,"Ec_N",294,35,35,"Ec",32,1,1,1,1,1,1
"17616",191,"Ec_N",294,36,36,"Ec",32,1,1,1,1,1,1
"17617",191,"Ec_N",294,37,37,"Ec",32,1,1,1,1,1,1
"17618",191,"Ec_N",294,38,38,"Ec",32,1,1,1,1,1,1
"17619",191,"Ec_N",294,39,39,"Ec",32,1,1,1,1,1,1
"17620",191,"Ec_N",294,40,40,"Ec",32,1,1,1,1,1,1
"17621",191,"Ec_N",294,41,41,"Ec",32,1,1,1,1,1,1
"17622",191,"Ec_N",294,42,42,"Ec",32,1,1,1,1,1,1
"17623",191,"Ec_N",294,43,43,"Ec",32,1,1,1,1,1,1
"17624",191,"Ec_N",294,44,44,"Ec",32,1,1,1,1,1,1
"17625",191,"Ec_N",294,45,45,"Ec",32,1,1,1,1,1,1
"17626",191,"Ec_N",294,46,46,"Ec",32,1,1,1,1,1,1
"17627",191,"Ec_N",294,47,47,"Ec",32,1,1,1,1,1,1
"17628",191,"Ec_N",294,48,48,"Ec",32,1,1,1,1,1,1
"17629",191,"Ec_N",294,49,49,"Ec",32,1,1,1,1,1,1
"17630",191,"Ec_N",294,50,50,"Ec",32,1,1,1,1,1,1
"17631",191,"Ec_N",294,51,51,"Ec",32,1,1,1,1,1,1
"17632",191,"Ec_N",294,52,52,"Ec",32,1,1,1,1,1,1
"17633",191,"Ec_N",294,53,53,"Ec",32,1,1,1,1,1,1
"17634",191,"Ec_N",294,54,54,"Ec",32,1,1,1,1,1,1
"17635",191,"Ec_N",294,55,55,"Ec",32,1,1,1,1,1,1
"17636",191,"Ec_N",294,56,56,"Ec",32,1,1,1,1,1,1
"17637",191,"Ec_N",294,57,57,"Ec",32,1,1,1,1,1,1
"17638",191,"Ec_N",294,58,58,"Ec",32,1,1,1,1,1,1
"17639",191,"Ec_N",294,59,59,"Ec",32,1,1,1,1,1,1
"17640",191,"Ec_N",294,60,60,"Ec",32,1,1,1,1,1,1
"17641",191,"Ec_N",295,1,1,"Ec",1,0,0,0,0,0,0
"17642",191,"Ec_N",295,2,2,"Ec",1,0,0,0,0,0,0
"17643",191,"Ec_N",295,3,3,"Ec",1,0,0,0,0,0,0
"17644",191,"Ec_N",295,4,4,"Ec",17,0,0,0,0,1,0.229834113103391
"17645",191,"Ec_N",295,5,5,"Ec",17,0,0,0,0,1,0.229834113103391
"17646",191,"Ec_N",295,6,6,"Ec",17,0,0,0,0,1,0.229834113103391
"17647",191,"Ec_N",295,7,7,"Ec",17,0,0,0,0,1,0.229834113103391
"17648",191,"Ec_N",295,8,8,"Ec",17,0,0,0,0,1,0.229834113103391
"17649",191,"Ec_N",295,9,9,"Ec",17,0,0,0,0,1,0.229834113103391
"17650",191,"Ec_N",295,10,10,"Ec",17,0,0,0,0,1,0.229834113103391
"17651",191,"Ec_N",295,11,11,"Ec",17,0,0,0,0,1,0.229834113103391
"17652",191,"Ec_N",295,12,12,"Ec",17,0,0,0,0,1,0.229834113103391
"17653",191,"Ec_N",295,13,13,"Ec",17,0,0,0,0,1,0.229834113103391
"17654",191,"Ec_N",295,14,14,"Ec",21,0,0,1,0,1,0.726280938342543
"17655",191,"Ec_N",295,15,15,"Ec",22,1,0,1,0,1,0.92522428176681
"17656",191,"Ec_N",295,16,16,"Ec",22,1,0,1,0,1,0.92522428176681
"17657",191,"Ec_N",295,17,17,"Ec",22,1,0,1,0,1,0.92522428176681
"17658",191,"Ec_N",295,18,18,"Ec",22,1,0,1,0,1,0.92522428176681
"17659",191,"Ec_N",295,19,19,"Ec",24,1,1,1,0,1,0.969458006928044
"17660",191,"Ec_N",295,20,20,"Ec",24,1,1,1,0,1,0.969458006928044
"17661",191,"Ec_N",295,21,21,"Ec",24,1,1,1,0,1,0.969458006928044
"17662",191,"Ec_N",295,22,22,"Ec",24,1,1,1,0,1,0.969458006928044
"17663",191,"Ec_N",295,23,23,"Ec",24,1,1,1,0,1,0.969458006928044
"17664",191,"Ec_N",295,24,24,"Ec",24,1,1,1,0,1,0.969458006928044
"17665",191,"Ec_N",295,25,25,"Ec",24,1,1,1,0,1,0.969458006928044
"17666",191,"Ec_N",295,26,26,"Ec",24,1,1,1,0,1,0.969458006928044
"17667",191,"Ec_N",295,27,27,"Ec",24,1,1,1,0,1,0.969458006928044
"17668",191,"Ec_N",295,28,28,"Ec",24,1,1,1,0,1,0.969458006928044
"17669",191,"Ec_N",295,29,29,"Ec",24,1,1,1,0,1,0.969458006928044
"17670",191,"Ec_N",295,30,30,"Ec",24,1,1,1,0,1,0.969458006928044
"17671",191,"Ec_N",295,31,31,"Ec",24,1,1,1,0,1,0.969458006928044
"17672",191,"Ec_N",295,32,32,"Ec",24,1,1,1,0,1,0.969458006928044
"17673",191,"Ec_N",295,33,33,"Ec",24,1,1,1,0,1,0.969458006928044
"17674",191,"Ec_N",295,34,34,"Ec",24,1,1,1,0,1,0.969458006928044
"17675",191,"Ec_N",295,35,35,"Ec",24,1,1,1,0,1,0.969458006928044
"17676",191,"Ec_N",295,36,36,"Ec",24,1,1,1,0,1,0.969458006928044
"17677",191,"Ec_N",295,37,37,"Ec",24,1,1,1,0,1,0.969458006928044
"17678",191,"Ec_N",295,38,38,"Ec",24,1,1,1,0,1,0.969458006928044
"17679",191,"Ec_N",295,39,39,"Ec",24,1,1,1,0,1,0.969458006928044
"17680",191,"Ec_N",295,40,40,"Ec",24,1,1,1,0,1,0.969458006928044
"17681",191,"Ec_N",295,41,41,"Ec",24,1,1,1,0,1,0.969458006928044
"17682",191,"Ec_N",295,42,42,"Ec",24,1,1,1,0,1,0.969458006928044
"17683",191,"Ec_N",295,43,43,"Ec",24,1,1,1,0,1,0.969458006928044
"17684",191,"Ec_N",295,44,44,"Ec",24,1,1,1,0,1,0.969458006928044
"17685",191,"Ec_N",295,45,45,"Ec",24,1,1,1,0,1,0.969458006928044
"17686",191,"Ec_N",295,46,46,"Ec",24,1,1,1,0,1,0.969458006928044
"17687",191,"Ec_N",295,47,47,"Ec",24,1,1,1,0,1,0.969458006928044
"17688",191,"Ec_N",295,48,48,"Ec",24,1,1,1,0,1,0.969458006928044
"17689",191,"Ec_N",295,49,49,"Ec",24,1,1,1,0,1,0.969458006928044
"17690",191,"Ec_N",295,50,50,"Ec",24,1,1,1,0,1,0.969458006928044
"17691",191,"Ec_N",295,51,51,"Ec",32,1,1,1,1,1,1
"17692",191,"Ec_N",295,52,52,"Ec",32,1,1,1,1,1,1
"17693",191,"Ec_N",295,53,53,"Ec",32,1,1,1,1,1,1
"17694",191,"Ec_N",295,54,54,"Ec",32,1,1,1,1,1,1
"17695",191,"Ec_N",295,55,55,"Ec",32,1,1,1,1,1,1
"17696",191,"Ec_N",295,56,56,"Ec",32,1,1,1,1,1,1
"17697",191,"Ec_N",295,57,57,"Ec",32,1,1,1,1,1,1
"17698",191,"Ec_N",295,58,58,"Ec",32,1,1,1,1,1,1
"17699",191,"Ec_N",295,59,59,"Ec",32,1,1,1,1,1,1
"17700",191,"Ec_N",295,60,60,"Ec",32,1,1,1,1,1,1
"17701",191,"Ec_N",296,1,1,"Ec",1,0,0,0,0,0,0
"17702",191,"Ec_N",296,2,2,"Ec",1,0,0,0,0,0,0
"17703",191,"Ec_N",296,3,3,"Ec",1,0,0,0,0,0,0
"17704",191,"Ec_N",296,4,4,"Ec",1,0,0,0,0,0,0
"17705",191,"Ec_N",296,5,5,"Ec",1,0,0,0,0,0,0
"17706",191,"Ec_N",296,6,6,"Ec",1,0,0,0,0,0,0
"17707",191,"Ec_N",296,7,7,"Ec",1,0,0,0,0,0,0
"17708",191,"Ec_N",296,8,8,"Ec",1,0,0,0,0,0,0
"17709",191,"Ec_N",296,9,9,"Ec",1,0,0,0,0,0,0
"17710",191,"Ec_N",296,10,10,"Ec",1,0,0,0,0,0,0
"17711",191,"Ec_N",296,11,11,"Ec",1,0,0,0,0,0,0
"17712",191,"Ec_N",296,12,12,"Ec",3,0,1,0,0,0,0.041311480051295
"17713",191,"Ec_N",296,13,13,"Ec",3,0,1,0,0,0,0.041311480051295
"17714",191,"Ec_N",296,14,14,"Ec",3,0,1,0,0,0,0.041311480051295
"17715",191,"Ec_N",296,15,15,"Ec",3,0,1,0,0,0,0.041311480051295
"17716",191,"Ec_N",296,16,16,"Ec",3,0,1,0,0,0,0.041311480051295
"17717",191,"Ec_N",296,17,17,"Ec",3,0,1,0,0,0,0.041311480051295
"17718",191,"Ec_N",296,18,18,"Ec",3,0,1,0,0,0,0.041311480051295
"17719",191,"Ec_N",296,19,19,"Ec",3,0,1,0,0,0,0.041311480051295
"17720",191,"Ec_N",296,20,20,"Ec",3,0,1,0,0,0,0.041311480051295
"17721",191,"Ec_N",296,21,21,"Ec",3,0,1,0,0,0,0.041311480051295
"17722",191,"Ec_N",296,22,22,"Ec",11,0,1,0,1,0,0.0857419302602629
"17723",191,"Ec_N",296,23,23,"Ec",11,0,1,0,1,0,0.0857419302602629
"17724",191,"Ec_N",296,24,24,"Ec",11,0,1,0,1,0,0.0857419302602629
"17725",191,"Ec_N",296,25,25,"Ec",11,0,1,0,1,0,0.0857419302602629
"17726",191,"Ec_N",296,26,26,"Ec",11,0,1,0,1,0,0.0857419302602629
"17727",191,"Ec_N",296,27,27,"Ec",11,0,1,0,1,0,0.0857419302602629
"17728",191,"Ec_N",296,28,28,"Ec",11,0,1,0,1,0,0.0857419302602629
"17729",191,"Ec_N",296,29,29,"Ec",11,0,1,0,1,0,0.0857419302602629
"17730",191,"Ec_N",296,30,30,"Ec",11,0,1,0,1,0,0.0857419302602629
"17731",191,"Ec_N",296,31,31,"Ec",11,0,1,0,1,0,0.0857419302602629
"17732",191,"Ec_N",296,32,32,"Ec",12,1,1,0,1,0,0.259780205416137
"17733",191,"Ec_N",296,33,33,"Ec",12,1,1,0,1,0,0.259780205416137
"17734",191,"Ec_N",296,34,34,"Ec",12,1,1,0,1,0,0.259780205416137
"17735",191,"Ec_N",296,35,35,"Ec",12,1,1,0,1,0,0.259780205416137
"17736",191,"Ec_N",296,36,36,"Ec",12,1,1,0,1,0,0.259780205416137
"17737",191,"Ec_N",296,37,37,"Ec",12,1,1,0,1,0,0.259780205416137
"17738",191,"Ec_N",296,38,38,"Ec",12,1,1,0,1,0,0.259780205416137
"17739",191,"Ec_N",296,39,39,"Ec",12,1,1,0,1,0,0.259780205416137
"17740",191,"Ec_N",296,40,40,"Ec",12,1,1,0,1,0,0.259780205416137
"17741",191,"Ec_N",296,41,41,"Ec",12,1,1,0,1,0,0.259780205416137
"17742",191,"Ec_N",296,42,42,"Ec",12,1,1,0,1,0,0.259780205416137
"17743",191,"Ec_N",296,43,43,"Ec",28,1,1,0,1,1,0.681047421119041
"17744",191,"Ec_N",296,44,44,"Ec",28,1,1,0,1,1,0.681047421119041
"17745",191,"Ec_N",296,45,45,"Ec",28,1,1,0,1,1,0.681047421119041
"17746",191,"Ec_N",296,46,46,"Ec",28,1,1,0,1,1,0.681047421119041
"17747",191,"Ec_N",296,47,47,"Ec",28,1,1,0,1,1,0.681047421119041
"17748",191,"Ec_N",296,48,48,"Ec",28,1,1,0,1,1,0.681047421119041
"17749",191,"Ec_N",296,49,49,"Ec",28,1,1,0,1,1,0.681047421119041
"17750",191,"Ec_N",296,50,50,"Ec",32,1,1,1,1,1,1
"17751",191,"Ec_N",296,51,51,"Ec",32,1,1,1,1,1,1
"17752",191,"Ec_N",296,52,52,"Ec",32,1,1,1,1,1,1
"17753",191,"Ec_N",296,53,53,"Ec",32,1,1,1,1,1,1
"17754",191,"Ec_N",296,54,54,"Ec",32,1,1,1,1,1,1
"17755",191,"Ec_N",296,55,55,"Ec",32,1,1,1,1,1,1
"17756",191,"Ec_N",296,56,56,"Ec",32,1,1,1,1,1,1
"17757",191,"Ec_N",296,57,57,"Ec",32,1,1,1,1,1,1
"17758",191,"Ec_N",296,58,58,"Ec",32,1,1,1,1,1,1
"17759",191,"Ec_N",296,59,59,"Ec",32,1,1,1,1,1,1
"17760",191,"Ec_N",296,60,60,"Ec",32,1,1,1,1,1,1
"17761",191,"Ec_N",297,1,1,"Ec",1,0,0,0,0,0,0
"17762",191,"Ec_N",297,2,2,"Ec",1,0,0,0,0,0,0
"17763",191,"Ec_N",297,3,3,"Ec",1,0,0,0,0,0,0
"17764",191,"Ec_N",297,4,4,"Ec",1,0,0,0,0,0,0
"17765",191,"Ec_N",297,5,5,"Ec",1,0,0,0,0,0,0
"17766",191,"Ec_N",297,6,6,"Ec",1,0,0,0,0,0,0
"17767",191,"Ec_N",297,7,7,"Ec",5,0,0,1,0,0,0.49313446766664
"17768",191,"Ec_N",297,8,8,"Ec",5,0,0,1,0,0,0.49313446766664
"17769",191,"Ec_N",297,9,9,"Ec",5,0,0,1,0,0,0.49313446766664
"17770",191,"Ec_N",297,10,10,"Ec",21,0,0,1,0,1,0.726280938342543
"17771",191,"Ec_N",297,11,11,"Ec",21,0,0,1,0,1,0.726280938342543
"17772",191,"Ec_N",297,12,12,"Ec",21,0,0,1,0,1,0.726280938342543
"17773",191,"Ec_N",297,13,13,"Ec",21,0,0,1,0,1,0.726280938342543
"17774",191,"Ec_N",297,14,14,"Ec",21,0,0,1,0,1,0.726280938342543
"17775",191,"Ec_N",297,15,15,"Ec",21,0,0,1,0,1,0.726280938342543
"17776",191,"Ec_N",297,16,16,"Ec",21,0,0,1,0,1,0.726280938342543
"17777",191,"Ec_N",297,17,17,"Ec",29,0,0,1,1,1,0.760668149402769
"17778",191,"Ec_N",297,18,18,"Ec",29,0,0,1,1,1,0.760668149402769
"17779",191,"Ec_N",297,19,19,"Ec",29,0,0,1,1,1,0.760668149402769
"17780",191,"Ec_N",297,20,20,"Ec",29,0,0,1,1,1,0.760668149402769
"17781",191,"Ec_N",297,21,21,"Ec",29,0,0,1,1,1,0.760668149402769
"17782",191,"Ec_N",297,22,22,"Ec",29,0,0,1,1,1,0.760668149402769
"17783",191,"Ec_N",297,23,23,"Ec",29,0,0,1,1,1,0.760668149402769
"17784",191,"Ec_N",297,24,24,"Ec",29,0,0,1,1,1,0.760668149402769
"17785",191,"Ec_N",297,25,25,"Ec",29,0,0,1,1,1,0.760668149402769
"17786",191,"Ec_N",297,26,26,"Ec",29,0,0,1,1,1,0.760668149402769
"17787",191,"Ec_N",297,27,27,"Ec",29,0,0,1,1,1,0.760668149402769
"17788",191,"Ec_N",297,28,28,"Ec",29,0,0,1,1,1,0.760668149402769
"17789",191,"Ec_N",297,29,29,"Ec",29,0,0,1,1,1,0.760668149402769
"17790",191,"Ec_N",297,30,30,"Ec",30,1,0,1,1,1,0.958688519948705
"17791",191,"Ec_N",297,31,31,"Ec",30,1,0,1,1,1,0.958688519948705
"17792",191,"Ec_N",297,32,32,"Ec",30,1,0,1,1,1,0.958688519948705
"17793",191,"Ec_N",297,33,33,"Ec",30,1,0,1,1,1,0.958688519948705
"17794",191,"Ec_N",297,34,34,"Ec",30,1,0,1,1,1,0.958688519948705
"17795",191,"Ec_N",297,35,35,"Ec",30,1,0,1,1,1,0.958688519948705
"17796",191,"Ec_N",297,36,36,"Ec",30,1,0,1,1,1,0.958688519948705
"17797",191,"Ec_N",297,37,37,"Ec",30,1,0,1,1,1,0.958688519948705
"17798",191,"Ec_N",297,38,38,"Ec",30,1,0,1,1,1,0.958688519948705
"17799",191,"Ec_N",297,39,39,"Ec",30,1,0,1,1,1,0.958688519948705
"17800",191,"Ec_N",297,40,40,"Ec",30,1,0,1,1,1,0.958688519948705
"17801",191,"Ec_N",297,41,41,"Ec",30,1,0,1,1,1,0.958688519948705
"17802",191,"Ec_N",297,42,42,"Ec",30,1,0,1,1,1,0.958688519948705
"17803",191,"Ec_N",297,43,43,"Ec",30,1,0,1,1,1,0.958688519948705
"17804",191,"Ec_N",297,44,44,"Ec",30,1,0,1,1,1,0.958688519948705
"17805",191,"Ec_N",297,45,45,"Ec",30,1,0,1,1,1,0.958688519948705
"17806",191,"Ec_N",297,46,46,"Ec",30,1,0,1,1,1,0.958688519948705
"17807",191,"Ec_N",297,47,47,"Ec",30,1,0,1,1,1,0.958688519948705
"17808",191,"Ec_N",297,48,48,"Ec",30,1,0,1,1,1,0.958688519948705
"17809",191,"Ec_N",297,49,49,"Ec",30,1,0,1,1,1,0.958688519948705
"17810",191,"Ec_N",297,50,50,"Ec",30,1,0,1,1,1,0.958688519948705
"17811",191,"Ec_N",297,51,51,"Ec",30,1,0,1,1,1,0.958688519948705
"17812",191,"Ec_N",297,52,52,"Ec",30,1,0,1,1,1,0.958688519948705
"17813",191,"Ec_N",297,53,53,"Ec",30,1,0,1,1,1,0.958688519948705
"17814",191,"Ec_N",297,54,54,"Ec",30,1,0,1,1,1,0.958688519948705
"17815",191,"Ec_N",297,55,55,"Ec",30,1,0,1,1,1,0.958688519948705
"17816",191,"Ec_N",297,56,56,"Ec",30,1,0,1,1,1,0.958688519948705
"17817",191,"Ec_N",297,57,57,"Ec",30,1,0,1,1,1,0.958688519948705
"17818",191,"Ec_N",297,58,58,"Ec",30,1,0,1,1,1,0.958688519948705
"17819",191,"Ec_N",297,59,59,"Ec",30,1,0,1,1,1,0.958688519948705
"17820",191,"Ec_N",297,60,60,"Ec",30,1,0,1,1,1,0.958688519948705
"17821",191,"Ec_N",298,1,1,"Ec",1,0,0,0,0,0,0
"17822",191,"Ec_N",298,2,2,"Ec",9,0,0,0,1,0,0.0305419930719563
"17823",191,"Ec_N",298,3,3,"Ec",9,0,0,0,1,0,0.0305419930719563
"17824",191,"Ec_N",298,4,4,"Ec",9,0,0,0,1,0,0.0305419930719563
"17825",191,"Ec_N",298,5,5,"Ec",13,0,0,1,1,0,0.374679213953716
"17826",191,"Ec_N",298,6,6,"Ec",13,0,0,1,1,0,0.374679213953716
"17827",191,"Ec_N",298,7,7,"Ec",13,0,0,1,1,0,0.374679213953716
"17828",191,"Ec_N",298,8,8,"Ec",13,0,0,1,1,0,0.374679213953716
"17829",191,"Ec_N",298,9,9,"Ec",13,0,0,1,1,0,0.374679213953716
"17830",191,"Ec_N",298,10,10,"Ec",5,0,0,1,0,0,0.49313446766664
"17831",191,"Ec_N",298,11,11,"Ec",5,0,0,1,0,0,0.49313446766664
"17832",191,"Ec_N",298,12,12,"Ec",5,0,0,1,0,0,0.49313446766664
"17833",191,"Ec_N",298,13,13,"Ec",21,0,0,1,0,1,0.726280938342543
"17834",191,"Ec_N",298,14,14,"Ec",21,0,0,1,0,1,0.726280938342543
"17835",191,"Ec_N",298,15,15,"Ec",21,0,0,1,0,1,0.726280938342543
"17836",191,"Ec_N",298,16,16,"Ec",21,0,0,1,0,1,0.726280938342543
"17837",191,"Ec_N",298,17,17,"Ec",21,0,0,1,0,1,0.726280938342543
"17838",191,"Ec_N",298,18,18,"Ec",21,0,0,1,0,1,0.726280938342543
"17839",191,"Ec_N",298,19,19,"Ec",21,0,0,1,0,1,0.726280938342543
"17840",191,"Ec_N",298,20,20,"Ec",21,0,0,1,0,1,0.726280938342543
"17841",191,"Ec_N",298,21,21,"Ec",21,0,0,1,0,1,0.726280938342543
"17842",191,"Ec_N",298,22,22,"Ec",21,0,0,1,0,1,0.726280938342543
"17843",191,"Ec_N",298,23,23,"Ec",21,0,0,1,0,1,0.726280938342543
"17844",191,"Ec_N",298,24,24,"Ec",22,1,0,1,0,1,0.92522428176681
"17845",191,"Ec_N",298,25,25,"Ec",22,1,0,1,0,1,0.92522428176681
"17846",191,"Ec_N",298,26,26,"Ec",30,1,0,1,1,1,0.958688519948705
"17847",191,"Ec_N",298,27,27,"Ec",30,1,0,1,1,1,0.958688519948705
"17848",191,"Ec_N",298,28,28,"Ec",30,1,0,1,1,1,0.958688519948705
"17849",191,"Ec_N",298,29,29,"Ec",30,1,0,1,1,1,0.958688519948705
"17850",191,"Ec_N",298,30,30,"Ec",30,1,0,1,1,1,0.958688519948705
"17851",191,"Ec_N",298,31,31,"Ec",30,1,0,1,1,1,0.958688519948705
"17852",191,"Ec_N",298,32,32,"Ec",30,1,0,1,1,1,0.958688519948705
"17853",191,"Ec_N",298,33,33,"Ec",30,1,0,1,1,1,0.958688519948705
"17854",191,"Ec_N",298,34,34,"Ec",30,1,0,1,1,1,0.958688519948705
"17855",191,"Ec_N",298,35,35,"Ec",30,1,0,1,1,1,0.958688519948705
"17856",191,"Ec_N",298,36,36,"Ec",30,1,0,1,1,1,0.958688519948705
"17857",191,"Ec_N",298,37,37,"Ec",30,1,0,1,1,1,0.958688519948705
"17858",191,"Ec_N",298,38,38,"Ec",30,1,0,1,1,1,0.958688519948705
"17859",191,"Ec_N",298,39,39,"Ec",30,1,0,1,1,1,0.958688519948705
"17860",191,"Ec_N",298,40,40,"Ec",30,1,0,1,1,1,0.958688519948705
"17861",191,"Ec_N",298,41,41,"Ec",30,1,0,1,1,1,0.958688519948705
"17862",191,"Ec_N",298,42,42,"Ec",30,1,0,1,1,1,0.958688519948705
"17863",191,"Ec_N",298,43,43,"Ec",30,1,0,1,1,1,0.958688519948705
"17864",191,"Ec_N",298,44,44,"Ec",30,1,0,1,1,1,0.958688519948705
"17865",191,"Ec_N",298,45,45,"Ec",30,1,0,1,1,1,0.958688519948705
"17866",191,"Ec_N",298,46,46,"Ec",30,1,0,1,1,1,0.958688519948705
"17867",191,"Ec_N",298,47,47,"Ec",30,1,0,1,1,1,0.958688519948705
"17868",191,"Ec_N",298,48,48,"Ec",30,1,0,1,1,1,0.958688519948705
"17869",191,"Ec_N",298,49,49,"Ec",30,1,0,1,1,1,0.958688519948705
"17870",191,"Ec_N",298,50,50,"Ec",30,1,0,1,1,1,0.958688519948705
"17871",191,"Ec_N",298,51,51,"Ec",30,1,0,1,1,1,0.958688519948705
"17872",191,"Ec_N",298,52,52,"Ec",30,1,0,1,1,1,0.958688519948705
"17873",191,"Ec_N",298,53,53,"Ec",30,1,0,1,1,1,0.958688519948705
"17874",191,"Ec_N",298,54,54,"Ec",30,1,0,1,1,1,0.958688519948705
"17875",191,"Ec_N",298,55,55,"Ec",30,1,0,1,1,1,0.958688519948705
"17876",191,"Ec_N",298,56,56,"Ec",30,1,0,1,1,1,0.958688519948705
"17877",191,"Ec_N",298,57,57,"Ec",30,1,0,1,1,1,0.958688519948705
"17878",191,"Ec_N",298,58,58,"Ec",30,1,0,1,1,1,0.958688519948705
"17879",191,"Ec_N",298,59,59,"Ec",30,1,0,1,1,1,0.958688519948705
"17880",191,"Ec_N",298,60,60,"Ec",30,1,0,1,1,1,0.958688519948705
"17881",191,"Ec_N",299,1,1,"Ec",1,0,0,0,0,0,0
"17882",191,"Ec_N",299,2,2,"Ec",1,0,0,0,0,0,0
"17883",191,"Ec_N",299,3,3,"Ec",1,0,0,0,0,0,0
"17884",191,"Ec_N",299,4,4,"Ec",1,0,0,0,0,0,0
"17885",191,"Ec_N",299,5,5,"Ec",1,0,0,0,0,0,0
"17886",191,"Ec_N",299,6,6,"Ec",1,0,0,0,0,0,0
"17887",191,"Ec_N",299,7,7,"Ec",1,0,0,0,0,0,0
"17888",191,"Ec_N",299,8,8,"Ec",1,0,0,0,0,0,0
"17889",191,"Ec_N",299,9,9,"Ec",1,0,0,0,0,0,0
"17890",191,"Ec_N",299,10,10,"Ec",1,0,0,0,0,0,0
"17891",191,"Ec_N",299,11,11,"Ec",1,0,0,0,0,0,0
"17892",191,"Ec_N",299,12,12,"Ec",1,0,0,0,0,0,0
"17893",191,"Ec_N",299,13,13,"Ec",1,0,0,0,0,0,0
"17894",191,"Ec_N",299,14,14,"Ec",2,1,0,0,0,0,0.198020370545937
"17895",191,"Ec_N",299,15,15,"Ec",2,1,0,0,0,0,0.198020370545937
"17896",191,"Ec_N",299,16,16,"Ec",10,1,0,0,1,0,0.228562363617893
"17897",191,"Ec_N",299,17,17,"Ec",10,1,0,0,1,0,0.228562363617893
"17898",191,"Ec_N",299,18,18,"Ec",10,1,0,0,1,0,0.228562363617893
"17899",191,"Ec_N",299,19,19,"Ec",10,1,0,0,1,0,0.228562363617893
"17900",191,"Ec_N",299,20,20,"Ec",10,1,0,0,1,0,0.228562363617893
"17901",191,"Ec_N",299,21,21,"Ec",26,1,0,0,1,1,0.514384015075299
"17902",191,"Ec_N",299,22,22,"Ec",30,1,0,1,1,1,0.958688519948705
"17903",191,"Ec_N",299,23,23,"Ec",30,1,0,1,1,1,0.958688519948705
"17904",191,"Ec_N",299,24,24,"Ec",30,1,0,1,1,1,0.958688519948705
"17905",191,"Ec_N",299,25,25,"Ec",30,1,0,1,1,1,0.958688519948705
"17906",191,"Ec_N",299,26,26,"Ec",30,1,0,1,1,1,0.958688519948705
"17907",191,"Ec_N",299,27,27,"Ec",30,1,0,1,1,1,0.958688519948705
"17908",191,"Ec_N",299,28,28,"Ec",30,1,0,1,1,1,0.958688519948705
"17909",191,"Ec_N",299,29,29,"Ec",30,1,0,1,1,1,0.958688519948705
"17910",191,"Ec_N",299,30,30,"Ec",30,1,0,1,1,1,0.958688519948705
"17911",191,"Ec_N",299,31,31,"Ec",30,1,0,1,1,1,0.958688519948705
"17912",191,"Ec_N",299,32,32,"Ec",30,1,0,1,1,1,0.958688519948705
"17913",191,"Ec_N",299,33,33,"Ec",30,1,0,1,1,1,0.958688519948705
"17914",191,"Ec_N",299,34,34,"Ec",30,1,0,1,1,1,0.958688519948705
"17915",191,"Ec_N",299,35,35,"Ec",30,1,0,1,1,1,0.958688519948705
"17916",191,"Ec_N",299,36,36,"Ec",30,1,0,1,1,1,0.958688519948705
"17917",191,"Ec_N",299,37,37,"Ec",30,1,0,1,1,1,0.958688519948705
"17918",191,"Ec_N",299,38,38,"Ec",30,1,0,1,1,1,0.958688519948705
"17919",191,"Ec_N",299,39,39,"Ec",30,1,0,1,1,1,0.958688519948705
"17920",191,"Ec_N",299,40,40,"Ec",30,1,0,1,1,1,0.958688519948705
"17921",191,"Ec_N",299,41,41,"Ec",30,1,0,1,1,1,0.958688519948705
"17922",191,"Ec_N",299,42,42,"Ec",30,1,0,1,1,1,0.958688519948705
"17923",191,"Ec_N",299,43,43,"Ec",30,1,0,1,1,1,0.958688519948705
"17924",191,"Ec_N",299,44,44,"Ec",30,1,0,1,1,1,0.958688519948705
"17925",191,"Ec_N",299,45,45,"Ec",30,1,0,1,1,1,0.958688519948705
"17926",191,"Ec_N",299,46,46,"Ec",30,1,0,1,1,1,0.958688519948705
"17927",191,"Ec_N",299,47,47,"Ec",30,1,0,1,1,1,0.958688519948705
"17928",191,"Ec_N",299,48,48,"Ec",30,1,0,1,1,1,0.958688519948705
"17929",191,"Ec_N",299,49,49,"Ec",30,1,0,1,1,1,0.958688519948705
"17930",191,"Ec_N",299,50,50,"Ec",30,1,0,1,1,1,0.958688519948705
"17931",191,"Ec_N",299,51,51,"Ec",30,1,0,1,1,1,0.958688519948705
"17932",191,"Ec_N",299,52,52,"Ec",30,1,0,1,1,1,0.958688519948705
"17933",191,"Ec_N",299,53,53,"Ec",30,1,0,1,1,1,0.958688519948705
"17934",191,"Ec_N",299,54,54,"Ec",30,1,0,1,1,1,0.958688519948705
"17935",191,"Ec_N",299,55,55,"Ec",30,1,0,1,1,1,0.958688519948705
"17936",191,"Ec_N",299,56,56,"Ec",30,1,0,1,1,1,0.958688519948705
"17937",191,"Ec_N",299,57,57,"Ec",30,1,0,1,1,1,0.958688519948705
"17938",191,"Ec_N",299,58,58,"Ec",30,1,0,1,1,1,0.958688519948705
"17939",191,"Ec_N",299,59,59,"Ec",30,1,0,1,1,1,0.958688519948705
"17940",191,"Ec_N",299,60,60,"Ec",30,1,0,1,1,1,0.958688519948705
"17941",191,"Ec_N",300,1,1,"Ec",1,0,0,0,0,0,0
"17942",191,"Ec_N",300,2,2,"Ec",1,0,0,0,0,0,0
"17943",191,"Ec_N",300,3,3,"Ec",1,0,0,0,0,0,0
"17944",191,"Ec_N",300,4,4,"Ec",1,0,0,0,0,0,0
"17945",191,"Ec_N",300,5,5,"Ec",1,0,0,0,0,0,0
"17946",191,"Ec_N",300,6,6,"Ec",1,0,0,0,0,0,0
"17947",191,"Ec_N",300,7,7,"Ec",1,0,0,0,0,0,0
"17948",191,"Ec_N",300,8,8,"Ec",1,0,0,0,0,0,0
"17949",191,"Ec_N",300,9,9,"Ec",1,0,0,0,0,0,0
"17950",191,"Ec_N",300,10,10,"Ec",1,0,0,0,0,0,0
"17951",191,"Ec_N",300,11,11,"Ec",1,0,0,0,0,0,0
"17952",191,"Ec_N",300,12,12,"Ec",1,0,0,0,0,0,0
"17953",191,"Ec_N",300,13,13,"Ec",1,0,0,0,0,0,0
"17954",191,"Ec_N",300,14,14,"Ec",3,0,1,0,0,0,0.041311480051295
"17955",191,"Ec_N",300,15,15,"Ec",3,0,1,0,0,0,0.041311480051295
"17956",191,"Ec_N",300,16,16,"Ec",3,0,1,0,0,0,0.041311480051295
"17957",191,"Ec_N",300,17,17,"Ec",19,0,1,0,0,1,0.427300415500348
"17958",191,"Ec_N",300,18,18,"Ec",19,0,1,0,0,1,0.427300415500348
"17959",191,"Ec_N",300,19,19,"Ec",19,0,1,0,0,1,0.427300415500348
"17960",191,"Ec_N",300,20,20,"Ec",20,1,1,0,0,1,0.610298755308086
"17961",191,"Ec_N",300,21,21,"Ec",24,1,1,1,0,1,0.969458006928044
"17962",191,"Ec_N",300,22,22,"Ec",24,1,1,1,0,1,0.969458006928044
"17963",191,"Ec_N",300,23,23,"Ec",24,1,1,1,0,1,0.969458006928044
"17964",191,"Ec_N",300,24,24,"Ec",24,1,1,1,0,1,0.969458006928044
"17965",191,"Ec_N",300,25,25,"Ec",24,1,1,1,0,1,0.969458006928044
"17966",191,"Ec_N",300,26,26,"Ec",24,1,1,1,0,1,0.969458006928044
"17967",191,"Ec_N",300,27,27,"Ec",24,1,1,1,0,1,0.969458006928044
"17968",191,"Ec_N",300,28,28,"Ec",24,1,1,1,0,1,0.969458006928044
"17969",191,"Ec_N",300,29,29,"Ec",24,1,1,1,0,1,0.969458006928044
"17970",191,"Ec_N",300,30,30,"Ec",24,1,1,1,0,1,0.969458006928044
"17971",191,"Ec_N",300,31,31,"Ec",24,1,1,1,0,1,0.969458006928044
"17972",191,"Ec_N",300,32,32,"Ec",24,1,1,1,0,1,0.969458006928044
"17973",191,"Ec_N",300,33,33,"Ec",24,1,1,1,0,1,0.969458006928044
"17974",191,"Ec_N",300,34,34,"Ec",24,1,1,1,0,1,0.969458006928044
"17975",191,"Ec_N",300,35,35,"Ec",24,1,1,1,0,1,0.969458006928044
"17976",191,"Ec_N",300,36,36,"Ec",24,1,1,1,0,1,0.969458006928044
"17977",191,"Ec_N",300,37,37,"Ec",24,1,1,1,0,1,0.969458006928044
"17978",191,"Ec_N",300,38,38,"Ec",24,1,1,1,0,1,0.969458006928044
"17979",191,"Ec_N",300,39,39,"Ec",24,1,1,1,0,1,0.969458006928044
"17980",191,"Ec_N",300,40,40,"Ec",24,1,1,1,0,1,0.969458006928044
"17981",191,"Ec_N",300,41,41,"Ec",24,1,1,1,0,1,0.969458006928044
"17982",191,"Ec_N",300,42,42,"Ec",24,1,1,1,0,1,0.969458006928044
"17983",191,"Ec_N",300,43,43,"Ec",24,1,1,1,0,1,0.969458006928044
"17984",191,"Ec_N",300,44,44,"Ec",24,1,1,1,0,1,0.969458006928044
"17985",191,"Ec_N",300,45,45,"Ec",24,1,1,1,0,1,0.969458006928044
"17986",191,"Ec_N",300,46,46,"Ec",32,1,1,1,1,1,1
"17987",191,"Ec_N",300,47,47,"Ec",32,1,1,1,1,1,1
"17988",191,"Ec_N",300,48,48,"Ec",32,1,1,1,1,1,1
"17989",191,"Ec_N",300,49,49,"Ec",32,1,1,1,1,1,1
"17990",191,"Ec_N",300,50,50,"Ec",32,1,1,1,1,1,1
"17991",191,"Ec_N",300,51,51,"Ec",32,1,1,1,1,1,1
"17992",191,"Ec_N",300,52,52,"Ec",32,1,1,1,1,1,1
"17993",191,"Ec_N",300,53,53,"Ec",32,1,1,1,1,1,1
"17994",191,"Ec_N",300,54,54,"Ec",32,1,1,1,1,1,1
"17995",191,"Ec_N",300,55,55,"Ec",32,1,1,1,1,1,1
"17996",191,"Ec_N",300,56,56,"Ec",32,1,1,1,1,1,1
"17997",191,"Ec_N",300,57,57,"Ec",32,1,1,1,1,1,1
"17998",191,"Ec_N",300,58,58,"Ec",32,1,1,1,1,1,1
"17999",191,"Ec_N",300,59,59,"Ec",32,1,1,1,1,1,1
"18000",191,"Ec_N",300,60,60,"Ec",32,1,1,1,1,1,1
"18001",191,"Ec_N",301,1,1,"Ec",1,0,0,0,0,0,0
"18002",191,"Ec_N",301,2,2,"Ec",1,0,0,0,0,0,0
"18003",191,"Ec_N",301,3,3,"Ec",1,0,0,0,0,0,0
"18004",191,"Ec_N",301,4,4,"Ec",1,0,0,0,0,0,0
"18005",191,"Ec_N",301,5,5,"Ec",1,0,0,0,0,0,0
"18006",191,"Ec_N",301,6,6,"Ec",1,0,0,0,0,0,0
"18007",191,"Ec_N",301,7,7,"Ec",1,0,0,0,0,0,0
"18008",191,"Ec_N",301,8,8,"Ec",1,0,0,0,0,0,0
"18009",191,"Ec_N",301,9,9,"Ec",1,0,0,0,0,0,0
"18010",191,"Ec_N",301,10,10,"Ec",5,0,0,1,0,0,0.49313446766664
"18011",191,"Ec_N",301,11,11,"Ec",5,0,0,1,0,0,0.49313446766664
"18012",191,"Ec_N",301,12,12,"Ec",21,0,0,1,0,1,0.726280938342543
"18013",191,"Ec_N",301,13,13,"Ec",21,0,0,1,0,1,0.726280938342543
"18014",191,"Ec_N",301,14,14,"Ec",21,0,0,1,0,1,0.726280938342543
"18015",191,"Ec_N",301,15,15,"Ec",21,0,0,1,0,1,0.726280938342543
"18016",191,"Ec_N",301,16,16,"Ec",21,0,0,1,0,1,0.726280938342543
"18017",191,"Ec_N",301,17,17,"Ec",22,1,0,1,0,1,0.92522428176681
"18018",191,"Ec_N",301,18,18,"Ec",22,1,0,1,0,1,0.92522428176681
"18019",191,"Ec_N",301,19,19,"Ec",22,1,0,1,0,1,0.92522428176681
"18020",191,"Ec_N",301,20,20,"Ec",22,1,0,1,0,1,0.92522428176681
"18021",191,"Ec_N",301,21,21,"Ec",22,1,0,1,0,1,0.92522428176681
"18022",191,"Ec_N",301,22,22,"Ec",22,1,0,1,0,1,0.92522428176681
"18023",191,"Ec_N",301,23,23,"Ec",22,1,0,1,0,1,0.92522428176681
"18024",191,"Ec_N",301,24,24,"Ec",22,1,0,1,0,1,0.92522428176681
"18025",191,"Ec_N",301,25,25,"Ec",22,1,0,1,0,1,0.92522428176681
"18026",191,"Ec_N",301,26,26,"Ec",22,1,0,1,0,1,0.92522428176681
"18027",191,"Ec_N",301,27,27,"Ec",22,1,0,1,0,1,0.92522428176681
"18028",191,"Ec_N",301,28,28,"Ec",22,1,0,1,0,1,0.92522428176681
"18029",191,"Ec_N",301,29,29,"Ec",24,1,1,1,0,1,0.969458006928044
"18030",191,"Ec_N",301,30,30,"Ec",24,1,1,1,0,1,0.969458006928044
"18031",191,"Ec_N",301,31,31,"Ec",24,1,1,1,0,1,0.969458006928044
"18032",191,"Ec_N",301,32,32,"Ec",24,1,1,1,0,1,0.969458006928044
"18033",191,"Ec_N",301,33,33,"Ec",24,1,1,1,0,1,0.969458006928044
"18034",191,"Ec_N",301,34,34,"Ec",24,1,1,1,0,1,0.969458006928044
"18035",191,"Ec_N",301,35,35,"Ec",24,1,1,1,0,1,0.969458006928044
"18036",191,"Ec_N",301,36,36,"Ec",24,1,1,1,0,1,0.969458006928044
"18037",191,"Ec_N",301,37,37,"Ec",24,1,1,1,0,1,0.969458006928044
"18038",191,"Ec_N",301,38,38,"Ec",24,1,1,1,0,1,0.969458006928044
"18039",191,"Ec_N",301,39,39,"Ec",24,1,1,1,0,1,0.969458006928044
"18040",191,"Ec_N",301,40,40,"Ec",24,1,1,1,0,1,0.969458006928044
"18041",191,"Ec_N",301,41,41,"Ec",24,1,1,1,0,1,0.969458006928044
"18042",191,"Ec_N",301,42,42,"Ec",24,1,1,1,0,1,0.969458006928044
"18043",191,"Ec_N",301,43,43,"Ec",24,1,1,1,0,1,0.969458006928044
"18044",191,"Ec_N",301,44,44,"Ec",24,1,1,1,0,1,0.969458006928044
"18045",191,"Ec_N",301,45,45,"Ec",24,1,1,1,0,1,0.969458006928044
"18046",191,"Ec_N",301,46,46,"Ec",24,1,1,1,0,1,0.969458006928044
"18047",191,"Ec_N",301,47,47,"Ec",24,1,1,1,0,1,0.969458006928044
"18048",191,"Ec_N",301,48,48,"Ec",24,1,1,1,0,1,0.969458006928044
"18049",191,"Ec_N",301,49,49,"Ec",24,1,1,1,0,1,0.969458006928044
"18050",191,"Ec_N",301,50,50,"Ec",24,1,1,1,0,1,0.969458006928044
"18051",191,"Ec_N",301,51,51,"Ec",24,1,1,1,0,1,0.969458006928044
"18052",191,"Ec_N",301,52,52,"Ec",24,1,1,1,0,1,0.969458006928044
"18053",191,"Ec_N",301,53,53,"Ec",24,1,1,1,0,1,0.969458006928044
"18054",191,"Ec_N",301,54,54,"Ec",24,1,1,1,0,1,0.969458006928044
"18055",191,"Ec_N",301,55,55,"Ec",24,1,1,1,0,1,0.969458006928044
"18056",191,"Ec_N",301,56,56,"Ec",24,1,1,1,0,1,0.969458006928044
"18057",191,"Ec_N",301,57,57,"Ec",24,1,1,1,0,1,0.969458006928044
"18058",191,"Ec_N",301,58,58,"Ec",24,1,1,1,0,1,0.969458006928044
"18059",191,"Ec_N",301,59,59,"Ec",32,1,1,1,1,1,1
"18060",191,"Ec_N",301,60,60,"Ec",32,1,1,1,1,1,1
"18061",191,"Ec_N",302,1,1,"Ec",1,0,0,0,0,0,0
"18062",191,"Ec_N",302,2,2,"Ec",2,1,0,0,0,0,0.198020370545937
"18063",191,"Ec_N",302,3,3,"Ec",2,1,0,0,0,0,0.198020370545937
"18064",191,"Ec_N",302,4,4,"Ec",2,1,0,0,0,0,0.198020370545937
"18065",191,"Ec_N",302,5,5,"Ec",2,1,0,0,0,0,0.198020370545937
"18066",191,"Ec_N",302,6,6,"Ec",2,1,0,0,0,0,0.198020370545937
"18067",191,"Ec_N",302,7,7,"Ec",2,1,0,0,0,0,0.198020370545937
"18068",191,"Ec_N",302,8,8,"Ec",2,1,0,0,0,0,0.198020370545937
"18069",191,"Ec_N",302,9,9,"Ec",2,1,0,0,0,0,0.198020370545937
"18070",191,"Ec_N",302,10,10,"Ec",2,1,0,0,0,0,0.198020370545937
"18071",191,"Ec_N",302,11,11,"Ec",4,1,1,0,0,0,0.239331850597232
"18072",191,"Ec_N",302,12,12,"Ec",4,1,1,0,0,0,0.239331850597232
"18073",191,"Ec_N",302,13,13,"Ec",4,1,1,0,0,0,0.239331850597232
"18074",191,"Ec_N",302,14,14,"Ec",4,1,1,0,0,0,0.239331850597232
"18075",191,"Ec_N",302,15,15,"Ec",4,1,1,0,0,0,0.239331850597232
"18076",191,"Ec_N",302,16,16,"Ec",4,1,1,0,0,0,0.239331850597232
"18077",191,"Ec_N",302,17,17,"Ec",4,1,1,0,0,0,0.239331850597232
"18078",191,"Ec_N",302,18,18,"Ec",4,1,1,0,0,0,0.239331850597232
"18079",191,"Ec_N",302,19,19,"Ec",4,1,1,0,0,0,0.239331850597232
"18080",191,"Ec_N",302,20,20,"Ec",4,1,1,0,0,0,0.239331850597232
"18081",191,"Ec_N",302,21,21,"Ec",20,1,1,0,0,1,0.610298755308086
"18082",191,"Ec_N",302,22,22,"Ec",20,1,1,0,0,1,0.610298755308086
"18083",191,"Ec_N",302,23,23,"Ec",20,1,1,0,0,1,0.610298755308086
"18084",191,"Ec_N",302,24,24,"Ec",20,1,1,0,0,1,0.610298755308086
"18085",191,"Ec_N",302,25,25,"Ec",20,1,1,0,0,1,0.610298755308086
"18086",191,"Ec_N",302,26,26,"Ec",20,1,1,0,0,1,0.610298755308086
"18087",191,"Ec_N",302,27,27,"Ec",20,1,1,0,0,1,0.610298755308086
"18088",191,"Ec_N",302,28,28,"Ec",20,1,1,0,0,1,0.610298755308086
"18089",191,"Ec_N",302,29,29,"Ec",20,1,1,0,0,1,0.610298755308086
"18090",191,"Ec_N",302,30,30,"Ec",20,1,1,0,0,1,0.610298755308086
"18091",191,"Ec_N",302,31,31,"Ec",20,1,1,0,0,1,0.610298755308086
"18092",191,"Ec_N",302,32,32,"Ec",20,1,1,0,0,1,0.610298755308086
"18093",191,"Ec_N",302,33,33,"Ec",20,1,1,0,0,1,0.610298755308086
"18094",191,"Ec_N",302,34,34,"Ec",20,1,1,0,0,1,0.610298755308086
"18095",191,"Ec_N",302,35,35,"Ec",20,1,1,0,0,1,0.610298755308086
"18096",191,"Ec_N",302,36,36,"Ec",20,1,1,0,0,1,0.610298755308086
"18097",191,"Ec_N",302,37,37,"Ec",20,1,1,0,0,1,0.610298755308086
"18098",191,"Ec_N",302,38,38,"Ec",20,1,1,0,0,1,0.610298755308086
"18099",191,"Ec_N",302,39,39,"Ec",20,1,1,0,0,1,0.610298755308086
"18100",191,"Ec_N",302,40,40,"Ec",20,1,1,0,0,1,0.610298755308086
"18101",191,"Ec_N",302,41,41,"Ec",20,1,1,0,0,1,0.610298755308086
"18102",191,"Ec_N",302,42,42,"Ec",20,1,1,0,0,1,0.610298755308086
"18103",191,"Ec_N",302,43,43,"Ec",20,1,1,0,0,1,0.610298755308086
"18104",191,"Ec_N",302,44,44,"Ec",20,1,1,0,0,1,0.610298755308086
"18105",191,"Ec_N",302,45,45,"Ec",20,1,1,0,0,1,0.610298755308086
"18106",191,"Ec_N",302,46,46,"Ec",20,1,1,0,0,1,0.610298755308086
"18107",191,"Ec_N",302,47,47,"Ec",20,1,1,0,0,1,0.610298755308086
"18108",191,"Ec_N",302,48,48,"Ec",20,1,1,0,0,1,0.610298755308086
"18109",191,"Ec_N",302,49,49,"Ec",20,1,1,0,0,1,0.610298755308086
"18110",191,"Ec_N",302,50,50,"Ec",20,1,1,0,0,1,0.610298755308086
"18111",191,"Ec_N",302,51,51,"Ec",20,1,1,0,0,1,0.610298755308086
"18112",191,"Ec_N",302,52,52,"Ec",20,1,1,0,0,1,0.610298755308086
"18113",191,"Ec_N",302,53,53,"Ec",24,1,1,1,0,1,0.969458006928044
"18114",191,"Ec_N",302,54,54,"Ec",24,1,1,1,0,1,0.969458006928044
"18115",191,"Ec_N",302,55,55,"Ec",24,1,1,1,0,1,0.969458006928044
"18116",191,"Ec_N",302,56,56,"Ec",24,1,1,1,0,1,0.969458006928044
"18117",191,"Ec_N",302,57,57,"Ec",24,1,1,1,0,1,0.969458006928044
"18118",191,"Ec_N",302,58,58,"Ec",24,1,1,1,0,1,0.969458006928044
"18119",191,"Ec_N",302,59,59,"Ec",24,1,1,1,0,1,0.969458006928044
"18120",191,"Ec_N",302,60,60,"Ec",24,1,1,1,0,1,0.969458006928044
"18121",191,"Ec_N",303,1,1,"Ec",1,0,0,0,0,0,0
"18122",191,"Ec_N",303,2,2,"Ec",1,0,0,0,0,0,0
"18123",191,"Ec_N",303,3,3,"Ec",1,0,0,0,0,0,0
"18124",191,"Ec_N",303,4,4,"Ec",1,0,0,0,0,0,0
"18125",191,"Ec_N",303,5,5,"Ec",1,0,0,0,0,0,0
"18126",191,"Ec_N",303,6,6,"Ec",1,0,0,0,0,0,0
"18127",191,"Ec_N",303,7,7,"Ec",1,0,0,0,0,0,0
"18128",191,"Ec_N",303,8,8,"Ec",17,0,0,0,0,1,0.229834113103391
"18129",191,"Ec_N",303,9,9,"Ec",17,0,0,0,0,1,0.229834113103391
"18130",191,"Ec_N",303,10,10,"Ec",17,0,0,0,0,1,0.229834113103391
"18131",191,"Ec_N",303,11,11,"Ec",17,0,0,0,0,1,0.229834113103391
"18132",191,"Ec_N",303,12,12,"Ec",18,1,0,0,0,1,0.646504780524047
"18133",191,"Ec_N",303,13,13,"Ec",18,1,0,0,0,1,0.646504780524047
"18134",191,"Ec_N",303,14,14,"Ec",18,1,0,0,0,1,0.646504780524047
"18135",191,"Ec_N",303,15,15,"Ec",18,1,0,0,0,1,0.646504780524047
"18136",191,"Ec_N",303,16,16,"Ec",18,1,0,0,0,1,0.646504780524047
"18137",191,"Ec_N",303,17,17,"Ec",18,1,0,0,0,1,0.646504780524047
"18138",191,"Ec_N",303,18,18,"Ec",18,1,0,0,0,1,0.646504780524047
"18139",191,"Ec_N",303,19,19,"Ec",18,1,0,0,0,1,0.646504780524047
"18140",191,"Ec_N",303,20,20,"Ec",22,1,0,1,0,1,0.92522428176681
"18141",191,"Ec_N",303,21,21,"Ec",22,1,0,1,0,1,0.92522428176681
"18142",191,"Ec_N",303,22,22,"Ec",22,1,0,1,0,1,0.92522428176681
"18143",191,"Ec_N",303,23,23,"Ec",22,1,0,1,0,1,0.92522428176681
"18144",191,"Ec_N",303,24,24,"Ec",22,1,0,1,0,1,0.92522428176681
"18145",191,"Ec_N",303,25,25,"Ec",22,1,0,1,0,1,0.92522428176681
"18146",191,"Ec_N",303,26,26,"Ec",30,1,0,1,1,1,0.958688519948705
"18147",191,"Ec_N",303,27,27,"Ec",30,1,0,1,1,1,0.958688519948705
"18148",191,"Ec_N",303,28,28,"Ec",30,1,0,1,1,1,0.958688519948705
"18149",191,"Ec_N",303,29,29,"Ec",30,1,0,1,1,1,0.958688519948705
"18150",191,"Ec_N",303,30,30,"Ec",30,1,0,1,1,1,0.958688519948705
"18151",191,"Ec_N",303,31,31,"Ec",30,1,0,1,1,1,0.958688519948705
"18152",191,"Ec_N",303,32,32,"Ec",30,1,0,1,1,1,0.958688519948705
"18153",191,"Ec_N",303,33,33,"Ec",30,1,0,1,1,1,0.958688519948705
"18154",191,"Ec_N",303,34,34,"Ec",32,1,1,1,1,1,1
"18155",191,"Ec_N",303,35,35,"Ec",32,1,1,1,1,1,1
"18156",191,"Ec_N",303,36,36,"Ec",32,1,1,1,1,1,1
"18157",191,"Ec_N",303,37,37,"Ec",32,1,1,1,1,1,1
"18158",191,"Ec_N",303,38,38,"Ec",32,1,1,1,1,1,1
"18159",191,"Ec_N",303,39,39,"Ec",32,1,1,1,1,1,1
"18160",191,"Ec_N",303,40,40,"Ec",32,1,1,1,1,1,1
"18161",191,"Ec_N",303,41,41,"Ec",32,1,1,1,1,1,1
"18162",191,"Ec_N",303,42,42,"Ec",32,1,1,1,1,1,1
"18163",191,"Ec_N",303,43,43,"Ec",32,1,1,1,1,1,1
"18164",191,"Ec_N",303,44,44,"Ec",32,1,1,1,1,1,1
"18165",191,"Ec_N",303,45,45,"Ec",32,1,1,1,1,1,1
"18166",191,"Ec_N",303,46,46,"Ec",32,1,1,1,1,1,1
"18167",191,"Ec_N",303,47,47,"Ec",32,1,1,1,1,1,1
"18168",191,"Ec_N",303,48,48,"Ec",32,1,1,1,1,1,1
"18169",191,"Ec_N",303,49,49,"Ec",32,1,1,1,1,1,1
"18170",191,"Ec_N",303,50,50,"Ec",32,1,1,1,1,1,1
"18171",191,"Ec_N",303,51,51,"Ec",32,1,1,1,1,1,1
"18172",191,"Ec_N",303,52,52,"Ec",32,1,1,1,1,1,1
"18173",191,"Ec_N",303,53,53,"Ec",32,1,1,1,1,1,1
"18174",191,"Ec_N",303,54,54,"Ec",32,1,1,1,1,1,1
"18175",191,"Ec_N",303,55,55,"Ec",32,1,1,1,1,1,1
"18176",191,"Ec_N",303,56,56,"Ec",32,1,1,1,1,1,1
"18177",191,"Ec_N",303,57,57,"Ec",32,1,1,1,1,1,1
"18178",191,"Ec_N",303,58,58,"Ec",32,1,1,1,1,1,1
"18179",191,"Ec_N",303,59,59,"Ec",32,1,1,1,1,1,1
"18180",191,"Ec_N",303,60,60,"Ec",32,1,1,1,1,1,1
"18181",191,"Ec_N",304,1,1,"Ec",1,0,0,0,0,0,0
"18182",191,"Ec_N",304,2,2,"Ec",1,0,0,0,0,0,0
"18183",191,"Ec_N",304,3,3,"Ec",1,0,0,0,0,0,0
"18184",191,"Ec_N",304,4,4,"Ec",1,0,0,0,0,0,0
"18185",191,"Ec_N",304,5,5,"Ec",1,0,0,0,0,0,0
"18186",191,"Ec_N",304,6,6,"Ec",2,1,0,0,0,0,0.198020370545937
"18187",191,"Ec_N",304,7,7,"Ec",2,1,0,0,0,0,0.198020370545937
"18188",191,"Ec_N",304,8,8,"Ec",2,1,0,0,0,0,0.198020370545937
"18189",191,"Ec_N",304,9,9,"Ec",2,1,0,0,0,0,0.198020370545937
"18190",191,"Ec_N",304,10,10,"Ec",2,1,0,0,0,0,0.198020370545937
"18191",191,"Ec_N",304,11,11,"Ec",2,1,0,0,0,0,0.198020370545937
"18192",191,"Ec_N",304,12,12,"Ec",6,1,0,1,0,0,0.542157591427696
"18193",191,"Ec_N",304,13,13,"Ec",6,1,0,1,0,0,0.542157591427696
"18194",191,"Ec_N",304,14,14,"Ec",6,1,0,1,0,0,0.542157591427696
"18195",191,"Ec_N",304,15,15,"Ec",6,1,0,1,0,0,0.542157591427696
"18196",191,"Ec_N",304,16,16,"Ec",6,1,0,1,0,0,0.542157591427696
"18197",191,"Ec_N",304,17,17,"Ec",6,1,0,1,0,0,0.542157591427696
"18198",191,"Ec_N",304,18,18,"Ec",6,1,0,1,0,0,0.542157591427696
"18199",191,"Ec_N",304,19,19,"Ec",6,1,0,1,0,0,0.542157591427696
"18200",191,"Ec_N",304,20,20,"Ec",6,1,0,1,0,0,0.542157591427696
"18201",191,"Ec_N",304,21,21,"Ec",6,1,0,1,0,0,0.542157591427696
"18202",191,"Ec_N",304,22,22,"Ec",6,1,0,1,0,0,0.542157591427696
"18203",191,"Ec_N",304,23,23,"Ec",6,1,0,1,0,0,0.542157591427696
"18204",191,"Ec_N",304,24,24,"Ec",6,1,0,1,0,0,0.542157591427696
"18205",191,"Ec_N",304,25,25,"Ec",6,1,0,1,0,0,0.542157591427696
"18206",191,"Ec_N",304,26,26,"Ec",6,1,0,1,0,0,0.542157591427696
"18207",191,"Ec_N",304,27,27,"Ec",6,1,0,1,0,0,0.542157591427696
"18208",191,"Ec_N",304,28,28,"Ec",14,1,0,1,1,0,0.746777083195453
"18209",191,"Ec_N",304,29,29,"Ec",14,1,0,1,1,0,0.746777083195453
"18210",191,"Ec_N",304,30,30,"Ec",14,1,0,1,1,0,0.746777083195453
"18211",191,"Ec_N",304,31,31,"Ec",14,1,0,1,1,0,0.746777083195453
"18212",191,"Ec_N",304,32,32,"Ec",14,1,0,1,1,0,0.746777083195453
"18213",191,"Ec_N",304,33,33,"Ec",14,1,0,1,1,0,0.746777083195453
"18214",191,"Ec_N",304,34,34,"Ec",14,1,0,1,1,0,0.746777083195453
"18215",191,"Ec_N",304,35,35,"Ec",14,1,0,1,1,0,0.746777083195453
"18216",191,"Ec_N",304,36,36,"Ec",14,1,0,1,1,0,0.746777083195453
"18217",191,"Ec_N",304,37,37,"Ec",14,1,0,1,1,0,0.746777083195453
"18218",191,"Ec_N",304,38,38,"Ec",14,1,0,1,1,0,0.746777083195453
"18219",191,"Ec_N",304,39,39,"Ec",14,1,0,1,1,0,0.746777083195453
"18220",191,"Ec_N",304,40,40,"Ec",14,1,0,1,1,0,0.746777083195453
"18221",191,"Ec_N",304,41,41,"Ec",14,1,0,1,1,0,0.746777083195453
"18222",191,"Ec_N",304,42,42,"Ec",14,1,0,1,1,0,0.746777083195453
"18223",191,"Ec_N",304,43,43,"Ec",14,1,0,1,1,0,0.746777083195453
"18224",191,"Ec_N",304,44,44,"Ec",14,1,0,1,1,0,0.746777083195453
"18225",191,"Ec_N",304,45,45,"Ec",14,1,0,1,1,0,0.746777083195453
"18226",191,"Ec_N",304,46,46,"Ec",14,1,0,1,1,0,0.746777083195453
"18227",191,"Ec_N",304,47,47,"Ec",14,1,0,1,1,0,0.746777083195453
"18228",191,"Ec_N",304,48,48,"Ec",14,1,0,1,1,0,0.746777083195453
"18229",191,"Ec_N",304,49,49,"Ec",14,1,0,1,1,0,0.746777083195453
"18230",191,"Ec_N",304,50,50,"Ec",14,1,0,1,1,0,0.746777083195453
"18231",191,"Ec_N",304,51,51,"Ec",14,1,0,1,1,0,0.746777083195453
"18232",191,"Ec_N",304,52,52,"Ec",14,1,0,1,1,0,0.746777083195453
"18233",191,"Ec_N",304,53,53,"Ec",14,1,0,1,1,0,0.746777083195453
"18234",191,"Ec_N",304,54,54,"Ec",14,1,0,1,1,0,0.746777083195453
"18235",191,"Ec_N",304,55,55,"Ec",14,1,0,1,1,0,0.746777083195453
"18236",191,"Ec_N",304,56,56,"Ec",14,1,0,1,1,0,0.746777083195453
"18237",191,"Ec_N",304,57,57,"Ec",14,1,0,1,1,0,0.746777083195453
"18238",191,"Ec_N",304,58,58,"Ec",14,1,0,1,1,0,0.746777083195453
"18239",191,"Ec_N",304,59,59,"Ec",30,1,0,1,1,1,0.958688519948705
"18240",191,"Ec_N",304,60,60,"Ec",30,1,0,1,1,1,0.958688519948705
"18241",191,"Ec_N",305,1,1,"Ec",1,0,0,0,0,0,0
"18242",191,"Ec_N",305,2,2,"Ec",1,0,0,0,0,0,0
"18243",191,"Ec_N",305,3,3,"Ec",1,0,0,0,0,0,0
"18244",191,"Ec_N",305,4,4,"Ec",1,0,0,0,0,0,0
"18245",191,"Ec_N",305,5,5,"Ec",9,0,0,0,1,0,0.0305419930719563
"18246",191,"Ec_N",305,6,6,"Ec",11,0,1,0,1,0,0.0857419302602629
"18247",191,"Ec_N",305,7,7,"Ec",11,0,1,0,1,0,0.0857419302602629
"18248",191,"Ec_N",305,8,8,"Ec",11,0,1,0,1,0,0.0857419302602629
"18249",191,"Ec_N",305,9,9,"Ec",11,0,1,0,1,0,0.0857419302602629
"18250",191,"Ec_N",305,10,10,"Ec",11,0,1,0,1,0,0.0857419302602629
"18251",191,"Ec_N",305,11,11,"Ec",15,0,1,1,1,0,0.437080043527332
"18252",191,"Ec_N",305,12,12,"Ec",15,0,1,1,1,0,0.437080043527332
"18253",191,"Ec_N",305,13,13,"Ec",15,0,1,1,1,0,0.437080043527332
"18254",191,"Ec_N",305,14,14,"Ec",15,0,1,1,1,0,0.437080043527332
"18255",191,"Ec_N",305,15,15,"Ec",31,0,1,1,1,1,0.801979629454064
"18256",191,"Ec_N",305,16,16,"Ec",31,0,1,1,1,1,0.801979629454064
"18257",191,"Ec_N",305,17,17,"Ec",31,0,1,1,1,1,0.801979629454064
"18258",191,"Ec_N",305,18,18,"Ec",31,0,1,1,1,1,0.801979629454064
"18259",191,"Ec_N",305,19,19,"Ec",31,0,1,1,1,1,0.801979629454064
"18260",191,"Ec_N",305,20,20,"Ec",31,0,1,1,1,1,0.801979629454064
"18261",191,"Ec_N",305,21,21,"Ec",31,0,1,1,1,1,0.801979629454064
"18262",191,"Ec_N",305,22,22,"Ec",31,0,1,1,1,1,0.801979629454064
"18263",191,"Ec_N",305,23,23,"Ec",31,0,1,1,1,1,0.801979629454064
"18264",191,"Ec_N",305,24,24,"Ec",31,0,1,1,1,1,0.801979629454064
"18265",191,"Ec_N",305,25,25,"Ec",31,0,1,1,1,1,0.801979629454064
"18266",191,"Ec_N",305,26,26,"Ec",31,0,1,1,1,1,0.801979629454064
"18267",191,"Ec_N",305,27,27,"Ec",31,0,1,1,1,1,0.801979629454064
"18268",191,"Ec_N",305,28,28,"Ec",31,0,1,1,1,1,0.801979629454064
"18269",191,"Ec_N",305,29,29,"Ec",31,0,1,1,1,1,0.801979629454064
"18270",191,"Ec_N",305,30,30,"Ec",31,0,1,1,1,1,0.801979629454064
"18271",191,"Ec_N",305,31,31,"Ec",31,0,1,1,1,1,0.801979629454064
"18272",191,"Ec_N",305,32,32,"Ec",31,0,1,1,1,1,0.801979629454064
"18273",191,"Ec_N",305,33,33,"Ec",31,0,1,1,1,1,0.801979629454064
"18274",191,"Ec_N",305,34,34,"Ec",31,0,1,1,1,1,0.801979629454064
"18275",191,"Ec_N",305,35,35,"Ec",31,0,1,1,1,1,0.801979629454064
"18276",191,"Ec_N",305,36,36,"Ec",31,0,1,1,1,1,0.801979629454064
"18277",191,"Ec_N",305,37,37,"Ec",31,0,1,1,1,1,0.801979629454064
"18278",191,"Ec_N",305,38,38,"Ec",31,0,1,1,1,1,0.801979629454064
"18279",191,"Ec_N",305,39,39,"Ec",31,0,1,1,1,1,0.801979629454064
"18280",191,"Ec_N",305,40,40,"Ec",31,0,1,1,1,1,0.801979629454064
"18281",191,"Ec_N",305,41,41,"Ec",31,0,1,1,1,1,0.801979629454064
"18282",191,"Ec_N",305,42,42,"Ec",31,0,1,1,1,1,0.801979629454064
"18283",191,"Ec_N",305,43,43,"Ec",31,0,1,1,1,1,0.801979629454064
"18284",191,"Ec_N",305,44,44,"Ec",31,0,1,1,1,1,0.801979629454064
"18285",191,"Ec_N",305,45,45,"Ec",31,0,1,1,1,1,0.801979629454064
"18286",191,"Ec_N",305,46,46,"Ec",31,0,1,1,1,1,0.801979629454064
"18287",191,"Ec_N",305,47,47,"Ec",32,1,1,1,1,1,1
"18288",191,"Ec_N",305,48,48,"Ec",32,1,1,1,1,1,1
"18289",191,"Ec_N",305,49,49,"Ec",32,1,1,1,1,1,1
"18290",191,"Ec_N",305,50,50,"Ec",32,1,1,1,1,1,1
"18291",191,"Ec_N",305,51,51,"Ec",32,1,1,1,1,1,1
"18292",191,"Ec_N",305,52,52,"Ec",32,1,1,1,1,1,1
"18293",191,"Ec_N",305,53,53,"Ec",32,1,1,1,1,1,1
"18294",191,"Ec_N",305,54,54,"Ec",32,1,1,1,1,1,1
"18295",191,"Ec_N",305,55,55,"Ec",32,1,1,1,1,1,1
"18296",191,"Ec_N",305,56,56,"Ec",32,1,1,1,1,1,1
"18297",191,"Ec_N",305,57,57,"Ec",32,1,1,1,1,1,1
"18298",191,"Ec_N",305,58,58,"Ec",32,1,1,1,1,1,1
"18299",191,"Ec_N",305,59,59,"Ec",32,1,1,1,1,1,1
"18300",191,"Ec_N",305,60,60,"Ec",32,1,1,1,1,1,1
"18301",191,"Ec_N",306,1,1,"Ec",1,0,0,0,0,0,0
"18302",191,"Ec_N",306,2,2,"Ec",1,0,0,0,0,0,0
"18303",191,"Ec_N",306,3,3,"Ec",1,0,0,0,0,0,0
"18304",191,"Ec_N",306,4,4,"Ec",1,0,0,0,0,0,0
"18305",191,"Ec_N",306,5,5,"Ec",1,0,0,0,0,0,0
"18306",191,"Ec_N",306,6,6,"Ec",1,0,0,0,0,0,0
"18307",191,"Ec_N",306,7,7,"Ec",1,0,0,0,0,0,0
"18308",191,"Ec_N",306,8,8,"Ec",1,0,0,0,0,0,0
"18309",191,"Ec_N",306,9,9,"Ec",9,0,0,0,1,0,0.0305419930719563
"18310",191,"Ec_N",306,10,10,"Ec",9,0,0,0,1,0,0.0305419930719563
"18311",191,"Ec_N",306,11,11,"Ec",9,0,0,0,1,0,0.0305419930719563
"18312",191,"Ec_N",306,12,12,"Ec",9,0,0,0,1,0,0.0305419930719563
"18313",191,"Ec_N",306,13,13,"Ec",9,0,0,0,1,0,0.0305419930719563
"18314",191,"Ec_N",306,14,14,"Ec",11,0,1,0,1,0,0.0857419302602629
"18315",191,"Ec_N",306,15,15,"Ec",11,0,1,0,1,0,0.0857419302602629
"18316",191,"Ec_N",306,16,16,"Ec",15,0,1,1,1,0,0.437080043527332
"18317",191,"Ec_N",306,17,17,"Ec",15,0,1,1,1,0,0.437080043527332
"18318",191,"Ec_N",306,18,18,"Ec",15,0,1,1,1,0,0.437080043527332
"18319",191,"Ec_N",306,19,19,"Ec",15,0,1,1,1,0,0.437080043527332
"18320",191,"Ec_N",306,20,20,"Ec",15,0,1,1,1,0,0.437080043527332
"18321",191,"Ec_N",306,21,21,"Ec",15,0,1,1,1,0,0.437080043527332
"18322",191,"Ec_N",306,22,22,"Ec",15,0,1,1,1,0,0.437080043527332
"18323",191,"Ec_N",306,23,23,"Ec",15,0,1,1,1,0,0.437080043527332
"18324",191,"Ec_N",306,24,24,"Ec",15,0,1,1,1,0,0.437080043527332
"18325",191,"Ec_N",306,25,25,"Ec",15,0,1,1,1,0,0.437080043527332
"18326",191,"Ec_N",306,26,26,"Ec",16,1,1,1,1,0,0.456015583082203
"18327",191,"Ec_N",306,27,27,"Ec",16,1,1,1,1,0,0.456015583082203
"18328",191,"Ec_N",306,28,28,"Ec",16,1,1,1,1,0,0.456015583082203
"18329",191,"Ec_N",306,29,29,"Ec",16,1,1,1,1,0,0.456015583082203
"18330",191,"Ec_N",306,30,30,"Ec",32,1,1,1,1,1,1
"18331",191,"Ec_N",306,31,31,"Ec",32,1,1,1,1,1,1
"18332",191,"Ec_N",306,32,32,"Ec",32,1,1,1,1,1,1
"18333",191,"Ec_N",306,33,33,"Ec",32,1,1,1,1,1,1
"18334",191,"Ec_N",306,34,34,"Ec",32,1,1,1,1,1,1
"18335",191,"Ec_N",306,35,35,"Ec",32,1,1,1,1,1,1
"18336",191,"Ec_N",306,36,36,"Ec",32,1,1,1,1,1,1
"18337",191,"Ec_N",306,37,37,"Ec",32,1,1,1,1,1,1
"18338",191,"Ec_N",306,38,38,"Ec",32,1,1,1,1,1,1
"18339",191,"Ec_N",306,39,39,"Ec",32,1,1,1,1,1,1
"18340",191,"Ec_N",306,40,40,"Ec",32,1,1,1,1,1,1
"18341",191,"Ec_N",306,41,41,"Ec",32,1,1,1,1,1,1
"18342",191,"Ec_N",306,42,42,"Ec",32,1,1,1,1,1,1
"18343",191,"Ec_N",306,43,43,"Ec",32,1,1,1,1,1,1
"18344",191,"Ec_N",306,44,44,"Ec",32,1,1,1,1,1,1
"18345",191,"Ec_N",306,45,45,"Ec",32,1,1,1,1,1,1
"18346",191,"Ec_N",306,46,46,"Ec",32,1,1,1,1,1,1
"18347",191,"Ec_N",306,47,47,"Ec",32,1,1,1,1,1,1
"18348",191,"Ec_N",306,48,48,"Ec",32,1,1,1,1,1,1
"18349",191,"Ec_N",306,49,49,"Ec",32,1,1,1,1,1,1
"18350",191,"Ec_N",306,50,50,"Ec",32,1,1,1,1,1,1
"18351",191,"Ec_N",306,51,51,"Ec",32,1,1,1,1,1,1
"18352",191,"Ec_N",306,52,52,"Ec",32,1,1,1,1,1,1
"18353",191,"Ec_N",306,53,53,"Ec",32,1,1,1,1,1,1
"18354",191,"Ec_N",306,54,54,"Ec",32,1,1,1,1,1,1
"18355",191,"Ec_N",306,55,55,"Ec",32,1,1,1,1,1,1
"18356",191,"Ec_N",306,56,56,"Ec",32,1,1,1,1,1,1
"18357",191,"Ec_N",306,57,57,"Ec",32,1,1,1,1,1,1
"18358",191,"Ec_N",306,58,58,"Ec",32,1,1,1,1,1,1
"18359",191,"Ec_N",306,59,59,"Ec",32,1,1,1,1,1,1
"18360",191,"Ec_N",306,60,60,"Ec",32,1,1,1,1,1,1
"18361",191,"Ec_N",307,1,1,"Ec",1,0,0,0,0,0,0
"18362",191,"Ec_N",307,2,2,"Ec",1,0,0,0,0,0,0
"18363",191,"Ec_N",307,3,3,"Ec",1,0,0,0,0,0,0
"18364",191,"Ec_N",307,4,4,"Ec",2,1,0,0,0,0,0.198020370545937
"18365",191,"Ec_N",307,5,5,"Ec",2,1,0,0,0,0,0.198020370545937
"18366",191,"Ec_N",307,6,6,"Ec",2,1,0,0,0,0,0.198020370545937
"18367",191,"Ec_N",307,7,7,"Ec",2,1,0,0,0,0,0.198020370545937
"18368",191,"Ec_N",307,8,8,"Ec",6,1,0,1,0,0,0.542157591427696
"18369",191,"Ec_N",307,9,9,"Ec",6,1,0,1,0,0,0.542157591427696
"18370",191,"Ec_N",307,10,10,"Ec",6,1,0,1,0,0,0.542157591427696
"18371",191,"Ec_N",307,11,11,"Ec",6,1,0,1,0,0,0.542157591427696
"18372",191,"Ec_N",307,12,12,"Ec",6,1,0,1,0,0,0.542157591427696
"18373",191,"Ec_N",307,13,13,"Ec",6,1,0,1,0,0,0.542157591427696
"18374",191,"Ec_N",307,14,14,"Ec",6,1,0,1,0,0,0.542157591427696
"18375",191,"Ec_N",307,15,15,"Ec",6,1,0,1,0,0,0.542157591427696
"18376",191,"Ec_N",307,16,16,"Ec",6,1,0,1,0,0,0.542157591427696
"18377",191,"Ec_N",307,17,17,"Ec",6,1,0,1,0,0,0.542157591427696
"18378",191,"Ec_N",307,18,18,"Ec",6,1,0,1,0,0,0.542157591427696
"18379",191,"Ec_N",307,19,19,"Ec",6,1,0,1,0,0,0.542157591427696
"18380",191,"Ec_N",307,20,20,"Ec",6,1,0,1,0,0,0.542157591427696
"18381",191,"Ec_N",307,21,21,"Ec",6,1,0,1,0,0,0.542157591427696
"18382",191,"Ec_N",307,22,22,"Ec",6,1,0,1,0,0,0.542157591427696
"18383",191,"Ec_N",307,23,23,"Ec",14,1,0,1,1,0,0.746777083195453
"18384",191,"Ec_N",307,24,24,"Ec",14,1,0,1,1,0,0.746777083195453
"18385",191,"Ec_N",307,25,25,"Ec",14,1,0,1,1,0,0.746777083195453
"18386",191,"Ec_N",307,26,26,"Ec",14,1,0,1,1,0,0.746777083195453
"18387",191,"Ec_N",307,27,27,"Ec",14,1,0,1,1,0,0.746777083195453
"18388",191,"Ec_N",307,28,28,"Ec",14,1,0,1,1,0,0.746777083195453
"18389",191,"Ec_N",307,29,29,"Ec",14,1,0,1,1,0,0.746777083195453
"18390",191,"Ec_N",307,30,30,"Ec",14,1,0,1,1,0,0.746777083195453
"18391",191,"Ec_N",307,31,31,"Ec",14,1,0,1,1,0,0.746777083195453
"18392",191,"Ec_N",307,32,32,"Ec",14,1,0,1,1,0,0.746777083195453
"18393",191,"Ec_N",307,33,33,"Ec",14,1,0,1,1,0,0.746777083195453
"18394",191,"Ec_N",307,34,34,"Ec",14,1,0,1,1,0,0.746777083195453
"18395",191,"Ec_N",307,35,35,"Ec",14,1,0,1,1,0,0.746777083195453
"18396",191,"Ec_N",307,36,36,"Ec",14,1,0,1,1,0,0.746777083195453
"18397",191,"Ec_N",307,37,37,"Ec",14,1,0,1,1,0,0.746777083195453
"18398",191,"Ec_N",307,38,38,"Ec",14,1,0,1,1,0,0.746777083195453
"18399",191,"Ec_N",307,39,39,"Ec",14,1,0,1,1,0,0.746777083195453
"18400",191,"Ec_N",307,40,40,"Ec",14,1,0,1,1,0,0.746777083195453
"18401",191,"Ec_N",307,41,41,"Ec",14,1,0,1,1,0,0.746777083195453
"18402",191,"Ec_N",307,42,42,"Ec",14,1,0,1,1,0,0.746777083195453
"18403",191,"Ec_N",307,43,43,"Ec",14,1,0,1,1,0,0.746777083195453
"18404",191,"Ec_N",307,44,44,"Ec",14,1,0,1,1,0,0.746777083195453
"18405",191,"Ec_N",307,45,45,"Ec",14,1,0,1,1,0,0.746777083195453
"18406",191,"Ec_N",307,46,46,"Ec",14,1,0,1,1,0,0.746777083195453
"18407",191,"Ec_N",307,47,47,"Ec",14,1,0,1,1,0,0.746777083195453
"18408",191,"Ec_N",307,48,48,"Ec",14,1,0,1,1,0,0.746777083195453
"18409",191,"Ec_N",307,49,49,"Ec",30,1,0,1,1,1,0.958688519948705
"18410",191,"Ec_N",307,50,50,"Ec",30,1,0,1,1,1,0.958688519948705
"18411",191,"Ec_N",307,51,51,"Ec",30,1,0,1,1,1,0.958688519948705
"18412",191,"Ec_N",307,52,52,"Ec",30,1,0,1,1,1,0.958688519948705
"18413",191,"Ec_N",307,53,53,"Ec",30,1,0,1,1,1,0.958688519948705
"18414",191,"Ec_N",307,54,54,"Ec",30,1,0,1,1,1,0.958688519948705
"18415",191,"Ec_N",307,55,55,"Ec",30,1,0,1,1,1,0.958688519948705
"18416",191,"Ec_N",307,56,56,"Ec",32,1,1,1,1,1,1
"18417",191,"Ec_N",307,57,57,"Ec",32,1,1,1,1,1,1
"18418",191,"Ec_N",307,58,58,"Ec",32,1,1,1,1,1,1
"18419",191,"Ec_N",307,59,59,"Ec",32,1,1,1,1,1,1
"18420",191,"Ec_N",307,60,60,"Ec",32,1,1,1,1,1,1
"18421",191,"Ec_N",308,1,1,"Ec",1,0,0,0,0,0,0
"18422",191,"Ec_N",308,2,2,"Ec",2,1,0,0,0,0,0.198020370545937
"18423",191,"Ec_N",308,3,3,"Ec",2,1,0,0,0,0,0.198020370545937
"18424",191,"Ec_N",308,4,4,"Ec",2,1,0,0,0,0,0.198020370545937
"18425",191,"Ec_N",308,5,5,"Ec",6,1,0,1,0,0,0.542157591427696
"18426",191,"Ec_N",308,6,6,"Ec",6,1,0,1,0,0,0.542157591427696
"18427",191,"Ec_N",308,7,7,"Ec",6,1,0,1,0,0,0.542157591427696
"18428",191,"Ec_N",308,8,8,"Ec",6,1,0,1,0,0,0.542157591427696
"18429",191,"Ec_N",308,9,9,"Ec",14,1,0,1,1,0,0.746777083195453
"18430",191,"Ec_N",308,10,10,"Ec",14,1,0,1,1,0,0.746777083195453
"18431",191,"Ec_N",308,11,11,"Ec",14,1,0,1,1,0,0.746777083195453
"18432",191,"Ec_N",308,12,12,"Ec",30,1,0,1,1,1,0.958688519948705
"18433",191,"Ec_N",308,13,13,"Ec",30,1,0,1,1,1,0.958688519948705
"18434",191,"Ec_N",308,14,14,"Ec",30,1,0,1,1,1,0.958688519948705
"18435",191,"Ec_N",308,15,15,"Ec",32,1,1,1,1,1,1
"18436",191,"Ec_N",308,16,16,"Ec",32,1,1,1,1,1,1
"18437",191,"Ec_N",308,17,17,"Ec",32,1,1,1,1,1,1
"18438",191,"Ec_N",308,18,18,"Ec",32,1,1,1,1,1,1
"18439",191,"Ec_N",308,19,19,"Ec",32,1,1,1,1,1,1
"18440",191,"Ec_N",308,20,20,"Ec",32,1,1,1,1,1,1
"18441",191,"Ec_N",308,21,21,"Ec",32,1,1,1,1,1,1
"18442",191,"Ec_N",308,22,22,"Ec",32,1,1,1,1,1,1
"18443",191,"Ec_N",308,23,23,"Ec",32,1,1,1,1,1,1
"18444",191,"Ec_N",308,24,24,"Ec",32,1,1,1,1,1,1
"18445",191,"Ec_N",308,25,25,"Ec",32,1,1,1,1,1,1
"18446",191,"Ec_N",308,26,26,"Ec",32,1,1,1,1,1,1
"18447",191,"Ec_N",308,27,27,"Ec",32,1,1,1,1,1,1
"18448",191,"Ec_N",308,28,28,"Ec",32,1,1,1,1,1,1
"18449",191,"Ec_N",308,29,29,"Ec",32,1,1,1,1,1,1
"18450",191,"Ec_N",308,30,30,"Ec",32,1,1,1,1,1,1
"18451",191,"Ec_N",308,31,31,"Ec",32,1,1,1,1,1,1
"18452",191,"Ec_N",308,32,32,"Ec",32,1,1,1,1,1,1
"18453",191,"Ec_N",308,33,33,"Ec",32,1,1,1,1,1,1
"18454",191,"Ec_N",308,34,34,"Ec",32,1,1,1,1,1,1
"18455",191,"Ec_N",308,35,35,"Ec",32,1,1,1,1,1,1
"18456",191,"Ec_N",308,36,36,"Ec",32,1,1,1,1,1,1
"18457",191,"Ec_N",308,37,37,"Ec",32,1,1,1,1,1,1
"18458",191,"Ec_N",308,38,38,"Ec",32,1,1,1,1,1,1
"18459",191,"Ec_N",308,39,39,"Ec",32,1,1,1,1,1,1
"18460",191,"Ec_N",308,40,40,"Ec",32,1,1,1,1,1,1
"18461",191,"Ec_N",308,41,41,"Ec",32,1,1,1,1,1,1
"18462",191,"Ec_N",308,42,42,"Ec",32,1,1,1,1,1,1
"18463",191,"Ec_N",308,43,43,"Ec",32,1,1,1,1,1,1
"18464",191,"Ec_N",308,44,44,"Ec",32,1,1,1,1,1,1
"18465",191,"Ec_N",308,45,45,"Ec",32,1,1,1,1,1,1
"18466",191,"Ec_N",308,46,46,"Ec",32,1,1,1,1,1,1
"18467",191,"Ec_N",308,47,47,"Ec",32,1,1,1,1,1,1
"18468",191,"Ec_N",308,48,48,"Ec",32,1,1,1,1,1,1
"18469",191,"Ec_N",308,49,49,"Ec",32,1,1,1,1,1,1
"18470",191,"Ec_N",308,50,50,"Ec",32,1,1,1,1,1,1
"18471",191,"Ec_N",308,51,51,"Ec",32,1,1,1,1,1,1
"18472",191,"Ec_N",308,52,52,"Ec",32,1,1,1,1,1,1
"18473",191,"Ec_N",308,53,53,"Ec",32,1,1,1,1,1,1
"18474",191,"Ec_N",308,54,54,"Ec",32,1,1,1,1,1,1
"18475",191,"Ec_N",308,55,55,"Ec",32,1,1,1,1,1,1
"18476",191,"Ec_N",308,56,56,"Ec",32,1,1,1,1,1,1
"18477",191,"Ec_N",308,57,57,"Ec",32,1,1,1,1,1,1
"18478",191,"Ec_N",308,58,58,"Ec",32,1,1,1,1,1,1
"18479",191,"Ec_N",308,59,59,"Ec",32,1,1,1,1,1,1
"18480",191,"Ec_N",308,60,60,"Ec",32,1,1,1,1,1,1
"18481",191,"Ec_N",309,1,1,"Ec",1,0,0,0,0,0,0
"18482",191,"Ec_N",309,2,2,"Ec",1,0,0,0,0,0,0
"18483",191,"Ec_N",309,3,3,"Ec",1,0,0,0,0,0,0
"18484",191,"Ec_N",309,4,4,"Ec",1,0,0,0,0,0,0
"18485",191,"Ec_N",309,5,5,"Ec",1,0,0,0,0,0,0
"18486",191,"Ec_N",309,6,6,"Ec",1,0,0,0,0,0,0
"18487",191,"Ec_N",309,7,7,"Ec",1,0,0,0,0,0,0
"18488",191,"Ec_N",309,8,8,"Ec",9,0,0,0,1,0,0.0305419930719563
"18489",191,"Ec_N",309,9,9,"Ec",10,1,0,0,1,0,0.228562363617893
"18490",191,"Ec_N",309,10,10,"Ec",10,1,0,0,1,0,0.228562363617893
"18491",191,"Ec_N",309,11,11,"Ec",10,1,0,0,1,0,0.228562363617893
"18492",191,"Ec_N",309,12,12,"Ec",10,1,0,0,1,0,0.228562363617893
"18493",191,"Ec_N",309,13,13,"Ec",10,1,0,0,1,0,0.228562363617893
"18494",191,"Ec_N",309,14,14,"Ec",10,1,0,0,1,0,0.228562363617893
"18495",191,"Ec_N",309,15,15,"Ec",14,1,0,1,1,0,0.746777083195453
"18496",191,"Ec_N",309,16,16,"Ec",14,1,0,1,1,0,0.746777083195453
"18497",191,"Ec_N",309,17,17,"Ec",14,1,0,1,1,0,0.746777083195453
"18498",191,"Ec_N",309,18,18,"Ec",14,1,0,1,1,0,0.746777083195453
"18499",191,"Ec_N",309,19,19,"Ec",14,1,0,1,1,0,0.746777083195453
"18500",191,"Ec_N",309,20,20,"Ec",14,1,0,1,1,0,0.746777083195453
"18501",191,"Ec_N",309,21,21,"Ec",14,1,0,1,1,0,0.746777083195453
"18502",191,"Ec_N",309,22,22,"Ec",14,1,0,1,1,0,0.746777083195453
"18503",191,"Ec_N",309,23,23,"Ec",14,1,0,1,1,0,0.746777083195453
"18504",191,"Ec_N",309,24,24,"Ec",14,1,0,1,1,0,0.746777083195453
"18505",191,"Ec_N",309,25,25,"Ec",14,1,0,1,1,0,0.746777083195453
"18506",191,"Ec_N",309,26,26,"Ec",14,1,0,1,1,0,0.746777083195453
"18507",191,"Ec_N",309,27,27,"Ec",14,1,0,1,1,0,0.746777083195453
"18508",191,"Ec_N",309,28,28,"Ec",14,1,0,1,1,0,0.746777083195453
"18509",191,"Ec_N",309,29,29,"Ec",14,1,0,1,1,0,0.746777083195453
"18510",191,"Ec_N",309,30,30,"Ec",14,1,0,1,1,0,0.746777083195453
"18511",191,"Ec_N",309,31,31,"Ec",14,1,0,1,1,0,0.746777083195453
"18512",191,"Ec_N",309,32,32,"Ec",14,1,0,1,1,0,0.746777083195453
"18513",191,"Ec_N",309,33,33,"Ec",14,1,0,1,1,0,0.746777083195453
"18514",191,"Ec_N",309,34,34,"Ec",14,1,0,1,1,0,0.746777083195453
"18515",191,"Ec_N",309,35,35,"Ec",14,1,0,1,1,0,0.746777083195453
"18516",191,"Ec_N",309,36,36,"Ec",14,1,0,1,1,0,0.746777083195453
"18517",191,"Ec_N",309,37,37,"Ec",14,1,0,1,1,0,0.746777083195453
"18518",191,"Ec_N",309,38,38,"Ec",14,1,0,1,1,0,0.746777083195453
"18519",191,"Ec_N",309,39,39,"Ec",14,1,0,1,1,0,0.746777083195453
"18520",191,"Ec_N",309,40,40,"Ec",14,1,0,1,1,0,0.746777083195453
"18521",191,"Ec_N",309,41,41,"Ec",14,1,0,1,1,0,0.746777083195453
"18522",191,"Ec_N",309,42,42,"Ec",14,1,0,1,1,0,0.746777083195453
"18523",191,"Ec_N",309,43,43,"Ec",14,1,0,1,1,0,0.746777083195453
"18524",191,"Ec_N",309,44,44,"Ec",14,1,0,1,1,0,0.746777083195453
"18525",191,"Ec_N",309,45,45,"Ec",14,1,0,1,1,0,0.746777083195453
"18526",191,"Ec_N",309,46,46,"Ec",14,1,0,1,1,0,0.746777083195453
"18527",191,"Ec_N",309,47,47,"Ec",14,1,0,1,1,0,0.746777083195453
"18528",191,"Ec_N",309,48,48,"Ec",14,1,0,1,1,0,0.746777083195453
"18529",191,"Ec_N",309,49,49,"Ec",14,1,0,1,1,0,0.746777083195453
"18530",191,"Ec_N",309,50,50,"Ec",14,1,0,1,1,0,0.746777083195453
"18531",191,"Ec_N",309,51,51,"Ec",14,1,0,1,1,0,0.746777083195453
"18532",191,"Ec_N",309,52,52,"Ec",14,1,0,1,1,0,0.746777083195453
"18533",191,"Ec_N",309,53,53,"Ec",14,1,0,1,1,0,0.746777083195453
"18534",191,"Ec_N",309,54,54,"Ec",14,1,0,1,1,0,0.746777083195453
"18535",191,"Ec_N",309,55,55,"Ec",14,1,0,1,1,0,0.746777083195453
"18536",191,"Ec_N",309,56,56,"Ec",14,1,0,1,1,0,0.746777083195453
"18537",191,"Ec_N",309,57,57,"Ec",14,1,0,1,1,0,0.746777083195453
"18538",191,"Ec_N",309,58,58,"Ec",30,1,0,1,1,1,0.958688519948705
"18539",191,"Ec_N",309,59,59,"Ec",32,1,1,1,1,1,1
"18540",191,"Ec_N",309,60,60,"Ec",32,1,1,1,1,1,1
"18541",191,"Ec_N",310,1,1,"Ec",1,0,0,0,0,0,0
"18542",191,"Ec_N",310,2,2,"Ec",1,0,0,0,0,0,0
"18543",191,"Ec_N",310,3,3,"Ec",1,0,0,0,0,0,0
"18544",191,"Ec_N",310,4,4,"Ec",1,0,0,0,0,0,0
"18545",191,"Ec_N",310,5,5,"Ec",1,0,0,0,0,0,0
"18546",191,"Ec_N",310,6,6,"Ec",9,0,0,0,1,0,0.0305419930719563
"18547",191,"Ec_N",310,7,7,"Ec",9,0,0,0,1,0,0.0305419930719563
"18548",191,"Ec_N",310,8,8,"Ec",9,0,0,0,1,0,0.0305419930719563
"18549",191,"Ec_N",310,9,9,"Ec",10,1,0,0,1,0,0.228562363617893
"18550",191,"Ec_N",310,10,10,"Ec",10,1,0,0,1,0,0.228562363617893
"18551",191,"Ec_N",310,11,11,"Ec",12,1,1,0,1,0,0.259780205416137
"18552",191,"Ec_N",310,12,12,"Ec",12,1,1,0,1,0,0.259780205416137
"18553",191,"Ec_N",310,13,13,"Ec",12,1,1,0,1,0,0.259780205416137
"18554",191,"Ec_N",310,14,14,"Ec",12,1,1,0,1,0,0.259780205416137
"18555",191,"Ec_N",310,15,15,"Ec",12,1,1,0,1,0,0.259780205416137
"18556",191,"Ec_N",310,16,16,"Ec",12,1,1,0,1,0,0.259780205416137
"18557",191,"Ec_N",310,17,17,"Ec",12,1,1,0,1,0,0.259780205416137
"18558",191,"Ec_N",310,18,18,"Ec",12,1,1,0,1,0,0.259780205416137
"18559",191,"Ec_N",310,19,19,"Ec",12,1,1,0,1,0,0.259780205416137
"18560",191,"Ec_N",310,20,20,"Ec",12,1,1,0,1,0,0.259780205416137
"18561",191,"Ec_N",310,21,21,"Ec",12,1,1,0,1,0,0.259780205416137
"18562",191,"Ec_N",310,22,22,"Ec",12,1,1,0,1,0,0.259780205416137
"18563",191,"Ec_N",310,23,23,"Ec",12,1,1,0,1,0,0.259780205416137
"18564",191,"Ec_N",310,24,24,"Ec",12,1,1,0,1,0,0.259780205416137
"18565",191,"Ec_N",310,25,25,"Ec",12,1,1,0,1,0,0.259780205416137
"18566",191,"Ec_N",310,26,26,"Ec",12,1,1,0,1,0,0.259780205416137
"18567",191,"Ec_N",310,27,27,"Ec",12,1,1,0,1,0,0.259780205416137
"18568",191,"Ec_N",310,28,28,"Ec",12,1,1,0,1,0,0.259780205416137
"18569",191,"Ec_N",310,29,29,"Ec",12,1,1,0,1,0,0.259780205416137
"18570",191,"Ec_N",310,30,30,"Ec",12,1,1,0,1,0,0.259780205416137
"18571",191,"Ec_N",310,31,31,"Ec",12,1,1,0,1,0,0.259780205416137
"18572",191,"Ec_N",310,32,32,"Ec",28,1,1,0,1,1,0.681047421119041
"18573",191,"Ec_N",310,33,33,"Ec",28,1,1,0,1,1,0.681047421119041
"18574",191,"Ec_N",310,34,34,"Ec",28,1,1,0,1,1,0.681047421119041
"18575",191,"Ec_N",310,35,35,"Ec",28,1,1,0,1,1,0.681047421119041
"18576",191,"Ec_N",310,36,36,"Ec",28,1,1,0,1,1,0.681047421119041
"18577",191,"Ec_N",310,37,37,"Ec",28,1,1,0,1,1,0.681047421119041
"18578",191,"Ec_N",310,38,38,"Ec",28,1,1,0,1,1,0.681047421119041
"18579",191,"Ec_N",310,39,39,"Ec",28,1,1,0,1,1,0.681047421119041
"18580",191,"Ec_N",310,40,40,"Ec",28,1,1,0,1,1,0.681047421119041
"18581",191,"Ec_N",310,41,41,"Ec",32,1,1,1,1,1,1
"18582",191,"Ec_N",310,42,42,"Ec",32,1,1,1,1,1,1
"18583",191,"Ec_N",310,43,43,"Ec",32,1,1,1,1,1,1
"18584",191,"Ec_N",310,44,44,"Ec",32,1,1,1,1,1,1
"18585",191,"Ec_N",310,45,45,"Ec",32,1,1,1,1,1,1
"18586",191,"Ec_N",310,46,46,"Ec",32,1,1,1,1,1,1
"18587",191,"Ec_N",310,47,47,"Ec",32,1,1,1,1,1,1
"18588",191,"Ec_N",310,48,48,"Ec",32,1,1,1,1,1,1
"18589",191,"Ec_N",310,49,49,"Ec",32,1,1,1,1,1,1
"18590",191,"Ec_N",310,50,50,"Ec",32,1,1,1,1,1,1
"18591",191,"Ec_N",310,51,51,"Ec",32,1,1,1,1,1,1
"18592",191,"Ec_N",310,52,52,"Ec",32,1,1,1,1,1,1
"18593",191,"Ec_N",310,53,53,"Ec",32,1,1,1,1,1,1
"18594",191,"Ec_N",310,54,54,"Ec",32,1,1,1,1,1,1
"18595",191,"Ec_N",310,55,55,"Ec",32,1,1,1,1,1,1
"18596",191,"Ec_N",310,56,56,"Ec",32,1,1,1,1,1,1
"18597",191,"Ec_N",310,57,57,"Ec",32,1,1,1,1,1,1
"18598",191,"Ec_N",310,58,58,"Ec",32,1,1,1,1,1,1
"18599",191,"Ec_N",310,59,59,"Ec",32,1,1,1,1,1,1
"18600",191,"Ec_N",310,60,60,"Ec",32,1,1,1,1,1,1
"18601",191,"Ec_N",311,1,1,"Ec",1,0,0,0,0,0,0
"18602",191,"Ec_N",311,2,2,"Ec",9,0,0,0,1,0,0.0305419930719563
"18603",191,"Ec_N",311,3,3,"Ec",9,0,0,0,1,0,0.0305419930719563
"18604",191,"Ec_N",311,4,4,"Ec",11,0,1,0,1,0,0.0857419302602629
"18605",191,"Ec_N",311,5,5,"Ec",11,0,1,0,1,0,0.0857419302602629
"18606",191,"Ec_N",311,6,6,"Ec",11,0,1,0,1,0,0.0857419302602629
"18607",191,"Ec_N",311,7,7,"Ec",11,0,1,0,1,0,0.0857419302602629
"18608",191,"Ec_N",311,8,8,"Ec",11,0,1,0,1,0,0.0857419302602629
"18609",191,"Ec_N",311,9,9,"Ec",11,0,1,0,1,0,0.0857419302602629
"18610",191,"Ec_N",311,10,10,"Ec",12,1,1,0,1,0,0.259780205416137
"18611",191,"Ec_N",311,11,11,"Ec",28,1,1,0,1,1,0.681047421119041
"18612",191,"Ec_N",311,12,12,"Ec",32,1,1,1,1,1,1
"18613",191,"Ec_N",311,13,13,"Ec",32,1,1,1,1,1,1
"18614",191,"Ec_N",311,14,14,"Ec",32,1,1,1,1,1,1
"18615",191,"Ec_N",311,15,15,"Ec",32,1,1,1,1,1,1
"18616",191,"Ec_N",311,16,16,"Ec",32,1,1,1,1,1,1
"18617",191,"Ec_N",311,17,17,"Ec",32,1,1,1,1,1,1
"18618",191,"Ec_N",311,18,18,"Ec",32,1,1,1,1,1,1
"18619",191,"Ec_N",311,19,19,"Ec",32,1,1,1,1,1,1
"18620",191,"Ec_N",311,20,20,"Ec",32,1,1,1,1,1,1
"18621",191,"Ec_N",311,21,21,"Ec",32,1,1,1,1,1,1
"18622",191,"Ec_N",311,22,22,"Ec",32,1,1,1,1,1,1
"18623",191,"Ec_N",311,23,23,"Ec",32,1,1,1,1,1,1
"18624",191,"Ec_N",311,24,24,"Ec",32,1,1,1,1,1,1
"18625",191,"Ec_N",311,25,25,"Ec",32,1,1,1,1,1,1
"18626",191,"Ec_N",311,26,26,"Ec",32,1,1,1,1,1,1
"18627",191,"Ec_N",311,27,27,"Ec",32,1,1,1,1,1,1
"18628",191,"Ec_N",311,28,28,"Ec",32,1,1,1,1,1,1
"18629",191,"Ec_N",311,29,29,"Ec",32,1,1,1,1,1,1
"18630",191,"Ec_N",311,30,30,"Ec",32,1,1,1,1,1,1
"18631",191,"Ec_N",311,31,31,"Ec",32,1,1,1,1,1,1
"18632",191,"Ec_N",311,32,32,"Ec",32,1,1,1,1,1,1
"18633",191,"Ec_N",311,33,33,"Ec",32,1,1,1,1,1,1
"18634",191,"Ec_N",311,34,34,"Ec",32,1,1,1,1,1,1
"18635",191,"Ec_N",311,35,35,"Ec",32,1,1,1,1,1,1
"18636",191,"Ec_N",311,36,36,"Ec",32,1,1,1,1,1,1
"18637",191,"Ec_N",311,37,37,"Ec",32,1,1,1,1,1,1
"18638",191,"Ec_N",311,38,38,"Ec",32,1,1,1,1,1,1
"18639",191,"Ec_N",311,39,39,"Ec",32,1,1,1,1,1,1
"18640",191,"Ec_N",311,40,40,"Ec",32,1,1,1,1,1,1
"18641",191,"Ec_N",311,41,41,"Ec",32,1,1,1,1,1,1
"18642",191,"Ec_N",311,42,42,"Ec",32,1,1,1,1,1,1
"18643",191,"Ec_N",311,43,43,"Ec",32,1,1,1,1,1,1
"18644",191,"Ec_N",311,44,44,"Ec",32,1,1,1,1,1,1
"18645",191,"Ec_N",311,45,45,"Ec",32,1,1,1,1,1,1
"18646",191,"Ec_N",311,46,46,"Ec",32,1,1,1,1,1,1
"18647",191,"Ec_N",311,47,47,"Ec",32,1,1,1,1,1,1
"18648",191,"Ec_N",311,48,48,"Ec",32,1,1,1,1,1,1
"18649",191,"Ec_N",311,49,49,"Ec",32,1,1,1,1,1,1
"18650",191,"Ec_N",311,50,50,"Ec",32,1,1,1,1,1,1
"18651",191,"Ec_N",311,51,51,"Ec",32,1,1,1,1,1,1
"18652",191,"Ec_N",311,52,52,"Ec",32,1,1,1,1,1,1
"18653",191,"Ec_N",311,53,53,"Ec",32,1,1,1,1,1,1
"18654",191,"Ec_N",311,54,54,"Ec",32,1,1,1,1,1,1
"18655",191,"Ec_N",311,55,55,"Ec",32,1,1,1,1,1,1
"18656",191,"Ec_N",311,56,56,"Ec",32,1,1,1,1,1,1
"18657",191,"Ec_N",311,57,57,"Ec",32,1,1,1,1,1,1
"18658",191,"Ec_N",311,58,58,"Ec",32,1,1,1,1,1,1
"18659",191,"Ec_N",311,59,59,"Ec",32,1,1,1,1,1,1
"18660",191,"Ec_N",311,60,60,"Ec",32,1,1,1,1,1,1
"18661",191,"Ec_N",312,1,1,"Ec",1,0,0,0,0,0,0
"18662",191,"Ec_N",312,2,2,"Ec",1,0,0,0,0,0,0
"18663",191,"Ec_N",312,3,3,"Ec",1,0,0,0,0,0,0
"18664",191,"Ec_N",312,4,4,"Ec",1,0,0,0,0,0,0
"18665",191,"Ec_N",312,5,5,"Ec",1,0,0,0,0,0,0
"18666",191,"Ec_N",312,6,6,"Ec",1,0,0,0,0,0,0
"18667",191,"Ec_N",312,7,7,"Ec",1,0,0,0,0,0,0
"18668",191,"Ec_N",312,8,8,"Ec",1,0,0,0,0,0,0
"18669",191,"Ec_N",312,9,9,"Ec",2,1,0,0,0,0,0.198020370545937
"18670",191,"Ec_N",312,10,10,"Ec",2,1,0,0,0,0,0.198020370545937
"18671",191,"Ec_N",312,11,11,"Ec",2,1,0,0,0,0,0.198020370545937
"18672",191,"Ec_N",312,12,12,"Ec",2,1,0,0,0,0,0.198020370545937
"18673",191,"Ec_N",312,13,13,"Ec",2,1,0,0,0,0,0.198020370545937
"18674",191,"Ec_N",312,14,14,"Ec",4,1,1,0,0,0,0.239331850597232
"18675",191,"Ec_N",312,15,15,"Ec",4,1,1,0,0,0,0.239331850597232
"18676",191,"Ec_N",312,16,16,"Ec",4,1,1,0,0,0,0.239331850597232
"18677",191,"Ec_N",312,17,17,"Ec",4,1,1,0,0,0,0.239331850597232
"18678",191,"Ec_N",312,18,18,"Ec",20,1,1,0,0,1,0.610298755308086
"18679",191,"Ec_N",312,19,19,"Ec",20,1,1,0,0,1,0.610298755308086
"18680",191,"Ec_N",312,20,20,"Ec",20,1,1,0,0,1,0.610298755308086
"18681",191,"Ec_N",312,21,21,"Ec",20,1,1,0,0,1,0.610298755308086
"18682",191,"Ec_N",312,22,22,"Ec",20,1,1,0,0,1,0.610298755308086
"18683",191,"Ec_N",312,23,23,"Ec",20,1,1,0,0,1,0.610298755308086
"18684",191,"Ec_N",312,24,24,"Ec",20,1,1,0,0,1,0.610298755308086
"18685",191,"Ec_N",312,25,25,"Ec",20,1,1,0,0,1,0.610298755308086
"18686",191,"Ec_N",312,26,26,"Ec",20,1,1,0,0,1,0.610298755308086
"18687",191,"Ec_N",312,27,27,"Ec",20,1,1,0,0,1,0.610298755308086
"18688",191,"Ec_N",312,28,28,"Ec",20,1,1,0,0,1,0.610298755308086
"18689",191,"Ec_N",312,29,29,"Ec",20,1,1,0,0,1,0.610298755308086
"18690",191,"Ec_N",312,30,30,"Ec",20,1,1,0,0,1,0.610298755308086
"18691",191,"Ec_N",312,31,31,"Ec",20,1,1,0,0,1,0.610298755308086
"18692",191,"Ec_N",312,32,32,"Ec",20,1,1,0,0,1,0.610298755308086
"18693",191,"Ec_N",312,33,33,"Ec",20,1,1,0,0,1,0.610298755308086
"18694",191,"Ec_N",312,34,34,"Ec",20,1,1,0,0,1,0.610298755308086
"18695",191,"Ec_N",312,35,35,"Ec",20,1,1,0,0,1,0.610298755308086
"18696",191,"Ec_N",312,36,36,"Ec",20,1,1,0,0,1,0.610298755308086
"18697",191,"Ec_N",312,37,37,"Ec",20,1,1,0,0,1,0.610298755308086
"18698",191,"Ec_N",312,38,38,"Ec",20,1,1,0,0,1,0.610298755308086
"18699",191,"Ec_N",312,39,39,"Ec",20,1,1,0,0,1,0.610298755308086
"18700",191,"Ec_N",312,40,40,"Ec",20,1,1,0,0,1,0.610298755308086
"18701",191,"Ec_N",312,41,41,"Ec",20,1,1,0,0,1,0.610298755308086
"18702",191,"Ec_N",312,42,42,"Ec",20,1,1,0,0,1,0.610298755308086
"18703",191,"Ec_N",312,43,43,"Ec",20,1,1,0,0,1,0.610298755308086
"18704",191,"Ec_N",312,44,44,"Ec",20,1,1,0,0,1,0.610298755308086
"18705",191,"Ec_N",312,45,45,"Ec",20,1,1,0,0,1,0.610298755308086
"18706",191,"Ec_N",312,46,46,"Ec",20,1,1,0,0,1,0.610298755308086
"18707",191,"Ec_N",312,47,47,"Ec",20,1,1,0,0,1,0.610298755308086
"18708",191,"Ec_N",312,48,48,"Ec",20,1,1,0,0,1,0.610298755308086
"18709",191,"Ec_N",312,49,49,"Ec",20,1,1,0,0,1,0.610298755308086
"18710",191,"Ec_N",312,50,50,"Ec",20,1,1,0,0,1,0.610298755308086
"18711",191,"Ec_N",312,51,51,"Ec",20,1,1,0,0,1,0.610298755308086
"18712",191,"Ec_N",312,52,52,"Ec",28,1,1,0,1,1,0.681047421119041
"18713",191,"Ec_N",312,53,53,"Ec",28,1,1,0,1,1,0.681047421119041
"18714",191,"Ec_N",312,54,54,"Ec",28,1,1,0,1,1,0.681047421119041
"18715",191,"Ec_N",312,55,55,"Ec",28,1,1,0,1,1,0.681047421119041
"18716",191,"Ec_N",312,56,56,"Ec",28,1,1,0,1,1,0.681047421119041
"18717",191,"Ec_N",312,57,57,"Ec",28,1,1,0,1,1,0.681047421119041
"18718",191,"Ec_N",312,58,58,"Ec",28,1,1,0,1,1,0.681047421119041
"18719",191,"Ec_N",312,59,59,"Ec",28,1,1,0,1,1,0.681047421119041
"18720",191,"Ec_N",312,60,60,"Ec",28,1,1,0,1,1,0.681047421119041
"18721",191,"Ec_N",313,1,1,"Ec",1,0,0,0,0,0,0
"18722",191,"Ec_N",313,2,2,"Ec",1,0,0,0,0,0,0
"18723",191,"Ec_N",313,3,3,"Ec",1,0,0,0,0,0,0
"18724",191,"Ec_N",313,4,4,"Ec",1,0,0,0,0,0,0
"18725",191,"Ec_N",313,5,5,"Ec",1,0,0,0,0,0,0
"18726",191,"Ec_N",313,6,6,"Ec",1,0,0,0,0,0,0
"18727",191,"Ec_N",313,7,7,"Ec",1,0,0,0,0,0,0
"18728",191,"Ec_N",313,8,8,"Ec",1,0,0,0,0,0,0
"18729",191,"Ec_N",313,9,9,"Ec",1,0,0,0,0,0,0
"18730",191,"Ec_N",313,10,10,"Ec",1,0,0,0,0,0,0
"18731",191,"Ec_N",313,11,11,"Ec",1,0,0,0,0,0,0
"18732",191,"Ec_N",313,12,12,"Ec",1,0,0,0,0,0,0
"18733",191,"Ec_N",313,13,13,"Ec",1,0,0,0,0,0,0
"18734",191,"Ec_N",313,14,14,"Ec",1,0,0,0,0,0,0
"18735",191,"Ec_N",313,15,15,"Ec",5,0,0,1,0,0,0.49313446766664
"18736",191,"Ec_N",313,16,16,"Ec",5,0,0,1,0,0,0.49313446766664
"18737",191,"Ec_N",313,17,17,"Ec",5,0,0,1,0,0,0.49313446766664
"18738",191,"Ec_N",313,18,18,"Ec",5,0,0,1,0,0,0.49313446766664
"18739",191,"Ec_N",313,19,19,"Ec",5,0,0,1,0,0,0.49313446766664
"18740",191,"Ec_N",313,20,20,"Ec",5,0,0,1,0,0,0.49313446766664
"18741",191,"Ec_N",313,21,21,"Ec",5,0,0,1,0,0,0.49313446766664
"18742",191,"Ec_N",313,22,22,"Ec",5,0,0,1,0,0,0.49313446766664
"18743",191,"Ec_N",313,23,23,"Ec",5,0,0,1,0,0,0.49313446766664
"18744",191,"Ec_N",313,24,24,"Ec",5,0,0,1,0,0,0.49313446766664
"18745",191,"Ec_N",313,25,25,"Ec",5,0,0,1,0,0,0.49313446766664
"18746",191,"Ec_N",313,26,26,"Ec",5,0,0,1,0,0,0.49313446766664
"18747",191,"Ec_N",313,27,27,"Ec",5,0,0,1,0,0,0.49313446766664
"18748",191,"Ec_N",313,28,28,"Ec",5,0,0,1,0,0,0.49313446766664
"18749",191,"Ec_N",313,29,29,"Ec",5,0,0,1,0,0,0.49313446766664
"18750",191,"Ec_N",313,30,30,"Ec",6,1,0,1,0,0,0.542157591427696
"18751",191,"Ec_N",313,31,31,"Ec",6,1,0,1,0,0,0.542157591427696
"18752",191,"Ec_N",313,32,32,"Ec",6,1,0,1,0,0,0.542157591427696
"18753",191,"Ec_N",313,33,33,"Ec",6,1,0,1,0,0,0.542157591427696
"18754",191,"Ec_N",313,34,34,"Ec",6,1,0,1,0,0,0.542157591427696
"18755",191,"Ec_N",313,35,35,"Ec",6,1,0,1,0,0,0.542157591427696
"18756",191,"Ec_N",313,36,36,"Ec",6,1,0,1,0,0,0.542157591427696
"18757",191,"Ec_N",313,37,37,"Ec",6,1,0,1,0,0,0.542157591427696
"18758",191,"Ec_N",313,38,38,"Ec",6,1,0,1,0,0,0.542157591427696
"18759",191,"Ec_N",313,39,39,"Ec",6,1,0,1,0,0,0.542157591427696
"18760",191,"Ec_N",313,40,40,"Ec",6,1,0,1,0,0,0.542157591427696
"18761",191,"Ec_N",313,41,41,"Ec",6,1,0,1,0,0,0.542157591427696
"18762",191,"Ec_N",313,42,42,"Ec",6,1,0,1,0,0,0.542157591427696
"18763",191,"Ec_N",313,43,43,"Ec",6,1,0,1,0,0,0.542157591427696
"18764",191,"Ec_N",313,44,44,"Ec",6,1,0,1,0,0,0.542157591427696
"18765",191,"Ec_N",313,45,45,"Ec",6,1,0,1,0,0,0.542157591427696
"18766",191,"Ec_N",313,46,46,"Ec",6,1,0,1,0,0,0.542157591427696
"18767",191,"Ec_N",313,47,47,"Ec",6,1,0,1,0,0,0.542157591427696
"18768",191,"Ec_N",313,48,48,"Ec",6,1,0,1,0,0,0.542157591427696
"18769",191,"Ec_N",313,49,49,"Ec",6,1,0,1,0,0,0.542157591427696
"18770",191,"Ec_N",313,50,50,"Ec",6,1,0,1,0,0,0.542157591427696
"18771",191,"Ec_N",313,51,51,"Ec",8,1,1,1,0,0,0.583469071478991
"18772",191,"Ec_N",313,52,52,"Ec",8,1,1,1,0,0,0.583469071478991
"18773",191,"Ec_N",313,53,53,"Ec",8,1,1,1,0,0,0.583469071478991
"18774",191,"Ec_N",313,54,54,"Ec",8,1,1,1,0,0,0.583469071478991
"18775",191,"Ec_N",313,55,55,"Ec",8,1,1,1,0,0,0.583469071478991
"18776",191,"Ec_N",313,56,56,"Ec",8,1,1,1,0,0,0.583469071478991
"18777",191,"Ec_N",313,57,57,"Ec",8,1,1,1,0,0,0.583469071478991
"18778",191,"Ec_N",313,58,58,"Ec",8,1,1,1,0,0,0.583469071478991
"18779",191,"Ec_N",313,59,59,"Ec",8,1,1,1,0,0,0.583469071478991
"18780",191,"Ec_N",313,60,60,"Ec",24,1,1,1,0,1,0.969458006928044
"18781",191,"Ec_N",314,1,1,"Ec",1,0,0,0,0,0,0
"18782",191,"Ec_N",314,2,2,"Ec",1,0,0,0,0,0,0
"18783",191,"Ec_N",314,3,3,"Ec",1,0,0,0,0,0,0
"18784",191,"Ec_N",314,4,4,"Ec",3,0,1,0,0,0,0.041311480051295
"18785",191,"Ec_N",314,5,5,"Ec",3,0,1,0,0,0,0.041311480051295
"18786",191,"Ec_N",314,6,6,"Ec",11,0,1,0,1,0,0.0857419302602629
"18787",191,"Ec_N",314,7,7,"Ec",15,0,1,1,1,0,0.437080043527332
"18788",191,"Ec_N",314,8,8,"Ec",15,0,1,1,1,0,0.437080043527332
"18789",191,"Ec_N",314,9,9,"Ec",15,0,1,1,1,0,0.437080043527332
"18790",191,"Ec_N",314,10,10,"Ec",15,0,1,1,1,0,0.437080043527332
"18791",191,"Ec_N",314,11,11,"Ec",15,0,1,1,1,0,0.437080043527332
"18792",191,"Ec_N",314,12,12,"Ec",15,0,1,1,1,0,0.437080043527332
"18793",191,"Ec_N",314,13,13,"Ec",15,0,1,1,1,0,0.437080043527332
"18794",191,"Ec_N",314,14,14,"Ec",16,1,1,1,1,0,0.456015583082203
"18795",191,"Ec_N",314,15,15,"Ec",16,1,1,1,1,0,0.456015583082203
"18796",191,"Ec_N",314,16,16,"Ec",16,1,1,1,1,0,0.456015583082203
"18797",191,"Ec_N",314,17,17,"Ec",16,1,1,1,1,0,0.456015583082203
"18798",191,"Ec_N",314,18,18,"Ec",16,1,1,1,1,0,0.456015583082203
"18799",191,"Ec_N",314,19,19,"Ec",16,1,1,1,1,0,0.456015583082203
"18800",191,"Ec_N",314,20,20,"Ec",14,1,0,1,1,0,0.746777083195453
"18801",191,"Ec_N",314,21,21,"Ec",14,1,0,1,1,0,0.746777083195453
"18802",191,"Ec_N",314,22,22,"Ec",30,1,0,1,1,1,0.958688519948705
"18803",191,"Ec_N",314,23,23,"Ec",30,1,0,1,1,1,0.958688519948705
"18804",191,"Ec_N",314,24,24,"Ec",30,1,0,1,1,1,0.958688519948705
"18805",191,"Ec_N",314,25,25,"Ec",30,1,0,1,1,1,0.958688519948705
"18806",191,"Ec_N",314,26,26,"Ec",30,1,0,1,1,1,0.958688519948705
"18807",191,"Ec_N",314,27,27,"Ec",32,1,1,1,1,1,1
"18808",191,"Ec_N",314,28,28,"Ec",32,1,1,1,1,1,1
"18809",191,"Ec_N",314,29,29,"Ec",32,1,1,1,1,1,1
"18810",191,"Ec_N",314,30,30,"Ec",32,1,1,1,1,1,1
"18811",191,"Ec_N",314,31,31,"Ec",32,1,1,1,1,1,1
"18812",191,"Ec_N",314,32,32,"Ec",32,1,1,1,1,1,1
"18813",191,"Ec_N",314,33,33,"Ec",32,1,1,1,1,1,1
"18814",191,"Ec_N",314,34,34,"Ec",32,1,1,1,1,1,1
"18815",191,"Ec_N",314,35,35,"Ec",32,1,1,1,1,1,1
"18816",191,"Ec_N",314,36,36,"Ec",32,1,1,1,1,1,1
"18817",191,"Ec_N",314,37,37,"Ec",32,1,1,1,1,1,1
"18818",191,"Ec_N",314,38,38,"Ec",32,1,1,1,1,1,1
"18819",191,"Ec_N",314,39,39,"Ec",32,1,1,1,1,1,1
"18820",191,"Ec_N",314,40,40,"Ec",32,1,1,1,1,1,1
"18821",191,"Ec_N",314,41,41,"Ec",32,1,1,1,1,1,1
"18822",191,"Ec_N",314,42,42,"Ec",32,1,1,1,1,1,1
"18823",191,"Ec_N",314,43,43,"Ec",32,1,1,1,1,1,1
"18824",191,"Ec_N",314,44,44,"Ec",32,1,1,1,1,1,1
"18825",191,"Ec_N",314,45,45,"Ec",32,1,1,1,1,1,1
"18826",191,"Ec_N",314,46,46,"Ec",32,1,1,1,1,1,1
"18827",191,"Ec_N",314,47,47,"Ec",32,1,1,1,1,1,1
"18828",191,"Ec_N",314,48,48,"Ec",32,1,1,1,1,1,1
"18829",191,"Ec_N",314,49,49,"Ec",32,1,1,1,1,1,1
"18830",191,"Ec_N",314,50,50,"Ec",32,1,1,1,1,1,1
"18831",191,"Ec_N",314,51,51,"Ec",32,1,1,1,1,1,1
"18832",191,"Ec_N",314,52,52,"Ec",32,1,1,1,1,1,1
"18833",191,"Ec_N",314,53,53,"Ec",32,1,1,1,1,1,1
"18834",191,"Ec_N",314,54,54,"Ec",32,1,1,1,1,1,1
"18835",191,"Ec_N",314,55,55,"Ec",32,1,1,1,1,1,1
"18836",191,"Ec_N",314,56,56,"Ec",32,1,1,1,1,1,1
"18837",191,"Ec_N",314,57,57,"Ec",32,1,1,1,1,1,1
"18838",191,"Ec_N",314,58,58,"Ec",32,1,1,1,1,1,1
"18839",191,"Ec_N",314,59,59,"Ec",32,1,1,1,1,1,1
"18840",191,"Ec_N",314,60,60,"Ec",32,1,1,1,1,1,1
"18841",191,"Ec_N",315,1,1,"Ec",1,0,0,0,0,0,0
"18842",191,"Ec_N",315,2,2,"Ec",1,0,0,0,0,0,0
"18843",191,"Ec_N",315,3,3,"Ec",1,0,0,0,0,0,0
"18844",191,"Ec_N",315,4,4,"Ec",5,0,0,1,0,0,0.49313446766664
"18845",191,"Ec_N",315,5,5,"Ec",5,0,0,1,0,0,0.49313446766664
"18846",191,"Ec_N",315,6,6,"Ec",5,0,0,1,0,0,0.49313446766664
"18847",191,"Ec_N",315,7,7,"Ec",5,0,0,1,0,0,0.49313446766664
"18848",191,"Ec_N",315,8,8,"Ec",21,0,0,1,0,1,0.726280938342543
"18849",191,"Ec_N",315,9,9,"Ec",21,0,0,1,0,1,0.726280938342543
"18850",191,"Ec_N",315,10,10,"Ec",21,0,0,1,0,1,0.726280938342543
"18851",191,"Ec_N",315,11,11,"Ec",21,0,0,1,0,1,0.726280938342543
"18852",191,"Ec_N",315,12,12,"Ec",21,0,0,1,0,1,0.726280938342543
"18853",191,"Ec_N",315,13,13,"Ec",21,0,0,1,0,1,0.726280938342543
"18854",191,"Ec_N",315,14,14,"Ec",21,0,0,1,0,1,0.726280938342543
"18855",191,"Ec_N",315,15,15,"Ec",21,0,0,1,0,1,0.726280938342543
"18856",191,"Ec_N",315,16,16,"Ec",21,0,0,1,0,1,0.726280938342543
"18857",191,"Ec_N",315,17,17,"Ec",21,0,0,1,0,1,0.726280938342543
"18858",191,"Ec_N",315,18,18,"Ec",21,0,0,1,0,1,0.726280938342543
"18859",191,"Ec_N",315,19,19,"Ec",21,0,0,1,0,1,0.726280938342543
"18860",191,"Ec_N",315,20,20,"Ec",21,0,0,1,0,1,0.726280938342543
"18861",191,"Ec_N",315,21,21,"Ec",21,0,0,1,0,1,0.726280938342543
"18862",191,"Ec_N",315,22,22,"Ec",21,0,0,1,0,1,0.726280938342543
"18863",191,"Ec_N",315,23,23,"Ec",21,0,0,1,0,1,0.726280938342543
"18864",191,"Ec_N",315,24,24,"Ec",21,0,0,1,0,1,0.726280938342543
"18865",191,"Ec_N",315,25,25,"Ec",21,0,0,1,0,1,0.726280938342543
"18866",191,"Ec_N",315,26,26,"Ec",21,0,0,1,0,1,0.726280938342543
"18867",191,"Ec_N",315,27,27,"Ec",29,0,0,1,1,1,0.760668149402769
"18868",191,"Ec_N",315,28,28,"Ec",29,0,0,1,1,1,0.760668149402769
"18869",191,"Ec_N",315,29,29,"Ec",29,0,0,1,1,1,0.760668149402769
"18870",191,"Ec_N",315,30,30,"Ec",29,0,0,1,1,1,0.760668149402769
"18871",191,"Ec_N",315,31,31,"Ec",29,0,0,1,1,1,0.760668149402769
"18872",191,"Ec_N",315,32,32,"Ec",31,0,1,1,1,1,0.801979629454064
"18873",191,"Ec_N",315,33,33,"Ec",31,0,1,1,1,1,0.801979629454064
"18874",191,"Ec_N",315,34,34,"Ec",31,0,1,1,1,1,0.801979629454064
"18875",191,"Ec_N",315,35,35,"Ec",31,0,1,1,1,1,0.801979629454064
"18876",191,"Ec_N",315,36,36,"Ec",31,0,1,1,1,1,0.801979629454064
"18877",191,"Ec_N",315,37,37,"Ec",31,0,1,1,1,1,0.801979629454064
"18878",191,"Ec_N",315,38,38,"Ec",31,0,1,1,1,1,0.801979629454064
"18879",191,"Ec_N",315,39,39,"Ec",31,0,1,1,1,1,0.801979629454064
"18880",191,"Ec_N",315,40,40,"Ec",31,0,1,1,1,1,0.801979629454064
"18881",191,"Ec_N",315,41,41,"Ec",31,0,1,1,1,1,0.801979629454064
"18882",191,"Ec_N",315,42,42,"Ec",31,0,1,1,1,1,0.801979629454064
"18883",191,"Ec_N",315,43,43,"Ec",32,1,1,1,1,1,1
"18884",191,"Ec_N",315,44,44,"Ec",32,1,1,1,1,1,1
"18885",191,"Ec_N",315,45,45,"Ec",32,1,1,1,1,1,1
"18886",191,"Ec_N",315,46,46,"Ec",32,1,1,1,1,1,1
"18887",191,"Ec_N",315,47,47,"Ec",32,1,1,1,1,1,1
"18888",191,"Ec_N",315,48,48,"Ec",32,1,1,1,1,1,1
"18889",191,"Ec_N",315,49,49,"Ec",32,1,1,1,1,1,1
"18890",191,"Ec_N",315,50,50,"Ec",32,1,1,1,1,1,1
"18891",191,"Ec_N",315,51,51,"Ec",32,1,1,1,1,1,1
"18892",191,"Ec_N",315,52,52,"Ec",32,1,1,1,1,1,1
"18893",191,"Ec_N",315,53,53,"Ec",32,1,1,1,1,1,1
"18894",191,"Ec_N",315,54,54,"Ec",32,1,1,1,1,1,1
"18895",191,"Ec_N",315,55,55,"Ec",32,1,1,1,1,1,1
"18896",191,"Ec_N",315,56,56,"Ec",32,1,1,1,1,1,1
"18897",191,"Ec_N",315,57,57,"Ec",32,1,1,1,1,1,1
"18898",191,"Ec_N",315,58,58,"Ec",32,1,1,1,1,1,1
"18899",191,"Ec_N",315,59,59,"Ec",32,1,1,1,1,1,1
"18900",191,"Ec_N",315,60,60,"Ec",32,1,1,1,1,1,1
"18901",191,"Ec_N",316,1,1,"Ec",1,0,0,0,0,0,0
"18902",191,"Ec_N",316,2,2,"Ec",1,0,0,0,0,0,0
"18903",191,"Ec_N",316,3,3,"Ec",1,0,0,0,0,0,0
"18904",191,"Ec_N",316,4,4,"Ec",1,0,0,0,0,0,0
"18905",191,"Ec_N",316,5,5,"Ec",5,0,0,1,0,0,0.49313446766664
"18906",191,"Ec_N",316,6,6,"Ec",5,0,0,1,0,0,0.49313446766664
"18907",191,"Ec_N",316,7,7,"Ec",7,0,1,1,0,0,0.589282297794007
"18908",191,"Ec_N",316,8,8,"Ec",7,0,1,1,0,0,0.589282297794007
"18909",191,"Ec_N",316,9,9,"Ec",7,0,1,1,0,0,0.589282297794007
"18910",191,"Ec_N",316,10,10,"Ec",7,0,1,1,0,0,0.589282297794007
"18911",191,"Ec_N",316,11,11,"Ec",7,0,1,1,0,0,0.589282297794007
"18912",191,"Ec_N",316,12,12,"Ec",23,0,1,1,0,1,0.616809062130864
"18913",191,"Ec_N",316,13,13,"Ec",23,0,1,1,0,1,0.616809062130864
"18914",191,"Ec_N",316,14,14,"Ec",23,0,1,1,0,1,0.616809062130864
"18915",191,"Ec_N",316,15,15,"Ec",21,0,0,1,0,1,0.726280938342543
"18916",191,"Ec_N",316,16,16,"Ec",22,1,0,1,0,1,0.92522428176681
"18917",191,"Ec_N",316,17,17,"Ec",22,1,0,1,0,1,0.92522428176681
"18918",191,"Ec_N",316,18,18,"Ec",22,1,0,1,0,1,0.92522428176681
"18919",191,"Ec_N",316,19,19,"Ec",22,1,0,1,0,1,0.92522428176681
"18920",191,"Ec_N",316,20,20,"Ec",22,1,0,1,0,1,0.92522428176681
"18921",191,"Ec_N",316,21,21,"Ec",22,1,0,1,0,1,0.92522428176681
"18922",191,"Ec_N",316,22,22,"Ec",22,1,0,1,0,1,0.92522428176681
"18923",191,"Ec_N",316,23,23,"Ec",22,1,0,1,0,1,0.92522428176681
"18924",191,"Ec_N",316,24,24,"Ec",22,1,0,1,0,1,0.92522428176681
"18925",191,"Ec_N",316,25,25,"Ec",22,1,0,1,0,1,0.92522428176681
"18926",191,"Ec_N",316,26,26,"Ec",30,1,0,1,1,1,0.958688519948705
"18927",191,"Ec_N",316,27,27,"Ec",30,1,0,1,1,1,0.958688519948705
"18928",191,"Ec_N",316,28,28,"Ec",30,1,0,1,1,1,0.958688519948705
"18929",191,"Ec_N",316,29,29,"Ec",30,1,0,1,1,1,0.958688519948705
"18930",191,"Ec_N",316,30,30,"Ec",30,1,0,1,1,1,0.958688519948705
"18931",191,"Ec_N",316,31,31,"Ec",30,1,0,1,1,1,0.958688519948705
"18932",191,"Ec_N",316,32,32,"Ec",30,1,0,1,1,1,0.958688519948705
"18933",191,"Ec_N",316,33,33,"Ec",30,1,0,1,1,1,0.958688519948705
"18934",191,"Ec_N",316,34,34,"Ec",30,1,0,1,1,1,0.958688519948705
"18935",191,"Ec_N",316,35,35,"Ec",30,1,0,1,1,1,0.958688519948705
"18936",191,"Ec_N",316,36,36,"Ec",30,1,0,1,1,1,0.958688519948705
"18937",191,"Ec_N",316,37,37,"Ec",30,1,0,1,1,1,0.958688519948705
"18938",191,"Ec_N",316,38,38,"Ec",30,1,0,1,1,1,0.958688519948705
"18939",191,"Ec_N",316,39,39,"Ec",30,1,0,1,1,1,0.958688519948705
"18940",191,"Ec_N",316,40,40,"Ec",30,1,0,1,1,1,0.958688519948705
"18941",191,"Ec_N",316,41,41,"Ec",30,1,0,1,1,1,0.958688519948705
"18942",191,"Ec_N",316,42,42,"Ec",30,1,0,1,1,1,0.958688519948705
"18943",191,"Ec_N",316,43,43,"Ec",30,1,0,1,1,1,0.958688519948705
"18944",191,"Ec_N",316,44,44,"Ec",30,1,0,1,1,1,0.958688519948705
"18945",191,"Ec_N",316,45,45,"Ec",30,1,0,1,1,1,0.958688519948705
"18946",191,"Ec_N",316,46,46,"Ec",30,1,0,1,1,1,0.958688519948705
"18947",191,"Ec_N",316,47,47,"Ec",30,1,0,1,1,1,0.958688519948705
"18948",191,"Ec_N",316,48,48,"Ec",30,1,0,1,1,1,0.958688519948705
"18949",191,"Ec_N",316,49,49,"Ec",30,1,0,1,1,1,0.958688519948705
"18950",191,"Ec_N",316,50,50,"Ec",30,1,0,1,1,1,0.958688519948705
"18951",191,"Ec_N",316,51,51,"Ec",30,1,0,1,1,1,0.958688519948705
"18952",191,"Ec_N",316,52,52,"Ec",30,1,0,1,1,1,0.958688519948705
"18953",191,"Ec_N",316,53,53,"Ec",30,1,0,1,1,1,0.958688519948705
"18954",191,"Ec_N",316,54,54,"Ec",30,1,0,1,1,1,0.958688519948705
"18955",191,"Ec_N",316,55,55,"Ec",30,1,0,1,1,1,0.958688519948705
"18956",191,"Ec_N",316,56,56,"Ec",30,1,0,1,1,1,0.958688519948705
"18957",191,"Ec_N",316,57,57,"Ec",30,1,0,1,1,1,0.958688519948705
"18958",191,"Ec_N",316,58,58,"Ec",30,1,0,1,1,1,0.958688519948705
"18959",191,"Ec_N",316,59,59,"Ec",30,1,0,1,1,1,0.958688519948705
"18960",191,"Ec_N",316,60,60,"Ec",32,1,1,1,1,1,1
"18961",191,"Ec_N",317,1,1,"Ec",1,0,0,0,0,0,0
"18962",191,"Ec_N",317,2,2,"Ec",1,0,0,0,0,0,0
"18963",191,"Ec_N",317,3,3,"Ec",1,0,0,0,0,0,0
"18964",191,"Ec_N",317,4,4,"Ec",1,0,0,0,0,0,0
"18965",191,"Ec_N",317,5,5,"Ec",1,0,0,0,0,0,0
"18966",191,"Ec_N",317,6,6,"Ec",1,0,0,0,0,0,0
"18967",191,"Ec_N",317,7,7,"Ec",9,0,0,0,1,0,0.0305419930719563
"18968",191,"Ec_N",317,8,8,"Ec",13,0,0,1,1,0,0.374679213953716
"18969",191,"Ec_N",317,9,9,"Ec",13,0,0,1,1,0,0.374679213953716
"18970",191,"Ec_N",317,10,10,"Ec",13,0,0,1,1,0,0.374679213953716
"18971",191,"Ec_N",317,11,11,"Ec",13,0,0,1,1,0,0.374679213953716
"18972",191,"Ec_N",317,12,12,"Ec",13,0,0,1,1,0,0.374679213953716
"18973",191,"Ec_N",317,13,13,"Ec",13,0,0,1,1,0,0.374679213953716
"18974",191,"Ec_N",317,14,14,"Ec",13,0,0,1,1,0,0.374679213953716
"18975",191,"Ec_N",317,15,15,"Ec",13,0,0,1,1,0,0.374679213953716
"18976",191,"Ec_N",317,16,16,"Ec",13,0,0,1,1,0,0.374679213953716
"18977",191,"Ec_N",317,17,17,"Ec",13,0,0,1,1,0,0.374679213953716
"18978",191,"Ec_N",317,18,18,"Ec",13,0,0,1,1,0,0.374679213953716
"18979",191,"Ec_N",317,19,19,"Ec",13,0,0,1,1,0,0.374679213953716
"18980",191,"Ec_N",317,20,20,"Ec",13,0,0,1,1,0,0.374679213953716
"18981",191,"Ec_N",317,21,21,"Ec",13,0,0,1,1,0,0.374679213953716
"18982",191,"Ec_N",317,22,22,"Ec",13,0,0,1,1,0,0.374679213953716
"18983",191,"Ec_N",317,23,23,"Ec",13,0,0,1,1,0,0.374679213953716
"18984",191,"Ec_N",317,24,24,"Ec",13,0,0,1,1,0,0.374679213953716
"18985",191,"Ec_N",317,25,25,"Ec",13,0,0,1,1,0,0.374679213953716
"18986",191,"Ec_N",317,26,26,"Ec",13,0,0,1,1,0,0.374679213953716
"18987",191,"Ec_N",317,27,27,"Ec",13,0,0,1,1,0,0.374679213953716
"18988",191,"Ec_N",317,28,28,"Ec",29,0,0,1,1,1,0.760668149402769
"18989",191,"Ec_N",317,29,29,"Ec",29,0,0,1,1,1,0.760668149402769
"18990",191,"Ec_N",317,30,30,"Ec",29,0,0,1,1,1,0.760668149402769
"18991",191,"Ec_N",317,31,31,"Ec",29,0,0,1,1,1,0.760668149402769
"18992",191,"Ec_N",317,32,32,"Ec",30,1,0,1,1,1,0.958688519948705
"18993",191,"Ec_N",317,33,33,"Ec",30,1,0,1,1,1,0.958688519948705
"18994",191,"Ec_N",317,34,34,"Ec",30,1,0,1,1,1,0.958688519948705
"18995",191,"Ec_N",317,35,35,"Ec",30,1,0,1,1,1,0.958688519948705
"18996",191,"Ec_N",317,36,36,"Ec",30,1,0,1,1,1,0.958688519948705
"18997",191,"Ec_N",317,37,37,"Ec",30,1,0,1,1,1,0.958688519948705
"18998",191,"Ec_N",317,38,38,"Ec",30,1,0,1,1,1,0.958688519948705
"18999",191,"Ec_N",317,39,39,"Ec",30,1,0,1,1,1,0.958688519948705
"19000",191,"Ec_N",317,40,40,"Ec",30,1,0,1,1,1,0.958688519948705
"19001",191,"Ec_N",317,41,41,"Ec",30,1,0,1,1,1,0.958688519948705
"19002",191,"Ec_N",317,42,42,"Ec",30,1,0,1,1,1,0.958688519948705
"19003",191,"Ec_N",317,43,43,"Ec",30,1,0,1,1,1,0.958688519948705
"19004",191,"Ec_N",317,44,44,"Ec",30,1,0,1,1,1,0.958688519948705
"19005",191,"Ec_N",317,45,45,"Ec",30,1,0,1,1,1,0.958688519948705
"19006",191,"Ec_N",317,46,46,"Ec",30,1,0,1,1,1,0.958688519948705
"19007",191,"Ec_N",317,47,47,"Ec",30,1,0,1,1,1,0.958688519948705
"19008",191,"Ec_N",317,48,48,"Ec",30,1,0,1,1,1,0.958688519948705
"19009",191,"Ec_N",317,49,49,"Ec",30,1,0,1,1,1,0.958688519948705
"19010",191,"Ec_N",317,50,50,"Ec",30,1,0,1,1,1,0.958688519948705
"19011",191,"Ec_N",317,51,51,"Ec",30,1,0,1,1,1,0.958688519948705
"19012",191,"Ec_N",317,52,52,"Ec",30,1,0,1,1,1,0.958688519948705
"19013",191,"Ec_N",317,53,53,"Ec",30,1,0,1,1,1,0.958688519948705
"19014",191,"Ec_N",317,54,54,"Ec",30,1,0,1,1,1,0.958688519948705
"19015",191,"Ec_N",317,55,55,"Ec",30,1,0,1,1,1,0.958688519948705
"19016",191,"Ec_N",317,56,56,"Ec",30,1,0,1,1,1,0.958688519948705
"19017",191,"Ec_N",317,57,57,"Ec",30,1,0,1,1,1,0.958688519948705
"19018",191,"Ec_N",317,58,58,"Ec",30,1,0,1,1,1,0.958688519948705
"19019",191,"Ec_N",317,59,59,"Ec",30,1,0,1,1,1,0.958688519948705
"19020",191,"Ec_N",317,60,60,"Ec",30,1,0,1,1,1,0.958688519948705
"19021",191,"Ec_N",318,1,1,"Ec",1,0,0,0,0,0,0
"19022",191,"Ec_N",318,2,2,"Ec",1,0,0,0,0,0,0
"19023",191,"Ec_N",318,3,3,"Ec",1,0,0,0,0,0,0
"19024",191,"Ec_N",318,4,4,"Ec",1,0,0,0,0,0,0
"19025",191,"Ec_N",318,5,5,"Ec",1,0,0,0,0,0,0
"19026",191,"Ec_N",318,6,6,"Ec",17,0,0,0,0,1,0.229834113103391
"19027",191,"Ec_N",318,7,7,"Ec",17,0,0,0,0,1,0.229834113103391
"19028",191,"Ec_N",318,8,8,"Ec",17,0,0,0,0,1,0.229834113103391
"19029",191,"Ec_N",318,9,9,"Ec",21,0,0,1,0,1,0.726280938342543
"19030",191,"Ec_N",318,10,10,"Ec",21,0,0,1,0,1,0.726280938342543
"19031",191,"Ec_N",318,11,11,"Ec",21,0,0,1,0,1,0.726280938342543
"19032",191,"Ec_N",318,12,12,"Ec",21,0,0,1,0,1,0.726280938342543
"19033",191,"Ec_N",318,13,13,"Ec",21,0,0,1,0,1,0.726280938342543
"19034",191,"Ec_N",318,14,14,"Ec",21,0,0,1,0,1,0.726280938342543
"19035",191,"Ec_N",318,15,15,"Ec",21,0,0,1,0,1,0.726280938342543
"19036",191,"Ec_N",318,16,16,"Ec",21,0,0,1,0,1,0.726280938342543
"19037",191,"Ec_N",318,17,17,"Ec",21,0,0,1,0,1,0.726280938342543
"19038",191,"Ec_N",318,18,18,"Ec",21,0,0,1,0,1,0.726280938342543
"19039",191,"Ec_N",318,19,19,"Ec",21,0,0,1,0,1,0.726280938342543
"19040",191,"Ec_N",318,20,20,"Ec",21,0,0,1,0,1,0.726280938342543
"19041",191,"Ec_N",318,21,21,"Ec",22,1,0,1,0,1,0.92522428176681
"19042",191,"Ec_N",318,22,22,"Ec",22,1,0,1,0,1,0.92522428176681
"19043",191,"Ec_N",318,23,23,"Ec",22,1,0,1,0,1,0.92522428176681
"19044",191,"Ec_N",318,24,24,"Ec",30,1,0,1,1,1,0.958688519948705
"19045",191,"Ec_N",318,25,25,"Ec",30,1,0,1,1,1,0.958688519948705
"19046",191,"Ec_N",318,26,26,"Ec",30,1,0,1,1,1,0.958688519948705
"19047",191,"Ec_N",318,27,27,"Ec",30,1,0,1,1,1,0.958688519948705
"19048",191,"Ec_N",318,28,28,"Ec",30,1,0,1,1,1,0.958688519948705
"19049",191,"Ec_N",318,29,29,"Ec",30,1,0,1,1,1,0.958688519948705
"19050",191,"Ec_N",318,30,30,"Ec",30,1,0,1,1,1,0.958688519948705
"19051",191,"Ec_N",318,31,31,"Ec",30,1,0,1,1,1,0.958688519948705
"19052",191,"Ec_N",318,32,32,"Ec",32,1,1,1,1,1,1
"19053",191,"Ec_N",318,33,33,"Ec",32,1,1,1,1,1,1
"19054",191,"Ec_N",318,34,34,"Ec",32,1,1,1,1,1,1
"19055",191,"Ec_N",318,35,35,"Ec",32,1,1,1,1,1,1
"19056",191,"Ec_N",318,36,36,"Ec",32,1,1,1,1,1,1
"19057",191,"Ec_N",318,37,37,"Ec",32,1,1,1,1,1,1
"19058",191,"Ec_N",318,38,38,"Ec",32,1,1,1,1,1,1
"19059",191,"Ec_N",318,39,39,"Ec",32,1,1,1,1,1,1
"19060",191,"Ec_N",318,40,40,"Ec",32,1,1,1,1,1,1
"19061",191,"Ec_N",318,41,41,"Ec",32,1,1,1,1,1,1
"19062",191,"Ec_N",318,42,42,"Ec",32,1,1,1,1,1,1
"19063",191,"Ec_N",318,43,43,"Ec",32,1,1,1,1,1,1
"19064",191,"Ec_N",318,44,44,"Ec",32,1,1,1,1,1,1
"19065",191,"Ec_N",318,45,45,"Ec",32,1,1,1,1,1,1
"19066",191,"Ec_N",318,46,46,"Ec",32,1,1,1,1,1,1
"19067",191,"Ec_N",318,47,47,"Ec",32,1,1,1,1,1,1
"19068",191,"Ec_N",318,48,48,"Ec",32,1,1,1,1,1,1
"19069",191,"Ec_N",318,49,49,"Ec",32,1,1,1,1,1,1
"19070",191,"Ec_N",318,50,50,"Ec",32,1,1,1,1,1,1
"19071",191,"Ec_N",318,51,51,"Ec",32,1,1,1,1,1,1
"19072",191,"Ec_N",318,52,52,"Ec",32,1,1,1,1,1,1
"19073",191,"Ec_N",318,53,53,"Ec",32,1,1,1,1,1,1
"19074",191,"Ec_N",318,54,54,"Ec",32,1,1,1,1,1,1
"19075",191,"Ec_N",318,55,55,"Ec",32,1,1,1,1,1,1
"19076",191,"Ec_N",318,56,56,"Ec",32,1,1,1,1,1,1
"19077",191,"Ec_N",318,57,57,"Ec",32,1,1,1,1,1,1
"19078",191,"Ec_N",318,58,58,"Ec",32,1,1,1,1,1,1
"19079",191,"Ec_N",318,59,59,"Ec",32,1,1,1,1,1,1
"19080",191,"Ec_N",318,60,60,"Ec",32,1,1,1,1,1,1
"19081",191,"Ec_N",319,1,1,"Ec",1,0,0,0,0,0,0
"19082",191,"Ec_N",319,2,2,"Ec",1,0,0,0,0,0,0
"19083",191,"Ec_N",319,3,3,"Ec",1,0,0,0,0,0,0
"19084",191,"Ec_N",319,4,4,"Ec",9,0,0,0,1,0,0.0305419930719563
"19085",191,"Ec_N",319,5,5,"Ec",9,0,0,0,1,0,0.0305419930719563
"19086",191,"Ec_N",319,6,6,"Ec",9,0,0,0,1,0,0.0305419930719563
"19087",191,"Ec_N",319,7,7,"Ec",9,0,0,0,1,0,0.0305419930719563
"19088",191,"Ec_N",319,8,8,"Ec",9,0,0,0,1,0,0.0305419930719563
"19089",191,"Ec_N",319,9,9,"Ec",9,0,0,0,1,0,0.0305419930719563
"19090",191,"Ec_N",319,10,10,"Ec",9,0,0,0,1,0,0.0305419930719563
"19091",191,"Ec_N",319,11,11,"Ec",9,0,0,0,1,0,0.0305419930719563
"19092",191,"Ec_N",319,12,12,"Ec",11,0,1,0,1,0,0.0857419302602629
"19093",191,"Ec_N",319,13,13,"Ec",11,0,1,0,1,0,0.0857419302602629
"19094",191,"Ec_N",319,14,14,"Ec",11,0,1,0,1,0,0.0857419302602629
"19095",191,"Ec_N",319,15,15,"Ec",11,0,1,0,1,0,0.0857419302602629
"19096",191,"Ec_N",319,16,16,"Ec",11,0,1,0,1,0,0.0857419302602629
"19097",191,"Ec_N",319,17,17,"Ec",11,0,1,0,1,0,0.0857419302602629
"19098",191,"Ec_N",319,18,18,"Ec",11,0,1,0,1,0,0.0857419302602629
"19099",191,"Ec_N",319,19,19,"Ec",11,0,1,0,1,0,0.0857419302602629
"19100",191,"Ec_N",319,20,20,"Ec",11,0,1,0,1,0,0.0857419302602629
"19101",191,"Ec_N",319,21,21,"Ec",27,0,1,0,1,1,0.357221419161902
"19102",191,"Ec_N",319,22,22,"Ec",27,0,1,0,1,1,0.357221419161902
"19103",191,"Ec_N",319,23,23,"Ec",27,0,1,0,1,1,0.357221419161902
"19104",191,"Ec_N",319,24,24,"Ec",27,0,1,0,1,1,0.357221419161902
"19105",191,"Ec_N",319,25,25,"Ec",27,0,1,0,1,1,0.357221419161902
"19106",191,"Ec_N",319,26,26,"Ec",19,0,1,0,0,1,0.427300415500348
"19107",191,"Ec_N",319,27,27,"Ec",19,0,1,0,0,1,0.427300415500348
"19108",191,"Ec_N",319,28,28,"Ec",19,0,1,0,0,1,0.427300415500348
"19109",191,"Ec_N",319,29,29,"Ec",19,0,1,0,0,1,0.427300415500348
"19110",191,"Ec_N",319,30,30,"Ec",19,0,1,0,0,1,0.427300415500348
"19111",191,"Ec_N",319,31,31,"Ec",19,0,1,0,0,1,0.427300415500348
"19112",191,"Ec_N",319,32,32,"Ec",19,0,1,0,0,1,0.427300415500348
"19113",191,"Ec_N",319,33,33,"Ec",20,1,1,0,0,1,0.610298755308086
"19114",191,"Ec_N",319,34,34,"Ec",20,1,1,0,0,1,0.610298755308086
"19115",191,"Ec_N",319,35,35,"Ec",24,1,1,1,0,1,0.969458006928044
"19116",191,"Ec_N",319,36,36,"Ec",24,1,1,1,0,1,0.969458006928044
"19117",191,"Ec_N",319,37,37,"Ec",24,1,1,1,0,1,0.969458006928044
"19118",191,"Ec_N",319,38,38,"Ec",24,1,1,1,0,1,0.969458006928044
"19119",191,"Ec_N",319,39,39,"Ec",24,1,1,1,0,1,0.969458006928044
"19120",191,"Ec_N",319,40,40,"Ec",24,1,1,1,0,1,0.969458006928044
"19121",191,"Ec_N",319,41,41,"Ec",24,1,1,1,0,1,0.969458006928044
"19122",191,"Ec_N",319,42,42,"Ec",24,1,1,1,0,1,0.969458006928044
"19123",191,"Ec_N",319,43,43,"Ec",24,1,1,1,0,1,0.969458006928044
"19124",191,"Ec_N",319,44,44,"Ec",24,1,1,1,0,1,0.969458006928044
"19125",191,"Ec_N",319,45,45,"Ec",24,1,1,1,0,1,0.969458006928044
"19126",191,"Ec_N",319,46,46,"Ec",24,1,1,1,0,1,0.969458006928044
"19127",191,"Ec_N",319,47,47,"Ec",24,1,1,1,0,1,0.969458006928044
"19128",191,"Ec_N",319,48,48,"Ec",24,1,1,1,0,1,0.969458006928044
"19129",191,"Ec_N",319,49,49,"Ec",24,1,1,1,0,1,0.969458006928044
"19130",191,"Ec_N",319,50,50,"Ec",24,1,1,1,0,1,0.969458006928044
"19131",191,"Ec_N",319,51,51,"Ec",24,1,1,1,0,1,0.969458006928044
"19132",191,"Ec_N",319,52,52,"Ec",24,1,1,1,0,1,0.969458006928044
"19133",191,"Ec_N",319,53,53,"Ec",24,1,1,1,0,1,0.969458006928044
"19134",191,"Ec_N",319,54,54,"Ec",24,1,1,1,0,1,0.969458006928044
"19135",191,"Ec_N",319,55,55,"Ec",24,1,1,1,0,1,0.969458006928044
"19136",191,"Ec_N",319,56,56,"Ec",24,1,1,1,0,1,0.969458006928044
"19137",191,"Ec_N",319,57,57,"Ec",24,1,1,1,0,1,0.969458006928044
"19138",191,"Ec_N",319,58,58,"Ec",24,1,1,1,0,1,0.969458006928044
"19139",191,"Ec_N",319,59,59,"Ec",24,1,1,1,0,1,0.969458006928044
"19140",191,"Ec_N",319,60,60,"Ec",24,1,1,1,0,1,0.969458006928044
"19141",191,"Ec_N",320,1,1,"Ec",1,0,0,0,0,0,0
"19142",191,"Ec_N",320,2,2,"Ec",1,0,0,0,0,0,0
"19143",191,"Ec_N",320,3,3,"Ec",1,0,0,0,0,0,0
"19144",191,"Ec_N",320,4,4,"Ec",1,0,0,0,0,0,0
"19145",191,"Ec_N",320,5,5,"Ec",1,0,0,0,0,0,0
"19146",191,"Ec_N",320,6,6,"Ec",1,0,0,0,0,0,0
"19147",191,"Ec_N",320,7,7,"Ec",17,0,0,0,0,1,0.229834113103391
"19148",191,"Ec_N",320,8,8,"Ec",17,0,0,0,0,1,0.229834113103391
"19149",191,"Ec_N",320,9,9,"Ec",21,0,0,1,0,1,0.726280938342543
"19150",191,"Ec_N",320,10,10,"Ec",21,0,0,1,0,1,0.726280938342543
"19151",191,"Ec_N",320,11,11,"Ec",21,0,0,1,0,1,0.726280938342543
"19152",191,"Ec_N",320,12,12,"Ec",21,0,0,1,0,1,0.726280938342543
"19153",191,"Ec_N",320,13,13,"Ec",21,0,0,1,0,1,0.726280938342543
"19154",191,"Ec_N",320,14,14,"Ec",22,1,0,1,0,1,0.92522428176681
"19155",191,"Ec_N",320,15,15,"Ec",22,1,0,1,0,1,0.92522428176681
"19156",191,"Ec_N",320,16,16,"Ec",22,1,0,1,0,1,0.92522428176681
"19157",191,"Ec_N",320,17,17,"Ec",22,1,0,1,0,1,0.92522428176681
"19158",191,"Ec_N",320,18,18,"Ec",22,1,0,1,0,1,0.92522428176681
"19159",191,"Ec_N",320,19,19,"Ec",22,1,0,1,0,1,0.92522428176681
"19160",191,"Ec_N",320,20,20,"Ec",22,1,0,1,0,1,0.92522428176681
"19161",191,"Ec_N",320,21,21,"Ec",22,1,0,1,0,1,0.92522428176681
"19162",191,"Ec_N",320,22,22,"Ec",22,1,0,1,0,1,0.92522428176681
"19163",191,"Ec_N",320,23,23,"Ec",22,1,0,1,0,1,0.92522428176681
"19164",191,"Ec_N",320,24,24,"Ec",22,1,0,1,0,1,0.92522428176681
"19165",191,"Ec_N",320,25,25,"Ec",22,1,0,1,0,1,0.92522428176681
"19166",191,"Ec_N",320,26,26,"Ec",22,1,0,1,0,1,0.92522428176681
"19167",191,"Ec_N",320,27,27,"Ec",22,1,0,1,0,1,0.92522428176681
"19168",191,"Ec_N",320,28,28,"Ec",22,1,0,1,0,1,0.92522428176681
"19169",191,"Ec_N",320,29,29,"Ec",22,1,0,1,0,1,0.92522428176681
"19170",191,"Ec_N",320,30,30,"Ec",30,1,0,1,1,1,0.958688519948705
"19171",191,"Ec_N",320,31,31,"Ec",30,1,0,1,1,1,0.958688519948705
"19172",191,"Ec_N",320,32,32,"Ec",30,1,0,1,1,1,0.958688519948705
"19173",191,"Ec_N",320,33,33,"Ec",32,1,1,1,1,1,1
"19174",191,"Ec_N",320,34,34,"Ec",32,1,1,1,1,1,1
"19175",191,"Ec_N",320,35,35,"Ec",32,1,1,1,1,1,1
"19176",191,"Ec_N",320,36,36,"Ec",32,1,1,1,1,1,1
"19177",191,"Ec_N",320,37,37,"Ec",32,1,1,1,1,1,1
"19178",191,"Ec_N",320,38,38,"Ec",32,1,1,1,1,1,1
"19179",191,"Ec_N",320,39,39,"Ec",32,1,1,1,1,1,1
"19180",191,"Ec_N",320,40,40,"Ec",32,1,1,1,1,1,1
"19181",191,"Ec_N",320,41,41,"Ec",32,1,1,1,1,1,1
"19182",191,"Ec_N",320,42,42,"Ec",32,1,1,1,1,1,1
"19183",191,"Ec_N",320,43,43,"Ec",32,1,1,1,1,1,1
"19184",191,"Ec_N",320,44,44,"Ec",32,1,1,1,1,1,1
"19185",191,"Ec_N",320,45,45,"Ec",32,1,1,1,1,1,1
"19186",191,"Ec_N",320,46,46,"Ec",32,1,1,1,1,1,1
"19187",191,"Ec_N",320,47,47,"Ec",32,1,1,1,1,1,1
"19188",191,"Ec_N",320,48,48,"Ec",32,1,1,1,1,1,1
"19189",191,"Ec_N",320,49,49,"Ec",32,1,1,1,1,1,1
"19190",191,"Ec_N",320,50,50,"Ec",32,1,1,1,1,1,1
"19191",191,"Ec_N",320,51,51,"Ec",32,1,1,1,1,1,1
"19192",191,"Ec_N",320,52,52,"Ec",32,1,1,1,1,1,1
"19193",191,"Ec_N",320,53,53,"Ec",32,1,1,1,1,1,1
"19194",191,"Ec_N",320,54,54,"Ec",32,1,1,1,1,1,1
"19195",191,"Ec_N",320,55,55,"Ec",32,1,1,1,1,1,1
"19196",191,"Ec_N",320,56,56,"Ec",32,1,1,1,1,1,1
"19197",191,"Ec_N",320,57,57,"Ec",32,1,1,1,1,1,1
"19198",191,"Ec_N",320,58,58,"Ec",32,1,1,1,1,1,1
"19199",191,"Ec_N",320,59,59,"Ec",32,1,1,1,1,1,1
"19200",191,"Ec_N",320,60,60,"Ec",32,1,1,1,1,1,1
"19201",191,"Ec_N",321,1,1,"Ec",1,0,0,0,0,0,0
"19202",191,"Ec_N",321,2,2,"Ec",1,0,0,0,0,0,0
"19203",191,"Ec_N",321,3,3,"Ec",1,0,0,0,0,0,0
"19204",191,"Ec_N",321,4,4,"Ec",1,0,0,0,0,0,0
"19205",191,"Ec_N",321,5,5,"Ec",1,0,0,0,0,0,0
"19206",191,"Ec_N",321,6,6,"Ec",1,0,0,0,0,0,0
"19207",191,"Ec_N",321,7,7,"Ec",1,0,0,0,0,0,0
"19208",191,"Ec_N",321,8,8,"Ec",9,0,0,0,1,0,0.0305419930719563
"19209",191,"Ec_N",321,9,9,"Ec",9,0,0,0,1,0,0.0305419930719563
"19210",191,"Ec_N",321,10,10,"Ec",9,0,0,0,1,0,0.0305419930719563
"19211",191,"Ec_N",321,11,11,"Ec",9,0,0,0,1,0,0.0305419930719563
"19212",191,"Ec_N",321,12,12,"Ec",9,0,0,0,1,0,0.0305419930719563
"19213",191,"Ec_N",321,13,13,"Ec",9,0,0,0,1,0,0.0305419930719563
"19214",191,"Ec_N",321,14,14,"Ec",9,0,0,0,1,0,0.0305419930719563
"19215",191,"Ec_N",321,15,15,"Ec",9,0,0,0,1,0,0.0305419930719563
"19216",191,"Ec_N",321,16,16,"Ec",9,0,0,0,1,0,0.0305419930719563
"19217",191,"Ec_N",321,17,17,"Ec",9,0,0,0,1,0,0.0305419930719563
"19218",191,"Ec_N",321,18,18,"Ec",9,0,0,0,1,0,0.0305419930719563
"19219",191,"Ec_N",321,19,19,"Ec",9,0,0,0,1,0,0.0305419930719563
"19220",191,"Ec_N",321,20,20,"Ec",9,0,0,0,1,0,0.0305419930719563
"19221",191,"Ec_N",321,21,21,"Ec",13,0,0,1,1,0,0.374679213953716
"19222",191,"Ec_N",321,22,22,"Ec",13,0,0,1,1,0,0.374679213953716
"19223",191,"Ec_N",321,23,23,"Ec",13,0,0,1,1,0,0.374679213953716
"19224",191,"Ec_N",321,24,24,"Ec",13,0,0,1,1,0,0.374679213953716
"19225",191,"Ec_N",321,25,25,"Ec",13,0,0,1,1,0,0.374679213953716
"19226",191,"Ec_N",321,26,26,"Ec",29,0,0,1,1,1,0.760668149402769
"19227",191,"Ec_N",321,27,27,"Ec",29,0,0,1,1,1,0.760668149402769
"19228",191,"Ec_N",321,28,28,"Ec",29,0,0,1,1,1,0.760668149402769
"19229",191,"Ec_N",321,29,29,"Ec",29,0,0,1,1,1,0.760668149402769
"19230",191,"Ec_N",321,30,30,"Ec",29,0,0,1,1,1,0.760668149402769
"19231",191,"Ec_N",321,31,31,"Ec",29,0,0,1,1,1,0.760668149402769
"19232",191,"Ec_N",321,32,32,"Ec",29,0,0,1,1,1,0.760668149402769
"19233",191,"Ec_N",321,33,33,"Ec",31,0,1,1,1,1,0.801979629454064
"19234",191,"Ec_N",321,34,34,"Ec",31,0,1,1,1,1,0.801979629454064
"19235",191,"Ec_N",321,35,35,"Ec",31,0,1,1,1,1,0.801979629454064
"19236",191,"Ec_N",321,36,36,"Ec",31,0,1,1,1,1,0.801979629454064
"19237",191,"Ec_N",321,37,37,"Ec",31,0,1,1,1,1,0.801979629454064
"19238",191,"Ec_N",321,38,38,"Ec",31,0,1,1,1,1,0.801979629454064
"19239",191,"Ec_N",321,39,39,"Ec",31,0,1,1,1,1,0.801979629454064
"19240",191,"Ec_N",321,40,40,"Ec",31,0,1,1,1,1,0.801979629454064
"19241",191,"Ec_N",321,41,41,"Ec",31,0,1,1,1,1,0.801979629454064
"19242",191,"Ec_N",321,42,42,"Ec",31,0,1,1,1,1,0.801979629454064
"19243",191,"Ec_N",321,43,43,"Ec",31,0,1,1,1,1,0.801979629454064
"19244",191,"Ec_N",321,44,44,"Ec",31,0,1,1,1,1,0.801979629454064
"19245",191,"Ec_N",321,45,45,"Ec",31,0,1,1,1,1,0.801979629454064
"19246",191,"Ec_N",321,46,46,"Ec",31,0,1,1,1,1,0.801979629454064
"19247",191,"Ec_N",321,47,47,"Ec",31,0,1,1,1,1,0.801979629454064
"19248",191,"Ec_N",321,48,48,"Ec",31,0,1,1,1,1,0.801979629454064
"19249",191,"Ec_N",321,49,49,"Ec",31,0,1,1,1,1,0.801979629454064
"19250",191,"Ec_N",321,50,50,"Ec",31,0,1,1,1,1,0.801979629454064
"19251",191,"Ec_N",321,51,51,"Ec",31,0,1,1,1,1,0.801979629454064
"19252",191,"Ec_N",321,52,52,"Ec",31,0,1,1,1,1,0.801979629454064
"19253",191,"Ec_N",321,53,53,"Ec",31,0,1,1,1,1,0.801979629454064
"19254",191,"Ec_N",321,54,54,"Ec",31,0,1,1,1,1,0.801979629454064
"19255",191,"Ec_N",321,55,55,"Ec",32,1,1,1,1,1,1
"19256",191,"Ec_N",321,56,56,"Ec",32,1,1,1,1,1,1
"19257",191,"Ec_N",321,57,57,"Ec",32,1,1,1,1,1,1
"19258",191,"Ec_N",321,58,58,"Ec",32,1,1,1,1,1,1
"19259",191,"Ec_N",321,59,59,"Ec",32,1,1,1,1,1,1
"19260",191,"Ec_N",321,60,60,"Ec",32,1,1,1,1,1,1
"19261",191,"Ec_N",322,1,1,"Ec",1,0,0,0,0,0,0
"19262",191,"Ec_N",322,2,2,"Ec",2,1,0,0,0,0,0.198020370545937
"19263",191,"Ec_N",322,3,3,"Ec",2,1,0,0,0,0,0.198020370545937
"19264",191,"Ec_N",322,4,4,"Ec",18,1,0,0,0,1,0.646504780524047
"19265",191,"Ec_N",322,5,5,"Ec",18,1,0,0,0,1,0.646504780524047
"19266",191,"Ec_N",322,6,6,"Ec",18,1,0,0,0,1,0.646504780524047
"19267",191,"Ec_N",322,7,7,"Ec",18,1,0,0,0,1,0.646504780524047
"19268",191,"Ec_N",322,8,8,"Ec",18,1,0,0,0,1,0.646504780524047
"19269",191,"Ec_N",322,9,9,"Ec",18,1,0,0,0,1,0.646504780524047
"19270",191,"Ec_N",322,10,10,"Ec",22,1,0,1,0,1,0.92522428176681
"19271",191,"Ec_N",322,11,11,"Ec",22,1,0,1,0,1,0.92522428176681
"19272",191,"Ec_N",322,12,12,"Ec",22,1,0,1,0,1,0.92522428176681
"19273",191,"Ec_N",322,13,13,"Ec",22,1,0,1,0,1,0.92522428176681
"19274",191,"Ec_N",322,14,14,"Ec",22,1,0,1,0,1,0.92522428176681
"19275",191,"Ec_N",322,15,15,"Ec",22,1,0,1,0,1,0.92522428176681
"19276",191,"Ec_N",322,16,16,"Ec",22,1,0,1,0,1,0.92522428176681
"19277",191,"Ec_N",322,17,17,"Ec",22,1,0,1,0,1,0.92522428176681
"19278",191,"Ec_N",322,18,18,"Ec",22,1,0,1,0,1,0.92522428176681
"19279",191,"Ec_N",322,19,19,"Ec",22,1,0,1,0,1,0.92522428176681
"19280",191,"Ec_N",322,20,20,"Ec",22,1,0,1,0,1,0.92522428176681
"19281",191,"Ec_N",322,21,21,"Ec",22,1,0,1,0,1,0.92522428176681
"19282",191,"Ec_N",322,22,22,"Ec",22,1,0,1,0,1,0.92522428176681
"19283",191,"Ec_N",322,23,23,"Ec",22,1,0,1,0,1,0.92522428176681
"19284",191,"Ec_N",322,24,24,"Ec",22,1,0,1,0,1,0.92522428176681
"19285",191,"Ec_N",322,25,25,"Ec",22,1,0,1,0,1,0.92522428176681
"19286",191,"Ec_N",322,26,26,"Ec",22,1,0,1,0,1,0.92522428176681
"19287",191,"Ec_N",322,27,27,"Ec",22,1,0,1,0,1,0.92522428176681
"19288",191,"Ec_N",322,28,28,"Ec",22,1,0,1,0,1,0.92522428176681
"19289",191,"Ec_N",322,29,29,"Ec",24,1,1,1,0,1,0.969458006928044
"19290",191,"Ec_N",322,30,30,"Ec",24,1,1,1,0,1,0.969458006928044
"19291",191,"Ec_N",322,31,31,"Ec",24,1,1,1,0,1,0.969458006928044
"19292",191,"Ec_N",322,32,32,"Ec",24,1,1,1,0,1,0.969458006928044
"19293",191,"Ec_N",322,33,33,"Ec",24,1,1,1,0,1,0.969458006928044
"19294",191,"Ec_N",322,34,34,"Ec",24,1,1,1,0,1,0.969458006928044
"19295",191,"Ec_N",322,35,35,"Ec",24,1,1,1,0,1,0.969458006928044
"19296",191,"Ec_N",322,36,36,"Ec",24,1,1,1,0,1,0.969458006928044
"19297",191,"Ec_N",322,37,37,"Ec",24,1,1,1,0,1,0.969458006928044
"19298",191,"Ec_N",322,38,38,"Ec",24,1,1,1,0,1,0.969458006928044
"19299",191,"Ec_N",322,39,39,"Ec",24,1,1,1,0,1,0.969458006928044
"19300",191,"Ec_N",322,40,40,"Ec",24,1,1,1,0,1,0.969458006928044
"19301",191,"Ec_N",322,41,41,"Ec",24,1,1,1,0,1,0.969458006928044
"19302",191,"Ec_N",322,42,42,"Ec",24,1,1,1,0,1,0.969458006928044
"19303",191,"Ec_N",322,43,43,"Ec",24,1,1,1,0,1,0.969458006928044
"19304",191,"Ec_N",322,44,44,"Ec",32,1,1,1,1,1,1
"19305",191,"Ec_N",322,45,45,"Ec",32,1,1,1,1,1,1
"19306",191,"Ec_N",322,46,46,"Ec",32,1,1,1,1,1,1
"19307",191,"Ec_N",322,47,47,"Ec",32,1,1,1,1,1,1
"19308",191,"Ec_N",322,48,48,"Ec",32,1,1,1,1,1,1
"19309",191,"Ec_N",322,49,49,"Ec",32,1,1,1,1,1,1
"19310",191,"Ec_N",322,50,50,"Ec",32,1,1,1,1,1,1
"19311",191,"Ec_N",322,51,51,"Ec",32,1,1,1,1,1,1
"19312",191,"Ec_N",322,52,52,"Ec",32,1,1,1,1,1,1
"19313",191,"Ec_N",322,53,53,"Ec",32,1,1,1,1,1,1
"19314",191,"Ec_N",322,54,54,"Ec",32,1,1,1,1,1,1
"19315",191,"Ec_N",322,55,55,"Ec",32,1,1,1,1,1,1
"19316",191,"Ec_N",322,56,56,"Ec",32,1,1,1,1,1,1
"19317",191,"Ec_N",322,57,57,"Ec",32,1,1,1,1,1,1
"19318",191,"Ec_N",322,58,58,"Ec",32,1,1,1,1,1,1
"19319",191,"Ec_N",322,59,59,"Ec",32,1,1,1,1,1,1
"19320",191,"Ec_N",322,60,60,"Ec",32,1,1,1,1,1,1
"19321",191,"Ec_N",323,1,1,"Ec",1,0,0,0,0,0,0
"19322",191,"Ec_N",323,2,2,"Ec",1,0,0,0,0,0,0
"19323",191,"Ec_N",323,3,3,"Ec",1,0,0,0,0,0,0
"19324",191,"Ec_N",323,4,4,"Ec",1,0,0,0,0,0,0
"19325",191,"Ec_N",323,5,5,"Ec",17,0,0,0,0,1,0.229834113103391
"19326",191,"Ec_N",323,6,6,"Ec",17,0,0,0,0,1,0.229834113103391
"19327",191,"Ec_N",323,7,7,"Ec",17,0,0,0,0,1,0.229834113103391
"19328",191,"Ec_N",323,8,8,"Ec",17,0,0,0,0,1,0.229834113103391
"19329",191,"Ec_N",323,9,9,"Ec",21,0,0,1,0,1,0.726280938342543
"19330",191,"Ec_N",323,10,10,"Ec",21,0,0,1,0,1,0.726280938342543
"19331",191,"Ec_N",323,11,11,"Ec",22,1,0,1,0,1,0.92522428176681
"19332",191,"Ec_N",323,12,12,"Ec",22,1,0,1,0,1,0.92522428176681
"19333",191,"Ec_N",323,13,13,"Ec",22,1,0,1,0,1,0.92522428176681
"19334",191,"Ec_N",323,14,14,"Ec",22,1,0,1,0,1,0.92522428176681
"19335",191,"Ec_N",323,15,15,"Ec",22,1,0,1,0,1,0.92522428176681
"19336",191,"Ec_N",323,16,16,"Ec",22,1,0,1,0,1,0.92522428176681
"19337",191,"Ec_N",323,17,17,"Ec",22,1,0,1,0,1,0.92522428176681
"19338",191,"Ec_N",323,18,18,"Ec",22,1,0,1,0,1,0.92522428176681
"19339",191,"Ec_N",323,19,19,"Ec",22,1,0,1,0,1,0.92522428176681
"19340",191,"Ec_N",323,20,20,"Ec",22,1,0,1,0,1,0.92522428176681
"19341",191,"Ec_N",323,21,21,"Ec",22,1,0,1,0,1,0.92522428176681
"19342",191,"Ec_N",323,22,22,"Ec",22,1,0,1,0,1,0.92522428176681
"19343",191,"Ec_N",323,23,23,"Ec",22,1,0,1,0,1,0.92522428176681
"19344",191,"Ec_N",323,24,24,"Ec",22,1,0,1,0,1,0.92522428176681
"19345",191,"Ec_N",323,25,25,"Ec",22,1,0,1,0,1,0.92522428176681
"19346",191,"Ec_N",323,26,26,"Ec",22,1,0,1,0,1,0.92522428176681
"19347",191,"Ec_N",323,27,27,"Ec",22,1,0,1,0,1,0.92522428176681
"19348",191,"Ec_N",323,28,28,"Ec",22,1,0,1,0,1,0.92522428176681
"19349",191,"Ec_N",323,29,29,"Ec",22,1,0,1,0,1,0.92522428176681
"19350",191,"Ec_N",323,30,30,"Ec",22,1,0,1,0,1,0.92522428176681
"19351",191,"Ec_N",323,31,31,"Ec",22,1,0,1,0,1,0.92522428176681
"19352",191,"Ec_N",323,32,32,"Ec",22,1,0,1,0,1,0.92522428176681
"19353",191,"Ec_N",323,33,33,"Ec",22,1,0,1,0,1,0.92522428176681
"19354",191,"Ec_N",323,34,34,"Ec",22,1,0,1,0,1,0.92522428176681
"19355",191,"Ec_N",323,35,35,"Ec",22,1,0,1,0,1,0.92522428176681
"19356",191,"Ec_N",323,36,36,"Ec",22,1,0,1,0,1,0.92522428176681
"19357",191,"Ec_N",323,37,37,"Ec",22,1,0,1,0,1,0.92522428176681
"19358",191,"Ec_N",323,38,38,"Ec",22,1,0,1,0,1,0.92522428176681
"19359",191,"Ec_N",323,39,39,"Ec",22,1,0,1,0,1,0.92522428176681
"19360",191,"Ec_N",323,40,40,"Ec",22,1,0,1,0,1,0.92522428176681
"19361",191,"Ec_N",323,41,41,"Ec",30,1,0,1,1,1,0.958688519948705
"19362",191,"Ec_N",323,42,42,"Ec",30,1,0,1,1,1,0.958688519948705
"19363",191,"Ec_N",323,43,43,"Ec",30,1,0,1,1,1,0.958688519948705
"19364",191,"Ec_N",323,44,44,"Ec",30,1,0,1,1,1,0.958688519948705
"19365",191,"Ec_N",323,45,45,"Ec",30,1,0,1,1,1,0.958688519948705
"19366",191,"Ec_N",323,46,46,"Ec",30,1,0,1,1,1,0.958688519948705
"19367",191,"Ec_N",323,47,47,"Ec",30,1,0,1,1,1,0.958688519948705
"19368",191,"Ec_N",323,48,48,"Ec",30,1,0,1,1,1,0.958688519948705
"19369",191,"Ec_N",323,49,49,"Ec",30,1,0,1,1,1,0.958688519948705
"19370",191,"Ec_N",323,50,50,"Ec",30,1,0,1,1,1,0.958688519948705
"19371",191,"Ec_N",323,51,51,"Ec",30,1,0,1,1,1,0.958688519948705
"19372",191,"Ec_N",323,52,52,"Ec",30,1,0,1,1,1,0.958688519948705
"19373",191,"Ec_N",323,53,53,"Ec",30,1,0,1,1,1,0.958688519948705
"19374",191,"Ec_N",323,54,54,"Ec",32,1,1,1,1,1,1
"19375",191,"Ec_N",323,55,55,"Ec",32,1,1,1,1,1,1
"19376",191,"Ec_N",323,56,56,"Ec",32,1,1,1,1,1,1
"19377",191,"Ec_N",323,57,57,"Ec",32,1,1,1,1,1,1
"19378",191,"Ec_N",323,58,58,"Ec",32,1,1,1,1,1,1
"19379",191,"Ec_N",323,59,59,"Ec",32,1,1,1,1,1,1
"19380",191,"Ec_N",323,60,60,"Ec",32,1,1,1,1,1,1
"19381",191,"Ec_N",324,1,1,"Ec",1,0,0,0,0,0,0
"19382",191,"Ec_N",324,2,2,"Ec",3,0,1,0,0,0,0.041311480051295
"19383",191,"Ec_N",324,3,3,"Ec",7,0,1,1,0,0,0.589282297794007
"19384",191,"Ec_N",324,4,4,"Ec",7,0,1,1,0,0,0.589282297794007
"19385",191,"Ec_N",324,5,5,"Ec",7,0,1,1,0,0,0.589282297794007
"19386",191,"Ec_N",324,6,6,"Ec",7,0,1,1,0,0,0.589282297794007
"19387",191,"Ec_N",324,7,7,"Ec",7,0,1,1,0,0,0.589282297794007
"19388",191,"Ec_N",324,8,8,"Ec",7,0,1,1,0,0,0.589282297794007
"19389",191,"Ec_N",324,9,9,"Ec",7,0,1,1,0,0,0.589282297794007
"19390",191,"Ec_N",324,10,10,"Ec",7,0,1,1,0,0,0.589282297794007
"19391",191,"Ec_N",324,11,11,"Ec",7,0,1,1,0,0,0.589282297794007
"19392",191,"Ec_N",324,12,12,"Ec",7,0,1,1,0,0,0.589282297794007
"19393",191,"Ec_N",324,13,13,"Ec",7,0,1,1,0,0,0.589282297794007
"19394",191,"Ec_N",324,14,14,"Ec",7,0,1,1,0,0,0.589282297794007
"19395",191,"Ec_N",324,15,15,"Ec",7,0,1,1,0,0,0.589282297794007
"19396",191,"Ec_N",324,16,16,"Ec",7,0,1,1,0,0,0.589282297794007
"19397",191,"Ec_N",324,17,17,"Ec",7,0,1,1,0,0,0.589282297794007
"19398",191,"Ec_N",324,18,18,"Ec",7,0,1,1,0,0,0.589282297794007
"19399",191,"Ec_N",324,19,19,"Ec",7,0,1,1,0,0,0.589282297794007
"19400",191,"Ec_N",324,20,20,"Ec",7,0,1,1,0,0,0.589282297794007
"19401",191,"Ec_N",324,21,21,"Ec",7,0,1,1,0,0,0.589282297794007
"19402",191,"Ec_N",324,22,22,"Ec",7,0,1,1,0,0,0.589282297794007
"19403",191,"Ec_N",324,23,23,"Ec",7,0,1,1,0,0,0.589282297794007
"19404",191,"Ec_N",324,24,24,"Ec",7,0,1,1,0,0,0.589282297794007
"19405",191,"Ec_N",324,25,25,"Ec",7,0,1,1,0,0,0.589282297794007
"19406",191,"Ec_N",324,26,26,"Ec",7,0,1,1,0,0,0.589282297794007
"19407",191,"Ec_N",324,27,27,"Ec",7,0,1,1,0,0,0.589282297794007
"19408",191,"Ec_N",324,28,28,"Ec",7,0,1,1,0,0,0.589282297794007
"19409",191,"Ec_N",324,29,29,"Ec",23,0,1,1,0,1,0.616809062130864
"19410",191,"Ec_N",324,30,30,"Ec",23,0,1,1,0,1,0.616809062130864
"19411",191,"Ec_N",324,31,31,"Ec",31,0,1,1,1,1,0.801979629454064
"19412",191,"Ec_N",324,32,32,"Ec",31,0,1,1,1,1,0.801979629454064
"19413",191,"Ec_N",324,33,33,"Ec",31,0,1,1,1,1,0.801979629454064
"19414",191,"Ec_N",324,34,34,"Ec",31,0,1,1,1,1,0.801979629454064
"19415",191,"Ec_N",324,35,35,"Ec",32,1,1,1,1,1,1
"19416",191,"Ec_N",324,36,36,"Ec",32,1,1,1,1,1,1
"19417",191,"Ec_N",324,37,37,"Ec",32,1,1,1,1,1,1
"19418",191,"Ec_N",324,38,38,"Ec",32,1,1,1,1,1,1
"19419",191,"Ec_N",324,39,39,"Ec",32,1,1,1,1,1,1
"19420",191,"Ec_N",324,40,40,"Ec",32,1,1,1,1,1,1
"19421",191,"Ec_N",324,41,41,"Ec",32,1,1,1,1,1,1
"19422",191,"Ec_N",324,42,42,"Ec",32,1,1,1,1,1,1
"19423",191,"Ec_N",324,43,43,"Ec",32,1,1,1,1,1,1
"19424",191,"Ec_N",324,44,44,"Ec",32,1,1,1,1,1,1
"19425",191,"Ec_N",324,45,45,"Ec",32,1,1,1,1,1,1
"19426",191,"Ec_N",324,46,46,"Ec",32,1,1,1,1,1,1
"19427",191,"Ec_N",324,47,47,"Ec",32,1,1,1,1,1,1
"19428",191,"Ec_N",324,48,48,"Ec",32,1,1,1,1,1,1
"19429",191,"Ec_N",324,49,49,"Ec",32,1,1,1,1,1,1
"19430",191,"Ec_N",324,50,50,"Ec",32,1,1,1,1,1,1
"19431",191,"Ec_N",324,51,51,"Ec",32,1,1,1,1,1,1
"19432",191,"Ec_N",324,52,52,"Ec",32,1,1,1,1,1,1
"19433",191,"Ec_N",324,53,53,"Ec",32,1,1,1,1,1,1
"19434",191,"Ec_N",324,54,54,"Ec",32,1,1,1,1,1,1
"19435",191,"Ec_N",324,55,55,"Ec",32,1,1,1,1,1,1
"19436",191,"Ec_N",324,56,56,"Ec",32,1,1,1,1,1,1
"19437",191,"Ec_N",324,57,57,"Ec",32,1,1,1,1,1,1
"19438",191,"Ec_N",324,58,58,"Ec",32,1,1,1,1,1,1
"19439",191,"Ec_N",324,59,59,"Ec",32,1,1,1,1,1,1
"19440",191,"Ec_N",324,60,60,"Ec",32,1,1,1,1,1,1
"19441",191,"Ec_N",325,1,1,"Ec",1,0,0,0,0,0,0
"19442",191,"Ec_N",325,2,2,"Ec",1,0,0,0,0,0,0
"19443",191,"Ec_N",325,3,3,"Ec",1,0,0,0,0,0,0
"19444",191,"Ec_N",325,4,4,"Ec",5,0,0,1,0,0,0.49313446766664
"19445",191,"Ec_N",325,5,5,"Ec",5,0,0,1,0,0,0.49313446766664
"19446",191,"Ec_N",325,6,6,"Ec",6,1,0,1,0,0,0.542157591427696
"19447",191,"Ec_N",325,7,7,"Ec",6,1,0,1,0,0,0.542157591427696
"19448",191,"Ec_N",325,8,8,"Ec",6,1,0,1,0,0,0.542157591427696
"19449",191,"Ec_N",325,9,9,"Ec",6,1,0,1,0,0,0.542157591427696
"19450",191,"Ec_N",325,10,10,"Ec",14,1,0,1,1,0,0.746777083195453
"19451",191,"Ec_N",325,11,11,"Ec",14,1,0,1,1,0,0.746777083195453
"19452",191,"Ec_N",325,12,12,"Ec",14,1,0,1,1,0,0.746777083195453
"19453",191,"Ec_N",325,13,13,"Ec",14,1,0,1,1,0,0.746777083195453
"19454",191,"Ec_N",325,14,14,"Ec",14,1,0,1,1,0,0.746777083195453
"19455",191,"Ec_N",325,15,15,"Ec",14,1,0,1,1,0,0.746777083195453
"19456",191,"Ec_N",325,16,16,"Ec",14,1,0,1,1,0,0.746777083195453
"19457",191,"Ec_N",325,17,17,"Ec",14,1,0,1,1,0,0.746777083195453
"19458",191,"Ec_N",325,18,18,"Ec",14,1,0,1,1,0,0.746777083195453
"19459",191,"Ec_N",325,19,19,"Ec",14,1,0,1,1,0,0.746777083195453
"19460",191,"Ec_N",325,20,20,"Ec",14,1,0,1,1,0,0.746777083195453
"19461",191,"Ec_N",325,21,21,"Ec",14,1,0,1,1,0,0.746777083195453
"19462",191,"Ec_N",325,22,22,"Ec",14,1,0,1,1,0,0.746777083195453
"19463",191,"Ec_N",325,23,23,"Ec",14,1,0,1,1,0,0.746777083195453
"19464",191,"Ec_N",325,24,24,"Ec",14,1,0,1,1,0,0.746777083195453
"19465",191,"Ec_N",325,25,25,"Ec",14,1,0,1,1,0,0.746777083195453
"19466",191,"Ec_N",325,26,26,"Ec",14,1,0,1,1,0,0.746777083195453
"19467",191,"Ec_N",325,27,27,"Ec",14,1,0,1,1,0,0.746777083195453
"19468",191,"Ec_N",325,28,28,"Ec",14,1,0,1,1,0,0.746777083195453
"19469",191,"Ec_N",325,29,29,"Ec",14,1,0,1,1,0,0.746777083195453
"19470",191,"Ec_N",325,30,30,"Ec",14,1,0,1,1,0,0.746777083195453
"19471",191,"Ec_N",325,31,31,"Ec",14,1,0,1,1,0,0.746777083195453
"19472",191,"Ec_N",325,32,32,"Ec",14,1,0,1,1,0,0.746777083195453
"19473",191,"Ec_N",325,33,33,"Ec",14,1,0,1,1,0,0.746777083195453
"19474",191,"Ec_N",325,34,34,"Ec",14,1,0,1,1,0,0.746777083195453
"19475",191,"Ec_N",325,35,35,"Ec",14,1,0,1,1,0,0.746777083195453
"19476",191,"Ec_N",325,36,36,"Ec",14,1,0,1,1,0,0.746777083195453
"19477",191,"Ec_N",325,37,37,"Ec",14,1,0,1,1,0,0.746777083195453
"19478",191,"Ec_N",325,38,38,"Ec",14,1,0,1,1,0,0.746777083195453
"19479",191,"Ec_N",325,39,39,"Ec",30,1,0,1,1,1,0.958688519948705
"19480",191,"Ec_N",325,40,40,"Ec",30,1,0,1,1,1,0.958688519948705
"19481",191,"Ec_N",325,41,41,"Ec",30,1,0,1,1,1,0.958688519948705
"19482",191,"Ec_N",325,42,42,"Ec",30,1,0,1,1,1,0.958688519948705
"19483",191,"Ec_N",325,43,43,"Ec",30,1,0,1,1,1,0.958688519948705
"19484",191,"Ec_N",325,44,44,"Ec",30,1,0,1,1,1,0.958688519948705
"19485",191,"Ec_N",325,45,45,"Ec",30,1,0,1,1,1,0.958688519948705
"19486",191,"Ec_N",325,46,46,"Ec",30,1,0,1,1,1,0.958688519948705
"19487",191,"Ec_N",325,47,47,"Ec",32,1,1,1,1,1,1
"19488",191,"Ec_N",325,48,48,"Ec",32,1,1,1,1,1,1
"19489",191,"Ec_N",325,49,49,"Ec",32,1,1,1,1,1,1
"19490",191,"Ec_N",325,50,50,"Ec",32,1,1,1,1,1,1
"19491",191,"Ec_N",325,51,51,"Ec",32,1,1,1,1,1,1
"19492",191,"Ec_N",325,52,52,"Ec",32,1,1,1,1,1,1
"19493",191,"Ec_N",325,53,53,"Ec",32,1,1,1,1,1,1
"19494",191,"Ec_N",325,54,54,"Ec",32,1,1,1,1,1,1
"19495",191,"Ec_N",325,55,55,"Ec",32,1,1,1,1,1,1
"19496",191,"Ec_N",325,56,56,"Ec",32,1,1,1,1,1,1
"19497",191,"Ec_N",325,57,57,"Ec",32,1,1,1,1,1,1
"19498",191,"Ec_N",325,58,58,"Ec",32,1,1,1,1,1,1
"19499",191,"Ec_N",325,59,59,"Ec",32,1,1,1,1,1,1
"19500",191,"Ec_N",325,60,60,"Ec",32,1,1,1,1,1,1
"19501",191,"Ec_N",326,1,1,"Ec",1,0,0,0,0,0,0
"19502",191,"Ec_N",326,2,2,"Ec",1,0,0,0,0,0,0
"19503",191,"Ec_N",326,3,3,"Ec",1,0,0,0,0,0,0
"19504",191,"Ec_N",326,4,4,"Ec",1,0,0,0,0,0,0
"19505",191,"Ec_N",326,5,5,"Ec",1,0,0,0,0,0,0
"19506",191,"Ec_N",326,6,6,"Ec",1,0,0,0,0,0,0
"19507",191,"Ec_N",326,7,7,"Ec",1,0,0,0,0,0,0
"19508",191,"Ec_N",326,8,8,"Ec",5,0,0,1,0,0,0.49313446766664
"19509",191,"Ec_N",326,9,9,"Ec",5,0,0,1,0,0,0.49313446766664
"19510",191,"Ec_N",326,10,10,"Ec",7,0,1,1,0,0,0.589282297794007
"19511",191,"Ec_N",326,11,11,"Ec",7,0,1,1,0,0,0.589282297794007
"19512",191,"Ec_N",326,12,12,"Ec",7,0,1,1,0,0,0.589282297794007
"19513",191,"Ec_N",326,13,13,"Ec",7,0,1,1,0,0,0.589282297794007
"19514",191,"Ec_N",326,14,14,"Ec",7,0,1,1,0,0,0.589282297794007
"19515",191,"Ec_N",326,15,15,"Ec",7,0,1,1,0,0,0.589282297794007
"19516",191,"Ec_N",326,16,16,"Ec",7,0,1,1,0,0,0.589282297794007
"19517",191,"Ec_N",326,17,17,"Ec",7,0,1,1,0,0,0.589282297794007
"19518",191,"Ec_N",326,18,18,"Ec",7,0,1,1,0,0,0.589282297794007
"19519",191,"Ec_N",326,19,19,"Ec",7,0,1,1,0,0,0.589282297794007
"19520",191,"Ec_N",326,20,20,"Ec",7,0,1,1,0,0,0.589282297794007
"19521",191,"Ec_N",326,21,21,"Ec",7,0,1,1,0,0,0.589282297794007
"19522",191,"Ec_N",326,22,22,"Ec",7,0,1,1,0,0,0.589282297794007
"19523",191,"Ec_N",326,23,23,"Ec",7,0,1,1,0,0,0.589282297794007
"19524",191,"Ec_N",326,24,24,"Ec",7,0,1,1,0,0,0.589282297794007
"19525",191,"Ec_N",326,25,25,"Ec",7,0,1,1,0,0,0.589282297794007
"19526",191,"Ec_N",326,26,26,"Ec",7,0,1,1,0,0,0.589282297794007
"19527",191,"Ec_N",326,27,27,"Ec",7,0,1,1,0,0,0.589282297794007
"19528",191,"Ec_N",326,28,28,"Ec",7,0,1,1,0,0,0.589282297794007
"19529",191,"Ec_N",326,29,29,"Ec",7,0,1,1,0,0,0.589282297794007
"19530",191,"Ec_N",326,30,30,"Ec",7,0,1,1,0,0,0.589282297794007
"19531",191,"Ec_N",326,31,31,"Ec",7,0,1,1,0,0,0.589282297794007
"19532",191,"Ec_N",326,32,32,"Ec",7,0,1,1,0,0,0.589282297794007
"19533",191,"Ec_N",326,33,33,"Ec",7,0,1,1,0,0,0.589282297794007
"19534",191,"Ec_N",326,34,34,"Ec",7,0,1,1,0,0,0.589282297794007
"19535",191,"Ec_N",326,35,35,"Ec",7,0,1,1,0,0,0.589282297794007
"19536",191,"Ec_N",326,36,36,"Ec",7,0,1,1,0,0,0.589282297794007
"19537",191,"Ec_N",326,37,37,"Ec",7,0,1,1,0,0,0.589282297794007
"19538",191,"Ec_N",326,38,38,"Ec",7,0,1,1,0,0,0.589282297794007
"19539",191,"Ec_N",326,39,39,"Ec",7,0,1,1,0,0,0.589282297794007
"19540",191,"Ec_N",326,40,40,"Ec",7,0,1,1,0,0,0.589282297794007
"19541",191,"Ec_N",326,41,41,"Ec",7,0,1,1,0,0,0.589282297794007
"19542",191,"Ec_N",326,42,42,"Ec",7,0,1,1,0,0,0.589282297794007
"19543",191,"Ec_N",326,43,43,"Ec",7,0,1,1,0,0,0.589282297794007
"19544",191,"Ec_N",326,44,44,"Ec",7,0,1,1,0,0,0.589282297794007
"19545",191,"Ec_N",326,45,45,"Ec",7,0,1,1,0,0,0.589282297794007
"19546",191,"Ec_N",326,46,46,"Ec",7,0,1,1,0,0,0.589282297794007
"19547",191,"Ec_N",326,47,47,"Ec",7,0,1,1,0,0,0.589282297794007
"19548",191,"Ec_N",326,48,48,"Ec",7,0,1,1,0,0,0.589282297794007
"19549",191,"Ec_N",326,49,49,"Ec",7,0,1,1,0,0,0.589282297794007
"19550",191,"Ec_N",326,50,50,"Ec",7,0,1,1,0,0,0.589282297794007
"19551",191,"Ec_N",326,51,51,"Ec",7,0,1,1,0,0,0.589282297794007
"19552",191,"Ec_N",326,52,52,"Ec",7,0,1,1,0,0,0.589282297794007
"19553",191,"Ec_N",326,53,53,"Ec",7,0,1,1,0,0,0.589282297794007
"19554",191,"Ec_N",326,54,54,"Ec",7,0,1,1,0,0,0.589282297794007
"19555",191,"Ec_N",326,55,55,"Ec",7,0,1,1,0,0,0.589282297794007
"19556",191,"Ec_N",326,56,56,"Ec",7,0,1,1,0,0,0.589282297794007
"19557",191,"Ec_N",326,57,57,"Ec",7,0,1,1,0,0,0.589282297794007
"19558",191,"Ec_N",326,58,58,"Ec",7,0,1,1,0,0,0.589282297794007
"19559",191,"Ec_N",326,59,59,"Ec",7,0,1,1,0,0,0.589282297794007
"19560",191,"Ec_N",326,60,60,"Ec",7,0,1,1,0,0,0.589282297794007
"19561",191,"Ec_N",327,1,1,"Ec",1,0,0,0,0,0,0
"19562",191,"Ec_N",327,2,2,"Ec",3,0,1,0,0,0,0.041311480051295
"19563",191,"Ec_N",327,3,3,"Ec",3,0,1,0,0,0,0.041311480051295
"19564",191,"Ec_N",327,4,4,"Ec",3,0,1,0,0,0,0.041311480051295
"19565",191,"Ec_N",327,5,5,"Ec",3,0,1,0,0,0,0.041311480051295
"19566",191,"Ec_N",327,6,6,"Ec",3,0,1,0,0,0,0.041311480051295
"19567",191,"Ec_N",327,7,7,"Ec",3,0,1,0,0,0,0.041311480051295
"19568",191,"Ec_N",327,8,8,"Ec",3,0,1,0,0,0,0.041311480051295
"19569",191,"Ec_N",327,9,9,"Ec",3,0,1,0,0,0,0.041311480051295
"19570",191,"Ec_N",327,10,10,"Ec",3,0,1,0,0,0,0.041311480051295
"19571",191,"Ec_N",327,11,11,"Ec",3,0,1,0,0,0,0.041311480051295
"19572",191,"Ec_N",327,12,12,"Ec",3,0,1,0,0,0,0.041311480051295
"19573",191,"Ec_N",327,13,13,"Ec",3,0,1,0,0,0,0.041311480051295
"19574",191,"Ec_N",327,14,14,"Ec",3,0,1,0,0,0,0.041311480051295
"19575",191,"Ec_N",327,15,15,"Ec",3,0,1,0,0,0,0.041311480051295
"19576",191,"Ec_N",327,16,16,"Ec",3,0,1,0,0,0,0.041311480051295
"19577",191,"Ec_N",327,17,17,"Ec",19,0,1,0,0,1,0.427300415500348
"19578",191,"Ec_N",327,18,18,"Ec",19,0,1,0,0,1,0.427300415500348
"19579",191,"Ec_N",327,19,19,"Ec",19,0,1,0,0,1,0.427300415500348
"19580",191,"Ec_N",327,20,20,"Ec",19,0,1,0,0,1,0.427300415500348
"19581",191,"Ec_N",327,21,21,"Ec",19,0,1,0,0,1,0.427300415500348
"19582",191,"Ec_N",327,22,22,"Ec",19,0,1,0,0,1,0.427300415500348
"19583",191,"Ec_N",327,23,23,"Ec",19,0,1,0,0,1,0.427300415500348
"19584",191,"Ec_N",327,24,24,"Ec",19,0,1,0,0,1,0.427300415500348
"19585",191,"Ec_N",327,25,25,"Ec",19,0,1,0,0,1,0.427300415500348
"19586",191,"Ec_N",327,26,26,"Ec",19,0,1,0,0,1,0.427300415500348
"19587",191,"Ec_N",327,27,27,"Ec",19,0,1,0,0,1,0.427300415500348
"19588",191,"Ec_N",327,28,28,"Ec",19,0,1,0,0,1,0.427300415500348
"19589",191,"Ec_N",327,29,29,"Ec",19,0,1,0,0,1,0.427300415500348
"19590",191,"Ec_N",327,30,30,"Ec",19,0,1,0,0,1,0.427300415500348
"19591",191,"Ec_N",327,31,31,"Ec",23,0,1,1,0,1,0.616809062130864
"19592",191,"Ec_N",327,32,32,"Ec",23,0,1,1,0,1,0.616809062130864
"19593",191,"Ec_N",327,33,33,"Ec",23,0,1,1,0,1,0.616809062130864
"19594",191,"Ec_N",327,34,34,"Ec",23,0,1,1,0,1,0.616809062130864
"19595",191,"Ec_N",327,35,35,"Ec",23,0,1,1,0,1,0.616809062130864
"19596",191,"Ec_N",327,36,36,"Ec",23,0,1,1,0,1,0.616809062130864
"19597",191,"Ec_N",327,37,37,"Ec",23,0,1,1,0,1,0.616809062130864
"19598",191,"Ec_N",327,38,38,"Ec",23,0,1,1,0,1,0.616809062130864
"19599",191,"Ec_N",327,39,39,"Ec",23,0,1,1,0,1,0.616809062130864
"19600",191,"Ec_N",327,40,40,"Ec",21,0,0,1,0,1,0.726280938342543
"19601",191,"Ec_N",327,41,41,"Ec",21,0,0,1,0,1,0.726280938342543
"19602",191,"Ec_N",327,42,42,"Ec",29,0,0,1,1,1,0.760668149402769
"19603",191,"Ec_N",327,43,43,"Ec",31,0,1,1,1,1,0.801979629454064
"19604",191,"Ec_N",327,44,44,"Ec",31,0,1,1,1,1,0.801979629454064
"19605",191,"Ec_N",327,45,45,"Ec",31,0,1,1,1,1,0.801979629454064
"19606",191,"Ec_N",327,46,46,"Ec",31,0,1,1,1,1,0.801979629454064
"19607",191,"Ec_N",327,47,47,"Ec",31,0,1,1,1,1,0.801979629454064
"19608",191,"Ec_N",327,48,48,"Ec",32,1,1,1,1,1,1
"19609",191,"Ec_N",327,49,49,"Ec",32,1,1,1,1,1,1
"19610",191,"Ec_N",327,50,50,"Ec",32,1,1,1,1,1,1
"19611",191,"Ec_N",327,51,51,"Ec",32,1,1,1,1,1,1
"19612",191,"Ec_N",327,52,52,"Ec",32,1,1,1,1,1,1
"19613",191,"Ec_N",327,53,53,"Ec",32,1,1,1,1,1,1
"19614",191,"Ec_N",327,54,54,"Ec",32,1,1,1,1,1,1
"19615",191,"Ec_N",327,55,55,"Ec",32,1,1,1,1,1,1
"19616",191,"Ec_N",327,56,56,"Ec",32,1,1,1,1,1,1
"19617",191,"Ec_N",327,57,57,"Ec",32,1,1,1,1,1,1
"19618",191,"Ec_N",327,58,58,"Ec",32,1,1,1,1,1,1
"19619",191,"Ec_N",327,59,59,"Ec",32,1,1,1,1,1,1
"19620",191,"Ec_N",327,60,60,"Ec",32,1,1,1,1,1,1
"19621",191,"Ec_N",328,1,1,"Ec",1,0,0,0,0,0,0
"19622",191,"Ec_N",328,2,2,"Ec",5,0,0,1,0,0,0.49313446766664
"19623",191,"Ec_N",328,3,3,"Ec",5,0,0,1,0,0,0.49313446766664
"19624",191,"Ec_N",328,4,4,"Ec",7,0,1,1,0,0,0.589282297794007
"19625",191,"Ec_N",328,5,5,"Ec",7,0,1,1,0,0,0.589282297794007
"19626",191,"Ec_N",328,6,6,"Ec",7,0,1,1,0,0,0.589282297794007
"19627",191,"Ec_N",328,7,7,"Ec",7,0,1,1,0,0,0.589282297794007
"19628",191,"Ec_N",328,8,8,"Ec",7,0,1,1,0,0,0.589282297794007
"19629",191,"Ec_N",328,9,9,"Ec",7,0,1,1,0,0,0.589282297794007
"19630",191,"Ec_N",328,10,10,"Ec",7,0,1,1,0,0,0.589282297794007
"19631",191,"Ec_N",328,11,11,"Ec",7,0,1,1,0,0,0.589282297794007
"19632",191,"Ec_N",328,12,12,"Ec",7,0,1,1,0,0,0.589282297794007
"19633",191,"Ec_N",328,13,13,"Ec",7,0,1,1,0,0,0.589282297794007
"19634",191,"Ec_N",328,14,14,"Ec",7,0,1,1,0,0,0.589282297794007
"19635",191,"Ec_N",328,15,15,"Ec",7,0,1,1,0,0,0.589282297794007
"19636",191,"Ec_N",328,16,16,"Ec",7,0,1,1,0,0,0.589282297794007
"19637",191,"Ec_N",328,17,17,"Ec",23,0,1,1,0,1,0.616809062130864
"19638",191,"Ec_N",328,18,18,"Ec",23,0,1,1,0,1,0.616809062130864
"19639",191,"Ec_N",328,19,19,"Ec",23,0,1,1,0,1,0.616809062130864
"19640",191,"Ec_N",328,20,20,"Ec",23,0,1,1,0,1,0.616809062130864
"19641",191,"Ec_N",328,21,21,"Ec",23,0,1,1,0,1,0.616809062130864
"19642",191,"Ec_N",328,22,22,"Ec",23,0,1,1,0,1,0.616809062130864
"19643",191,"Ec_N",328,23,23,"Ec",23,0,1,1,0,1,0.616809062130864
"19644",191,"Ec_N",328,24,24,"Ec",23,0,1,1,0,1,0.616809062130864
"19645",191,"Ec_N",328,25,25,"Ec",23,0,1,1,0,1,0.616809062130864
"19646",191,"Ec_N",328,26,26,"Ec",23,0,1,1,0,1,0.616809062130864
"19647",191,"Ec_N",328,27,27,"Ec",23,0,1,1,0,1,0.616809062130864
"19648",191,"Ec_N",328,28,28,"Ec",31,0,1,1,1,1,0.801979629454064
"19649",191,"Ec_N",328,29,29,"Ec",31,0,1,1,1,1,0.801979629454064
"19650",191,"Ec_N",328,30,30,"Ec",31,0,1,1,1,1,0.801979629454064
"19651",191,"Ec_N",328,31,31,"Ec",31,0,1,1,1,1,0.801979629454064
"19652",191,"Ec_N",328,32,32,"Ec",31,0,1,1,1,1,0.801979629454064
"19653",191,"Ec_N",328,33,33,"Ec",31,0,1,1,1,1,0.801979629454064
"19654",191,"Ec_N",328,34,34,"Ec",31,0,1,1,1,1,0.801979629454064
"19655",191,"Ec_N",328,35,35,"Ec",31,0,1,1,1,1,0.801979629454064
"19656",191,"Ec_N",328,36,36,"Ec",31,0,1,1,1,1,0.801979629454064
"19657",191,"Ec_N",328,37,37,"Ec",31,0,1,1,1,1,0.801979629454064
"19658",191,"Ec_N",328,38,38,"Ec",32,1,1,1,1,1,1
"19659",191,"Ec_N",328,39,39,"Ec",32,1,1,1,1,1,1
"19660",191,"Ec_N",328,40,40,"Ec",32,1,1,1,1,1,1
"19661",191,"Ec_N",328,41,41,"Ec",32,1,1,1,1,1,1
"19662",191,"Ec_N",328,42,42,"Ec",32,1,1,1,1,1,1
"19663",191,"Ec_N",328,43,43,"Ec",32,1,1,1,1,1,1
"19664",191,"Ec_N",328,44,44,"Ec",32,1,1,1,1,1,1
"19665",191,"Ec_N",328,45,45,"Ec",32,1,1,1,1,1,1
"19666",191,"Ec_N",328,46,46,"Ec",32,1,1,1,1,1,1
"19667",191,"Ec_N",328,47,47,"Ec",32,1,1,1,1,1,1
"19668",191,"Ec_N",328,48,48,"Ec",32,1,1,1,1,1,1
"19669",191,"Ec_N",328,49,49,"Ec",32,1,1,1,1,1,1
"19670",191,"Ec_N",328,50,50,"Ec",32,1,1,1,1,1,1
"19671",191,"Ec_N",328,51,51,"Ec",32,1,1,1,1,1,1
"19672",191,"Ec_N",328,52,52,"Ec",32,1,1,1,1,1,1
"19673",191,"Ec_N",328,53,53,"Ec",32,1,1,1,1,1,1
"19674",191,"Ec_N",328,54,54,"Ec",32,1,1,1,1,1,1
"19675",191,"Ec_N",328,55,55,"Ec",32,1,1,1,1,1,1
"19676",191,"Ec_N",328,56,56,"Ec",32,1,1,1,1,1,1
"19677",191,"Ec_N",328,57,57,"Ec",32,1,1,1,1,1,1
"19678",191,"Ec_N",328,58,58,"Ec",32,1,1,1,1,1,1
"19679",191,"Ec_N",328,59,59,"Ec",32,1,1,1,1,1,1
"19680",191,"Ec_N",328,60,60,"Ec",32,1,1,1,1,1,1
"19681",191,"Ec_N",329,1,1,"Ec",1,0,0,0,0,0,0
"19682",191,"Ec_N",329,2,2,"Ec",9,0,0,0,1,0,0.0305419930719563
"19683",191,"Ec_N",329,3,3,"Ec",9,0,0,0,1,0,0.0305419930719563
"19684",191,"Ec_N",329,4,4,"Ec",10,1,0,0,1,0,0.228562363617893
"19685",191,"Ec_N",329,5,5,"Ec",26,1,0,0,1,1,0.514384015075299
"19686",191,"Ec_N",329,6,6,"Ec",26,1,0,0,1,1,0.514384015075299
"19687",191,"Ec_N",329,7,7,"Ec",26,1,0,0,1,1,0.514384015075299
"19688",191,"Ec_N",329,8,8,"Ec",26,1,0,0,1,1,0.514384015075299
"19689",191,"Ec_N",329,9,9,"Ec",26,1,0,0,1,1,0.514384015075299
"19690",191,"Ec_N",329,10,10,"Ec",26,1,0,0,1,1,0.514384015075299
"19691",191,"Ec_N",329,11,11,"Ec",26,1,0,0,1,1,0.514384015075299
"19692",191,"Ec_N",329,12,12,"Ec",26,1,0,0,1,1,0.514384015075299
"19693",191,"Ec_N",329,13,13,"Ec",26,1,0,0,1,1,0.514384015075299
"19694",191,"Ec_N",329,14,14,"Ec",26,1,0,0,1,1,0.514384015075299
"19695",191,"Ec_N",329,15,15,"Ec",26,1,0,0,1,1,0.514384015075299
"19696",191,"Ec_N",329,16,16,"Ec",26,1,0,0,1,1,0.514384015075299
"19697",191,"Ec_N",329,17,17,"Ec",26,1,0,0,1,1,0.514384015075299
"19698",191,"Ec_N",329,18,18,"Ec",26,1,0,0,1,1,0.514384015075299
"19699",191,"Ec_N",329,19,19,"Ec",30,1,0,1,1,1,0.958688519948705
"19700",191,"Ec_N",329,20,20,"Ec",30,1,0,1,1,1,0.958688519948705
"19701",191,"Ec_N",329,21,21,"Ec",30,1,0,1,1,1,0.958688519948705
"19702",191,"Ec_N",329,22,22,"Ec",30,1,0,1,1,1,0.958688519948705
"19703",191,"Ec_N",329,23,23,"Ec",30,1,0,1,1,1,0.958688519948705
"19704",191,"Ec_N",329,24,24,"Ec",30,1,0,1,1,1,0.958688519948705
"19705",191,"Ec_N",329,25,25,"Ec",32,1,1,1,1,1,1
"19706",191,"Ec_N",329,26,26,"Ec",32,1,1,1,1,1,1
"19707",191,"Ec_N",329,27,27,"Ec",32,1,1,1,1,1,1
"19708",191,"Ec_N",329,28,28,"Ec",32,1,1,1,1,1,1
"19709",191,"Ec_N",329,29,29,"Ec",32,1,1,1,1,1,1
"19710",191,"Ec_N",329,30,30,"Ec",32,1,1,1,1,1,1
"19711",191,"Ec_N",329,31,31,"Ec",32,1,1,1,1,1,1
"19712",191,"Ec_N",329,32,32,"Ec",32,1,1,1,1,1,1
"19713",191,"Ec_N",329,33,33,"Ec",32,1,1,1,1,1,1
"19714",191,"Ec_N",329,34,34,"Ec",32,1,1,1,1,1,1
"19715",191,"Ec_N",329,35,35,"Ec",32,1,1,1,1,1,1
"19716",191,"Ec_N",329,36,36,"Ec",32,1,1,1,1,1,1
"19717",191,"Ec_N",329,37,37,"Ec",32,1,1,1,1,1,1
"19718",191,"Ec_N",329,38,38,"Ec",32,1,1,1,1,1,1
"19719",191,"Ec_N",329,39,39,"Ec",32,1,1,1,1,1,1
"19720",191,"Ec_N",329,40,40,"Ec",32,1,1,1,1,1,1
"19721",191,"Ec_N",329,41,41,"Ec",32,1,1,1,1,1,1
"19722",191,"Ec_N",329,42,42,"Ec",32,1,1,1,1,1,1
"19723",191,"Ec_N",329,43,43,"Ec",32,1,1,1,1,1,1
"19724",191,"Ec_N",329,44,44,"Ec",32,1,1,1,1,1,1
"19725",191,"Ec_N",329,45,45,"Ec",32,1,1,1,1,1,1
"19726",191,"Ec_N",329,46,46,"Ec",32,1,1,1,1,1,1
"19727",191,"Ec_N",329,47,47,"Ec",32,1,1,1,1,1,1
"19728",191,"Ec_N",329,48,48,"Ec",32,1,1,1,1,1,1
"19729",191,"Ec_N",329,49,49,"Ec",32,1,1,1,1,1,1
"19730",191,"Ec_N",329,50,50,"Ec",32,1,1,1,1,1,1
"19731",191,"Ec_N",329,51,51,"Ec",32,1,1,1,1,1,1
"19732",191,"Ec_N",329,52,52,"Ec",32,1,1,1,1,1,1
"19733",191,"Ec_N",329,53,53,"Ec",32,1,1,1,1,1,1
"19734",191,"Ec_N",329,54,54,"Ec",32,1,1,1,1,1,1
"19735",191,"Ec_N",329,55,55,"Ec",32,1,1,1,1,1,1
"19736",191,"Ec_N",329,56,56,"Ec",32,1,1,1,1,1,1
"19737",191,"Ec_N",329,57,57,"Ec",32,1,1,1,1,1,1
"19738",191,"Ec_N",329,58,58,"Ec",32,1,1,1,1,1,1
"19739",191,"Ec_N",329,59,59,"Ec",32,1,1,1,1,1,1
"19740",191,"Ec_N",329,60,60,"Ec",32,1,1,1,1,1,1
"19741",191,"Ec_N",330,1,1,"Ec",1,0,0,0,0,0,0
"19742",191,"Ec_N",330,2,2,"Ec",1,0,0,0,0,0,0
"19743",191,"Ec_N",330,3,3,"Ec",1,0,0,0,0,0,0
"19744",191,"Ec_N",330,4,4,"Ec",1,0,0,0,0,0,0
"19745",191,"Ec_N",330,5,5,"Ec",1,0,0,0,0,0,0
"19746",191,"Ec_N",330,6,6,"Ec",1,0,0,0,0,0,0
"19747",191,"Ec_N",330,7,7,"Ec",1,0,0,0,0,0,0
"19748",191,"Ec_N",330,8,8,"Ec",1,0,0,0,0,0,0
"19749",191,"Ec_N",330,9,9,"Ec",1,0,0,0,0,0,0
"19750",191,"Ec_N",330,10,10,"Ec",1,0,0,0,0,0,0
"19751",191,"Ec_N",330,11,11,"Ec",3,0,1,0,0,0,0.041311480051295
"19752",191,"Ec_N",330,12,12,"Ec",4,1,1,0,0,0,0.239331850597232
"19753",191,"Ec_N",330,13,13,"Ec",4,1,1,0,0,0,0.239331850597232
"19754",191,"Ec_N",330,14,14,"Ec",4,1,1,0,0,0,0.239331850597232
"19755",191,"Ec_N",330,15,15,"Ec",4,1,1,0,0,0,0.239331850597232
"19756",191,"Ec_N",330,16,16,"Ec",4,1,1,0,0,0,0.239331850597232
"19757",191,"Ec_N",330,17,17,"Ec",4,1,1,0,0,0,0.239331850597232
"19758",191,"Ec_N",330,18,18,"Ec",8,1,1,1,0,0,0.583469071478991
"19759",191,"Ec_N",330,19,19,"Ec",8,1,1,1,0,0,0.583469071478991
"19760",191,"Ec_N",330,20,20,"Ec",24,1,1,1,0,1,0.969458006928044
"19761",191,"Ec_N",330,21,21,"Ec",24,1,1,1,0,1,0.969458006928044
"19762",191,"Ec_N",330,22,22,"Ec",24,1,1,1,0,1,0.969458006928044
"19763",191,"Ec_N",330,23,23,"Ec",24,1,1,1,0,1,0.969458006928044
"19764",191,"Ec_N",330,24,24,"Ec",24,1,1,1,0,1,0.969458006928044
"19765",191,"Ec_N",330,25,25,"Ec",24,1,1,1,0,1,0.969458006928044
"19766",191,"Ec_N",330,26,26,"Ec",24,1,1,1,0,1,0.969458006928044
"19767",191,"Ec_N",330,27,27,"Ec",24,1,1,1,0,1,0.969458006928044
"19768",191,"Ec_N",330,28,28,"Ec",24,1,1,1,0,1,0.969458006928044
"19769",191,"Ec_N",330,29,29,"Ec",24,1,1,1,0,1,0.969458006928044
"19770",191,"Ec_N",330,30,30,"Ec",24,1,1,1,0,1,0.969458006928044
"19771",191,"Ec_N",330,31,31,"Ec",24,1,1,1,0,1,0.969458006928044
"19772",191,"Ec_N",330,32,32,"Ec",24,1,1,1,0,1,0.969458006928044
"19773",191,"Ec_N",330,33,33,"Ec",24,1,1,1,0,1,0.969458006928044
"19774",191,"Ec_N",330,34,34,"Ec",24,1,1,1,0,1,0.969458006928044
"19775",191,"Ec_N",330,35,35,"Ec",24,1,1,1,0,1,0.969458006928044
"19776",191,"Ec_N",330,36,36,"Ec",24,1,1,1,0,1,0.969458006928044
"19777",191,"Ec_N",330,37,37,"Ec",24,1,1,1,0,1,0.969458006928044
"19778",191,"Ec_N",330,38,38,"Ec",24,1,1,1,0,1,0.969458006928044
"19779",191,"Ec_N",330,39,39,"Ec",24,1,1,1,0,1,0.969458006928044
"19780",191,"Ec_N",330,40,40,"Ec",24,1,1,1,0,1,0.969458006928044
"19781",191,"Ec_N",330,41,41,"Ec",24,1,1,1,0,1,0.969458006928044
"19782",191,"Ec_N",330,42,42,"Ec",24,1,1,1,0,1,0.969458006928044
"19783",191,"Ec_N",330,43,43,"Ec",24,1,1,1,0,1,0.969458006928044
"19784",191,"Ec_N",330,44,44,"Ec",24,1,1,1,0,1,0.969458006928044
"19785",191,"Ec_N",330,45,45,"Ec",24,1,1,1,0,1,0.969458006928044
"19786",191,"Ec_N",330,46,46,"Ec",24,1,1,1,0,1,0.969458006928044
"19787",191,"Ec_N",330,47,47,"Ec",24,1,1,1,0,1,0.969458006928044
"19788",191,"Ec_N",330,48,48,"Ec",24,1,1,1,0,1,0.969458006928044
"19789",191,"Ec_N",330,49,49,"Ec",24,1,1,1,0,1,0.969458006928044
"19790",191,"Ec_N",330,50,50,"Ec",24,1,1,1,0,1,0.969458006928044
"19791",191,"Ec_N",330,51,51,"Ec",24,1,1,1,0,1,0.969458006928044
"19792",191,"Ec_N",330,52,52,"Ec",24,1,1,1,0,1,0.969458006928044
"19793",191,"Ec_N",330,53,53,"Ec",32,1,1,1,1,1,1
"19794",191,"Ec_N",330,54,54,"Ec",32,1,1,1,1,1,1
"19795",191,"Ec_N",330,55,55,"Ec",32,1,1,1,1,1,1
"19796",191,"Ec_N",330,56,56,"Ec",32,1,1,1,1,1,1
"19797",191,"Ec_N",330,57,57,"Ec",32,1,1,1,1,1,1
"19798",191,"Ec_N",330,58,58,"Ec",32,1,1,1,1,1,1
"19799",191,"Ec_N",330,59,59,"Ec",32,1,1,1,1,1,1
"19800",191,"Ec_N",330,60,60,"Ec",32,1,1,1,1,1,1
"19801",191,"Ec_N",331,1,1,"Ec",1,0,0,0,0,0,0
"19802",191,"Ec_N",331,2,2,"Ec",1,0,0,0,0,0,0
"19803",191,"Ec_N",331,3,3,"Ec",1,0,0,0,0,0,0
"19804",191,"Ec_N",331,4,4,"Ec",1,0,0,0,0,0,0
"19805",191,"Ec_N",331,5,5,"Ec",1,0,0,0,0,0,0
"19806",191,"Ec_N",331,6,6,"Ec",1,0,0,0,0,0,0
"19807",191,"Ec_N",331,7,7,"Ec",1,0,0,0,0,0,0
"19808",191,"Ec_N",331,8,8,"Ec",9,0,0,0,1,0,0.0305419930719563
"19809",191,"Ec_N",331,9,9,"Ec",9,0,0,0,1,0,0.0305419930719563
"19810",191,"Ec_N",331,10,10,"Ec",9,0,0,0,1,0,0.0305419930719563
"19811",191,"Ec_N",331,11,11,"Ec",9,0,0,0,1,0,0.0305419930719563
"19812",191,"Ec_N",331,12,12,"Ec",9,0,0,0,1,0,0.0305419930719563
"19813",191,"Ec_N",331,13,13,"Ec",9,0,0,0,1,0,0.0305419930719563
"19814",191,"Ec_N",331,14,14,"Ec",9,0,0,0,1,0,0.0305419930719563
"19815",191,"Ec_N",331,15,15,"Ec",9,0,0,0,1,0,0.0305419930719563
"19816",191,"Ec_N",331,16,16,"Ec",9,0,0,0,1,0,0.0305419930719563
"19817",191,"Ec_N",331,17,17,"Ec",9,0,0,0,1,0,0.0305419930719563
"19818",191,"Ec_N",331,18,18,"Ec",9,0,0,0,1,0,0.0305419930719563
"19819",191,"Ec_N",331,19,19,"Ec",9,0,0,0,1,0,0.0305419930719563
"19820",191,"Ec_N",331,20,20,"Ec",9,0,0,0,1,0,0.0305419930719563
"19821",191,"Ec_N",331,21,21,"Ec",11,0,1,0,1,0,0.0857419302602629
"19822",191,"Ec_N",331,22,22,"Ec",11,0,1,0,1,0,0.0857419302602629
"19823",191,"Ec_N",331,23,23,"Ec",27,0,1,0,1,1,0.357221419161902
"19824",191,"Ec_N",331,24,24,"Ec",27,0,1,0,1,1,0.357221419161902
"19825",191,"Ec_N",331,25,25,"Ec",27,0,1,0,1,1,0.357221419161902
"19826",191,"Ec_N",331,26,26,"Ec",27,0,1,0,1,1,0.357221419161902
"19827",191,"Ec_N",331,27,27,"Ec",27,0,1,0,1,1,0.357221419161902
"19828",191,"Ec_N",331,28,28,"Ec",27,0,1,0,1,1,0.357221419161902
"19829",191,"Ec_N",331,29,29,"Ec",27,0,1,0,1,1,0.357221419161902
"19830",191,"Ec_N",331,30,30,"Ec",27,0,1,0,1,1,0.357221419161902
"19831",191,"Ec_N",331,31,31,"Ec",27,0,1,0,1,1,0.357221419161902
"19832",191,"Ec_N",331,32,32,"Ec",27,0,1,0,1,1,0.357221419161902
"19833",191,"Ec_N",331,33,33,"Ec",27,0,1,0,1,1,0.357221419161902
"19834",191,"Ec_N",331,34,34,"Ec",27,0,1,0,1,1,0.357221419161902
"19835",191,"Ec_N",331,35,35,"Ec",27,0,1,0,1,1,0.357221419161902
"19836",191,"Ec_N",331,36,36,"Ec",27,0,1,0,1,1,0.357221419161902
"19837",191,"Ec_N",331,37,37,"Ec",27,0,1,0,1,1,0.357221419161902
"19838",191,"Ec_N",331,38,38,"Ec",27,0,1,0,1,1,0.357221419161902
"19839",191,"Ec_N",331,39,39,"Ec",27,0,1,0,1,1,0.357221419161902
"19840",191,"Ec_N",331,40,40,"Ec",27,0,1,0,1,1,0.357221419161902
"19841",191,"Ec_N",331,41,41,"Ec",27,0,1,0,1,1,0.357221419161902
"19842",191,"Ec_N",331,42,42,"Ec",27,0,1,0,1,1,0.357221419161902
"19843",191,"Ec_N",331,43,43,"Ec",27,0,1,0,1,1,0.357221419161902
"19844",191,"Ec_N",331,44,44,"Ec",27,0,1,0,1,1,0.357221419161902
"19845",191,"Ec_N",331,45,45,"Ec",27,0,1,0,1,1,0.357221419161902
"19846",191,"Ec_N",331,46,46,"Ec",27,0,1,0,1,1,0.357221419161902
"19847",191,"Ec_N",331,47,47,"Ec",27,0,1,0,1,1,0.357221419161902
"19848",191,"Ec_N",331,48,48,"Ec",31,0,1,1,1,1,0.801979629454064
"19849",191,"Ec_N",331,49,49,"Ec",31,0,1,1,1,1,0.801979629454064
"19850",191,"Ec_N",331,50,50,"Ec",31,0,1,1,1,1,0.801979629454064
"19851",191,"Ec_N",331,51,51,"Ec",31,0,1,1,1,1,0.801979629454064
"19852",191,"Ec_N",331,52,52,"Ec",31,0,1,1,1,1,0.801979629454064
"19853",191,"Ec_N",331,53,53,"Ec",31,0,1,1,1,1,0.801979629454064
"19854",191,"Ec_N",331,54,54,"Ec",31,0,1,1,1,1,0.801979629454064
"19855",191,"Ec_N",331,55,55,"Ec",31,0,1,1,1,1,0.801979629454064
"19856",191,"Ec_N",331,56,56,"Ec",31,0,1,1,1,1,0.801979629454064
"19857",191,"Ec_N",331,57,57,"Ec",32,1,1,1,1,1,1
"19858",191,"Ec_N",331,58,58,"Ec",32,1,1,1,1,1,1
"19859",191,"Ec_N",331,59,59,"Ec",32,1,1,1,1,1,1
"19860",191,"Ec_N",331,60,60,"Ec",32,1,1,1,1,1,1
"19861",191,"Ec_N",332,1,1,"Ec",1,0,0,0,0,0,0
"19862",191,"Ec_N",332,2,2,"Ec",1,0,0,0,0,0,0
"19863",191,"Ec_N",332,3,3,"Ec",9,0,0,0,1,0,0.0305419930719563
"19864",191,"Ec_N",332,4,4,"Ec",9,0,0,0,1,0,0.0305419930719563
"19865",191,"Ec_N",332,5,5,"Ec",9,0,0,0,1,0,0.0305419930719563
"19866",191,"Ec_N",332,6,6,"Ec",9,0,0,0,1,0,0.0305419930719563
"19867",191,"Ec_N",332,7,7,"Ec",9,0,0,0,1,0,0.0305419930719563
"19868",191,"Ec_N",332,8,8,"Ec",9,0,0,0,1,0,0.0305419930719563
"19869",191,"Ec_N",332,9,9,"Ec",13,0,0,1,1,0,0.374679213953716
"19870",191,"Ec_N",332,10,10,"Ec",13,0,0,1,1,0,0.374679213953716
"19871",191,"Ec_N",332,11,11,"Ec",13,0,0,1,1,0,0.374679213953716
"19872",191,"Ec_N",332,12,12,"Ec",13,0,0,1,1,0,0.374679213953716
"19873",191,"Ec_N",332,13,13,"Ec",13,0,0,1,1,0,0.374679213953716
"19874",191,"Ec_N",332,14,14,"Ec",13,0,0,1,1,0,0.374679213953716
"19875",191,"Ec_N",332,15,15,"Ec",13,0,0,1,1,0,0.374679213953716
"19876",191,"Ec_N",332,16,16,"Ec",15,0,1,1,1,0,0.437080043527332
"19877",191,"Ec_N",332,17,17,"Ec",16,1,1,1,1,0,0.456015583082203
"19878",191,"Ec_N",332,18,18,"Ec",14,1,0,1,1,0,0.746777083195453
"19879",191,"Ec_N",332,19,19,"Ec",14,1,0,1,1,0,0.746777083195453
"19880",191,"Ec_N",332,20,20,"Ec",14,1,0,1,1,0,0.746777083195453
"19881",191,"Ec_N",332,21,21,"Ec",14,1,0,1,1,0,0.746777083195453
"19882",191,"Ec_N",332,22,22,"Ec",14,1,0,1,1,0,0.746777083195453
"19883",191,"Ec_N",332,23,23,"Ec",14,1,0,1,1,0,0.746777083195453
"19884",191,"Ec_N",332,24,24,"Ec",14,1,0,1,1,0,0.746777083195453
"19885",191,"Ec_N",332,25,25,"Ec",14,1,0,1,1,0,0.746777083195453
"19886",191,"Ec_N",332,26,26,"Ec",14,1,0,1,1,0,0.746777083195453
"19887",191,"Ec_N",332,27,27,"Ec",14,1,0,1,1,0,0.746777083195453
"19888",191,"Ec_N",332,28,28,"Ec",14,1,0,1,1,0,0.746777083195453
"19889",191,"Ec_N",332,29,29,"Ec",14,1,0,1,1,0,0.746777083195453
"19890",191,"Ec_N",332,30,30,"Ec",14,1,0,1,1,0,0.746777083195453
"19891",191,"Ec_N",332,31,31,"Ec",14,1,0,1,1,0,0.746777083195453
"19892",191,"Ec_N",332,32,32,"Ec",14,1,0,1,1,0,0.746777083195453
"19893",191,"Ec_N",332,33,33,"Ec",14,1,0,1,1,0,0.746777083195453
"19894",191,"Ec_N",332,34,34,"Ec",14,1,0,1,1,0,0.746777083195453
"19895",191,"Ec_N",332,35,35,"Ec",14,1,0,1,1,0,0.746777083195453
"19896",191,"Ec_N",332,36,36,"Ec",14,1,0,1,1,0,0.746777083195453
"19897",191,"Ec_N",332,37,37,"Ec",14,1,0,1,1,0,0.746777083195453
"19898",191,"Ec_N",332,38,38,"Ec",14,1,0,1,1,0,0.746777083195453
"19899",191,"Ec_N",332,39,39,"Ec",14,1,0,1,1,0,0.746777083195453
"19900",191,"Ec_N",332,40,40,"Ec",14,1,0,1,1,0,0.746777083195453
"19901",191,"Ec_N",332,41,41,"Ec",14,1,0,1,1,0,0.746777083195453
"19902",191,"Ec_N",332,42,42,"Ec",14,1,0,1,1,0,0.746777083195453
"19903",191,"Ec_N",332,43,43,"Ec",14,1,0,1,1,0,0.746777083195453
"19904",191,"Ec_N",332,44,44,"Ec",14,1,0,1,1,0,0.746777083195453
"19905",191,"Ec_N",332,45,45,"Ec",14,1,0,1,1,0,0.746777083195453
"19906",191,"Ec_N",332,46,46,"Ec",14,1,0,1,1,0,0.746777083195453
"19907",191,"Ec_N",332,47,47,"Ec",14,1,0,1,1,0,0.746777083195453
"19908",191,"Ec_N",332,48,48,"Ec",14,1,0,1,1,0,0.746777083195453
"19909",191,"Ec_N",332,49,49,"Ec",14,1,0,1,1,0,0.746777083195453
"19910",191,"Ec_N",332,50,50,"Ec",14,1,0,1,1,0,0.746777083195453
"19911",191,"Ec_N",332,51,51,"Ec",14,1,0,1,1,0,0.746777083195453
"19912",191,"Ec_N",332,52,52,"Ec",14,1,0,1,1,0,0.746777083195453
"19913",191,"Ec_N",332,53,53,"Ec",14,1,0,1,1,0,0.746777083195453
"19914",191,"Ec_N",332,54,54,"Ec",14,1,0,1,1,0,0.746777083195453
"19915",191,"Ec_N",332,55,55,"Ec",14,1,0,1,1,0,0.746777083195453
"19916",191,"Ec_N",332,56,56,"Ec",14,1,0,1,1,0,0.746777083195453
"19917",191,"Ec_N",332,57,57,"Ec",14,1,0,1,1,0,0.746777083195453
"19918",191,"Ec_N",332,58,58,"Ec",14,1,0,1,1,0,0.746777083195453
"19919",191,"Ec_N",332,59,59,"Ec",14,1,0,1,1,0,0.746777083195453
"19920",191,"Ec_N",332,60,60,"Ec",14,1,0,1,1,0,0.746777083195453
"19921",191,"Ec_N",333,1,1,"Ec",1,0,0,0,0,0,0
"19922",191,"Ec_N",333,2,2,"Ec",1,0,0,0,0,0,0
"19923",191,"Ec_N",333,3,3,"Ec",1,0,0,0,0,0,0
"19924",191,"Ec_N",333,4,4,"Ec",1,0,0,0,0,0,0
"19925",191,"Ec_N",333,5,5,"Ec",1,0,0,0,0,0,0
"19926",191,"Ec_N",333,6,6,"Ec",1,0,0,0,0,0,0
"19927",191,"Ec_N",333,7,7,"Ec",1,0,0,0,0,0,0
"19928",191,"Ec_N",333,8,8,"Ec",3,0,1,0,0,0,0.041311480051295
"19929",191,"Ec_N",333,9,9,"Ec",3,0,1,0,0,0,0.041311480051295
"19930",191,"Ec_N",333,10,10,"Ec",3,0,1,0,0,0,0.041311480051295
"19931",191,"Ec_N",333,11,11,"Ec",3,0,1,0,0,0,0.041311480051295
"19932",191,"Ec_N",333,12,12,"Ec",3,0,1,0,0,0,0.041311480051295
"19933",191,"Ec_N",333,13,13,"Ec",11,0,1,0,1,0,0.0857419302602629
"19934",191,"Ec_N",333,14,14,"Ec",11,0,1,0,1,0,0.0857419302602629
"19935",191,"Ec_N",333,15,15,"Ec",11,0,1,0,1,0,0.0857419302602629
"19936",191,"Ec_N",333,16,16,"Ec",11,0,1,0,1,0,0.0857419302602629
"19937",191,"Ec_N",333,17,17,"Ec",11,0,1,0,1,0,0.0857419302602629
"19938",191,"Ec_N",333,18,18,"Ec",12,1,1,0,1,0,0.259780205416137
"19939",191,"Ec_N",333,19,19,"Ec",12,1,1,0,1,0,0.259780205416137
"19940",191,"Ec_N",333,20,20,"Ec",12,1,1,0,1,0,0.259780205416137
"19941",191,"Ec_N",333,21,21,"Ec",12,1,1,0,1,0,0.259780205416137
"19942",191,"Ec_N",333,22,22,"Ec",12,1,1,0,1,0,0.259780205416137
"19943",191,"Ec_N",333,23,23,"Ec",12,1,1,0,1,0,0.259780205416137
"19944",191,"Ec_N",333,24,24,"Ec",12,1,1,0,1,0,0.259780205416137
"19945",191,"Ec_N",333,25,25,"Ec",12,1,1,0,1,0,0.259780205416137
"19946",191,"Ec_N",333,26,26,"Ec",12,1,1,0,1,0,0.259780205416137
"19947",191,"Ec_N",333,27,27,"Ec",12,1,1,0,1,0,0.259780205416137
"19948",191,"Ec_N",333,28,28,"Ec",12,1,1,0,1,0,0.259780205416137
"19949",191,"Ec_N",333,29,29,"Ec",12,1,1,0,1,0,0.259780205416137
"19950",191,"Ec_N",333,30,30,"Ec",12,1,1,0,1,0,0.259780205416137
"19951",191,"Ec_N",333,31,31,"Ec",16,1,1,1,1,0,0.456015583082203
"19952",191,"Ec_N",333,32,32,"Ec",16,1,1,1,1,0,0.456015583082203
"19953",191,"Ec_N",333,33,33,"Ec",16,1,1,1,1,0,0.456015583082203
"19954",191,"Ec_N",333,34,34,"Ec",16,1,1,1,1,0,0.456015583082203
"19955",191,"Ec_N",333,35,35,"Ec",14,1,0,1,1,0,0.746777083195453
"19956",191,"Ec_N",333,36,36,"Ec",14,1,0,1,1,0,0.746777083195453
"19957",191,"Ec_N",333,37,37,"Ec",14,1,0,1,1,0,0.746777083195453
"19958",191,"Ec_N",333,38,38,"Ec",14,1,0,1,1,0,0.746777083195453
"19959",191,"Ec_N",333,39,39,"Ec",14,1,0,1,1,0,0.746777083195453
"19960",191,"Ec_N",333,40,40,"Ec",14,1,0,1,1,0,0.746777083195453
"19961",191,"Ec_N",333,41,41,"Ec",14,1,0,1,1,0,0.746777083195453
"19962",191,"Ec_N",333,42,42,"Ec",14,1,0,1,1,0,0.746777083195453
"19963",191,"Ec_N",333,43,43,"Ec",14,1,0,1,1,0,0.746777083195453
"19964",191,"Ec_N",333,44,44,"Ec",14,1,0,1,1,0,0.746777083195453
"19965",191,"Ec_N",333,45,45,"Ec",14,1,0,1,1,0,0.746777083195453
"19966",191,"Ec_N",333,46,46,"Ec",14,1,0,1,1,0,0.746777083195453
"19967",191,"Ec_N",333,47,47,"Ec",14,1,0,1,1,0,0.746777083195453
"19968",191,"Ec_N",333,48,48,"Ec",14,1,0,1,1,0,0.746777083195453
"19969",191,"Ec_N",333,49,49,"Ec",14,1,0,1,1,0,0.746777083195453
"19970",191,"Ec_N",333,50,50,"Ec",14,1,0,1,1,0,0.746777083195453
"19971",191,"Ec_N",333,51,51,"Ec",14,1,0,1,1,0,0.746777083195453
"19972",191,"Ec_N",333,52,52,"Ec",14,1,0,1,1,0,0.746777083195453
"19973",191,"Ec_N",333,53,53,"Ec",14,1,0,1,1,0,0.746777083195453
"19974",191,"Ec_N",333,54,54,"Ec",14,1,0,1,1,0,0.746777083195453
"19975",191,"Ec_N",333,55,55,"Ec",14,1,0,1,1,0,0.746777083195453
"19976",191,"Ec_N",333,56,56,"Ec",14,1,0,1,1,0,0.746777083195453
"19977",191,"Ec_N",333,57,57,"Ec",14,1,0,1,1,0,0.746777083195453
"19978",191,"Ec_N",333,58,58,"Ec",14,1,0,1,1,0,0.746777083195453
"19979",191,"Ec_N",333,59,59,"Ec",14,1,0,1,1,0,0.746777083195453
"19980",191,"Ec_N",333,60,60,"Ec",14,1,0,1,1,0,0.746777083195453
"19981",191,"Ec_N",334,1,1,"Ec",1,0,0,0,0,0,0
"19982",191,"Ec_N",334,2,2,"Ec",1,0,0,0,0,0,0
"19983",191,"Ec_N",334,3,3,"Ec",1,0,0,0,0,0,0
"19984",191,"Ec_N",334,4,4,"Ec",1,0,0,0,0,0,0
"19985",191,"Ec_N",334,5,5,"Ec",1,0,0,0,0,0,0
"19986",191,"Ec_N",334,6,6,"Ec",1,0,0,0,0,0,0
"19987",191,"Ec_N",334,7,7,"Ec",1,0,0,0,0,0,0
"19988",191,"Ec_N",334,8,8,"Ec",3,0,1,0,0,0,0.041311480051295
"19989",191,"Ec_N",334,9,9,"Ec",3,0,1,0,0,0,0.041311480051295
"19990",191,"Ec_N",334,10,10,"Ec",3,0,1,0,0,0,0.041311480051295
"19991",191,"Ec_N",334,11,11,"Ec",3,0,1,0,0,0,0.041311480051295
"19992",191,"Ec_N",334,12,12,"Ec",3,0,1,0,0,0,0.041311480051295
"19993",191,"Ec_N",334,13,13,"Ec",7,0,1,1,0,0,0.589282297794007
"19994",191,"Ec_N",334,14,14,"Ec",7,0,1,1,0,0,0.589282297794007
"19995",191,"Ec_N",334,15,15,"Ec",7,0,1,1,0,0,0.589282297794007
"19996",191,"Ec_N",334,16,16,"Ec",7,0,1,1,0,0,0.589282297794007
"19997",191,"Ec_N",334,17,17,"Ec",7,0,1,1,0,0,0.589282297794007
"19998",191,"Ec_N",334,18,18,"Ec",7,0,1,1,0,0,0.589282297794007
"19999",191,"Ec_N",334,19,19,"Ec",7,0,1,1,0,0,0.589282297794007
"20000",191,"Ec_N",334,20,20,"Ec",7,0,1,1,0,0,0.589282297794007
"20001",191,"Ec_N",334,21,21,"Ec",7,0,1,1,0,0,0.589282297794007
"20002",191,"Ec_N",334,22,22,"Ec",7,0,1,1,0,0,0.589282297794007
"20003",191,"Ec_N",334,23,23,"Ec",7,0,1,1,0,0,0.589282297794007
"20004",191,"Ec_N",334,24,24,"Ec",7,0,1,1,0,0,0.589282297794007
"20005",191,"Ec_N",334,25,25,"Ec",7,0,1,1,0,0,0.589282297794007
"20006",191,"Ec_N",334,26,26,"Ec",7,0,1,1,0,0,0.589282297794007
"20007",191,"Ec_N",334,27,27,"Ec",7,0,1,1,0,0,0.589282297794007
"20008",191,"Ec_N",334,28,28,"Ec",7,0,1,1,0,0,0.589282297794007
"20009",191,"Ec_N",334,29,29,"Ec",7,0,1,1,0,0,0.589282297794007
"20010",191,"Ec_N",334,30,30,"Ec",7,0,1,1,0,0,0.589282297794007
"20011",191,"Ec_N",334,31,31,"Ec",7,0,1,1,0,0,0.589282297794007
"20012",191,"Ec_N",334,32,32,"Ec",7,0,1,1,0,0,0.589282297794007
"20013",191,"Ec_N",334,33,33,"Ec",7,0,1,1,0,0,0.589282297794007
"20014",191,"Ec_N",334,34,34,"Ec",7,0,1,1,0,0,0.589282297794007
"20015",191,"Ec_N",334,35,35,"Ec",7,0,1,1,0,0,0.589282297794007
"20016",191,"Ec_N",334,36,36,"Ec",7,0,1,1,0,0,0.589282297794007
"20017",191,"Ec_N",334,37,37,"Ec",7,0,1,1,0,0,0.589282297794007
"20018",191,"Ec_N",334,38,38,"Ec",7,0,1,1,0,0,0.589282297794007
"20019",191,"Ec_N",334,39,39,"Ec",7,0,1,1,0,0,0.589282297794007
"20020",191,"Ec_N",334,40,40,"Ec",7,0,1,1,0,0,0.589282297794007
"20021",191,"Ec_N",334,41,41,"Ec",7,0,1,1,0,0,0.589282297794007
"20022",191,"Ec_N",334,42,42,"Ec",7,0,1,1,0,0,0.589282297794007
"20023",191,"Ec_N",334,43,43,"Ec",7,0,1,1,0,0,0.589282297794007
"20024",191,"Ec_N",334,44,44,"Ec",7,0,1,1,0,0,0.589282297794007
"20025",191,"Ec_N",334,45,45,"Ec",7,0,1,1,0,0,0.589282297794007
"20026",191,"Ec_N",334,46,46,"Ec",7,0,1,1,0,0,0.589282297794007
"20027",191,"Ec_N",334,47,47,"Ec",7,0,1,1,0,0,0.589282297794007
"20028",191,"Ec_N",334,48,48,"Ec",7,0,1,1,0,0,0.589282297794007
"20029",191,"Ec_N",334,49,49,"Ec",7,0,1,1,0,0,0.589282297794007
"20030",191,"Ec_N",334,50,50,"Ec",7,0,1,1,0,0,0.589282297794007
"20031",191,"Ec_N",334,51,51,"Ec",7,0,1,1,0,0,0.589282297794007
"20032",191,"Ec_N",334,52,52,"Ec",7,0,1,1,0,0,0.589282297794007
"20033",191,"Ec_N",334,53,53,"Ec",7,0,1,1,0,0,0.589282297794007
"20034",191,"Ec_N",334,54,54,"Ec",7,0,1,1,0,0,0.589282297794007
"20035",191,"Ec_N",334,55,55,"Ec",7,0,1,1,0,0,0.589282297794007
"20036",191,"Ec_N",334,56,56,"Ec",7,0,1,1,0,0,0.589282297794007
"20037",191,"Ec_N",334,57,57,"Ec",7,0,1,1,0,0,0.589282297794007
"20038",191,"Ec_N",334,58,58,"Ec",7,0,1,1,0,0,0.589282297794007
"20039",191,"Ec_N",334,59,59,"Ec",7,0,1,1,0,0,0.589282297794007
"20040",191,"Ec_N",334,60,60,"Ec",7,0,1,1,0,0,0.589282297794007
"20041",191,"Ec_N",335,1,1,"Ec",1,0,0,0,0,0,0
"20042",191,"Ec_N",335,2,2,"Ec",1,0,0,0,0,0,0
"20043",191,"Ec_N",335,3,3,"Ec",9,0,0,0,1,0,0.0305419930719563
"20044",191,"Ec_N",335,4,4,"Ec",11,0,1,0,1,0,0.0857419302602629
"20045",191,"Ec_N",335,5,5,"Ec",11,0,1,0,1,0,0.0857419302602629
"20046",191,"Ec_N",335,6,6,"Ec",12,1,1,0,1,0,0.259780205416137
"20047",191,"Ec_N",335,7,7,"Ec",12,1,1,0,1,0,0.259780205416137
"20048",191,"Ec_N",335,8,8,"Ec",12,1,1,0,1,0,0.259780205416137
"20049",191,"Ec_N",335,9,9,"Ec",12,1,1,0,1,0,0.259780205416137
"20050",191,"Ec_N",335,10,10,"Ec",12,1,1,0,1,0,0.259780205416137
"20051",191,"Ec_N",335,11,11,"Ec",12,1,1,0,1,0,0.259780205416137
"20052",191,"Ec_N",335,12,12,"Ec",12,1,1,0,1,0,0.259780205416137
"20053",191,"Ec_N",335,13,13,"Ec",12,1,1,0,1,0,0.259780205416137
"20054",191,"Ec_N",335,14,14,"Ec",16,1,1,1,1,0,0.456015583082203
"20055",191,"Ec_N",335,15,15,"Ec",16,1,1,1,1,0,0.456015583082203
"20056",191,"Ec_N",335,16,16,"Ec",16,1,1,1,1,0,0.456015583082203
"20057",191,"Ec_N",335,17,17,"Ec",16,1,1,1,1,0,0.456015583082203
"20058",191,"Ec_N",335,18,18,"Ec",16,1,1,1,1,0,0.456015583082203
"20059",191,"Ec_N",335,19,19,"Ec",14,1,0,1,1,0,0.746777083195453
"20060",191,"Ec_N",335,20,20,"Ec",14,1,0,1,1,0,0.746777083195453
"20061",191,"Ec_N",335,21,21,"Ec",14,1,0,1,1,0,0.746777083195453
"20062",191,"Ec_N",335,22,22,"Ec",14,1,0,1,1,0,0.746777083195453
"20063",191,"Ec_N",335,23,23,"Ec",14,1,0,1,1,0,0.746777083195453
"20064",191,"Ec_N",335,24,24,"Ec",14,1,0,1,1,0,0.746777083195453
"20065",191,"Ec_N",335,25,25,"Ec",14,1,0,1,1,0,0.746777083195453
"20066",191,"Ec_N",335,26,26,"Ec",14,1,0,1,1,0,0.746777083195453
"20067",191,"Ec_N",335,27,27,"Ec",14,1,0,1,1,0,0.746777083195453
"20068",191,"Ec_N",335,28,28,"Ec",30,1,0,1,1,1,0.958688519948705
"20069",191,"Ec_N",335,29,29,"Ec",30,1,0,1,1,1,0.958688519948705
"20070",191,"Ec_N",335,30,30,"Ec",30,1,0,1,1,1,0.958688519948705
"20071",191,"Ec_N",335,31,31,"Ec",30,1,0,1,1,1,0.958688519948705
"20072",191,"Ec_N",335,32,32,"Ec",30,1,0,1,1,1,0.958688519948705
"20073",191,"Ec_N",335,33,33,"Ec",30,1,0,1,1,1,0.958688519948705
"20074",191,"Ec_N",335,34,34,"Ec",30,1,0,1,1,1,0.958688519948705
"20075",191,"Ec_N",335,35,35,"Ec",30,1,0,1,1,1,0.958688519948705
"20076",191,"Ec_N",335,36,36,"Ec",30,1,0,1,1,1,0.958688519948705
"20077",191,"Ec_N",335,37,37,"Ec",30,1,0,1,1,1,0.958688519948705
"20078",191,"Ec_N",335,38,38,"Ec",30,1,0,1,1,1,0.958688519948705
"20079",191,"Ec_N",335,39,39,"Ec",30,1,0,1,1,1,0.958688519948705
"20080",191,"Ec_N",335,40,40,"Ec",30,1,0,1,1,1,0.958688519948705
"20081",191,"Ec_N",335,41,41,"Ec",30,1,0,1,1,1,0.958688519948705
"20082",191,"Ec_N",335,42,42,"Ec",30,1,0,1,1,1,0.958688519948705
"20083",191,"Ec_N",335,43,43,"Ec",30,1,0,1,1,1,0.958688519948705
"20084",191,"Ec_N",335,44,44,"Ec",30,1,0,1,1,1,0.958688519948705
"20085",191,"Ec_N",335,45,45,"Ec",30,1,0,1,1,1,0.958688519948705
"20086",191,"Ec_N",335,46,46,"Ec",30,1,0,1,1,1,0.958688519948705
"20087",191,"Ec_N",335,47,47,"Ec",32,1,1,1,1,1,1
"20088",191,"Ec_N",335,48,48,"Ec",32,1,1,1,1,1,1
"20089",191,"Ec_N",335,49,49,"Ec",32,1,1,1,1,1,1
"20090",191,"Ec_N",335,50,50,"Ec",32,1,1,1,1,1,1
"20091",191,"Ec_N",335,51,51,"Ec",32,1,1,1,1,1,1
"20092",191,"Ec_N",335,52,52,"Ec",32,1,1,1,1,1,1
"20093",191,"Ec_N",335,53,53,"Ec",32,1,1,1,1,1,1
"20094",191,"Ec_N",335,54,54,"Ec",32,1,1,1,1,1,1
"20095",191,"Ec_N",335,55,55,"Ec",32,1,1,1,1,1,1
"20096",191,"Ec_N",335,56,56,"Ec",32,1,1,1,1,1,1
"20097",191,"Ec_N",335,57,57,"Ec",32,1,1,1,1,1,1
"20098",191,"Ec_N",335,58,58,"Ec",32,1,1,1,1,1,1
"20099",191,"Ec_N",335,59,59,"Ec",32,1,1,1,1,1,1
"20100",191,"Ec_N",335,60,60,"Ec",32,1,1,1,1,1,1
"20101",191,"Ec_N",336,1,1,"Ec",1,0,0,0,0,0,0
"20102",191,"Ec_N",336,2,2,"Ec",1,0,0,0,0,0,0
"20103",191,"Ec_N",336,3,3,"Ec",1,0,0,0,0,0,0
"20104",191,"Ec_N",336,4,4,"Ec",1,0,0,0,0,0,0
"20105",191,"Ec_N",336,5,5,"Ec",5,0,0,1,0,0,0.49313446766664
"20106",191,"Ec_N",336,6,6,"Ec",5,0,0,1,0,0,0.49313446766664
"20107",191,"Ec_N",336,7,7,"Ec",5,0,0,1,0,0,0.49313446766664
"20108",191,"Ec_N",336,8,8,"Ec",5,0,0,1,0,0,0.49313446766664
"20109",191,"Ec_N",336,9,9,"Ec",5,0,0,1,0,0,0.49313446766664
"20110",191,"Ec_N",336,10,10,"Ec",5,0,0,1,0,0,0.49313446766664
"20111",191,"Ec_N",336,11,11,"Ec",5,0,0,1,0,0,0.49313446766664
"20112",191,"Ec_N",336,12,12,"Ec",5,0,0,1,0,0,0.49313446766664
"20113",191,"Ec_N",336,13,13,"Ec",5,0,0,1,0,0,0.49313446766664
"20114",191,"Ec_N",336,14,14,"Ec",5,0,0,1,0,0,0.49313446766664
"20115",191,"Ec_N",336,15,15,"Ec",5,0,0,1,0,0,0.49313446766664
"20116",191,"Ec_N",336,16,16,"Ec",5,0,0,1,0,0,0.49313446766664
"20117",191,"Ec_N",336,17,17,"Ec",5,0,0,1,0,0,0.49313446766664
"20118",191,"Ec_N",336,18,18,"Ec",5,0,0,1,0,0,0.49313446766664
"20119",191,"Ec_N",336,19,19,"Ec",5,0,0,1,0,0,0.49313446766664
"20120",191,"Ec_N",336,20,20,"Ec",5,0,0,1,0,0,0.49313446766664
"20121",191,"Ec_N",336,21,21,"Ec",5,0,0,1,0,0,0.49313446766664
"20122",191,"Ec_N",336,22,22,"Ec",5,0,0,1,0,0,0.49313446766664
"20123",191,"Ec_N",336,23,23,"Ec",5,0,0,1,0,0,0.49313446766664
"20124",191,"Ec_N",336,24,24,"Ec",5,0,0,1,0,0,0.49313446766664
"20125",191,"Ec_N",336,25,25,"Ec",5,0,0,1,0,0,0.49313446766664
"20126",191,"Ec_N",336,26,26,"Ec",5,0,0,1,0,0,0.49313446766664
"20127",191,"Ec_N",336,27,27,"Ec",5,0,0,1,0,0,0.49313446766664
"20128",191,"Ec_N",336,28,28,"Ec",21,0,0,1,0,1,0.726280938342543
"20129",191,"Ec_N",336,29,29,"Ec",21,0,0,1,0,1,0.726280938342543
"20130",191,"Ec_N",336,30,30,"Ec",21,0,0,1,0,1,0.726280938342543
"20131",191,"Ec_N",336,31,31,"Ec",21,0,0,1,0,1,0.726280938342543
"20132",191,"Ec_N",336,32,32,"Ec",21,0,0,1,0,1,0.726280938342543
"20133",191,"Ec_N",336,33,33,"Ec",21,0,0,1,0,1,0.726280938342543
"20134",191,"Ec_N",336,34,34,"Ec",21,0,0,1,0,1,0.726280938342543
"20135",191,"Ec_N",336,35,35,"Ec",22,1,0,1,0,1,0.92522428176681
"20136",191,"Ec_N",336,36,36,"Ec",24,1,1,1,0,1,0.969458006928044
"20137",191,"Ec_N",336,37,37,"Ec",24,1,1,1,0,1,0.969458006928044
"20138",191,"Ec_N",336,38,38,"Ec",24,1,1,1,0,1,0.969458006928044
"20139",191,"Ec_N",336,39,39,"Ec",24,1,1,1,0,1,0.969458006928044
"20140",191,"Ec_N",336,40,40,"Ec",24,1,1,1,0,1,0.969458006928044
"20141",191,"Ec_N",336,41,41,"Ec",24,1,1,1,0,1,0.969458006928044
"20142",191,"Ec_N",336,42,42,"Ec",24,1,1,1,0,1,0.969458006928044
"20143",191,"Ec_N",336,43,43,"Ec",24,1,1,1,0,1,0.969458006928044
"20144",191,"Ec_N",336,44,44,"Ec",24,1,1,1,0,1,0.969458006928044
"20145",191,"Ec_N",336,45,45,"Ec",24,1,1,1,0,1,0.969458006928044
"20146",191,"Ec_N",336,46,46,"Ec",24,1,1,1,0,1,0.969458006928044
"20147",191,"Ec_N",336,47,47,"Ec",24,1,1,1,0,1,0.969458006928044
"20148",191,"Ec_N",336,48,48,"Ec",24,1,1,1,0,1,0.969458006928044
"20149",191,"Ec_N",336,49,49,"Ec",24,1,1,1,0,1,0.969458006928044
"20150",191,"Ec_N",336,50,50,"Ec",24,1,1,1,0,1,0.969458006928044
"20151",191,"Ec_N",336,51,51,"Ec",24,1,1,1,0,1,0.969458006928044
"20152",191,"Ec_N",336,52,52,"Ec",24,1,1,1,0,1,0.969458006928044
"20153",191,"Ec_N",336,53,53,"Ec",24,1,1,1,0,1,0.969458006928044
"20154",191,"Ec_N",336,54,54,"Ec",24,1,1,1,0,1,0.969458006928044
"20155",191,"Ec_N",336,55,55,"Ec",24,1,1,1,0,1,0.969458006928044
"20156",191,"Ec_N",336,56,56,"Ec",32,1,1,1,1,1,1
"20157",191,"Ec_N",336,57,57,"Ec",32,1,1,1,1,1,1
"20158",191,"Ec_N",336,58,58,"Ec",32,1,1,1,1,1,1
"20159",191,"Ec_N",336,59,59,"Ec",32,1,1,1,1,1,1
"20160",191,"Ec_N",336,60,60,"Ec",32,1,1,1,1,1,1
"20161",191,"Ec_N",337,1,1,"Ec",1,0,0,0,0,0,0
"20162",191,"Ec_N",337,2,2,"Ec",2,1,0,0,0,0,0.198020370545937
"20163",191,"Ec_N",337,3,3,"Ec",2,1,0,0,0,0,0.198020370545937
"20164",191,"Ec_N",337,4,4,"Ec",2,1,0,0,0,0,0.198020370545937
"20165",191,"Ec_N",337,5,5,"Ec",2,1,0,0,0,0,0.198020370545937
"20166",191,"Ec_N",337,6,6,"Ec",2,1,0,0,0,0,0.198020370545937
"20167",191,"Ec_N",337,7,7,"Ec",2,1,0,0,0,0,0.198020370545937
"20168",191,"Ec_N",337,8,8,"Ec",6,1,0,1,0,0,0.542157591427696
"20169",191,"Ec_N",337,9,9,"Ec",6,1,0,1,0,0,0.542157591427696
"20170",191,"Ec_N",337,10,10,"Ec",6,1,0,1,0,0,0.542157591427696
"20171",191,"Ec_N",337,11,11,"Ec",6,1,0,1,0,0,0.542157591427696
"20172",191,"Ec_N",337,12,12,"Ec",6,1,0,1,0,0,0.542157591427696
"20173",191,"Ec_N",337,13,13,"Ec",6,1,0,1,0,0,0.542157591427696
"20174",191,"Ec_N",337,14,14,"Ec",14,1,0,1,1,0,0.746777083195453
"20175",191,"Ec_N",337,15,15,"Ec",14,1,0,1,1,0,0.746777083195453
"20176",191,"Ec_N",337,16,16,"Ec",14,1,0,1,1,0,0.746777083195453
"20177",191,"Ec_N",337,17,17,"Ec",14,1,0,1,1,0,0.746777083195453
"20178",191,"Ec_N",337,18,18,"Ec",14,1,0,1,1,0,0.746777083195453
"20179",191,"Ec_N",337,19,19,"Ec",14,1,0,1,1,0,0.746777083195453
"20180",191,"Ec_N",337,20,20,"Ec",14,1,0,1,1,0,0.746777083195453
"20181",191,"Ec_N",337,21,21,"Ec",14,1,0,1,1,0,0.746777083195453
"20182",191,"Ec_N",337,22,22,"Ec",30,1,0,1,1,1,0.958688519948705
"20183",191,"Ec_N",337,23,23,"Ec",30,1,0,1,1,1,0.958688519948705
"20184",191,"Ec_N",337,24,24,"Ec",30,1,0,1,1,1,0.958688519948705
"20185",191,"Ec_N",337,25,25,"Ec",30,1,0,1,1,1,0.958688519948705
"20186",191,"Ec_N",337,26,26,"Ec",30,1,0,1,1,1,0.958688519948705
"20187",191,"Ec_N",337,27,27,"Ec",32,1,1,1,1,1,1
"20188",191,"Ec_N",337,28,28,"Ec",32,1,1,1,1,1,1
"20189",191,"Ec_N",337,29,29,"Ec",32,1,1,1,1,1,1
"20190",191,"Ec_N",337,30,30,"Ec",32,1,1,1,1,1,1
"20191",191,"Ec_N",337,31,31,"Ec",32,1,1,1,1,1,1
"20192",191,"Ec_N",337,32,32,"Ec",32,1,1,1,1,1,1
"20193",191,"Ec_N",337,33,33,"Ec",32,1,1,1,1,1,1
"20194",191,"Ec_N",337,34,34,"Ec",32,1,1,1,1,1,1
"20195",191,"Ec_N",337,35,35,"Ec",32,1,1,1,1,1,1
"20196",191,"Ec_N",337,36,36,"Ec",32,1,1,1,1,1,1
"20197",191,"Ec_N",337,37,37,"Ec",32,1,1,1,1,1,1
"20198",191,"Ec_N",337,38,38,"Ec",32,1,1,1,1,1,1
"20199",191,"Ec_N",337,39,39,"Ec",32,1,1,1,1,1,1
"20200",191,"Ec_N",337,40,40,"Ec",32,1,1,1,1,1,1
"20201",191,"Ec_N",337,41,41,"Ec",32,1,1,1,1,1,1
"20202",191,"Ec_N",337,42,42,"Ec",32,1,1,1,1,1,1
"20203",191,"Ec_N",337,43,43,"Ec",32,1,1,1,1,1,1
"20204",191,"Ec_N",337,44,44,"Ec",32,1,1,1,1,1,1
"20205",191,"Ec_N",337,45,45,"Ec",32,1,1,1,1,1,1
"20206",191,"Ec_N",337,46,46,"Ec",32,1,1,1,1,1,1
"20207",191,"Ec_N",337,47,47,"Ec",32,1,1,1,1,1,1
"20208",191,"Ec_N",337,48,48,"Ec",32,1,1,1,1,1,1
"20209",191,"Ec_N",337,49,49,"Ec",32,1,1,1,1,1,1
"20210",191,"Ec_N",337,50,50,"Ec",32,1,1,1,1,1,1
"20211",191,"Ec_N",337,51,51,"Ec",32,1,1,1,1,1,1
"20212",191,"Ec_N",337,52,52,"Ec",32,1,1,1,1,1,1
"20213",191,"Ec_N",337,53,53,"Ec",32,1,1,1,1,1,1
"20214",191,"Ec_N",337,54,54,"Ec",32,1,1,1,1,1,1
"20215",191,"Ec_N",337,55,55,"Ec",32,1,1,1,1,1,1
"20216",191,"Ec_N",337,56,56,"Ec",32,1,1,1,1,1,1
"20217",191,"Ec_N",337,57,57,"Ec",32,1,1,1,1,1,1
"20218",191,"Ec_N",337,58,58,"Ec",32,1,1,1,1,1,1
"20219",191,"Ec_N",337,59,59,"Ec",32,1,1,1,1,1,1
"20220",191,"Ec_N",337,60,60,"Ec",32,1,1,1,1,1,1
"20221",191,"Ec_N",338,1,1,"Ec",1,0,0,0,0,0,0
"20222",191,"Ec_N",338,2,2,"Ec",3,0,1,0,0,0,0.041311480051295
"20223",191,"Ec_N",338,3,3,"Ec",3,0,1,0,0,0,0.041311480051295
"20224",191,"Ec_N",338,4,4,"Ec",3,0,1,0,0,0,0.041311480051295
"20225",191,"Ec_N",338,5,5,"Ec",3,0,1,0,0,0,0.041311480051295
"20226",191,"Ec_N",338,6,6,"Ec",3,0,1,0,0,0,0.041311480051295
"20227",191,"Ec_N",338,7,7,"Ec",11,0,1,0,1,0,0.0857419302602629
"20228",191,"Ec_N",338,8,8,"Ec",11,0,1,0,1,0,0.0857419302602629
"20229",191,"Ec_N",338,9,9,"Ec",11,0,1,0,1,0,0.0857419302602629
"20230",191,"Ec_N",338,10,10,"Ec",11,0,1,0,1,0,0.0857419302602629
"20231",191,"Ec_N",338,11,11,"Ec",11,0,1,0,1,0,0.0857419302602629
"20232",191,"Ec_N",338,12,12,"Ec",11,0,1,0,1,0,0.0857419302602629
"20233",191,"Ec_N",338,13,13,"Ec",11,0,1,0,1,0,0.0857419302602629
"20234",191,"Ec_N",338,14,14,"Ec",11,0,1,0,1,0,0.0857419302602629
"20235",191,"Ec_N",338,15,15,"Ec",11,0,1,0,1,0,0.0857419302602629
"20236",191,"Ec_N",338,16,16,"Ec",27,0,1,0,1,1,0.357221419161902
"20237",191,"Ec_N",338,17,17,"Ec",27,0,1,0,1,1,0.357221419161902
"20238",191,"Ec_N",338,18,18,"Ec",27,0,1,0,1,1,0.357221419161902
"20239",191,"Ec_N",338,19,19,"Ec",27,0,1,0,1,1,0.357221419161902
"20240",191,"Ec_N",338,20,20,"Ec",19,0,1,0,0,1,0.427300415500348
"20241",191,"Ec_N",338,21,21,"Ec",19,0,1,0,0,1,0.427300415500348
"20242",191,"Ec_N",338,22,22,"Ec",19,0,1,0,0,1,0.427300415500348
"20243",191,"Ec_N",338,23,23,"Ec",19,0,1,0,0,1,0.427300415500348
"20244",191,"Ec_N",338,24,24,"Ec",19,0,1,0,0,1,0.427300415500348
"20245",191,"Ec_N",338,25,25,"Ec",20,1,1,0,0,1,0.610298755308086
"20246",191,"Ec_N",338,26,26,"Ec",20,1,1,0,0,1,0.610298755308086
"20247",191,"Ec_N",338,27,27,"Ec",20,1,1,0,0,1,0.610298755308086
"20248",191,"Ec_N",338,28,28,"Ec",20,1,1,0,0,1,0.610298755308086
"20249",191,"Ec_N",338,29,29,"Ec",20,1,1,0,0,1,0.610298755308086
"20250",191,"Ec_N",338,30,30,"Ec",18,1,0,0,0,1,0.646504780524047
"20251",191,"Ec_N",338,31,31,"Ec",18,1,0,0,0,1,0.646504780524047
"20252",191,"Ec_N",338,32,32,"Ec",18,1,0,0,0,1,0.646504780524047
"20253",191,"Ec_N",338,33,33,"Ec",18,1,0,0,0,1,0.646504780524047
"20254",191,"Ec_N",338,34,34,"Ec",18,1,0,0,0,1,0.646504780524047
"20255",191,"Ec_N",338,35,35,"Ec",18,1,0,0,0,1,0.646504780524047
"20256",191,"Ec_N",338,36,36,"Ec",18,1,0,0,0,1,0.646504780524047
"20257",191,"Ec_N",338,37,37,"Ec",18,1,0,0,0,1,0.646504780524047
"20258",191,"Ec_N",338,38,38,"Ec",18,1,0,0,0,1,0.646504780524047
"20259",191,"Ec_N",338,39,39,"Ec",18,1,0,0,0,1,0.646504780524047
"20260",191,"Ec_N",338,40,40,"Ec",18,1,0,0,0,1,0.646504780524047
"20261",191,"Ec_N",338,41,41,"Ec",18,1,0,0,0,1,0.646504780524047
"20262",191,"Ec_N",338,42,42,"Ec",18,1,0,0,0,1,0.646504780524047
"20263",191,"Ec_N",338,43,43,"Ec",18,1,0,0,0,1,0.646504780524047
"20264",191,"Ec_N",338,44,44,"Ec",18,1,0,0,0,1,0.646504780524047
"20265",191,"Ec_N",338,45,45,"Ec",18,1,0,0,0,1,0.646504780524047
"20266",191,"Ec_N",338,46,46,"Ec",18,1,0,0,0,1,0.646504780524047
"20267",191,"Ec_N",338,47,47,"Ec",18,1,0,0,0,1,0.646504780524047
"20268",191,"Ec_N",338,48,48,"Ec",18,1,0,0,0,1,0.646504780524047
"20269",191,"Ec_N",338,49,49,"Ec",18,1,0,0,0,1,0.646504780524047
"20270",191,"Ec_N",338,50,50,"Ec",18,1,0,0,0,1,0.646504780524047
"20271",191,"Ec_N",338,51,51,"Ec",18,1,0,0,0,1,0.646504780524047
"20272",191,"Ec_N",338,52,52,"Ec",18,1,0,0,0,1,0.646504780524047
"20273",191,"Ec_N",338,53,53,"Ec",18,1,0,0,0,1,0.646504780524047
"20274",191,"Ec_N",338,54,54,"Ec",18,1,0,0,0,1,0.646504780524047
"20275",191,"Ec_N",338,55,55,"Ec",18,1,0,0,0,1,0.646504780524047
"20276",191,"Ec_N",338,56,56,"Ec",18,1,0,0,0,1,0.646504780524047
"20277",191,"Ec_N",338,57,57,"Ec",18,1,0,0,0,1,0.646504780524047
"20278",191,"Ec_N",338,58,58,"Ec",18,1,0,0,0,1,0.646504780524047
"20279",191,"Ec_N",338,59,59,"Ec",18,1,0,0,0,1,0.646504780524047
"20280",191,"Ec_N",338,60,60,"Ec",18,1,0,0,0,1,0.646504780524047
"20281",191,"Ec_N",339,1,1,"Ec",1,0,0,0,0,0,0
"20282",191,"Ec_N",339,2,2,"Ec",1,0,0,0,0,0,0
"20283",191,"Ec_N",339,3,3,"Ec",1,0,0,0,0,0,0
"20284",191,"Ec_N",339,4,4,"Ec",1,0,0,0,0,0,0
"20285",191,"Ec_N",339,5,5,"Ec",1,0,0,0,0,0,0
"20286",191,"Ec_N",339,6,6,"Ec",1,0,0,0,0,0,0
"20287",191,"Ec_N",339,7,7,"Ec",9,0,0,0,1,0,0.0305419930719563
"20288",191,"Ec_N",339,8,8,"Ec",13,0,0,1,1,0,0.374679213953716
"20289",191,"Ec_N",339,9,9,"Ec",13,0,0,1,1,0,0.374679213953716
"20290",191,"Ec_N",339,10,10,"Ec",13,0,0,1,1,0,0.374679213953716
"20291",191,"Ec_N",339,11,11,"Ec",13,0,0,1,1,0,0.374679213953716
"20292",191,"Ec_N",339,12,12,"Ec",13,0,0,1,1,0,0.374679213953716
"20293",191,"Ec_N",339,13,13,"Ec",13,0,0,1,1,0,0.374679213953716
"20294",191,"Ec_N",339,14,14,"Ec",5,0,0,1,0,0,0.49313446766664
"20295",191,"Ec_N",339,15,15,"Ec",5,0,0,1,0,0,0.49313446766664
"20296",191,"Ec_N",339,16,16,"Ec",7,0,1,1,0,0,0.589282297794007
"20297",191,"Ec_N",339,17,17,"Ec",7,0,1,1,0,0,0.589282297794007
"20298",191,"Ec_N",339,18,18,"Ec",7,0,1,1,0,0,0.589282297794007
"20299",191,"Ec_N",339,19,19,"Ec",7,0,1,1,0,0,0.589282297794007
"20300",191,"Ec_N",339,20,20,"Ec",7,0,1,1,0,0,0.589282297794007
"20301",191,"Ec_N",339,21,21,"Ec",7,0,1,1,0,0,0.589282297794007
"20302",191,"Ec_N",339,22,22,"Ec",7,0,1,1,0,0,0.589282297794007
"20303",191,"Ec_N",339,23,23,"Ec",7,0,1,1,0,0,0.589282297794007
"20304",191,"Ec_N",339,24,24,"Ec",7,0,1,1,0,0,0.589282297794007
"20305",191,"Ec_N",339,25,25,"Ec",7,0,1,1,0,0,0.589282297794007
"20306",191,"Ec_N",339,26,26,"Ec",7,0,1,1,0,0,0.589282297794007
"20307",191,"Ec_N",339,27,27,"Ec",7,0,1,1,0,0,0.589282297794007
"20308",191,"Ec_N",339,28,28,"Ec",7,0,1,1,0,0,0.589282297794007
"20309",191,"Ec_N",339,29,29,"Ec",7,0,1,1,0,0,0.589282297794007
"20310",191,"Ec_N",339,30,30,"Ec",7,0,1,1,0,0,0.589282297794007
"20311",191,"Ec_N",339,31,31,"Ec",7,0,1,1,0,0,0.589282297794007
"20312",191,"Ec_N",339,32,32,"Ec",7,0,1,1,0,0,0.589282297794007
"20313",191,"Ec_N",339,33,33,"Ec",7,0,1,1,0,0,0.589282297794007
"20314",191,"Ec_N",339,34,34,"Ec",7,0,1,1,0,0,0.589282297794007
"20315",191,"Ec_N",339,35,35,"Ec",23,0,1,1,0,1,0.616809062130864
"20316",191,"Ec_N",339,36,36,"Ec",23,0,1,1,0,1,0.616809062130864
"20317",191,"Ec_N",339,37,37,"Ec",24,1,1,1,0,1,0.969458006928044
"20318",191,"Ec_N",339,38,38,"Ec",24,1,1,1,0,1,0.969458006928044
"20319",191,"Ec_N",339,39,39,"Ec",24,1,1,1,0,1,0.969458006928044
"20320",191,"Ec_N",339,40,40,"Ec",24,1,1,1,0,1,0.969458006928044
"20321",191,"Ec_N",339,41,41,"Ec",24,1,1,1,0,1,0.969458006928044
"20322",191,"Ec_N",339,42,42,"Ec",24,1,1,1,0,1,0.969458006928044
"20323",191,"Ec_N",339,43,43,"Ec",24,1,1,1,0,1,0.969458006928044
"20324",191,"Ec_N",339,44,44,"Ec",24,1,1,1,0,1,0.969458006928044
"20325",191,"Ec_N",339,45,45,"Ec",24,1,1,1,0,1,0.969458006928044
"20326",191,"Ec_N",339,46,46,"Ec",24,1,1,1,0,1,0.969458006928044
"20327",191,"Ec_N",339,47,47,"Ec",24,1,1,1,0,1,0.969458006928044
"20328",191,"Ec_N",339,48,48,"Ec",24,1,1,1,0,1,0.969458006928044
"20329",191,"Ec_N",339,49,49,"Ec",24,1,1,1,0,1,0.969458006928044
"20330",191,"Ec_N",339,50,50,"Ec",24,1,1,1,0,1,0.969458006928044
"20331",191,"Ec_N",339,51,51,"Ec",24,1,1,1,0,1,0.969458006928044
"20332",191,"Ec_N",339,52,52,"Ec",24,1,1,1,0,1,0.969458006928044
"20333",191,"Ec_N",339,53,53,"Ec",24,1,1,1,0,1,0.969458006928044
"20334",191,"Ec_N",339,54,54,"Ec",24,1,1,1,0,1,0.969458006928044
"20335",191,"Ec_N",339,55,55,"Ec",24,1,1,1,0,1,0.969458006928044
"20336",191,"Ec_N",339,56,56,"Ec",24,1,1,1,0,1,0.969458006928044
"20337",191,"Ec_N",339,57,57,"Ec",24,1,1,1,0,1,0.969458006928044
"20338",191,"Ec_N",339,58,58,"Ec",24,1,1,1,0,1,0.969458006928044
"20339",191,"Ec_N",339,59,59,"Ec",24,1,1,1,0,1,0.969458006928044
"20340",191,"Ec_N",339,60,60,"Ec",24,1,1,1,0,1,0.969458006928044
"20341",191,"Ec_N",340,1,1,"Ec",1,0,0,0,0,0,0
"20342",191,"Ec_N",340,2,2,"Ec",9,0,0,0,1,0,0.0305419930719563
"20343",191,"Ec_N",340,3,3,"Ec",10,1,0,0,1,0,0.228562363617893
"20344",191,"Ec_N",340,4,4,"Ec",10,1,0,0,1,0,0.228562363617893
"20345",191,"Ec_N",340,5,5,"Ec",10,1,0,0,1,0,0.228562363617893
"20346",191,"Ec_N",340,6,6,"Ec",10,1,0,0,1,0,0.228562363617893
"20347",191,"Ec_N",340,7,7,"Ec",14,1,0,1,1,0,0.746777083195453
"20348",191,"Ec_N",340,8,8,"Ec",14,1,0,1,1,0,0.746777083195453
"20349",191,"Ec_N",340,9,9,"Ec",14,1,0,1,1,0,0.746777083195453
"20350",191,"Ec_N",340,10,10,"Ec",14,1,0,1,1,0,0.746777083195453
"20351",191,"Ec_N",340,11,11,"Ec",14,1,0,1,1,0,0.746777083195453
"20352",191,"Ec_N",340,12,12,"Ec",14,1,0,1,1,0,0.746777083195453
"20353",191,"Ec_N",340,13,13,"Ec",30,1,0,1,1,1,0.958688519948705
"20354",191,"Ec_N",340,14,14,"Ec",30,1,0,1,1,1,0.958688519948705
"20355",191,"Ec_N",340,15,15,"Ec",30,1,0,1,1,1,0.958688519948705
"20356",191,"Ec_N",340,16,16,"Ec",30,1,0,1,1,1,0.958688519948705
"20357",191,"Ec_N",340,17,17,"Ec",30,1,0,1,1,1,0.958688519948705
"20358",191,"Ec_N",340,18,18,"Ec",30,1,0,1,1,1,0.958688519948705
"20359",191,"Ec_N",340,19,19,"Ec",32,1,1,1,1,1,1
"20360",191,"Ec_N",340,20,20,"Ec",32,1,1,1,1,1,1
"20361",191,"Ec_N",340,21,21,"Ec",32,1,1,1,1,1,1
"20362",191,"Ec_N",340,22,22,"Ec",32,1,1,1,1,1,1
"20363",191,"Ec_N",340,23,23,"Ec",32,1,1,1,1,1,1
"20364",191,"Ec_N",340,24,24,"Ec",32,1,1,1,1,1,1
"20365",191,"Ec_N",340,25,25,"Ec",32,1,1,1,1,1,1
"20366",191,"Ec_N",340,26,26,"Ec",32,1,1,1,1,1,1
"20367",191,"Ec_N",340,27,27,"Ec",32,1,1,1,1,1,1
"20368",191,"Ec_N",340,28,28,"Ec",32,1,1,1,1,1,1
"20369",191,"Ec_N",340,29,29,"Ec",32,1,1,1,1,1,1
"20370",191,"Ec_N",340,30,30,"Ec",32,1,1,1,1,1,1
"20371",191,"Ec_N",340,31,31,"Ec",32,1,1,1,1,1,1
"20372",191,"Ec_N",340,32,32,"Ec",32,1,1,1,1,1,1
"20373",191,"Ec_N",340,33,33,"Ec",32,1,1,1,1,1,1
"20374",191,"Ec_N",340,34,34,"Ec",32,1,1,1,1,1,1
"20375",191,"Ec_N",340,35,35,"Ec",32,1,1,1,1,1,1
"20376",191,"Ec_N",340,36,36,"Ec",32,1,1,1,1,1,1
"20377",191,"Ec_N",340,37,37,"Ec",32,1,1,1,1,1,1
"20378",191,"Ec_N",340,38,38,"Ec",32,1,1,1,1,1,1
"20379",191,"Ec_N",340,39,39,"Ec",32,1,1,1,1,1,1
"20380",191,"Ec_N",340,40,40,"Ec",32,1,1,1,1,1,1
"20381",191,"Ec_N",340,41,41,"Ec",32,1,1,1,1,1,1
"20382",191,"Ec_N",340,42,42,"Ec",32,1,1,1,1,1,1
"20383",191,"Ec_N",340,43,43,"Ec",32,1,1,1,1,1,1
"20384",191,"Ec_N",340,44,44,"Ec",32,1,1,1,1,1,1
"20385",191,"Ec_N",340,45,45,"Ec",32,1,1,1,1,1,1
"20386",191,"Ec_N",340,46,46,"Ec",32,1,1,1,1,1,1
"20387",191,"Ec_N",340,47,47,"Ec",32,1,1,1,1,1,1
"20388",191,"Ec_N",340,48,48,"Ec",32,1,1,1,1,1,1
"20389",191,"Ec_N",340,49,49,"Ec",32,1,1,1,1,1,1
"20390",191,"Ec_N",340,50,50,"Ec",32,1,1,1,1,1,1
"20391",191,"Ec_N",340,51,51,"Ec",32,1,1,1,1,1,1
"20392",191,"Ec_N",340,52,52,"Ec",32,1,1,1,1,1,1
"20393",191,"Ec_N",340,53,53,"Ec",32,1,1,1,1,1,1
"20394",191,"Ec_N",340,54,54,"Ec",32,1,1,1,1,1,1
"20395",191,"Ec_N",340,55,55,"Ec",32,1,1,1,1,1,1
"20396",191,"Ec_N",340,56,56,"Ec",32,1,1,1,1,1,1
"20397",191,"Ec_N",340,57,57,"Ec",32,1,1,1,1,1,1
"20398",191,"Ec_N",340,58,58,"Ec",32,1,1,1,1,1,1
"20399",191,"Ec_N",340,59,59,"Ec",32,1,1,1,1,1,1
"20400",191,"Ec_N",340,60,60,"Ec",32,1,1,1,1,1,1
"20401",191,"Ec_N",341,1,1,"Ec",1,0,0,0,0,0,0
"20402",191,"Ec_N",341,2,2,"Ec",1,0,0,0,0,0,0
"20403",191,"Ec_N",341,3,3,"Ec",2,1,0,0,0,0,0.198020370545937
"20404",191,"Ec_N",341,4,4,"Ec",2,1,0,0,0,0,0.198020370545937
"20405",191,"Ec_N",341,5,5,"Ec",10,1,0,0,1,0,0.228562363617893
"20406",191,"Ec_N",341,6,6,"Ec",10,1,0,0,1,0,0.228562363617893
"20407",191,"Ec_N",341,7,7,"Ec",10,1,0,0,1,0,0.228562363617893
"20408",191,"Ec_N",341,8,8,"Ec",10,1,0,0,1,0,0.228562363617893
"20409",191,"Ec_N",341,9,9,"Ec",10,1,0,0,1,0,0.228562363617893
"20410",191,"Ec_N",341,10,10,"Ec",10,1,0,0,1,0,0.228562363617893
"20411",191,"Ec_N",341,11,11,"Ec",10,1,0,0,1,0,0.228562363617893
"20412",191,"Ec_N",341,12,12,"Ec",10,1,0,0,1,0,0.228562363617893
"20413",191,"Ec_N",341,13,13,"Ec",10,1,0,0,1,0,0.228562363617893
"20414",191,"Ec_N",341,14,14,"Ec",10,1,0,0,1,0,0.228562363617893
"20415",191,"Ec_N",341,15,15,"Ec",10,1,0,0,1,0,0.228562363617893
"20416",191,"Ec_N",341,16,16,"Ec",14,1,0,1,1,0,0.746777083195453
"20417",191,"Ec_N",341,17,17,"Ec",14,1,0,1,1,0,0.746777083195453
"20418",191,"Ec_N",341,18,18,"Ec",30,1,0,1,1,1,0.958688519948705
"20419",191,"Ec_N",341,19,19,"Ec",30,1,0,1,1,1,0.958688519948705
"20420",191,"Ec_N",341,20,20,"Ec",30,1,0,1,1,1,0.958688519948705
"20421",191,"Ec_N",341,21,21,"Ec",30,1,0,1,1,1,0.958688519948705
"20422",191,"Ec_N",341,22,22,"Ec",30,1,0,1,1,1,0.958688519948705
"20423",191,"Ec_N",341,23,23,"Ec",30,1,0,1,1,1,0.958688519948705
"20424",191,"Ec_N",341,24,24,"Ec",30,1,0,1,1,1,0.958688519948705
"20425",191,"Ec_N",341,25,25,"Ec",30,1,0,1,1,1,0.958688519948705
"20426",191,"Ec_N",341,26,26,"Ec",30,1,0,1,1,1,0.958688519948705
"20427",191,"Ec_N",341,27,27,"Ec",30,1,0,1,1,1,0.958688519948705
"20428",191,"Ec_N",341,28,28,"Ec",30,1,0,1,1,1,0.958688519948705
"20429",191,"Ec_N",341,29,29,"Ec",30,1,0,1,1,1,0.958688519948705
"20430",191,"Ec_N",341,30,30,"Ec",30,1,0,1,1,1,0.958688519948705
"20431",191,"Ec_N",341,31,31,"Ec",30,1,0,1,1,1,0.958688519948705
"20432",191,"Ec_N",341,32,32,"Ec",30,1,0,1,1,1,0.958688519948705
"20433",191,"Ec_N",341,33,33,"Ec",30,1,0,1,1,1,0.958688519948705
"20434",191,"Ec_N",341,34,34,"Ec",30,1,0,1,1,1,0.958688519948705
"20435",191,"Ec_N",341,35,35,"Ec",30,1,0,1,1,1,0.958688519948705
"20436",191,"Ec_N",341,36,36,"Ec",30,1,0,1,1,1,0.958688519948705
"20437",191,"Ec_N",341,37,37,"Ec",30,1,0,1,1,1,0.958688519948705
"20438",191,"Ec_N",341,38,38,"Ec",30,1,0,1,1,1,0.958688519948705
"20439",191,"Ec_N",341,39,39,"Ec",30,1,0,1,1,1,0.958688519948705
"20440",191,"Ec_N",341,40,40,"Ec",30,1,0,1,1,1,0.958688519948705
"20441",191,"Ec_N",341,41,41,"Ec",30,1,0,1,1,1,0.958688519948705
"20442",191,"Ec_N",341,42,42,"Ec",30,1,0,1,1,1,0.958688519948705
"20443",191,"Ec_N",341,43,43,"Ec",30,1,0,1,1,1,0.958688519948705
"20444",191,"Ec_N",341,44,44,"Ec",30,1,0,1,1,1,0.958688519948705
"20445",191,"Ec_N",341,45,45,"Ec",30,1,0,1,1,1,0.958688519948705
"20446",191,"Ec_N",341,46,46,"Ec",30,1,0,1,1,1,0.958688519948705
"20447",191,"Ec_N",341,47,47,"Ec",30,1,0,1,1,1,0.958688519948705
"20448",191,"Ec_N",341,48,48,"Ec",30,1,0,1,1,1,0.958688519948705
"20449",191,"Ec_N",341,49,49,"Ec",30,1,0,1,1,1,0.958688519948705
"20450",191,"Ec_N",341,50,50,"Ec",30,1,0,1,1,1,0.958688519948705
"20451",191,"Ec_N",341,51,51,"Ec",30,1,0,1,1,1,0.958688519948705
"20452",191,"Ec_N",341,52,52,"Ec",30,1,0,1,1,1,0.958688519948705
"20453",191,"Ec_N",341,53,53,"Ec",30,1,0,1,1,1,0.958688519948705
"20454",191,"Ec_N",341,54,54,"Ec",30,1,0,1,1,1,0.958688519948705
"20455",191,"Ec_N",341,55,55,"Ec",32,1,1,1,1,1,1
"20456",191,"Ec_N",341,56,56,"Ec",32,1,1,1,1,1,1
"20457",191,"Ec_N",341,57,57,"Ec",32,1,1,1,1,1,1
"20458",191,"Ec_N",341,58,58,"Ec",32,1,1,1,1,1,1
"20459",191,"Ec_N",341,59,59,"Ec",32,1,1,1,1,1,1
"20460",191,"Ec_N",341,60,60,"Ec",32,1,1,1,1,1,1
"20461",191,"Ec_N",342,1,1,"Ec",1,0,0,0,0,0,0
"20462",191,"Ec_N",342,2,2,"Ec",1,0,0,0,0,0,0
"20463",191,"Ec_N",342,3,3,"Ec",1,0,0,0,0,0,0
"20464",191,"Ec_N",342,4,4,"Ec",1,0,0,0,0,0,0
"20465",191,"Ec_N",342,5,5,"Ec",1,0,0,0,0,0,0
"20466",191,"Ec_N",342,6,6,"Ec",1,0,0,0,0,0,0
"20467",191,"Ec_N",342,7,7,"Ec",1,0,0,0,0,0,0
"20468",191,"Ec_N",342,8,8,"Ec",9,0,0,0,1,0,0.0305419930719563
"20469",191,"Ec_N",342,9,9,"Ec",9,0,0,0,1,0,0.0305419930719563
"20470",191,"Ec_N",342,10,10,"Ec",9,0,0,0,1,0,0.0305419930719563
"20471",191,"Ec_N",342,11,11,"Ec",9,0,0,0,1,0,0.0305419930719563
"20472",191,"Ec_N",342,12,12,"Ec",9,0,0,0,1,0,0.0305419930719563
"20473",191,"Ec_N",342,13,13,"Ec",9,0,0,0,1,0,0.0305419930719563
"20474",191,"Ec_N",342,14,14,"Ec",9,0,0,0,1,0,0.0305419930719563
"20475",191,"Ec_N",342,15,15,"Ec",9,0,0,0,1,0,0.0305419930719563
"20476",191,"Ec_N",342,16,16,"Ec",9,0,0,0,1,0,0.0305419930719563
"20477",191,"Ec_N",342,17,17,"Ec",9,0,0,0,1,0,0.0305419930719563
"20478",191,"Ec_N",342,18,18,"Ec",9,0,0,0,1,0,0.0305419930719563
"20479",191,"Ec_N",342,19,19,"Ec",9,0,0,0,1,0,0.0305419930719563
"20480",191,"Ec_N",342,20,20,"Ec",9,0,0,0,1,0,0.0305419930719563
"20481",191,"Ec_N",342,21,21,"Ec",9,0,0,0,1,0,0.0305419930719563
"20482",191,"Ec_N",342,22,22,"Ec",25,0,0,0,1,1,0.403163568932085
"20483",191,"Ec_N",342,23,23,"Ec",25,0,0,0,1,1,0.403163568932085
"20484",191,"Ec_N",342,24,24,"Ec",25,0,0,0,1,1,0.403163568932085
"20485",191,"Ec_N",342,25,25,"Ec",25,0,0,0,1,1,0.403163568932085
"20486",191,"Ec_N",342,26,26,"Ec",25,0,0,0,1,1,0.403163568932085
"20487",191,"Ec_N",342,27,27,"Ec",25,0,0,0,1,1,0.403163568932085
"20488",191,"Ec_N",342,28,28,"Ec",25,0,0,0,1,1,0.403163568932085
"20489",191,"Ec_N",342,29,29,"Ec",25,0,0,0,1,1,0.403163568932085
"20490",191,"Ec_N",342,30,30,"Ec",26,1,0,0,1,1,0.514384015075299
"20491",191,"Ec_N",342,31,31,"Ec",30,1,0,1,1,1,0.958688519948705
"20492",191,"Ec_N",342,32,32,"Ec",30,1,0,1,1,1,0.958688519948705
"20493",191,"Ec_N",342,33,33,"Ec",30,1,0,1,1,1,0.958688519948705
"20494",191,"Ec_N",342,34,34,"Ec",32,1,1,1,1,1,1
"20495",191,"Ec_N",342,35,35,"Ec",32,1,1,1,1,1,1
"20496",191,"Ec_N",342,36,36,"Ec",32,1,1,1,1,1,1
"20497",191,"Ec_N",342,37,37,"Ec",32,1,1,1,1,1,1
"20498",191,"Ec_N",342,38,38,"Ec",32,1,1,1,1,1,1
"20499",191,"Ec_N",342,39,39,"Ec",32,1,1,1,1,1,1
"20500",191,"Ec_N",342,40,40,"Ec",32,1,1,1,1,1,1
"20501",191,"Ec_N",342,41,41,"Ec",32,1,1,1,1,1,1
"20502",191,"Ec_N",342,42,42,"Ec",32,1,1,1,1,1,1
"20503",191,"Ec_N",342,43,43,"Ec",32,1,1,1,1,1,1
"20504",191,"Ec_N",342,44,44,"Ec",32,1,1,1,1,1,1
"20505",191,"Ec_N",342,45,45,"Ec",32,1,1,1,1,1,1
"20506",191,"Ec_N",342,46,46,"Ec",32,1,1,1,1,1,1
"20507",191,"Ec_N",342,47,47,"Ec",32,1,1,1,1,1,1
"20508",191,"Ec_N",342,48,48,"Ec",32,1,1,1,1,1,1
"20509",191,"Ec_N",342,49,49,"Ec",32,1,1,1,1,1,1
"20510",191,"Ec_N",342,50,50,"Ec",32,1,1,1,1,1,1
"20511",191,"Ec_N",342,51,51,"Ec",32,1,1,1,1,1,1
"20512",191,"Ec_N",342,52,52,"Ec",32,1,1,1,1,1,1
"20513",191,"Ec_N",342,53,53,"Ec",32,1,1,1,1,1,1
"20514",191,"Ec_N",342,54,54,"Ec",32,1,1,1,1,1,1
"20515",191,"Ec_N",342,55,55,"Ec",32,1,1,1,1,1,1
"20516",191,"Ec_N",342,56,56,"Ec",32,1,1,1,1,1,1
"20517",191,"Ec_N",342,57,57,"Ec",32,1,1,1,1,1,1
"20518",191,"Ec_N",342,58,58,"Ec",32,1,1,1,1,1,1
"20519",191,"Ec_N",342,59,59,"Ec",32,1,1,1,1,1,1
"20520",191,"Ec_N",342,60,60,"Ec",32,1,1,1,1,1,1
"20521",191,"Ec_N",343,1,1,"Ec",1,0,0,0,0,0,0
"20522",191,"Ec_N",343,2,2,"Ec",1,0,0,0,0,0,0
"20523",191,"Ec_N",343,3,3,"Ec",1,0,0,0,0,0,0
"20524",191,"Ec_N",343,4,4,"Ec",9,0,0,0,1,0,0.0305419930719563
"20525",191,"Ec_N",343,5,5,"Ec",9,0,0,0,1,0,0.0305419930719563
"20526",191,"Ec_N",343,6,6,"Ec",9,0,0,0,1,0,0.0305419930719563
"20527",191,"Ec_N",343,7,7,"Ec",9,0,0,0,1,0,0.0305419930719563
"20528",191,"Ec_N",343,8,8,"Ec",9,0,0,0,1,0,0.0305419930719563
"20529",191,"Ec_N",343,9,9,"Ec",9,0,0,0,1,0,0.0305419930719563
"20530",191,"Ec_N",343,10,10,"Ec",9,0,0,0,1,0,0.0305419930719563
"20531",191,"Ec_N",343,11,11,"Ec",9,0,0,0,1,0,0.0305419930719563
"20532",191,"Ec_N",343,12,12,"Ec",9,0,0,0,1,0,0.0305419930719563
"20533",191,"Ec_N",343,13,13,"Ec",9,0,0,0,1,0,0.0305419930719563
"20534",191,"Ec_N",343,14,14,"Ec",9,0,0,0,1,0,0.0305419930719563
"20535",191,"Ec_N",343,15,15,"Ec",9,0,0,0,1,0,0.0305419930719563
"20536",191,"Ec_N",343,16,16,"Ec",9,0,0,0,1,0,0.0305419930719563
"20537",191,"Ec_N",343,17,17,"Ec",9,0,0,0,1,0,0.0305419930719563
"20538",191,"Ec_N",343,18,18,"Ec",9,0,0,0,1,0,0.0305419930719563
"20539",191,"Ec_N",343,19,19,"Ec",9,0,0,0,1,0,0.0305419930719563
"20540",191,"Ec_N",343,20,20,"Ec",9,0,0,0,1,0,0.0305419930719563
"20541",191,"Ec_N",343,21,21,"Ec",9,0,0,0,1,0,0.0305419930719563
"20542",191,"Ec_N",343,22,22,"Ec",9,0,0,0,1,0,0.0305419930719563
"20543",191,"Ec_N",343,23,23,"Ec",9,0,0,0,1,0,0.0305419930719563
"20544",191,"Ec_N",343,24,24,"Ec",10,1,0,0,1,0,0.228562363617893
"20545",191,"Ec_N",343,25,25,"Ec",10,1,0,0,1,0,0.228562363617893
"20546",191,"Ec_N",343,26,26,"Ec",10,1,0,0,1,0,0.228562363617893
"20547",191,"Ec_N",343,27,27,"Ec",10,1,0,0,1,0,0.228562363617893
"20548",191,"Ec_N",343,28,28,"Ec",10,1,0,0,1,0,0.228562363617893
"20549",191,"Ec_N",343,29,29,"Ec",10,1,0,0,1,0,0.228562363617893
"20550",191,"Ec_N",343,30,30,"Ec",10,1,0,0,1,0,0.228562363617893
"20551",191,"Ec_N",343,31,31,"Ec",10,1,0,0,1,0,0.228562363617893
"20552",191,"Ec_N",343,32,32,"Ec",10,1,0,0,1,0,0.228562363617893
"20553",191,"Ec_N",343,33,33,"Ec",10,1,0,0,1,0,0.228562363617893
"20554",191,"Ec_N",343,34,34,"Ec",10,1,0,0,1,0,0.228562363617893
"20555",191,"Ec_N",343,35,35,"Ec",10,1,0,0,1,0,0.228562363617893
"20556",191,"Ec_N",343,36,36,"Ec",10,1,0,0,1,0,0.228562363617893
"20557",191,"Ec_N",343,37,37,"Ec",10,1,0,0,1,0,0.228562363617893
"20558",191,"Ec_N",343,38,38,"Ec",12,1,1,0,1,0,0.259780205416137
"20559",191,"Ec_N",343,39,39,"Ec",12,1,1,0,1,0,0.259780205416137
"20560",191,"Ec_N",343,40,40,"Ec",12,1,1,0,1,0,0.259780205416137
"20561",191,"Ec_N",343,41,41,"Ec",12,1,1,0,1,0,0.259780205416137
"20562",191,"Ec_N",343,42,42,"Ec",12,1,1,0,1,0,0.259780205416137
"20563",191,"Ec_N",343,43,43,"Ec",12,1,1,0,1,0,0.259780205416137
"20564",191,"Ec_N",343,44,44,"Ec",16,1,1,1,1,0,0.456015583082203
"20565",191,"Ec_N",343,45,45,"Ec",16,1,1,1,1,0,0.456015583082203
"20566",191,"Ec_N",343,46,46,"Ec",16,1,1,1,1,0,0.456015583082203
"20567",191,"Ec_N",343,47,47,"Ec",16,1,1,1,1,0,0.456015583082203
"20568",191,"Ec_N",343,48,48,"Ec",16,1,1,1,1,0,0.456015583082203
"20569",191,"Ec_N",343,49,49,"Ec",16,1,1,1,1,0,0.456015583082203
"20570",191,"Ec_N",343,50,50,"Ec",16,1,1,1,1,0,0.456015583082203
"20571",191,"Ec_N",343,51,51,"Ec",16,1,1,1,1,0,0.456015583082203
"20572",191,"Ec_N",343,52,52,"Ec",16,1,1,1,1,0,0.456015583082203
"20573",191,"Ec_N",343,53,53,"Ec",16,1,1,1,1,0,0.456015583082203
"20574",191,"Ec_N",343,54,54,"Ec",16,1,1,1,1,0,0.456015583082203
"20575",191,"Ec_N",343,55,55,"Ec",16,1,1,1,1,0,0.456015583082203
"20576",191,"Ec_N",343,56,56,"Ec",16,1,1,1,1,0,0.456015583082203
"20577",191,"Ec_N",343,57,57,"Ec",16,1,1,1,1,0,0.456015583082203
"20578",191,"Ec_N",343,58,58,"Ec",16,1,1,1,1,0,0.456015583082203
"20579",191,"Ec_N",343,59,59,"Ec",16,1,1,1,1,0,0.456015583082203
"20580",191,"Ec_N",343,60,60,"Ec",16,1,1,1,1,0,0.456015583082203
"20581",191,"Ec_N",344,1,1,"Ec",1,0,0,0,0,0,0
"20582",191,"Ec_N",344,2,2,"Ec",1,0,0,0,0,0,0
"20583",191,"Ec_N",344,3,3,"Ec",1,0,0,0,0,0,0
"20584",191,"Ec_N",344,4,4,"Ec",1,0,0,0,0,0,0
"20585",191,"Ec_N",344,5,5,"Ec",1,0,0,0,0,0,0
"20586",191,"Ec_N",344,6,6,"Ec",1,0,0,0,0,0,0
"20587",191,"Ec_N",344,7,7,"Ec",1,0,0,0,0,0,0
"20588",191,"Ec_N",344,8,8,"Ec",1,0,0,0,0,0,0
"20589",191,"Ec_N",344,9,9,"Ec",1,0,0,0,0,0,0
"20590",191,"Ec_N",344,10,10,"Ec",1,0,0,0,0,0,0
"20591",191,"Ec_N",344,11,11,"Ec",1,0,0,0,0,0,0
"20592",191,"Ec_N",344,12,12,"Ec",1,0,0,0,0,0,0
"20593",191,"Ec_N",344,13,13,"Ec",1,0,0,0,0,0,0
"20594",191,"Ec_N",344,14,14,"Ec",5,0,0,1,0,0,0.49313446766664
"20595",191,"Ec_N",344,15,15,"Ec",5,0,0,1,0,0,0.49313446766664
"20596",191,"Ec_N",344,16,16,"Ec",5,0,0,1,0,0,0.49313446766664
"20597",191,"Ec_N",344,17,17,"Ec",5,0,0,1,0,0,0.49313446766664
"20598",191,"Ec_N",344,18,18,"Ec",5,0,0,1,0,0,0.49313446766664
"20599",191,"Ec_N",344,19,19,"Ec",5,0,0,1,0,0,0.49313446766664
"20600",191,"Ec_N",344,20,20,"Ec",5,0,0,1,0,0,0.49313446766664
"20601",191,"Ec_N",344,21,21,"Ec",5,0,0,1,0,0,0.49313446766664
"20602",191,"Ec_N",344,22,22,"Ec",5,0,0,1,0,0,0.49313446766664
"20603",191,"Ec_N",344,23,23,"Ec",5,0,0,1,0,0,0.49313446766664
"20604",191,"Ec_N",344,24,24,"Ec",5,0,0,1,0,0,0.49313446766664
"20605",191,"Ec_N",344,25,25,"Ec",5,0,0,1,0,0,0.49313446766664
"20606",191,"Ec_N",344,26,26,"Ec",5,0,0,1,0,0,0.49313446766664
"20607",191,"Ec_N",344,27,27,"Ec",5,0,0,1,0,0,0.49313446766664
"20608",191,"Ec_N",344,28,28,"Ec",5,0,0,1,0,0,0.49313446766664
"20609",191,"Ec_N",344,29,29,"Ec",5,0,0,1,0,0,0.49313446766664
"20610",191,"Ec_N",344,30,30,"Ec",5,0,0,1,0,0,0.49313446766664
"20611",191,"Ec_N",344,31,31,"Ec",5,0,0,1,0,0,0.49313446766664
"20612",191,"Ec_N",344,32,32,"Ec",5,0,0,1,0,0,0.49313446766664
"20613",191,"Ec_N",344,33,33,"Ec",5,0,0,1,0,0,0.49313446766664
"20614",191,"Ec_N",344,34,34,"Ec",21,0,0,1,0,1,0.726280938342543
"20615",191,"Ec_N",344,35,35,"Ec",21,0,0,1,0,1,0.726280938342543
"20616",191,"Ec_N",344,36,36,"Ec",29,0,0,1,1,1,0.760668149402769
"20617",191,"Ec_N",344,37,37,"Ec",29,0,0,1,1,1,0.760668149402769
"20618",191,"Ec_N",344,38,38,"Ec",29,0,0,1,1,1,0.760668149402769
"20619",191,"Ec_N",344,39,39,"Ec",29,0,0,1,1,1,0.760668149402769
"20620",191,"Ec_N",344,40,40,"Ec",29,0,0,1,1,1,0.760668149402769
"20621",191,"Ec_N",344,41,41,"Ec",30,1,0,1,1,1,0.958688519948705
"20622",191,"Ec_N",344,42,42,"Ec",30,1,0,1,1,1,0.958688519948705
"20623",191,"Ec_N",344,43,43,"Ec",30,1,0,1,1,1,0.958688519948705
"20624",191,"Ec_N",344,44,44,"Ec",30,1,0,1,1,1,0.958688519948705
"20625",191,"Ec_N",344,45,45,"Ec",30,1,0,1,1,1,0.958688519948705
"20626",191,"Ec_N",344,46,46,"Ec",30,1,0,1,1,1,0.958688519948705
"20627",191,"Ec_N",344,47,47,"Ec",30,1,0,1,1,1,0.958688519948705
"20628",191,"Ec_N",344,48,48,"Ec",30,1,0,1,1,1,0.958688519948705
"20629",191,"Ec_N",344,49,49,"Ec",30,1,0,1,1,1,0.958688519948705
"20630",191,"Ec_N",344,50,50,"Ec",30,1,0,1,1,1,0.958688519948705
"20631",191,"Ec_N",344,51,51,"Ec",30,1,0,1,1,1,0.958688519948705
"20632",191,"Ec_N",344,52,52,"Ec",30,1,0,1,1,1,0.958688519948705
"20633",191,"Ec_N",344,53,53,"Ec",30,1,0,1,1,1,0.958688519948705
"20634",191,"Ec_N",344,54,54,"Ec",30,1,0,1,1,1,0.958688519948705
"20635",191,"Ec_N",344,55,55,"Ec",30,1,0,1,1,1,0.958688519948705
"20636",191,"Ec_N",344,56,56,"Ec",32,1,1,1,1,1,1
"20637",191,"Ec_N",344,57,57,"Ec",32,1,1,1,1,1,1
"20638",191,"Ec_N",344,58,58,"Ec",32,1,1,1,1,1,1
"20639",191,"Ec_N",344,59,59,"Ec",32,1,1,1,1,1,1
"20640",191,"Ec_N",344,60,60,"Ec",32,1,1,1,1,1,1
"20641",191,"Ec_N",345,1,1,"Ec",1,0,0,0,0,0,0
"20642",191,"Ec_N",345,2,2,"Ec",1,0,0,0,0,0,0
"20643",191,"Ec_N",345,3,3,"Ec",1,0,0,0,0,0,0
"20644",191,"Ec_N",345,4,4,"Ec",1,0,0,0,0,0,0
"20645",191,"Ec_N",345,5,5,"Ec",2,1,0,0,0,0,0.198020370545937
"20646",191,"Ec_N",345,6,6,"Ec",2,1,0,0,0,0,0.198020370545937
"20647",191,"Ec_N",345,7,7,"Ec",2,1,0,0,0,0,0.198020370545937
"20648",191,"Ec_N",345,8,8,"Ec",2,1,0,0,0,0,0.198020370545937
"20649",191,"Ec_N",345,9,9,"Ec",18,1,0,0,0,1,0.646504780524047
"20650",191,"Ec_N",345,10,10,"Ec",18,1,0,0,0,1,0.646504780524047
"20651",191,"Ec_N",345,11,11,"Ec",18,1,0,0,0,1,0.646504780524047
"20652",191,"Ec_N",345,12,12,"Ec",18,1,0,0,0,1,0.646504780524047
"20653",191,"Ec_N",345,13,13,"Ec",18,1,0,0,0,1,0.646504780524047
"20654",191,"Ec_N",345,14,14,"Ec",18,1,0,0,0,1,0.646504780524047
"20655",191,"Ec_N",345,15,15,"Ec",18,1,0,0,0,1,0.646504780524047
"20656",191,"Ec_N",345,16,16,"Ec",18,1,0,0,0,1,0.646504780524047
"20657",191,"Ec_N",345,17,17,"Ec",22,1,0,1,0,1,0.92522428176681
"20658",191,"Ec_N",345,18,18,"Ec",22,1,0,1,0,1,0.92522428176681
"20659",191,"Ec_N",345,19,19,"Ec",24,1,1,1,0,1,0.969458006928044
"20660",191,"Ec_N",345,20,20,"Ec",24,1,1,1,0,1,0.969458006928044
"20661",191,"Ec_N",345,21,21,"Ec",24,1,1,1,0,1,0.969458006928044
"20662",191,"Ec_N",345,22,22,"Ec",24,1,1,1,0,1,0.969458006928044
"20663",191,"Ec_N",345,23,23,"Ec",24,1,1,1,0,1,0.969458006928044
"20664",191,"Ec_N",345,24,24,"Ec",24,1,1,1,0,1,0.969458006928044
"20665",191,"Ec_N",345,25,25,"Ec",24,1,1,1,0,1,0.969458006928044
"20666",191,"Ec_N",345,26,26,"Ec",24,1,1,1,0,1,0.969458006928044
"20667",191,"Ec_N",345,27,27,"Ec",24,1,1,1,0,1,0.969458006928044
"20668",191,"Ec_N",345,28,28,"Ec",24,1,1,1,0,1,0.969458006928044
"20669",191,"Ec_N",345,29,29,"Ec",24,1,1,1,0,1,0.969458006928044
"20670",191,"Ec_N",345,30,30,"Ec",24,1,1,1,0,1,0.969458006928044
"20671",191,"Ec_N",345,31,31,"Ec",24,1,1,1,0,1,0.969458006928044
"20672",191,"Ec_N",345,32,32,"Ec",24,1,1,1,0,1,0.969458006928044
"20673",191,"Ec_N",345,33,33,"Ec",24,1,1,1,0,1,0.969458006928044
"20674",191,"Ec_N",345,34,34,"Ec",24,1,1,1,0,1,0.969458006928044
"20675",191,"Ec_N",345,35,35,"Ec",24,1,1,1,0,1,0.969458006928044
"20676",191,"Ec_N",345,36,36,"Ec",24,1,1,1,0,1,0.969458006928044
"20677",191,"Ec_N",345,37,37,"Ec",24,1,1,1,0,1,0.969458006928044
"20678",191,"Ec_N",345,38,38,"Ec",24,1,1,1,0,1,0.969458006928044
"20679",191,"Ec_N",345,39,39,"Ec",24,1,1,1,0,1,0.969458006928044
"20680",191,"Ec_N",345,40,40,"Ec",24,1,1,1,0,1,0.969458006928044
"20681",191,"Ec_N",345,41,41,"Ec",24,1,1,1,0,1,0.969458006928044
"20682",191,"Ec_N",345,42,42,"Ec",24,1,1,1,0,1,0.969458006928044
"20683",191,"Ec_N",345,43,43,"Ec",24,1,1,1,0,1,0.969458006928044
"20684",191,"Ec_N",345,44,44,"Ec",24,1,1,1,0,1,0.969458006928044
"20685",191,"Ec_N",345,45,45,"Ec",24,1,1,1,0,1,0.969458006928044
"20686",191,"Ec_N",345,46,46,"Ec",24,1,1,1,0,1,0.969458006928044
"20687",191,"Ec_N",345,47,47,"Ec",24,1,1,1,0,1,0.969458006928044
"20688",191,"Ec_N",345,48,48,"Ec",24,1,1,1,0,1,0.969458006928044
"20689",191,"Ec_N",345,49,49,"Ec",24,1,1,1,0,1,0.969458006928044
"20690",191,"Ec_N",345,50,50,"Ec",24,1,1,1,0,1,0.969458006928044
"20691",191,"Ec_N",345,51,51,"Ec",24,1,1,1,0,1,0.969458006928044
"20692",191,"Ec_N",345,52,52,"Ec",24,1,1,1,0,1,0.969458006928044
"20693",191,"Ec_N",345,53,53,"Ec",24,1,1,1,0,1,0.969458006928044
"20694",191,"Ec_N",345,54,54,"Ec",24,1,1,1,0,1,0.969458006928044
"20695",191,"Ec_N",345,55,55,"Ec",24,1,1,1,0,1,0.969458006928044
"20696",191,"Ec_N",345,56,56,"Ec",24,1,1,1,0,1,0.969458006928044
"20697",191,"Ec_N",345,57,57,"Ec",24,1,1,1,0,1,0.969458006928044
"20698",191,"Ec_N",345,58,58,"Ec",24,1,1,1,0,1,0.969458006928044
"20699",191,"Ec_N",345,59,59,"Ec",24,1,1,1,0,1,0.969458006928044
"20700",191,"Ec_N",345,60,60,"Ec",24,1,1,1,0,1,0.969458006928044
"20701",191,"Ec_N",346,1,1,"Ec",1,0,0,0,0,0,0
"20702",191,"Ec_N",346,2,2,"Ec",17,0,0,0,0,1,0.229834113103391
"20703",191,"Ec_N",346,3,3,"Ec",25,0,0,0,1,1,0.403163568932085
"20704",191,"Ec_N",346,4,4,"Ec",25,0,0,0,1,1,0.403163568932085
"20705",191,"Ec_N",346,5,5,"Ec",25,0,0,0,1,1,0.403163568932085
"20706",191,"Ec_N",346,6,6,"Ec",25,0,0,0,1,1,0.403163568932085
"20707",191,"Ec_N",346,7,7,"Ec",25,0,0,0,1,1,0.403163568932085
"20708",191,"Ec_N",346,8,8,"Ec",25,0,0,0,1,1,0.403163568932085
"20709",191,"Ec_N",346,9,9,"Ec",25,0,0,0,1,1,0.403163568932085
"20710",191,"Ec_N",346,10,10,"Ec",25,0,0,0,1,1,0.403163568932085
"20711",191,"Ec_N",346,11,11,"Ec",25,0,0,0,1,1,0.403163568932085
"20712",191,"Ec_N",346,12,12,"Ec",25,0,0,0,1,1,0.403163568932085
"20713",191,"Ec_N",346,13,13,"Ec",25,0,0,0,1,1,0.403163568932085
"20714",191,"Ec_N",346,14,14,"Ec",25,0,0,0,1,1,0.403163568932085
"20715",191,"Ec_N",346,15,15,"Ec",25,0,0,0,1,1,0.403163568932085
"20716",191,"Ec_N",346,16,16,"Ec",25,0,0,0,1,1,0.403163568932085
"20717",191,"Ec_N",346,17,17,"Ec",25,0,0,0,1,1,0.403163568932085
"20718",191,"Ec_N",346,18,18,"Ec",25,0,0,0,1,1,0.403163568932085
"20719",191,"Ec_N",346,19,19,"Ec",25,0,0,0,1,1,0.403163568932085
"20720",191,"Ec_N",346,20,20,"Ec",25,0,0,0,1,1,0.403163568932085
"20721",191,"Ec_N",346,21,21,"Ec",25,0,0,0,1,1,0.403163568932085
"20722",191,"Ec_N",346,22,22,"Ec",25,0,0,0,1,1,0.403163568932085
"20723",191,"Ec_N",346,23,23,"Ec",26,1,0,0,1,1,0.514384015075299
"20724",191,"Ec_N",346,24,24,"Ec",26,1,0,0,1,1,0.514384015075299
"20725",191,"Ec_N",346,25,25,"Ec",26,1,0,0,1,1,0.514384015075299
"20726",191,"Ec_N",346,26,26,"Ec",26,1,0,0,1,1,0.514384015075299
"20727",191,"Ec_N",346,27,27,"Ec",26,1,0,0,1,1,0.514384015075299
"20728",191,"Ec_N",346,28,28,"Ec",26,1,0,0,1,1,0.514384015075299
"20729",191,"Ec_N",346,29,29,"Ec",26,1,0,0,1,1,0.514384015075299
"20730",191,"Ec_N",346,30,30,"Ec",26,1,0,0,1,1,0.514384015075299
"20731",191,"Ec_N",346,31,31,"Ec",26,1,0,0,1,1,0.514384015075299
"20732",191,"Ec_N",346,32,32,"Ec",26,1,0,0,1,1,0.514384015075299
"20733",191,"Ec_N",346,33,33,"Ec",26,1,0,0,1,1,0.514384015075299
"20734",191,"Ec_N",346,34,34,"Ec",28,1,1,0,1,1,0.681047421119041
"20735",191,"Ec_N",346,35,35,"Ec",28,1,1,0,1,1,0.681047421119041
"20736",191,"Ec_N",346,36,36,"Ec",28,1,1,0,1,1,0.681047421119041
"20737",191,"Ec_N",346,37,37,"Ec",28,1,1,0,1,1,0.681047421119041
"20738",191,"Ec_N",346,38,38,"Ec",28,1,1,0,1,1,0.681047421119041
"20739",191,"Ec_N",346,39,39,"Ec",28,1,1,0,1,1,0.681047421119041
"20740",191,"Ec_N",346,40,40,"Ec",28,1,1,0,1,1,0.681047421119041
"20741",191,"Ec_N",346,41,41,"Ec",28,1,1,0,1,1,0.681047421119041
"20742",191,"Ec_N",346,42,42,"Ec",28,1,1,0,1,1,0.681047421119041
"20743",191,"Ec_N",346,43,43,"Ec",28,1,1,0,1,1,0.681047421119041
"20744",191,"Ec_N",346,44,44,"Ec",28,1,1,0,1,1,0.681047421119041
"20745",191,"Ec_N",346,45,45,"Ec",28,1,1,0,1,1,0.681047421119041
"20746",191,"Ec_N",346,46,46,"Ec",28,1,1,0,1,1,0.681047421119041
"20747",191,"Ec_N",346,47,47,"Ec",28,1,1,0,1,1,0.681047421119041
"20748",191,"Ec_N",346,48,48,"Ec",28,1,1,0,1,1,0.681047421119041
"20749",191,"Ec_N",346,49,49,"Ec",28,1,1,0,1,1,0.681047421119041
"20750",191,"Ec_N",346,50,50,"Ec",28,1,1,0,1,1,0.681047421119041
"20751",191,"Ec_N",346,51,51,"Ec",28,1,1,0,1,1,0.681047421119041
"20752",191,"Ec_N",346,52,52,"Ec",28,1,1,0,1,1,0.681047421119041
"20753",191,"Ec_N",346,53,53,"Ec",28,1,1,0,1,1,0.681047421119041
"20754",191,"Ec_N",346,54,54,"Ec",28,1,1,0,1,1,0.681047421119041
"20755",191,"Ec_N",346,55,55,"Ec",28,1,1,0,1,1,0.681047421119041
"20756",191,"Ec_N",346,56,56,"Ec",28,1,1,0,1,1,0.681047421119041
"20757",191,"Ec_N",346,57,57,"Ec",28,1,1,0,1,1,0.681047421119041
"20758",191,"Ec_N",346,58,58,"Ec",32,1,1,1,1,1,1
"20759",191,"Ec_N",346,59,59,"Ec",32,1,1,1,1,1,1
"20760",191,"Ec_N",346,60,60,"Ec",32,1,1,1,1,1,1
"20761",191,"Ec_N",347,1,1,"Ec",1,0,0,0,0,0,0
"20762",191,"Ec_N",347,2,2,"Ec",3,0,1,0,0,0,0.041311480051295
"20763",191,"Ec_N",347,3,3,"Ec",7,0,1,1,0,0,0.589282297794007
"20764",191,"Ec_N",347,4,4,"Ec",7,0,1,1,0,0,0.589282297794007
"20765",191,"Ec_N",347,5,5,"Ec",7,0,1,1,0,0,0.589282297794007
"20766",191,"Ec_N",347,6,6,"Ec",7,0,1,1,0,0,0.589282297794007
"20767",191,"Ec_N",347,7,7,"Ec",7,0,1,1,0,0,0.589282297794007
"20768",191,"Ec_N",347,8,8,"Ec",7,0,1,1,0,0,0.589282297794007
"20769",191,"Ec_N",347,9,9,"Ec",23,0,1,1,0,1,0.616809062130864
"20770",191,"Ec_N",347,10,10,"Ec",23,0,1,1,0,1,0.616809062130864
"20771",191,"Ec_N",347,11,11,"Ec",31,0,1,1,1,1,0.801979629454064
"20772",191,"Ec_N",347,12,12,"Ec",31,0,1,1,1,1,0.801979629454064
"20773",191,"Ec_N",347,13,13,"Ec",31,0,1,1,1,1,0.801979629454064
"20774",191,"Ec_N",347,14,14,"Ec",31,0,1,1,1,1,0.801979629454064
"20775",191,"Ec_N",347,15,15,"Ec",31,0,1,1,1,1,0.801979629454064
"20776",191,"Ec_N",347,16,16,"Ec",31,0,1,1,1,1,0.801979629454064
"20777",191,"Ec_N",347,17,17,"Ec",31,0,1,1,1,1,0.801979629454064
"20778",191,"Ec_N",347,18,18,"Ec",31,0,1,1,1,1,0.801979629454064
"20779",191,"Ec_N",347,19,19,"Ec",31,0,1,1,1,1,0.801979629454064
"20780",191,"Ec_N",347,20,20,"Ec",31,0,1,1,1,1,0.801979629454064
"20781",191,"Ec_N",347,21,21,"Ec",31,0,1,1,1,1,0.801979629454064
"20782",191,"Ec_N",347,22,22,"Ec",31,0,1,1,1,1,0.801979629454064
"20783",191,"Ec_N",347,23,23,"Ec",31,0,1,1,1,1,0.801979629454064
"20784",191,"Ec_N",347,24,24,"Ec",31,0,1,1,1,1,0.801979629454064
"20785",191,"Ec_N",347,25,25,"Ec",31,0,1,1,1,1,0.801979629454064
"20786",191,"Ec_N",347,26,26,"Ec",31,0,1,1,1,1,0.801979629454064
"20787",191,"Ec_N",347,27,27,"Ec",31,0,1,1,1,1,0.801979629454064
"20788",191,"Ec_N",347,28,28,"Ec",31,0,1,1,1,1,0.801979629454064
"20789",191,"Ec_N",347,29,29,"Ec",31,0,1,1,1,1,0.801979629454064
"20790",191,"Ec_N",347,30,30,"Ec",31,0,1,1,1,1,0.801979629454064
"20791",191,"Ec_N",347,31,31,"Ec",31,0,1,1,1,1,0.801979629454064
"20792",191,"Ec_N",347,32,32,"Ec",31,0,1,1,1,1,0.801979629454064
"20793",191,"Ec_N",347,33,33,"Ec",31,0,1,1,1,1,0.801979629454064
"20794",191,"Ec_N",347,34,34,"Ec",31,0,1,1,1,1,0.801979629454064
"20795",191,"Ec_N",347,35,35,"Ec",31,0,1,1,1,1,0.801979629454064
"20796",191,"Ec_N",347,36,36,"Ec",31,0,1,1,1,1,0.801979629454064
"20797",191,"Ec_N",347,37,37,"Ec",31,0,1,1,1,1,0.801979629454064
"20798",191,"Ec_N",347,38,38,"Ec",31,0,1,1,1,1,0.801979629454064
"20799",191,"Ec_N",347,39,39,"Ec",31,0,1,1,1,1,0.801979629454064
"20800",191,"Ec_N",347,40,40,"Ec",31,0,1,1,1,1,0.801979629454064
"20801",191,"Ec_N",347,41,41,"Ec",31,0,1,1,1,1,0.801979629454064
"20802",191,"Ec_N",347,42,42,"Ec",31,0,1,1,1,1,0.801979629454064
"20803",191,"Ec_N",347,43,43,"Ec",31,0,1,1,1,1,0.801979629454064
"20804",191,"Ec_N",347,44,44,"Ec",31,0,1,1,1,1,0.801979629454064
"20805",191,"Ec_N",347,45,45,"Ec",31,0,1,1,1,1,0.801979629454064
"20806",191,"Ec_N",347,46,46,"Ec",31,0,1,1,1,1,0.801979629454064
"20807",191,"Ec_N",347,47,47,"Ec",31,0,1,1,1,1,0.801979629454064
"20808",191,"Ec_N",347,48,48,"Ec",31,0,1,1,1,1,0.801979629454064
"20809",191,"Ec_N",347,49,49,"Ec",31,0,1,1,1,1,0.801979629454064
"20810",191,"Ec_N",347,50,50,"Ec",31,0,1,1,1,1,0.801979629454064
"20811",191,"Ec_N",347,51,51,"Ec",31,0,1,1,1,1,0.801979629454064
"20812",191,"Ec_N",347,52,52,"Ec",31,0,1,1,1,1,0.801979629454064
"20813",191,"Ec_N",347,53,53,"Ec",32,1,1,1,1,1,1
"20814",191,"Ec_N",347,54,54,"Ec",32,1,1,1,1,1,1
"20815",191,"Ec_N",347,55,55,"Ec",32,1,1,1,1,1,1
"20816",191,"Ec_N",347,56,56,"Ec",32,1,1,1,1,1,1
"20817",191,"Ec_N",347,57,57,"Ec",32,1,1,1,1,1,1
"20818",191,"Ec_N",347,58,58,"Ec",32,1,1,1,1,1,1
"20819",191,"Ec_N",347,59,59,"Ec",32,1,1,1,1,1,1
"20820",191,"Ec_N",347,60,60,"Ec",32,1,1,1,1,1,1
"20821",191,"Ec_N",348,1,1,"Ec",1,0,0,0,0,0,0
"20822",191,"Ec_N",348,2,2,"Ec",1,0,0,0,0,0,0
"20823",191,"Ec_N",348,3,3,"Ec",1,0,0,0,0,0,0
"20824",191,"Ec_N",348,4,4,"Ec",1,0,0,0,0,0,0
"20825",191,"Ec_N",348,5,5,"Ec",1,0,0,0,0,0,0
"20826",191,"Ec_N",348,6,6,"Ec",1,0,0,0,0,0,0
"20827",191,"Ec_N",348,7,7,"Ec",1,0,0,0,0,0,0
"20828",191,"Ec_N",348,8,8,"Ec",1,0,0,0,0,0,0
"20829",191,"Ec_N",348,9,9,"Ec",1,0,0,0,0,0,0
"20830",191,"Ec_N",348,10,10,"Ec",17,0,0,0,0,1,0.229834113103391
"20831",191,"Ec_N",348,11,11,"Ec",17,0,0,0,0,1,0.229834113103391
"20832",191,"Ec_N",348,12,12,"Ec",18,1,0,0,0,1,0.646504780524047
"20833",191,"Ec_N",348,13,13,"Ec",18,1,0,0,0,1,0.646504780524047
"20834",191,"Ec_N",348,14,14,"Ec",18,1,0,0,0,1,0.646504780524047
"20835",191,"Ec_N",348,15,15,"Ec",18,1,0,0,0,1,0.646504780524047
"20836",191,"Ec_N",348,16,16,"Ec",18,1,0,0,0,1,0.646504780524047
"20837",191,"Ec_N",348,17,17,"Ec",18,1,0,0,0,1,0.646504780524047
"20838",191,"Ec_N",348,18,18,"Ec",18,1,0,0,0,1,0.646504780524047
"20839",191,"Ec_N",348,19,19,"Ec",18,1,0,0,0,1,0.646504780524047
"20840",191,"Ec_N",348,20,20,"Ec",18,1,0,0,0,1,0.646504780524047
"20841",191,"Ec_N",348,21,21,"Ec",18,1,0,0,0,1,0.646504780524047
"20842",191,"Ec_N",348,22,22,"Ec",18,1,0,0,0,1,0.646504780524047
"20843",191,"Ec_N",348,23,23,"Ec",18,1,0,0,0,1,0.646504780524047
"20844",191,"Ec_N",348,24,24,"Ec",18,1,0,0,0,1,0.646504780524047
"20845",191,"Ec_N",348,25,25,"Ec",18,1,0,0,0,1,0.646504780524047
"20846",191,"Ec_N",348,26,26,"Ec",18,1,0,0,0,1,0.646504780524047
"20847",191,"Ec_N",348,27,27,"Ec",18,1,0,0,0,1,0.646504780524047
"20848",191,"Ec_N",348,28,28,"Ec",18,1,0,0,0,1,0.646504780524047
"20849",191,"Ec_N",348,29,29,"Ec",18,1,0,0,0,1,0.646504780524047
"20850",191,"Ec_N",348,30,30,"Ec",18,1,0,0,0,1,0.646504780524047
"20851",191,"Ec_N",348,31,31,"Ec",18,1,0,0,0,1,0.646504780524047
"20852",191,"Ec_N",348,32,32,"Ec",18,1,0,0,0,1,0.646504780524047
"20853",191,"Ec_N",348,33,33,"Ec",18,1,0,0,0,1,0.646504780524047
"20854",191,"Ec_N",348,34,34,"Ec",18,1,0,0,0,1,0.646504780524047
"20855",191,"Ec_N",348,35,35,"Ec",22,1,0,1,0,1,0.92522428176681
"20856",191,"Ec_N",348,36,36,"Ec",22,1,0,1,0,1,0.92522428176681
"20857",191,"Ec_N",348,37,37,"Ec",22,1,0,1,0,1,0.92522428176681
"20858",191,"Ec_N",348,38,38,"Ec",22,1,0,1,0,1,0.92522428176681
"20859",191,"Ec_N",348,39,39,"Ec",30,1,0,1,1,1,0.958688519948705
"20860",191,"Ec_N",348,40,40,"Ec",30,1,0,1,1,1,0.958688519948705
"20861",191,"Ec_N",348,41,41,"Ec",30,1,0,1,1,1,0.958688519948705
"20862",191,"Ec_N",348,42,42,"Ec",30,1,0,1,1,1,0.958688519948705
"20863",191,"Ec_N",348,43,43,"Ec",30,1,0,1,1,1,0.958688519948705
"20864",191,"Ec_N",348,44,44,"Ec",30,1,0,1,1,1,0.958688519948705
"20865",191,"Ec_N",348,45,45,"Ec",30,1,0,1,1,1,0.958688519948705
"20866",191,"Ec_N",348,46,46,"Ec",30,1,0,1,1,1,0.958688519948705
"20867",191,"Ec_N",348,47,47,"Ec",30,1,0,1,1,1,0.958688519948705
"20868",191,"Ec_N",348,48,48,"Ec",32,1,1,1,1,1,1
"20869",191,"Ec_N",348,49,49,"Ec",32,1,1,1,1,1,1
"20870",191,"Ec_N",348,50,50,"Ec",32,1,1,1,1,1,1
"20871",191,"Ec_N",348,51,51,"Ec",32,1,1,1,1,1,1
"20872",191,"Ec_N",348,52,52,"Ec",32,1,1,1,1,1,1
"20873",191,"Ec_N",348,53,53,"Ec",32,1,1,1,1,1,1
"20874",191,"Ec_N",348,54,54,"Ec",32,1,1,1,1,1,1
"20875",191,"Ec_N",348,55,55,"Ec",32,1,1,1,1,1,1
"20876",191,"Ec_N",348,56,56,"Ec",32,1,1,1,1,1,1
"20877",191,"Ec_N",348,57,57,"Ec",32,1,1,1,1,1,1
"20878",191,"Ec_N",348,58,58,"Ec",32,1,1,1,1,1,1
"20879",191,"Ec_N",348,59,59,"Ec",32,1,1,1,1,1,1
"20880",191,"Ec_N",348,60,60,"Ec",32,1,1,1,1,1,1
"20881",191,"Ec_N",349,1,1,"Ec",1,0,0,0,0,0,0
"20882",191,"Ec_N",349,2,2,"Ec",1,0,0,0,0,0,0
"20883",191,"Ec_N",349,3,3,"Ec",5,0,0,1,0,0,0.49313446766664
"20884",191,"Ec_N",349,4,4,"Ec",5,0,0,1,0,0,0.49313446766664
"20885",191,"Ec_N",349,5,5,"Ec",5,0,0,1,0,0,0.49313446766664
"20886",191,"Ec_N",349,6,6,"Ec",21,0,0,1,0,1,0.726280938342543
"20887",191,"Ec_N",349,7,7,"Ec",21,0,0,1,0,1,0.726280938342543
"20888",191,"Ec_N",349,8,8,"Ec",21,0,0,1,0,1,0.726280938342543
"20889",191,"Ec_N",349,9,9,"Ec",21,0,0,1,0,1,0.726280938342543
"20890",191,"Ec_N",349,10,10,"Ec",21,0,0,1,0,1,0.726280938342543
"20891",191,"Ec_N",349,11,11,"Ec",21,0,0,1,0,1,0.726280938342543
"20892",191,"Ec_N",349,12,12,"Ec",21,0,0,1,0,1,0.726280938342543
"20893",191,"Ec_N",349,13,13,"Ec",21,0,0,1,0,1,0.726280938342543
"20894",191,"Ec_N",349,14,14,"Ec",21,0,0,1,0,1,0.726280938342543
"20895",191,"Ec_N",349,15,15,"Ec",21,0,0,1,0,1,0.726280938342543
"20896",191,"Ec_N",349,16,16,"Ec",21,0,0,1,0,1,0.726280938342543
"20897",191,"Ec_N",349,17,17,"Ec",21,0,0,1,0,1,0.726280938342543
"20898",191,"Ec_N",349,18,18,"Ec",21,0,0,1,0,1,0.726280938342543
"20899",191,"Ec_N",349,19,19,"Ec",21,0,0,1,0,1,0.726280938342543
"20900",191,"Ec_N",349,20,20,"Ec",21,0,0,1,0,1,0.726280938342543
"20901",191,"Ec_N",349,21,21,"Ec",21,0,0,1,0,1,0.726280938342543
"20902",191,"Ec_N",349,22,22,"Ec",21,0,0,1,0,1,0.726280938342543
"20903",191,"Ec_N",349,23,23,"Ec",21,0,0,1,0,1,0.726280938342543
"20904",191,"Ec_N",349,24,24,"Ec",21,0,0,1,0,1,0.726280938342543
"20905",191,"Ec_N",349,25,25,"Ec",21,0,0,1,0,1,0.726280938342543
"20906",191,"Ec_N",349,26,26,"Ec",21,0,0,1,0,1,0.726280938342543
"20907",191,"Ec_N",349,27,27,"Ec",21,0,0,1,0,1,0.726280938342543
"20908",191,"Ec_N",349,28,28,"Ec",29,0,0,1,1,1,0.760668149402769
"20909",191,"Ec_N",349,29,29,"Ec",29,0,0,1,1,1,0.760668149402769
"20910",191,"Ec_N",349,30,30,"Ec",29,0,0,1,1,1,0.760668149402769
"20911",191,"Ec_N",349,31,31,"Ec",29,0,0,1,1,1,0.760668149402769
"20912",191,"Ec_N",349,32,32,"Ec",29,0,0,1,1,1,0.760668149402769
"20913",191,"Ec_N",349,33,33,"Ec",29,0,0,1,1,1,0.760668149402769
"20914",191,"Ec_N",349,34,34,"Ec",29,0,0,1,1,1,0.760668149402769
"20915",191,"Ec_N",349,35,35,"Ec",29,0,0,1,1,1,0.760668149402769
"20916",191,"Ec_N",349,36,36,"Ec",29,0,0,1,1,1,0.760668149402769
"20917",191,"Ec_N",349,37,37,"Ec",31,0,1,1,1,1,0.801979629454064
"20918",191,"Ec_N",349,38,38,"Ec",31,0,1,1,1,1,0.801979629454064
"20919",191,"Ec_N",349,39,39,"Ec",31,0,1,1,1,1,0.801979629454064
"20920",191,"Ec_N",349,40,40,"Ec",31,0,1,1,1,1,0.801979629454064
"20921",191,"Ec_N",349,41,41,"Ec",31,0,1,1,1,1,0.801979629454064
"20922",191,"Ec_N",349,42,42,"Ec",31,0,1,1,1,1,0.801979629454064
"20923",191,"Ec_N",349,43,43,"Ec",31,0,1,1,1,1,0.801979629454064
"20924",191,"Ec_N",349,44,44,"Ec",31,0,1,1,1,1,0.801979629454064
"20925",191,"Ec_N",349,45,45,"Ec",31,0,1,1,1,1,0.801979629454064
"20926",191,"Ec_N",349,46,46,"Ec",31,0,1,1,1,1,0.801979629454064
"20927",191,"Ec_N",349,47,47,"Ec",31,0,1,1,1,1,0.801979629454064
"20928",191,"Ec_N",349,48,48,"Ec",31,0,1,1,1,1,0.801979629454064
"20929",191,"Ec_N",349,49,49,"Ec",31,0,1,1,1,1,0.801979629454064
"20930",191,"Ec_N",349,50,50,"Ec",31,0,1,1,1,1,0.801979629454064
"20931",191,"Ec_N",349,51,51,"Ec",31,0,1,1,1,1,0.801979629454064
"20932",191,"Ec_N",349,52,52,"Ec",31,0,1,1,1,1,0.801979629454064
"20933",191,"Ec_N",349,53,53,"Ec",31,0,1,1,1,1,0.801979629454064
"20934",191,"Ec_N",349,54,54,"Ec",32,1,1,1,1,1,1
"20935",191,"Ec_N",349,55,55,"Ec",32,1,1,1,1,1,1
"20936",191,"Ec_N",349,56,56,"Ec",32,1,1,1,1,1,1
"20937",191,"Ec_N",349,57,57,"Ec",32,1,1,1,1,1,1
"20938",191,"Ec_N",349,58,58,"Ec",32,1,1,1,1,1,1
"20939",191,"Ec_N",349,59,59,"Ec",32,1,1,1,1,1,1
"20940",191,"Ec_N",349,60,60,"Ec",32,1,1,1,1,1,1
"20941",191,"Ec_N",350,1,1,"Ec",1,0,0,0,0,0,0
"20942",191,"Ec_N",350,2,2,"Ec",1,0,0,0,0,0,0
"20943",191,"Ec_N",350,3,3,"Ec",1,0,0,0,0,0,0
"20944",191,"Ec_N",350,4,4,"Ec",1,0,0,0,0,0,0
"20945",191,"Ec_N",350,5,5,"Ec",1,0,0,0,0,0,0
"20946",191,"Ec_N",350,6,6,"Ec",9,0,0,0,1,0,0.0305419930719563
"20947",191,"Ec_N",350,7,7,"Ec",9,0,0,0,1,0,0.0305419930719563
"20948",191,"Ec_N",350,8,8,"Ec",9,0,0,0,1,0,0.0305419930719563
"20949",191,"Ec_N",350,9,9,"Ec",9,0,0,0,1,0,0.0305419930719563
"20950",191,"Ec_N",350,10,10,"Ec",9,0,0,0,1,0,0.0305419930719563
"20951",191,"Ec_N",350,11,11,"Ec",25,0,0,0,1,1,0.403163568932085
"20952",191,"Ec_N",350,12,12,"Ec",25,0,0,0,1,1,0.403163568932085
"20953",191,"Ec_N",350,13,13,"Ec",25,0,0,0,1,1,0.403163568932085
"20954",191,"Ec_N",350,14,14,"Ec",25,0,0,0,1,1,0.403163568932085
"20955",191,"Ec_N",350,15,15,"Ec",25,0,0,0,1,1,0.403163568932085
"20956",191,"Ec_N",350,16,16,"Ec",25,0,0,0,1,1,0.403163568932085
"20957",191,"Ec_N",350,17,17,"Ec",26,1,0,0,1,1,0.514384015075299
"20958",191,"Ec_N",350,18,18,"Ec",26,1,0,0,1,1,0.514384015075299
"20959",191,"Ec_N",350,19,19,"Ec",26,1,0,0,1,1,0.514384015075299
"20960",191,"Ec_N",350,20,20,"Ec",26,1,0,0,1,1,0.514384015075299
"20961",191,"Ec_N",350,21,21,"Ec",26,1,0,0,1,1,0.514384015075299
"20962",191,"Ec_N",350,22,22,"Ec",26,1,0,0,1,1,0.514384015075299
"20963",191,"Ec_N",350,23,23,"Ec",26,1,0,0,1,1,0.514384015075299
"20964",191,"Ec_N",350,24,24,"Ec",26,1,0,0,1,1,0.514384015075299
"20965",191,"Ec_N",350,25,25,"Ec",26,1,0,0,1,1,0.514384015075299
"20966",191,"Ec_N",350,26,26,"Ec",26,1,0,0,1,1,0.514384015075299
"20967",191,"Ec_N",350,27,27,"Ec",26,1,0,0,1,1,0.514384015075299
"20968",191,"Ec_N",350,28,28,"Ec",30,1,0,1,1,1,0.958688519948705
"20969",191,"Ec_N",350,29,29,"Ec",32,1,1,1,1,1,1
"20970",191,"Ec_N",350,30,30,"Ec",32,1,1,1,1,1,1
"20971",191,"Ec_N",350,31,31,"Ec",32,1,1,1,1,1,1
"20972",191,"Ec_N",350,32,32,"Ec",32,1,1,1,1,1,1
"20973",191,"Ec_N",350,33,33,"Ec",32,1,1,1,1,1,1
"20974",191,"Ec_N",350,34,34,"Ec",32,1,1,1,1,1,1
"20975",191,"Ec_N",350,35,35,"Ec",32,1,1,1,1,1,1
"20976",191,"Ec_N",350,36,36,"Ec",32,1,1,1,1,1,1
"20977",191,"Ec_N",350,37,37,"Ec",32,1,1,1,1,1,1
"20978",191,"Ec_N",350,38,38,"Ec",32,1,1,1,1,1,1
"20979",191,"Ec_N",350,39,39,"Ec",32,1,1,1,1,1,1
"20980",191,"Ec_N",350,40,40,"Ec",32,1,1,1,1,1,1
"20981",191,"Ec_N",350,41,41,"Ec",32,1,1,1,1,1,1
"20982",191,"Ec_N",350,42,42,"Ec",32,1,1,1,1,1,1
"20983",191,"Ec_N",350,43,43,"Ec",32,1,1,1,1,1,1
"20984",191,"Ec_N",350,44,44,"Ec",32,1,1,1,1,1,1
"20985",191,"Ec_N",350,45,45,"Ec",32,1,1,1,1,1,1
"20986",191,"Ec_N",350,46,46,"Ec",32,1,1,1,1,1,1
"20987",191,"Ec_N",350,47,47,"Ec",32,1,1,1,1,1,1
"20988",191,"Ec_N",350,48,48,"Ec",32,1,1,1,1,1,1
"20989",191,"Ec_N",350,49,49,"Ec",32,1,1,1,1,1,1
"20990",191,"Ec_N",350,50,50,"Ec",32,1,1,1,1,1,1
"20991",191,"Ec_N",350,51,51,"Ec",32,1,1,1,1,1,1
"20992",191,"Ec_N",350,52,52,"Ec",32,1,1,1,1,1,1
"20993",191,"Ec_N",350,53,53,"Ec",32,1,1,1,1,1,1
"20994",191,"Ec_N",350,54,54,"Ec",32,1,1,1,1,1,1
"20995",191,"Ec_N",350,55,55,"Ec",32,1,1,1,1,1,1
"20996",191,"Ec_N",350,56,56,"Ec",32,1,1,1,1,1,1
"20997",191,"Ec_N",350,57,57,"Ec",32,1,1,1,1,1,1
"20998",191,"Ec_N",350,58,58,"Ec",32,1,1,1,1,1,1
"20999",191,"Ec_N",350,59,59,"Ec",32,1,1,1,1,1,1
"21000",191,"Ec_N",350,60,60,"Ec",32,1,1,1,1,1,1
"21001",191,"Ec_N",351,1,1,"Ec",1,0,0,0,0,0,0
"21002",191,"Ec_N",351,2,2,"Ec",1,0,0,0,0,0,0
"21003",191,"Ec_N",351,3,3,"Ec",1,0,0,0,0,0,0
"21004",191,"Ec_N",351,4,4,"Ec",1,0,0,0,0,0,0
"21005",191,"Ec_N",351,5,5,"Ec",1,0,0,0,0,0,0
"21006",191,"Ec_N",351,6,6,"Ec",1,0,0,0,0,0,0
"21007",191,"Ec_N",351,7,7,"Ec",1,0,0,0,0,0,0
"21008",191,"Ec_N",351,8,8,"Ec",1,0,0,0,0,0,0
"21009",191,"Ec_N",351,9,9,"Ec",1,0,0,0,0,0,0
"21010",191,"Ec_N",351,10,10,"Ec",1,0,0,0,0,0,0
"21011",191,"Ec_N",351,11,11,"Ec",1,0,0,0,0,0,0
"21012",191,"Ec_N",351,12,12,"Ec",1,0,0,0,0,0,0
"21013",191,"Ec_N",351,13,13,"Ec",1,0,0,0,0,0,0
"21014",191,"Ec_N",351,14,14,"Ec",1,0,0,0,0,0,0
"21015",191,"Ec_N",351,15,15,"Ec",1,0,0,0,0,0,0
"21016",191,"Ec_N",351,16,16,"Ec",1,0,0,0,0,0,0
"21017",191,"Ec_N",351,17,17,"Ec",2,1,0,0,0,0,0.198020370545937
"21018",191,"Ec_N",351,18,18,"Ec",2,1,0,0,0,0,0.198020370545937
"21019",191,"Ec_N",351,19,19,"Ec",2,1,0,0,0,0,0.198020370545937
"21020",191,"Ec_N",351,20,20,"Ec",2,1,0,0,0,0,0.198020370545937
"21021",191,"Ec_N",351,21,21,"Ec",2,1,0,0,0,0,0.198020370545937
"21022",191,"Ec_N",351,22,22,"Ec",2,1,0,0,0,0,0.198020370545937
"21023",191,"Ec_N",351,23,23,"Ec",2,1,0,0,0,0,0.198020370545937
"21024",191,"Ec_N",351,24,24,"Ec",4,1,1,0,0,0,0.239331850597232
"21025",191,"Ec_N",351,25,25,"Ec",20,1,1,0,0,1,0.610298755308086
"21026",191,"Ec_N",351,26,26,"Ec",20,1,1,0,0,1,0.610298755308086
"21027",191,"Ec_N",351,27,27,"Ec",20,1,1,0,0,1,0.610298755308086
"21028",191,"Ec_N",351,28,28,"Ec",20,1,1,0,0,1,0.610298755308086
"21029",191,"Ec_N",351,29,29,"Ec",20,1,1,0,0,1,0.610298755308086
"21030",191,"Ec_N",351,30,30,"Ec",24,1,1,1,0,1,0.969458006928044
"21031",191,"Ec_N",351,31,31,"Ec",32,1,1,1,1,1,1
"21032",191,"Ec_N",351,32,32,"Ec",32,1,1,1,1,1,1
"21033",191,"Ec_N",351,33,33,"Ec",32,1,1,1,1,1,1
"21034",191,"Ec_N",351,34,34,"Ec",32,1,1,1,1,1,1
"21035",191,"Ec_N",351,35,35,"Ec",32,1,1,1,1,1,1
"21036",191,"Ec_N",351,36,36,"Ec",32,1,1,1,1,1,1
"21037",191,"Ec_N",351,37,37,"Ec",32,1,1,1,1,1,1
"21038",191,"Ec_N",351,38,38,"Ec",32,1,1,1,1,1,1
"21039",191,"Ec_N",351,39,39,"Ec",32,1,1,1,1,1,1
"21040",191,"Ec_N",351,40,40,"Ec",32,1,1,1,1,1,1
"21041",191,"Ec_N",351,41,41,"Ec",32,1,1,1,1,1,1
"21042",191,"Ec_N",351,42,42,"Ec",32,1,1,1,1,1,1
"21043",191,"Ec_N",351,43,43,"Ec",32,1,1,1,1,1,1
"21044",191,"Ec_N",351,44,44,"Ec",32,1,1,1,1,1,1
"21045",191,"Ec_N",351,45,45,"Ec",32,1,1,1,1,1,1
"21046",191,"Ec_N",351,46,46,"Ec",32,1,1,1,1,1,1
"21047",191,"Ec_N",351,47,47,"Ec",32,1,1,1,1,1,1
"21048",191,"Ec_N",351,48,48,"Ec",32,1,1,1,1,1,1
"21049",191,"Ec_N",351,49,49,"Ec",32,1,1,1,1,1,1
"21050",191,"Ec_N",351,50,50,"Ec",32,1,1,1,1,1,1
"21051",191,"Ec_N",351,51,51,"Ec",32,1,1,1,1,1,1
"21052",191,"Ec_N",351,52,52,"Ec",32,1,1,1,1,1,1
"21053",191,"Ec_N",351,53,53,"Ec",32,1,1,1,1,1,1
"21054",191,"Ec_N",351,54,54,"Ec",32,1,1,1,1,1,1
"21055",191,"Ec_N",351,55,55,"Ec",32,1,1,1,1,1,1
"21056",191,"Ec_N",351,56,56,"Ec",32,1,1,1,1,1,1
"21057",191,"Ec_N",351,57,57,"Ec",32,1,1,1,1,1,1
"21058",191,"Ec_N",351,58,58,"Ec",32,1,1,1,1,1,1
"21059",191,"Ec_N",351,59,59,"Ec",32,1,1,1,1,1,1
"21060",191,"Ec_N",351,60,60,"Ec",32,1,1,1,1,1,1
"21061",191,"Ec_N",352,1,1,"Ec",1,0,0,0,0,0,0
"21062",191,"Ec_N",352,2,2,"Ec",1,0,0,0,0,0,0
"21063",191,"Ec_N",352,3,3,"Ec",3,0,1,0,0,0,0.041311480051295
"21064",191,"Ec_N",352,4,4,"Ec",3,0,1,0,0,0,0.041311480051295
"21065",191,"Ec_N",352,5,5,"Ec",4,1,1,0,0,0,0.239331850597232
"21066",191,"Ec_N",352,6,6,"Ec",4,1,1,0,0,0,0.239331850597232
"21067",191,"Ec_N",352,7,7,"Ec",4,1,1,0,0,0,0.239331850597232
"21068",191,"Ec_N",352,8,8,"Ec",4,1,1,0,0,0,0.239331850597232
"21069",191,"Ec_N",352,9,9,"Ec",4,1,1,0,0,0,0.239331850597232
"21070",191,"Ec_N",352,10,10,"Ec",4,1,1,0,0,0,0.239331850597232
"21071",191,"Ec_N",352,11,11,"Ec",8,1,1,1,0,0,0.583469071478991
"21072",191,"Ec_N",352,12,12,"Ec",8,1,1,1,0,0,0.583469071478991
"21073",191,"Ec_N",352,13,13,"Ec",8,1,1,1,0,0,0.583469071478991
"21074",191,"Ec_N",352,14,14,"Ec",24,1,1,1,0,1,0.969458006928044
"21075",191,"Ec_N",352,15,15,"Ec",24,1,1,1,0,1,0.969458006928044
"21076",191,"Ec_N",352,16,16,"Ec",32,1,1,1,1,1,1
"21077",191,"Ec_N",352,17,17,"Ec",32,1,1,1,1,1,1
"21078",191,"Ec_N",352,18,18,"Ec",32,1,1,1,1,1,1
"21079",191,"Ec_N",352,19,19,"Ec",32,1,1,1,1,1,1
"21080",191,"Ec_N",352,20,20,"Ec",32,1,1,1,1,1,1
"21081",191,"Ec_N",352,21,21,"Ec",32,1,1,1,1,1,1
"21082",191,"Ec_N",352,22,22,"Ec",32,1,1,1,1,1,1
"21083",191,"Ec_N",352,23,23,"Ec",32,1,1,1,1,1,1
"21084",191,"Ec_N",352,24,24,"Ec",32,1,1,1,1,1,1
"21085",191,"Ec_N",352,25,25,"Ec",32,1,1,1,1,1,1
"21086",191,"Ec_N",352,26,26,"Ec",32,1,1,1,1,1,1
"21087",191,"Ec_N",352,27,27,"Ec",32,1,1,1,1,1,1
"21088",191,"Ec_N",352,28,28,"Ec",32,1,1,1,1,1,1
"21089",191,"Ec_N",352,29,29,"Ec",32,1,1,1,1,1,1
"21090",191,"Ec_N",352,30,30,"Ec",32,1,1,1,1,1,1
"21091",191,"Ec_N",352,31,31,"Ec",32,1,1,1,1,1,1
"21092",191,"Ec_N",352,32,32,"Ec",32,1,1,1,1,1,1
"21093",191,"Ec_N",352,33,33,"Ec",32,1,1,1,1,1,1
"21094",191,"Ec_N",352,34,34,"Ec",32,1,1,1,1,1,1
"21095",191,"Ec_N",352,35,35,"Ec",32,1,1,1,1,1,1
"21096",191,"Ec_N",352,36,36,"Ec",32,1,1,1,1,1,1
"21097",191,"Ec_N",352,37,37,"Ec",32,1,1,1,1,1,1
"21098",191,"Ec_N",352,38,38,"Ec",32,1,1,1,1,1,1
"21099",191,"Ec_N",352,39,39,"Ec",32,1,1,1,1,1,1
"21100",191,"Ec_N",352,40,40,"Ec",32,1,1,1,1,1,1
"21101",191,"Ec_N",352,41,41,"Ec",32,1,1,1,1,1,1
"21102",191,"Ec_N",352,42,42,"Ec",32,1,1,1,1,1,1
"21103",191,"Ec_N",352,43,43,"Ec",32,1,1,1,1,1,1
"21104",191,"Ec_N",352,44,44,"Ec",32,1,1,1,1,1,1
"21105",191,"Ec_N",352,45,45,"Ec",32,1,1,1,1,1,1
"21106",191,"Ec_N",352,46,46,"Ec",32,1,1,1,1,1,1
"21107",191,"Ec_N",352,47,47,"Ec",32,1,1,1,1,1,1
"21108",191,"Ec_N",352,48,48,"Ec",32,1,1,1,1,1,1
"21109",191,"Ec_N",352,49,49,"Ec",32,1,1,1,1,1,1
"21110",191,"Ec_N",352,50,50,"Ec",32,1,1,1,1,1,1
"21111",191,"Ec_N",352,51,51,"Ec",32,1,1,1,1,1,1
"21112",191,"Ec_N",352,52,52,"Ec",32,1,1,1,1,1,1
"21113",191,"Ec_N",352,53,53,"Ec",32,1,1,1,1,1,1
"21114",191,"Ec_N",352,54,54,"Ec",32,1,1,1,1,1,1
"21115",191,"Ec_N",352,55,55,"Ec",32,1,1,1,1,1,1
"21116",191,"Ec_N",352,56,56,"Ec",32,1,1,1,1,1,1
"21117",191,"Ec_N",352,57,57,"Ec",32,1,1,1,1,1,1
"21118",191,"Ec_N",352,58,58,"Ec",32,1,1,1,1,1,1
"21119",191,"Ec_N",352,59,59,"Ec",32,1,1,1,1,1,1
"21120",191,"Ec_N",352,60,60,"Ec",32,1,1,1,1,1,1
"21121",191,"Ec_N",353,1,1,"Ec",1,0,0,0,0,0,0
"21122",191,"Ec_N",353,2,2,"Ec",1,0,0,0,0,0,0
"21123",191,"Ec_N",353,3,3,"Ec",1,0,0,0,0,0,0
"21124",191,"Ec_N",353,4,4,"Ec",1,0,0,0,0,0,0
"21125",191,"Ec_N",353,5,5,"Ec",1,0,0,0,0,0,0
"21126",191,"Ec_N",353,6,6,"Ec",1,0,0,0,0,0,0
"21127",191,"Ec_N",353,7,7,"Ec",9,0,0,0,1,0,0.0305419930719563
"21128",191,"Ec_N",353,8,8,"Ec",9,0,0,0,1,0,0.0305419930719563
"21129",191,"Ec_N",353,9,9,"Ec",25,0,0,0,1,1,0.403163568932085
"21130",191,"Ec_N",353,10,10,"Ec",25,0,0,0,1,1,0.403163568932085
"21131",191,"Ec_N",353,11,11,"Ec",25,0,0,0,1,1,0.403163568932085
"21132",191,"Ec_N",353,12,12,"Ec",25,0,0,0,1,1,0.403163568932085
"21133",191,"Ec_N",353,13,13,"Ec",26,1,0,0,1,1,0.514384015075299
"21134",191,"Ec_N",353,14,14,"Ec",18,1,0,0,0,1,0.646504780524047
"21135",191,"Ec_N",353,15,15,"Ec",18,1,0,0,0,1,0.646504780524047
"21136",191,"Ec_N",353,16,16,"Ec",18,1,0,0,0,1,0.646504780524047
"21137",191,"Ec_N",353,17,17,"Ec",18,1,0,0,0,1,0.646504780524047
"21138",191,"Ec_N",353,18,18,"Ec",18,1,0,0,0,1,0.646504780524047
"21139",191,"Ec_N",353,19,19,"Ec",18,1,0,0,0,1,0.646504780524047
"21140",191,"Ec_N",353,20,20,"Ec",18,1,0,0,0,1,0.646504780524047
"21141",191,"Ec_N",353,21,21,"Ec",18,1,0,0,0,1,0.646504780524047
"21142",191,"Ec_N",353,22,22,"Ec",18,1,0,0,0,1,0.646504780524047
"21143",191,"Ec_N",353,23,23,"Ec",18,1,0,0,0,1,0.646504780524047
"21144",191,"Ec_N",353,24,24,"Ec",18,1,0,0,0,1,0.646504780524047
"21145",191,"Ec_N",353,25,25,"Ec",18,1,0,0,0,1,0.646504780524047
"21146",191,"Ec_N",353,26,26,"Ec",18,1,0,0,0,1,0.646504780524047
"21147",191,"Ec_N",353,27,27,"Ec",18,1,0,0,0,1,0.646504780524047
"21148",191,"Ec_N",353,28,28,"Ec",18,1,0,0,0,1,0.646504780524047
"21149",191,"Ec_N",353,29,29,"Ec",18,1,0,0,0,1,0.646504780524047
"21150",191,"Ec_N",353,30,30,"Ec",18,1,0,0,0,1,0.646504780524047
"21151",191,"Ec_N",353,31,31,"Ec",18,1,0,0,0,1,0.646504780524047
"21152",191,"Ec_N",353,32,32,"Ec",18,1,0,0,0,1,0.646504780524047
"21153",191,"Ec_N",353,33,33,"Ec",18,1,0,0,0,1,0.646504780524047
"21154",191,"Ec_N",353,34,34,"Ec",18,1,0,0,0,1,0.646504780524047
"21155",191,"Ec_N",353,35,35,"Ec",18,1,0,0,0,1,0.646504780524047
"21156",191,"Ec_N",353,36,36,"Ec",18,1,0,0,0,1,0.646504780524047
"21157",191,"Ec_N",353,37,37,"Ec",18,1,0,0,0,1,0.646504780524047
"21158",191,"Ec_N",353,38,38,"Ec",22,1,0,1,0,1,0.92522428176681
"21159",191,"Ec_N",353,39,39,"Ec",22,1,0,1,0,1,0.92522428176681
"21160",191,"Ec_N",353,40,40,"Ec",22,1,0,1,0,1,0.92522428176681
"21161",191,"Ec_N",353,41,41,"Ec",22,1,0,1,0,1,0.92522428176681
"21162",191,"Ec_N",353,42,42,"Ec",30,1,0,1,1,1,0.958688519948705
"21163",191,"Ec_N",353,43,43,"Ec",30,1,0,1,1,1,0.958688519948705
"21164",191,"Ec_N",353,44,44,"Ec",30,1,0,1,1,1,0.958688519948705
"21165",191,"Ec_N",353,45,45,"Ec",30,1,0,1,1,1,0.958688519948705
"21166",191,"Ec_N",353,46,46,"Ec",30,1,0,1,1,1,0.958688519948705
"21167",191,"Ec_N",353,47,47,"Ec",30,1,0,1,1,1,0.958688519948705
"21168",191,"Ec_N",353,48,48,"Ec",30,1,0,1,1,1,0.958688519948705
"21169",191,"Ec_N",353,49,49,"Ec",30,1,0,1,1,1,0.958688519948705
"21170",191,"Ec_N",353,50,50,"Ec",32,1,1,1,1,1,1
"21171",191,"Ec_N",353,51,51,"Ec",32,1,1,1,1,1,1
"21172",191,"Ec_N",353,52,52,"Ec",32,1,1,1,1,1,1
"21173",191,"Ec_N",353,53,53,"Ec",32,1,1,1,1,1,1
"21174",191,"Ec_N",353,54,54,"Ec",32,1,1,1,1,1,1
"21175",191,"Ec_N",353,55,55,"Ec",32,1,1,1,1,1,1
"21176",191,"Ec_N",353,56,56,"Ec",32,1,1,1,1,1,1
"21177",191,"Ec_N",353,57,57,"Ec",32,1,1,1,1,1,1
"21178",191,"Ec_N",353,58,58,"Ec",32,1,1,1,1,1,1
"21179",191,"Ec_N",353,59,59,"Ec",32,1,1,1,1,1,1
"21180",191,"Ec_N",353,60,60,"Ec",32,1,1,1,1,1,1
"21181",191,"Ec_N",354,1,1,"Ec",1,0,0,0,0,0,0
"21182",191,"Ec_N",354,2,2,"Ec",9,0,0,0,1,0,0.0305419930719563
"21183",191,"Ec_N",354,3,3,"Ec",25,0,0,0,1,1,0.403163568932085
"21184",191,"Ec_N",354,4,4,"Ec",25,0,0,0,1,1,0.403163568932085
"21185",191,"Ec_N",354,5,5,"Ec",25,0,0,0,1,1,0.403163568932085
"21186",191,"Ec_N",354,6,6,"Ec",25,0,0,0,1,1,0.403163568932085
"21187",191,"Ec_N",354,7,7,"Ec",25,0,0,0,1,1,0.403163568932085
"21188",191,"Ec_N",354,8,8,"Ec",25,0,0,0,1,1,0.403163568932085
"21189",191,"Ec_N",354,9,9,"Ec",25,0,0,0,1,1,0.403163568932085
"21190",191,"Ec_N",354,10,10,"Ec",25,0,0,0,1,1,0.403163568932085
"21191",191,"Ec_N",354,11,11,"Ec",29,0,0,1,1,1,0.760668149402769
"21192",191,"Ec_N",354,12,12,"Ec",30,1,0,1,1,1,0.958688519948705
"21193",191,"Ec_N",354,13,13,"Ec",30,1,0,1,1,1,0.958688519948705
"21194",191,"Ec_N",354,14,14,"Ec",30,1,0,1,1,1,0.958688519948705
"21195",191,"Ec_N",354,15,15,"Ec",30,1,0,1,1,1,0.958688519948705
"21196",191,"Ec_N",354,16,16,"Ec",30,1,0,1,1,1,0.958688519948705
"21197",191,"Ec_N",354,17,17,"Ec",30,1,0,1,1,1,0.958688519948705
"21198",191,"Ec_N",354,18,18,"Ec",30,1,0,1,1,1,0.958688519948705
"21199",191,"Ec_N",354,19,19,"Ec",30,1,0,1,1,1,0.958688519948705
"21200",191,"Ec_N",354,20,20,"Ec",30,1,0,1,1,1,0.958688519948705
"21201",191,"Ec_N",354,21,21,"Ec",30,1,0,1,1,1,0.958688519948705
"21202",191,"Ec_N",354,22,22,"Ec",30,1,0,1,1,1,0.958688519948705
"21203",191,"Ec_N",354,23,23,"Ec",30,1,0,1,1,1,0.958688519948705
"21204",191,"Ec_N",354,24,24,"Ec",30,1,0,1,1,1,0.958688519948705
"21205",191,"Ec_N",354,25,25,"Ec",30,1,0,1,1,1,0.958688519948705
"21206",191,"Ec_N",354,26,26,"Ec",30,1,0,1,1,1,0.958688519948705
"21207",191,"Ec_N",354,27,27,"Ec",30,1,0,1,1,1,0.958688519948705
"21208",191,"Ec_N",354,28,28,"Ec",30,1,0,1,1,1,0.958688519948705
"21209",191,"Ec_N",354,29,29,"Ec",30,1,0,1,1,1,0.958688519948705
"21210",191,"Ec_N",354,30,30,"Ec",30,1,0,1,1,1,0.958688519948705
"21211",191,"Ec_N",354,31,31,"Ec",30,1,0,1,1,1,0.958688519948705
"21212",191,"Ec_N",354,32,32,"Ec",30,1,0,1,1,1,0.958688519948705
"21213",191,"Ec_N",354,33,33,"Ec",30,1,0,1,1,1,0.958688519948705
"21214",191,"Ec_N",354,34,34,"Ec",30,1,0,1,1,1,0.958688519948705
"21215",191,"Ec_N",354,35,35,"Ec",30,1,0,1,1,1,0.958688519948705
"21216",191,"Ec_N",354,36,36,"Ec",30,1,0,1,1,1,0.958688519948705
"21217",191,"Ec_N",354,37,37,"Ec",30,1,0,1,1,1,0.958688519948705
"21218",191,"Ec_N",354,38,38,"Ec",30,1,0,1,1,1,0.958688519948705
"21219",191,"Ec_N",354,39,39,"Ec",30,1,0,1,1,1,0.958688519948705
"21220",191,"Ec_N",354,40,40,"Ec",30,1,0,1,1,1,0.958688519948705
"21221",191,"Ec_N",354,41,41,"Ec",30,1,0,1,1,1,0.958688519948705
"21222",191,"Ec_N",354,42,42,"Ec",30,1,0,1,1,1,0.958688519948705
"21223",191,"Ec_N",354,43,43,"Ec",30,1,0,1,1,1,0.958688519948705
"21224",191,"Ec_N",354,44,44,"Ec",30,1,0,1,1,1,0.958688519948705
"21225",191,"Ec_N",354,45,45,"Ec",30,1,0,1,1,1,0.958688519948705
"21226",191,"Ec_N",354,46,46,"Ec",30,1,0,1,1,1,0.958688519948705
"21227",191,"Ec_N",354,47,47,"Ec",30,1,0,1,1,1,0.958688519948705
"21228",191,"Ec_N",354,48,48,"Ec",30,1,0,1,1,1,0.958688519948705
"21229",191,"Ec_N",354,49,49,"Ec",30,1,0,1,1,1,0.958688519948705
"21230",191,"Ec_N",354,50,50,"Ec",30,1,0,1,1,1,0.958688519948705
"21231",191,"Ec_N",354,51,51,"Ec",30,1,0,1,1,1,0.958688519948705
"21232",191,"Ec_N",354,52,52,"Ec",30,1,0,1,1,1,0.958688519948705
"21233",191,"Ec_N",354,53,53,"Ec",30,1,0,1,1,1,0.958688519948705
"21234",191,"Ec_N",354,54,54,"Ec",30,1,0,1,1,1,0.958688519948705
"21235",191,"Ec_N",354,55,55,"Ec",30,1,0,1,1,1,0.958688519948705
"21236",191,"Ec_N",354,56,56,"Ec",30,1,0,1,1,1,0.958688519948705
"21237",191,"Ec_N",354,57,57,"Ec",30,1,0,1,1,1,0.958688519948705
"21238",191,"Ec_N",354,58,58,"Ec",30,1,0,1,1,1,0.958688519948705
"21239",191,"Ec_N",354,59,59,"Ec",30,1,0,1,1,1,0.958688519948705
"21240",191,"Ec_N",354,60,60,"Ec",30,1,0,1,1,1,0.958688519948705
"21241",191,"Ec_N",355,1,1,"Ec",1,0,0,0,0,0,0
"21242",191,"Ec_N",355,2,2,"Ec",1,0,0,0,0,0,0
"21243",191,"Ec_N",355,3,3,"Ec",1,0,0,0,0,0,0
"21244",191,"Ec_N",355,4,4,"Ec",2,1,0,0,0,0,0.198020370545937
"21245",191,"Ec_N",355,5,5,"Ec",2,1,0,0,0,0,0.198020370545937
"21246",191,"Ec_N",355,6,6,"Ec",2,1,0,0,0,0,0.198020370545937
"21247",191,"Ec_N",355,7,7,"Ec",2,1,0,0,0,0,0.198020370545937
"21248",191,"Ec_N",355,8,8,"Ec",2,1,0,0,0,0,0.198020370545937
"21249",191,"Ec_N",355,9,9,"Ec",2,1,0,0,0,0,0.198020370545937
"21250",191,"Ec_N",355,10,10,"Ec",2,1,0,0,0,0,0.198020370545937
"21251",191,"Ec_N",355,11,11,"Ec",2,1,0,0,0,0,0.198020370545937
"21252",191,"Ec_N",355,12,12,"Ec",2,1,0,0,0,0,0.198020370545937
"21253",191,"Ec_N",355,13,13,"Ec",2,1,0,0,0,0,0.198020370545937
"21254",191,"Ec_N",355,14,14,"Ec",2,1,0,0,0,0,0.198020370545937
"21255",191,"Ec_N",355,15,15,"Ec",2,1,0,0,0,0,0.198020370545937
"21256",191,"Ec_N",355,16,16,"Ec",2,1,0,0,0,0,0.198020370545937
"21257",191,"Ec_N",355,17,17,"Ec",2,1,0,0,0,0,0.198020370545937
"21258",191,"Ec_N",355,18,18,"Ec",18,1,0,0,0,1,0.646504780524047
"21259",191,"Ec_N",355,19,19,"Ec",18,1,0,0,0,1,0.646504780524047
"21260",191,"Ec_N",355,20,20,"Ec",18,1,0,0,0,1,0.646504780524047
"21261",191,"Ec_N",355,21,21,"Ec",22,1,0,1,0,1,0.92522428176681
"21262",191,"Ec_N",355,22,22,"Ec",22,1,0,1,0,1,0.92522428176681
"21263",191,"Ec_N",355,23,23,"Ec",22,1,0,1,0,1,0.92522428176681
"21264",191,"Ec_N",355,24,24,"Ec",22,1,0,1,0,1,0.92522428176681
"21265",191,"Ec_N",355,25,25,"Ec",22,1,0,1,0,1,0.92522428176681
"21266",191,"Ec_N",355,26,26,"Ec",22,1,0,1,0,1,0.92522428176681
"21267",191,"Ec_N",355,27,27,"Ec",30,1,0,1,1,1,0.958688519948705
"21268",191,"Ec_N",355,28,28,"Ec",30,1,0,1,1,1,0.958688519948705
"21269",191,"Ec_N",355,29,29,"Ec",30,1,0,1,1,1,0.958688519948705
"21270",191,"Ec_N",355,30,30,"Ec",30,1,0,1,1,1,0.958688519948705
"21271",191,"Ec_N",355,31,31,"Ec",30,1,0,1,1,1,0.958688519948705
"21272",191,"Ec_N",355,32,32,"Ec",30,1,0,1,1,1,0.958688519948705
"21273",191,"Ec_N",355,33,33,"Ec",30,1,0,1,1,1,0.958688519948705
"21274",191,"Ec_N",355,34,34,"Ec",30,1,0,1,1,1,0.958688519948705
"21275",191,"Ec_N",355,35,35,"Ec",30,1,0,1,1,1,0.958688519948705
"21276",191,"Ec_N",355,36,36,"Ec",30,1,0,1,1,1,0.958688519948705
"21277",191,"Ec_N",355,37,37,"Ec",30,1,0,1,1,1,0.958688519948705
"21278",191,"Ec_N",355,38,38,"Ec",30,1,0,1,1,1,0.958688519948705
"21279",191,"Ec_N",355,39,39,"Ec",30,1,0,1,1,1,0.958688519948705
"21280",191,"Ec_N",355,40,40,"Ec",30,1,0,1,1,1,0.958688519948705
"21281",191,"Ec_N",355,41,41,"Ec",30,1,0,1,1,1,0.958688519948705
"21282",191,"Ec_N",355,42,42,"Ec",30,1,0,1,1,1,0.958688519948705
"21283",191,"Ec_N",355,43,43,"Ec",30,1,0,1,1,1,0.958688519948705
"21284",191,"Ec_N",355,44,44,"Ec",30,1,0,1,1,1,0.958688519948705
"21285",191,"Ec_N",355,45,45,"Ec",32,1,1,1,1,1,1
"21286",191,"Ec_N",355,46,46,"Ec",32,1,1,1,1,1,1
"21287",191,"Ec_N",355,47,47,"Ec",32,1,1,1,1,1,1
"21288",191,"Ec_N",355,48,48,"Ec",32,1,1,1,1,1,1
"21289",191,"Ec_N",355,49,49,"Ec",32,1,1,1,1,1,1
"21290",191,"Ec_N",355,50,50,"Ec",32,1,1,1,1,1,1
"21291",191,"Ec_N",355,51,51,"Ec",32,1,1,1,1,1,1
"21292",191,"Ec_N",355,52,52,"Ec",32,1,1,1,1,1,1
"21293",191,"Ec_N",355,53,53,"Ec",32,1,1,1,1,1,1
"21294",191,"Ec_N",355,54,54,"Ec",32,1,1,1,1,1,1
"21295",191,"Ec_N",355,55,55,"Ec",32,1,1,1,1,1,1
"21296",191,"Ec_N",355,56,56,"Ec",32,1,1,1,1,1,1
"21297",191,"Ec_N",355,57,57,"Ec",32,1,1,1,1,1,1
"21298",191,"Ec_N",355,58,58,"Ec",32,1,1,1,1,1,1
"21299",191,"Ec_N",355,59,59,"Ec",32,1,1,1,1,1,1
"21300",191,"Ec_N",355,60,60,"Ec",32,1,1,1,1,1,1
"21301",191,"Ec_N",356,1,1,"Ec",1,0,0,0,0,0,0
"21302",191,"Ec_N",356,2,2,"Ec",1,0,0,0,0,0,0
"21303",191,"Ec_N",356,3,3,"Ec",1,0,0,0,0,0,0
"21304",191,"Ec_N",356,4,4,"Ec",1,0,0,0,0,0,0
"21305",191,"Ec_N",356,5,5,"Ec",1,0,0,0,0,0,0
"21306",191,"Ec_N",356,6,6,"Ec",1,0,0,0,0,0,0
"21307",191,"Ec_N",356,7,7,"Ec",1,0,0,0,0,0,0
"21308",191,"Ec_N",356,8,8,"Ec",1,0,0,0,0,0,0
"21309",191,"Ec_N",356,9,9,"Ec",3,0,1,0,0,0,0.041311480051295
"21310",191,"Ec_N",356,10,10,"Ec",3,0,1,0,0,0,0.041311480051295
"21311",191,"Ec_N",356,11,11,"Ec",3,0,1,0,0,0,0.041311480051295
"21312",191,"Ec_N",356,12,12,"Ec",19,0,1,0,0,1,0.427300415500348
"21313",191,"Ec_N",356,13,13,"Ec",19,0,1,0,0,1,0.427300415500348
"21314",191,"Ec_N",356,14,14,"Ec",19,0,1,0,0,1,0.427300415500348
"21315",191,"Ec_N",356,15,15,"Ec",19,0,1,0,0,1,0.427300415500348
"21316",191,"Ec_N",356,16,16,"Ec",19,0,1,0,0,1,0.427300415500348
"21317",191,"Ec_N",356,17,17,"Ec",19,0,1,0,0,1,0.427300415500348
"21318",191,"Ec_N",356,18,18,"Ec",19,0,1,0,0,1,0.427300415500348
"21319",191,"Ec_N",356,19,19,"Ec",19,0,1,0,0,1,0.427300415500348
"21320",191,"Ec_N",356,20,20,"Ec",19,0,1,0,0,1,0.427300415500348
"21321",191,"Ec_N",356,21,21,"Ec",19,0,1,0,0,1,0.427300415500348
"21322",191,"Ec_N",356,22,22,"Ec",19,0,1,0,0,1,0.427300415500348
"21323",191,"Ec_N",356,23,23,"Ec",19,0,1,0,0,1,0.427300415500348
"21324",191,"Ec_N",356,24,24,"Ec",19,0,1,0,0,1,0.427300415500348
"21325",191,"Ec_N",356,25,25,"Ec",19,0,1,0,0,1,0.427300415500348
"21326",191,"Ec_N",356,26,26,"Ec",19,0,1,0,0,1,0.427300415500348
"21327",191,"Ec_N",356,27,27,"Ec",19,0,1,0,0,1,0.427300415500348
"21328",191,"Ec_N",356,28,28,"Ec",19,0,1,0,0,1,0.427300415500348
"21329",191,"Ec_N",356,29,29,"Ec",19,0,1,0,0,1,0.427300415500348
"21330",191,"Ec_N",356,30,30,"Ec",19,0,1,0,0,1,0.427300415500348
"21331",191,"Ec_N",356,31,31,"Ec",19,0,1,0,0,1,0.427300415500348
"21332",191,"Ec_N",356,32,32,"Ec",19,0,1,0,0,1,0.427300415500348
"21333",191,"Ec_N",356,33,33,"Ec",19,0,1,0,0,1,0.427300415500348
"21334",191,"Ec_N",356,34,34,"Ec",19,0,1,0,0,1,0.427300415500348
"21335",191,"Ec_N",356,35,35,"Ec",19,0,1,0,0,1,0.427300415500348
"21336",191,"Ec_N",356,36,36,"Ec",19,0,1,0,0,1,0.427300415500348
"21337",191,"Ec_N",356,37,37,"Ec",19,0,1,0,0,1,0.427300415500348
"21338",191,"Ec_N",356,38,38,"Ec",19,0,1,0,0,1,0.427300415500348
"21339",191,"Ec_N",356,39,39,"Ec",19,0,1,0,0,1,0.427300415500348
"21340",191,"Ec_N",356,40,40,"Ec",19,0,1,0,0,1,0.427300415500348
"21341",191,"Ec_N",356,41,41,"Ec",19,0,1,0,0,1,0.427300415500348
"21342",191,"Ec_N",356,42,42,"Ec",19,0,1,0,0,1,0.427300415500348
"21343",191,"Ec_N",356,43,43,"Ec",19,0,1,0,0,1,0.427300415500348
"21344",191,"Ec_N",356,44,44,"Ec",19,0,1,0,0,1,0.427300415500348
"21345",191,"Ec_N",356,45,45,"Ec",19,0,1,0,0,1,0.427300415500348
"21346",191,"Ec_N",356,46,46,"Ec",19,0,1,0,0,1,0.427300415500348
"21347",191,"Ec_N",356,47,47,"Ec",19,0,1,0,0,1,0.427300415500348
"21348",191,"Ec_N",356,48,48,"Ec",19,0,1,0,0,1,0.427300415500348
"21349",191,"Ec_N",356,49,49,"Ec",19,0,1,0,0,1,0.427300415500348
"21350",191,"Ec_N",356,50,50,"Ec",19,0,1,0,0,1,0.427300415500348
"21351",191,"Ec_N",356,51,51,"Ec",19,0,1,0,0,1,0.427300415500348
"21352",191,"Ec_N",356,52,52,"Ec",19,0,1,0,0,1,0.427300415500348
"21353",191,"Ec_N",356,53,53,"Ec",19,0,1,0,0,1,0.427300415500348
"21354",191,"Ec_N",356,54,54,"Ec",19,0,1,0,0,1,0.427300415500348
"21355",191,"Ec_N",356,55,55,"Ec",19,0,1,0,0,1,0.427300415500348
"21356",191,"Ec_N",356,56,56,"Ec",19,0,1,0,0,1,0.427300415500348
"21357",191,"Ec_N",356,57,57,"Ec",19,0,1,0,0,1,0.427300415500348
"21358",191,"Ec_N",356,58,58,"Ec",19,0,1,0,0,1,0.427300415500348
"21359",191,"Ec_N",356,59,59,"Ec",19,0,1,0,0,1,0.427300415500348
"21360",191,"Ec_N",356,60,60,"Ec",19,0,1,0,0,1,0.427300415500348
"21361",191,"Ec_N",357,1,1,"Ec",1,0,0,0,0,0,0
"21362",191,"Ec_N",357,2,2,"Ec",1,0,0,0,0,0,0
"21363",191,"Ec_N",357,3,3,"Ec",1,0,0,0,0,0,0
"21364",191,"Ec_N",357,4,4,"Ec",2,1,0,0,0,0,0.198020370545937
"21365",191,"Ec_N",357,5,5,"Ec",2,1,0,0,0,0,0.198020370545937
"21366",191,"Ec_N",357,6,6,"Ec",2,1,0,0,0,0,0.198020370545937
"21367",191,"Ec_N",357,7,7,"Ec",2,1,0,0,0,0,0.198020370545937
"21368",191,"Ec_N",357,8,8,"Ec",2,1,0,0,0,0,0.198020370545937
"21369",191,"Ec_N",357,9,9,"Ec",2,1,0,0,0,0,0.198020370545937
"21370",191,"Ec_N",357,10,10,"Ec",10,1,0,0,1,0,0.228562363617893
"21371",191,"Ec_N",357,11,11,"Ec",10,1,0,0,1,0,0.228562363617893
"21372",191,"Ec_N",357,12,12,"Ec",10,1,0,0,1,0,0.228562363617893
"21373",191,"Ec_N",357,13,13,"Ec",10,1,0,0,1,0,0.228562363617893
"21374",191,"Ec_N",357,14,14,"Ec",10,1,0,0,1,0,0.228562363617893
"21375",191,"Ec_N",357,15,15,"Ec",10,1,0,0,1,0,0.228562363617893
"21376",191,"Ec_N",357,16,16,"Ec",26,1,0,0,1,1,0.514384015075299
"21377",191,"Ec_N",357,17,17,"Ec",26,1,0,0,1,1,0.514384015075299
"21378",191,"Ec_N",357,18,18,"Ec",26,1,0,0,1,1,0.514384015075299
"21379",191,"Ec_N",357,19,19,"Ec",26,1,0,0,1,1,0.514384015075299
"21380",191,"Ec_N",357,20,20,"Ec",26,1,0,0,1,1,0.514384015075299
"21381",191,"Ec_N",357,21,21,"Ec",26,1,0,0,1,1,0.514384015075299
"21382",191,"Ec_N",357,22,22,"Ec",26,1,0,0,1,1,0.514384015075299
"21383",191,"Ec_N",357,23,23,"Ec",26,1,0,0,1,1,0.514384015075299
"21384",191,"Ec_N",357,24,24,"Ec",26,1,0,0,1,1,0.514384015075299
"21385",191,"Ec_N",357,25,25,"Ec",26,1,0,0,1,1,0.514384015075299
"21386",191,"Ec_N",357,26,26,"Ec",26,1,0,0,1,1,0.514384015075299
"21387",191,"Ec_N",357,27,27,"Ec",26,1,0,0,1,1,0.514384015075299
"21388",191,"Ec_N",357,28,28,"Ec",28,1,1,0,1,1,0.681047421119041
"21389",191,"Ec_N",357,29,29,"Ec",28,1,1,0,1,1,0.681047421119041
"21390",191,"Ec_N",357,30,30,"Ec",28,1,1,0,1,1,0.681047421119041
"21391",191,"Ec_N",357,31,31,"Ec",28,1,1,0,1,1,0.681047421119041
"21392",191,"Ec_N",357,32,32,"Ec",28,1,1,0,1,1,0.681047421119041
"21393",191,"Ec_N",357,33,33,"Ec",28,1,1,0,1,1,0.681047421119041
"21394",191,"Ec_N",357,34,34,"Ec",28,1,1,0,1,1,0.681047421119041
"21395",191,"Ec_N",357,35,35,"Ec",28,1,1,0,1,1,0.681047421119041
"21396",191,"Ec_N",357,36,36,"Ec",28,1,1,0,1,1,0.681047421119041
"21397",191,"Ec_N",357,37,37,"Ec",28,1,1,0,1,1,0.681047421119041
"21398",191,"Ec_N",357,38,38,"Ec",28,1,1,0,1,1,0.681047421119041
"21399",191,"Ec_N",357,39,39,"Ec",28,1,1,0,1,1,0.681047421119041
"21400",191,"Ec_N",357,40,40,"Ec",28,1,1,0,1,1,0.681047421119041
"21401",191,"Ec_N",357,41,41,"Ec",28,1,1,0,1,1,0.681047421119041
"21402",191,"Ec_N",357,42,42,"Ec",28,1,1,0,1,1,0.681047421119041
"21403",191,"Ec_N",357,43,43,"Ec",28,1,1,0,1,1,0.681047421119041
"21404",191,"Ec_N",357,44,44,"Ec",28,1,1,0,1,1,0.681047421119041
"21405",191,"Ec_N",357,45,45,"Ec",28,1,1,0,1,1,0.681047421119041
"21406",191,"Ec_N",357,46,46,"Ec",28,1,1,0,1,1,0.681047421119041
"21407",191,"Ec_N",357,47,47,"Ec",28,1,1,0,1,1,0.681047421119041
"21408",191,"Ec_N",357,48,48,"Ec",28,1,1,0,1,1,0.681047421119041
"21409",191,"Ec_N",357,49,49,"Ec",28,1,1,0,1,1,0.681047421119041
"21410",191,"Ec_N",357,50,50,"Ec",28,1,1,0,1,1,0.681047421119041
"21411",191,"Ec_N",357,51,51,"Ec",28,1,1,0,1,1,0.681047421119041
"21412",191,"Ec_N",357,52,52,"Ec",28,1,1,0,1,1,0.681047421119041
"21413",191,"Ec_N",357,53,53,"Ec",28,1,1,0,1,1,0.681047421119041
"21414",191,"Ec_N",357,54,54,"Ec",28,1,1,0,1,1,0.681047421119041
"21415",191,"Ec_N",357,55,55,"Ec",28,1,1,0,1,1,0.681047421119041
"21416",191,"Ec_N",357,56,56,"Ec",28,1,1,0,1,1,0.681047421119041
"21417",191,"Ec_N",357,57,57,"Ec",28,1,1,0,1,1,0.681047421119041
"21418",191,"Ec_N",357,58,58,"Ec",28,1,1,0,1,1,0.681047421119041
"21419",191,"Ec_N",357,59,59,"Ec",32,1,1,1,1,1,1
"21420",191,"Ec_N",357,60,60,"Ec",32,1,1,1,1,1,1
"21421",191,"Ec_N",358,1,1,"Ec",1,0,0,0,0,0,0
"21422",191,"Ec_N",358,2,2,"Ec",1,0,0,0,0,0,0
"21423",191,"Ec_N",358,3,3,"Ec",1,0,0,0,0,0,0
"21424",191,"Ec_N",358,4,4,"Ec",9,0,0,0,1,0,0.0305419930719563
"21425",191,"Ec_N",358,5,5,"Ec",9,0,0,0,1,0,0.0305419930719563
"21426",191,"Ec_N",358,6,6,"Ec",9,0,0,0,1,0,0.0305419930719563
"21427",191,"Ec_N",358,7,7,"Ec",9,0,0,0,1,0,0.0305419930719563
"21428",191,"Ec_N",358,8,8,"Ec",9,0,0,0,1,0,0.0305419930719563
"21429",191,"Ec_N",358,9,9,"Ec",9,0,0,0,1,0,0.0305419930719563
"21430",191,"Ec_N",358,10,10,"Ec",9,0,0,0,1,0,0.0305419930719563
"21431",191,"Ec_N",358,11,11,"Ec",13,0,0,1,1,0,0.374679213953716
"21432",191,"Ec_N",358,12,12,"Ec",13,0,0,1,1,0,0.374679213953716
"21433",191,"Ec_N",358,13,13,"Ec",13,0,0,1,1,0,0.374679213953716
"21434",191,"Ec_N",358,14,14,"Ec",13,0,0,1,1,0,0.374679213953716
"21435",191,"Ec_N",358,15,15,"Ec",13,0,0,1,1,0,0.374679213953716
"21436",191,"Ec_N",358,16,16,"Ec",13,0,0,1,1,0,0.374679213953716
"21437",191,"Ec_N",358,17,17,"Ec",29,0,0,1,1,1,0.760668149402769
"21438",191,"Ec_N",358,18,18,"Ec",29,0,0,1,1,1,0.760668149402769
"21439",191,"Ec_N",358,19,19,"Ec",29,0,0,1,1,1,0.760668149402769
"21440",191,"Ec_N",358,20,20,"Ec",29,0,0,1,1,1,0.760668149402769
"21441",191,"Ec_N",358,21,21,"Ec",29,0,0,1,1,1,0.760668149402769
"21442",191,"Ec_N",358,22,22,"Ec",29,0,0,1,1,1,0.760668149402769
"21443",191,"Ec_N",358,23,23,"Ec",29,0,0,1,1,1,0.760668149402769
"21444",191,"Ec_N",358,24,24,"Ec",29,0,0,1,1,1,0.760668149402769
"21445",191,"Ec_N",358,25,25,"Ec",29,0,0,1,1,1,0.760668149402769
"21446",191,"Ec_N",358,26,26,"Ec",29,0,0,1,1,1,0.760668149402769
"21447",191,"Ec_N",358,27,27,"Ec",29,0,0,1,1,1,0.760668149402769
"21448",191,"Ec_N",358,28,28,"Ec",29,0,0,1,1,1,0.760668149402769
"21449",191,"Ec_N",358,29,29,"Ec",29,0,0,1,1,1,0.760668149402769
"21450",191,"Ec_N",358,30,30,"Ec",29,0,0,1,1,1,0.760668149402769
"21451",191,"Ec_N",358,31,31,"Ec",30,1,0,1,1,1,0.958688519948705
"21452",191,"Ec_N",358,32,32,"Ec",30,1,0,1,1,1,0.958688519948705
"21453",191,"Ec_N",358,33,33,"Ec",30,1,0,1,1,1,0.958688519948705
"21454",191,"Ec_N",358,34,34,"Ec",30,1,0,1,1,1,0.958688519948705
"21455",191,"Ec_N",358,35,35,"Ec",30,1,0,1,1,1,0.958688519948705
"21456",191,"Ec_N",358,36,36,"Ec",30,1,0,1,1,1,0.958688519948705
"21457",191,"Ec_N",358,37,37,"Ec",30,1,0,1,1,1,0.958688519948705
"21458",191,"Ec_N",358,38,38,"Ec",30,1,0,1,1,1,0.958688519948705
"21459",191,"Ec_N",358,39,39,"Ec",30,1,0,1,1,1,0.958688519948705
"21460",191,"Ec_N",358,40,40,"Ec",30,1,0,1,1,1,0.958688519948705
"21461",191,"Ec_N",358,41,41,"Ec",30,1,0,1,1,1,0.958688519948705
"21462",191,"Ec_N",358,42,42,"Ec",30,1,0,1,1,1,0.958688519948705
"21463",191,"Ec_N",358,43,43,"Ec",30,1,0,1,1,1,0.958688519948705
"21464",191,"Ec_N",358,44,44,"Ec",30,1,0,1,1,1,0.958688519948705
"21465",191,"Ec_N",358,45,45,"Ec",30,1,0,1,1,1,0.958688519948705
"21466",191,"Ec_N",358,46,46,"Ec",30,1,0,1,1,1,0.958688519948705
"21467",191,"Ec_N",358,47,47,"Ec",30,1,0,1,1,1,0.958688519948705
"21468",191,"Ec_N",358,48,48,"Ec",30,1,0,1,1,1,0.958688519948705
"21469",191,"Ec_N",358,49,49,"Ec",30,1,0,1,1,1,0.958688519948705
"21470",191,"Ec_N",358,50,50,"Ec",30,1,0,1,1,1,0.958688519948705
"21471",191,"Ec_N",358,51,51,"Ec",30,1,0,1,1,1,0.958688519948705
"21472",191,"Ec_N",358,52,52,"Ec",30,1,0,1,1,1,0.958688519948705
"21473",191,"Ec_N",358,53,53,"Ec",30,1,0,1,1,1,0.958688519948705
"21474",191,"Ec_N",358,54,54,"Ec",30,1,0,1,1,1,0.958688519948705
"21475",191,"Ec_N",358,55,55,"Ec",30,1,0,1,1,1,0.958688519948705
"21476",191,"Ec_N",358,56,56,"Ec",32,1,1,1,1,1,1
"21477",191,"Ec_N",358,57,57,"Ec",32,1,1,1,1,1,1
"21478",191,"Ec_N",358,58,58,"Ec",32,1,1,1,1,1,1
"21479",191,"Ec_N",358,59,59,"Ec",32,1,1,1,1,1,1
"21480",191,"Ec_N",358,60,60,"Ec",32,1,1,1,1,1,1
"21481",191,"Ec_N",359,1,1,"Ec",1,0,0,0,0,0,0
"21482",191,"Ec_N",359,2,2,"Ec",1,0,0,0,0,0,0
"21483",191,"Ec_N",359,3,3,"Ec",1,0,0,0,0,0,0
"21484",191,"Ec_N",359,4,4,"Ec",17,0,0,0,0,1,0.229834113103391
"21485",191,"Ec_N",359,5,5,"Ec",17,0,0,0,0,1,0.229834113103391
"21486",191,"Ec_N",359,6,6,"Ec",17,0,0,0,0,1,0.229834113103391
"21487",191,"Ec_N",359,7,7,"Ec",17,0,0,0,0,1,0.229834113103391
"21488",191,"Ec_N",359,8,8,"Ec",18,1,0,0,0,1,0.646504780524047
"21489",191,"Ec_N",359,9,9,"Ec",18,1,0,0,0,1,0.646504780524047
"21490",191,"Ec_N",359,10,10,"Ec",18,1,0,0,0,1,0.646504780524047
"21491",191,"Ec_N",359,11,11,"Ec",18,1,0,0,0,1,0.646504780524047
"21492",191,"Ec_N",359,12,12,"Ec",18,1,0,0,0,1,0.646504780524047
"21493",191,"Ec_N",359,13,13,"Ec",18,1,0,0,0,1,0.646504780524047
"21494",191,"Ec_N",359,14,14,"Ec",18,1,0,0,0,1,0.646504780524047
"21495",191,"Ec_N",359,15,15,"Ec",18,1,0,0,0,1,0.646504780524047
"21496",191,"Ec_N",359,16,16,"Ec",18,1,0,0,0,1,0.646504780524047
"21497",191,"Ec_N",359,17,17,"Ec",18,1,0,0,0,1,0.646504780524047
"21498",191,"Ec_N",359,18,18,"Ec",18,1,0,0,0,1,0.646504780524047
"21499",191,"Ec_N",359,19,19,"Ec",18,1,0,0,0,1,0.646504780524047
"21500",191,"Ec_N",359,20,20,"Ec",18,1,0,0,0,1,0.646504780524047
"21501",191,"Ec_N",359,21,21,"Ec",18,1,0,0,0,1,0.646504780524047
"21502",191,"Ec_N",359,22,22,"Ec",18,1,0,0,0,1,0.646504780524047
"21503",191,"Ec_N",359,23,23,"Ec",18,1,0,0,0,1,0.646504780524047
"21504",191,"Ec_N",359,24,24,"Ec",18,1,0,0,0,1,0.646504780524047
"21505",191,"Ec_N",359,25,25,"Ec",18,1,0,0,0,1,0.646504780524047
"21506",191,"Ec_N",359,26,26,"Ec",18,1,0,0,0,1,0.646504780524047
"21507",191,"Ec_N",359,27,27,"Ec",18,1,0,0,0,1,0.646504780524047
"21508",191,"Ec_N",359,28,28,"Ec",18,1,0,0,0,1,0.646504780524047
"21509",191,"Ec_N",359,29,29,"Ec",18,1,0,0,0,1,0.646504780524047
"21510",191,"Ec_N",359,30,30,"Ec",18,1,0,0,0,1,0.646504780524047
"21511",191,"Ec_N",359,31,31,"Ec",18,1,0,0,0,1,0.646504780524047
"21512",191,"Ec_N",359,32,32,"Ec",18,1,0,0,0,1,0.646504780524047
"21513",191,"Ec_N",359,33,33,"Ec",18,1,0,0,0,1,0.646504780524047
"21514",191,"Ec_N",359,34,34,"Ec",18,1,0,0,0,1,0.646504780524047
"21515",191,"Ec_N",359,35,35,"Ec",18,1,0,0,0,1,0.646504780524047
"21516",191,"Ec_N",359,36,36,"Ec",18,1,0,0,0,1,0.646504780524047
"21517",191,"Ec_N",359,37,37,"Ec",18,1,0,0,0,1,0.646504780524047
"21518",191,"Ec_N",359,38,38,"Ec",18,1,0,0,0,1,0.646504780524047
"21519",191,"Ec_N",359,39,39,"Ec",18,1,0,0,0,1,0.646504780524047
"21520",191,"Ec_N",359,40,40,"Ec",18,1,0,0,0,1,0.646504780524047
"21521",191,"Ec_N",359,41,41,"Ec",18,1,0,0,0,1,0.646504780524047
"21522",191,"Ec_N",359,42,42,"Ec",18,1,0,0,0,1,0.646504780524047
"21523",191,"Ec_N",359,43,43,"Ec",18,1,0,0,0,1,0.646504780524047
"21524",191,"Ec_N",359,44,44,"Ec",18,1,0,0,0,1,0.646504780524047
"21525",191,"Ec_N",359,45,45,"Ec",18,1,0,0,0,1,0.646504780524047
"21526",191,"Ec_N",359,46,46,"Ec",18,1,0,0,0,1,0.646504780524047
"21527",191,"Ec_N",359,47,47,"Ec",18,1,0,0,0,1,0.646504780524047
"21528",191,"Ec_N",359,48,48,"Ec",22,1,0,1,0,1,0.92522428176681
"21529",191,"Ec_N",359,49,49,"Ec",22,1,0,1,0,1,0.92522428176681
"21530",191,"Ec_N",359,50,50,"Ec",22,1,0,1,0,1,0.92522428176681
"21531",191,"Ec_N",359,51,51,"Ec",22,1,0,1,0,1,0.92522428176681
"21532",191,"Ec_N",359,52,52,"Ec",22,1,0,1,0,1,0.92522428176681
"21533",191,"Ec_N",359,53,53,"Ec",22,1,0,1,0,1,0.92522428176681
"21534",191,"Ec_N",359,54,54,"Ec",22,1,0,1,0,1,0.92522428176681
"21535",191,"Ec_N",359,55,55,"Ec",22,1,0,1,0,1,0.92522428176681
"21536",191,"Ec_N",359,56,56,"Ec",22,1,0,1,0,1,0.92522428176681
"21537",191,"Ec_N",359,57,57,"Ec",22,1,0,1,0,1,0.92522428176681
"21538",191,"Ec_N",359,58,58,"Ec",22,1,0,1,0,1,0.92522428176681
"21539",191,"Ec_N",359,59,59,"Ec",22,1,0,1,0,1,0.92522428176681
"21540",191,"Ec_N",359,60,60,"Ec",22,1,0,1,0,1,0.92522428176681
"21541",191,"Ec_N",360,1,1,"Ec",1,0,0,0,0,0,0
"21542",191,"Ec_N",360,2,2,"Ec",1,0,0,0,0,0,0
"21543",191,"Ec_N",360,3,3,"Ec",1,0,0,0,0,0,0
"21544",191,"Ec_N",360,4,4,"Ec",1,0,0,0,0,0,0
"21545",191,"Ec_N",360,5,5,"Ec",1,0,0,0,0,0,0
"21546",191,"Ec_N",360,6,6,"Ec",1,0,0,0,0,0,0
"21547",191,"Ec_N",360,7,7,"Ec",17,0,0,0,0,1,0.229834113103391
"21548",191,"Ec_N",360,8,8,"Ec",17,0,0,0,0,1,0.229834113103391
"21549",191,"Ec_N",360,9,9,"Ec",21,0,0,1,0,1,0.726280938342543
"21550",191,"Ec_N",360,10,10,"Ec",21,0,0,1,0,1,0.726280938342543
"21551",191,"Ec_N",360,11,11,"Ec",21,0,0,1,0,1,0.726280938342543
"21552",191,"Ec_N",360,12,12,"Ec",21,0,0,1,0,1,0.726280938342543
"21553",191,"Ec_N",360,13,13,"Ec",21,0,0,1,0,1,0.726280938342543
"21554",191,"Ec_N",360,14,14,"Ec",21,0,0,1,0,1,0.726280938342543
"21555",191,"Ec_N",360,15,15,"Ec",21,0,0,1,0,1,0.726280938342543
"21556",191,"Ec_N",360,16,16,"Ec",21,0,0,1,0,1,0.726280938342543
"21557",191,"Ec_N",360,17,17,"Ec",21,0,0,1,0,1,0.726280938342543
"21558",191,"Ec_N",360,18,18,"Ec",21,0,0,1,0,1,0.726280938342543
"21559",191,"Ec_N",360,19,19,"Ec",21,0,0,1,0,1,0.726280938342543
"21560",191,"Ec_N",360,20,20,"Ec",21,0,0,1,0,1,0.726280938342543
"21561",191,"Ec_N",360,21,21,"Ec",21,0,0,1,0,1,0.726280938342543
"21562",191,"Ec_N",360,22,22,"Ec",21,0,0,1,0,1,0.726280938342543
"21563",191,"Ec_N",360,23,23,"Ec",21,0,0,1,0,1,0.726280938342543
"21564",191,"Ec_N",360,24,24,"Ec",21,0,0,1,0,1,0.726280938342543
"21565",191,"Ec_N",360,25,25,"Ec",21,0,0,1,0,1,0.726280938342543
"21566",191,"Ec_N",360,26,26,"Ec",21,0,0,1,0,1,0.726280938342543
"21567",191,"Ec_N",360,27,27,"Ec",21,0,0,1,0,1,0.726280938342543
"21568",191,"Ec_N",360,28,28,"Ec",21,0,0,1,0,1,0.726280938342543
"21569",191,"Ec_N",360,29,29,"Ec",21,0,0,1,0,1,0.726280938342543
"21570",191,"Ec_N",360,30,30,"Ec",21,0,0,1,0,1,0.726280938342543
"21571",191,"Ec_N",360,31,31,"Ec",22,1,0,1,0,1,0.92522428176681
"21572",191,"Ec_N",360,32,32,"Ec",22,1,0,1,0,1,0.92522428176681
"21573",191,"Ec_N",360,33,33,"Ec",22,1,0,1,0,1,0.92522428176681
"21574",191,"Ec_N",360,34,34,"Ec",22,1,0,1,0,1,0.92522428176681
"21575",191,"Ec_N",360,35,35,"Ec",24,1,1,1,0,1,0.969458006928044
"21576",191,"Ec_N",360,36,36,"Ec",24,1,1,1,0,1,0.969458006928044
"21577",191,"Ec_N",360,37,37,"Ec",24,1,1,1,0,1,0.969458006928044
"21578",191,"Ec_N",360,38,38,"Ec",24,1,1,1,0,1,0.969458006928044
"21579",191,"Ec_N",360,39,39,"Ec",24,1,1,1,0,1,0.969458006928044
"21580",191,"Ec_N",360,40,40,"Ec",24,1,1,1,0,1,0.969458006928044
"21581",191,"Ec_N",360,41,41,"Ec",24,1,1,1,0,1,0.969458006928044
"21582",191,"Ec_N",360,42,42,"Ec",24,1,1,1,0,1,0.969458006928044
"21583",191,"Ec_N",360,43,43,"Ec",24,1,1,1,0,1,0.969458006928044
"21584",191,"Ec_N",360,44,44,"Ec",24,1,1,1,0,1,0.969458006928044
"21585",191,"Ec_N",360,45,45,"Ec",24,1,1,1,0,1,0.969458006928044
"21586",191,"Ec_N",360,46,46,"Ec",24,1,1,1,0,1,0.969458006928044
"21587",191,"Ec_N",360,47,47,"Ec",24,1,1,1,0,1,0.969458006928044
"21588",191,"Ec_N",360,48,48,"Ec",24,1,1,1,0,1,0.969458006928044
"21589",191,"Ec_N",360,49,49,"Ec",24,1,1,1,0,1,0.969458006928044
"21590",191,"Ec_N",360,50,50,"Ec",24,1,1,1,0,1,0.969458006928044
"21591",191,"Ec_N",360,51,51,"Ec",24,1,1,1,0,1,0.969458006928044
"21592",191,"Ec_N",360,52,52,"Ec",24,1,1,1,0,1,0.969458006928044
"21593",191,"Ec_N",360,53,53,"Ec",24,1,1,1,0,1,0.969458006928044
"21594",191,"Ec_N",360,54,54,"Ec",24,1,1,1,0,1,0.969458006928044
"21595",191,"Ec_N",360,55,55,"Ec",24,1,1,1,0,1,0.969458006928044
"21596",191,"Ec_N",360,56,56,"Ec",24,1,1,1,0,1,0.969458006928044
"21597",191,"Ec_N",360,57,57,"Ec",24,1,1,1,0,1,0.969458006928044
"21598",191,"Ec_N",360,58,58,"Ec",24,1,1,1,0,1,0.969458006928044
"21599",191,"Ec_N",360,59,59,"Ec",24,1,1,1,0,1,0.969458006928044
"21600",191,"Ec_N",360,60,60,"Ec",24,1,1,1,0,1,0.969458006928044
"21601",191,"Ec_N",361,1,1,"Ec",1,0,0,0,0,0,0
"21602",191,"Ec_N",361,2,2,"Ec",1,0,0,0,0,0,0
"21603",191,"Ec_N",361,3,3,"Ec",2,1,0,0,0,0,0.198020370545937
"21604",191,"Ec_N",361,4,4,"Ec",4,1,1,0,0,0,0.239331850597232
"21605",191,"Ec_N",361,5,5,"Ec",4,1,1,0,0,0,0.239331850597232
"21606",191,"Ec_N",361,6,6,"Ec",4,1,1,0,0,0,0.239331850597232
"21607",191,"Ec_N",361,7,7,"Ec",20,1,1,0,0,1,0.610298755308086
"21608",191,"Ec_N",361,8,8,"Ec",20,1,1,0,0,1,0.610298755308086
"21609",191,"Ec_N",361,9,9,"Ec",28,1,1,0,1,1,0.681047421119041
"21610",191,"Ec_N",361,10,10,"Ec",28,1,1,0,1,1,0.681047421119041
"21611",191,"Ec_N",361,11,11,"Ec",32,1,1,1,1,1,1
"21612",191,"Ec_N",361,12,12,"Ec",32,1,1,1,1,1,1
"21613",191,"Ec_N",361,13,13,"Ec",32,1,1,1,1,1,1
"21614",191,"Ec_N",361,14,14,"Ec",32,1,1,1,1,1,1
"21615",191,"Ec_N",361,15,15,"Ec",32,1,1,1,1,1,1
"21616",191,"Ec_N",361,16,16,"Ec",32,1,1,1,1,1,1
"21617",191,"Ec_N",361,17,17,"Ec",32,1,1,1,1,1,1
"21618",191,"Ec_N",361,18,18,"Ec",32,1,1,1,1,1,1
"21619",191,"Ec_N",361,19,19,"Ec",32,1,1,1,1,1,1
"21620",191,"Ec_N",361,20,20,"Ec",32,1,1,1,1,1,1
"21621",191,"Ec_N",361,21,21,"Ec",32,1,1,1,1,1,1
"21622",191,"Ec_N",361,22,22,"Ec",32,1,1,1,1,1,1
"21623",191,"Ec_N",361,23,23,"Ec",32,1,1,1,1,1,1
"21624",191,"Ec_N",361,24,24,"Ec",32,1,1,1,1,1,1
"21625",191,"Ec_N",361,25,25,"Ec",32,1,1,1,1,1,1
"21626",191,"Ec_N",361,26,26,"Ec",32,1,1,1,1,1,1
"21627",191,"Ec_N",361,27,27,"Ec",32,1,1,1,1,1,1
"21628",191,"Ec_N",361,28,28,"Ec",32,1,1,1,1,1,1
"21629",191,"Ec_N",361,29,29,"Ec",32,1,1,1,1,1,1
"21630",191,"Ec_N",361,30,30,"Ec",32,1,1,1,1,1,1
"21631",191,"Ec_N",361,31,31,"Ec",32,1,1,1,1,1,1
"21632",191,"Ec_N",361,32,32,"Ec",32,1,1,1,1,1,1
"21633",191,"Ec_N",361,33,33,"Ec",32,1,1,1,1,1,1
"21634",191,"Ec_N",361,34,34,"Ec",32,1,1,1,1,1,1
"21635",191,"Ec_N",361,35,35,"Ec",32,1,1,1,1,1,1
"21636",191,"Ec_N",361,36,36,"Ec",32,1,1,1,1,1,1
"21637",191,"Ec_N",361,37,37,"Ec",32,1,1,1,1,1,1
"21638",191,"Ec_N",361,38,38,"Ec",32,1,1,1,1,1,1
"21639",191,"Ec_N",361,39,39,"Ec",32,1,1,1,1,1,1
"21640",191,"Ec_N",361,40,40,"Ec",32,1,1,1,1,1,1
"21641",191,"Ec_N",361,41,41,"Ec",32,1,1,1,1,1,1
"21642",191,"Ec_N",361,42,42,"Ec",32,1,1,1,1,1,1
"21643",191,"Ec_N",361,43,43,"Ec",32,1,1,1,1,1,1
"21644",191,"Ec_N",361,44,44,"Ec",32,1,1,1,1,1,1
"21645",191,"Ec_N",361,45,45,"Ec",32,1,1,1,1,1,1
"21646",191,"Ec_N",361,46,46,"Ec",32,1,1,1,1,1,1
"21647",191,"Ec_N",361,47,47,"Ec",32,1,1,1,1,1,1
"21648",191,"Ec_N",361,48,48,"Ec",32,1,1,1,1,1,1
"21649",191,"Ec_N",361,49,49,"Ec",32,1,1,1,1,1,1
"21650",191,"Ec_N",361,50,50,"Ec",32,1,1,1,1,1,1
"21651",191,"Ec_N",361,51,51,"Ec",32,1,1,1,1,1,1
"21652",191,"Ec_N",361,52,52,"Ec",32,1,1,1,1,1,1
"21653",191,"Ec_N",361,53,53,"Ec",32,1,1,1,1,1,1
"21654",191,"Ec_N",361,54,54,"Ec",32,1,1,1,1,1,1
"21655",191,"Ec_N",361,55,55,"Ec",32,1,1,1,1,1,1
"21656",191,"Ec_N",361,56,56,"Ec",32,1,1,1,1,1,1
"21657",191,"Ec_N",361,57,57,"Ec",32,1,1,1,1,1,1
"21658",191,"Ec_N",361,58,58,"Ec",32,1,1,1,1,1,1
"21659",191,"Ec_N",361,59,59,"Ec",32,1,1,1,1,1,1
"21660",191,"Ec_N",361,60,60,"Ec",32,1,1,1,1,1,1
"21661",191,"Ec_N",362,1,1,"Ec",1,0,0,0,0,0,0
"21662",191,"Ec_N",362,2,2,"Ec",1,0,0,0,0,0,0
"21663",191,"Ec_N",362,3,3,"Ec",1,0,0,0,0,0,0
"21664",191,"Ec_N",362,4,4,"Ec",1,0,0,0,0,0,0
"21665",191,"Ec_N",362,5,5,"Ec",1,0,0,0,0,0,0
"21666",191,"Ec_N",362,6,6,"Ec",9,0,0,0,1,0,0.0305419930719563
"21667",191,"Ec_N",362,7,7,"Ec",9,0,0,0,1,0,0.0305419930719563
"21668",191,"Ec_N",362,8,8,"Ec",9,0,0,0,1,0,0.0305419930719563
"21669",191,"Ec_N",362,9,9,"Ec",9,0,0,0,1,0,0.0305419930719563
"21670",191,"Ec_N",362,10,10,"Ec",9,0,0,0,1,0,0.0305419930719563
"21671",191,"Ec_N",362,11,11,"Ec",9,0,0,0,1,0,0.0305419930719563
"21672",191,"Ec_N",362,12,12,"Ec",9,0,0,0,1,0,0.0305419930719563
"21673",191,"Ec_N",362,13,13,"Ec",9,0,0,0,1,0,0.0305419930719563
"21674",191,"Ec_N",362,14,14,"Ec",9,0,0,0,1,0,0.0305419930719563
"21675",191,"Ec_N",362,15,15,"Ec",9,0,0,0,1,0,0.0305419930719563
"21676",191,"Ec_N",362,16,16,"Ec",9,0,0,0,1,0,0.0305419930719563
"21677",191,"Ec_N",362,17,17,"Ec",9,0,0,0,1,0,0.0305419930719563
"21678",191,"Ec_N",362,18,18,"Ec",9,0,0,0,1,0,0.0305419930719563
"21679",191,"Ec_N",362,19,19,"Ec",9,0,0,0,1,0,0.0305419930719563
"21680",191,"Ec_N",362,20,20,"Ec",25,0,0,0,1,1,0.403163568932085
"21681",191,"Ec_N",362,21,21,"Ec",25,0,0,0,1,1,0.403163568932085
"21682",191,"Ec_N",362,22,22,"Ec",25,0,0,0,1,1,0.403163568932085
"21683",191,"Ec_N",362,23,23,"Ec",25,0,0,0,1,1,0.403163568932085
"21684",191,"Ec_N",362,24,24,"Ec",25,0,0,0,1,1,0.403163568932085
"21685",191,"Ec_N",362,25,25,"Ec",25,0,0,0,1,1,0.403163568932085
"21686",191,"Ec_N",362,26,26,"Ec",26,1,0,0,1,1,0.514384015075299
"21687",191,"Ec_N",362,27,27,"Ec",26,1,0,0,1,1,0.514384015075299
"21688",191,"Ec_N",362,28,28,"Ec",26,1,0,0,1,1,0.514384015075299
"21689",191,"Ec_N",362,29,29,"Ec",26,1,0,0,1,1,0.514384015075299
"21690",191,"Ec_N",362,30,30,"Ec",18,1,0,0,0,1,0.646504780524047
"21691",191,"Ec_N",362,31,31,"Ec",18,1,0,0,0,1,0.646504780524047
"21692",191,"Ec_N",362,32,32,"Ec",18,1,0,0,0,1,0.646504780524047
"21693",191,"Ec_N",362,33,33,"Ec",18,1,0,0,0,1,0.646504780524047
"21694",191,"Ec_N",362,34,34,"Ec",18,1,0,0,0,1,0.646504780524047
"21695",191,"Ec_N",362,35,35,"Ec",18,1,0,0,0,1,0.646504780524047
"21696",191,"Ec_N",362,36,36,"Ec",18,1,0,0,0,1,0.646504780524047
"21697",191,"Ec_N",362,37,37,"Ec",18,1,0,0,0,1,0.646504780524047
"21698",191,"Ec_N",362,38,38,"Ec",18,1,0,0,0,1,0.646504780524047
"21699",191,"Ec_N",362,39,39,"Ec",18,1,0,0,0,1,0.646504780524047
"21700",191,"Ec_N",362,40,40,"Ec",18,1,0,0,0,1,0.646504780524047
"21701",191,"Ec_N",362,41,41,"Ec",18,1,0,0,0,1,0.646504780524047
"21702",191,"Ec_N",362,42,42,"Ec",18,1,0,0,0,1,0.646504780524047
"21703",191,"Ec_N",362,43,43,"Ec",18,1,0,0,0,1,0.646504780524047
"21704",191,"Ec_N",362,44,44,"Ec",18,1,0,0,0,1,0.646504780524047
"21705",191,"Ec_N",362,45,45,"Ec",18,1,0,0,0,1,0.646504780524047
"21706",191,"Ec_N",362,46,46,"Ec",18,1,0,0,0,1,0.646504780524047
"21707",191,"Ec_N",362,47,47,"Ec",18,1,0,0,0,1,0.646504780524047
"21708",191,"Ec_N",362,48,48,"Ec",18,1,0,0,0,1,0.646504780524047
"21709",191,"Ec_N",362,49,49,"Ec",18,1,0,0,0,1,0.646504780524047
"21710",191,"Ec_N",362,50,50,"Ec",18,1,0,0,0,1,0.646504780524047
"21711",191,"Ec_N",362,51,51,"Ec",18,1,0,0,0,1,0.646504780524047
"21712",191,"Ec_N",362,52,52,"Ec",18,1,0,0,0,1,0.646504780524047
"21713",191,"Ec_N",362,53,53,"Ec",18,1,0,0,0,1,0.646504780524047
"21714",191,"Ec_N",362,54,54,"Ec",18,1,0,0,0,1,0.646504780524047
"21715",191,"Ec_N",362,55,55,"Ec",18,1,0,0,0,1,0.646504780524047
"21716",191,"Ec_N",362,56,56,"Ec",18,1,0,0,0,1,0.646504780524047
"21717",191,"Ec_N",362,57,57,"Ec",18,1,0,0,0,1,0.646504780524047
"21718",191,"Ec_N",362,58,58,"Ec",18,1,0,0,0,1,0.646504780524047
"21719",191,"Ec_N",362,59,59,"Ec",18,1,0,0,0,1,0.646504780524047
"21720",191,"Ec_N",362,60,60,"Ec",18,1,0,0,0,1,0.646504780524047
"21721",191,"Ec_N",363,1,1,"Ec",1,0,0,0,0,0,0
"21722",191,"Ec_N",363,2,2,"Ec",1,0,0,0,0,0,0
"21723",191,"Ec_N",363,3,3,"Ec",1,0,0,0,0,0,0
"21724",191,"Ec_N",363,4,4,"Ec",1,0,0,0,0,0,0
"21725",191,"Ec_N",363,5,5,"Ec",1,0,0,0,0,0,0
"21726",191,"Ec_N",363,6,6,"Ec",2,1,0,0,0,0,0.198020370545937
"21727",191,"Ec_N",363,7,7,"Ec",2,1,0,0,0,0,0.198020370545937
"21728",191,"Ec_N",363,8,8,"Ec",2,1,0,0,0,0,0.198020370545937
"21729",191,"Ec_N",363,9,9,"Ec",6,1,0,1,0,0,0.542157591427696
"21730",191,"Ec_N",363,10,10,"Ec",14,1,0,1,1,0,0.746777083195453
"21731",191,"Ec_N",363,11,11,"Ec",14,1,0,1,1,0,0.746777083195453
"21732",191,"Ec_N",363,12,12,"Ec",14,1,0,1,1,0,0.746777083195453
"21733",191,"Ec_N",363,13,13,"Ec",14,1,0,1,1,0,0.746777083195453
"21734",191,"Ec_N",363,14,14,"Ec",14,1,0,1,1,0,0.746777083195453
"21735",191,"Ec_N",363,15,15,"Ec",14,1,0,1,1,0,0.746777083195453
"21736",191,"Ec_N",363,16,16,"Ec",14,1,0,1,1,0,0.746777083195453
"21737",191,"Ec_N",363,17,17,"Ec",14,1,0,1,1,0,0.746777083195453
"21738",191,"Ec_N",363,18,18,"Ec",14,1,0,1,1,0,0.746777083195453
"21739",191,"Ec_N",363,19,19,"Ec",14,1,0,1,1,0,0.746777083195453
"21740",191,"Ec_N",363,20,20,"Ec",14,1,0,1,1,0,0.746777083195453
"21741",191,"Ec_N",363,21,21,"Ec",14,1,0,1,1,0,0.746777083195453
"21742",191,"Ec_N",363,22,22,"Ec",30,1,0,1,1,1,0.958688519948705
"21743",191,"Ec_N",363,23,23,"Ec",32,1,1,1,1,1,1
"21744",191,"Ec_N",363,24,24,"Ec",32,1,1,1,1,1,1
"21745",191,"Ec_N",363,25,25,"Ec",32,1,1,1,1,1,1
"21746",191,"Ec_N",363,26,26,"Ec",32,1,1,1,1,1,1
"21747",191,"Ec_N",363,27,27,"Ec",32,1,1,1,1,1,1
"21748",191,"Ec_N",363,28,28,"Ec",32,1,1,1,1,1,1
"21749",191,"Ec_N",363,29,29,"Ec",32,1,1,1,1,1,1
"21750",191,"Ec_N",363,30,30,"Ec",32,1,1,1,1,1,1
"21751",191,"Ec_N",363,31,31,"Ec",32,1,1,1,1,1,1
"21752",191,"Ec_N",363,32,32,"Ec",32,1,1,1,1,1,1
"21753",191,"Ec_N",363,33,33,"Ec",32,1,1,1,1,1,1
"21754",191,"Ec_N",363,34,34,"Ec",32,1,1,1,1,1,1
"21755",191,"Ec_N",363,35,35,"Ec",32,1,1,1,1,1,1
"21756",191,"Ec_N",363,36,36,"Ec",32,1,1,1,1,1,1
"21757",191,"Ec_N",363,37,37,"Ec",32,1,1,1,1,1,1
"21758",191,"Ec_N",363,38,38,"Ec",32,1,1,1,1,1,1
"21759",191,"Ec_N",363,39,39,"Ec",32,1,1,1,1,1,1
"21760",191,"Ec_N",363,40,40,"Ec",32,1,1,1,1,1,1
"21761",191,"Ec_N",363,41,41,"Ec",32,1,1,1,1,1,1
"21762",191,"Ec_N",363,42,42,"Ec",32,1,1,1,1,1,1
"21763",191,"Ec_N",363,43,43,"Ec",32,1,1,1,1,1,1
"21764",191,"Ec_N",363,44,44,"Ec",32,1,1,1,1,1,1
"21765",191,"Ec_N",363,45,45,"Ec",32,1,1,1,1,1,1
"21766",191,"Ec_N",363,46,46,"Ec",32,1,1,1,1,1,1
"21767",191,"Ec_N",363,47,47,"Ec",32,1,1,1,1,1,1
"21768",191,"Ec_N",363,48,48,"Ec",32,1,1,1,1,1,1
"21769",191,"Ec_N",363,49,49,"Ec",32,1,1,1,1,1,1
"21770",191,"Ec_N",363,50,50,"Ec",32,1,1,1,1,1,1
"21771",191,"Ec_N",363,51,51,"Ec",32,1,1,1,1,1,1
"21772",191,"Ec_N",363,52,52,"Ec",32,1,1,1,1,1,1
"21773",191,"Ec_N",363,53,53,"Ec",32,1,1,1,1,1,1
"21774",191,"Ec_N",363,54,54,"Ec",32,1,1,1,1,1,1
"21775",191,"Ec_N",363,55,55,"Ec",32,1,1,1,1,1,1
"21776",191,"Ec_N",363,56,56,"Ec",32,1,1,1,1,1,1
"21777",191,"Ec_N",363,57,57,"Ec",32,1,1,1,1,1,1
"21778",191,"Ec_N",363,58,58,"Ec",32,1,1,1,1,1,1
"21779",191,"Ec_N",363,59,59,"Ec",32,1,1,1,1,1,1
"21780",191,"Ec_N",363,60,60,"Ec",32,1,1,1,1,1,1
"21781",191,"Ec_N",364,1,1,"Ec",1,0,0,0,0,0,0
"21782",191,"Ec_N",364,2,2,"Ec",1,0,0,0,0,0,0
"21783",191,"Ec_N",364,3,3,"Ec",1,0,0,0,0,0,0
"21784",191,"Ec_N",364,4,4,"Ec",1,0,0,0,0,0,0
"21785",191,"Ec_N",364,5,5,"Ec",1,0,0,0,0,0,0
"21786",191,"Ec_N",364,6,6,"Ec",1,0,0,0,0,0,0
"21787",191,"Ec_N",364,7,7,"Ec",1,0,0,0,0,0,0
"21788",191,"Ec_N",364,8,8,"Ec",1,0,0,0,0,0,0
"21789",191,"Ec_N",364,9,9,"Ec",1,0,0,0,0,0,0
"21790",191,"Ec_N",364,10,10,"Ec",1,0,0,0,0,0,0
"21791",191,"Ec_N",364,11,11,"Ec",5,0,0,1,0,0,0.49313446766664
"21792",191,"Ec_N",364,12,12,"Ec",5,0,0,1,0,0,0.49313446766664
"21793",191,"Ec_N",364,13,13,"Ec",5,0,0,1,0,0,0.49313446766664
"21794",191,"Ec_N",364,14,14,"Ec",5,0,0,1,0,0,0.49313446766664
"21795",191,"Ec_N",364,15,15,"Ec",21,0,0,1,0,1,0.726280938342543
"21796",191,"Ec_N",364,16,16,"Ec",21,0,0,1,0,1,0.726280938342543
"21797",191,"Ec_N",364,17,17,"Ec",22,1,0,1,0,1,0.92522428176681
"21798",191,"Ec_N",364,18,18,"Ec",22,1,0,1,0,1,0.92522428176681
"21799",191,"Ec_N",364,19,19,"Ec",22,1,0,1,0,1,0.92522428176681
"21800",191,"Ec_N",364,20,20,"Ec",22,1,0,1,0,1,0.92522428176681
"21801",191,"Ec_N",364,21,21,"Ec",22,1,0,1,0,1,0.92522428176681
"21802",191,"Ec_N",364,22,22,"Ec",22,1,0,1,0,1,0.92522428176681
"21803",191,"Ec_N",364,23,23,"Ec",22,1,0,1,0,1,0.92522428176681
"21804",191,"Ec_N",364,24,24,"Ec",22,1,0,1,0,1,0.92522428176681
"21805",191,"Ec_N",364,25,25,"Ec",22,1,0,1,0,1,0.92522428176681
"21806",191,"Ec_N",364,26,26,"Ec",22,1,0,1,0,1,0.92522428176681
"21807",191,"Ec_N",364,27,27,"Ec",22,1,0,1,0,1,0.92522428176681
"21808",191,"Ec_N",364,28,28,"Ec",22,1,0,1,0,1,0.92522428176681
"21809",191,"Ec_N",364,29,29,"Ec",22,1,0,1,0,1,0.92522428176681
"21810",191,"Ec_N",364,30,30,"Ec",22,1,0,1,0,1,0.92522428176681
"21811",191,"Ec_N",364,31,31,"Ec",22,1,0,1,0,1,0.92522428176681
"21812",191,"Ec_N",364,32,32,"Ec",22,1,0,1,0,1,0.92522428176681
"21813",191,"Ec_N",364,33,33,"Ec",30,1,0,1,1,1,0.958688519948705
"21814",191,"Ec_N",364,34,34,"Ec",30,1,0,1,1,1,0.958688519948705
"21815",191,"Ec_N",364,35,35,"Ec",30,1,0,1,1,1,0.958688519948705
"21816",191,"Ec_N",364,36,36,"Ec",30,1,0,1,1,1,0.958688519948705
"21817",191,"Ec_N",364,37,37,"Ec",30,1,0,1,1,1,0.958688519948705
"21818",191,"Ec_N",364,38,38,"Ec",30,1,0,1,1,1,0.958688519948705
"21819",191,"Ec_N",364,39,39,"Ec",30,1,0,1,1,1,0.958688519948705
"21820",191,"Ec_N",364,40,40,"Ec",30,1,0,1,1,1,0.958688519948705
"21821",191,"Ec_N",364,41,41,"Ec",30,1,0,1,1,1,0.958688519948705
"21822",191,"Ec_N",364,42,42,"Ec",30,1,0,1,1,1,0.958688519948705
"21823",191,"Ec_N",364,43,43,"Ec",30,1,0,1,1,1,0.958688519948705
"21824",191,"Ec_N",364,44,44,"Ec",30,1,0,1,1,1,0.958688519948705
"21825",191,"Ec_N",364,45,45,"Ec",30,1,0,1,1,1,0.958688519948705
"21826",191,"Ec_N",364,46,46,"Ec",30,1,0,1,1,1,0.958688519948705
"21827",191,"Ec_N",364,47,47,"Ec",30,1,0,1,1,1,0.958688519948705
"21828",191,"Ec_N",364,48,48,"Ec",30,1,0,1,1,1,0.958688519948705
"21829",191,"Ec_N",364,49,49,"Ec",30,1,0,1,1,1,0.958688519948705
"21830",191,"Ec_N",364,50,50,"Ec",30,1,0,1,1,1,0.958688519948705
"21831",191,"Ec_N",364,51,51,"Ec",30,1,0,1,1,1,0.958688519948705
"21832",191,"Ec_N",364,52,52,"Ec",30,1,0,1,1,1,0.958688519948705
"21833",191,"Ec_N",364,53,53,"Ec",30,1,0,1,1,1,0.958688519948705
"21834",191,"Ec_N",364,54,54,"Ec",30,1,0,1,1,1,0.958688519948705
"21835",191,"Ec_N",364,55,55,"Ec",30,1,0,1,1,1,0.958688519948705
"21836",191,"Ec_N",364,56,56,"Ec",30,1,0,1,1,1,0.958688519948705
"21837",191,"Ec_N",364,57,57,"Ec",30,1,0,1,1,1,0.958688519948705
"21838",191,"Ec_N",364,58,58,"Ec",30,1,0,1,1,1,0.958688519948705
"21839",191,"Ec_N",364,59,59,"Ec",30,1,0,1,1,1,0.958688519948705
"21840",191,"Ec_N",364,60,60,"Ec",30,1,0,1,1,1,0.958688519948705
"21841",191,"Ec_N",365,1,1,"Ec",1,0,0,0,0,0,0
"21842",191,"Ec_N",365,2,2,"Ec",1,0,0,0,0,0,0
"21843",191,"Ec_N",365,3,3,"Ec",1,0,0,0,0,0,0
"21844",191,"Ec_N",365,4,4,"Ec",1,0,0,0,0,0,0
"21845",191,"Ec_N",365,5,5,"Ec",1,0,0,0,0,0,0
"21846",191,"Ec_N",365,6,6,"Ec",5,0,0,1,0,0,0.49313446766664
"21847",191,"Ec_N",365,7,7,"Ec",5,0,0,1,0,0,0.49313446766664
"21848",191,"Ec_N",365,8,8,"Ec",5,0,0,1,0,0,0.49313446766664
"21849",191,"Ec_N",365,9,9,"Ec",5,0,0,1,0,0,0.49313446766664
"21850",191,"Ec_N",365,10,10,"Ec",5,0,0,1,0,0,0.49313446766664
"21851",191,"Ec_N",365,11,11,"Ec",7,0,1,1,0,0,0.589282297794007
"21852",191,"Ec_N",365,12,12,"Ec",7,0,1,1,0,0,0.589282297794007
"21853",191,"Ec_N",365,13,13,"Ec",7,0,1,1,0,0,0.589282297794007
"21854",191,"Ec_N",365,14,14,"Ec",7,0,1,1,0,0,0.589282297794007
"21855",191,"Ec_N",365,15,15,"Ec",7,0,1,1,0,0,0.589282297794007
"21856",191,"Ec_N",365,16,16,"Ec",7,0,1,1,0,0,0.589282297794007
"21857",191,"Ec_N",365,17,17,"Ec",7,0,1,1,0,0,0.589282297794007
"21858",191,"Ec_N",365,18,18,"Ec",7,0,1,1,0,0,0.589282297794007
"21859",191,"Ec_N",365,19,19,"Ec",7,0,1,1,0,0,0.589282297794007
"21860",191,"Ec_N",365,20,20,"Ec",7,0,1,1,0,0,0.589282297794007
"21861",191,"Ec_N",365,21,21,"Ec",7,0,1,1,0,0,0.589282297794007
"21862",191,"Ec_N",365,22,22,"Ec",7,0,1,1,0,0,0.589282297794007
"21863",191,"Ec_N",365,23,23,"Ec",7,0,1,1,0,0,0.589282297794007
"21864",191,"Ec_N",365,24,24,"Ec",7,0,1,1,0,0,0.589282297794007
"21865",191,"Ec_N",365,25,25,"Ec",23,0,1,1,0,1,0.616809062130864
"21866",191,"Ec_N",365,26,26,"Ec",23,0,1,1,0,1,0.616809062130864
"21867",191,"Ec_N",365,27,27,"Ec",23,0,1,1,0,1,0.616809062130864
"21868",191,"Ec_N",365,28,28,"Ec",23,0,1,1,0,1,0.616809062130864
"21869",191,"Ec_N",365,29,29,"Ec",23,0,1,1,0,1,0.616809062130864
"21870",191,"Ec_N",365,30,30,"Ec",23,0,1,1,0,1,0.616809062130864
"21871",191,"Ec_N",365,31,31,"Ec",23,0,1,1,0,1,0.616809062130864
"21872",191,"Ec_N",365,32,32,"Ec",23,0,1,1,0,1,0.616809062130864
"21873",191,"Ec_N",365,33,33,"Ec",23,0,1,1,0,1,0.616809062130864
"21874",191,"Ec_N",365,34,34,"Ec",23,0,1,1,0,1,0.616809062130864
"21875",191,"Ec_N",365,35,35,"Ec",23,0,1,1,0,1,0.616809062130864
"21876",191,"Ec_N",365,36,36,"Ec",24,1,1,1,0,1,0.969458006928044
"21877",191,"Ec_N",365,37,37,"Ec",24,1,1,1,0,1,0.969458006928044
"21878",191,"Ec_N",365,38,38,"Ec",24,1,1,1,0,1,0.969458006928044
"21879",191,"Ec_N",365,39,39,"Ec",24,1,1,1,0,1,0.969458006928044
"21880",191,"Ec_N",365,40,40,"Ec",24,1,1,1,0,1,0.969458006928044
"21881",191,"Ec_N",365,41,41,"Ec",24,1,1,1,0,1,0.969458006928044
"21882",191,"Ec_N",365,42,42,"Ec",24,1,1,1,0,1,0.969458006928044
"21883",191,"Ec_N",365,43,43,"Ec",24,1,1,1,0,1,0.969458006928044
"21884",191,"Ec_N",365,44,44,"Ec",24,1,1,1,0,1,0.969458006928044
"21885",191,"Ec_N",365,45,45,"Ec",24,1,1,1,0,1,0.969458006928044
"21886",191,"Ec_N",365,46,46,"Ec",24,1,1,1,0,1,0.969458006928044
"21887",191,"Ec_N",365,47,47,"Ec",24,1,1,1,0,1,0.969458006928044
"21888",191,"Ec_N",365,48,48,"Ec",24,1,1,1,0,1,0.969458006928044
"21889",191,"Ec_N",365,49,49,"Ec",24,1,1,1,0,1,0.969458006928044
"21890",191,"Ec_N",365,50,50,"Ec",24,1,1,1,0,1,0.969458006928044
"21891",191,"Ec_N",365,51,51,"Ec",32,1,1,1,1,1,1
"21892",191,"Ec_N",365,52,52,"Ec",32,1,1,1,1,1,1
"21893",191,"Ec_N",365,53,53,"Ec",32,1,1,1,1,1,1
"21894",191,"Ec_N",365,54,54,"Ec",32,1,1,1,1,1,1
"21895",191,"Ec_N",365,55,55,"Ec",32,1,1,1,1,1,1
"21896",191,"Ec_N",365,56,56,"Ec",32,1,1,1,1,1,1
"21897",191,"Ec_N",365,57,57,"Ec",32,1,1,1,1,1,1
"21898",191,"Ec_N",365,58,58,"Ec",32,1,1,1,1,1,1
"21899",191,"Ec_N",365,59,59,"Ec",32,1,1,1,1,1,1
"21900",191,"Ec_N",365,60,60,"Ec",32,1,1,1,1,1,1
"21901",191,"Ec_N",366,1,1,"Ec",1,0,0,0,0,0,0
"21902",191,"Ec_N",366,2,2,"Ec",1,0,0,0,0,0,0
"21903",191,"Ec_N",366,3,3,"Ec",5,0,0,1,0,0,0.49313446766664
"21904",191,"Ec_N",366,4,4,"Ec",5,0,0,1,0,0,0.49313446766664
"21905",191,"Ec_N",366,5,5,"Ec",5,0,0,1,0,0,0.49313446766664
"21906",191,"Ec_N",366,6,6,"Ec",5,0,0,1,0,0,0.49313446766664
"21907",191,"Ec_N",366,7,7,"Ec",5,0,0,1,0,0,0.49313446766664
"21908",191,"Ec_N",366,8,8,"Ec",7,0,1,1,0,0,0.589282297794007
"21909",191,"Ec_N",366,9,9,"Ec",7,0,1,1,0,0,0.589282297794007
"21910",191,"Ec_N",366,10,10,"Ec",7,0,1,1,0,0,0.589282297794007
"21911",191,"Ec_N",366,11,11,"Ec",7,0,1,1,0,0,0.589282297794007
"21912",191,"Ec_N",366,12,12,"Ec",7,0,1,1,0,0,0.589282297794007
"21913",191,"Ec_N",366,13,13,"Ec",7,0,1,1,0,0,0.589282297794007
"21914",191,"Ec_N",366,14,14,"Ec",7,0,1,1,0,0,0.589282297794007
"21915",191,"Ec_N",366,15,15,"Ec",7,0,1,1,0,0,0.589282297794007
"21916",191,"Ec_N",366,16,16,"Ec",23,0,1,1,0,1,0.616809062130864
"21917",191,"Ec_N",366,17,17,"Ec",23,0,1,1,0,1,0.616809062130864
"21918",191,"Ec_N",366,18,18,"Ec",24,1,1,1,0,1,0.969458006928044
"21919",191,"Ec_N",366,19,19,"Ec",24,1,1,1,0,1,0.969458006928044
"21920",191,"Ec_N",366,20,20,"Ec",24,1,1,1,0,1,0.969458006928044
"21921",191,"Ec_N",366,21,21,"Ec",24,1,1,1,0,1,0.969458006928044
"21922",191,"Ec_N",366,22,22,"Ec",24,1,1,1,0,1,0.969458006928044
"21923",191,"Ec_N",366,23,23,"Ec",24,1,1,1,0,1,0.969458006928044
"21924",191,"Ec_N",366,24,24,"Ec",24,1,1,1,0,1,0.969458006928044
"21925",191,"Ec_N",366,25,25,"Ec",24,1,1,1,0,1,0.969458006928044
"21926",191,"Ec_N",366,26,26,"Ec",24,1,1,1,0,1,0.969458006928044
"21927",191,"Ec_N",366,27,27,"Ec",24,1,1,1,0,1,0.969458006928044
"21928",191,"Ec_N",366,28,28,"Ec",32,1,1,1,1,1,1
"21929",191,"Ec_N",366,29,29,"Ec",32,1,1,1,1,1,1
"21930",191,"Ec_N",366,30,30,"Ec",32,1,1,1,1,1,1
"21931",191,"Ec_N",366,31,31,"Ec",32,1,1,1,1,1,1
"21932",191,"Ec_N",366,32,32,"Ec",32,1,1,1,1,1,1
"21933",191,"Ec_N",366,33,33,"Ec",32,1,1,1,1,1,1
"21934",191,"Ec_N",366,34,34,"Ec",32,1,1,1,1,1,1
"21935",191,"Ec_N",366,35,35,"Ec",32,1,1,1,1,1,1
"21936",191,"Ec_N",366,36,36,"Ec",32,1,1,1,1,1,1
"21937",191,"Ec_N",366,37,37,"Ec",32,1,1,1,1,1,1
"21938",191,"Ec_N",366,38,38,"Ec",32,1,1,1,1,1,1
"21939",191,"Ec_N",366,39,39,"Ec",32,1,1,1,1,1,1
"21940",191,"Ec_N",366,40,40,"Ec",32,1,1,1,1,1,1
"21941",191,"Ec_N",366,41,41,"Ec",32,1,1,1,1,1,1
"21942",191,"Ec_N",366,42,42,"Ec",32,1,1,1,1,1,1
"21943",191,"Ec_N",366,43,43,"Ec",32,1,1,1,1,1,1
"21944",191,"Ec_N",366,44,44,"Ec",32,1,1,1,1,1,1
"21945",191,"Ec_N",366,45,45,"Ec",32,1,1,1,1,1,1
"21946",191,"Ec_N",366,46,46,"Ec",32,1,1,1,1,1,1
"21947",191,"Ec_N",366,47,47,"Ec",32,1,1,1,1,1,1
"21948",191,"Ec_N",366,48,48,"Ec",32,1,1,1,1,1,1
"21949",191,"Ec_N",366,49,49,"Ec",32,1,1,1,1,1,1
"21950",191,"Ec_N",366,50,50,"Ec",32,1,1,1,1,1,1
"21951",191,"Ec_N",366,51,51,"Ec",32,1,1,1,1,1,1
"21952",191,"Ec_N",366,52,52,"Ec",32,1,1,1,1,1,1
"21953",191,"Ec_N",366,53,53,"Ec",32,1,1,1,1,1,1
"21954",191,"Ec_N",366,54,54,"Ec",32,1,1,1,1,1,1
"21955",191,"Ec_N",366,55,55,"Ec",32,1,1,1,1,1,1
"21956",191,"Ec_N",366,56,56,"Ec",32,1,1,1,1,1,1
"21957",191,"Ec_N",366,57,57,"Ec",32,1,1,1,1,1,1
"21958",191,"Ec_N",366,58,58,"Ec",32,1,1,1,1,1,1
"21959",191,"Ec_N",366,59,59,"Ec",32,1,1,1,1,1,1
"21960",191,"Ec_N",366,60,60,"Ec",32,1,1,1,1,1,1
"21961",191,"Ec_N",367,1,1,"Ec",1,0,0,0,0,0,0
"21962",191,"Ec_N",367,2,2,"Ec",1,0,0,0,0,0,0
"21963",191,"Ec_N",367,3,3,"Ec",1,0,0,0,0,0,0
"21964",191,"Ec_N",367,4,4,"Ec",1,0,0,0,0,0,0
"21965",191,"Ec_N",367,5,5,"Ec",2,1,0,0,0,0,0.198020370545937
"21966",191,"Ec_N",367,6,6,"Ec",4,1,1,0,0,0,0.239331850597232
"21967",191,"Ec_N",367,7,7,"Ec",4,1,1,0,0,0,0.239331850597232
"21968",191,"Ec_N",367,8,8,"Ec",8,1,1,1,0,0,0.583469071478991
"21969",191,"Ec_N",367,9,9,"Ec",8,1,1,1,0,0,0.583469071478991
"21970",191,"Ec_N",367,10,10,"Ec",8,1,1,1,0,0,0.583469071478991
"21971",191,"Ec_N",367,11,11,"Ec",8,1,1,1,0,0,0.583469071478991
"21972",191,"Ec_N",367,12,12,"Ec",8,1,1,1,0,0,0.583469071478991
"21973",191,"Ec_N",367,13,13,"Ec",8,1,1,1,0,0,0.583469071478991
"21974",191,"Ec_N",367,14,14,"Ec",8,1,1,1,0,0,0.583469071478991
"21975",191,"Ec_N",367,15,15,"Ec",8,1,1,1,0,0,0.583469071478991
"21976",191,"Ec_N",367,16,16,"Ec",8,1,1,1,0,0,0.583469071478991
"21977",191,"Ec_N",367,17,17,"Ec",8,1,1,1,0,0,0.583469071478991
"21978",191,"Ec_N",367,18,18,"Ec",8,1,1,1,0,0,0.583469071478991
"21979",191,"Ec_N",367,19,19,"Ec",8,1,1,1,0,0,0.583469071478991
"21980",191,"Ec_N",367,20,20,"Ec",8,1,1,1,0,0,0.583469071478991
"21981",191,"Ec_N",367,21,21,"Ec",8,1,1,1,0,0,0.583469071478991
"21982",191,"Ec_N",367,22,22,"Ec",8,1,1,1,0,0,0.583469071478991
"21983",191,"Ec_N",367,23,23,"Ec",8,1,1,1,0,0,0.583469071478991
"21984",191,"Ec_N",367,24,24,"Ec",8,1,1,1,0,0,0.583469071478991
"21985",191,"Ec_N",367,25,25,"Ec",8,1,1,1,0,0,0.583469071478991
"21986",191,"Ec_N",367,26,26,"Ec",8,1,1,1,0,0,0.583469071478991
"21987",191,"Ec_N",367,27,27,"Ec",8,1,1,1,0,0,0.583469071478991
"21988",191,"Ec_N",367,28,28,"Ec",8,1,1,1,0,0,0.583469071478991
"21989",191,"Ec_N",367,29,29,"Ec",8,1,1,1,0,0,0.583469071478991
"21990",191,"Ec_N",367,30,30,"Ec",8,1,1,1,0,0,0.583469071478991
"21991",191,"Ec_N",367,31,31,"Ec",24,1,1,1,0,1,0.969458006928044
"21992",191,"Ec_N",367,32,32,"Ec",24,1,1,1,0,1,0.969458006928044
"21993",191,"Ec_N",367,33,33,"Ec",24,1,1,1,0,1,0.969458006928044
"21994",191,"Ec_N",367,34,34,"Ec",24,1,1,1,0,1,0.969458006928044
"21995",191,"Ec_N",367,35,35,"Ec",24,1,1,1,0,1,0.969458006928044
"21996",191,"Ec_N",367,36,36,"Ec",24,1,1,1,0,1,0.969458006928044
"21997",191,"Ec_N",367,37,37,"Ec",24,1,1,1,0,1,0.969458006928044
"21998",191,"Ec_N",367,38,38,"Ec",24,1,1,1,0,1,0.969458006928044
"21999",191,"Ec_N",367,39,39,"Ec",24,1,1,1,0,1,0.969458006928044
"22000",191,"Ec_N",367,40,40,"Ec",32,1,1,1,1,1,1
"22001",191,"Ec_N",367,41,41,"Ec",32,1,1,1,1,1,1
"22002",191,"Ec_N",367,42,42,"Ec",32,1,1,1,1,1,1
"22003",191,"Ec_N",367,43,43,"Ec",32,1,1,1,1,1,1
"22004",191,"Ec_N",367,44,44,"Ec",32,1,1,1,1,1,1
"22005",191,"Ec_N",367,45,45,"Ec",32,1,1,1,1,1,1
"22006",191,"Ec_N",367,46,46,"Ec",32,1,1,1,1,1,1
"22007",191,"Ec_N",367,47,47,"Ec",32,1,1,1,1,1,1
"22008",191,"Ec_N",367,48,48,"Ec",32,1,1,1,1,1,1
"22009",191,"Ec_N",367,49,49,"Ec",32,1,1,1,1,1,1
"22010",191,"Ec_N",367,50,50,"Ec",32,1,1,1,1,1,1
"22011",191,"Ec_N",367,51,51,"Ec",32,1,1,1,1,1,1
"22012",191,"Ec_N",367,52,52,"Ec",32,1,1,1,1,1,1
"22013",191,"Ec_N",367,53,53,"Ec",32,1,1,1,1,1,1
"22014",191,"Ec_N",367,54,54,"Ec",32,1,1,1,1,1,1
"22015",191,"Ec_N",367,55,55,"Ec",32,1,1,1,1,1,1
"22016",191,"Ec_N",367,56,56,"Ec",32,1,1,1,1,1,1
"22017",191,"Ec_N",367,57,57,"Ec",32,1,1,1,1,1,1
"22018",191,"Ec_N",367,58,58,"Ec",32,1,1,1,1,1,1
"22019",191,"Ec_N",367,59,59,"Ec",32,1,1,1,1,1,1
"22020",191,"Ec_N",367,60,60,"Ec",32,1,1,1,1,1,1
"22021",191,"Ec_N",368,1,1,"Ec",1,0,0,0,0,0,0
"22022",191,"Ec_N",368,2,2,"Ec",1,0,0,0,0,0,0
"22023",191,"Ec_N",368,3,3,"Ec",1,0,0,0,0,0,0
"22024",191,"Ec_N",368,4,4,"Ec",17,0,0,0,0,1,0.229834113103391
"22025",191,"Ec_N",368,5,5,"Ec",25,0,0,0,1,1,0.403163568932085
"22026",191,"Ec_N",368,6,6,"Ec",25,0,0,0,1,1,0.403163568932085
"22027",191,"Ec_N",368,7,7,"Ec",25,0,0,0,1,1,0.403163568932085
"22028",191,"Ec_N",368,8,8,"Ec",25,0,0,0,1,1,0.403163568932085
"22029",191,"Ec_N",368,9,9,"Ec",25,0,0,0,1,1,0.403163568932085
"22030",191,"Ec_N",368,10,10,"Ec",25,0,0,0,1,1,0.403163568932085
"22031",191,"Ec_N",368,11,11,"Ec",25,0,0,0,1,1,0.403163568932085
"22032",191,"Ec_N",368,12,12,"Ec",25,0,0,0,1,1,0.403163568932085
"22033",191,"Ec_N",368,13,13,"Ec",25,0,0,0,1,1,0.403163568932085
"22034",191,"Ec_N",368,14,14,"Ec",25,0,0,0,1,1,0.403163568932085
"22035",191,"Ec_N",368,15,15,"Ec",29,0,0,1,1,1,0.760668149402769
"22036",191,"Ec_N",368,16,16,"Ec",31,0,1,1,1,1,0.801979629454064
"22037",191,"Ec_N",368,17,17,"Ec",31,0,1,1,1,1,0.801979629454064
"22038",191,"Ec_N",368,18,18,"Ec",31,0,1,1,1,1,0.801979629454064
"22039",191,"Ec_N",368,19,19,"Ec",31,0,1,1,1,1,0.801979629454064
"22040",191,"Ec_N",368,20,20,"Ec",32,1,1,1,1,1,1
"22041",191,"Ec_N",368,21,21,"Ec",32,1,1,1,1,1,1
"22042",191,"Ec_N",368,22,22,"Ec",32,1,1,1,1,1,1
"22043",191,"Ec_N",368,23,23,"Ec",32,1,1,1,1,1,1
"22044",191,"Ec_N",368,24,24,"Ec",32,1,1,1,1,1,1
"22045",191,"Ec_N",368,25,25,"Ec",32,1,1,1,1,1,1
"22046",191,"Ec_N",368,26,26,"Ec",32,1,1,1,1,1,1
"22047",191,"Ec_N",368,27,27,"Ec",32,1,1,1,1,1,1
"22048",191,"Ec_N",368,28,28,"Ec",32,1,1,1,1,1,1
"22049",191,"Ec_N",368,29,29,"Ec",32,1,1,1,1,1,1
"22050",191,"Ec_N",368,30,30,"Ec",32,1,1,1,1,1,1
"22051",191,"Ec_N",368,31,31,"Ec",32,1,1,1,1,1,1
"22052",191,"Ec_N",368,32,32,"Ec",32,1,1,1,1,1,1
"22053",191,"Ec_N",368,33,33,"Ec",32,1,1,1,1,1,1
"22054",191,"Ec_N",368,34,34,"Ec",32,1,1,1,1,1,1
"22055",191,"Ec_N",368,35,35,"Ec",32,1,1,1,1,1,1
"22056",191,"Ec_N",368,36,36,"Ec",32,1,1,1,1,1,1
"22057",191,"Ec_N",368,37,37,"Ec",32,1,1,1,1,1,1
"22058",191,"Ec_N",368,38,38,"Ec",32,1,1,1,1,1,1
"22059",191,"Ec_N",368,39,39,"Ec",32,1,1,1,1,1,1
"22060",191,"Ec_N",368,40,40,"Ec",32,1,1,1,1,1,1
"22061",191,"Ec_N",368,41,41,"Ec",32,1,1,1,1,1,1
"22062",191,"Ec_N",368,42,42,"Ec",32,1,1,1,1,1,1
"22063",191,"Ec_N",368,43,43,"Ec",32,1,1,1,1,1,1
"22064",191,"Ec_N",368,44,44,"Ec",32,1,1,1,1,1,1
"22065",191,"Ec_N",368,45,45,"Ec",32,1,1,1,1,1,1
"22066",191,"Ec_N",368,46,46,"Ec",32,1,1,1,1,1,1
"22067",191,"Ec_N",368,47,47,"Ec",32,1,1,1,1,1,1
"22068",191,"Ec_N",368,48,48,"Ec",32,1,1,1,1,1,1
"22069",191,"Ec_N",368,49,49,"Ec",32,1,1,1,1,1,1
"22070",191,"Ec_N",368,50,50,"Ec",32,1,1,1,1,1,1
"22071",191,"Ec_N",368,51,51,"Ec",32,1,1,1,1,1,1
"22072",191,"Ec_N",368,52,52,"Ec",32,1,1,1,1,1,1
"22073",191,"Ec_N",368,53,53,"Ec",32,1,1,1,1,1,1
"22074",191,"Ec_N",368,54,54,"Ec",32,1,1,1,1,1,1
"22075",191,"Ec_N",368,55,55,"Ec",32,1,1,1,1,1,1
"22076",191,"Ec_N",368,56,56,"Ec",32,1,1,1,1,1,1
"22077",191,"Ec_N",368,57,57,"Ec",32,1,1,1,1,1,1
"22078",191,"Ec_N",368,58,58,"Ec",32,1,1,1,1,1,1
"22079",191,"Ec_N",368,59,59,"Ec",32,1,1,1,1,1,1
"22080",191,"Ec_N",368,60,60,"Ec",32,1,1,1,1,1,1
"22081",191,"Ec_N",369,1,1,"Ec",1,0,0,0,0,0,0
"22082",191,"Ec_N",369,2,2,"Ec",1,0,0,0,0,0,0
"22083",191,"Ec_N",369,3,3,"Ec",1,0,0,0,0,0,0
"22084",191,"Ec_N",369,4,4,"Ec",1,0,0,0,0,0,0
"22085",191,"Ec_N",369,5,5,"Ec",1,0,0,0,0,0,0
"22086",191,"Ec_N",369,6,6,"Ec",17,0,0,0,0,1,0.229834113103391
"22087",191,"Ec_N",369,7,7,"Ec",17,0,0,0,0,1,0.229834113103391
"22088",191,"Ec_N",369,8,8,"Ec",17,0,0,0,0,1,0.229834113103391
"22089",191,"Ec_N",369,9,9,"Ec",25,0,0,0,1,1,0.403163568932085
"22090",191,"Ec_N",369,10,10,"Ec",25,0,0,0,1,1,0.403163568932085
"22091",191,"Ec_N",369,11,11,"Ec",25,0,0,0,1,1,0.403163568932085
"22092",191,"Ec_N",369,12,12,"Ec",25,0,0,0,1,1,0.403163568932085
"22093",191,"Ec_N",369,13,13,"Ec",25,0,0,0,1,1,0.403163568932085
"22094",191,"Ec_N",369,14,14,"Ec",25,0,0,0,1,1,0.403163568932085
"22095",191,"Ec_N",369,15,15,"Ec",29,0,0,1,1,1,0.760668149402769
"22096",191,"Ec_N",369,16,16,"Ec",29,0,0,1,1,1,0.760668149402769
"22097",191,"Ec_N",369,17,17,"Ec",29,0,0,1,1,1,0.760668149402769
"22098",191,"Ec_N",369,18,18,"Ec",29,0,0,1,1,1,0.760668149402769
"22099",191,"Ec_N",369,19,19,"Ec",29,0,0,1,1,1,0.760668149402769
"22100",191,"Ec_N",369,20,20,"Ec",29,0,0,1,1,1,0.760668149402769
"22101",191,"Ec_N",369,21,21,"Ec",29,0,0,1,1,1,0.760668149402769
"22102",191,"Ec_N",369,22,22,"Ec",29,0,0,1,1,1,0.760668149402769
"22103",191,"Ec_N",369,23,23,"Ec",29,0,0,1,1,1,0.760668149402769
"22104",191,"Ec_N",369,24,24,"Ec",29,0,0,1,1,1,0.760668149402769
"22105",191,"Ec_N",369,25,25,"Ec",29,0,0,1,1,1,0.760668149402769
"22106",191,"Ec_N",369,26,26,"Ec",29,0,0,1,1,1,0.760668149402769
"22107",191,"Ec_N",369,27,27,"Ec",29,0,0,1,1,1,0.760668149402769
"22108",191,"Ec_N",369,28,28,"Ec",29,0,0,1,1,1,0.760668149402769
"22109",191,"Ec_N",369,29,29,"Ec",29,0,0,1,1,1,0.760668149402769
"22110",191,"Ec_N",369,30,30,"Ec",29,0,0,1,1,1,0.760668149402769
"22111",191,"Ec_N",369,31,31,"Ec",29,0,0,1,1,1,0.760668149402769
"22112",191,"Ec_N",369,32,32,"Ec",29,0,0,1,1,1,0.760668149402769
"22113",191,"Ec_N",369,33,33,"Ec",29,0,0,1,1,1,0.760668149402769
"22114",191,"Ec_N",369,34,34,"Ec",30,1,0,1,1,1,0.958688519948705
"22115",191,"Ec_N",369,35,35,"Ec",30,1,0,1,1,1,0.958688519948705
"22116",191,"Ec_N",369,36,36,"Ec",30,1,0,1,1,1,0.958688519948705
"22117",191,"Ec_N",369,37,37,"Ec",30,1,0,1,1,1,0.958688519948705
"22118",191,"Ec_N",369,38,38,"Ec",30,1,0,1,1,1,0.958688519948705
"22119",191,"Ec_N",369,39,39,"Ec",30,1,0,1,1,1,0.958688519948705
"22120",191,"Ec_N",369,40,40,"Ec",30,1,0,1,1,1,0.958688519948705
"22121",191,"Ec_N",369,41,41,"Ec",30,1,0,1,1,1,0.958688519948705
"22122",191,"Ec_N",369,42,42,"Ec",30,1,0,1,1,1,0.958688519948705
"22123",191,"Ec_N",369,43,43,"Ec",30,1,0,1,1,1,0.958688519948705
"22124",191,"Ec_N",369,44,44,"Ec",30,1,0,1,1,1,0.958688519948705
"22125",191,"Ec_N",369,45,45,"Ec",30,1,0,1,1,1,0.958688519948705
"22126",191,"Ec_N",369,46,46,"Ec",30,1,0,1,1,1,0.958688519948705
"22127",191,"Ec_N",369,47,47,"Ec",30,1,0,1,1,1,0.958688519948705
"22128",191,"Ec_N",369,48,48,"Ec",30,1,0,1,1,1,0.958688519948705
"22129",191,"Ec_N",369,49,49,"Ec",30,1,0,1,1,1,0.958688519948705
"22130",191,"Ec_N",369,50,50,"Ec",30,1,0,1,1,1,0.958688519948705
"22131",191,"Ec_N",369,51,51,"Ec",30,1,0,1,1,1,0.958688519948705
"22132",191,"Ec_N",369,52,52,"Ec",30,1,0,1,1,1,0.958688519948705
"22133",191,"Ec_N",369,53,53,"Ec",30,1,0,1,1,1,0.958688519948705
"22134",191,"Ec_N",369,54,54,"Ec",30,1,0,1,1,1,0.958688519948705
"22135",191,"Ec_N",369,55,55,"Ec",30,1,0,1,1,1,0.958688519948705
"22136",191,"Ec_N",369,56,56,"Ec",30,1,0,1,1,1,0.958688519948705
"22137",191,"Ec_N",369,57,57,"Ec",30,1,0,1,1,1,0.958688519948705
"22138",191,"Ec_N",369,58,58,"Ec",30,1,0,1,1,1,0.958688519948705
"22139",191,"Ec_N",369,59,59,"Ec",30,1,0,1,1,1,0.958688519948705
"22140",191,"Ec_N",369,60,60,"Ec",30,1,0,1,1,1,0.958688519948705
"22141",191,"Ec_N",370,1,1,"Ec",1,0,0,0,0,0,0
"22142",191,"Ec_N",370,2,2,"Ec",1,0,0,0,0,0,0
"22143",191,"Ec_N",370,3,3,"Ec",1,0,0,0,0,0,0
"22144",191,"Ec_N",370,4,4,"Ec",9,0,0,0,1,0,0.0305419930719563
"22145",191,"Ec_N",370,5,5,"Ec",9,0,0,0,1,0,0.0305419930719563
"22146",191,"Ec_N",370,6,6,"Ec",9,0,0,0,1,0,0.0305419930719563
"22147",191,"Ec_N",370,7,7,"Ec",9,0,0,0,1,0,0.0305419930719563
"22148",191,"Ec_N",370,8,8,"Ec",9,0,0,0,1,0,0.0305419930719563
"22149",191,"Ec_N",370,9,9,"Ec",9,0,0,0,1,0,0.0305419930719563
"22150",191,"Ec_N",370,10,10,"Ec",11,0,1,0,1,0,0.0857419302602629
"22151",191,"Ec_N",370,11,11,"Ec",11,0,1,0,1,0,0.0857419302602629
"22152",191,"Ec_N",370,12,12,"Ec",15,0,1,1,1,0,0.437080043527332
"22153",191,"Ec_N",370,13,13,"Ec",15,0,1,1,1,0,0.437080043527332
"22154",191,"Ec_N",370,14,14,"Ec",15,0,1,1,1,0,0.437080043527332
"22155",191,"Ec_N",370,15,15,"Ec",15,0,1,1,1,0,0.437080043527332
"22156",191,"Ec_N",370,16,16,"Ec",15,0,1,1,1,0,0.437080043527332
"22157",191,"Ec_N",370,17,17,"Ec",15,0,1,1,1,0,0.437080043527332
"22158",191,"Ec_N",370,18,18,"Ec",15,0,1,1,1,0,0.437080043527332
"22159",191,"Ec_N",370,19,19,"Ec",15,0,1,1,1,0,0.437080043527332
"22160",191,"Ec_N",370,20,20,"Ec",15,0,1,1,1,0,0.437080043527332
"22161",191,"Ec_N",370,21,21,"Ec",15,0,1,1,1,0,0.437080043527332
"22162",191,"Ec_N",370,22,22,"Ec",7,0,1,1,0,0,0.589282297794007
"22163",191,"Ec_N",370,23,23,"Ec",7,0,1,1,0,0,0.589282297794007
"22164",191,"Ec_N",370,24,24,"Ec",7,0,1,1,0,0,0.589282297794007
"22165",191,"Ec_N",370,25,25,"Ec",7,0,1,1,0,0,0.589282297794007
"22166",191,"Ec_N",370,26,26,"Ec",7,0,1,1,0,0,0.589282297794007
"22167",191,"Ec_N",370,27,27,"Ec",7,0,1,1,0,0,0.589282297794007
"22168",191,"Ec_N",370,28,28,"Ec",7,0,1,1,0,0,0.589282297794007
"22169",191,"Ec_N",370,29,29,"Ec",7,0,1,1,0,0,0.589282297794007
"22170",191,"Ec_N",370,30,30,"Ec",7,0,1,1,0,0,0.589282297794007
"22171",191,"Ec_N",370,31,31,"Ec",7,0,1,1,0,0,0.589282297794007
"22172",191,"Ec_N",370,32,32,"Ec",7,0,1,1,0,0,0.589282297794007
"22173",191,"Ec_N",370,33,33,"Ec",7,0,1,1,0,0,0.589282297794007
"22174",191,"Ec_N",370,34,34,"Ec",7,0,1,1,0,0,0.589282297794007
"22175",191,"Ec_N",370,35,35,"Ec",7,0,1,1,0,0,0.589282297794007
"22176",191,"Ec_N",370,36,36,"Ec",7,0,1,1,0,0,0.589282297794007
"22177",191,"Ec_N",370,37,37,"Ec",7,0,1,1,0,0,0.589282297794007
"22178",191,"Ec_N",370,38,38,"Ec",7,0,1,1,0,0,0.589282297794007
"22179",191,"Ec_N",370,39,39,"Ec",7,0,1,1,0,0,0.589282297794007
"22180",191,"Ec_N",370,40,40,"Ec",7,0,1,1,0,0,0.589282297794007
"22181",191,"Ec_N",370,41,41,"Ec",7,0,1,1,0,0,0.589282297794007
"22182",191,"Ec_N",370,42,42,"Ec",7,0,1,1,0,0,0.589282297794007
"22183",191,"Ec_N",370,43,43,"Ec",7,0,1,1,0,0,0.589282297794007
"22184",191,"Ec_N",370,44,44,"Ec",7,0,1,1,0,0,0.589282297794007
"22185",191,"Ec_N",370,45,45,"Ec",7,0,1,1,0,0,0.589282297794007
"22186",191,"Ec_N",370,46,46,"Ec",7,0,1,1,0,0,0.589282297794007
"22187",191,"Ec_N",370,47,47,"Ec",7,0,1,1,0,0,0.589282297794007
"22188",191,"Ec_N",370,48,48,"Ec",7,0,1,1,0,0,0.589282297794007
"22189",191,"Ec_N",370,49,49,"Ec",7,0,1,1,0,0,0.589282297794007
"22190",191,"Ec_N",370,50,50,"Ec",7,0,1,1,0,0,0.589282297794007
"22191",191,"Ec_N",370,51,51,"Ec",7,0,1,1,0,0,0.589282297794007
"22192",191,"Ec_N",370,52,52,"Ec",7,0,1,1,0,0,0.589282297794007
"22193",191,"Ec_N",370,53,53,"Ec",7,0,1,1,0,0,0.589282297794007
"22194",191,"Ec_N",370,54,54,"Ec",7,0,1,1,0,0,0.589282297794007
"22195",191,"Ec_N",370,55,55,"Ec",7,0,1,1,0,0,0.589282297794007
"22196",191,"Ec_N",370,56,56,"Ec",7,0,1,1,0,0,0.589282297794007
"22197",191,"Ec_N",370,57,57,"Ec",7,0,1,1,0,0,0.589282297794007
"22198",191,"Ec_N",370,58,58,"Ec",7,0,1,1,0,0,0.589282297794007
"22199",191,"Ec_N",370,59,59,"Ec",7,0,1,1,0,0,0.589282297794007
"22200",191,"Ec_N",370,60,60,"Ec",7,0,1,1,0,0,0.589282297794007
"22201",191,"Ec_N",371,1,1,"Ec",1,0,0,0,0,0,0
"22202",191,"Ec_N",371,2,2,"Ec",1,0,0,0,0,0,0
"22203",191,"Ec_N",371,3,3,"Ec",1,0,0,0,0,0,0
"22204",191,"Ec_N",371,4,4,"Ec",9,0,0,0,1,0,0.0305419930719563
"22205",191,"Ec_N",371,5,5,"Ec",9,0,0,0,1,0,0.0305419930719563
"22206",191,"Ec_N",371,6,6,"Ec",9,0,0,0,1,0,0.0305419930719563
"22207",191,"Ec_N",371,7,7,"Ec",9,0,0,0,1,0,0.0305419930719563
"22208",191,"Ec_N",371,8,8,"Ec",9,0,0,0,1,0,0.0305419930719563
"22209",191,"Ec_N",371,9,9,"Ec",10,1,0,0,1,0,0.228562363617893
"22210",191,"Ec_N",371,10,10,"Ec",14,1,0,1,1,0,0.746777083195453
"22211",191,"Ec_N",371,11,11,"Ec",14,1,0,1,1,0,0.746777083195453
"22212",191,"Ec_N",371,12,12,"Ec",14,1,0,1,1,0,0.746777083195453
"22213",191,"Ec_N",371,13,13,"Ec",14,1,0,1,1,0,0.746777083195453
"22214",191,"Ec_N",371,14,14,"Ec",14,1,0,1,1,0,0.746777083195453
"22215",191,"Ec_N",371,15,15,"Ec",14,1,0,1,1,0,0.746777083195453
"22216",191,"Ec_N",371,16,16,"Ec",14,1,0,1,1,0,0.746777083195453
"22217",191,"Ec_N",371,17,17,"Ec",14,1,0,1,1,0,0.746777083195453
"22218",191,"Ec_N",371,18,18,"Ec",14,1,0,1,1,0,0.746777083195453
"22219",191,"Ec_N",371,19,19,"Ec",14,1,0,1,1,0,0.746777083195453
"22220",191,"Ec_N",371,20,20,"Ec",14,1,0,1,1,0,0.746777083195453
"22221",191,"Ec_N",371,21,21,"Ec",14,1,0,1,1,0,0.746777083195453
"22222",191,"Ec_N",371,22,22,"Ec",14,1,0,1,1,0,0.746777083195453
"22223",191,"Ec_N",371,23,23,"Ec",14,1,0,1,1,0,0.746777083195453
"22224",191,"Ec_N",371,24,24,"Ec",14,1,0,1,1,0,0.746777083195453
"22225",191,"Ec_N",371,25,25,"Ec",14,1,0,1,1,0,0.746777083195453
"22226",191,"Ec_N",371,26,26,"Ec",30,1,0,1,1,1,0.958688519948705
"22227",191,"Ec_N",371,27,27,"Ec",30,1,0,1,1,1,0.958688519948705
"22228",191,"Ec_N",371,28,28,"Ec",30,1,0,1,1,1,0.958688519948705
"22229",191,"Ec_N",371,29,29,"Ec",30,1,0,1,1,1,0.958688519948705
"22230",191,"Ec_N",371,30,30,"Ec",30,1,0,1,1,1,0.958688519948705
"22231",191,"Ec_N",371,31,31,"Ec",30,1,0,1,1,1,0.958688519948705
"22232",191,"Ec_N",371,32,32,"Ec",30,1,0,1,1,1,0.958688519948705
"22233",191,"Ec_N",371,33,33,"Ec",30,1,0,1,1,1,0.958688519948705
"22234",191,"Ec_N",371,34,34,"Ec",30,1,0,1,1,1,0.958688519948705
"22235",191,"Ec_N",371,35,35,"Ec",30,1,0,1,1,1,0.958688519948705
"22236",191,"Ec_N",371,36,36,"Ec",30,1,0,1,1,1,0.958688519948705
"22237",191,"Ec_N",371,37,37,"Ec",30,1,0,1,1,1,0.958688519948705
"22238",191,"Ec_N",371,38,38,"Ec",30,1,0,1,1,1,0.958688519948705
"22239",191,"Ec_N",371,39,39,"Ec",30,1,0,1,1,1,0.958688519948705
"22240",191,"Ec_N",371,40,40,"Ec",30,1,0,1,1,1,0.958688519948705
"22241",191,"Ec_N",371,41,41,"Ec",30,1,0,1,1,1,0.958688519948705
"22242",191,"Ec_N",371,42,42,"Ec",30,1,0,1,1,1,0.958688519948705
"22243",191,"Ec_N",371,43,43,"Ec",30,1,0,1,1,1,0.958688519948705
"22244",191,"Ec_N",371,44,44,"Ec",30,1,0,1,1,1,0.958688519948705
"22245",191,"Ec_N",371,45,45,"Ec",30,1,0,1,1,1,0.958688519948705
"22246",191,"Ec_N",371,46,46,"Ec",30,1,0,1,1,1,0.958688519948705
"22247",191,"Ec_N",371,47,47,"Ec",30,1,0,1,1,1,0.958688519948705
"22248",191,"Ec_N",371,48,48,"Ec",30,1,0,1,1,1,0.958688519948705
"22249",191,"Ec_N",371,49,49,"Ec",30,1,0,1,1,1,0.958688519948705
"22250",191,"Ec_N",371,50,50,"Ec",30,1,0,1,1,1,0.958688519948705
"22251",191,"Ec_N",371,51,51,"Ec",30,1,0,1,1,1,0.958688519948705
"22252",191,"Ec_N",371,52,52,"Ec",30,1,0,1,1,1,0.958688519948705
"22253",191,"Ec_N",371,53,53,"Ec",30,1,0,1,1,1,0.958688519948705
"22254",191,"Ec_N",371,54,54,"Ec",30,1,0,1,1,1,0.958688519948705
"22255",191,"Ec_N",371,55,55,"Ec",30,1,0,1,1,1,0.958688519948705
"22256",191,"Ec_N",371,56,56,"Ec",30,1,0,1,1,1,0.958688519948705
"22257",191,"Ec_N",371,57,57,"Ec",30,1,0,1,1,1,0.958688519948705
"22258",191,"Ec_N",371,58,58,"Ec",30,1,0,1,1,1,0.958688519948705
"22259",191,"Ec_N",371,59,59,"Ec",30,1,0,1,1,1,0.958688519948705
"22260",191,"Ec_N",371,60,60,"Ec",30,1,0,1,1,1,0.958688519948705
"22261",191,"Ec_N",372,1,1,"Ec",1,0,0,0,0,0,0
"22262",191,"Ec_N",372,2,2,"Ec",1,0,0,0,0,0,0
"22263",191,"Ec_N",372,3,3,"Ec",1,0,0,0,0,0,0
"22264",191,"Ec_N",372,4,4,"Ec",1,0,0,0,0,0,0
"22265",191,"Ec_N",372,5,5,"Ec",1,0,0,0,0,0,0
"22266",191,"Ec_N",372,6,6,"Ec",1,0,0,0,0,0,0
"22267",191,"Ec_N",372,7,7,"Ec",1,0,0,0,0,0,0
"22268",191,"Ec_N",372,8,8,"Ec",1,0,0,0,0,0,0
"22269",191,"Ec_N",372,9,9,"Ec",1,0,0,0,0,0,0
"22270",191,"Ec_N",372,10,10,"Ec",17,0,0,0,0,1,0.229834113103391
"22271",191,"Ec_N",372,11,11,"Ec",17,0,0,0,0,1,0.229834113103391
"22272",191,"Ec_N",372,12,12,"Ec",17,0,0,0,0,1,0.229834113103391
"22273",191,"Ec_N",372,13,13,"Ec",19,0,1,0,0,1,0.427300415500348
"22274",191,"Ec_N",372,14,14,"Ec",19,0,1,0,0,1,0.427300415500348
"22275",191,"Ec_N",372,15,15,"Ec",20,1,1,0,0,1,0.610298755308086
"22276",191,"Ec_N",372,16,16,"Ec",20,1,1,0,0,1,0.610298755308086
"22277",191,"Ec_N",372,17,17,"Ec",20,1,1,0,0,1,0.610298755308086
"22278",191,"Ec_N",372,18,18,"Ec",20,1,1,0,0,1,0.610298755308086
"22279",191,"Ec_N",372,19,19,"Ec",20,1,1,0,0,1,0.610298755308086
"22280",191,"Ec_N",372,20,20,"Ec",24,1,1,1,0,1,0.969458006928044
"22281",191,"Ec_N",372,21,21,"Ec",24,1,1,1,0,1,0.969458006928044
"22282",191,"Ec_N",372,22,22,"Ec",24,1,1,1,0,1,0.969458006928044
"22283",191,"Ec_N",372,23,23,"Ec",24,1,1,1,0,1,0.969458006928044
"22284",191,"Ec_N",372,24,24,"Ec",24,1,1,1,0,1,0.969458006928044
"22285",191,"Ec_N",372,25,25,"Ec",24,1,1,1,0,1,0.969458006928044
"22286",191,"Ec_N",372,26,26,"Ec",24,1,1,1,0,1,0.969458006928044
"22287",191,"Ec_N",372,27,27,"Ec",24,1,1,1,0,1,0.969458006928044
"22288",191,"Ec_N",372,28,28,"Ec",24,1,1,1,0,1,0.969458006928044
"22289",191,"Ec_N",372,29,29,"Ec",24,1,1,1,0,1,0.969458006928044
"22290",191,"Ec_N",372,30,30,"Ec",24,1,1,1,0,1,0.969458006928044
"22291",191,"Ec_N",372,31,31,"Ec",24,1,1,1,0,1,0.969458006928044
"22292",191,"Ec_N",372,32,32,"Ec",24,1,1,1,0,1,0.969458006928044
"22293",191,"Ec_N",372,33,33,"Ec",24,1,1,1,0,1,0.969458006928044
"22294",191,"Ec_N",372,34,34,"Ec",24,1,1,1,0,1,0.969458006928044
"22295",191,"Ec_N",372,35,35,"Ec",24,1,1,1,0,1,0.969458006928044
"22296",191,"Ec_N",372,36,36,"Ec",24,1,1,1,0,1,0.969458006928044
"22297",191,"Ec_N",372,37,37,"Ec",24,1,1,1,0,1,0.969458006928044
"22298",191,"Ec_N",372,38,38,"Ec",24,1,1,1,0,1,0.969458006928044
"22299",191,"Ec_N",372,39,39,"Ec",24,1,1,1,0,1,0.969458006928044
"22300",191,"Ec_N",372,40,40,"Ec",24,1,1,1,0,1,0.969458006928044
"22301",191,"Ec_N",372,41,41,"Ec",24,1,1,1,0,1,0.969458006928044
"22302",191,"Ec_N",372,42,42,"Ec",24,1,1,1,0,1,0.969458006928044
"22303",191,"Ec_N",372,43,43,"Ec",24,1,1,1,0,1,0.969458006928044
"22304",191,"Ec_N",372,44,44,"Ec",24,1,1,1,0,1,0.969458006928044
"22305",191,"Ec_N",372,45,45,"Ec",24,1,1,1,0,1,0.969458006928044
"22306",191,"Ec_N",372,46,46,"Ec",24,1,1,1,0,1,0.969458006928044
"22307",191,"Ec_N",372,47,47,"Ec",24,1,1,1,0,1,0.969458006928044
"22308",191,"Ec_N",372,48,48,"Ec",24,1,1,1,0,1,0.969458006928044
"22309",191,"Ec_N",372,49,49,"Ec",24,1,1,1,0,1,0.969458006928044
"22310",191,"Ec_N",372,50,50,"Ec",32,1,1,1,1,1,1
"22311",191,"Ec_N",372,51,51,"Ec",32,1,1,1,1,1,1
"22312",191,"Ec_N",372,52,52,"Ec",32,1,1,1,1,1,1
"22313",191,"Ec_N",372,53,53,"Ec",32,1,1,1,1,1,1
"22314",191,"Ec_N",372,54,54,"Ec",32,1,1,1,1,1,1
"22315",191,"Ec_N",372,55,55,"Ec",32,1,1,1,1,1,1
"22316",191,"Ec_N",372,56,56,"Ec",32,1,1,1,1,1,1
"22317",191,"Ec_N",372,57,57,"Ec",32,1,1,1,1,1,1
"22318",191,"Ec_N",372,58,58,"Ec",32,1,1,1,1,1,1
"22319",191,"Ec_N",372,59,59,"Ec",32,1,1,1,1,1,1
"22320",191,"Ec_N",372,60,60,"Ec",32,1,1,1,1,1,1
"22321",191,"Ec_N",373,1,1,"Ec",1,0,0,0,0,0,0
"22322",191,"Ec_N",373,2,2,"Ec",1,0,0,0,0,0,0
"22323",191,"Ec_N",373,3,3,"Ec",1,0,0,0,0,0,0
"22324",191,"Ec_N",373,4,4,"Ec",1,0,0,0,0,0,0
"22325",191,"Ec_N",373,5,5,"Ec",1,0,0,0,0,0,0
"22326",191,"Ec_N",373,6,6,"Ec",3,0,1,0,0,0,0.041311480051295
"22327",191,"Ec_N",373,7,7,"Ec",3,0,1,0,0,0,0.041311480051295
"22328",191,"Ec_N",373,8,8,"Ec",3,0,1,0,0,0,0.041311480051295
"22329",191,"Ec_N",373,9,9,"Ec",3,0,1,0,0,0,0.041311480051295
"22330",191,"Ec_N",373,10,10,"Ec",3,0,1,0,0,0,0.041311480051295
"22331",191,"Ec_N",373,11,11,"Ec",7,0,1,1,0,0,0.589282297794007
"22332",191,"Ec_N",373,12,12,"Ec",7,0,1,1,0,0,0.589282297794007
"22333",191,"Ec_N",373,13,13,"Ec",23,0,1,1,0,1,0.616809062130864
"22334",191,"Ec_N",373,14,14,"Ec",23,0,1,1,0,1,0.616809062130864
"22335",191,"Ec_N",373,15,15,"Ec",23,0,1,1,0,1,0.616809062130864
"22336",191,"Ec_N",373,16,16,"Ec",23,0,1,1,0,1,0.616809062130864
"22337",191,"Ec_N",373,17,17,"Ec",24,1,1,1,0,1,0.969458006928044
"22338",191,"Ec_N",373,18,18,"Ec",24,1,1,1,0,1,0.969458006928044
"22339",191,"Ec_N",373,19,19,"Ec",24,1,1,1,0,1,0.969458006928044
"22340",191,"Ec_N",373,20,20,"Ec",32,1,1,1,1,1,1
"22341",191,"Ec_N",373,21,21,"Ec",32,1,1,1,1,1,1
"22342",191,"Ec_N",373,22,22,"Ec",32,1,1,1,1,1,1
"22343",191,"Ec_N",373,23,23,"Ec",32,1,1,1,1,1,1
"22344",191,"Ec_N",373,24,24,"Ec",32,1,1,1,1,1,1
"22345",191,"Ec_N",373,25,25,"Ec",32,1,1,1,1,1,1
"22346",191,"Ec_N",373,26,26,"Ec",32,1,1,1,1,1,1
"22347",191,"Ec_N",373,27,27,"Ec",32,1,1,1,1,1,1
"22348",191,"Ec_N",373,28,28,"Ec",32,1,1,1,1,1,1
"22349",191,"Ec_N",373,29,29,"Ec",32,1,1,1,1,1,1
"22350",191,"Ec_N",373,30,30,"Ec",32,1,1,1,1,1,1
"22351",191,"Ec_N",373,31,31,"Ec",32,1,1,1,1,1,1
"22352",191,"Ec_N",373,32,32,"Ec",32,1,1,1,1,1,1
"22353",191,"Ec_N",373,33,33,"Ec",32,1,1,1,1,1,1
"22354",191,"Ec_N",373,34,34,"Ec",32,1,1,1,1,1,1
"22355",191,"Ec_N",373,35,35,"Ec",32,1,1,1,1,1,1
"22356",191,"Ec_N",373,36,36,"Ec",32,1,1,1,1,1,1
"22357",191,"Ec_N",373,37,37,"Ec",32,1,1,1,1,1,1
"22358",191,"Ec_N",373,38,38,"Ec",32,1,1,1,1,1,1
"22359",191,"Ec_N",373,39,39,"Ec",32,1,1,1,1,1,1
"22360",191,"Ec_N",373,40,40,"Ec",32,1,1,1,1,1,1
"22361",191,"Ec_N",373,41,41,"Ec",32,1,1,1,1,1,1
"22362",191,"Ec_N",373,42,42,"Ec",32,1,1,1,1,1,1
"22363",191,"Ec_N",373,43,43,"Ec",32,1,1,1,1,1,1
"22364",191,"Ec_N",373,44,44,"Ec",32,1,1,1,1,1,1
"22365",191,"Ec_N",373,45,45,"Ec",32,1,1,1,1,1,1
"22366",191,"Ec_N",373,46,46,"Ec",32,1,1,1,1,1,1
"22367",191,"Ec_N",373,47,47,"Ec",32,1,1,1,1,1,1
"22368",191,"Ec_N",373,48,48,"Ec",32,1,1,1,1,1,1
"22369",191,"Ec_N",373,49,49,"Ec",32,1,1,1,1,1,1
"22370",191,"Ec_N",373,50,50,"Ec",32,1,1,1,1,1,1
"22371",191,"Ec_N",373,51,51,"Ec",32,1,1,1,1,1,1
"22372",191,"Ec_N",373,52,52,"Ec",32,1,1,1,1,1,1
"22373",191,"Ec_N",373,53,53,"Ec",32,1,1,1,1,1,1
"22374",191,"Ec_N",373,54,54,"Ec",32,1,1,1,1,1,1
"22375",191,"Ec_N",373,55,55,"Ec",32,1,1,1,1,1,1
"22376",191,"Ec_N",373,56,56,"Ec",32,1,1,1,1,1,1
"22377",191,"Ec_N",373,57,57,"Ec",32,1,1,1,1,1,1
"22378",191,"Ec_N",373,58,58,"Ec",32,1,1,1,1,1,1
"22379",191,"Ec_N",373,59,59,"Ec",32,1,1,1,1,1,1
"22380",191,"Ec_N",373,60,60,"Ec",32,1,1,1,1,1,1
"22381",191,"Ec_N",374,1,1,"Ec",1,0,0,0,0,0,0
"22382",191,"Ec_N",374,2,2,"Ec",1,0,0,0,0,0,0
"22383",191,"Ec_N",374,3,3,"Ec",1,0,0,0,0,0,0
"22384",191,"Ec_N",374,4,4,"Ec",1,0,0,0,0,0,0
"22385",191,"Ec_N",374,5,5,"Ec",1,0,0,0,0,0,0
"22386",191,"Ec_N",374,6,6,"Ec",17,0,0,0,0,1,0.229834113103391
"22387",191,"Ec_N",374,7,7,"Ec",17,0,0,0,0,1,0.229834113103391
"22388",191,"Ec_N",374,8,8,"Ec",17,0,0,0,0,1,0.229834113103391
"22389",191,"Ec_N",374,9,9,"Ec",17,0,0,0,0,1,0.229834113103391
"22390",191,"Ec_N",374,10,10,"Ec",17,0,0,0,0,1,0.229834113103391
"22391",191,"Ec_N",374,11,11,"Ec",17,0,0,0,0,1,0.229834113103391
"22392",191,"Ec_N",374,12,12,"Ec",17,0,0,0,0,1,0.229834113103391
"22393",191,"Ec_N",374,13,13,"Ec",18,1,0,0,0,1,0.646504780524047
"22394",191,"Ec_N",374,14,14,"Ec",18,1,0,0,0,1,0.646504780524047
"22395",191,"Ec_N",374,15,15,"Ec",18,1,0,0,0,1,0.646504780524047
"22396",191,"Ec_N",374,16,16,"Ec",18,1,0,0,0,1,0.646504780524047
"22397",191,"Ec_N",374,17,17,"Ec",18,1,0,0,0,1,0.646504780524047
"22398",191,"Ec_N",374,18,18,"Ec",18,1,0,0,0,1,0.646504780524047
"22399",191,"Ec_N",374,19,19,"Ec",18,1,0,0,0,1,0.646504780524047
"22400",191,"Ec_N",374,20,20,"Ec",18,1,0,0,0,1,0.646504780524047
"22401",191,"Ec_N",374,21,21,"Ec",18,1,0,0,0,1,0.646504780524047
"22402",191,"Ec_N",374,22,22,"Ec",18,1,0,0,0,1,0.646504780524047
"22403",191,"Ec_N",374,23,23,"Ec",18,1,0,0,0,1,0.646504780524047
"22404",191,"Ec_N",374,24,24,"Ec",18,1,0,0,0,1,0.646504780524047
"22405",191,"Ec_N",374,25,25,"Ec",18,1,0,0,0,1,0.646504780524047
"22406",191,"Ec_N",374,26,26,"Ec",18,1,0,0,0,1,0.646504780524047
"22407",191,"Ec_N",374,27,27,"Ec",18,1,0,0,0,1,0.646504780524047
"22408",191,"Ec_N",374,28,28,"Ec",18,1,0,0,0,1,0.646504780524047
"22409",191,"Ec_N",374,29,29,"Ec",18,1,0,0,0,1,0.646504780524047
"22410",191,"Ec_N",374,30,30,"Ec",18,1,0,0,0,1,0.646504780524047
"22411",191,"Ec_N",374,31,31,"Ec",18,1,0,0,0,1,0.646504780524047
"22412",191,"Ec_N",374,32,32,"Ec",18,1,0,0,0,1,0.646504780524047
"22413",191,"Ec_N",374,33,33,"Ec",22,1,0,1,0,1,0.92522428176681
"22414",191,"Ec_N",374,34,34,"Ec",22,1,0,1,0,1,0.92522428176681
"22415",191,"Ec_N",374,35,35,"Ec",22,1,0,1,0,1,0.92522428176681
"22416",191,"Ec_N",374,36,36,"Ec",22,1,0,1,0,1,0.92522428176681
"22417",191,"Ec_N",374,37,37,"Ec",24,1,1,1,0,1,0.969458006928044
"22418",191,"Ec_N",374,38,38,"Ec",24,1,1,1,0,1,0.969458006928044
"22419",191,"Ec_N",374,39,39,"Ec",24,1,1,1,0,1,0.969458006928044
"22420",191,"Ec_N",374,40,40,"Ec",24,1,1,1,0,1,0.969458006928044
"22421",191,"Ec_N",374,41,41,"Ec",24,1,1,1,0,1,0.969458006928044
"22422",191,"Ec_N",374,42,42,"Ec",24,1,1,1,0,1,0.969458006928044
"22423",191,"Ec_N",374,43,43,"Ec",24,1,1,1,0,1,0.969458006928044
"22424",191,"Ec_N",374,44,44,"Ec",24,1,1,1,0,1,0.969458006928044
"22425",191,"Ec_N",374,45,45,"Ec",24,1,1,1,0,1,0.969458006928044
"22426",191,"Ec_N",374,46,46,"Ec",24,1,1,1,0,1,0.969458006928044
"22427",191,"Ec_N",374,47,47,"Ec",24,1,1,1,0,1,0.969458006928044
"22428",191,"Ec_N",374,48,48,"Ec",24,1,1,1,0,1,0.969458006928044
"22429",191,"Ec_N",374,49,49,"Ec",24,1,1,1,0,1,0.969458006928044
"22430",191,"Ec_N",374,50,50,"Ec",24,1,1,1,0,1,0.969458006928044
"22431",191,"Ec_N",374,51,51,"Ec",24,1,1,1,0,1,0.969458006928044
"22432",191,"Ec_N",374,52,52,"Ec",24,1,1,1,0,1,0.969458006928044
"22433",191,"Ec_N",374,53,53,"Ec",24,1,1,1,0,1,0.969458006928044
"22434",191,"Ec_N",374,54,54,"Ec",24,1,1,1,0,1,0.969458006928044
"22435",191,"Ec_N",374,55,55,"Ec",24,1,1,1,0,1,0.969458006928044
"22436",191,"Ec_N",374,56,56,"Ec",24,1,1,1,0,1,0.969458006928044
"22437",191,"Ec_N",374,57,57,"Ec",24,1,1,1,0,1,0.969458006928044
"22438",191,"Ec_N",374,58,58,"Ec",24,1,1,1,0,1,0.969458006928044
"22439",191,"Ec_N",374,59,59,"Ec",24,1,1,1,0,1,0.969458006928044
"22440",191,"Ec_N",374,60,60,"Ec",24,1,1,1,0,1,0.969458006928044
"22441",191,"Ec_N",375,1,1,"Ec",1,0,0,0,0,0,0
"22442",191,"Ec_N",375,2,2,"Ec",1,0,0,0,0,0,0
"22443",191,"Ec_N",375,3,3,"Ec",1,0,0,0,0,0,0
"22444",191,"Ec_N",375,4,4,"Ec",1,0,0,0,0,0,0
"22445",191,"Ec_N",375,5,5,"Ec",3,0,1,0,0,0,0.041311480051295
"22446",191,"Ec_N",375,6,6,"Ec",3,0,1,0,0,0,0.041311480051295
"22447",191,"Ec_N",375,7,7,"Ec",11,0,1,0,1,0,0.0857419302602629
"22448",191,"Ec_N",375,8,8,"Ec",11,0,1,0,1,0,0.0857419302602629
"22449",191,"Ec_N",375,9,9,"Ec",11,0,1,0,1,0,0.0857419302602629
"22450",191,"Ec_N",375,10,10,"Ec",11,0,1,0,1,0,0.0857419302602629
"22451",191,"Ec_N",375,11,11,"Ec",11,0,1,0,1,0,0.0857419302602629
"22452",191,"Ec_N",375,12,12,"Ec",11,0,1,0,1,0,0.0857419302602629
"22453",191,"Ec_N",375,13,13,"Ec",11,0,1,0,1,0,0.0857419302602629
"22454",191,"Ec_N",375,14,14,"Ec",11,0,1,0,1,0,0.0857419302602629
"22455",191,"Ec_N",375,15,15,"Ec",11,0,1,0,1,0,0.0857419302602629
"22456",191,"Ec_N",375,16,16,"Ec",11,0,1,0,1,0,0.0857419302602629
"22457",191,"Ec_N",375,17,17,"Ec",11,0,1,0,1,0,0.0857419302602629
"22458",191,"Ec_N",375,18,18,"Ec",11,0,1,0,1,0,0.0857419302602629
"22459",191,"Ec_N",375,19,19,"Ec",11,0,1,0,1,0,0.0857419302602629
"22460",191,"Ec_N",375,20,20,"Ec",11,0,1,0,1,0,0.0857419302602629
"22461",191,"Ec_N",375,21,21,"Ec",11,0,1,0,1,0,0.0857419302602629
"22462",191,"Ec_N",375,22,22,"Ec",11,0,1,0,1,0,0.0857419302602629
"22463",191,"Ec_N",375,23,23,"Ec",11,0,1,0,1,0,0.0857419302602629
"22464",191,"Ec_N",375,24,24,"Ec",11,0,1,0,1,0,0.0857419302602629
"22465",191,"Ec_N",375,25,25,"Ec",11,0,1,0,1,0,0.0857419302602629
"22466",191,"Ec_N",375,26,26,"Ec",11,0,1,0,1,0,0.0857419302602629
"22467",191,"Ec_N",375,27,27,"Ec",11,0,1,0,1,0,0.0857419302602629
"22468",191,"Ec_N",375,28,28,"Ec",11,0,1,0,1,0,0.0857419302602629
"22469",191,"Ec_N",375,29,29,"Ec",11,0,1,0,1,0,0.0857419302602629
"22470",191,"Ec_N",375,30,30,"Ec",11,0,1,0,1,0,0.0857419302602629
"22471",191,"Ec_N",375,31,31,"Ec",15,0,1,1,1,0,0.437080043527332
"22472",191,"Ec_N",375,32,32,"Ec",16,1,1,1,1,0,0.456015583082203
"22473",191,"Ec_N",375,33,33,"Ec",16,1,1,1,1,0,0.456015583082203
"22474",191,"Ec_N",375,34,34,"Ec",16,1,1,1,1,0,0.456015583082203
"22475",191,"Ec_N",375,35,35,"Ec",16,1,1,1,1,0,0.456015583082203
"22476",191,"Ec_N",375,36,36,"Ec",16,1,1,1,1,0,0.456015583082203
"22477",191,"Ec_N",375,37,37,"Ec",16,1,1,1,1,0,0.456015583082203
"22478",191,"Ec_N",375,38,38,"Ec",16,1,1,1,1,0,0.456015583082203
"22479",191,"Ec_N",375,39,39,"Ec",16,1,1,1,1,0,0.456015583082203
"22480",191,"Ec_N",375,40,40,"Ec",16,1,1,1,1,0,0.456015583082203
"22481",191,"Ec_N",375,41,41,"Ec",32,1,1,1,1,1,1
"22482",191,"Ec_N",375,42,42,"Ec",32,1,1,1,1,1,1
"22483",191,"Ec_N",375,43,43,"Ec",32,1,1,1,1,1,1
"22484",191,"Ec_N",375,44,44,"Ec",32,1,1,1,1,1,1
"22485",191,"Ec_N",375,45,45,"Ec",32,1,1,1,1,1,1
"22486",191,"Ec_N",375,46,46,"Ec",32,1,1,1,1,1,1
"22487",191,"Ec_N",375,47,47,"Ec",32,1,1,1,1,1,1
"22488",191,"Ec_N",375,48,48,"Ec",32,1,1,1,1,1,1
"22489",191,"Ec_N",375,49,49,"Ec",32,1,1,1,1,1,1
"22490",191,"Ec_N",375,50,50,"Ec",32,1,1,1,1,1,1
"22491",191,"Ec_N",375,51,51,"Ec",32,1,1,1,1,1,1
"22492",191,"Ec_N",375,52,52,"Ec",32,1,1,1,1,1,1
"22493",191,"Ec_N",375,53,53,"Ec",32,1,1,1,1,1,1
"22494",191,"Ec_N",375,54,54,"Ec",32,1,1,1,1,1,1
"22495",191,"Ec_N",375,55,55,"Ec",32,1,1,1,1,1,1
"22496",191,"Ec_N",375,56,56,"Ec",32,1,1,1,1,1,1
"22497",191,"Ec_N",375,57,57,"Ec",32,1,1,1,1,1,1
"22498",191,"Ec_N",375,58,58,"Ec",32,1,1,1,1,1,1
"22499",191,"Ec_N",375,59,59,"Ec",32,1,1,1,1,1,1
"22500",191,"Ec_N",375,60,60,"Ec",32,1,1,1,1,1,1
"22501",191,"Ec_N",376,1,1,"Ec",1,0,0,0,0,0,0
"22502",191,"Ec_N",376,2,2,"Ec",1,0,0,0,0,0,0
"22503",191,"Ec_N",376,3,3,"Ec",1,0,0,0,0,0,0
"22504",191,"Ec_N",376,4,4,"Ec",1,0,0,0,0,0,0
"22505",191,"Ec_N",376,5,5,"Ec",1,0,0,0,0,0,0
"22506",191,"Ec_N",376,6,6,"Ec",1,0,0,0,0,0,0
"22507",191,"Ec_N",376,7,7,"Ec",1,0,0,0,0,0,0
"22508",191,"Ec_N",376,8,8,"Ec",1,0,0,0,0,0,0
"22509",191,"Ec_N",376,9,9,"Ec",1,0,0,0,0,0,0
"22510",191,"Ec_N",376,10,10,"Ec",5,0,0,1,0,0,0.49313446766664
"22511",191,"Ec_N",376,11,11,"Ec",5,0,0,1,0,0,0.49313446766664
"22512",191,"Ec_N",376,12,12,"Ec",5,0,0,1,0,0,0.49313446766664
"22513",191,"Ec_N",376,13,13,"Ec",5,0,0,1,0,0,0.49313446766664
"22514",191,"Ec_N",376,14,14,"Ec",6,1,0,1,0,0,0.542157591427696
"22515",191,"Ec_N",376,15,15,"Ec",6,1,0,1,0,0,0.542157591427696
"22516",191,"Ec_N",376,16,16,"Ec",6,1,0,1,0,0,0.542157591427696
"22517",191,"Ec_N",376,17,17,"Ec",6,1,0,1,0,0,0.542157591427696
"22518",191,"Ec_N",376,18,18,"Ec",6,1,0,1,0,0,0.542157591427696
"22519",191,"Ec_N",376,19,19,"Ec",6,1,0,1,0,0,0.542157591427696
"22520",191,"Ec_N",376,20,20,"Ec",22,1,0,1,0,1,0.92522428176681
"22521",191,"Ec_N",376,21,21,"Ec",22,1,0,1,0,1,0.92522428176681
"22522",191,"Ec_N",376,22,22,"Ec",22,1,0,1,0,1,0.92522428176681
"22523",191,"Ec_N",376,23,23,"Ec",22,1,0,1,0,1,0.92522428176681
"22524",191,"Ec_N",376,24,24,"Ec",22,1,0,1,0,1,0.92522428176681
"22525",191,"Ec_N",376,25,25,"Ec",22,1,0,1,0,1,0.92522428176681
"22526",191,"Ec_N",376,26,26,"Ec",22,1,0,1,0,1,0.92522428176681
"22527",191,"Ec_N",376,27,27,"Ec",22,1,0,1,0,1,0.92522428176681
"22528",191,"Ec_N",376,28,28,"Ec",30,1,0,1,1,1,0.958688519948705
"22529",191,"Ec_N",376,29,29,"Ec",30,1,0,1,1,1,0.958688519948705
"22530",191,"Ec_N",376,30,30,"Ec",30,1,0,1,1,1,0.958688519948705
"22531",191,"Ec_N",376,31,31,"Ec",30,1,0,1,1,1,0.958688519948705
"22532",191,"Ec_N",376,32,32,"Ec",30,1,0,1,1,1,0.958688519948705
"22533",191,"Ec_N",376,33,33,"Ec",30,1,0,1,1,1,0.958688519948705
"22534",191,"Ec_N",376,34,34,"Ec",30,1,0,1,1,1,0.958688519948705
"22535",191,"Ec_N",376,35,35,"Ec",30,1,0,1,1,1,0.958688519948705
"22536",191,"Ec_N",376,36,36,"Ec",30,1,0,1,1,1,0.958688519948705
"22537",191,"Ec_N",376,37,37,"Ec",30,1,0,1,1,1,0.958688519948705
"22538",191,"Ec_N",376,38,38,"Ec",30,1,0,1,1,1,0.958688519948705
"22539",191,"Ec_N",376,39,39,"Ec",30,1,0,1,1,1,0.958688519948705
"22540",191,"Ec_N",376,40,40,"Ec",30,1,0,1,1,1,0.958688519948705
"22541",191,"Ec_N",376,41,41,"Ec",30,1,0,1,1,1,0.958688519948705
"22542",191,"Ec_N",376,42,42,"Ec",30,1,0,1,1,1,0.958688519948705
"22543",191,"Ec_N",376,43,43,"Ec",30,1,0,1,1,1,0.958688519948705
"22544",191,"Ec_N",376,44,44,"Ec",30,1,0,1,1,1,0.958688519948705
"22545",191,"Ec_N",376,45,45,"Ec",30,1,0,1,1,1,0.958688519948705
"22546",191,"Ec_N",376,46,46,"Ec",30,1,0,1,1,1,0.958688519948705
"22547",191,"Ec_N",376,47,47,"Ec",30,1,0,1,1,1,0.958688519948705
"22548",191,"Ec_N",376,48,48,"Ec",30,1,0,1,1,1,0.958688519948705
"22549",191,"Ec_N",376,49,49,"Ec",30,1,0,1,1,1,0.958688519948705
"22550",191,"Ec_N",376,50,50,"Ec",30,1,0,1,1,1,0.958688519948705
"22551",191,"Ec_N",376,51,51,"Ec",30,1,0,1,1,1,0.958688519948705
"22552",191,"Ec_N",376,52,52,"Ec",30,1,0,1,1,1,0.958688519948705
"22553",191,"Ec_N",376,53,53,"Ec",30,1,0,1,1,1,0.958688519948705
"22554",191,"Ec_N",376,54,54,"Ec",32,1,1,1,1,1,1
"22555",191,"Ec_N",376,55,55,"Ec",32,1,1,1,1,1,1
"22556",191,"Ec_N",376,56,56,"Ec",32,1,1,1,1,1,1
"22557",191,"Ec_N",376,57,57,"Ec",32,1,1,1,1,1,1
"22558",191,"Ec_N",376,58,58,"Ec",32,1,1,1,1,1,1
"22559",191,"Ec_N",376,59,59,"Ec",32,1,1,1,1,1,1
"22560",191,"Ec_N",376,60,60,"Ec",32,1,1,1,1,1,1
"22561",191,"Ec_N",377,1,1,"Ec",1,0,0,0,0,0,0
"22562",191,"Ec_N",377,2,2,"Ec",2,1,0,0,0,0,0.198020370545937
"22563",191,"Ec_N",377,3,3,"Ec",2,1,0,0,0,0,0.198020370545937
"22564",191,"Ec_N",377,4,4,"Ec",2,1,0,0,0,0,0.198020370545937
"22565",191,"Ec_N",377,5,5,"Ec",2,1,0,0,0,0,0.198020370545937
"22566",191,"Ec_N",377,6,6,"Ec",2,1,0,0,0,0,0.198020370545937
"22567",191,"Ec_N",377,7,7,"Ec",2,1,0,0,0,0,0.198020370545937
"22568",191,"Ec_N",377,8,8,"Ec",2,1,0,0,0,0,0.198020370545937
"22569",191,"Ec_N",377,9,9,"Ec",2,1,0,0,0,0,0.198020370545937
"22570",191,"Ec_N",377,10,10,"Ec",2,1,0,0,0,0,0.198020370545937
"22571",191,"Ec_N",377,11,11,"Ec",6,1,0,1,0,0,0.542157591427696
"22572",191,"Ec_N",377,12,12,"Ec",6,1,0,1,0,0,0.542157591427696
"22573",191,"Ec_N",377,13,13,"Ec",6,1,0,1,0,0,0.542157591427696
"22574",191,"Ec_N",377,14,14,"Ec",22,1,0,1,0,1,0.92522428176681
"22575",191,"Ec_N",377,15,15,"Ec",22,1,0,1,0,1,0.92522428176681
"22576",191,"Ec_N",377,16,16,"Ec",22,1,0,1,0,1,0.92522428176681
"22577",191,"Ec_N",377,17,17,"Ec",22,1,0,1,0,1,0.92522428176681
"22578",191,"Ec_N",377,18,18,"Ec",22,1,0,1,0,1,0.92522428176681
"22579",191,"Ec_N",377,19,19,"Ec",22,1,0,1,0,1,0.92522428176681
"22580",191,"Ec_N",377,20,20,"Ec",22,1,0,1,0,1,0.92522428176681
"22581",191,"Ec_N",377,21,21,"Ec",22,1,0,1,0,1,0.92522428176681
"22582",191,"Ec_N",377,22,22,"Ec",22,1,0,1,0,1,0.92522428176681
"22583",191,"Ec_N",377,23,23,"Ec",22,1,0,1,0,1,0.92522428176681
"22584",191,"Ec_N",377,24,24,"Ec",22,1,0,1,0,1,0.92522428176681
"22585",191,"Ec_N",377,25,25,"Ec",22,1,0,1,0,1,0.92522428176681
"22586",191,"Ec_N",377,26,26,"Ec",24,1,1,1,0,1,0.969458006928044
"22587",191,"Ec_N",377,27,27,"Ec",24,1,1,1,0,1,0.969458006928044
"22588",191,"Ec_N",377,28,28,"Ec",24,1,1,1,0,1,0.969458006928044
"22589",191,"Ec_N",377,29,29,"Ec",24,1,1,1,0,1,0.969458006928044
"22590",191,"Ec_N",377,30,30,"Ec",24,1,1,1,0,1,0.969458006928044
"22591",191,"Ec_N",377,31,31,"Ec",24,1,1,1,0,1,0.969458006928044
"22592",191,"Ec_N",377,32,32,"Ec",24,1,1,1,0,1,0.969458006928044
"22593",191,"Ec_N",377,33,33,"Ec",24,1,1,1,0,1,0.969458006928044
"22594",191,"Ec_N",377,34,34,"Ec",24,1,1,1,0,1,0.969458006928044
"22595",191,"Ec_N",377,35,35,"Ec",24,1,1,1,0,1,0.969458006928044
"22596",191,"Ec_N",377,36,36,"Ec",24,1,1,1,0,1,0.969458006928044
"22597",191,"Ec_N",377,37,37,"Ec",24,1,1,1,0,1,0.969458006928044
"22598",191,"Ec_N",377,38,38,"Ec",24,1,1,1,0,1,0.969458006928044
"22599",191,"Ec_N",377,39,39,"Ec",24,1,1,1,0,1,0.969458006928044
"22600",191,"Ec_N",377,40,40,"Ec",24,1,1,1,0,1,0.969458006928044
"22601",191,"Ec_N",377,41,41,"Ec",24,1,1,1,0,1,0.969458006928044
"22602",191,"Ec_N",377,42,42,"Ec",24,1,1,1,0,1,0.969458006928044
"22603",191,"Ec_N",377,43,43,"Ec",24,1,1,1,0,1,0.969458006928044
"22604",191,"Ec_N",377,44,44,"Ec",24,1,1,1,0,1,0.969458006928044
"22605",191,"Ec_N",377,45,45,"Ec",24,1,1,1,0,1,0.969458006928044
"22606",191,"Ec_N",377,46,46,"Ec",24,1,1,1,0,1,0.969458006928044
"22607",191,"Ec_N",377,47,47,"Ec",24,1,1,1,0,1,0.969458006928044
"22608",191,"Ec_N",377,48,48,"Ec",24,1,1,1,0,1,0.969458006928044
"22609",191,"Ec_N",377,49,49,"Ec",24,1,1,1,0,1,0.969458006928044
"22610",191,"Ec_N",377,50,50,"Ec",24,1,1,1,0,1,0.969458006928044
"22611",191,"Ec_N",377,51,51,"Ec",24,1,1,1,0,1,0.969458006928044
"22612",191,"Ec_N",377,52,52,"Ec",24,1,1,1,0,1,0.969458006928044
"22613",191,"Ec_N",377,53,53,"Ec",24,1,1,1,0,1,0.969458006928044
"22614",191,"Ec_N",377,54,54,"Ec",24,1,1,1,0,1,0.969458006928044
"22615",191,"Ec_N",377,55,55,"Ec",32,1,1,1,1,1,1
"22616",191,"Ec_N",377,56,56,"Ec",32,1,1,1,1,1,1
"22617",191,"Ec_N",377,57,57,"Ec",32,1,1,1,1,1,1
"22618",191,"Ec_N",377,58,58,"Ec",32,1,1,1,1,1,1
"22619",191,"Ec_N",377,59,59,"Ec",32,1,1,1,1,1,1
"22620",191,"Ec_N",377,60,60,"Ec",32,1,1,1,1,1,1
"22621",191,"Ec_N",378,1,1,"Ec",1,0,0,0,0,0,0
"22622",191,"Ec_N",378,2,2,"Ec",1,0,0,0,0,0,0
"22623",191,"Ec_N",378,3,3,"Ec",1,0,0,0,0,0,0
"22624",191,"Ec_N",378,4,4,"Ec",1,0,0,0,0,0,0
"22625",191,"Ec_N",378,5,5,"Ec",1,0,0,0,0,0,0
"22626",191,"Ec_N",378,6,6,"Ec",3,0,1,0,0,0,0.041311480051295
"22627",191,"Ec_N",378,7,7,"Ec",3,0,1,0,0,0,0.041311480051295
"22628",191,"Ec_N",378,8,8,"Ec",3,0,1,0,0,0,0.041311480051295
"22629",191,"Ec_N",378,9,9,"Ec",19,0,1,0,0,1,0.427300415500348
"22630",191,"Ec_N",378,10,10,"Ec",19,0,1,0,0,1,0.427300415500348
"22631",191,"Ec_N",378,11,11,"Ec",19,0,1,0,0,1,0.427300415500348
"22632",191,"Ec_N",378,12,12,"Ec",19,0,1,0,0,1,0.427300415500348
"22633",191,"Ec_N",378,13,13,"Ec",19,0,1,0,0,1,0.427300415500348
"22634",191,"Ec_N",378,14,14,"Ec",19,0,1,0,0,1,0.427300415500348
"22635",191,"Ec_N",378,15,15,"Ec",19,0,1,0,0,1,0.427300415500348
"22636",191,"Ec_N",378,16,16,"Ec",19,0,1,0,0,1,0.427300415500348
"22637",191,"Ec_N",378,17,17,"Ec",19,0,1,0,0,1,0.427300415500348
"22638",191,"Ec_N",378,18,18,"Ec",19,0,1,0,0,1,0.427300415500348
"22639",191,"Ec_N",378,19,19,"Ec",23,0,1,1,0,1,0.616809062130864
"22640",191,"Ec_N",378,20,20,"Ec",23,0,1,1,0,1,0.616809062130864
"22641",191,"Ec_N",378,21,21,"Ec",23,0,1,1,0,1,0.616809062130864
"22642",191,"Ec_N",378,22,22,"Ec",23,0,1,1,0,1,0.616809062130864
"22643",191,"Ec_N",378,23,23,"Ec",23,0,1,1,0,1,0.616809062130864
"22644",191,"Ec_N",378,24,24,"Ec",24,1,1,1,0,1,0.969458006928044
"22645",191,"Ec_N",378,25,25,"Ec",24,1,1,1,0,1,0.969458006928044
"22646",191,"Ec_N",378,26,26,"Ec",24,1,1,1,0,1,0.969458006928044
"22647",191,"Ec_N",378,27,27,"Ec",24,1,1,1,0,1,0.969458006928044
"22648",191,"Ec_N",378,28,28,"Ec",24,1,1,1,0,1,0.969458006928044
"22649",191,"Ec_N",378,29,29,"Ec",24,1,1,1,0,1,0.969458006928044
"22650",191,"Ec_N",378,30,30,"Ec",24,1,1,1,0,1,0.969458006928044
"22651",191,"Ec_N",378,31,31,"Ec",24,1,1,1,0,1,0.969458006928044
"22652",191,"Ec_N",378,32,32,"Ec",24,1,1,1,0,1,0.969458006928044
"22653",191,"Ec_N",378,33,33,"Ec",24,1,1,1,0,1,0.969458006928044
"22654",191,"Ec_N",378,34,34,"Ec",24,1,1,1,0,1,0.969458006928044
"22655",191,"Ec_N",378,35,35,"Ec",24,1,1,1,0,1,0.969458006928044
"22656",191,"Ec_N",378,36,36,"Ec",24,1,1,1,0,1,0.969458006928044
"22657",191,"Ec_N",378,37,37,"Ec",24,1,1,1,0,1,0.969458006928044
"22658",191,"Ec_N",378,38,38,"Ec",24,1,1,1,0,1,0.969458006928044
"22659",191,"Ec_N",378,39,39,"Ec",24,1,1,1,0,1,0.969458006928044
"22660",191,"Ec_N",378,40,40,"Ec",24,1,1,1,0,1,0.969458006928044
"22661",191,"Ec_N",378,41,41,"Ec",24,1,1,1,0,1,0.969458006928044
"22662",191,"Ec_N",378,42,42,"Ec",24,1,1,1,0,1,0.969458006928044
"22663",191,"Ec_N",378,43,43,"Ec",32,1,1,1,1,1,1
"22664",191,"Ec_N",378,44,44,"Ec",32,1,1,1,1,1,1
"22665",191,"Ec_N",378,45,45,"Ec",32,1,1,1,1,1,1
"22666",191,"Ec_N",378,46,46,"Ec",32,1,1,1,1,1,1
"22667",191,"Ec_N",378,47,47,"Ec",32,1,1,1,1,1,1
"22668",191,"Ec_N",378,48,48,"Ec",32,1,1,1,1,1,1
"22669",191,"Ec_N",378,49,49,"Ec",32,1,1,1,1,1,1
"22670",191,"Ec_N",378,50,50,"Ec",32,1,1,1,1,1,1
"22671",191,"Ec_N",378,51,51,"Ec",32,1,1,1,1,1,1
"22672",191,"Ec_N",378,52,52,"Ec",32,1,1,1,1,1,1
"22673",191,"Ec_N",378,53,53,"Ec",32,1,1,1,1,1,1
"22674",191,"Ec_N",378,54,54,"Ec",32,1,1,1,1,1,1
"22675",191,"Ec_N",378,55,55,"Ec",32,1,1,1,1,1,1
"22676",191,"Ec_N",378,56,56,"Ec",32,1,1,1,1,1,1
"22677",191,"Ec_N",378,57,57,"Ec",32,1,1,1,1,1,1
"22678",191,"Ec_N",378,58,58,"Ec",32,1,1,1,1,1,1
"22679",191,"Ec_N",378,59,59,"Ec",32,1,1,1,1,1,1
"22680",191,"Ec_N",378,60,60,"Ec",32,1,1,1,1,1,1
"22681",191,"Ec_N",379,1,1,"Ec",1,0,0,0,0,0,0
"22682",191,"Ec_N",379,2,2,"Ec",1,0,0,0,0,0,0
"22683",191,"Ec_N",379,3,3,"Ec",1,0,0,0,0,0,0
"22684",191,"Ec_N",379,4,4,"Ec",1,0,0,0,0,0,0
"22685",191,"Ec_N",379,5,5,"Ec",1,0,0,0,0,0,0
"22686",191,"Ec_N",379,6,6,"Ec",5,0,0,1,0,0,0.49313446766664
"22687",191,"Ec_N",379,7,7,"Ec",5,0,0,1,0,0,0.49313446766664
"22688",191,"Ec_N",379,8,8,"Ec",7,0,1,1,0,0,0.589282297794007
"22689",191,"Ec_N",379,9,9,"Ec",7,0,1,1,0,0,0.589282297794007
"22690",191,"Ec_N",379,10,10,"Ec",7,0,1,1,0,0,0.589282297794007
"22691",191,"Ec_N",379,11,11,"Ec",7,0,1,1,0,0,0.589282297794007
"22692",191,"Ec_N",379,12,12,"Ec",7,0,1,1,0,0,0.589282297794007
"22693",191,"Ec_N",379,13,13,"Ec",7,0,1,1,0,0,0.589282297794007
"22694",191,"Ec_N",379,14,14,"Ec",7,0,1,1,0,0,0.589282297794007
"22695",191,"Ec_N",379,15,15,"Ec",7,0,1,1,0,0,0.589282297794007
"22696",191,"Ec_N",379,16,16,"Ec",7,0,1,1,0,0,0.589282297794007
"22697",191,"Ec_N",379,17,17,"Ec",7,0,1,1,0,0,0.589282297794007
"22698",191,"Ec_N",379,18,18,"Ec",7,0,1,1,0,0,0.589282297794007
"22699",191,"Ec_N",379,19,19,"Ec",7,0,1,1,0,0,0.589282297794007
"22700",191,"Ec_N",379,20,20,"Ec",7,0,1,1,0,0,0.589282297794007
"22701",191,"Ec_N",379,21,21,"Ec",7,0,1,1,0,0,0.589282297794007
"22702",191,"Ec_N",379,22,22,"Ec",7,0,1,1,0,0,0.589282297794007
"22703",191,"Ec_N",379,23,23,"Ec",7,0,1,1,0,0,0.589282297794007
"22704",191,"Ec_N",379,24,24,"Ec",7,0,1,1,0,0,0.589282297794007
"22705",191,"Ec_N",379,25,25,"Ec",7,0,1,1,0,0,0.589282297794007
"22706",191,"Ec_N",379,26,26,"Ec",7,0,1,1,0,0,0.589282297794007
"22707",191,"Ec_N",379,27,27,"Ec",7,0,1,1,0,0,0.589282297794007
"22708",191,"Ec_N",379,28,28,"Ec",7,0,1,1,0,0,0.589282297794007
"22709",191,"Ec_N",379,29,29,"Ec",7,0,1,1,0,0,0.589282297794007
"22710",191,"Ec_N",379,30,30,"Ec",7,0,1,1,0,0,0.589282297794007
"22711",191,"Ec_N",379,31,31,"Ec",7,0,1,1,0,0,0.589282297794007
"22712",191,"Ec_N",379,32,32,"Ec",7,0,1,1,0,0,0.589282297794007
"22713",191,"Ec_N",379,33,33,"Ec",7,0,1,1,0,0,0.589282297794007
"22714",191,"Ec_N",379,34,34,"Ec",7,0,1,1,0,0,0.589282297794007
"22715",191,"Ec_N",379,35,35,"Ec",7,0,1,1,0,0,0.589282297794007
"22716",191,"Ec_N",379,36,36,"Ec",7,0,1,1,0,0,0.589282297794007
"22717",191,"Ec_N",379,37,37,"Ec",7,0,1,1,0,0,0.589282297794007
"22718",191,"Ec_N",379,38,38,"Ec",7,0,1,1,0,0,0.589282297794007
"22719",191,"Ec_N",379,39,39,"Ec",7,0,1,1,0,0,0.589282297794007
"22720",191,"Ec_N",379,40,40,"Ec",7,0,1,1,0,0,0.589282297794007
"22721",191,"Ec_N",379,41,41,"Ec",7,0,1,1,0,0,0.589282297794007
"22722",191,"Ec_N",379,42,42,"Ec",7,0,1,1,0,0,0.589282297794007
"22723",191,"Ec_N",379,43,43,"Ec",23,0,1,1,0,1,0.616809062130864
"22724",191,"Ec_N",379,44,44,"Ec",23,0,1,1,0,1,0.616809062130864
"22725",191,"Ec_N",379,45,45,"Ec",21,0,0,1,0,1,0.726280938342543
"22726",191,"Ec_N",379,46,46,"Ec",29,0,0,1,1,1,0.760668149402769
"22727",191,"Ec_N",379,47,47,"Ec",29,0,0,1,1,1,0.760668149402769
"22728",191,"Ec_N",379,48,48,"Ec",30,1,0,1,1,1,0.958688519948705
"22729",191,"Ec_N",379,49,49,"Ec",30,1,0,1,1,1,0.958688519948705
"22730",191,"Ec_N",379,50,50,"Ec",30,1,0,1,1,1,0.958688519948705
"22731",191,"Ec_N",379,51,51,"Ec",30,1,0,1,1,1,0.958688519948705
"22732",191,"Ec_N",379,52,52,"Ec",30,1,0,1,1,1,0.958688519948705
"22733",191,"Ec_N",379,53,53,"Ec",30,1,0,1,1,1,0.958688519948705
"22734",191,"Ec_N",379,54,54,"Ec",30,1,0,1,1,1,0.958688519948705
"22735",191,"Ec_N",379,55,55,"Ec",30,1,0,1,1,1,0.958688519948705
"22736",191,"Ec_N",379,56,56,"Ec",30,1,0,1,1,1,0.958688519948705
"22737",191,"Ec_N",379,57,57,"Ec",30,1,0,1,1,1,0.958688519948705
"22738",191,"Ec_N",379,58,58,"Ec",30,1,0,1,1,1,0.958688519948705
"22739",191,"Ec_N",379,59,59,"Ec",30,1,0,1,1,1,0.958688519948705
"22740",191,"Ec_N",379,60,60,"Ec",30,1,0,1,1,1,0.958688519948705
"22741",191,"Ec_N",380,1,1,"Ec",1,0,0,0,0,0,0
"22742",191,"Ec_N",380,2,2,"Ec",1,0,0,0,0,0,0
"22743",191,"Ec_N",380,3,3,"Ec",1,0,0,0,0,0,0
"22744",191,"Ec_N",380,4,4,"Ec",1,0,0,0,0,0,0
"22745",191,"Ec_N",380,5,5,"Ec",5,0,0,1,0,0,0.49313446766664
"22746",191,"Ec_N",380,6,6,"Ec",6,1,0,1,0,0,0.542157591427696
"22747",191,"Ec_N",380,7,7,"Ec",6,1,0,1,0,0,0.542157591427696
"22748",191,"Ec_N",380,8,8,"Ec",6,1,0,1,0,0,0.542157591427696
"22749",191,"Ec_N",380,9,9,"Ec",6,1,0,1,0,0,0.542157591427696
"22750",191,"Ec_N",380,10,10,"Ec",6,1,0,1,0,0,0.542157591427696
"22751",191,"Ec_N",380,11,11,"Ec",6,1,0,1,0,0,0.542157591427696
"22752",191,"Ec_N",380,12,12,"Ec",6,1,0,1,0,0,0.542157591427696
"22753",191,"Ec_N",380,13,13,"Ec",6,1,0,1,0,0,0.542157591427696
"22754",191,"Ec_N",380,14,14,"Ec",6,1,0,1,0,0,0.542157591427696
"22755",191,"Ec_N",380,15,15,"Ec",6,1,0,1,0,0,0.542157591427696
"22756",191,"Ec_N",380,16,16,"Ec",6,1,0,1,0,0,0.542157591427696
"22757",191,"Ec_N",380,17,17,"Ec",6,1,0,1,0,0,0.542157591427696
"22758",191,"Ec_N",380,18,18,"Ec",6,1,0,1,0,0,0.542157591427696
"22759",191,"Ec_N",380,19,19,"Ec",14,1,0,1,1,0,0.746777083195453
"22760",191,"Ec_N",380,20,20,"Ec",14,1,0,1,1,0,0.746777083195453
"22761",191,"Ec_N",380,21,21,"Ec",14,1,0,1,1,0,0.746777083195453
"22762",191,"Ec_N",380,22,22,"Ec",14,1,0,1,1,0,0.746777083195453
"22763",191,"Ec_N",380,23,23,"Ec",14,1,0,1,1,0,0.746777083195453
"22764",191,"Ec_N",380,24,24,"Ec",14,1,0,1,1,0,0.746777083195453
"22765",191,"Ec_N",380,25,25,"Ec",14,1,0,1,1,0,0.746777083195453
"22766",191,"Ec_N",380,26,26,"Ec",14,1,0,1,1,0,0.746777083195453
"22767",191,"Ec_N",380,27,27,"Ec",14,1,0,1,1,0,0.746777083195453
"22768",191,"Ec_N",380,28,28,"Ec",14,1,0,1,1,0,0.746777083195453
"22769",191,"Ec_N",380,29,29,"Ec",14,1,0,1,1,0,0.746777083195453
"22770",191,"Ec_N",380,30,30,"Ec",14,1,0,1,1,0,0.746777083195453
"22771",191,"Ec_N",380,31,31,"Ec",14,1,0,1,1,0,0.746777083195453
"22772",191,"Ec_N",380,32,32,"Ec",30,1,0,1,1,1,0.958688519948705
"22773",191,"Ec_N",380,33,33,"Ec",30,1,0,1,1,1,0.958688519948705
"22774",191,"Ec_N",380,34,34,"Ec",32,1,1,1,1,1,1
"22775",191,"Ec_N",380,35,35,"Ec",32,1,1,1,1,1,1
"22776",191,"Ec_N",380,36,36,"Ec",32,1,1,1,1,1,1
"22777",191,"Ec_N",380,37,37,"Ec",32,1,1,1,1,1,1
"22778",191,"Ec_N",380,38,38,"Ec",32,1,1,1,1,1,1
"22779",191,"Ec_N",380,39,39,"Ec",32,1,1,1,1,1,1
"22780",191,"Ec_N",380,40,40,"Ec",32,1,1,1,1,1,1
"22781",191,"Ec_N",380,41,41,"Ec",32,1,1,1,1,1,1
"22782",191,"Ec_N",380,42,42,"Ec",32,1,1,1,1,1,1
"22783",191,"Ec_N",380,43,43,"Ec",32,1,1,1,1,1,1
"22784",191,"Ec_N",380,44,44,"Ec",32,1,1,1,1,1,1
"22785",191,"Ec_N",380,45,45,"Ec",32,1,1,1,1,1,1
"22786",191,"Ec_N",380,46,46,"Ec",32,1,1,1,1,1,1
"22787",191,"Ec_N",380,47,47,"Ec",32,1,1,1,1,1,1
"22788",191,"Ec_N",380,48,48,"Ec",32,1,1,1,1,1,1
"22789",191,"Ec_N",380,49,49,"Ec",32,1,1,1,1,1,1
"22790",191,"Ec_N",380,50,50,"Ec",32,1,1,1,1,1,1
"22791",191,"Ec_N",380,51,51,"Ec",32,1,1,1,1,1,1
"22792",191,"Ec_N",380,52,52,"Ec",32,1,1,1,1,1,1
"22793",191,"Ec_N",380,53,53,"Ec",32,1,1,1,1,1,1
"22794",191,"Ec_N",380,54,54,"Ec",32,1,1,1,1,1,1
"22795",191,"Ec_N",380,55,55,"Ec",32,1,1,1,1,1,1
"22796",191,"Ec_N",380,56,56,"Ec",32,1,1,1,1,1,1
"22797",191,"Ec_N",380,57,57,"Ec",32,1,1,1,1,1,1
"22798",191,"Ec_N",380,58,58,"Ec",32,1,1,1,1,1,1
"22799",191,"Ec_N",380,59,59,"Ec",32,1,1,1,1,1,1
"22800",191,"Ec_N",380,60,60,"Ec",32,1,1,1,1,1,1
"22801",191,"Ec_N",381,1,1,"Ec",1,0,0,0,0,0,0
"22802",191,"Ec_N",381,2,2,"Ec",17,0,0,0,0,1,0.229834113103391
"22803",191,"Ec_N",381,3,3,"Ec",17,0,0,0,0,1,0.229834113103391
"22804",191,"Ec_N",381,4,4,"Ec",18,1,0,0,0,1,0.646504780524047
"22805",191,"Ec_N",381,5,5,"Ec",18,1,0,0,0,1,0.646504780524047
"22806",191,"Ec_N",381,6,6,"Ec",18,1,0,0,0,1,0.646504780524047
"22807",191,"Ec_N",381,7,7,"Ec",18,1,0,0,0,1,0.646504780524047
"22808",191,"Ec_N",381,8,8,"Ec",18,1,0,0,0,1,0.646504780524047
"22809",191,"Ec_N",381,9,9,"Ec",18,1,0,0,0,1,0.646504780524047
"22810",191,"Ec_N",381,10,10,"Ec",18,1,0,0,0,1,0.646504780524047
"22811",191,"Ec_N",381,11,11,"Ec",18,1,0,0,0,1,0.646504780524047
"22812",191,"Ec_N",381,12,12,"Ec",18,1,0,0,0,1,0.646504780524047
"22813",191,"Ec_N",381,13,13,"Ec",18,1,0,0,0,1,0.646504780524047
"22814",191,"Ec_N",381,14,14,"Ec",18,1,0,0,0,1,0.646504780524047
"22815",191,"Ec_N",381,15,15,"Ec",18,1,0,0,0,1,0.646504780524047
"22816",191,"Ec_N",381,16,16,"Ec",18,1,0,0,0,1,0.646504780524047
"22817",191,"Ec_N",381,17,17,"Ec",18,1,0,0,0,1,0.646504780524047
"22818",191,"Ec_N",381,18,18,"Ec",18,1,0,0,0,1,0.646504780524047
"22819",191,"Ec_N",381,19,19,"Ec",18,1,0,0,0,1,0.646504780524047
"22820",191,"Ec_N",381,20,20,"Ec",18,1,0,0,0,1,0.646504780524047
"22821",191,"Ec_N",381,21,21,"Ec",18,1,0,0,0,1,0.646504780524047
"22822",191,"Ec_N",381,22,22,"Ec",18,1,0,0,0,1,0.646504780524047
"22823",191,"Ec_N",381,23,23,"Ec",22,1,0,1,0,1,0.92522428176681
"22824",191,"Ec_N",381,24,24,"Ec",22,1,0,1,0,1,0.92522428176681
"22825",191,"Ec_N",381,25,25,"Ec",30,1,0,1,1,1,0.958688519948705
"22826",191,"Ec_N",381,26,26,"Ec",30,1,0,1,1,1,0.958688519948705
"22827",191,"Ec_N",381,27,27,"Ec",30,1,0,1,1,1,0.958688519948705
"22828",191,"Ec_N",381,28,28,"Ec",30,1,0,1,1,1,0.958688519948705
"22829",191,"Ec_N",381,29,29,"Ec",30,1,0,1,1,1,0.958688519948705
"22830",191,"Ec_N",381,30,30,"Ec",30,1,0,1,1,1,0.958688519948705
"22831",191,"Ec_N",381,31,31,"Ec",30,1,0,1,1,1,0.958688519948705
"22832",191,"Ec_N",381,32,32,"Ec",30,1,0,1,1,1,0.958688519948705
"22833",191,"Ec_N",381,33,33,"Ec",30,1,0,1,1,1,0.958688519948705
"22834",191,"Ec_N",381,34,34,"Ec",30,1,0,1,1,1,0.958688519948705
"22835",191,"Ec_N",381,35,35,"Ec",30,1,0,1,1,1,0.958688519948705
"22836",191,"Ec_N",381,36,36,"Ec",30,1,0,1,1,1,0.958688519948705
"22837",191,"Ec_N",381,37,37,"Ec",30,1,0,1,1,1,0.958688519948705
"22838",191,"Ec_N",381,38,38,"Ec",32,1,1,1,1,1,1
"22839",191,"Ec_N",381,39,39,"Ec",32,1,1,1,1,1,1
"22840",191,"Ec_N",381,40,40,"Ec",32,1,1,1,1,1,1
"22841",191,"Ec_N",381,41,41,"Ec",32,1,1,1,1,1,1
"22842",191,"Ec_N",381,42,42,"Ec",32,1,1,1,1,1,1
"22843",191,"Ec_N",381,43,43,"Ec",32,1,1,1,1,1,1
"22844",191,"Ec_N",381,44,44,"Ec",32,1,1,1,1,1,1
"22845",191,"Ec_N",381,45,45,"Ec",32,1,1,1,1,1,1
"22846",191,"Ec_N",381,46,46,"Ec",32,1,1,1,1,1,1
"22847",191,"Ec_N",381,47,47,"Ec",32,1,1,1,1,1,1
"22848",191,"Ec_N",381,48,48,"Ec",32,1,1,1,1,1,1
"22849",191,"Ec_N",381,49,49,"Ec",32,1,1,1,1,1,1
"22850",191,"Ec_N",381,50,50,"Ec",32,1,1,1,1,1,1
"22851",191,"Ec_N",381,51,51,"Ec",32,1,1,1,1,1,1
"22852",191,"Ec_N",381,52,52,"Ec",32,1,1,1,1,1,1
"22853",191,"Ec_N",381,53,53,"Ec",32,1,1,1,1,1,1
"22854",191,"Ec_N",381,54,54,"Ec",32,1,1,1,1,1,1
"22855",191,"Ec_N",381,55,55,"Ec",32,1,1,1,1,1,1
"22856",191,"Ec_N",381,56,56,"Ec",32,1,1,1,1,1,1
"22857",191,"Ec_N",381,57,57,"Ec",32,1,1,1,1,1,1
"22858",191,"Ec_N",381,58,58,"Ec",32,1,1,1,1,1,1
"22859",191,"Ec_N",381,59,59,"Ec",32,1,1,1,1,1,1
"22860",191,"Ec_N",381,60,60,"Ec",32,1,1,1,1,1,1
"22861",191,"Ec_N",382,1,1,"Ec",1,0,0,0,0,0,0
"22862",191,"Ec_N",382,2,2,"Ec",1,0,0,0,0,0,0
"22863",191,"Ec_N",382,3,3,"Ec",1,0,0,0,0,0,0
"22864",191,"Ec_N",382,4,4,"Ec",1,0,0,0,0,0,0
"22865",191,"Ec_N",382,5,5,"Ec",5,0,0,1,0,0,0.49313446766664
"22866",191,"Ec_N",382,6,6,"Ec",5,0,0,1,0,0,0.49313446766664
"22867",191,"Ec_N",382,7,7,"Ec",5,0,0,1,0,0,0.49313446766664
"22868",191,"Ec_N",382,8,8,"Ec",5,0,0,1,0,0,0.49313446766664
"22869",191,"Ec_N",382,9,9,"Ec",7,0,1,1,0,0,0.589282297794007
"22870",191,"Ec_N",382,10,10,"Ec",7,0,1,1,0,0,0.589282297794007
"22871",191,"Ec_N",382,11,11,"Ec",7,0,1,1,0,0,0.589282297794007
"22872",191,"Ec_N",382,12,12,"Ec",7,0,1,1,0,0,0.589282297794007
"22873",191,"Ec_N",382,13,13,"Ec",7,0,1,1,0,0,0.589282297794007
"22874",191,"Ec_N",382,14,14,"Ec",7,0,1,1,0,0,0.589282297794007
"22875",191,"Ec_N",382,15,15,"Ec",23,0,1,1,0,1,0.616809062130864
"22876",191,"Ec_N",382,16,16,"Ec",23,0,1,1,0,1,0.616809062130864
"22877",191,"Ec_N",382,17,17,"Ec",23,0,1,1,0,1,0.616809062130864
"22878",191,"Ec_N",382,18,18,"Ec",24,1,1,1,0,1,0.969458006928044
"22879",191,"Ec_N",382,19,19,"Ec",24,1,1,1,0,1,0.969458006928044
"22880",191,"Ec_N",382,20,20,"Ec",32,1,1,1,1,1,1
"22881",191,"Ec_N",382,21,21,"Ec",32,1,1,1,1,1,1
"22882",191,"Ec_N",382,22,22,"Ec",32,1,1,1,1,1,1
"22883",191,"Ec_N",382,23,23,"Ec",32,1,1,1,1,1,1
"22884",191,"Ec_N",382,24,24,"Ec",32,1,1,1,1,1,1
"22885",191,"Ec_N",382,25,25,"Ec",32,1,1,1,1,1,1
"22886",191,"Ec_N",382,26,26,"Ec",32,1,1,1,1,1,1
"22887",191,"Ec_N",382,27,27,"Ec",32,1,1,1,1,1,1
"22888",191,"Ec_N",382,28,28,"Ec",32,1,1,1,1,1,1
"22889",191,"Ec_N",382,29,29,"Ec",32,1,1,1,1,1,1
"22890",191,"Ec_N",382,30,30,"Ec",32,1,1,1,1,1,1
"22891",191,"Ec_N",382,31,31,"Ec",32,1,1,1,1,1,1
"22892",191,"Ec_N",382,32,32,"Ec",32,1,1,1,1,1,1
"22893",191,"Ec_N",382,33,33,"Ec",32,1,1,1,1,1,1
"22894",191,"Ec_N",382,34,34,"Ec",32,1,1,1,1,1,1
"22895",191,"Ec_N",382,35,35,"Ec",32,1,1,1,1,1,1
"22896",191,"Ec_N",382,36,36,"Ec",32,1,1,1,1,1,1
"22897",191,"Ec_N",382,37,37,"Ec",32,1,1,1,1,1,1
"22898",191,"Ec_N",382,38,38,"Ec",32,1,1,1,1,1,1
"22899",191,"Ec_N",382,39,39,"Ec",32,1,1,1,1,1,1
"22900",191,"Ec_N",382,40,40,"Ec",32,1,1,1,1,1,1
"22901",191,"Ec_N",382,41,41,"Ec",32,1,1,1,1,1,1
"22902",191,"Ec_N",382,42,42,"Ec",32,1,1,1,1,1,1
"22903",191,"Ec_N",382,43,43,"Ec",32,1,1,1,1,1,1
"22904",191,"Ec_N",382,44,44,"Ec",32,1,1,1,1,1,1
"22905",191,"Ec_N",382,45,45,"Ec",32,1,1,1,1,1,1
"22906",191,"Ec_N",382,46,46,"Ec",32,1,1,1,1,1,1
"22907",191,"Ec_N",382,47,47,"Ec",32,1,1,1,1,1,1
"22908",191,"Ec_N",382,48,48,"Ec",32,1,1,1,1,1,1
"22909",191,"Ec_N",382,49,49,"Ec",32,1,1,1,1,1,1
"22910",191,"Ec_N",382,50,50,"Ec",32,1,1,1,1,1,1
"22911",191,"Ec_N",382,51,51,"Ec",32,1,1,1,1,1,1
"22912",191,"Ec_N",382,52,52,"Ec",32,1,1,1,1,1,1
"22913",191,"Ec_N",382,53,53,"Ec",32,1,1,1,1,1,1
"22914",191,"Ec_N",382,54,54,"Ec",32,1,1,1,1,1,1
"22915",191,"Ec_N",382,55,55,"Ec",32,1,1,1,1,1,1
"22916",191,"Ec_N",382,56,56,"Ec",32,1,1,1,1,1,1
"22917",191,"Ec_N",382,57,57,"Ec",32,1,1,1,1,1,1
"22918",191,"Ec_N",382,58,58,"Ec",32,1,1,1,1,1,1
"22919",191,"Ec_N",382,59,59,"Ec",32,1,1,1,1,1,1
"22920",191,"Ec_N",382,60,60,"Ec",32,1,1,1,1,1,1
"22921",191,"Ec_N",383,1,1,"Ec",1,0,0,0,0,0,0
"22922",191,"Ec_N",383,2,2,"Ec",1,0,0,0,0,0,0
"22923",191,"Ec_N",383,3,3,"Ec",2,1,0,0,0,0,0.198020370545937
"22924",191,"Ec_N",383,4,4,"Ec",2,1,0,0,0,0,0.198020370545937
"22925",191,"Ec_N",383,5,5,"Ec",2,1,0,0,0,0,0.198020370545937
"22926",191,"Ec_N",383,6,6,"Ec",2,1,0,0,0,0,0.198020370545937
"22927",191,"Ec_N",383,7,7,"Ec",2,1,0,0,0,0,0.198020370545937
"22928",191,"Ec_N",383,8,8,"Ec",2,1,0,0,0,0,0.198020370545937
"22929",191,"Ec_N",383,9,9,"Ec",10,1,0,0,1,0,0.228562363617893
"22930",191,"Ec_N",383,10,10,"Ec",10,1,0,0,1,0,0.228562363617893
"22931",191,"Ec_N",383,11,11,"Ec",10,1,0,0,1,0,0.228562363617893
"22932",191,"Ec_N",383,12,12,"Ec",10,1,0,0,1,0,0.228562363617893
"22933",191,"Ec_N",383,13,13,"Ec",26,1,0,0,1,1,0.514384015075299
"22934",191,"Ec_N",383,14,14,"Ec",26,1,0,0,1,1,0.514384015075299
"22935",191,"Ec_N",383,15,15,"Ec",26,1,0,0,1,1,0.514384015075299
"22936",191,"Ec_N",383,16,16,"Ec",26,1,0,0,1,1,0.514384015075299
"22937",191,"Ec_N",383,17,17,"Ec",26,1,0,0,1,1,0.514384015075299
"22938",191,"Ec_N",383,18,18,"Ec",26,1,0,0,1,1,0.514384015075299
"22939",191,"Ec_N",383,19,19,"Ec",26,1,0,0,1,1,0.514384015075299
"22940",191,"Ec_N",383,20,20,"Ec",26,1,0,0,1,1,0.514384015075299
"22941",191,"Ec_N",383,21,21,"Ec",26,1,0,0,1,1,0.514384015075299
"22942",191,"Ec_N",383,22,22,"Ec",26,1,0,0,1,1,0.514384015075299
"22943",191,"Ec_N",383,23,23,"Ec",30,1,0,1,1,1,0.958688519948705
"22944",191,"Ec_N",383,24,24,"Ec",30,1,0,1,1,1,0.958688519948705
"22945",191,"Ec_N",383,25,25,"Ec",30,1,0,1,1,1,0.958688519948705
"22946",191,"Ec_N",383,26,26,"Ec",30,1,0,1,1,1,0.958688519948705
"22947",191,"Ec_N",383,27,27,"Ec",30,1,0,1,1,1,0.958688519948705
"22948",191,"Ec_N",383,28,28,"Ec",30,1,0,1,1,1,0.958688519948705
"22949",191,"Ec_N",383,29,29,"Ec",30,1,0,1,1,1,0.958688519948705
"22950",191,"Ec_N",383,30,30,"Ec",30,1,0,1,1,1,0.958688519948705
"22951",191,"Ec_N",383,31,31,"Ec",30,1,0,1,1,1,0.958688519948705
"22952",191,"Ec_N",383,32,32,"Ec",30,1,0,1,1,1,0.958688519948705
"22953",191,"Ec_N",383,33,33,"Ec",30,1,0,1,1,1,0.958688519948705
"22954",191,"Ec_N",383,34,34,"Ec",32,1,1,1,1,1,1
"22955",191,"Ec_N",383,35,35,"Ec",32,1,1,1,1,1,1
"22956",191,"Ec_N",383,36,36,"Ec",32,1,1,1,1,1,1
"22957",191,"Ec_N",383,37,37,"Ec",32,1,1,1,1,1,1
"22958",191,"Ec_N",383,38,38,"Ec",32,1,1,1,1,1,1
"22959",191,"Ec_N",383,39,39,"Ec",32,1,1,1,1,1,1
"22960",191,"Ec_N",383,40,40,"Ec",32,1,1,1,1,1,1
"22961",191,"Ec_N",383,41,41,"Ec",32,1,1,1,1,1,1
"22962",191,"Ec_N",383,42,42,"Ec",32,1,1,1,1,1,1
"22963",191,"Ec_N",383,43,43,"Ec",32,1,1,1,1,1,1
"22964",191,"Ec_N",383,44,44,"Ec",32,1,1,1,1,1,1
"22965",191,"Ec_N",383,45,45,"Ec",32,1,1,1,1,1,1
"22966",191,"Ec_N",383,46,46,"Ec",32,1,1,1,1,1,1
"22967",191,"Ec_N",383,47,47,"Ec",32,1,1,1,1,1,1
"22968",191,"Ec_N",383,48,48,"Ec",32,1,1,1,1,1,1
"22969",191,"Ec_N",383,49,49,"Ec",32,1,1,1,1,1,1
"22970",191,"Ec_N",383,50,50,"Ec",32,1,1,1,1,1,1
"22971",191,"Ec_N",383,51,51,"Ec",32,1,1,1,1,1,1
"22972",191,"Ec_N",383,52,52,"Ec",32,1,1,1,1,1,1
"22973",191,"Ec_N",383,53,53,"Ec",32,1,1,1,1,1,1
"22974",191,"Ec_N",383,54,54,"Ec",32,1,1,1,1,1,1
"22975",191,"Ec_N",383,55,55,"Ec",32,1,1,1,1,1,1
"22976",191,"Ec_N",383,56,56,"Ec",32,1,1,1,1,1,1
"22977",191,"Ec_N",383,57,57,"Ec",32,1,1,1,1,1,1
"22978",191,"Ec_N",383,58,58,"Ec",32,1,1,1,1,1,1
"22979",191,"Ec_N",383,59,59,"Ec",32,1,1,1,1,1,1
"22980",191,"Ec_N",383,60,60,"Ec",32,1,1,1,1,1,1
"22981",191,"Ec_N",384,1,1,"Ec",1,0,0,0,0,0,0
"22982",191,"Ec_N",384,2,2,"Ec",1,0,0,0,0,0,0
"22983",191,"Ec_N",384,3,3,"Ec",3,0,1,0,0,0,0.041311480051295
"22984",191,"Ec_N",384,4,4,"Ec",3,0,1,0,0,0,0.041311480051295
"22985",191,"Ec_N",384,5,5,"Ec",11,0,1,0,1,0,0.0857419302602629
"22986",191,"Ec_N",384,6,6,"Ec",15,0,1,1,1,0,0.437080043527332
"22987",191,"Ec_N",384,7,7,"Ec",15,0,1,1,1,0,0.437080043527332
"22988",191,"Ec_N",384,8,8,"Ec",7,0,1,1,0,0,0.589282297794007
"22989",191,"Ec_N",384,9,9,"Ec",7,0,1,1,0,0,0.589282297794007
"22990",191,"Ec_N",384,10,10,"Ec",7,0,1,1,0,0,0.589282297794007
"22991",191,"Ec_N",384,11,11,"Ec",7,0,1,1,0,0,0.589282297794007
"22992",191,"Ec_N",384,12,12,"Ec",7,0,1,1,0,0,0.589282297794007
"22993",191,"Ec_N",384,13,13,"Ec",7,0,1,1,0,0,0.589282297794007
"22994",191,"Ec_N",384,14,14,"Ec",7,0,1,1,0,0,0.589282297794007
"22995",191,"Ec_N",384,15,15,"Ec",7,0,1,1,0,0,0.589282297794007
"22996",191,"Ec_N",384,16,16,"Ec",7,0,1,1,0,0,0.589282297794007
"22997",191,"Ec_N",384,17,17,"Ec",7,0,1,1,0,0,0.589282297794007
"22998",191,"Ec_N",384,18,18,"Ec",7,0,1,1,0,0,0.589282297794007
"22999",191,"Ec_N",384,19,19,"Ec",7,0,1,1,0,0,0.589282297794007
"23000",191,"Ec_N",384,20,20,"Ec",7,0,1,1,0,0,0.589282297794007
"23001",191,"Ec_N",384,21,21,"Ec",7,0,1,1,0,0,0.589282297794007
"23002",191,"Ec_N",384,22,22,"Ec",7,0,1,1,0,0,0.589282297794007
"23003",191,"Ec_N",384,23,23,"Ec",23,0,1,1,0,1,0.616809062130864
"23004",191,"Ec_N",384,24,24,"Ec",23,0,1,1,0,1,0.616809062130864
"23005",191,"Ec_N",384,25,25,"Ec",23,0,1,1,0,1,0.616809062130864
"23006",191,"Ec_N",384,26,26,"Ec",23,0,1,1,0,1,0.616809062130864
"23007",191,"Ec_N",384,27,27,"Ec",23,0,1,1,0,1,0.616809062130864
"23008",191,"Ec_N",384,28,28,"Ec",31,0,1,1,1,1,0.801979629454064
"23009",191,"Ec_N",384,29,29,"Ec",31,0,1,1,1,1,0.801979629454064
"23010",191,"Ec_N",384,30,30,"Ec",31,0,1,1,1,1,0.801979629454064
"23011",191,"Ec_N",384,31,31,"Ec",31,0,1,1,1,1,0.801979629454064
"23012",191,"Ec_N",384,32,32,"Ec",31,0,1,1,1,1,0.801979629454064
"23013",191,"Ec_N",384,33,33,"Ec",31,0,1,1,1,1,0.801979629454064
"23014",191,"Ec_N",384,34,34,"Ec",31,0,1,1,1,1,0.801979629454064
"23015",191,"Ec_N",384,35,35,"Ec",31,0,1,1,1,1,0.801979629454064
"23016",191,"Ec_N",384,36,36,"Ec",31,0,1,1,1,1,0.801979629454064
"23017",191,"Ec_N",384,37,37,"Ec",31,0,1,1,1,1,0.801979629454064
"23018",191,"Ec_N",384,38,38,"Ec",31,0,1,1,1,1,0.801979629454064
"23019",191,"Ec_N",384,39,39,"Ec",31,0,1,1,1,1,0.801979629454064
"23020",191,"Ec_N",384,40,40,"Ec",31,0,1,1,1,1,0.801979629454064
"23021",191,"Ec_N",384,41,41,"Ec",31,0,1,1,1,1,0.801979629454064
"23022",191,"Ec_N",384,42,42,"Ec",31,0,1,1,1,1,0.801979629454064
"23023",191,"Ec_N",384,43,43,"Ec",31,0,1,1,1,1,0.801979629454064
"23024",191,"Ec_N",384,44,44,"Ec",31,0,1,1,1,1,0.801979629454064
"23025",191,"Ec_N",384,45,45,"Ec",31,0,1,1,1,1,0.801979629454064
"23026",191,"Ec_N",384,46,46,"Ec",31,0,1,1,1,1,0.801979629454064
"23027",191,"Ec_N",384,47,47,"Ec",31,0,1,1,1,1,0.801979629454064
"23028",191,"Ec_N",384,48,48,"Ec",32,1,1,1,1,1,1
"23029",191,"Ec_N",384,49,49,"Ec",32,1,1,1,1,1,1
"23030",191,"Ec_N",384,50,50,"Ec",32,1,1,1,1,1,1
"23031",191,"Ec_N",384,51,51,"Ec",32,1,1,1,1,1,1
"23032",191,"Ec_N",384,52,52,"Ec",32,1,1,1,1,1,1
"23033",191,"Ec_N",384,53,53,"Ec",32,1,1,1,1,1,1
"23034",191,"Ec_N",384,54,54,"Ec",32,1,1,1,1,1,1
"23035",191,"Ec_N",384,55,55,"Ec",32,1,1,1,1,1,1
"23036",191,"Ec_N",384,56,56,"Ec",32,1,1,1,1,1,1
"23037",191,"Ec_N",384,57,57,"Ec",32,1,1,1,1,1,1
"23038",191,"Ec_N",384,58,58,"Ec",32,1,1,1,1,1,1
"23039",191,"Ec_N",384,59,59,"Ec",32,1,1,1,1,1,1
"23040",191,"Ec_N",384,60,60,"Ec",32,1,1,1,1,1,1
"23041",191,"Ec_N",385,1,1,"Ec",1,0,0,0,0,0,0
"23042",191,"Ec_N",385,2,2,"Ec",1,0,0,0,0,0,0
"23043",191,"Ec_N",385,3,3,"Ec",1,0,0,0,0,0,0
"23044",191,"Ec_N",385,4,4,"Ec",1,0,0,0,0,0,0
"23045",191,"Ec_N",385,5,5,"Ec",1,0,0,0,0,0,0
"23046",191,"Ec_N",385,6,6,"Ec",1,0,0,0,0,0,0
"23047",191,"Ec_N",385,7,7,"Ec",1,0,0,0,0,0,0
"23048",191,"Ec_N",385,8,8,"Ec",3,0,1,0,0,0,0.041311480051295
"23049",191,"Ec_N",385,9,9,"Ec",7,0,1,1,0,0,0.589282297794007
"23050",191,"Ec_N",385,10,10,"Ec",7,0,1,1,0,0,0.589282297794007
"23051",191,"Ec_N",385,11,11,"Ec",7,0,1,1,0,0,0.589282297794007
"23052",191,"Ec_N",385,12,12,"Ec",7,0,1,1,0,0,0.589282297794007
"23053",191,"Ec_N",385,13,13,"Ec",7,0,1,1,0,0,0.589282297794007
"23054",191,"Ec_N",385,14,14,"Ec",7,0,1,1,0,0,0.589282297794007
"23055",191,"Ec_N",385,15,15,"Ec",7,0,1,1,0,0,0.589282297794007
"23056",191,"Ec_N",385,16,16,"Ec",7,0,1,1,0,0,0.589282297794007
"23057",191,"Ec_N",385,17,17,"Ec",7,0,1,1,0,0,0.589282297794007
"23058",191,"Ec_N",385,18,18,"Ec",7,0,1,1,0,0,0.589282297794007
"23059",191,"Ec_N",385,19,19,"Ec",7,0,1,1,0,0,0.589282297794007
"23060",191,"Ec_N",385,20,20,"Ec",7,0,1,1,0,0,0.589282297794007
"23061",191,"Ec_N",385,21,21,"Ec",7,0,1,1,0,0,0.589282297794007
"23062",191,"Ec_N",385,22,22,"Ec",7,0,1,1,0,0,0.589282297794007
"23063",191,"Ec_N",385,23,23,"Ec",7,0,1,1,0,0,0.589282297794007
"23064",191,"Ec_N",385,24,24,"Ec",7,0,1,1,0,0,0.589282297794007
"23065",191,"Ec_N",385,25,25,"Ec",7,0,1,1,0,0,0.589282297794007
"23066",191,"Ec_N",385,26,26,"Ec",7,0,1,1,0,0,0.589282297794007
"23067",191,"Ec_N",385,27,27,"Ec",7,0,1,1,0,0,0.589282297794007
"23068",191,"Ec_N",385,28,28,"Ec",7,0,1,1,0,0,0.589282297794007
"23069",191,"Ec_N",385,29,29,"Ec",23,0,1,1,0,1,0.616809062130864
"23070",191,"Ec_N",385,30,30,"Ec",23,0,1,1,0,1,0.616809062130864
"23071",191,"Ec_N",385,31,31,"Ec",23,0,1,1,0,1,0.616809062130864
"23072",191,"Ec_N",385,32,32,"Ec",24,1,1,1,0,1,0.969458006928044
"23073",191,"Ec_N",385,33,33,"Ec",24,1,1,1,0,1,0.969458006928044
"23074",191,"Ec_N",385,34,34,"Ec",24,1,1,1,0,1,0.969458006928044
"23075",191,"Ec_N",385,35,35,"Ec",24,1,1,1,0,1,0.969458006928044
"23076",191,"Ec_N",385,36,36,"Ec",24,1,1,1,0,1,0.969458006928044
"23077",191,"Ec_N",385,37,37,"Ec",24,1,1,1,0,1,0.969458006928044
"23078",191,"Ec_N",385,38,38,"Ec",24,1,1,1,0,1,0.969458006928044
"23079",191,"Ec_N",385,39,39,"Ec",24,1,1,1,0,1,0.969458006928044
"23080",191,"Ec_N",385,40,40,"Ec",24,1,1,1,0,1,0.969458006928044
"23081",191,"Ec_N",385,41,41,"Ec",24,1,1,1,0,1,0.969458006928044
"23082",191,"Ec_N",385,42,42,"Ec",24,1,1,1,0,1,0.969458006928044
"23083",191,"Ec_N",385,43,43,"Ec",24,1,1,1,0,1,0.969458006928044
"23084",191,"Ec_N",385,44,44,"Ec",24,1,1,1,0,1,0.969458006928044
"23085",191,"Ec_N",385,45,45,"Ec",24,1,1,1,0,1,0.969458006928044
"23086",191,"Ec_N",385,46,46,"Ec",24,1,1,1,0,1,0.969458006928044
"23087",191,"Ec_N",385,47,47,"Ec",24,1,1,1,0,1,0.969458006928044
"23088",191,"Ec_N",385,48,48,"Ec",32,1,1,1,1,1,1
"23089",191,"Ec_N",385,49,49,"Ec",32,1,1,1,1,1,1
"23090",191,"Ec_N",385,50,50,"Ec",32,1,1,1,1,1,1
"23091",191,"Ec_N",385,51,51,"Ec",32,1,1,1,1,1,1
"23092",191,"Ec_N",385,52,52,"Ec",32,1,1,1,1,1,1
"23093",191,"Ec_N",385,53,53,"Ec",32,1,1,1,1,1,1
"23094",191,"Ec_N",385,54,54,"Ec",32,1,1,1,1,1,1
"23095",191,"Ec_N",385,55,55,"Ec",32,1,1,1,1,1,1
"23096",191,"Ec_N",385,56,56,"Ec",32,1,1,1,1,1,1
"23097",191,"Ec_N",385,57,57,"Ec",32,1,1,1,1,1,1
"23098",191,"Ec_N",385,58,58,"Ec",32,1,1,1,1,1,1
"23099",191,"Ec_N",385,59,59,"Ec",32,1,1,1,1,1,1
"23100",191,"Ec_N",385,60,60,"Ec",32,1,1,1,1,1,1
"23101",191,"Ec_N",386,1,1,"Ec",1,0,0,0,0,0,0
"23102",191,"Ec_N",386,2,2,"Ec",17,0,0,0,0,1,0.229834113103391
"23103",191,"Ec_N",386,3,3,"Ec",17,0,0,0,0,1,0.229834113103391
"23104",191,"Ec_N",386,4,4,"Ec",17,0,0,0,0,1,0.229834113103391
"23105",191,"Ec_N",386,5,5,"Ec",17,0,0,0,0,1,0.229834113103391
"23106",191,"Ec_N",386,6,6,"Ec",19,0,1,0,0,1,0.427300415500348
"23107",191,"Ec_N",386,7,7,"Ec",19,0,1,0,0,1,0.427300415500348
"23108",191,"Ec_N",386,8,8,"Ec",19,0,1,0,0,1,0.427300415500348
"23109",191,"Ec_N",386,9,9,"Ec",19,0,1,0,0,1,0.427300415500348
"23110",191,"Ec_N",386,10,10,"Ec",19,0,1,0,0,1,0.427300415500348
"23111",191,"Ec_N",386,11,11,"Ec",19,0,1,0,0,1,0.427300415500348
"23112",191,"Ec_N",386,12,12,"Ec",19,0,1,0,0,1,0.427300415500348
"23113",191,"Ec_N",386,13,13,"Ec",19,0,1,0,0,1,0.427300415500348
"23114",191,"Ec_N",386,14,14,"Ec",19,0,1,0,0,1,0.427300415500348
"23115",191,"Ec_N",386,15,15,"Ec",19,0,1,0,0,1,0.427300415500348
"23116",191,"Ec_N",386,16,16,"Ec",19,0,1,0,0,1,0.427300415500348
"23117",191,"Ec_N",386,17,17,"Ec",19,0,1,0,0,1,0.427300415500348
"23118",191,"Ec_N",386,18,18,"Ec",19,0,1,0,0,1,0.427300415500348
"23119",191,"Ec_N",386,19,19,"Ec",19,0,1,0,0,1,0.427300415500348
"23120",191,"Ec_N",386,20,20,"Ec",23,0,1,1,0,1,0.616809062130864
"23121",191,"Ec_N",386,21,21,"Ec",23,0,1,1,0,1,0.616809062130864
"23122",191,"Ec_N",386,22,22,"Ec",23,0,1,1,0,1,0.616809062130864
"23123",191,"Ec_N",386,23,23,"Ec",31,0,1,1,1,1,0.801979629454064
"23124",191,"Ec_N",386,24,24,"Ec",31,0,1,1,1,1,0.801979629454064
"23125",191,"Ec_N",386,25,25,"Ec",31,0,1,1,1,1,0.801979629454064
"23126",191,"Ec_N",386,26,26,"Ec",31,0,1,1,1,1,0.801979629454064
"23127",191,"Ec_N",386,27,27,"Ec",31,0,1,1,1,1,0.801979629454064
"23128",191,"Ec_N",386,28,28,"Ec",31,0,1,1,1,1,0.801979629454064
"23129",191,"Ec_N",386,29,29,"Ec",31,0,1,1,1,1,0.801979629454064
"23130",191,"Ec_N",386,30,30,"Ec",31,0,1,1,1,1,0.801979629454064
"23131",191,"Ec_N",386,31,31,"Ec",31,0,1,1,1,1,0.801979629454064
"23132",191,"Ec_N",386,32,32,"Ec",31,0,1,1,1,1,0.801979629454064
"23133",191,"Ec_N",386,33,33,"Ec",31,0,1,1,1,1,0.801979629454064
"23134",191,"Ec_N",386,34,34,"Ec",31,0,1,1,1,1,0.801979629454064
"23135",191,"Ec_N",386,35,35,"Ec",31,0,1,1,1,1,0.801979629454064
"23136",191,"Ec_N",386,36,36,"Ec",31,0,1,1,1,1,0.801979629454064
"23137",191,"Ec_N",386,37,37,"Ec",31,0,1,1,1,1,0.801979629454064
"23138",191,"Ec_N",386,38,38,"Ec",31,0,1,1,1,1,0.801979629454064
"23139",191,"Ec_N",386,39,39,"Ec",31,0,1,1,1,1,0.801979629454064
"23140",191,"Ec_N",386,40,40,"Ec",31,0,1,1,1,1,0.801979629454064
"23141",191,"Ec_N",386,41,41,"Ec",31,0,1,1,1,1,0.801979629454064
"23142",191,"Ec_N",386,42,42,"Ec",31,0,1,1,1,1,0.801979629454064
"23143",191,"Ec_N",386,43,43,"Ec",31,0,1,1,1,1,0.801979629454064
"23144",191,"Ec_N",386,44,44,"Ec",31,0,1,1,1,1,0.801979629454064
"23145",191,"Ec_N",386,45,45,"Ec",31,0,1,1,1,1,0.801979629454064
"23146",191,"Ec_N",386,46,46,"Ec",31,0,1,1,1,1,0.801979629454064
"23147",191,"Ec_N",386,47,47,"Ec",31,0,1,1,1,1,0.801979629454064
"23148",191,"Ec_N",386,48,48,"Ec",31,0,1,1,1,1,0.801979629454064
"23149",191,"Ec_N",386,49,49,"Ec",31,0,1,1,1,1,0.801979629454064
"23150",191,"Ec_N",386,50,50,"Ec",31,0,1,1,1,1,0.801979629454064
"23151",191,"Ec_N",386,51,51,"Ec",31,0,1,1,1,1,0.801979629454064
"23152",191,"Ec_N",386,52,52,"Ec",31,0,1,1,1,1,0.801979629454064
"23153",191,"Ec_N",386,53,53,"Ec",31,0,1,1,1,1,0.801979629454064
"23154",191,"Ec_N",386,54,54,"Ec",31,0,1,1,1,1,0.801979629454064
"23155",191,"Ec_N",386,55,55,"Ec",31,0,1,1,1,1,0.801979629454064
"23156",191,"Ec_N",386,56,56,"Ec",31,0,1,1,1,1,0.801979629454064
"23157",191,"Ec_N",386,57,57,"Ec",32,1,1,1,1,1,1
"23158",191,"Ec_N",386,58,58,"Ec",32,1,1,1,1,1,1
"23159",191,"Ec_N",386,59,59,"Ec",32,1,1,1,1,1,1
"23160",191,"Ec_N",386,60,60,"Ec",32,1,1,1,1,1,1
"23161",191,"Ec_N",387,1,1,"Ec",1,0,0,0,0,0,0
"23162",191,"Ec_N",387,2,2,"Ec",1,0,0,0,0,0,0
"23163",191,"Ec_N",387,3,3,"Ec",1,0,0,0,0,0,0
"23164",191,"Ec_N",387,4,4,"Ec",17,0,0,0,0,1,0.229834113103391
"23165",191,"Ec_N",387,5,5,"Ec",17,0,0,0,0,1,0.229834113103391
"23166",191,"Ec_N",387,6,6,"Ec",17,0,0,0,0,1,0.229834113103391
"23167",191,"Ec_N",387,7,7,"Ec",25,0,0,0,1,1,0.403163568932085
"23168",191,"Ec_N",387,8,8,"Ec",25,0,0,0,1,1,0.403163568932085
"23169",191,"Ec_N",387,9,9,"Ec",25,0,0,0,1,1,0.403163568932085
"23170",191,"Ec_N",387,10,10,"Ec",25,0,0,0,1,1,0.403163568932085
"23171",191,"Ec_N",387,11,11,"Ec",25,0,0,0,1,1,0.403163568932085
"23172",191,"Ec_N",387,12,12,"Ec",25,0,0,0,1,1,0.403163568932085
"23173",191,"Ec_N",387,13,13,"Ec",25,0,0,0,1,1,0.403163568932085
"23174",191,"Ec_N",387,14,14,"Ec",25,0,0,0,1,1,0.403163568932085
"23175",191,"Ec_N",387,15,15,"Ec",25,0,0,0,1,1,0.403163568932085
"23176",191,"Ec_N",387,16,16,"Ec",25,0,0,0,1,1,0.403163568932085
"23177",191,"Ec_N",387,17,17,"Ec",25,0,0,0,1,1,0.403163568932085
"23178",191,"Ec_N",387,18,18,"Ec",25,0,0,0,1,1,0.403163568932085
"23179",191,"Ec_N",387,19,19,"Ec",25,0,0,0,1,1,0.403163568932085
"23180",191,"Ec_N",387,20,20,"Ec",25,0,0,0,1,1,0.403163568932085
"23181",191,"Ec_N",387,21,21,"Ec",25,0,0,0,1,1,0.403163568932085
"23182",191,"Ec_N",387,22,22,"Ec",25,0,0,0,1,1,0.403163568932085
"23183",191,"Ec_N",387,23,23,"Ec",25,0,0,0,1,1,0.403163568932085
"23184",191,"Ec_N",387,24,24,"Ec",25,0,0,0,1,1,0.403163568932085
"23185",191,"Ec_N",387,25,25,"Ec",25,0,0,0,1,1,0.403163568932085
"23186",191,"Ec_N",387,26,26,"Ec",25,0,0,0,1,1,0.403163568932085
"23187",191,"Ec_N",387,27,27,"Ec",25,0,0,0,1,1,0.403163568932085
"23188",191,"Ec_N",387,28,28,"Ec",29,0,0,1,1,1,0.760668149402769
"23189",191,"Ec_N",387,29,29,"Ec",29,0,0,1,1,1,0.760668149402769
"23190",191,"Ec_N",387,30,30,"Ec",31,0,1,1,1,1,0.801979629454064
"23191",191,"Ec_N",387,31,31,"Ec",31,0,1,1,1,1,0.801979629454064
"23192",191,"Ec_N",387,32,32,"Ec",31,0,1,1,1,1,0.801979629454064
"23193",191,"Ec_N",387,33,33,"Ec",32,1,1,1,1,1,1
"23194",191,"Ec_N",387,34,34,"Ec",32,1,1,1,1,1,1
"23195",191,"Ec_N",387,35,35,"Ec",32,1,1,1,1,1,1
"23196",191,"Ec_N",387,36,36,"Ec",32,1,1,1,1,1,1
"23197",191,"Ec_N",387,37,37,"Ec",32,1,1,1,1,1,1
"23198",191,"Ec_N",387,38,38,"Ec",32,1,1,1,1,1,1
"23199",191,"Ec_N",387,39,39,"Ec",32,1,1,1,1,1,1
"23200",191,"Ec_N",387,40,40,"Ec",32,1,1,1,1,1,1
"23201",191,"Ec_N",387,41,41,"Ec",32,1,1,1,1,1,1
"23202",191,"Ec_N",387,42,42,"Ec",32,1,1,1,1,1,1
"23203",191,"Ec_N",387,43,43,"Ec",32,1,1,1,1,1,1
"23204",191,"Ec_N",387,44,44,"Ec",32,1,1,1,1,1,1
"23205",191,"Ec_N",387,45,45,"Ec",32,1,1,1,1,1,1
"23206",191,"Ec_N",387,46,46,"Ec",32,1,1,1,1,1,1
"23207",191,"Ec_N",387,47,47,"Ec",32,1,1,1,1,1,1
"23208",191,"Ec_N",387,48,48,"Ec",32,1,1,1,1,1,1
"23209",191,"Ec_N",387,49,49,"Ec",32,1,1,1,1,1,1
"23210",191,"Ec_N",387,50,50,"Ec",32,1,1,1,1,1,1
"23211",191,"Ec_N",387,51,51,"Ec",32,1,1,1,1,1,1
"23212",191,"Ec_N",387,52,52,"Ec",32,1,1,1,1,1,1
"23213",191,"Ec_N",387,53,53,"Ec",32,1,1,1,1,1,1
"23214",191,"Ec_N",387,54,54,"Ec",32,1,1,1,1,1,1
"23215",191,"Ec_N",387,55,55,"Ec",32,1,1,1,1,1,1
"23216",191,"Ec_N",387,56,56,"Ec",32,1,1,1,1,1,1
"23217",191,"Ec_N",387,57,57,"Ec",32,1,1,1,1,1,1
"23218",191,"Ec_N",387,58,58,"Ec",32,1,1,1,1,1,1
"23219",191,"Ec_N",387,59,59,"Ec",32,1,1,1,1,1,1
"23220",191,"Ec_N",387,60,60,"Ec",32,1,1,1,1,1,1
"23221",191,"Ec_N",388,1,1,"Ec",1,0,0,0,0,0,0
"23222",191,"Ec_N",388,2,2,"Ec",9,0,0,0,1,0,0.0305419930719563
"23223",191,"Ec_N",388,3,3,"Ec",10,1,0,0,1,0,0.228562363617893
"23224",191,"Ec_N",388,4,4,"Ec",10,1,0,0,1,0,0.228562363617893
"23225",191,"Ec_N",388,5,5,"Ec",10,1,0,0,1,0,0.228562363617893
"23226",191,"Ec_N",388,6,6,"Ec",10,1,0,0,1,0,0.228562363617893
"23227",191,"Ec_N",388,7,7,"Ec",10,1,0,0,1,0,0.228562363617893
"23228",191,"Ec_N",388,8,8,"Ec",10,1,0,0,1,0,0.228562363617893
"23229",191,"Ec_N",388,9,9,"Ec",10,1,0,0,1,0,0.228562363617893
"23230",191,"Ec_N",388,10,10,"Ec",26,1,0,0,1,1,0.514384015075299
"23231",191,"Ec_N",388,11,11,"Ec",26,1,0,0,1,1,0.514384015075299
"23232",191,"Ec_N",388,12,12,"Ec",26,1,0,0,1,1,0.514384015075299
"23233",191,"Ec_N",388,13,13,"Ec",26,1,0,0,1,1,0.514384015075299
"23234",191,"Ec_N",388,14,14,"Ec",26,1,0,0,1,1,0.514384015075299
"23235",191,"Ec_N",388,15,15,"Ec",26,1,0,0,1,1,0.514384015075299
"23236",191,"Ec_N",388,16,16,"Ec",26,1,0,0,1,1,0.514384015075299
"23237",191,"Ec_N",388,17,17,"Ec",26,1,0,0,1,1,0.514384015075299
"23238",191,"Ec_N",388,18,18,"Ec",26,1,0,0,1,1,0.514384015075299
"23239",191,"Ec_N",388,19,19,"Ec",26,1,0,0,1,1,0.514384015075299
"23240",191,"Ec_N",388,20,20,"Ec",26,1,0,0,1,1,0.514384015075299
"23241",191,"Ec_N",388,21,21,"Ec",26,1,0,0,1,1,0.514384015075299
"23242",191,"Ec_N",388,22,22,"Ec",26,1,0,0,1,1,0.514384015075299
"23243",191,"Ec_N",388,23,23,"Ec",28,1,1,0,1,1,0.681047421119041
"23244",191,"Ec_N",388,24,24,"Ec",32,1,1,1,1,1,1
"23245",191,"Ec_N",388,25,25,"Ec",32,1,1,1,1,1,1
"23246",191,"Ec_N",388,26,26,"Ec",32,1,1,1,1,1,1
"23247",191,"Ec_N",388,27,27,"Ec",32,1,1,1,1,1,1
"23248",191,"Ec_N",388,28,28,"Ec",32,1,1,1,1,1,1
"23249",191,"Ec_N",388,29,29,"Ec",32,1,1,1,1,1,1
"23250",191,"Ec_N",388,30,30,"Ec",32,1,1,1,1,1,1
"23251",191,"Ec_N",388,31,31,"Ec",32,1,1,1,1,1,1
"23252",191,"Ec_N",388,32,32,"Ec",32,1,1,1,1,1,1
"23253",191,"Ec_N",388,33,33,"Ec",32,1,1,1,1,1,1
"23254",191,"Ec_N",388,34,34,"Ec",32,1,1,1,1,1,1
"23255",191,"Ec_N",388,35,35,"Ec",32,1,1,1,1,1,1
"23256",191,"Ec_N",388,36,36,"Ec",32,1,1,1,1,1,1
"23257",191,"Ec_N",388,37,37,"Ec",32,1,1,1,1,1,1
"23258",191,"Ec_N",388,38,38,"Ec",32,1,1,1,1,1,1
"23259",191,"Ec_N",388,39,39,"Ec",32,1,1,1,1,1,1
"23260",191,"Ec_N",388,40,40,"Ec",32,1,1,1,1,1,1
"23261",191,"Ec_N",388,41,41,"Ec",32,1,1,1,1,1,1
"23262",191,"Ec_N",388,42,42,"Ec",32,1,1,1,1,1,1
"23263",191,"Ec_N",388,43,43,"Ec",32,1,1,1,1,1,1
"23264",191,"Ec_N",388,44,44,"Ec",32,1,1,1,1,1,1
"23265",191,"Ec_N",388,45,45,"Ec",32,1,1,1,1,1,1
"23266",191,"Ec_N",388,46,46,"Ec",32,1,1,1,1,1,1
"23267",191,"Ec_N",388,47,47,"Ec",32,1,1,1,1,1,1
"23268",191,"Ec_N",388,48,48,"Ec",32,1,1,1,1,1,1
"23269",191,"Ec_N",388,49,49,"Ec",32,1,1,1,1,1,1
"23270",191,"Ec_N",388,50,50,"Ec",32,1,1,1,1,1,1
"23271",191,"Ec_N",388,51,51,"Ec",32,1,1,1,1,1,1
"23272",191,"Ec_N",388,52,52,"Ec",32,1,1,1,1,1,1
"23273",191,"Ec_N",388,53,53,"Ec",32,1,1,1,1,1,1
"23274",191,"Ec_N",388,54,54,"Ec",32,1,1,1,1,1,1
"23275",191,"Ec_N",388,55,55,"Ec",32,1,1,1,1,1,1
"23276",191,"Ec_N",388,56,56,"Ec",32,1,1,1,1,1,1
"23277",191,"Ec_N",388,57,57,"Ec",32,1,1,1,1,1,1
"23278",191,"Ec_N",388,58,58,"Ec",32,1,1,1,1,1,1
"23279",191,"Ec_N",388,59,59,"Ec",32,1,1,1,1,1,1
"23280",191,"Ec_N",388,60,60,"Ec",32,1,1,1,1,1,1
"23281",191,"Ec_N",389,1,1,"Ec",1,0,0,0,0,0,0
"23282",191,"Ec_N",389,2,2,"Ec",1,0,0,0,0,0,0
"23283",191,"Ec_N",389,3,3,"Ec",1,0,0,0,0,0,0
"23284",191,"Ec_N",389,4,4,"Ec",1,0,0,0,0,0,0
"23285",191,"Ec_N",389,5,5,"Ec",1,0,0,0,0,0,0
"23286",191,"Ec_N",389,6,6,"Ec",1,0,0,0,0,0,0
"23287",191,"Ec_N",389,7,7,"Ec",2,1,0,0,0,0,0.198020370545937
"23288",191,"Ec_N",389,8,8,"Ec",4,1,1,0,0,0,0.239331850597232
"23289",191,"Ec_N",389,9,9,"Ec",4,1,1,0,0,0,0.239331850597232
"23290",191,"Ec_N",389,10,10,"Ec",4,1,1,0,0,0,0.239331850597232
"23291",191,"Ec_N",389,11,11,"Ec",4,1,1,0,0,0,0.239331850597232
"23292",191,"Ec_N",389,12,12,"Ec",8,1,1,1,0,0,0.583469071478991
"23293",191,"Ec_N",389,13,13,"Ec",8,1,1,1,0,0,0.583469071478991
"23294",191,"Ec_N",389,14,14,"Ec",8,1,1,1,0,0,0.583469071478991
"23295",191,"Ec_N",389,15,15,"Ec",8,1,1,1,0,0,0.583469071478991
"23296",191,"Ec_N",389,16,16,"Ec",8,1,1,1,0,0,0.583469071478991
"23297",191,"Ec_N",389,17,17,"Ec",8,1,1,1,0,0,0.583469071478991
"23298",191,"Ec_N",389,18,18,"Ec",8,1,1,1,0,0,0.583469071478991
"23299",191,"Ec_N",389,19,19,"Ec",8,1,1,1,0,0,0.583469071478991
"23300",191,"Ec_N",389,20,20,"Ec",8,1,1,1,0,0,0.583469071478991
"23301",191,"Ec_N",389,21,21,"Ec",8,1,1,1,0,0,0.583469071478991
"23302",191,"Ec_N",389,22,22,"Ec",8,1,1,1,0,0,0.583469071478991
"23303",191,"Ec_N",389,23,23,"Ec",24,1,1,1,0,1,0.969458006928044
"23304",191,"Ec_N",389,24,24,"Ec",24,1,1,1,0,1,0.969458006928044
"23305",191,"Ec_N",389,25,25,"Ec",24,1,1,1,0,1,0.969458006928044
"23306",191,"Ec_N",389,26,26,"Ec",24,1,1,1,0,1,0.969458006928044
"23307",191,"Ec_N",389,27,27,"Ec",24,1,1,1,0,1,0.969458006928044
"23308",191,"Ec_N",389,28,28,"Ec",24,1,1,1,0,1,0.969458006928044
"23309",191,"Ec_N",389,29,29,"Ec",24,1,1,1,0,1,0.969458006928044
"23310",191,"Ec_N",389,30,30,"Ec",24,1,1,1,0,1,0.969458006928044
"23311",191,"Ec_N",389,31,31,"Ec",24,1,1,1,0,1,0.969458006928044
"23312",191,"Ec_N",389,32,32,"Ec",24,1,1,1,0,1,0.969458006928044
"23313",191,"Ec_N",389,33,33,"Ec",24,1,1,1,0,1,0.969458006928044
"23314",191,"Ec_N",389,34,34,"Ec",24,1,1,1,0,1,0.969458006928044
"23315",191,"Ec_N",389,35,35,"Ec",24,1,1,1,0,1,0.969458006928044
"23316",191,"Ec_N",389,36,36,"Ec",24,1,1,1,0,1,0.969458006928044
"23317",191,"Ec_N",389,37,37,"Ec",24,1,1,1,0,1,0.969458006928044
"23318",191,"Ec_N",389,38,38,"Ec",24,1,1,1,0,1,0.969458006928044
"23319",191,"Ec_N",389,39,39,"Ec",24,1,1,1,0,1,0.969458006928044
"23320",191,"Ec_N",389,40,40,"Ec",24,1,1,1,0,1,0.969458006928044
"23321",191,"Ec_N",389,41,41,"Ec",24,1,1,1,0,1,0.969458006928044
"23322",191,"Ec_N",389,42,42,"Ec",24,1,1,1,0,1,0.969458006928044
"23323",191,"Ec_N",389,43,43,"Ec",24,1,1,1,0,1,0.969458006928044
"23324",191,"Ec_N",389,44,44,"Ec",24,1,1,1,0,1,0.969458006928044
"23325",191,"Ec_N",389,45,45,"Ec",24,1,1,1,0,1,0.969458006928044
"23326",191,"Ec_N",389,46,46,"Ec",24,1,1,1,0,1,0.969458006928044
"23327",191,"Ec_N",389,47,47,"Ec",24,1,1,1,0,1,0.969458006928044
"23328",191,"Ec_N",389,48,48,"Ec",24,1,1,1,0,1,0.969458006928044
"23329",191,"Ec_N",389,49,49,"Ec",24,1,1,1,0,1,0.969458006928044
"23330",191,"Ec_N",389,50,50,"Ec",24,1,1,1,0,1,0.969458006928044
"23331",191,"Ec_N",389,51,51,"Ec",24,1,1,1,0,1,0.969458006928044
"23332",191,"Ec_N",389,52,52,"Ec",24,1,1,1,0,1,0.969458006928044
"23333",191,"Ec_N",389,53,53,"Ec",24,1,1,1,0,1,0.969458006928044
"23334",191,"Ec_N",389,54,54,"Ec",24,1,1,1,0,1,0.969458006928044
"23335",191,"Ec_N",389,55,55,"Ec",24,1,1,1,0,1,0.969458006928044
"23336",191,"Ec_N",389,56,56,"Ec",24,1,1,1,0,1,0.969458006928044
"23337",191,"Ec_N",389,57,57,"Ec",24,1,1,1,0,1,0.969458006928044
"23338",191,"Ec_N",389,58,58,"Ec",24,1,1,1,0,1,0.969458006928044
"23339",191,"Ec_N",389,59,59,"Ec",24,1,1,1,0,1,0.969458006928044
"23340",191,"Ec_N",389,60,60,"Ec",24,1,1,1,0,1,0.969458006928044
"23341",191,"Ec_N",390,1,1,"Ec",1,0,0,0,0,0,0
"23342",191,"Ec_N",390,2,2,"Ec",1,0,0,0,0,0,0
"23343",191,"Ec_N",390,3,3,"Ec",1,0,0,0,0,0,0
"23344",191,"Ec_N",390,4,4,"Ec",1,0,0,0,0,0,0
"23345",191,"Ec_N",390,5,5,"Ec",1,0,0,0,0,0,0
"23346",191,"Ec_N",390,6,6,"Ec",1,0,0,0,0,0,0
"23347",191,"Ec_N",390,7,7,"Ec",9,0,0,0,1,0,0.0305419930719563
"23348",191,"Ec_N",390,8,8,"Ec",9,0,0,0,1,0,0.0305419930719563
"23349",191,"Ec_N",390,9,9,"Ec",9,0,0,0,1,0,0.0305419930719563
"23350",191,"Ec_N",390,10,10,"Ec",9,0,0,0,1,0,0.0305419930719563
"23351",191,"Ec_N",390,11,11,"Ec",9,0,0,0,1,0,0.0305419930719563
"23352",191,"Ec_N",390,12,12,"Ec",9,0,0,0,1,0,0.0305419930719563
"23353",191,"Ec_N",390,13,13,"Ec",9,0,0,0,1,0,0.0305419930719563
"23354",191,"Ec_N",390,14,14,"Ec",9,0,0,0,1,0,0.0305419930719563
"23355",191,"Ec_N",390,15,15,"Ec",9,0,0,0,1,0,0.0305419930719563
"23356",191,"Ec_N",390,16,16,"Ec",9,0,0,0,1,0,0.0305419930719563
"23357",191,"Ec_N",390,17,17,"Ec",11,0,1,0,1,0,0.0857419302602629
"23358",191,"Ec_N",390,18,18,"Ec",11,0,1,0,1,0,0.0857419302602629
"23359",191,"Ec_N",390,19,19,"Ec",11,0,1,0,1,0,0.0857419302602629
"23360",191,"Ec_N",390,20,20,"Ec",11,0,1,0,1,0,0.0857419302602629
"23361",191,"Ec_N",390,21,21,"Ec",11,0,1,0,1,0,0.0857419302602629
"23362",191,"Ec_N",390,22,22,"Ec",27,0,1,0,1,1,0.357221419161902
"23363",191,"Ec_N",390,23,23,"Ec",31,0,1,1,1,1,0.801979629454064
"23364",191,"Ec_N",390,24,24,"Ec",31,0,1,1,1,1,0.801979629454064
"23365",191,"Ec_N",390,25,25,"Ec",31,0,1,1,1,1,0.801979629454064
"23366",191,"Ec_N",390,26,26,"Ec",31,0,1,1,1,1,0.801979629454064
"23367",191,"Ec_N",390,27,27,"Ec",31,0,1,1,1,1,0.801979629454064
"23368",191,"Ec_N",390,28,28,"Ec",31,0,1,1,1,1,0.801979629454064
"23369",191,"Ec_N",390,29,29,"Ec",31,0,1,1,1,1,0.801979629454064
"23370",191,"Ec_N",390,30,30,"Ec",31,0,1,1,1,1,0.801979629454064
"23371",191,"Ec_N",390,31,31,"Ec",31,0,1,1,1,1,0.801979629454064
"23372",191,"Ec_N",390,32,32,"Ec",31,0,1,1,1,1,0.801979629454064
"23373",191,"Ec_N",390,33,33,"Ec",31,0,1,1,1,1,0.801979629454064
"23374",191,"Ec_N",390,34,34,"Ec",31,0,1,1,1,1,0.801979629454064
"23375",191,"Ec_N",390,35,35,"Ec",31,0,1,1,1,1,0.801979629454064
"23376",191,"Ec_N",390,36,36,"Ec",31,0,1,1,1,1,0.801979629454064
"23377",191,"Ec_N",390,37,37,"Ec",31,0,1,1,1,1,0.801979629454064
"23378",191,"Ec_N",390,38,38,"Ec",31,0,1,1,1,1,0.801979629454064
"23379",191,"Ec_N",390,39,39,"Ec",31,0,1,1,1,1,0.801979629454064
"23380",191,"Ec_N",390,40,40,"Ec",31,0,1,1,1,1,0.801979629454064
"23381",191,"Ec_N",390,41,41,"Ec",32,1,1,1,1,1,1
"23382",191,"Ec_N",390,42,42,"Ec",32,1,1,1,1,1,1
"23383",191,"Ec_N",390,43,43,"Ec",32,1,1,1,1,1,1
"23384",191,"Ec_N",390,44,44,"Ec",32,1,1,1,1,1,1
"23385",191,"Ec_N",390,45,45,"Ec",32,1,1,1,1,1,1
"23386",191,"Ec_N",390,46,46,"Ec",32,1,1,1,1,1,1
"23387",191,"Ec_N",390,47,47,"Ec",32,1,1,1,1,1,1
"23388",191,"Ec_N",390,48,48,"Ec",32,1,1,1,1,1,1
"23389",191,"Ec_N",390,49,49,"Ec",32,1,1,1,1,1,1
"23390",191,"Ec_N",390,50,50,"Ec",32,1,1,1,1,1,1
"23391",191,"Ec_N",390,51,51,"Ec",32,1,1,1,1,1,1
"23392",191,"Ec_N",390,52,52,"Ec",32,1,1,1,1,1,1
"23393",191,"Ec_N",390,53,53,"Ec",32,1,1,1,1,1,1
"23394",191,"Ec_N",390,54,54,"Ec",32,1,1,1,1,1,1
"23395",191,"Ec_N",390,55,55,"Ec",32,1,1,1,1,1,1
"23396",191,"Ec_N",390,56,56,"Ec",32,1,1,1,1,1,1
"23397",191,"Ec_N",390,57,57,"Ec",32,1,1,1,1,1,1
"23398",191,"Ec_N",390,58,58,"Ec",32,1,1,1,1,1,1
"23399",191,"Ec_N",390,59,59,"Ec",32,1,1,1,1,1,1
"23400",191,"Ec_N",390,60,60,"Ec",32,1,1,1,1,1,1
"23401",191,"Ec_N",391,1,1,"Ec",1,0,0,0,0,0,0
"23402",191,"Ec_N",391,2,2,"Ec",1,0,0,0,0,0,0
"23403",191,"Ec_N",391,3,3,"Ec",17,0,0,0,0,1,0.229834113103391
"23404",191,"Ec_N",391,4,4,"Ec",17,0,0,0,0,1,0.229834113103391
"23405",191,"Ec_N",391,5,5,"Ec",17,0,0,0,0,1,0.229834113103391
"23406",191,"Ec_N",391,6,6,"Ec",18,1,0,0,0,1,0.646504780524047
"23407",191,"Ec_N",391,7,7,"Ec",18,1,0,0,0,1,0.646504780524047
"23408",191,"Ec_N",391,8,8,"Ec",18,1,0,0,0,1,0.646504780524047
"23409",191,"Ec_N",391,9,9,"Ec",18,1,0,0,0,1,0.646504780524047
"23410",191,"Ec_N",391,10,10,"Ec",18,1,0,0,0,1,0.646504780524047
"23411",191,"Ec_N",391,11,11,"Ec",18,1,0,0,0,1,0.646504780524047
"23412",191,"Ec_N",391,12,12,"Ec",18,1,0,0,0,1,0.646504780524047
"23413",191,"Ec_N",391,13,13,"Ec",18,1,0,0,0,1,0.646504780524047
"23414",191,"Ec_N",391,14,14,"Ec",18,1,0,0,0,1,0.646504780524047
"23415",191,"Ec_N",391,15,15,"Ec",18,1,0,0,0,1,0.646504780524047
"23416",191,"Ec_N",391,16,16,"Ec",18,1,0,0,0,1,0.646504780524047
"23417",191,"Ec_N",391,17,17,"Ec",22,1,0,1,0,1,0.92522428176681
"23418",191,"Ec_N",391,18,18,"Ec",22,1,0,1,0,1,0.92522428176681
"23419",191,"Ec_N",391,19,19,"Ec",22,1,0,1,0,1,0.92522428176681
"23420",191,"Ec_N",391,20,20,"Ec",22,1,0,1,0,1,0.92522428176681
"23421",191,"Ec_N",391,21,21,"Ec",22,1,0,1,0,1,0.92522428176681
"23422",191,"Ec_N",391,22,22,"Ec",22,1,0,1,0,1,0.92522428176681
"23423",191,"Ec_N",391,23,23,"Ec",22,1,0,1,0,1,0.92522428176681
"23424",191,"Ec_N",391,24,24,"Ec",22,1,0,1,0,1,0.92522428176681
"23425",191,"Ec_N",391,25,25,"Ec",22,1,0,1,0,1,0.92522428176681
"23426",191,"Ec_N",391,26,26,"Ec",22,1,0,1,0,1,0.92522428176681
"23427",191,"Ec_N",391,27,27,"Ec",22,1,0,1,0,1,0.92522428176681
"23428",191,"Ec_N",391,28,28,"Ec",22,1,0,1,0,1,0.92522428176681
"23429",191,"Ec_N",391,29,29,"Ec",22,1,0,1,0,1,0.92522428176681
"23430",191,"Ec_N",391,30,30,"Ec",22,1,0,1,0,1,0.92522428176681
"23431",191,"Ec_N",391,31,31,"Ec",22,1,0,1,0,1,0.92522428176681
"23432",191,"Ec_N",391,32,32,"Ec",22,1,0,1,0,1,0.92522428176681
"23433",191,"Ec_N",391,33,33,"Ec",22,1,0,1,0,1,0.92522428176681
"23434",191,"Ec_N",391,34,34,"Ec",22,1,0,1,0,1,0.92522428176681
"23435",191,"Ec_N",391,35,35,"Ec",22,1,0,1,0,1,0.92522428176681
"23436",191,"Ec_N",391,36,36,"Ec",22,1,0,1,0,1,0.92522428176681
"23437",191,"Ec_N",391,37,37,"Ec",22,1,0,1,0,1,0.92522428176681
"23438",191,"Ec_N",391,38,38,"Ec",22,1,0,1,0,1,0.92522428176681
"23439",191,"Ec_N",391,39,39,"Ec",22,1,0,1,0,1,0.92522428176681
"23440",191,"Ec_N",391,40,40,"Ec",22,1,0,1,0,1,0.92522428176681
"23441",191,"Ec_N",391,41,41,"Ec",22,1,0,1,0,1,0.92522428176681
"23442",191,"Ec_N",391,42,42,"Ec",22,1,0,1,0,1,0.92522428176681
"23443",191,"Ec_N",391,43,43,"Ec",22,1,0,1,0,1,0.92522428176681
"23444",191,"Ec_N",391,44,44,"Ec",22,1,0,1,0,1,0.92522428176681
"23445",191,"Ec_N",391,45,45,"Ec",22,1,0,1,0,1,0.92522428176681
"23446",191,"Ec_N",391,46,46,"Ec",22,1,0,1,0,1,0.92522428176681
"23447",191,"Ec_N",391,47,47,"Ec",22,1,0,1,0,1,0.92522428176681
"23448",191,"Ec_N",391,48,48,"Ec",22,1,0,1,0,1,0.92522428176681
"23449",191,"Ec_N",391,49,49,"Ec",22,1,0,1,0,1,0.92522428176681
"23450",191,"Ec_N",391,50,50,"Ec",22,1,0,1,0,1,0.92522428176681
"23451",191,"Ec_N",391,51,51,"Ec",22,1,0,1,0,1,0.92522428176681
"23452",191,"Ec_N",391,52,52,"Ec",24,1,1,1,0,1,0.969458006928044
"23453",191,"Ec_N",391,53,53,"Ec",24,1,1,1,0,1,0.969458006928044
"23454",191,"Ec_N",391,54,54,"Ec",24,1,1,1,0,1,0.969458006928044
"23455",191,"Ec_N",391,55,55,"Ec",24,1,1,1,0,1,0.969458006928044
"23456",191,"Ec_N",391,56,56,"Ec",24,1,1,1,0,1,0.969458006928044
"23457",191,"Ec_N",391,57,57,"Ec",24,1,1,1,0,1,0.969458006928044
"23458",191,"Ec_N",391,58,58,"Ec",24,1,1,1,0,1,0.969458006928044
"23459",191,"Ec_N",391,59,59,"Ec",24,1,1,1,0,1,0.969458006928044
"23460",191,"Ec_N",391,60,60,"Ec",24,1,1,1,0,1,0.969458006928044
"23461",191,"Ec_N",392,1,1,"Ec",1,0,0,0,0,0,0
"23462",191,"Ec_N",392,2,2,"Ec",1,0,0,0,0,0,0
"23463",191,"Ec_N",392,3,3,"Ec",1,0,0,0,0,0,0
"23464",191,"Ec_N",392,4,4,"Ec",1,0,0,0,0,0,0
"23465",191,"Ec_N",392,5,5,"Ec",9,0,0,0,1,0,0.0305419930719563
"23466",191,"Ec_N",392,6,6,"Ec",9,0,0,0,1,0,0.0305419930719563
"23467",191,"Ec_N",392,7,7,"Ec",9,0,0,0,1,0,0.0305419930719563
"23468",191,"Ec_N",392,8,8,"Ec",9,0,0,0,1,0,0.0305419930719563
"23469",191,"Ec_N",392,9,9,"Ec",9,0,0,0,1,0,0.0305419930719563
"23470",191,"Ec_N",392,10,10,"Ec",9,0,0,0,1,0,0.0305419930719563
"23471",191,"Ec_N",392,11,11,"Ec",13,0,0,1,1,0,0.374679213953716
"23472",191,"Ec_N",392,12,12,"Ec",29,0,0,1,1,1,0.760668149402769
"23473",191,"Ec_N",392,13,13,"Ec",29,0,0,1,1,1,0.760668149402769
"23474",191,"Ec_N",392,14,14,"Ec",29,0,0,1,1,1,0.760668149402769
"23475",191,"Ec_N",392,15,15,"Ec",29,0,0,1,1,1,0.760668149402769
"23476",191,"Ec_N",392,16,16,"Ec",29,0,0,1,1,1,0.760668149402769
"23477",191,"Ec_N",392,17,17,"Ec",29,0,0,1,1,1,0.760668149402769
"23478",191,"Ec_N",392,18,18,"Ec",29,0,0,1,1,1,0.760668149402769
"23479",191,"Ec_N",392,19,19,"Ec",29,0,0,1,1,1,0.760668149402769
"23480",191,"Ec_N",392,20,20,"Ec",29,0,0,1,1,1,0.760668149402769
"23481",191,"Ec_N",392,21,21,"Ec",29,0,0,1,1,1,0.760668149402769
"23482",191,"Ec_N",392,22,22,"Ec",29,0,0,1,1,1,0.760668149402769
"23483",191,"Ec_N",392,23,23,"Ec",29,0,0,1,1,1,0.760668149402769
"23484",191,"Ec_N",392,24,24,"Ec",29,0,0,1,1,1,0.760668149402769
"23485",191,"Ec_N",392,25,25,"Ec",29,0,0,1,1,1,0.760668149402769
"23486",191,"Ec_N",392,26,26,"Ec",30,1,0,1,1,1,0.958688519948705
"23487",191,"Ec_N",392,27,27,"Ec",30,1,0,1,1,1,0.958688519948705
"23488",191,"Ec_N",392,28,28,"Ec",30,1,0,1,1,1,0.958688519948705
"23489",191,"Ec_N",392,29,29,"Ec",30,1,0,1,1,1,0.958688519948705
"23490",191,"Ec_N",392,30,30,"Ec",30,1,0,1,1,1,0.958688519948705
"23491",191,"Ec_N",392,31,31,"Ec",30,1,0,1,1,1,0.958688519948705
"23492",191,"Ec_N",392,32,32,"Ec",30,1,0,1,1,1,0.958688519948705
"23493",191,"Ec_N",392,33,33,"Ec",30,1,0,1,1,1,0.958688519948705
"23494",191,"Ec_N",392,34,34,"Ec",30,1,0,1,1,1,0.958688519948705
"23495",191,"Ec_N",392,35,35,"Ec",30,1,0,1,1,1,0.958688519948705
"23496",191,"Ec_N",392,36,36,"Ec",30,1,0,1,1,1,0.958688519948705
"23497",191,"Ec_N",392,37,37,"Ec",30,1,0,1,1,1,0.958688519948705
"23498",191,"Ec_N",392,38,38,"Ec",30,1,0,1,1,1,0.958688519948705
"23499",191,"Ec_N",392,39,39,"Ec",30,1,0,1,1,1,0.958688519948705
"23500",191,"Ec_N",392,40,40,"Ec",30,1,0,1,1,1,0.958688519948705
"23501",191,"Ec_N",392,41,41,"Ec",30,1,0,1,1,1,0.958688519948705
"23502",191,"Ec_N",392,42,42,"Ec",30,1,0,1,1,1,0.958688519948705
"23503",191,"Ec_N",392,43,43,"Ec",30,1,0,1,1,1,0.958688519948705
"23504",191,"Ec_N",392,44,44,"Ec",30,1,0,1,1,1,0.958688519948705
"23505",191,"Ec_N",392,45,45,"Ec",30,1,0,1,1,1,0.958688519948705
"23506",191,"Ec_N",392,46,46,"Ec",30,1,0,1,1,1,0.958688519948705
"23507",191,"Ec_N",392,47,47,"Ec",30,1,0,1,1,1,0.958688519948705
"23508",191,"Ec_N",392,48,48,"Ec",30,1,0,1,1,1,0.958688519948705
"23509",191,"Ec_N",392,49,49,"Ec",32,1,1,1,1,1,1
"23510",191,"Ec_N",392,50,50,"Ec",32,1,1,1,1,1,1
"23511",191,"Ec_N",392,51,51,"Ec",32,1,1,1,1,1,1
"23512",191,"Ec_N",392,52,52,"Ec",32,1,1,1,1,1,1
"23513",191,"Ec_N",392,53,53,"Ec",32,1,1,1,1,1,1
"23514",191,"Ec_N",392,54,54,"Ec",32,1,1,1,1,1,1
"23515",191,"Ec_N",392,55,55,"Ec",32,1,1,1,1,1,1
"23516",191,"Ec_N",392,56,56,"Ec",32,1,1,1,1,1,1
"23517",191,"Ec_N",392,57,57,"Ec",32,1,1,1,1,1,1
"23518",191,"Ec_N",392,58,58,"Ec",32,1,1,1,1,1,1
"23519",191,"Ec_N",392,59,59,"Ec",32,1,1,1,1,1,1
"23520",191,"Ec_N",392,60,60,"Ec",32,1,1,1,1,1,1
"23521",191,"Ec_N",393,1,1,"Ec",1,0,0,0,0,0,0
"23522",191,"Ec_N",393,2,2,"Ec",1,0,0,0,0,0,0
"23523",191,"Ec_N",393,3,3,"Ec",5,0,0,1,0,0,0.49313446766664
"23524",191,"Ec_N",393,4,4,"Ec",5,0,0,1,0,0,0.49313446766664
"23525",191,"Ec_N",393,5,5,"Ec",5,0,0,1,0,0,0.49313446766664
"23526",191,"Ec_N",393,6,6,"Ec",5,0,0,1,0,0,0.49313446766664
"23527",191,"Ec_N",393,7,7,"Ec",5,0,0,1,0,0,0.49313446766664
"23528",191,"Ec_N",393,8,8,"Ec",5,0,0,1,0,0,0.49313446766664
"23529",191,"Ec_N",393,9,9,"Ec",5,0,0,1,0,0,0.49313446766664
"23530",191,"Ec_N",393,10,10,"Ec",5,0,0,1,0,0,0.49313446766664
"23531",191,"Ec_N",393,11,11,"Ec",5,0,0,1,0,0,0.49313446766664
"23532",191,"Ec_N",393,12,12,"Ec",5,0,0,1,0,0,0.49313446766664
"23533",191,"Ec_N",393,13,13,"Ec",5,0,0,1,0,0,0.49313446766664
"23534",191,"Ec_N",393,14,14,"Ec",21,0,0,1,0,1,0.726280938342543
"23535",191,"Ec_N",393,15,15,"Ec",21,0,0,1,0,1,0.726280938342543
"23536",191,"Ec_N",393,16,16,"Ec",21,0,0,1,0,1,0.726280938342543
"23537",191,"Ec_N",393,17,17,"Ec",21,0,0,1,0,1,0.726280938342543
"23538",191,"Ec_N",393,18,18,"Ec",21,0,0,1,0,1,0.726280938342543
"23539",191,"Ec_N",393,19,19,"Ec",21,0,0,1,0,1,0.726280938342543
"23540",191,"Ec_N",393,20,20,"Ec",21,0,0,1,0,1,0.726280938342543
"23541",191,"Ec_N",393,21,21,"Ec",29,0,0,1,1,1,0.760668149402769
"23542",191,"Ec_N",393,22,22,"Ec",29,0,0,1,1,1,0.760668149402769
"23543",191,"Ec_N",393,23,23,"Ec",31,0,1,1,1,1,0.801979629454064
"23544",191,"Ec_N",393,24,24,"Ec",31,0,1,1,1,1,0.801979629454064
"23545",191,"Ec_N",393,25,25,"Ec",31,0,1,1,1,1,0.801979629454064
"23546",191,"Ec_N",393,26,26,"Ec",31,0,1,1,1,1,0.801979629454064
"23547",191,"Ec_N",393,27,27,"Ec",31,0,1,1,1,1,0.801979629454064
"23548",191,"Ec_N",393,28,28,"Ec",31,0,1,1,1,1,0.801979629454064
"23549",191,"Ec_N",393,29,29,"Ec",31,0,1,1,1,1,0.801979629454064
"23550",191,"Ec_N",393,30,30,"Ec",31,0,1,1,1,1,0.801979629454064
"23551",191,"Ec_N",393,31,31,"Ec",31,0,1,1,1,1,0.801979629454064
"23552",191,"Ec_N",393,32,32,"Ec",31,0,1,1,1,1,0.801979629454064
"23553",191,"Ec_N",393,33,33,"Ec",32,1,1,1,1,1,1
"23554",191,"Ec_N",393,34,34,"Ec",32,1,1,1,1,1,1
"23555",191,"Ec_N",393,35,35,"Ec",32,1,1,1,1,1,1
"23556",191,"Ec_N",393,36,36,"Ec",32,1,1,1,1,1,1
"23557",191,"Ec_N",393,37,37,"Ec",32,1,1,1,1,1,1
"23558",191,"Ec_N",393,38,38,"Ec",32,1,1,1,1,1,1
"23559",191,"Ec_N",393,39,39,"Ec",32,1,1,1,1,1,1
"23560",191,"Ec_N",393,40,40,"Ec",32,1,1,1,1,1,1
"23561",191,"Ec_N",393,41,41,"Ec",32,1,1,1,1,1,1
"23562",191,"Ec_N",393,42,42,"Ec",32,1,1,1,1,1,1
"23563",191,"Ec_N",393,43,43,"Ec",32,1,1,1,1,1,1
"23564",191,"Ec_N",393,44,44,"Ec",32,1,1,1,1,1,1
"23565",191,"Ec_N",393,45,45,"Ec",32,1,1,1,1,1,1
"23566",191,"Ec_N",393,46,46,"Ec",32,1,1,1,1,1,1
"23567",191,"Ec_N",393,47,47,"Ec",32,1,1,1,1,1,1
"23568",191,"Ec_N",393,48,48,"Ec",32,1,1,1,1,1,1
"23569",191,"Ec_N",393,49,49,"Ec",32,1,1,1,1,1,1
"23570",191,"Ec_N",393,50,50,"Ec",32,1,1,1,1,1,1
"23571",191,"Ec_N",393,51,51,"Ec",32,1,1,1,1,1,1
"23572",191,"Ec_N",393,52,52,"Ec",32,1,1,1,1,1,1
"23573",191,"Ec_N",393,53,53,"Ec",32,1,1,1,1,1,1
"23574",191,"Ec_N",393,54,54,"Ec",32,1,1,1,1,1,1
"23575",191,"Ec_N",393,55,55,"Ec",32,1,1,1,1,1,1
"23576",191,"Ec_N",393,56,56,"Ec",32,1,1,1,1,1,1
"23577",191,"Ec_N",393,57,57,"Ec",32,1,1,1,1,1,1
"23578",191,"Ec_N",393,58,58,"Ec",32,1,1,1,1,1,1
"23579",191,"Ec_N",393,59,59,"Ec",32,1,1,1,1,1,1
"23580",191,"Ec_N",393,60,60,"Ec",32,1,1,1,1,1,1
"23581",191,"Ec_N",394,1,1,"Ec",1,0,0,0,0,0,0
"23582",191,"Ec_N",394,2,2,"Ec",1,0,0,0,0,0,0
"23583",191,"Ec_N",394,3,3,"Ec",5,0,0,1,0,0,0.49313446766664
"23584",191,"Ec_N",394,4,4,"Ec",5,0,0,1,0,0,0.49313446766664
"23585",191,"Ec_N",394,5,5,"Ec",5,0,0,1,0,0,0.49313446766664
"23586",191,"Ec_N",394,6,6,"Ec",5,0,0,1,0,0,0.49313446766664
"23587",191,"Ec_N",394,7,7,"Ec",5,0,0,1,0,0,0.49313446766664
"23588",191,"Ec_N",394,8,8,"Ec",5,0,0,1,0,0,0.49313446766664
"23589",191,"Ec_N",394,9,9,"Ec",7,0,1,1,0,0,0.589282297794007
"23590",191,"Ec_N",394,10,10,"Ec",7,0,1,1,0,0,0.589282297794007
"23591",191,"Ec_N",394,11,11,"Ec",7,0,1,1,0,0,0.589282297794007
"23592",191,"Ec_N",394,12,12,"Ec",7,0,1,1,0,0,0.589282297794007
"23593",191,"Ec_N",394,13,13,"Ec",7,0,1,1,0,0,0.589282297794007
"23594",191,"Ec_N",394,14,14,"Ec",7,0,1,1,0,0,0.589282297794007
"23595",191,"Ec_N",394,15,15,"Ec",7,0,1,1,0,0,0.589282297794007
"23596",191,"Ec_N",394,16,16,"Ec",7,0,1,1,0,0,0.589282297794007
"23597",191,"Ec_N",394,17,17,"Ec",7,0,1,1,0,0,0.589282297794007
"23598",191,"Ec_N",394,18,18,"Ec",7,0,1,1,0,0,0.589282297794007
"23599",191,"Ec_N",394,19,19,"Ec",7,0,1,1,0,0,0.589282297794007
"23600",191,"Ec_N",394,20,20,"Ec",7,0,1,1,0,0,0.589282297794007
"23601",191,"Ec_N",394,21,21,"Ec",7,0,1,1,0,0,0.589282297794007
"23602",191,"Ec_N",394,22,22,"Ec",7,0,1,1,0,0,0.589282297794007
"23603",191,"Ec_N",394,23,23,"Ec",7,0,1,1,0,0,0.589282297794007
"23604",191,"Ec_N",394,24,24,"Ec",7,0,1,1,0,0,0.589282297794007
"23605",191,"Ec_N",394,25,25,"Ec",7,0,1,1,0,0,0.589282297794007
"23606",191,"Ec_N",394,26,26,"Ec",7,0,1,1,0,0,0.589282297794007
"23607",191,"Ec_N",394,27,27,"Ec",7,0,1,1,0,0,0.589282297794007
"23608",191,"Ec_N",394,28,28,"Ec",7,0,1,1,0,0,0.589282297794007
"23609",191,"Ec_N",394,29,29,"Ec",7,0,1,1,0,0,0.589282297794007
"23610",191,"Ec_N",394,30,30,"Ec",7,0,1,1,0,0,0.589282297794007
"23611",191,"Ec_N",394,31,31,"Ec",7,0,1,1,0,0,0.589282297794007
"23612",191,"Ec_N",394,32,32,"Ec",7,0,1,1,0,0,0.589282297794007
"23613",191,"Ec_N",394,33,33,"Ec",7,0,1,1,0,0,0.589282297794007
"23614",191,"Ec_N",394,34,34,"Ec",7,0,1,1,0,0,0.589282297794007
"23615",191,"Ec_N",394,35,35,"Ec",7,0,1,1,0,0,0.589282297794007
"23616",191,"Ec_N",394,36,36,"Ec",7,0,1,1,0,0,0.589282297794007
"23617",191,"Ec_N",394,37,37,"Ec",7,0,1,1,0,0,0.589282297794007
"23618",191,"Ec_N",394,38,38,"Ec",7,0,1,1,0,0,0.589282297794007
"23619",191,"Ec_N",394,39,39,"Ec",7,0,1,1,0,0,0.589282297794007
"23620",191,"Ec_N",394,40,40,"Ec",7,0,1,1,0,0,0.589282297794007
"23621",191,"Ec_N",394,41,41,"Ec",7,0,1,1,0,0,0.589282297794007
"23622",191,"Ec_N",394,42,42,"Ec",7,0,1,1,0,0,0.589282297794007
"23623",191,"Ec_N",394,43,43,"Ec",7,0,1,1,0,0,0.589282297794007
"23624",191,"Ec_N",394,44,44,"Ec",7,0,1,1,0,0,0.589282297794007
"23625",191,"Ec_N",394,45,45,"Ec",7,0,1,1,0,0,0.589282297794007
"23626",191,"Ec_N",394,46,46,"Ec",7,0,1,1,0,0,0.589282297794007
"23627",191,"Ec_N",394,47,47,"Ec",7,0,1,1,0,0,0.589282297794007
"23628",191,"Ec_N",394,48,48,"Ec",7,0,1,1,0,0,0.589282297794007
"23629",191,"Ec_N",394,49,49,"Ec",7,0,1,1,0,0,0.589282297794007
"23630",191,"Ec_N",394,50,50,"Ec",7,0,1,1,0,0,0.589282297794007
"23631",191,"Ec_N",394,51,51,"Ec",7,0,1,1,0,0,0.589282297794007
"23632",191,"Ec_N",394,52,52,"Ec",7,0,1,1,0,0,0.589282297794007
"23633",191,"Ec_N",394,53,53,"Ec",7,0,1,1,0,0,0.589282297794007
"23634",191,"Ec_N",394,54,54,"Ec",7,0,1,1,0,0,0.589282297794007
"23635",191,"Ec_N",394,55,55,"Ec",7,0,1,1,0,0,0.589282297794007
"23636",191,"Ec_N",394,56,56,"Ec",7,0,1,1,0,0,0.589282297794007
"23637",191,"Ec_N",394,57,57,"Ec",7,0,1,1,0,0,0.589282297794007
"23638",191,"Ec_N",394,58,58,"Ec",7,0,1,1,0,0,0.589282297794007
"23639",191,"Ec_N",394,59,59,"Ec",7,0,1,1,0,0,0.589282297794007
"23640",191,"Ec_N",394,60,60,"Ec",7,0,1,1,0,0,0.589282297794007
"23641",191,"Ec_N",395,1,1,"Ec",1,0,0,0,0,0,0
"23642",191,"Ec_N",395,2,2,"Ec",1,0,0,0,0,0,0
"23643",191,"Ec_N",395,3,3,"Ec",5,0,0,1,0,0,0.49313446766664
"23644",191,"Ec_N",395,4,4,"Ec",5,0,0,1,0,0,0.49313446766664
"23645",191,"Ec_N",395,5,5,"Ec",5,0,0,1,0,0,0.49313446766664
"23646",191,"Ec_N",395,6,6,"Ec",5,0,0,1,0,0,0.49313446766664
"23647",191,"Ec_N",395,7,7,"Ec",5,0,0,1,0,0,0.49313446766664
"23648",191,"Ec_N",395,8,8,"Ec",21,0,0,1,0,1,0.726280938342543
"23649",191,"Ec_N",395,9,9,"Ec",21,0,0,1,0,1,0.726280938342543
"23650",191,"Ec_N",395,10,10,"Ec",22,1,0,1,0,1,0.92522428176681
"23651",191,"Ec_N",395,11,11,"Ec",30,1,0,1,1,1,0.958688519948705
"23652",191,"Ec_N",395,12,12,"Ec",30,1,0,1,1,1,0.958688519948705
"23653",191,"Ec_N",395,13,13,"Ec",30,1,0,1,1,1,0.958688519948705
"23654",191,"Ec_N",395,14,14,"Ec",30,1,0,1,1,1,0.958688519948705
"23655",191,"Ec_N",395,15,15,"Ec",30,1,0,1,1,1,0.958688519948705
"23656",191,"Ec_N",395,16,16,"Ec",30,1,0,1,1,1,0.958688519948705
"23657",191,"Ec_N",395,17,17,"Ec",30,1,0,1,1,1,0.958688519948705
"23658",191,"Ec_N",395,18,18,"Ec",30,1,0,1,1,1,0.958688519948705
"23659",191,"Ec_N",395,19,19,"Ec",30,1,0,1,1,1,0.958688519948705
"23660",191,"Ec_N",395,20,20,"Ec",30,1,0,1,1,1,0.958688519948705
"23661",191,"Ec_N",395,21,21,"Ec",30,1,0,1,1,1,0.958688519948705
"23662",191,"Ec_N",395,22,22,"Ec",30,1,0,1,1,1,0.958688519948705
"23663",191,"Ec_N",395,23,23,"Ec",30,1,0,1,1,1,0.958688519948705
"23664",191,"Ec_N",395,24,24,"Ec",30,1,0,1,1,1,0.958688519948705
"23665",191,"Ec_N",395,25,25,"Ec",30,1,0,1,1,1,0.958688519948705
"23666",191,"Ec_N",395,26,26,"Ec",30,1,0,1,1,1,0.958688519948705
"23667",191,"Ec_N",395,27,27,"Ec",30,1,0,1,1,1,0.958688519948705
"23668",191,"Ec_N",395,28,28,"Ec",30,1,0,1,1,1,0.958688519948705
"23669",191,"Ec_N",395,29,29,"Ec",30,1,0,1,1,1,0.958688519948705
"23670",191,"Ec_N",395,30,30,"Ec",30,1,0,1,1,1,0.958688519948705
"23671",191,"Ec_N",395,31,31,"Ec",30,1,0,1,1,1,0.958688519948705
"23672",191,"Ec_N",395,32,32,"Ec",30,1,0,1,1,1,0.958688519948705
"23673",191,"Ec_N",395,33,33,"Ec",30,1,0,1,1,1,0.958688519948705
"23674",191,"Ec_N",395,34,34,"Ec",30,1,0,1,1,1,0.958688519948705
"23675",191,"Ec_N",395,35,35,"Ec",30,1,0,1,1,1,0.958688519948705
"23676",191,"Ec_N",395,36,36,"Ec",30,1,0,1,1,1,0.958688519948705
"23677",191,"Ec_N",395,37,37,"Ec",30,1,0,1,1,1,0.958688519948705
"23678",191,"Ec_N",395,38,38,"Ec",30,1,0,1,1,1,0.958688519948705
"23679",191,"Ec_N",395,39,39,"Ec",30,1,0,1,1,1,0.958688519948705
"23680",191,"Ec_N",395,40,40,"Ec",30,1,0,1,1,1,0.958688519948705
"23681",191,"Ec_N",395,41,41,"Ec",30,1,0,1,1,1,0.958688519948705
"23682",191,"Ec_N",395,42,42,"Ec",30,1,0,1,1,1,0.958688519948705
"23683",191,"Ec_N",395,43,43,"Ec",30,1,0,1,1,1,0.958688519948705
"23684",191,"Ec_N",395,44,44,"Ec",30,1,0,1,1,1,0.958688519948705
"23685",191,"Ec_N",395,45,45,"Ec",30,1,0,1,1,1,0.958688519948705
"23686",191,"Ec_N",395,46,46,"Ec",30,1,0,1,1,1,0.958688519948705
"23687",191,"Ec_N",395,47,47,"Ec",30,1,0,1,1,1,0.958688519948705
"23688",191,"Ec_N",395,48,48,"Ec",30,1,0,1,1,1,0.958688519948705
"23689",191,"Ec_N",395,49,49,"Ec",30,1,0,1,1,1,0.958688519948705
"23690",191,"Ec_N",395,50,50,"Ec",32,1,1,1,1,1,1
"23691",191,"Ec_N",395,51,51,"Ec",32,1,1,1,1,1,1
"23692",191,"Ec_N",395,52,52,"Ec",32,1,1,1,1,1,1
"23693",191,"Ec_N",395,53,53,"Ec",32,1,1,1,1,1,1
"23694",191,"Ec_N",395,54,54,"Ec",32,1,1,1,1,1,1
"23695",191,"Ec_N",395,55,55,"Ec",32,1,1,1,1,1,1
"23696",191,"Ec_N",395,56,56,"Ec",32,1,1,1,1,1,1
"23697",191,"Ec_N",395,57,57,"Ec",32,1,1,1,1,1,1
"23698",191,"Ec_N",395,58,58,"Ec",32,1,1,1,1,1,1
"23699",191,"Ec_N",395,59,59,"Ec",32,1,1,1,1,1,1
"23700",191,"Ec_N",395,60,60,"Ec",32,1,1,1,1,1,1
"23701",191,"Ec_N",396,1,1,"Ec",1,0,0,0,0,0,0
"23702",191,"Ec_N",396,2,2,"Ec",1,0,0,0,0,0,0
"23703",191,"Ec_N",396,3,3,"Ec",1,0,0,0,0,0,0
"23704",191,"Ec_N",396,4,4,"Ec",1,0,0,0,0,0,0
"23705",191,"Ec_N",396,5,5,"Ec",1,0,0,0,0,0,0
"23706",191,"Ec_N",396,6,6,"Ec",2,1,0,0,0,0,0.198020370545937
"23707",191,"Ec_N",396,7,7,"Ec",2,1,0,0,0,0,0.198020370545937
"23708",191,"Ec_N",396,8,8,"Ec",2,1,0,0,0,0,0.198020370545937
"23709",191,"Ec_N",396,9,9,"Ec",2,1,0,0,0,0,0.198020370545937
"23710",191,"Ec_N",396,10,10,"Ec",2,1,0,0,0,0,0.198020370545937
"23711",191,"Ec_N",396,11,11,"Ec",2,1,0,0,0,0,0.198020370545937
"23712",191,"Ec_N",396,12,12,"Ec",2,1,0,0,0,0,0.198020370545937
"23713",191,"Ec_N",396,13,13,"Ec",2,1,0,0,0,0,0.198020370545937
"23714",191,"Ec_N",396,14,14,"Ec",2,1,0,0,0,0,0.198020370545937
"23715",191,"Ec_N",396,15,15,"Ec",10,1,0,0,1,0,0.228562363617893
"23716",191,"Ec_N",396,16,16,"Ec",10,1,0,0,1,0,0.228562363617893
"23717",191,"Ec_N",396,17,17,"Ec",10,1,0,0,1,0,0.228562363617893
"23718",191,"Ec_N",396,18,18,"Ec",10,1,0,0,1,0,0.228562363617893
"23719",191,"Ec_N",396,19,19,"Ec",10,1,0,0,1,0,0.228562363617893
"23720",191,"Ec_N",396,20,20,"Ec",10,1,0,0,1,0,0.228562363617893
"23721",191,"Ec_N",396,21,21,"Ec",10,1,0,0,1,0,0.228562363617893
"23722",191,"Ec_N",396,22,22,"Ec",10,1,0,0,1,0,0.228562363617893
"23723",191,"Ec_N",396,23,23,"Ec",10,1,0,0,1,0,0.228562363617893
"23724",191,"Ec_N",396,24,24,"Ec",10,1,0,0,1,0,0.228562363617893
"23725",191,"Ec_N",396,25,25,"Ec",10,1,0,0,1,0,0.228562363617893
"23726",191,"Ec_N",396,26,26,"Ec",10,1,0,0,1,0,0.228562363617893
"23727",191,"Ec_N",396,27,27,"Ec",10,1,0,0,1,0,0.228562363617893
"23728",191,"Ec_N",396,28,28,"Ec",10,1,0,0,1,0,0.228562363617893
"23729",191,"Ec_N",396,29,29,"Ec",10,1,0,0,1,0,0.228562363617893
"23730",191,"Ec_N",396,30,30,"Ec",10,1,0,0,1,0,0.228562363617893
"23731",191,"Ec_N",396,31,31,"Ec",10,1,0,0,1,0,0.228562363617893
"23732",191,"Ec_N",396,32,32,"Ec",10,1,0,0,1,0,0.228562363617893
"23733",191,"Ec_N",396,33,33,"Ec",14,1,0,1,1,0,0.746777083195453
"23734",191,"Ec_N",396,34,34,"Ec",14,1,0,1,1,0,0.746777083195453
"23735",191,"Ec_N",396,35,35,"Ec",14,1,0,1,1,0,0.746777083195453
"23736",191,"Ec_N",396,36,36,"Ec",14,1,0,1,1,0,0.746777083195453
"23737",191,"Ec_N",396,37,37,"Ec",14,1,0,1,1,0,0.746777083195453
"23738",191,"Ec_N",396,38,38,"Ec",14,1,0,1,1,0,0.746777083195453
"23739",191,"Ec_N",396,39,39,"Ec",14,1,0,1,1,0,0.746777083195453
"23740",191,"Ec_N",396,40,40,"Ec",14,1,0,1,1,0,0.746777083195453
"23741",191,"Ec_N",396,41,41,"Ec",14,1,0,1,1,0,0.746777083195453
"23742",191,"Ec_N",396,42,42,"Ec",14,1,0,1,1,0,0.746777083195453
"23743",191,"Ec_N",396,43,43,"Ec",14,1,0,1,1,0,0.746777083195453
"23744",191,"Ec_N",396,44,44,"Ec",14,1,0,1,1,0,0.746777083195453
"23745",191,"Ec_N",396,45,45,"Ec",14,1,0,1,1,0,0.746777083195453
"23746",191,"Ec_N",396,46,46,"Ec",14,1,0,1,1,0,0.746777083195453
"23747",191,"Ec_N",396,47,47,"Ec",14,1,0,1,1,0,0.746777083195453
"23748",191,"Ec_N",396,48,48,"Ec",14,1,0,1,1,0,0.746777083195453
"23749",191,"Ec_N",396,49,49,"Ec",14,1,0,1,1,0,0.746777083195453
"23750",191,"Ec_N",396,50,50,"Ec",14,1,0,1,1,0,0.746777083195453
"23751",191,"Ec_N",396,51,51,"Ec",14,1,0,1,1,0,0.746777083195453
"23752",191,"Ec_N",396,52,52,"Ec",14,1,0,1,1,0,0.746777083195453
"23753",191,"Ec_N",396,53,53,"Ec",14,1,0,1,1,0,0.746777083195453
"23754",191,"Ec_N",396,54,54,"Ec",14,1,0,1,1,0,0.746777083195453
"23755",191,"Ec_N",396,55,55,"Ec",14,1,0,1,1,0,0.746777083195453
"23756",191,"Ec_N",396,56,56,"Ec",14,1,0,1,1,0,0.746777083195453
"23757",191,"Ec_N",396,57,57,"Ec",14,1,0,1,1,0,0.746777083195453
"23758",191,"Ec_N",396,58,58,"Ec",14,1,0,1,1,0,0.746777083195453
"23759",191,"Ec_N",396,59,59,"Ec",14,1,0,1,1,0,0.746777083195453
"23760",191,"Ec_N",396,60,60,"Ec",14,1,0,1,1,0,0.746777083195453
"23761",191,"Ec_N",397,1,1,"Ec",1,0,0,0,0,0,0
"23762",191,"Ec_N",397,2,2,"Ec",1,0,0,0,0,0,0
"23763",191,"Ec_N",397,3,3,"Ec",1,0,0,0,0,0,0
"23764",191,"Ec_N",397,4,4,"Ec",1,0,0,0,0,0,0
"23765",191,"Ec_N",397,5,5,"Ec",1,0,0,0,0,0,0
"23766",191,"Ec_N",397,6,6,"Ec",1,0,0,0,0,0,0
"23767",191,"Ec_N",397,7,7,"Ec",1,0,0,0,0,0,0
"23768",191,"Ec_N",397,8,8,"Ec",1,0,0,0,0,0,0
"23769",191,"Ec_N",397,9,9,"Ec",1,0,0,0,0,0,0
"23770",191,"Ec_N",397,10,10,"Ec",1,0,0,0,0,0,0
"23771",191,"Ec_N",397,11,11,"Ec",2,1,0,0,0,0,0.198020370545937
"23772",191,"Ec_N",397,12,12,"Ec",2,1,0,0,0,0,0.198020370545937
"23773",191,"Ec_N",397,13,13,"Ec",2,1,0,0,0,0,0.198020370545937
"23774",191,"Ec_N",397,14,14,"Ec",2,1,0,0,0,0,0.198020370545937
"23775",191,"Ec_N",397,15,15,"Ec",2,1,0,0,0,0,0.198020370545937
"23776",191,"Ec_N",397,16,16,"Ec",2,1,0,0,0,0,0.198020370545937
"23777",191,"Ec_N",397,17,17,"Ec",2,1,0,0,0,0,0.198020370545937
"23778",191,"Ec_N",397,18,18,"Ec",18,1,0,0,0,1,0.646504780524047
"23779",191,"Ec_N",397,19,19,"Ec",18,1,0,0,0,1,0.646504780524047
"23780",191,"Ec_N",397,20,20,"Ec",18,1,0,0,0,1,0.646504780524047
"23781",191,"Ec_N",397,21,21,"Ec",18,1,0,0,0,1,0.646504780524047
"23782",191,"Ec_N",397,22,22,"Ec",22,1,0,1,0,1,0.92522428176681
"23783",191,"Ec_N",397,23,23,"Ec",22,1,0,1,0,1,0.92522428176681
"23784",191,"Ec_N",397,24,24,"Ec",22,1,0,1,0,1,0.92522428176681
"23785",191,"Ec_N",397,25,25,"Ec",22,1,0,1,0,1,0.92522428176681
"23786",191,"Ec_N",397,26,26,"Ec",22,1,0,1,0,1,0.92522428176681
"23787",191,"Ec_N",397,27,27,"Ec",22,1,0,1,0,1,0.92522428176681
"23788",191,"Ec_N",397,28,28,"Ec",22,1,0,1,0,1,0.92522428176681
"23789",191,"Ec_N",397,29,29,"Ec",22,1,0,1,0,1,0.92522428176681
"23790",191,"Ec_N",397,30,30,"Ec",22,1,0,1,0,1,0.92522428176681
"23791",191,"Ec_N",397,31,31,"Ec",22,1,0,1,0,1,0.92522428176681
"23792",191,"Ec_N",397,32,32,"Ec",22,1,0,1,0,1,0.92522428176681
"23793",191,"Ec_N",397,33,33,"Ec",22,1,0,1,0,1,0.92522428176681
"23794",191,"Ec_N",397,34,34,"Ec",22,1,0,1,0,1,0.92522428176681
"23795",191,"Ec_N",397,35,35,"Ec",22,1,0,1,0,1,0.92522428176681
"23796",191,"Ec_N",397,36,36,"Ec",22,1,0,1,0,1,0.92522428176681
"23797",191,"Ec_N",397,37,37,"Ec",22,1,0,1,0,1,0.92522428176681
"23798",191,"Ec_N",397,38,38,"Ec",24,1,1,1,0,1,0.969458006928044
"23799",191,"Ec_N",397,39,39,"Ec",24,1,1,1,0,1,0.969458006928044
"23800",191,"Ec_N",397,40,40,"Ec",24,1,1,1,0,1,0.969458006928044
"23801",191,"Ec_N",397,41,41,"Ec",24,1,1,1,0,1,0.969458006928044
"23802",191,"Ec_N",397,42,42,"Ec",24,1,1,1,0,1,0.969458006928044
"23803",191,"Ec_N",397,43,43,"Ec",24,1,1,1,0,1,0.969458006928044
"23804",191,"Ec_N",397,44,44,"Ec",24,1,1,1,0,1,0.969458006928044
"23805",191,"Ec_N",397,45,45,"Ec",24,1,1,1,0,1,0.969458006928044
"23806",191,"Ec_N",397,46,46,"Ec",24,1,1,1,0,1,0.969458006928044
"23807",191,"Ec_N",397,47,47,"Ec",24,1,1,1,0,1,0.969458006928044
"23808",191,"Ec_N",397,48,48,"Ec",24,1,1,1,0,1,0.969458006928044
"23809",191,"Ec_N",397,49,49,"Ec",24,1,1,1,0,1,0.969458006928044
"23810",191,"Ec_N",397,50,50,"Ec",24,1,1,1,0,1,0.969458006928044
"23811",191,"Ec_N",397,51,51,"Ec",24,1,1,1,0,1,0.969458006928044
"23812",191,"Ec_N",397,52,52,"Ec",32,1,1,1,1,1,1
"23813",191,"Ec_N",397,53,53,"Ec",32,1,1,1,1,1,1
"23814",191,"Ec_N",397,54,54,"Ec",32,1,1,1,1,1,1
"23815",191,"Ec_N",397,55,55,"Ec",32,1,1,1,1,1,1
"23816",191,"Ec_N",397,56,56,"Ec",32,1,1,1,1,1,1
"23817",191,"Ec_N",397,57,57,"Ec",32,1,1,1,1,1,1
"23818",191,"Ec_N",397,58,58,"Ec",32,1,1,1,1,1,1
"23819",191,"Ec_N",397,59,59,"Ec",32,1,1,1,1,1,1
"23820",191,"Ec_N",397,60,60,"Ec",32,1,1,1,1,1,1
"23821",191,"Ec_N",398,1,1,"Ec",1,0,0,0,0,0,0
"23822",191,"Ec_N",398,2,2,"Ec",1,0,0,0,0,0,0
"23823",191,"Ec_N",398,3,3,"Ec",1,0,0,0,0,0,0
"23824",191,"Ec_N",398,4,4,"Ec",1,0,0,0,0,0,0
"23825",191,"Ec_N",398,5,5,"Ec",1,0,0,0,0,0,0
"23826",191,"Ec_N",398,6,6,"Ec",1,0,0,0,0,0,0
"23827",191,"Ec_N",398,7,7,"Ec",1,0,0,0,0,0,0
"23828",191,"Ec_N",398,8,8,"Ec",1,0,0,0,0,0,0
"23829",191,"Ec_N",398,9,9,"Ec",1,0,0,0,0,0,0
"23830",191,"Ec_N",398,10,10,"Ec",1,0,0,0,0,0,0
"23831",191,"Ec_N",398,11,11,"Ec",1,0,0,0,0,0,0
"23832",191,"Ec_N",398,12,12,"Ec",17,0,0,0,0,1,0.229834113103391
"23833",191,"Ec_N",398,13,13,"Ec",17,0,0,0,0,1,0.229834113103391
"23834",191,"Ec_N",398,14,14,"Ec",17,0,0,0,0,1,0.229834113103391
"23835",191,"Ec_N",398,15,15,"Ec",17,0,0,0,0,1,0.229834113103391
"23836",191,"Ec_N",398,16,16,"Ec",17,0,0,0,0,1,0.229834113103391
"23837",191,"Ec_N",398,17,17,"Ec",17,0,0,0,0,1,0.229834113103391
"23838",191,"Ec_N",398,18,18,"Ec",18,1,0,0,0,1,0.646504780524047
"23839",191,"Ec_N",398,19,19,"Ec",18,1,0,0,0,1,0.646504780524047
"23840",191,"Ec_N",398,20,20,"Ec",18,1,0,0,0,1,0.646504780524047
"23841",191,"Ec_N",398,21,21,"Ec",22,1,0,1,0,1,0.92522428176681
"23842",191,"Ec_N",398,22,22,"Ec",22,1,0,1,0,1,0.92522428176681
"23843",191,"Ec_N",398,23,23,"Ec",22,1,0,1,0,1,0.92522428176681
"23844",191,"Ec_N",398,24,24,"Ec",22,1,0,1,0,1,0.92522428176681
"23845",191,"Ec_N",398,25,25,"Ec",22,1,0,1,0,1,0.92522428176681
"23846",191,"Ec_N",398,26,26,"Ec",22,1,0,1,0,1,0.92522428176681
"23847",191,"Ec_N",398,27,27,"Ec",22,1,0,1,0,1,0.92522428176681
"23848",191,"Ec_N",398,28,28,"Ec",22,1,0,1,0,1,0.92522428176681
"23849",191,"Ec_N",398,29,29,"Ec",22,1,0,1,0,1,0.92522428176681
"23850",191,"Ec_N",398,30,30,"Ec",22,1,0,1,0,1,0.92522428176681
"23851",191,"Ec_N",398,31,31,"Ec",22,1,0,1,0,1,0.92522428176681
"23852",191,"Ec_N",398,32,32,"Ec",22,1,0,1,0,1,0.92522428176681
"23853",191,"Ec_N",398,33,33,"Ec",30,1,0,1,1,1,0.958688519948705
"23854",191,"Ec_N",398,34,34,"Ec",30,1,0,1,1,1,0.958688519948705
"23855",191,"Ec_N",398,35,35,"Ec",30,1,0,1,1,1,0.958688519948705
"23856",191,"Ec_N",398,36,36,"Ec",30,1,0,1,1,1,0.958688519948705
"23857",191,"Ec_N",398,37,37,"Ec",30,1,0,1,1,1,0.958688519948705
"23858",191,"Ec_N",398,38,38,"Ec",30,1,0,1,1,1,0.958688519948705
"23859",191,"Ec_N",398,39,39,"Ec",30,1,0,1,1,1,0.958688519948705
"23860",191,"Ec_N",398,40,40,"Ec",30,1,0,1,1,1,0.958688519948705
"23861",191,"Ec_N",398,41,41,"Ec",30,1,0,1,1,1,0.958688519948705
"23862",191,"Ec_N",398,42,42,"Ec",30,1,0,1,1,1,0.958688519948705
"23863",191,"Ec_N",398,43,43,"Ec",30,1,0,1,1,1,0.958688519948705
"23864",191,"Ec_N",398,44,44,"Ec",30,1,0,1,1,1,0.958688519948705
"23865",191,"Ec_N",398,45,45,"Ec",30,1,0,1,1,1,0.958688519948705
"23866",191,"Ec_N",398,46,46,"Ec",30,1,0,1,1,1,0.958688519948705
"23867",191,"Ec_N",398,47,47,"Ec",30,1,0,1,1,1,0.958688519948705
"23868",191,"Ec_N",398,48,48,"Ec",30,1,0,1,1,1,0.958688519948705
"23869",191,"Ec_N",398,49,49,"Ec",30,1,0,1,1,1,0.958688519948705
"23870",191,"Ec_N",398,50,50,"Ec",30,1,0,1,1,1,0.958688519948705
"23871",191,"Ec_N",398,51,51,"Ec",30,1,0,1,1,1,0.958688519948705
"23872",191,"Ec_N",398,52,52,"Ec",30,1,0,1,1,1,0.958688519948705
"23873",191,"Ec_N",398,53,53,"Ec",30,1,0,1,1,1,0.958688519948705
"23874",191,"Ec_N",398,54,54,"Ec",30,1,0,1,1,1,0.958688519948705
"23875",191,"Ec_N",398,55,55,"Ec",30,1,0,1,1,1,0.958688519948705
"23876",191,"Ec_N",398,56,56,"Ec",30,1,0,1,1,1,0.958688519948705
"23877",191,"Ec_N",398,57,57,"Ec",30,1,0,1,1,1,0.958688519948705
"23878",191,"Ec_N",398,58,58,"Ec",30,1,0,1,1,1,0.958688519948705
"23879",191,"Ec_N",398,59,59,"Ec",30,1,0,1,1,1,0.958688519948705
"23880",191,"Ec_N",398,60,60,"Ec",30,1,0,1,1,1,0.958688519948705
"23881",191,"Ec_N",399,1,1,"Ec",1,0,0,0,0,0,0
"23882",191,"Ec_N",399,2,2,"Ec",17,0,0,0,0,1,0.229834113103391
"23883",191,"Ec_N",399,3,3,"Ec",19,0,1,0,0,1,0.427300415500348
"23884",191,"Ec_N",399,4,4,"Ec",19,0,1,0,0,1,0.427300415500348
"23885",191,"Ec_N",399,5,5,"Ec",19,0,1,0,0,1,0.427300415500348
"23886",191,"Ec_N",399,6,6,"Ec",19,0,1,0,0,1,0.427300415500348
"23887",191,"Ec_N",399,7,7,"Ec",20,1,1,0,0,1,0.610298755308086
"23888",191,"Ec_N",399,8,8,"Ec",20,1,1,0,0,1,0.610298755308086
"23889",191,"Ec_N",399,9,9,"Ec",20,1,1,0,0,1,0.610298755308086
"23890",191,"Ec_N",399,10,10,"Ec",20,1,1,0,0,1,0.610298755308086
"23891",191,"Ec_N",399,11,11,"Ec",20,1,1,0,0,1,0.610298755308086
"23892",191,"Ec_N",399,12,12,"Ec",20,1,1,0,0,1,0.610298755308086
"23893",191,"Ec_N",399,13,13,"Ec",20,1,1,0,0,1,0.610298755308086
"23894",191,"Ec_N",399,14,14,"Ec",20,1,1,0,0,1,0.610298755308086
"23895",191,"Ec_N",399,15,15,"Ec",20,1,1,0,0,1,0.610298755308086
"23896",191,"Ec_N",399,16,16,"Ec",24,1,1,1,0,1,0.969458006928044
"23897",191,"Ec_N",399,17,17,"Ec",24,1,1,1,0,1,0.969458006928044
"23898",191,"Ec_N",399,18,18,"Ec",24,1,1,1,0,1,0.969458006928044
"23899",191,"Ec_N",399,19,19,"Ec",24,1,1,1,0,1,0.969458006928044
"23900",191,"Ec_N",399,20,20,"Ec",24,1,1,1,0,1,0.969458006928044
"23901",191,"Ec_N",399,21,21,"Ec",24,1,1,1,0,1,0.969458006928044
"23902",191,"Ec_N",399,22,22,"Ec",24,1,1,1,0,1,0.969458006928044
"23903",191,"Ec_N",399,23,23,"Ec",24,1,1,1,0,1,0.969458006928044
"23904",191,"Ec_N",399,24,24,"Ec",24,1,1,1,0,1,0.969458006928044
"23905",191,"Ec_N",399,25,25,"Ec",24,1,1,1,0,1,0.969458006928044
"23906",191,"Ec_N",399,26,26,"Ec",24,1,1,1,0,1,0.969458006928044
"23907",191,"Ec_N",399,27,27,"Ec",24,1,1,1,0,1,0.969458006928044
"23908",191,"Ec_N",399,28,28,"Ec",24,1,1,1,0,1,0.969458006928044
"23909",191,"Ec_N",399,29,29,"Ec",24,1,1,1,0,1,0.969458006928044
"23910",191,"Ec_N",399,30,30,"Ec",24,1,1,1,0,1,0.969458006928044
"23911",191,"Ec_N",399,31,31,"Ec",24,1,1,1,0,1,0.969458006928044
"23912",191,"Ec_N",399,32,32,"Ec",24,1,1,1,0,1,0.969458006928044
"23913",191,"Ec_N",399,33,33,"Ec",24,1,1,1,0,1,0.969458006928044
"23914",191,"Ec_N",399,34,34,"Ec",24,1,1,1,0,1,0.969458006928044
"23915",191,"Ec_N",399,35,35,"Ec",24,1,1,1,0,1,0.969458006928044
"23916",191,"Ec_N",399,36,36,"Ec",24,1,1,1,0,1,0.969458006928044
"23917",191,"Ec_N",399,37,37,"Ec",24,1,1,1,0,1,0.969458006928044
"23918",191,"Ec_N",399,38,38,"Ec",24,1,1,1,0,1,0.969458006928044
"23919",191,"Ec_N",399,39,39,"Ec",24,1,1,1,0,1,0.969458006928044
"23920",191,"Ec_N",399,40,40,"Ec",24,1,1,1,0,1,0.969458006928044
"23921",191,"Ec_N",399,41,41,"Ec",24,1,1,1,0,1,0.969458006928044
"23922",191,"Ec_N",399,42,42,"Ec",24,1,1,1,0,1,0.969458006928044
"23923",191,"Ec_N",399,43,43,"Ec",24,1,1,1,0,1,0.969458006928044
"23924",191,"Ec_N",399,44,44,"Ec",24,1,1,1,0,1,0.969458006928044
"23925",191,"Ec_N",399,45,45,"Ec",24,1,1,1,0,1,0.969458006928044
"23926",191,"Ec_N",399,46,46,"Ec",24,1,1,1,0,1,0.969458006928044
"23927",191,"Ec_N",399,47,47,"Ec",24,1,1,1,0,1,0.969458006928044
"23928",191,"Ec_N",399,48,48,"Ec",24,1,1,1,0,1,0.969458006928044
"23929",191,"Ec_N",399,49,49,"Ec",24,1,1,1,0,1,0.969458006928044
"23930",191,"Ec_N",399,50,50,"Ec",24,1,1,1,0,1,0.969458006928044
"23931",191,"Ec_N",399,51,51,"Ec",24,1,1,1,0,1,0.969458006928044
"23932",191,"Ec_N",399,52,52,"Ec",24,1,1,1,0,1,0.969458006928044
"23933",191,"Ec_N",399,53,53,"Ec",24,1,1,1,0,1,0.969458006928044
"23934",191,"Ec_N",399,54,54,"Ec",24,1,1,1,0,1,0.969458006928044
"23935",191,"Ec_N",399,55,55,"Ec",24,1,1,1,0,1,0.969458006928044
"23936",191,"Ec_N",399,56,56,"Ec",24,1,1,1,0,1,0.969458006928044
"23937",191,"Ec_N",399,57,57,"Ec",24,1,1,1,0,1,0.969458006928044
"23938",191,"Ec_N",399,58,58,"Ec",24,1,1,1,0,1,0.969458006928044
"23939",191,"Ec_N",399,59,59,"Ec",24,1,1,1,0,1,0.969458006928044
"23940",191,"Ec_N",399,60,60,"Ec",32,1,1,1,1,1,1
"23941",191,"Ec_N",400,1,1,"Ec",1,0,0,0,0,0,0
"23942",191,"Ec_N",400,2,2,"Ec",1,0,0,0,0,0,0
"23943",191,"Ec_N",400,3,3,"Ec",1,0,0,0,0,0,0
"23944",191,"Ec_N",400,4,4,"Ec",1,0,0,0,0,0,0
"23945",191,"Ec_N",400,5,5,"Ec",17,0,0,0,0,1,0.229834113103391
"23946",191,"Ec_N",400,6,6,"Ec",17,0,0,0,0,1,0.229834113103391
"23947",191,"Ec_N",400,7,7,"Ec",17,0,0,0,0,1,0.229834113103391
"23948",191,"Ec_N",400,8,8,"Ec",17,0,0,0,0,1,0.229834113103391
"23949",191,"Ec_N",400,9,9,"Ec",17,0,0,0,0,1,0.229834113103391
"23950",191,"Ec_N",400,10,10,"Ec",17,0,0,0,0,1,0.229834113103391
"23951",191,"Ec_N",400,11,11,"Ec",17,0,0,0,0,1,0.229834113103391
"23952",191,"Ec_N",400,12,12,"Ec",17,0,0,0,0,1,0.229834113103391
"23953",191,"Ec_N",400,13,13,"Ec",18,1,0,0,0,1,0.646504780524047
"23954",191,"Ec_N",400,14,14,"Ec",18,1,0,0,0,1,0.646504780524047
"23955",191,"Ec_N",400,15,15,"Ec",18,1,0,0,0,1,0.646504780524047
"23956",191,"Ec_N",400,16,16,"Ec",18,1,0,0,0,1,0.646504780524047
"23957",191,"Ec_N",400,17,17,"Ec",18,1,0,0,0,1,0.646504780524047
"23958",191,"Ec_N",400,18,18,"Ec",18,1,0,0,0,1,0.646504780524047
"23959",191,"Ec_N",400,19,19,"Ec",18,1,0,0,0,1,0.646504780524047
"23960",191,"Ec_N",400,20,20,"Ec",18,1,0,0,0,1,0.646504780524047
"23961",191,"Ec_N",400,21,21,"Ec",18,1,0,0,0,1,0.646504780524047
"23962",191,"Ec_N",400,22,22,"Ec",18,1,0,0,0,1,0.646504780524047
"23963",191,"Ec_N",400,23,23,"Ec",18,1,0,0,0,1,0.646504780524047
"23964",191,"Ec_N",400,24,24,"Ec",18,1,0,0,0,1,0.646504780524047
"23965",191,"Ec_N",400,25,25,"Ec",18,1,0,0,0,1,0.646504780524047
"23966",191,"Ec_N",400,26,26,"Ec",18,1,0,0,0,1,0.646504780524047
"23967",191,"Ec_N",400,27,27,"Ec",18,1,0,0,0,1,0.646504780524047
"23968",191,"Ec_N",400,28,28,"Ec",22,1,0,1,0,1,0.92522428176681
"23969",191,"Ec_N",400,29,29,"Ec",22,1,0,1,0,1,0.92522428176681
"23970",191,"Ec_N",400,30,30,"Ec",22,1,0,1,0,1,0.92522428176681
"23971",191,"Ec_N",400,31,31,"Ec",22,1,0,1,0,1,0.92522428176681
"23972",191,"Ec_N",400,32,32,"Ec",22,1,0,1,0,1,0.92522428176681
"23973",191,"Ec_N",400,33,33,"Ec",22,1,0,1,0,1,0.92522428176681
"23974",191,"Ec_N",400,34,34,"Ec",22,1,0,1,0,1,0.92522428176681
"23975",191,"Ec_N",400,35,35,"Ec",22,1,0,1,0,1,0.92522428176681
"23976",191,"Ec_N",400,36,36,"Ec",22,1,0,1,0,1,0.92522428176681
"23977",191,"Ec_N",400,37,37,"Ec",22,1,0,1,0,1,0.92522428176681
"23978",191,"Ec_N",400,38,38,"Ec",30,1,0,1,1,1,0.958688519948705
"23979",191,"Ec_N",400,39,39,"Ec",30,1,0,1,1,1,0.958688519948705
"23980",191,"Ec_N",400,40,40,"Ec",30,1,0,1,1,1,0.958688519948705
"23981",191,"Ec_N",400,41,41,"Ec",30,1,0,1,1,1,0.958688519948705
"23982",191,"Ec_N",400,42,42,"Ec",30,1,0,1,1,1,0.958688519948705
"23983",191,"Ec_N",400,43,43,"Ec",30,1,0,1,1,1,0.958688519948705
"23984",191,"Ec_N",400,44,44,"Ec",30,1,0,1,1,1,0.958688519948705
"23985",191,"Ec_N",400,45,45,"Ec",30,1,0,1,1,1,0.958688519948705
"23986",191,"Ec_N",400,46,46,"Ec",30,1,0,1,1,1,0.958688519948705
"23987",191,"Ec_N",400,47,47,"Ec",30,1,0,1,1,1,0.958688519948705
"23988",191,"Ec_N",400,48,48,"Ec",30,1,0,1,1,1,0.958688519948705
"23989",191,"Ec_N",400,49,49,"Ec",30,1,0,1,1,1,0.958688519948705
"23990",191,"Ec_N",400,50,50,"Ec",32,1,1,1,1,1,1
"23991",191,"Ec_N",400,51,51,"Ec",32,1,1,1,1,1,1
"23992",191,"Ec_N",400,52,52,"Ec",32,1,1,1,1,1,1
"23993",191,"Ec_N",400,53,53,"Ec",32,1,1,1,1,1,1
"23994",191,"Ec_N",400,54,54,"Ec",32,1,1,1,1,1,1
"23995",191,"Ec_N",400,55,55,"Ec",32,1,1,1,1,1,1
"23996",191,"Ec_N",400,56,56,"Ec",32,1,1,1,1,1,1
"23997",191,"Ec_N",400,57,57,"Ec",32,1,1,1,1,1,1
"23998",191,"Ec_N",400,58,58,"Ec",32,1,1,1,1,1,1
"23999",191,"Ec_N",400,59,59,"Ec",32,1,1,1,1,1,1
"24000",191,"Ec_N",400,60,60,"Ec",32,1,1,1,1,1,1
"24001",191,"Ec_N",401,1,1,"Ec",1,0,0,0,0,0,0
"24002",191,"Ec_N",401,2,2,"Ec",2,1,0,0,0,0,0.198020370545937
"24003",191,"Ec_N",401,3,3,"Ec",2,1,0,0,0,0,0.198020370545937
"24004",191,"Ec_N",401,4,4,"Ec",2,1,0,0,0,0,0.198020370545937
"24005",191,"Ec_N",401,5,5,"Ec",2,1,0,0,0,0,0.198020370545937
"24006",191,"Ec_N",401,6,6,"Ec",2,1,0,0,0,0,0.198020370545937
"24007",191,"Ec_N",401,7,7,"Ec",2,1,0,0,0,0,0.198020370545937
"24008",191,"Ec_N",401,8,8,"Ec",2,1,0,0,0,0,0.198020370545937
"24009",191,"Ec_N",401,9,9,"Ec",4,1,1,0,0,0,0.239331850597232
"24010",191,"Ec_N",401,10,10,"Ec",4,1,1,0,0,0,0.239331850597232
"24011",191,"Ec_N",401,11,11,"Ec",4,1,1,0,0,0,0.239331850597232
"24012",191,"Ec_N",401,12,12,"Ec",4,1,1,0,0,0,0.239331850597232
"24013",191,"Ec_N",401,13,13,"Ec",12,1,1,0,1,0,0.259780205416137
"24014",191,"Ec_N",401,14,14,"Ec",12,1,1,0,1,0,0.259780205416137
"24015",191,"Ec_N",401,15,15,"Ec",12,1,1,0,1,0,0.259780205416137
"24016",191,"Ec_N",401,16,16,"Ec",12,1,1,0,1,0,0.259780205416137
"24017",191,"Ec_N",401,17,17,"Ec",16,1,1,1,1,0,0.456015583082203
"24018",191,"Ec_N",401,18,18,"Ec",16,1,1,1,1,0,0.456015583082203
"24019",191,"Ec_N",401,19,19,"Ec",16,1,1,1,1,0,0.456015583082203
"24020",191,"Ec_N",401,20,20,"Ec",16,1,1,1,1,0,0.456015583082203
"24021",191,"Ec_N",401,21,21,"Ec",8,1,1,1,0,0,0.583469071478991
"24022",191,"Ec_N",401,22,22,"Ec",8,1,1,1,0,0,0.583469071478991
"24023",191,"Ec_N",401,23,23,"Ec",8,1,1,1,0,0,0.583469071478991
"24024",191,"Ec_N",401,24,24,"Ec",8,1,1,1,0,0,0.583469071478991
"24025",191,"Ec_N",401,25,25,"Ec",8,1,1,1,0,0,0.583469071478991
"24026",191,"Ec_N",401,26,26,"Ec",8,1,1,1,0,0,0.583469071478991
"24027",191,"Ec_N",401,27,27,"Ec",8,1,1,1,0,0,0.583469071478991
"24028",191,"Ec_N",401,28,28,"Ec",8,1,1,1,0,0,0.583469071478991
"24029",191,"Ec_N",401,29,29,"Ec",8,1,1,1,0,0,0.583469071478991
"24030",191,"Ec_N",401,30,30,"Ec",8,1,1,1,0,0,0.583469071478991
"24031",191,"Ec_N",401,31,31,"Ec",8,1,1,1,0,0,0.583469071478991
"24032",191,"Ec_N",401,32,32,"Ec",8,1,1,1,0,0,0.583469071478991
"24033",191,"Ec_N",401,33,33,"Ec",8,1,1,1,0,0,0.583469071478991
"24034",191,"Ec_N",401,34,34,"Ec",8,1,1,1,0,0,0.583469071478991
"24035",191,"Ec_N",401,35,35,"Ec",8,1,1,1,0,0,0.583469071478991
"24036",191,"Ec_N",401,36,36,"Ec",8,1,1,1,0,0,0.583469071478991
"24037",191,"Ec_N",401,37,37,"Ec",8,1,1,1,0,0,0.583469071478991
"24038",191,"Ec_N",401,38,38,"Ec",8,1,1,1,0,0,0.583469071478991
"24039",191,"Ec_N",401,39,39,"Ec",8,1,1,1,0,0,0.583469071478991
"24040",191,"Ec_N",401,40,40,"Ec",8,1,1,1,0,0,0.583469071478991
"24041",191,"Ec_N",401,41,41,"Ec",8,1,1,1,0,0,0.583469071478991
"24042",191,"Ec_N",401,42,42,"Ec",8,1,1,1,0,0,0.583469071478991
"24043",191,"Ec_N",401,43,43,"Ec",8,1,1,1,0,0,0.583469071478991
"24044",191,"Ec_N",401,44,44,"Ec",8,1,1,1,0,0,0.583469071478991
"24045",191,"Ec_N",401,45,45,"Ec",8,1,1,1,0,0,0.583469071478991
"24046",191,"Ec_N",401,46,46,"Ec",8,1,1,1,0,0,0.583469071478991
"24047",191,"Ec_N",401,47,47,"Ec",8,1,1,1,0,0,0.583469071478991
"24048",191,"Ec_N",401,48,48,"Ec",8,1,1,1,0,0,0.583469071478991
"24049",191,"Ec_N",401,49,49,"Ec",8,1,1,1,0,0,0.583469071478991
"24050",191,"Ec_N",401,50,50,"Ec",8,1,1,1,0,0,0.583469071478991
"24051",191,"Ec_N",401,51,51,"Ec",8,1,1,1,0,0,0.583469071478991
"24052",191,"Ec_N",401,52,52,"Ec",8,1,1,1,0,0,0.583469071478991
"24053",191,"Ec_N",401,53,53,"Ec",8,1,1,1,0,0,0.583469071478991
"24054",191,"Ec_N",401,54,54,"Ec",8,1,1,1,0,0,0.583469071478991
"24055",191,"Ec_N",401,55,55,"Ec",24,1,1,1,0,1,0.969458006928044
"24056",191,"Ec_N",401,56,56,"Ec",24,1,1,1,0,1,0.969458006928044
"24057",191,"Ec_N",401,57,57,"Ec",24,1,1,1,0,1,0.969458006928044
"24058",191,"Ec_N",401,58,58,"Ec",24,1,1,1,0,1,0.969458006928044
"24059",191,"Ec_N",401,59,59,"Ec",24,1,1,1,0,1,0.969458006928044
"24060",191,"Ec_N",401,60,60,"Ec",24,1,1,1,0,1,0.969458006928044
"24061",191,"Ec_N",402,1,1,"Ec",1,0,0,0,0,0,0
"24062",191,"Ec_N",402,2,2,"Ec",17,0,0,0,0,1,0.229834113103391
"24063",191,"Ec_N",402,3,3,"Ec",17,0,0,0,0,1,0.229834113103391
"24064",191,"Ec_N",402,4,4,"Ec",19,0,1,0,0,1,0.427300415500348
"24065",191,"Ec_N",402,5,5,"Ec",19,0,1,0,0,1,0.427300415500348
"24066",191,"Ec_N",402,6,6,"Ec",19,0,1,0,0,1,0.427300415500348
"24067",191,"Ec_N",402,7,7,"Ec",19,0,1,0,0,1,0.427300415500348
"24068",191,"Ec_N",402,8,8,"Ec",19,0,1,0,0,1,0.427300415500348
"24069",191,"Ec_N",402,9,9,"Ec",19,0,1,0,0,1,0.427300415500348
"24070",191,"Ec_N",402,10,10,"Ec",19,0,1,0,0,1,0.427300415500348
"24071",191,"Ec_N",402,11,11,"Ec",20,1,1,0,0,1,0.610298755308086
"24072",191,"Ec_N",402,12,12,"Ec",20,1,1,0,0,1,0.610298755308086
"24073",191,"Ec_N",402,13,13,"Ec",18,1,0,0,0,1,0.646504780524047
"24074",191,"Ec_N",402,14,14,"Ec",18,1,0,0,0,1,0.646504780524047
"24075",191,"Ec_N",402,15,15,"Ec",18,1,0,0,0,1,0.646504780524047
"24076",191,"Ec_N",402,16,16,"Ec",18,1,0,0,0,1,0.646504780524047
"24077",191,"Ec_N",402,17,17,"Ec",18,1,0,0,0,1,0.646504780524047
"24078",191,"Ec_N",402,18,18,"Ec",18,1,0,0,0,1,0.646504780524047
"24079",191,"Ec_N",402,19,19,"Ec",18,1,0,0,0,1,0.646504780524047
"24080",191,"Ec_N",402,20,20,"Ec",18,1,0,0,0,1,0.646504780524047
"24081",191,"Ec_N",402,21,21,"Ec",18,1,0,0,0,1,0.646504780524047
"24082",191,"Ec_N",402,22,22,"Ec",18,1,0,0,0,1,0.646504780524047
"24083",191,"Ec_N",402,23,23,"Ec",18,1,0,0,0,1,0.646504780524047
"24084",191,"Ec_N",402,24,24,"Ec",18,1,0,0,0,1,0.646504780524047
"24085",191,"Ec_N",402,25,25,"Ec",18,1,0,0,0,1,0.646504780524047
"24086",191,"Ec_N",402,26,26,"Ec",18,1,0,0,0,1,0.646504780524047
"24087",191,"Ec_N",402,27,27,"Ec",18,1,0,0,0,1,0.646504780524047
"24088",191,"Ec_N",402,28,28,"Ec",18,1,0,0,0,1,0.646504780524047
"24089",191,"Ec_N",402,29,29,"Ec",18,1,0,0,0,1,0.646504780524047
"24090",191,"Ec_N",402,30,30,"Ec",18,1,0,0,0,1,0.646504780524047
"24091",191,"Ec_N",402,31,31,"Ec",18,1,0,0,0,1,0.646504780524047
"24092",191,"Ec_N",402,32,32,"Ec",18,1,0,0,0,1,0.646504780524047
"24093",191,"Ec_N",402,33,33,"Ec",22,1,0,1,0,1,0.92522428176681
"24094",191,"Ec_N",402,34,34,"Ec",22,1,0,1,0,1,0.92522428176681
"24095",191,"Ec_N",402,35,35,"Ec",22,1,0,1,0,1,0.92522428176681
"24096",191,"Ec_N",402,36,36,"Ec",22,1,0,1,0,1,0.92522428176681
"24097",191,"Ec_N",402,37,37,"Ec",22,1,0,1,0,1,0.92522428176681
"24098",191,"Ec_N",402,38,38,"Ec",22,1,0,1,0,1,0.92522428176681
"24099",191,"Ec_N",402,39,39,"Ec",22,1,0,1,0,1,0.92522428176681
"24100",191,"Ec_N",402,40,40,"Ec",24,1,1,1,0,1,0.969458006928044
"24101",191,"Ec_N",402,41,41,"Ec",24,1,1,1,0,1,0.969458006928044
"24102",191,"Ec_N",402,42,42,"Ec",24,1,1,1,0,1,0.969458006928044
"24103",191,"Ec_N",402,43,43,"Ec",24,1,1,1,0,1,0.969458006928044
"24104",191,"Ec_N",402,44,44,"Ec",24,1,1,1,0,1,0.969458006928044
"24105",191,"Ec_N",402,45,45,"Ec",24,1,1,1,0,1,0.969458006928044
"24106",191,"Ec_N",402,46,46,"Ec",24,1,1,1,0,1,0.969458006928044
"24107",191,"Ec_N",402,47,47,"Ec",24,1,1,1,0,1,0.969458006928044
"24108",191,"Ec_N",402,48,48,"Ec",32,1,1,1,1,1,1
"24109",191,"Ec_N",402,49,49,"Ec",32,1,1,1,1,1,1
"24110",191,"Ec_N",402,50,50,"Ec",32,1,1,1,1,1,1
"24111",191,"Ec_N",402,51,51,"Ec",32,1,1,1,1,1,1
"24112",191,"Ec_N",402,52,52,"Ec",32,1,1,1,1,1,1
"24113",191,"Ec_N",402,53,53,"Ec",32,1,1,1,1,1,1
"24114",191,"Ec_N",402,54,54,"Ec",32,1,1,1,1,1,1
"24115",191,"Ec_N",402,55,55,"Ec",32,1,1,1,1,1,1
"24116",191,"Ec_N",402,56,56,"Ec",32,1,1,1,1,1,1
"24117",191,"Ec_N",402,57,57,"Ec",32,1,1,1,1,1,1
"24118",191,"Ec_N",402,58,58,"Ec",32,1,1,1,1,1,1
"24119",191,"Ec_N",402,59,59,"Ec",32,1,1,1,1,1,1
"24120",191,"Ec_N",402,60,60,"Ec",32,1,1,1,1,1,1
"24121",191,"Ec_N",403,1,1,"Ec",1,0,0,0,0,0,0
"24122",191,"Ec_N",403,2,2,"Ec",1,0,0,0,0,0,0
"24123",191,"Ec_N",403,3,3,"Ec",1,0,0,0,0,0,0
"24124",191,"Ec_N",403,4,4,"Ec",3,0,1,0,0,0,0.041311480051295
"24125",191,"Ec_N",403,5,5,"Ec",3,0,1,0,0,0,0.041311480051295
"24126",191,"Ec_N",403,6,6,"Ec",3,0,1,0,0,0,0.041311480051295
"24127",191,"Ec_N",403,7,7,"Ec",3,0,1,0,0,0,0.041311480051295
"24128",191,"Ec_N",403,8,8,"Ec",3,0,1,0,0,0,0.041311480051295
"24129",191,"Ec_N",403,9,9,"Ec",3,0,1,0,0,0,0.041311480051295
"24130",191,"Ec_N",403,10,10,"Ec",7,0,1,1,0,0,0.589282297794007
"24131",191,"Ec_N",403,11,11,"Ec",7,0,1,1,0,0,0.589282297794007
"24132",191,"Ec_N",403,12,12,"Ec",7,0,1,1,0,0,0.589282297794007
"24133",191,"Ec_N",403,13,13,"Ec",7,0,1,1,0,0,0.589282297794007
"24134",191,"Ec_N",403,14,14,"Ec",7,0,1,1,0,0,0.589282297794007
"24135",191,"Ec_N",403,15,15,"Ec",7,0,1,1,0,0,0.589282297794007
"24136",191,"Ec_N",403,16,16,"Ec",7,0,1,1,0,0,0.589282297794007
"24137",191,"Ec_N",403,17,17,"Ec",7,0,1,1,0,0,0.589282297794007
"24138",191,"Ec_N",403,18,18,"Ec",7,0,1,1,0,0,0.589282297794007
"24139",191,"Ec_N",403,19,19,"Ec",7,0,1,1,0,0,0.589282297794007
"24140",191,"Ec_N",403,20,20,"Ec",7,0,1,1,0,0,0.589282297794007
"24141",191,"Ec_N",403,21,21,"Ec",7,0,1,1,0,0,0.589282297794007
"24142",191,"Ec_N",403,22,22,"Ec",7,0,1,1,0,0,0.589282297794007
"24143",191,"Ec_N",403,23,23,"Ec",7,0,1,1,0,0,0.589282297794007
"24144",191,"Ec_N",403,24,24,"Ec",7,0,1,1,0,0,0.589282297794007
"24145",191,"Ec_N",403,25,25,"Ec",7,0,1,1,0,0,0.589282297794007
"24146",191,"Ec_N",403,26,26,"Ec",7,0,1,1,0,0,0.589282297794007
"24147",191,"Ec_N",403,27,27,"Ec",7,0,1,1,0,0,0.589282297794007
"24148",191,"Ec_N",403,28,28,"Ec",7,0,1,1,0,0,0.589282297794007
"24149",191,"Ec_N",403,29,29,"Ec",7,0,1,1,0,0,0.589282297794007
"24150",191,"Ec_N",403,30,30,"Ec",7,0,1,1,0,0,0.589282297794007
"24151",191,"Ec_N",403,31,31,"Ec",7,0,1,1,0,0,0.589282297794007
"24152",191,"Ec_N",403,32,32,"Ec",7,0,1,1,0,0,0.589282297794007
"24153",191,"Ec_N",403,33,33,"Ec",7,0,1,1,0,0,0.589282297794007
"24154",191,"Ec_N",403,34,34,"Ec",7,0,1,1,0,0,0.589282297794007
"24155",191,"Ec_N",403,35,35,"Ec",7,0,1,1,0,0,0.589282297794007
"24156",191,"Ec_N",403,36,36,"Ec",7,0,1,1,0,0,0.589282297794007
"24157",191,"Ec_N",403,37,37,"Ec",7,0,1,1,0,0,0.589282297794007
"24158",191,"Ec_N",403,38,38,"Ec",7,0,1,1,0,0,0.589282297794007
"24159",191,"Ec_N",403,39,39,"Ec",7,0,1,1,0,0,0.589282297794007
"24160",191,"Ec_N",403,40,40,"Ec",7,0,1,1,0,0,0.589282297794007
"24161",191,"Ec_N",403,41,41,"Ec",7,0,1,1,0,0,0.589282297794007
"24162",191,"Ec_N",403,42,42,"Ec",7,0,1,1,0,0,0.589282297794007
"24163",191,"Ec_N",403,43,43,"Ec",7,0,1,1,0,0,0.589282297794007
"24164",191,"Ec_N",403,44,44,"Ec",7,0,1,1,0,0,0.589282297794007
"24165",191,"Ec_N",403,45,45,"Ec",7,0,1,1,0,0,0.589282297794007
"24166",191,"Ec_N",403,46,46,"Ec",7,0,1,1,0,0,0.589282297794007
"24167",191,"Ec_N",403,47,47,"Ec",7,0,1,1,0,0,0.589282297794007
"24168",191,"Ec_N",403,48,48,"Ec",7,0,1,1,0,0,0.589282297794007
"24169",191,"Ec_N",403,49,49,"Ec",7,0,1,1,0,0,0.589282297794007
"24170",191,"Ec_N",403,50,50,"Ec",7,0,1,1,0,0,0.589282297794007
"24171",191,"Ec_N",403,51,51,"Ec",7,0,1,1,0,0,0.589282297794007
"24172",191,"Ec_N",403,52,52,"Ec",7,0,1,1,0,0,0.589282297794007
"24173",191,"Ec_N",403,53,53,"Ec",7,0,1,1,0,0,0.589282297794007
"24174",191,"Ec_N",403,54,54,"Ec",7,0,1,1,0,0,0.589282297794007
"24175",191,"Ec_N",403,55,55,"Ec",7,0,1,1,0,0,0.589282297794007
"24176",191,"Ec_N",403,56,56,"Ec",7,0,1,1,0,0,0.589282297794007
"24177",191,"Ec_N",403,57,57,"Ec",7,0,1,1,0,0,0.589282297794007
"24178",191,"Ec_N",403,58,58,"Ec",7,0,1,1,0,0,0.589282297794007
"24179",191,"Ec_N",403,59,59,"Ec",7,0,1,1,0,0,0.589282297794007
"24180",191,"Ec_N",403,60,60,"Ec",7,0,1,1,0,0,0.589282297794007
"24181",191,"Ec_N",404,1,1,"Ec",1,0,0,0,0,0,0
"24182",191,"Ec_N",404,2,2,"Ec",1,0,0,0,0,0,0
"24183",191,"Ec_N",404,3,3,"Ec",1,0,0,0,0,0,0
"24184",191,"Ec_N",404,4,4,"Ec",1,0,0,0,0,0,0
"24185",191,"Ec_N",404,5,5,"Ec",1,0,0,0,0,0,0
"24186",191,"Ec_N",404,6,6,"Ec",1,0,0,0,0,0,0
"24187",191,"Ec_N",404,7,7,"Ec",1,0,0,0,0,0,0
"24188",191,"Ec_N",404,8,8,"Ec",1,0,0,0,0,0,0
"24189",191,"Ec_N",404,9,9,"Ec",1,0,0,0,0,0,0
"24190",191,"Ec_N",404,10,10,"Ec",17,0,0,0,0,1,0.229834113103391
"24191",191,"Ec_N",404,11,11,"Ec",17,0,0,0,0,1,0.229834113103391
"24192",191,"Ec_N",404,12,12,"Ec",17,0,0,0,0,1,0.229834113103391
"24193",191,"Ec_N",404,13,13,"Ec",17,0,0,0,0,1,0.229834113103391
"24194",191,"Ec_N",404,14,14,"Ec",17,0,0,0,0,1,0.229834113103391
"24195",191,"Ec_N",404,15,15,"Ec",17,0,0,0,0,1,0.229834113103391
"24196",191,"Ec_N",404,16,16,"Ec",17,0,0,0,0,1,0.229834113103391
"24197",191,"Ec_N",404,17,17,"Ec",17,0,0,0,0,1,0.229834113103391
"24198",191,"Ec_N",404,18,18,"Ec",17,0,0,0,0,1,0.229834113103391
"24199",191,"Ec_N",404,19,19,"Ec",17,0,0,0,0,1,0.229834113103391
"24200",191,"Ec_N",404,20,20,"Ec",17,0,0,0,0,1,0.229834113103391
"24201",191,"Ec_N",404,21,21,"Ec",17,0,0,0,0,1,0.229834113103391
"24202",191,"Ec_N",404,22,22,"Ec",17,0,0,0,0,1,0.229834113103391
"24203",191,"Ec_N",404,23,23,"Ec",17,0,0,0,0,1,0.229834113103391
"24204",191,"Ec_N",404,24,24,"Ec",17,0,0,0,0,1,0.229834113103391
"24205",191,"Ec_N",404,25,25,"Ec",18,1,0,0,0,1,0.646504780524047
"24206",191,"Ec_N",404,26,26,"Ec",18,1,0,0,0,1,0.646504780524047
"24207",191,"Ec_N",404,27,27,"Ec",18,1,0,0,0,1,0.646504780524047
"24208",191,"Ec_N",404,28,28,"Ec",18,1,0,0,0,1,0.646504780524047
"24209",191,"Ec_N",404,29,29,"Ec",22,1,0,1,0,1,0.92522428176681
"24210",191,"Ec_N",404,30,30,"Ec",24,1,1,1,0,1,0.969458006928044
"24211",191,"Ec_N",404,31,31,"Ec",24,1,1,1,0,1,0.969458006928044
"24212",191,"Ec_N",404,32,32,"Ec",24,1,1,1,0,1,0.969458006928044
"24213",191,"Ec_N",404,33,33,"Ec",24,1,1,1,0,1,0.969458006928044
"24214",191,"Ec_N",404,34,34,"Ec",24,1,1,1,0,1,0.969458006928044
"24215",191,"Ec_N",404,35,35,"Ec",24,1,1,1,0,1,0.969458006928044
"24216",191,"Ec_N",404,36,36,"Ec",24,1,1,1,0,1,0.969458006928044
"24217",191,"Ec_N",404,37,37,"Ec",24,1,1,1,0,1,0.969458006928044
"24218",191,"Ec_N",404,38,38,"Ec",24,1,1,1,0,1,0.969458006928044
"24219",191,"Ec_N",404,39,39,"Ec",24,1,1,1,0,1,0.969458006928044
"24220",191,"Ec_N",404,40,40,"Ec",24,1,1,1,0,1,0.969458006928044
"24221",191,"Ec_N",404,41,41,"Ec",24,1,1,1,0,1,0.969458006928044
"24222",191,"Ec_N",404,42,42,"Ec",24,1,1,1,0,1,0.969458006928044
"24223",191,"Ec_N",404,43,43,"Ec",24,1,1,1,0,1,0.969458006928044
"24224",191,"Ec_N",404,44,44,"Ec",24,1,1,1,0,1,0.969458006928044
"24225",191,"Ec_N",404,45,45,"Ec",24,1,1,1,0,1,0.969458006928044
"24226",191,"Ec_N",404,46,46,"Ec",24,1,1,1,0,1,0.969458006928044
"24227",191,"Ec_N",404,47,47,"Ec",24,1,1,1,0,1,0.969458006928044
"24228",191,"Ec_N",404,48,48,"Ec",24,1,1,1,0,1,0.969458006928044
"24229",191,"Ec_N",404,49,49,"Ec",24,1,1,1,0,1,0.969458006928044
"24230",191,"Ec_N",404,50,50,"Ec",24,1,1,1,0,1,0.969458006928044
"24231",191,"Ec_N",404,51,51,"Ec",24,1,1,1,0,1,0.969458006928044
"24232",191,"Ec_N",404,52,52,"Ec",24,1,1,1,0,1,0.969458006928044
"24233",191,"Ec_N",404,53,53,"Ec",24,1,1,1,0,1,0.969458006928044
"24234",191,"Ec_N",404,54,54,"Ec",24,1,1,1,0,1,0.969458006928044
"24235",191,"Ec_N",404,55,55,"Ec",24,1,1,1,0,1,0.969458006928044
"24236",191,"Ec_N",404,56,56,"Ec",24,1,1,1,0,1,0.969458006928044
"24237",191,"Ec_N",404,57,57,"Ec",24,1,1,1,0,1,0.969458006928044
"24238",191,"Ec_N",404,58,58,"Ec",24,1,1,1,0,1,0.969458006928044
"24239",191,"Ec_N",404,59,59,"Ec",24,1,1,1,0,1,0.969458006928044
"24240",191,"Ec_N",404,60,60,"Ec",24,1,1,1,0,1,0.969458006928044
"24241",191,"Ec_N",405,1,1,"Ec",1,0,0,0,0,0,0
"24242",191,"Ec_N",405,2,2,"Ec",1,0,0,0,0,0,0
"24243",191,"Ec_N",405,3,3,"Ec",1,0,0,0,0,0,0
"24244",191,"Ec_N",405,4,4,"Ec",1,0,0,0,0,0,0
"24245",191,"Ec_N",405,5,5,"Ec",1,0,0,0,0,0,0
"24246",191,"Ec_N",405,6,6,"Ec",1,0,0,0,0,0,0
"24247",191,"Ec_N",405,7,7,"Ec",1,0,0,0,0,0,0
"24248",191,"Ec_N",405,8,8,"Ec",1,0,0,0,0,0,0
"24249",191,"Ec_N",405,9,9,"Ec",1,0,0,0,0,0,0
"24250",191,"Ec_N",405,10,10,"Ec",1,0,0,0,0,0,0
"24251",191,"Ec_N",405,11,11,"Ec",2,1,0,0,0,0,0.198020370545937
"24252",191,"Ec_N",405,12,12,"Ec",2,1,0,0,0,0,0.198020370545937
"24253",191,"Ec_N",405,13,13,"Ec",2,1,0,0,0,0,0.198020370545937
"24254",191,"Ec_N",405,14,14,"Ec",2,1,0,0,0,0,0.198020370545937
"24255",191,"Ec_N",405,15,15,"Ec",2,1,0,0,0,0,0.198020370545937
"24256",191,"Ec_N",405,16,16,"Ec",2,1,0,0,0,0,0.198020370545937
"24257",191,"Ec_N",405,17,17,"Ec",2,1,0,0,0,0,0.198020370545937
"24258",191,"Ec_N",405,18,18,"Ec",2,1,0,0,0,0,0.198020370545937
"24259",191,"Ec_N",405,19,19,"Ec",2,1,0,0,0,0,0.198020370545937
"24260",191,"Ec_N",405,20,20,"Ec",2,1,0,0,0,0,0.198020370545937
"24261",191,"Ec_N",405,21,21,"Ec",4,1,1,0,0,0,0.239331850597232
"24262",191,"Ec_N",405,22,22,"Ec",4,1,1,0,0,0,0.239331850597232
"24263",191,"Ec_N",405,23,23,"Ec",4,1,1,0,0,0,0.239331850597232
"24264",191,"Ec_N",405,24,24,"Ec",4,1,1,0,0,0,0.239331850597232
"24265",191,"Ec_N",405,25,25,"Ec",4,1,1,0,0,0,0.239331850597232
"24266",191,"Ec_N",405,26,26,"Ec",4,1,1,0,0,0,0.239331850597232
"24267",191,"Ec_N",405,27,27,"Ec",4,1,1,0,0,0,0.239331850597232
"24268",191,"Ec_N",405,28,28,"Ec",4,1,1,0,0,0,0.239331850597232
"24269",191,"Ec_N",405,29,29,"Ec",4,1,1,0,0,0,0.239331850597232
"24270",191,"Ec_N",405,30,30,"Ec",4,1,1,0,0,0,0.239331850597232
"24271",191,"Ec_N",405,31,31,"Ec",4,1,1,0,0,0,0.239331850597232
"24272",191,"Ec_N",405,32,32,"Ec",4,1,1,0,0,0,0.239331850597232
"24273",191,"Ec_N",405,33,33,"Ec",4,1,1,0,0,0,0.239331850597232
"24274",191,"Ec_N",405,34,34,"Ec",4,1,1,0,0,0,0.239331850597232
"24275",191,"Ec_N",405,35,35,"Ec",4,1,1,0,0,0,0.239331850597232
"24276",191,"Ec_N",405,36,36,"Ec",4,1,1,0,0,0,0.239331850597232
"24277",191,"Ec_N",405,37,37,"Ec",4,1,1,0,0,0,0.239331850597232
"24278",191,"Ec_N",405,38,38,"Ec",4,1,1,0,0,0,0.239331850597232
"24279",191,"Ec_N",405,39,39,"Ec",4,1,1,0,0,0,0.239331850597232
"24280",191,"Ec_N",405,40,40,"Ec",4,1,1,0,0,0,0.239331850597232
"24281",191,"Ec_N",405,41,41,"Ec",8,1,1,1,0,0,0.583469071478991
"24282",191,"Ec_N",405,42,42,"Ec",8,1,1,1,0,0,0.583469071478991
"24283",191,"Ec_N",405,43,43,"Ec",8,1,1,1,0,0,0.583469071478991
"24284",191,"Ec_N",405,44,44,"Ec",8,1,1,1,0,0,0.583469071478991
"24285",191,"Ec_N",405,45,45,"Ec",8,1,1,1,0,0,0.583469071478991
"24286",191,"Ec_N",405,46,46,"Ec",8,1,1,1,0,0,0.583469071478991
"24287",191,"Ec_N",405,47,47,"Ec",8,1,1,1,0,0,0.583469071478991
"24288",191,"Ec_N",405,48,48,"Ec",8,1,1,1,0,0,0.583469071478991
"24289",191,"Ec_N",405,49,49,"Ec",8,1,1,1,0,0,0.583469071478991
"24290",191,"Ec_N",405,50,50,"Ec",8,1,1,1,0,0,0.583469071478991
"24291",191,"Ec_N",405,51,51,"Ec",8,1,1,1,0,0,0.583469071478991
"24292",191,"Ec_N",405,52,52,"Ec",8,1,1,1,0,0,0.583469071478991
"24293",191,"Ec_N",405,53,53,"Ec",8,1,1,1,0,0,0.583469071478991
"24294",191,"Ec_N",405,54,54,"Ec",8,1,1,1,0,0,0.583469071478991
"24295",191,"Ec_N",405,55,55,"Ec",8,1,1,1,0,0,0.583469071478991
"24296",191,"Ec_N",405,56,56,"Ec",8,1,1,1,0,0,0.583469071478991
"24297",191,"Ec_N",405,57,57,"Ec",8,1,1,1,0,0,0.583469071478991
"24298",191,"Ec_N",405,58,58,"Ec",8,1,1,1,0,0,0.583469071478991
"24299",191,"Ec_N",405,59,59,"Ec",8,1,1,1,0,0,0.583469071478991
"24300",191,"Ec_N",405,60,60,"Ec",7,0,1,1,0,0,0.589282297794007
"24301",191,"Ec_N",406,1,1,"Ec",1,0,0,0,0,0,0
"24302",191,"Ec_N",406,2,2,"Ec",1,0,0,0,0,0,0
"24303",191,"Ec_N",406,3,3,"Ec",1,0,0,0,0,0,0
"24304",191,"Ec_N",406,4,4,"Ec",17,0,0,0,0,1,0.229834113103391
"24305",191,"Ec_N",406,5,5,"Ec",21,0,0,1,0,1,0.726280938342543
"24306",191,"Ec_N",406,6,6,"Ec",21,0,0,1,0,1,0.726280938342543
"24307",191,"Ec_N",406,7,7,"Ec",21,0,0,1,0,1,0.726280938342543
"24308",191,"Ec_N",406,8,8,"Ec",21,0,0,1,0,1,0.726280938342543
"24309",191,"Ec_N",406,9,9,"Ec",21,0,0,1,0,1,0.726280938342543
"24310",191,"Ec_N",406,10,10,"Ec",29,0,0,1,1,1,0.760668149402769
"24311",191,"Ec_N",406,11,11,"Ec",29,0,0,1,1,1,0.760668149402769
"24312",191,"Ec_N",406,12,12,"Ec",29,0,0,1,1,1,0.760668149402769
"24313",191,"Ec_N",406,13,13,"Ec",29,0,0,1,1,1,0.760668149402769
"24314",191,"Ec_N",406,14,14,"Ec",29,0,0,1,1,1,0.760668149402769
"24315",191,"Ec_N",406,15,15,"Ec",29,0,0,1,1,1,0.760668149402769
"24316",191,"Ec_N",406,16,16,"Ec",29,0,0,1,1,1,0.760668149402769
"24317",191,"Ec_N",406,17,17,"Ec",29,0,0,1,1,1,0.760668149402769
"24318",191,"Ec_N",406,18,18,"Ec",29,0,0,1,1,1,0.760668149402769
"24319",191,"Ec_N",406,19,19,"Ec",29,0,0,1,1,1,0.760668149402769
"24320",191,"Ec_N",406,20,20,"Ec",30,1,0,1,1,1,0.958688519948705
"24321",191,"Ec_N",406,21,21,"Ec",32,1,1,1,1,1,1
"24322",191,"Ec_N",406,22,22,"Ec",32,1,1,1,1,1,1
"24323",191,"Ec_N",406,23,23,"Ec",32,1,1,1,1,1,1
"24324",191,"Ec_N",406,24,24,"Ec",32,1,1,1,1,1,1
"24325",191,"Ec_N",406,25,25,"Ec",32,1,1,1,1,1,1
"24326",191,"Ec_N",406,26,26,"Ec",32,1,1,1,1,1,1
"24327",191,"Ec_N",406,27,27,"Ec",32,1,1,1,1,1,1
"24328",191,"Ec_N",406,28,28,"Ec",32,1,1,1,1,1,1
"24329",191,"Ec_N",406,29,29,"Ec",32,1,1,1,1,1,1
"24330",191,"Ec_N",406,30,30,"Ec",32,1,1,1,1,1,1
"24331",191,"Ec_N",406,31,31,"Ec",32,1,1,1,1,1,1
"24332",191,"Ec_N",406,32,32,"Ec",32,1,1,1,1,1,1
"24333",191,"Ec_N",406,33,33,"Ec",32,1,1,1,1,1,1
"24334",191,"Ec_N",406,34,34,"Ec",32,1,1,1,1,1,1
"24335",191,"Ec_N",406,35,35,"Ec",32,1,1,1,1,1,1
"24336",191,"Ec_N",406,36,36,"Ec",32,1,1,1,1,1,1
"24337",191,"Ec_N",406,37,37,"Ec",32,1,1,1,1,1,1
"24338",191,"Ec_N",406,38,38,"Ec",32,1,1,1,1,1,1
"24339",191,"Ec_N",406,39,39,"Ec",32,1,1,1,1,1,1
"24340",191,"Ec_N",406,40,40,"Ec",32,1,1,1,1,1,1
"24341",191,"Ec_N",406,41,41,"Ec",32,1,1,1,1,1,1
"24342",191,"Ec_N",406,42,42,"Ec",32,1,1,1,1,1,1
"24343",191,"Ec_N",406,43,43,"Ec",32,1,1,1,1,1,1
"24344",191,"Ec_N",406,44,44,"Ec",32,1,1,1,1,1,1
"24345",191,"Ec_N",406,45,45,"Ec",32,1,1,1,1,1,1
"24346",191,"Ec_N",406,46,46,"Ec",32,1,1,1,1,1,1
"24347",191,"Ec_N",406,47,47,"Ec",32,1,1,1,1,1,1
"24348",191,"Ec_N",406,48,48,"Ec",32,1,1,1,1,1,1
"24349",191,"Ec_N",406,49,49,"Ec",32,1,1,1,1,1,1
"24350",191,"Ec_N",406,50,50,"Ec",32,1,1,1,1,1,1
"24351",191,"Ec_N",406,51,51,"Ec",32,1,1,1,1,1,1
"24352",191,"Ec_N",406,52,52,"Ec",32,1,1,1,1,1,1
"24353",191,"Ec_N",406,53,53,"Ec",32,1,1,1,1,1,1
"24354",191,"Ec_N",406,54,54,"Ec",32,1,1,1,1,1,1
"24355",191,"Ec_N",406,55,55,"Ec",32,1,1,1,1,1,1
"24356",191,"Ec_N",406,56,56,"Ec",32,1,1,1,1,1,1
"24357",191,"Ec_N",406,57,57,"Ec",32,1,1,1,1,1,1
"24358",191,"Ec_N",406,58,58,"Ec",32,1,1,1,1,1,1
"24359",191,"Ec_N",406,59,59,"Ec",32,1,1,1,1,1,1
"24360",191,"Ec_N",406,60,60,"Ec",32,1,1,1,1,1,1
"24361",191,"Ec_N",407,1,1,"Ec",1,0,0,0,0,0,0
"24362",191,"Ec_N",407,2,2,"Ec",1,0,0,0,0,0,0
"24363",191,"Ec_N",407,3,3,"Ec",3,0,1,0,0,0,0.041311480051295
"24364",191,"Ec_N",407,4,4,"Ec",19,0,1,0,0,1,0.427300415500348
"24365",191,"Ec_N",407,5,5,"Ec",19,0,1,0,0,1,0.427300415500348
"24366",191,"Ec_N",407,6,6,"Ec",19,0,1,0,0,1,0.427300415500348
"24367",191,"Ec_N",407,7,7,"Ec",19,0,1,0,0,1,0.427300415500348
"24368",191,"Ec_N",407,8,8,"Ec",23,0,1,1,0,1,0.616809062130864
"24369",191,"Ec_N",407,9,9,"Ec",23,0,1,1,0,1,0.616809062130864
"24370",191,"Ec_N",407,10,10,"Ec",23,0,1,1,0,1,0.616809062130864
"24371",191,"Ec_N",407,11,11,"Ec",23,0,1,1,0,1,0.616809062130864
"24372",191,"Ec_N",407,12,12,"Ec",23,0,1,1,0,1,0.616809062130864
"24373",191,"Ec_N",407,13,13,"Ec",24,1,1,1,0,1,0.969458006928044
"24374",191,"Ec_N",407,14,14,"Ec",24,1,1,1,0,1,0.969458006928044
"24375",191,"Ec_N",407,15,15,"Ec",24,1,1,1,0,1,0.969458006928044
"24376",191,"Ec_N",407,16,16,"Ec",32,1,1,1,1,1,1
"24377",191,"Ec_N",407,17,17,"Ec",32,1,1,1,1,1,1
"24378",191,"Ec_N",407,18,18,"Ec",32,1,1,1,1,1,1
"24379",191,"Ec_N",407,19,19,"Ec",32,1,1,1,1,1,1
"24380",191,"Ec_N",407,20,20,"Ec",32,1,1,1,1,1,1
"24381",191,"Ec_N",407,21,21,"Ec",32,1,1,1,1,1,1
"24382",191,"Ec_N",407,22,22,"Ec",32,1,1,1,1,1,1
"24383",191,"Ec_N",407,23,23,"Ec",32,1,1,1,1,1,1
"24384",191,"Ec_N",407,24,24,"Ec",32,1,1,1,1,1,1
"24385",191,"Ec_N",407,25,25,"Ec",32,1,1,1,1,1,1
"24386",191,"Ec_N",407,26,26,"Ec",32,1,1,1,1,1,1
"24387",191,"Ec_N",407,27,27,"Ec",32,1,1,1,1,1,1
"24388",191,"Ec_N",407,28,28,"Ec",32,1,1,1,1,1,1
"24389",191,"Ec_N",407,29,29,"Ec",32,1,1,1,1,1,1
"24390",191,"Ec_N",407,30,30,"Ec",32,1,1,1,1,1,1
"24391",191,"Ec_N",407,31,31,"Ec",32,1,1,1,1,1,1
"24392",191,"Ec_N",407,32,32,"Ec",32,1,1,1,1,1,1
"24393",191,"Ec_N",407,33,33,"Ec",32,1,1,1,1,1,1
"24394",191,"Ec_N",407,34,34,"Ec",32,1,1,1,1,1,1
"24395",191,"Ec_N",407,35,35,"Ec",32,1,1,1,1,1,1
"24396",191,"Ec_N",407,36,36,"Ec",32,1,1,1,1,1,1
"24397",191,"Ec_N",407,37,37,"Ec",32,1,1,1,1,1,1
"24398",191,"Ec_N",407,38,38,"Ec",32,1,1,1,1,1,1
"24399",191,"Ec_N",407,39,39,"Ec",32,1,1,1,1,1,1
"24400",191,"Ec_N",407,40,40,"Ec",32,1,1,1,1,1,1
"24401",191,"Ec_N",407,41,41,"Ec",32,1,1,1,1,1,1
"24402",191,"Ec_N",407,42,42,"Ec",32,1,1,1,1,1,1
"24403",191,"Ec_N",407,43,43,"Ec",32,1,1,1,1,1,1
"24404",191,"Ec_N",407,44,44,"Ec",32,1,1,1,1,1,1
"24405",191,"Ec_N",407,45,45,"Ec",32,1,1,1,1,1,1
"24406",191,"Ec_N",407,46,46,"Ec",32,1,1,1,1,1,1
"24407",191,"Ec_N",407,47,47,"Ec",32,1,1,1,1,1,1
"24408",191,"Ec_N",407,48,48,"Ec",32,1,1,1,1,1,1
"24409",191,"Ec_N",407,49,49,"Ec",32,1,1,1,1,1,1
"24410",191,"Ec_N",407,50,50,"Ec",32,1,1,1,1,1,1
"24411",191,"Ec_N",407,51,51,"Ec",32,1,1,1,1,1,1
"24412",191,"Ec_N",407,52,52,"Ec",32,1,1,1,1,1,1
"24413",191,"Ec_N",407,53,53,"Ec",32,1,1,1,1,1,1
"24414",191,"Ec_N",407,54,54,"Ec",32,1,1,1,1,1,1
"24415",191,"Ec_N",407,55,55,"Ec",32,1,1,1,1,1,1
"24416",191,"Ec_N",407,56,56,"Ec",32,1,1,1,1,1,1
"24417",191,"Ec_N",407,57,57,"Ec",32,1,1,1,1,1,1
"24418",191,"Ec_N",407,58,58,"Ec",32,1,1,1,1,1,1
"24419",191,"Ec_N",407,59,59,"Ec",32,1,1,1,1,1,1
"24420",191,"Ec_N",407,60,60,"Ec",32,1,1,1,1,1,1
"24421",191,"Ec_N",408,1,1,"Ec",1,0,0,0,0,0,0
"24422",191,"Ec_N",408,2,2,"Ec",1,0,0,0,0,0,0
"24423",191,"Ec_N",408,3,3,"Ec",1,0,0,0,0,0,0
"24424",191,"Ec_N",408,4,4,"Ec",1,0,0,0,0,0,0
"24425",191,"Ec_N",408,5,5,"Ec",3,0,1,0,0,0,0.041311480051295
"24426",191,"Ec_N",408,6,6,"Ec",7,0,1,1,0,0,0.589282297794007
"24427",191,"Ec_N",408,7,7,"Ec",7,0,1,1,0,0,0.589282297794007
"24428",191,"Ec_N",408,8,8,"Ec",7,0,1,1,0,0,0.589282297794007
"24429",191,"Ec_N",408,9,9,"Ec",23,0,1,1,0,1,0.616809062130864
"24430",191,"Ec_N",408,10,10,"Ec",23,0,1,1,0,1,0.616809062130864
"24431",191,"Ec_N",408,11,11,"Ec",23,0,1,1,0,1,0.616809062130864
"24432",191,"Ec_N",408,12,12,"Ec",23,0,1,1,0,1,0.616809062130864
"24433",191,"Ec_N",408,13,13,"Ec",23,0,1,1,0,1,0.616809062130864
"24434",191,"Ec_N",408,14,14,"Ec",23,0,1,1,0,1,0.616809062130864
"24435",191,"Ec_N",408,15,15,"Ec",23,0,1,1,0,1,0.616809062130864
"24436",191,"Ec_N",408,16,16,"Ec",23,0,1,1,0,1,0.616809062130864
"24437",191,"Ec_N",408,17,17,"Ec",23,0,1,1,0,1,0.616809062130864
"24438",191,"Ec_N",408,18,18,"Ec",21,0,0,1,0,1,0.726280938342543
"24439",191,"Ec_N",408,19,19,"Ec",29,0,0,1,1,1,0.760668149402769
"24440",191,"Ec_N",408,20,20,"Ec",29,0,0,1,1,1,0.760668149402769
"24441",191,"Ec_N",408,21,21,"Ec",31,0,1,1,1,1,0.801979629454064
"24442",191,"Ec_N",408,22,22,"Ec",31,0,1,1,1,1,0.801979629454064
"24443",191,"Ec_N",408,23,23,"Ec",31,0,1,1,1,1,0.801979629454064
"24444",191,"Ec_N",408,24,24,"Ec",31,0,1,1,1,1,0.801979629454064
"24445",191,"Ec_N",408,25,25,"Ec",31,0,1,1,1,1,0.801979629454064
"24446",191,"Ec_N",408,26,26,"Ec",31,0,1,1,1,1,0.801979629454064
"24447",191,"Ec_N",408,27,27,"Ec",31,0,1,1,1,1,0.801979629454064
"24448",191,"Ec_N",408,28,28,"Ec",31,0,1,1,1,1,0.801979629454064
"24449",191,"Ec_N",408,29,29,"Ec",31,0,1,1,1,1,0.801979629454064
"24450",191,"Ec_N",408,30,30,"Ec",31,0,1,1,1,1,0.801979629454064
"24451",191,"Ec_N",408,31,31,"Ec",31,0,1,1,1,1,0.801979629454064
"24452",191,"Ec_N",408,32,32,"Ec",31,0,1,1,1,1,0.801979629454064
"24453",191,"Ec_N",408,33,33,"Ec",31,0,1,1,1,1,0.801979629454064
"24454",191,"Ec_N",408,34,34,"Ec",31,0,1,1,1,1,0.801979629454064
"24455",191,"Ec_N",408,35,35,"Ec",31,0,1,1,1,1,0.801979629454064
"24456",191,"Ec_N",408,36,36,"Ec",31,0,1,1,1,1,0.801979629454064
"24457",191,"Ec_N",408,37,37,"Ec",31,0,1,1,1,1,0.801979629454064
"24458",191,"Ec_N",408,38,38,"Ec",31,0,1,1,1,1,0.801979629454064
"24459",191,"Ec_N",408,39,39,"Ec",31,0,1,1,1,1,0.801979629454064
"24460",191,"Ec_N",408,40,40,"Ec",31,0,1,1,1,1,0.801979629454064
"24461",191,"Ec_N",408,41,41,"Ec",31,0,1,1,1,1,0.801979629454064
"24462",191,"Ec_N",408,42,42,"Ec",31,0,1,1,1,1,0.801979629454064
"24463",191,"Ec_N",408,43,43,"Ec",31,0,1,1,1,1,0.801979629454064
"24464",191,"Ec_N",408,44,44,"Ec",31,0,1,1,1,1,0.801979629454064
"24465",191,"Ec_N",408,45,45,"Ec",31,0,1,1,1,1,0.801979629454064
"24466",191,"Ec_N",408,46,46,"Ec",31,0,1,1,1,1,0.801979629454064
"24467",191,"Ec_N",408,47,47,"Ec",31,0,1,1,1,1,0.801979629454064
"24468",191,"Ec_N",408,48,48,"Ec",31,0,1,1,1,1,0.801979629454064
"24469",191,"Ec_N",408,49,49,"Ec",31,0,1,1,1,1,0.801979629454064
"24470",191,"Ec_N",408,50,50,"Ec",31,0,1,1,1,1,0.801979629454064
"24471",191,"Ec_N",408,51,51,"Ec",31,0,1,1,1,1,0.801979629454064
"24472",191,"Ec_N",408,52,52,"Ec",31,0,1,1,1,1,0.801979629454064
"24473",191,"Ec_N",408,53,53,"Ec",31,0,1,1,1,1,0.801979629454064
"24474",191,"Ec_N",408,54,54,"Ec",31,0,1,1,1,1,0.801979629454064
"24475",191,"Ec_N",408,55,55,"Ec",31,0,1,1,1,1,0.801979629454064
"24476",191,"Ec_N",408,56,56,"Ec",31,0,1,1,1,1,0.801979629454064
"24477",191,"Ec_N",408,57,57,"Ec",31,0,1,1,1,1,0.801979629454064
"24478",191,"Ec_N",408,58,58,"Ec",31,0,1,1,1,1,0.801979629454064
"24479",191,"Ec_N",408,59,59,"Ec",31,0,1,1,1,1,0.801979629454064
"24480",191,"Ec_N",408,60,60,"Ec",31,0,1,1,1,1,0.801979629454064
"24481",191,"Ec_N",409,1,1,"Ec",1,0,0,0,0,0,0
"24482",191,"Ec_N",409,2,2,"Ec",3,0,1,0,0,0,0.041311480051295
"24483",191,"Ec_N",409,3,3,"Ec",3,0,1,0,0,0,0.041311480051295
"24484",191,"Ec_N",409,4,4,"Ec",3,0,1,0,0,0,0.041311480051295
"24485",191,"Ec_N",409,5,5,"Ec",3,0,1,0,0,0,0.041311480051295
"24486",191,"Ec_N",409,6,6,"Ec",4,1,1,0,0,0,0.239331850597232
"24487",191,"Ec_N",409,7,7,"Ec",20,1,1,0,0,1,0.610298755308086
"24488",191,"Ec_N",409,8,8,"Ec",28,1,1,0,1,1,0.681047421119041
"24489",191,"Ec_N",409,9,9,"Ec",28,1,1,0,1,1,0.681047421119041
"24490",191,"Ec_N",409,10,10,"Ec",28,1,1,0,1,1,0.681047421119041
"24491",191,"Ec_N",409,11,11,"Ec",28,1,1,0,1,1,0.681047421119041
"24492",191,"Ec_N",409,12,12,"Ec",28,1,1,0,1,1,0.681047421119041
"24493",191,"Ec_N",409,13,13,"Ec",28,1,1,0,1,1,0.681047421119041
"24494",191,"Ec_N",409,14,14,"Ec",28,1,1,0,1,1,0.681047421119041
"24495",191,"Ec_N",409,15,15,"Ec",28,1,1,0,1,1,0.681047421119041
"24496",191,"Ec_N",409,16,16,"Ec",28,1,1,0,1,1,0.681047421119041
"24497",191,"Ec_N",409,17,17,"Ec",28,1,1,0,1,1,0.681047421119041
"24498",191,"Ec_N",409,18,18,"Ec",28,1,1,0,1,1,0.681047421119041
"24499",191,"Ec_N",409,19,19,"Ec",32,1,1,1,1,1,1
"24500",191,"Ec_N",409,20,20,"Ec",32,1,1,1,1,1,1
"24501",191,"Ec_N",409,21,21,"Ec",32,1,1,1,1,1,1
"24502",191,"Ec_N",409,22,22,"Ec",32,1,1,1,1,1,1
"24503",191,"Ec_N",409,23,23,"Ec",32,1,1,1,1,1,1
"24504",191,"Ec_N",409,24,24,"Ec",32,1,1,1,1,1,1
"24505",191,"Ec_N",409,25,25,"Ec",32,1,1,1,1,1,1
"24506",191,"Ec_N",409,26,26,"Ec",32,1,1,1,1,1,1
"24507",191,"Ec_N",409,27,27,"Ec",32,1,1,1,1,1,1
"24508",191,"Ec_N",409,28,28,"Ec",32,1,1,1,1,1,1
"24509",191,"Ec_N",409,29,29,"Ec",32,1,1,1,1,1,1
"24510",191,"Ec_N",409,30,30,"Ec",32,1,1,1,1,1,1
"24511",191,"Ec_N",409,31,31,"Ec",32,1,1,1,1,1,1
"24512",191,"Ec_N",409,32,32,"Ec",32,1,1,1,1,1,1
"24513",191,"Ec_N",409,33,33,"Ec",32,1,1,1,1,1,1
"24514",191,"Ec_N",409,34,34,"Ec",32,1,1,1,1,1,1
"24515",191,"Ec_N",409,35,35,"Ec",32,1,1,1,1,1,1
"24516",191,"Ec_N",409,36,36,"Ec",32,1,1,1,1,1,1
"24517",191,"Ec_N",409,37,37,"Ec",32,1,1,1,1,1,1
"24518",191,"Ec_N",409,38,38,"Ec",32,1,1,1,1,1,1
"24519",191,"Ec_N",409,39,39,"Ec",32,1,1,1,1,1,1
"24520",191,"Ec_N",409,40,40,"Ec",32,1,1,1,1,1,1
"24521",191,"Ec_N",409,41,41,"Ec",32,1,1,1,1,1,1
"24522",191,"Ec_N",409,42,42,"Ec",32,1,1,1,1,1,1
"24523",191,"Ec_N",409,43,43,"Ec",32,1,1,1,1,1,1
"24524",191,"Ec_N",409,44,44,"Ec",32,1,1,1,1,1,1
"24525",191,"Ec_N",409,45,45,"Ec",32,1,1,1,1,1,1
"24526",191,"Ec_N",409,46,46,"Ec",32,1,1,1,1,1,1
"24527",191,"Ec_N",409,47,47,"Ec",32,1,1,1,1,1,1
"24528",191,"Ec_N",409,48,48,"Ec",32,1,1,1,1,1,1
"24529",191,"Ec_N",409,49,49,"Ec",32,1,1,1,1,1,1
"24530",191,"Ec_N",409,50,50,"Ec",32,1,1,1,1,1,1
"24531",191,"Ec_N",409,51,51,"Ec",32,1,1,1,1,1,1
"24532",191,"Ec_N",409,52,52,"Ec",32,1,1,1,1,1,1
"24533",191,"Ec_N",409,53,53,"Ec",32,1,1,1,1,1,1
"24534",191,"Ec_N",409,54,54,"Ec",32,1,1,1,1,1,1
"24535",191,"Ec_N",409,55,55,"Ec",32,1,1,1,1,1,1
"24536",191,"Ec_N",409,56,56,"Ec",32,1,1,1,1,1,1
"24537",191,"Ec_N",409,57,57,"Ec",32,1,1,1,1,1,1
"24538",191,"Ec_N",409,58,58,"Ec",32,1,1,1,1,1,1
"24539",191,"Ec_N",409,59,59,"Ec",32,1,1,1,1,1,1
"24540",191,"Ec_N",409,60,60,"Ec",32,1,1,1,1,1,1
"24541",191,"Ec_N",410,1,1,"Ec",1,0,0,0,0,0,0
"24542",191,"Ec_N",410,2,2,"Ec",1,0,0,0,0,0,0
"24543",191,"Ec_N",410,3,3,"Ec",2,1,0,0,0,0,0.198020370545937
"24544",191,"Ec_N",410,4,4,"Ec",2,1,0,0,0,0,0.198020370545937
"24545",191,"Ec_N",410,5,5,"Ec",2,1,0,0,0,0,0.198020370545937
"24546",191,"Ec_N",410,6,6,"Ec",18,1,0,0,0,1,0.646504780524047
"24547",191,"Ec_N",410,7,7,"Ec",18,1,0,0,0,1,0.646504780524047
"24548",191,"Ec_N",410,8,8,"Ec",18,1,0,0,0,1,0.646504780524047
"24549",191,"Ec_N",410,9,9,"Ec",22,1,0,1,0,1,0.92522428176681
"24550",191,"Ec_N",410,10,10,"Ec",22,1,0,1,0,1,0.92522428176681
"24551",191,"Ec_N",410,11,11,"Ec",22,1,0,1,0,1,0.92522428176681
"24552",191,"Ec_N",410,12,12,"Ec",22,1,0,1,0,1,0.92522428176681
"24553",191,"Ec_N",410,13,13,"Ec",22,1,0,1,0,1,0.92522428176681
"24554",191,"Ec_N",410,14,14,"Ec",22,1,0,1,0,1,0.92522428176681
"24555",191,"Ec_N",410,15,15,"Ec",24,1,1,1,0,1,0.969458006928044
"24556",191,"Ec_N",410,16,16,"Ec",24,1,1,1,0,1,0.969458006928044
"24557",191,"Ec_N",410,17,17,"Ec",24,1,1,1,0,1,0.969458006928044
"24558",191,"Ec_N",410,18,18,"Ec",24,1,1,1,0,1,0.969458006928044
"24559",191,"Ec_N",410,19,19,"Ec",24,1,1,1,0,1,0.969458006928044
"24560",191,"Ec_N",410,20,20,"Ec",24,1,1,1,0,1,0.969458006928044
"24561",191,"Ec_N",410,21,21,"Ec",24,1,1,1,0,1,0.969458006928044
"24562",191,"Ec_N",410,22,22,"Ec",24,1,1,1,0,1,0.969458006928044
"24563",191,"Ec_N",410,23,23,"Ec",24,1,1,1,0,1,0.969458006928044
"24564",191,"Ec_N",410,24,24,"Ec",24,1,1,1,0,1,0.969458006928044
"24565",191,"Ec_N",410,25,25,"Ec",24,1,1,1,0,1,0.969458006928044
"24566",191,"Ec_N",410,26,26,"Ec",24,1,1,1,0,1,0.969458006928044
"24567",191,"Ec_N",410,27,27,"Ec",24,1,1,1,0,1,0.969458006928044
"24568",191,"Ec_N",410,28,28,"Ec",24,1,1,1,0,1,0.969458006928044
"24569",191,"Ec_N",410,29,29,"Ec",24,1,1,1,0,1,0.969458006928044
"24570",191,"Ec_N",410,30,30,"Ec",24,1,1,1,0,1,0.969458006928044
"24571",191,"Ec_N",410,31,31,"Ec",24,1,1,1,0,1,0.969458006928044
"24572",191,"Ec_N",410,32,32,"Ec",24,1,1,1,0,1,0.969458006928044
"24573",191,"Ec_N",410,33,33,"Ec",32,1,1,1,1,1,1
"24574",191,"Ec_N",410,34,34,"Ec",32,1,1,1,1,1,1
"24575",191,"Ec_N",410,35,35,"Ec",32,1,1,1,1,1,1
"24576",191,"Ec_N",410,36,36,"Ec",32,1,1,1,1,1,1
"24577",191,"Ec_N",410,37,37,"Ec",32,1,1,1,1,1,1
"24578",191,"Ec_N",410,38,38,"Ec",32,1,1,1,1,1,1
"24579",191,"Ec_N",410,39,39,"Ec",32,1,1,1,1,1,1
"24580",191,"Ec_N",410,40,40,"Ec",32,1,1,1,1,1,1
"24581",191,"Ec_N",410,41,41,"Ec",32,1,1,1,1,1,1
"24582",191,"Ec_N",410,42,42,"Ec",32,1,1,1,1,1,1
"24583",191,"Ec_N",410,43,43,"Ec",32,1,1,1,1,1,1
"24584",191,"Ec_N",410,44,44,"Ec",32,1,1,1,1,1,1
"24585",191,"Ec_N",410,45,45,"Ec",32,1,1,1,1,1,1
"24586",191,"Ec_N",410,46,46,"Ec",32,1,1,1,1,1,1
"24587",191,"Ec_N",410,47,47,"Ec",32,1,1,1,1,1,1
"24588",191,"Ec_N",410,48,48,"Ec",32,1,1,1,1,1,1
"24589",191,"Ec_N",410,49,49,"Ec",32,1,1,1,1,1,1
"24590",191,"Ec_N",410,50,50,"Ec",32,1,1,1,1,1,1
"24591",191,"Ec_N",410,51,51,"Ec",32,1,1,1,1,1,1
"24592",191,"Ec_N",410,52,52,"Ec",32,1,1,1,1,1,1
"24593",191,"Ec_N",410,53,53,"Ec",32,1,1,1,1,1,1
"24594",191,"Ec_N",410,54,54,"Ec",32,1,1,1,1,1,1
"24595",191,"Ec_N",410,55,55,"Ec",32,1,1,1,1,1,1
"24596",191,"Ec_N",410,56,56,"Ec",32,1,1,1,1,1,1
"24597",191,"Ec_N",410,57,57,"Ec",32,1,1,1,1,1,1
"24598",191,"Ec_N",410,58,58,"Ec",32,1,1,1,1,1,1
"24599",191,"Ec_N",410,59,59,"Ec",32,1,1,1,1,1,1
"24600",191,"Ec_N",410,60,60,"Ec",32,1,1,1,1,1,1
"24601",191,"Ec_N",411,1,1,"Ec",1,0,0,0,0,0,0
"24602",191,"Ec_N",411,2,2,"Ec",3,0,1,0,0,0,0.041311480051295
"24603",191,"Ec_N",411,3,3,"Ec",3,0,1,0,0,0,0.041311480051295
"24604",191,"Ec_N",411,4,4,"Ec",3,0,1,0,0,0,0.041311480051295
"24605",191,"Ec_N",411,5,5,"Ec",3,0,1,0,0,0,0.041311480051295
"24606",191,"Ec_N",411,6,6,"Ec",3,0,1,0,0,0,0.041311480051295
"24607",191,"Ec_N",411,7,7,"Ec",3,0,1,0,0,0,0.041311480051295
"24608",191,"Ec_N",411,8,8,"Ec",3,0,1,0,0,0,0.041311480051295
"24609",191,"Ec_N",411,9,9,"Ec",7,0,1,1,0,0,0.589282297794007
"24610",191,"Ec_N",411,10,10,"Ec",7,0,1,1,0,0,0.589282297794007
"24611",191,"Ec_N",411,11,11,"Ec",7,0,1,1,0,0,0.589282297794007
"24612",191,"Ec_N",411,12,12,"Ec",7,0,1,1,0,0,0.589282297794007
"24613",191,"Ec_N",411,13,13,"Ec",7,0,1,1,0,0,0.589282297794007
"24614",191,"Ec_N",411,14,14,"Ec",7,0,1,1,0,0,0.589282297794007
"24615",191,"Ec_N",411,15,15,"Ec",7,0,1,1,0,0,0.589282297794007
"24616",191,"Ec_N",411,16,16,"Ec",7,0,1,1,0,0,0.589282297794007
"24617",191,"Ec_N",411,17,17,"Ec",7,0,1,1,0,0,0.589282297794007
"24618",191,"Ec_N",411,18,18,"Ec",7,0,1,1,0,0,0.589282297794007
"24619",191,"Ec_N",411,19,19,"Ec",7,0,1,1,0,0,0.589282297794007
"24620",191,"Ec_N",411,20,20,"Ec",7,0,1,1,0,0,0.589282297794007
"24621",191,"Ec_N",411,21,21,"Ec",7,0,1,1,0,0,0.589282297794007
"24622",191,"Ec_N",411,22,22,"Ec",7,0,1,1,0,0,0.589282297794007
"24623",191,"Ec_N",411,23,23,"Ec",7,0,1,1,0,0,0.589282297794007
"24624",191,"Ec_N",411,24,24,"Ec",23,0,1,1,0,1,0.616809062130864
"24625",191,"Ec_N",411,25,25,"Ec",23,0,1,1,0,1,0.616809062130864
"24626",191,"Ec_N",411,26,26,"Ec",23,0,1,1,0,1,0.616809062130864
"24627",191,"Ec_N",411,27,27,"Ec",23,0,1,1,0,1,0.616809062130864
"24628",191,"Ec_N",411,28,28,"Ec",24,1,1,1,0,1,0.969458006928044
"24629",191,"Ec_N",411,29,29,"Ec",24,1,1,1,0,1,0.969458006928044
"24630",191,"Ec_N",411,30,30,"Ec",24,1,1,1,0,1,0.969458006928044
"24631",191,"Ec_N",411,31,31,"Ec",24,1,1,1,0,1,0.969458006928044
"24632",191,"Ec_N",411,32,32,"Ec",24,1,1,1,0,1,0.969458006928044
"24633",191,"Ec_N",411,33,33,"Ec",24,1,1,1,0,1,0.969458006928044
"24634",191,"Ec_N",411,34,34,"Ec",24,1,1,1,0,1,0.969458006928044
"24635",191,"Ec_N",411,35,35,"Ec",24,1,1,1,0,1,0.969458006928044
"24636",191,"Ec_N",411,36,36,"Ec",24,1,1,1,0,1,0.969458006928044
"24637",191,"Ec_N",411,37,37,"Ec",24,1,1,1,0,1,0.969458006928044
"24638",191,"Ec_N",411,38,38,"Ec",24,1,1,1,0,1,0.969458006928044
"24639",191,"Ec_N",411,39,39,"Ec",24,1,1,1,0,1,0.969458006928044
"24640",191,"Ec_N",411,40,40,"Ec",32,1,1,1,1,1,1
"24641",191,"Ec_N",411,41,41,"Ec",32,1,1,1,1,1,1
"24642",191,"Ec_N",411,42,42,"Ec",32,1,1,1,1,1,1
"24643",191,"Ec_N",411,43,43,"Ec",32,1,1,1,1,1,1
"24644",191,"Ec_N",411,44,44,"Ec",32,1,1,1,1,1,1
"24645",191,"Ec_N",411,45,45,"Ec",32,1,1,1,1,1,1
"24646",191,"Ec_N",411,46,46,"Ec",32,1,1,1,1,1,1
"24647",191,"Ec_N",411,47,47,"Ec",32,1,1,1,1,1,1
"24648",191,"Ec_N",411,48,48,"Ec",32,1,1,1,1,1,1
"24649",191,"Ec_N",411,49,49,"Ec",32,1,1,1,1,1,1
"24650",191,"Ec_N",411,50,50,"Ec",32,1,1,1,1,1,1
"24651",191,"Ec_N",411,51,51,"Ec",32,1,1,1,1,1,1
"24652",191,"Ec_N",411,52,52,"Ec",32,1,1,1,1,1,1
"24653",191,"Ec_N",411,53,53,"Ec",32,1,1,1,1,1,1
"24654",191,"Ec_N",411,54,54,"Ec",32,1,1,1,1,1,1
"24655",191,"Ec_N",411,55,55,"Ec",32,1,1,1,1,1,1
"24656",191,"Ec_N",411,56,56,"Ec",32,1,1,1,1,1,1
"24657",191,"Ec_N",411,57,57,"Ec",32,1,1,1,1,1,1
"24658",191,"Ec_N",411,58,58,"Ec",32,1,1,1,1,1,1
"24659",191,"Ec_N",411,59,59,"Ec",32,1,1,1,1,1,1
"24660",191,"Ec_N",411,60,60,"Ec",32,1,1,1,1,1,1
"24661",191,"Ec_N",412,1,1,"Ec",1,0,0,0,0,0,0
"24662",191,"Ec_N",412,2,2,"Ec",1,0,0,0,0,0,0
"24663",191,"Ec_N",412,3,3,"Ec",1,0,0,0,0,0,0
"24664",191,"Ec_N",412,4,4,"Ec",1,0,0,0,0,0,0
"24665",191,"Ec_N",412,5,5,"Ec",1,0,0,0,0,0,0
"24666",191,"Ec_N",412,6,6,"Ec",1,0,0,0,0,0,0
"24667",191,"Ec_N",412,7,7,"Ec",1,0,0,0,0,0,0
"24668",191,"Ec_N",412,8,8,"Ec",5,0,0,1,0,0,0.49313446766664
"24669",191,"Ec_N",412,9,9,"Ec",5,0,0,1,0,0,0.49313446766664
"24670",191,"Ec_N",412,10,10,"Ec",5,0,0,1,0,0,0.49313446766664
"24671",191,"Ec_N",412,11,11,"Ec",6,1,0,1,0,0,0.542157591427696
"24672",191,"Ec_N",412,12,12,"Ec",6,1,0,1,0,0,0.542157591427696
"24673",191,"Ec_N",412,13,13,"Ec",6,1,0,1,0,0,0.542157591427696
"24674",191,"Ec_N",412,14,14,"Ec",14,1,0,1,1,0,0.746777083195453
"24675",191,"Ec_N",412,15,15,"Ec",14,1,0,1,1,0,0.746777083195453
"24676",191,"Ec_N",412,16,16,"Ec",14,1,0,1,1,0,0.746777083195453
"24677",191,"Ec_N",412,17,17,"Ec",14,1,0,1,1,0,0.746777083195453
"24678",191,"Ec_N",412,18,18,"Ec",14,1,0,1,1,0,0.746777083195453
"24679",191,"Ec_N",412,19,19,"Ec",14,1,0,1,1,0,0.746777083195453
"24680",191,"Ec_N",412,20,20,"Ec",14,1,0,1,1,0,0.746777083195453
"24681",191,"Ec_N",412,21,21,"Ec",14,1,0,1,1,0,0.746777083195453
"24682",191,"Ec_N",412,22,22,"Ec",14,1,0,1,1,0,0.746777083195453
"24683",191,"Ec_N",412,23,23,"Ec",14,1,0,1,1,0,0.746777083195453
"24684",191,"Ec_N",412,24,24,"Ec",14,1,0,1,1,0,0.746777083195453
"24685",191,"Ec_N",412,25,25,"Ec",14,1,0,1,1,0,0.746777083195453
"24686",191,"Ec_N",412,26,26,"Ec",14,1,0,1,1,0,0.746777083195453
"24687",191,"Ec_N",412,27,27,"Ec",14,1,0,1,1,0,0.746777083195453
"24688",191,"Ec_N",412,28,28,"Ec",14,1,0,1,1,0,0.746777083195453
"24689",191,"Ec_N",412,29,29,"Ec",14,1,0,1,1,0,0.746777083195453
"24690",191,"Ec_N",412,30,30,"Ec",14,1,0,1,1,0,0.746777083195453
"24691",191,"Ec_N",412,31,31,"Ec",14,1,0,1,1,0,0.746777083195453
"24692",191,"Ec_N",412,32,32,"Ec",14,1,0,1,1,0,0.746777083195453
"24693",191,"Ec_N",412,33,33,"Ec",14,1,0,1,1,0,0.746777083195453
"24694",191,"Ec_N",412,34,34,"Ec",14,1,0,1,1,0,0.746777083195453
"24695",191,"Ec_N",412,35,35,"Ec",14,1,0,1,1,0,0.746777083195453
"24696",191,"Ec_N",412,36,36,"Ec",14,1,0,1,1,0,0.746777083195453
"24697",191,"Ec_N",412,37,37,"Ec",14,1,0,1,1,0,0.746777083195453
"24698",191,"Ec_N",412,38,38,"Ec",14,1,0,1,1,0,0.746777083195453
"24699",191,"Ec_N",412,39,39,"Ec",30,1,0,1,1,1,0.958688519948705
"24700",191,"Ec_N",412,40,40,"Ec",30,1,0,1,1,1,0.958688519948705
"24701",191,"Ec_N",412,41,41,"Ec",30,1,0,1,1,1,0.958688519948705
"24702",191,"Ec_N",412,42,42,"Ec",30,1,0,1,1,1,0.958688519948705
"24703",191,"Ec_N",412,43,43,"Ec",30,1,0,1,1,1,0.958688519948705
"24704",191,"Ec_N",412,44,44,"Ec",30,1,0,1,1,1,0.958688519948705
"24705",191,"Ec_N",412,45,45,"Ec",30,1,0,1,1,1,0.958688519948705
"24706",191,"Ec_N",412,46,46,"Ec",30,1,0,1,1,1,0.958688519948705
"24707",191,"Ec_N",412,47,47,"Ec",30,1,0,1,1,1,0.958688519948705
"24708",191,"Ec_N",412,48,48,"Ec",30,1,0,1,1,1,0.958688519948705
"24709",191,"Ec_N",412,49,49,"Ec",30,1,0,1,1,1,0.958688519948705
"24710",191,"Ec_N",412,50,50,"Ec",30,1,0,1,1,1,0.958688519948705
"24711",191,"Ec_N",412,51,51,"Ec",30,1,0,1,1,1,0.958688519948705
"24712",191,"Ec_N",412,52,52,"Ec",30,1,0,1,1,1,0.958688519948705
"24713",191,"Ec_N",412,53,53,"Ec",30,1,0,1,1,1,0.958688519948705
"24714",191,"Ec_N",412,54,54,"Ec",30,1,0,1,1,1,0.958688519948705
"24715",191,"Ec_N",412,55,55,"Ec",30,1,0,1,1,1,0.958688519948705
"24716",191,"Ec_N",412,56,56,"Ec",30,1,0,1,1,1,0.958688519948705
"24717",191,"Ec_N",412,57,57,"Ec",30,1,0,1,1,1,0.958688519948705
"24718",191,"Ec_N",412,58,58,"Ec",32,1,1,1,1,1,1
"24719",191,"Ec_N",412,59,59,"Ec",32,1,1,1,1,1,1
"24720",191,"Ec_N",412,60,60,"Ec",32,1,1,1,1,1,1
"24721",191,"Ec_N",413,1,1,"Ec",1,0,0,0,0,0,0
"24722",191,"Ec_N",413,2,2,"Ec",1,0,0,0,0,0,0
"24723",191,"Ec_N",413,3,3,"Ec",1,0,0,0,0,0,0
"24724",191,"Ec_N",413,4,4,"Ec",1,0,0,0,0,0,0
"24725",191,"Ec_N",413,5,5,"Ec",1,0,0,0,0,0,0
"24726",191,"Ec_N",413,6,6,"Ec",1,0,0,0,0,0,0
"24727",191,"Ec_N",413,7,7,"Ec",1,0,0,0,0,0,0
"24728",191,"Ec_N",413,8,8,"Ec",1,0,0,0,0,0,0
"24729",191,"Ec_N",413,9,9,"Ec",1,0,0,0,0,0,0
"24730",191,"Ec_N",413,10,10,"Ec",1,0,0,0,0,0,0
"24731",191,"Ec_N",413,11,11,"Ec",2,1,0,0,0,0,0.198020370545937
"24732",191,"Ec_N",413,12,12,"Ec",2,1,0,0,0,0,0.198020370545937
"24733",191,"Ec_N",413,13,13,"Ec",2,1,0,0,0,0,0.198020370545937
"24734",191,"Ec_N",413,14,14,"Ec",2,1,0,0,0,0,0.198020370545937
"24735",191,"Ec_N",413,15,15,"Ec",2,1,0,0,0,0,0.198020370545937
"24736",191,"Ec_N",413,16,16,"Ec",10,1,0,0,1,0,0.228562363617893
"24737",191,"Ec_N",413,17,17,"Ec",10,1,0,0,1,0,0.228562363617893
"24738",191,"Ec_N",413,18,18,"Ec",10,1,0,0,1,0,0.228562363617893
"24739",191,"Ec_N",413,19,19,"Ec",10,1,0,0,1,0,0.228562363617893
"24740",191,"Ec_N",413,20,20,"Ec",10,1,0,0,1,0,0.228562363617893
"24741",191,"Ec_N",413,21,21,"Ec",12,1,1,0,1,0,0.259780205416137
"24742",191,"Ec_N",413,22,22,"Ec",12,1,1,0,1,0,0.259780205416137
"24743",191,"Ec_N",413,23,23,"Ec",12,1,1,0,1,0,0.259780205416137
"24744",191,"Ec_N",413,24,24,"Ec",12,1,1,0,1,0,0.259780205416137
"24745",191,"Ec_N",413,25,25,"Ec",12,1,1,0,1,0,0.259780205416137
"24746",191,"Ec_N",413,26,26,"Ec",28,1,1,0,1,1,0.681047421119041
"24747",191,"Ec_N",413,27,27,"Ec",28,1,1,0,1,1,0.681047421119041
"24748",191,"Ec_N",413,28,28,"Ec",28,1,1,0,1,1,0.681047421119041
"24749",191,"Ec_N",413,29,29,"Ec",28,1,1,0,1,1,0.681047421119041
"24750",191,"Ec_N",413,30,30,"Ec",28,1,1,0,1,1,0.681047421119041
"24751",191,"Ec_N",413,31,31,"Ec",32,1,1,1,1,1,1
"24752",191,"Ec_N",413,32,32,"Ec",32,1,1,1,1,1,1
"24753",191,"Ec_N",413,33,33,"Ec",32,1,1,1,1,1,1
"24754",191,"Ec_N",413,34,34,"Ec",32,1,1,1,1,1,1
"24755",191,"Ec_N",413,35,35,"Ec",32,1,1,1,1,1,1
"24756",191,"Ec_N",413,36,36,"Ec",32,1,1,1,1,1,1
"24757",191,"Ec_N",413,37,37,"Ec",32,1,1,1,1,1,1
"24758",191,"Ec_N",413,38,38,"Ec",32,1,1,1,1,1,1
"24759",191,"Ec_N",413,39,39,"Ec",32,1,1,1,1,1,1
"24760",191,"Ec_N",413,40,40,"Ec",32,1,1,1,1,1,1
"24761",191,"Ec_N",413,41,41,"Ec",32,1,1,1,1,1,1
"24762",191,"Ec_N",413,42,42,"Ec",32,1,1,1,1,1,1
"24763",191,"Ec_N",413,43,43,"Ec",32,1,1,1,1,1,1
"24764",191,"Ec_N",413,44,44,"Ec",32,1,1,1,1,1,1
"24765",191,"Ec_N",413,45,45,"Ec",32,1,1,1,1,1,1
"24766",191,"Ec_N",413,46,46,"Ec",32,1,1,1,1,1,1
"24767",191,"Ec_N",413,47,47,"Ec",32,1,1,1,1,1,1
"24768",191,"Ec_N",413,48,48,"Ec",32,1,1,1,1,1,1
"24769",191,"Ec_N",413,49,49,"Ec",32,1,1,1,1,1,1
"24770",191,"Ec_N",413,50,50,"Ec",32,1,1,1,1,1,1
"24771",191,"Ec_N",413,51,51,"Ec",32,1,1,1,1,1,1
"24772",191,"Ec_N",413,52,52,"Ec",32,1,1,1,1,1,1
"24773",191,"Ec_N",413,53,53,"Ec",32,1,1,1,1,1,1
"24774",191,"Ec_N",413,54,54,"Ec",32,1,1,1,1,1,1
"24775",191,"Ec_N",413,55,55,"Ec",32,1,1,1,1,1,1
"24776",191,"Ec_N",413,56,56,"Ec",32,1,1,1,1,1,1
"24777",191,"Ec_N",413,57,57,"Ec",32,1,1,1,1,1,1
"24778",191,"Ec_N",413,58,58,"Ec",32,1,1,1,1,1,1
"24779",191,"Ec_N",413,59,59,"Ec",32,1,1,1,1,1,1
"24780",191,"Ec_N",413,60,60,"Ec",32,1,1,1,1,1,1
"24781",191,"Ec_N",414,1,1,"Ec",1,0,0,0,0,0,0
"24782",191,"Ec_N",414,2,2,"Ec",1,0,0,0,0,0,0
"24783",191,"Ec_N",414,3,3,"Ec",1,0,0,0,0,0,0
"24784",191,"Ec_N",414,4,4,"Ec",17,0,0,0,0,1,0.229834113103391
"24785",191,"Ec_N",414,5,5,"Ec",18,1,0,0,0,1,0.646504780524047
"24786",191,"Ec_N",414,6,6,"Ec",18,1,0,0,0,1,0.646504780524047
"24787",191,"Ec_N",414,7,7,"Ec",18,1,0,0,0,1,0.646504780524047
"24788",191,"Ec_N",414,8,8,"Ec",18,1,0,0,0,1,0.646504780524047
"24789",191,"Ec_N",414,9,9,"Ec",18,1,0,0,0,1,0.646504780524047
"24790",191,"Ec_N",414,10,10,"Ec",18,1,0,0,0,1,0.646504780524047
"24791",191,"Ec_N",414,11,11,"Ec",18,1,0,0,0,1,0.646504780524047
"24792",191,"Ec_N",414,12,12,"Ec",18,1,0,0,0,1,0.646504780524047
"24793",191,"Ec_N",414,13,13,"Ec",18,1,0,0,0,1,0.646504780524047
"24794",191,"Ec_N",414,14,14,"Ec",18,1,0,0,0,1,0.646504780524047
"24795",191,"Ec_N",414,15,15,"Ec",18,1,0,0,0,1,0.646504780524047
"24796",191,"Ec_N",414,16,16,"Ec",18,1,0,0,0,1,0.646504780524047
"24797",191,"Ec_N",414,17,17,"Ec",18,1,0,0,0,1,0.646504780524047
"24798",191,"Ec_N",414,18,18,"Ec",18,1,0,0,0,1,0.646504780524047
"24799",191,"Ec_N",414,19,19,"Ec",18,1,0,0,0,1,0.646504780524047
"24800",191,"Ec_N",414,20,20,"Ec",18,1,0,0,0,1,0.646504780524047
"24801",191,"Ec_N",414,21,21,"Ec",18,1,0,0,0,1,0.646504780524047
"24802",191,"Ec_N",414,22,22,"Ec",22,1,0,1,0,1,0.92522428176681
"24803",191,"Ec_N",414,23,23,"Ec",22,1,0,1,0,1,0.92522428176681
"24804",191,"Ec_N",414,24,24,"Ec",22,1,0,1,0,1,0.92522428176681
"24805",191,"Ec_N",414,25,25,"Ec",22,1,0,1,0,1,0.92522428176681
"24806",191,"Ec_N",414,26,26,"Ec",22,1,0,1,0,1,0.92522428176681
"24807",191,"Ec_N",414,27,27,"Ec",22,1,0,1,0,1,0.92522428176681
"24808",191,"Ec_N",414,28,28,"Ec",22,1,0,1,0,1,0.92522428176681
"24809",191,"Ec_N",414,29,29,"Ec",22,1,0,1,0,1,0.92522428176681
"24810",191,"Ec_N",414,30,30,"Ec",22,1,0,1,0,1,0.92522428176681
"24811",191,"Ec_N",414,31,31,"Ec",22,1,0,1,0,1,0.92522428176681
"24812",191,"Ec_N",414,32,32,"Ec",22,1,0,1,0,1,0.92522428176681
"24813",191,"Ec_N",414,33,33,"Ec",22,1,0,1,0,1,0.92522428176681
"24814",191,"Ec_N",414,34,34,"Ec",22,1,0,1,0,1,0.92522428176681
"24815",191,"Ec_N",414,35,35,"Ec",22,1,0,1,0,1,0.92522428176681
"24816",191,"Ec_N",414,36,36,"Ec",22,1,0,1,0,1,0.92522428176681
"24817",191,"Ec_N",414,37,37,"Ec",24,1,1,1,0,1,0.969458006928044
"24818",191,"Ec_N",414,38,38,"Ec",24,1,1,1,0,1,0.969458006928044
"24819",191,"Ec_N",414,39,39,"Ec",24,1,1,1,0,1,0.969458006928044
"24820",191,"Ec_N",414,40,40,"Ec",24,1,1,1,0,1,0.969458006928044
"24821",191,"Ec_N",414,41,41,"Ec",24,1,1,1,0,1,0.969458006928044
"24822",191,"Ec_N",414,42,42,"Ec",24,1,1,1,0,1,0.969458006928044
"24823",191,"Ec_N",414,43,43,"Ec",24,1,1,1,0,1,0.969458006928044
"24824",191,"Ec_N",414,44,44,"Ec",24,1,1,1,0,1,0.969458006928044
"24825",191,"Ec_N",414,45,45,"Ec",24,1,1,1,0,1,0.969458006928044
"24826",191,"Ec_N",414,46,46,"Ec",24,1,1,1,0,1,0.969458006928044
"24827",191,"Ec_N",414,47,47,"Ec",24,1,1,1,0,1,0.969458006928044
"24828",191,"Ec_N",414,48,48,"Ec",24,1,1,1,0,1,0.969458006928044
"24829",191,"Ec_N",414,49,49,"Ec",24,1,1,1,0,1,0.969458006928044
"24830",191,"Ec_N",414,50,50,"Ec",24,1,1,1,0,1,0.969458006928044
"24831",191,"Ec_N",414,51,51,"Ec",24,1,1,1,0,1,0.969458006928044
"24832",191,"Ec_N",414,52,52,"Ec",24,1,1,1,0,1,0.969458006928044
"24833",191,"Ec_N",414,53,53,"Ec",24,1,1,1,0,1,0.969458006928044
"24834",191,"Ec_N",414,54,54,"Ec",24,1,1,1,0,1,0.969458006928044
"24835",191,"Ec_N",414,55,55,"Ec",24,1,1,1,0,1,0.969458006928044
"24836",191,"Ec_N",414,56,56,"Ec",24,1,1,1,0,1,0.969458006928044
"24837",191,"Ec_N",414,57,57,"Ec",24,1,1,1,0,1,0.969458006928044
"24838",191,"Ec_N",414,58,58,"Ec",24,1,1,1,0,1,0.969458006928044
"24839",191,"Ec_N",414,59,59,"Ec",24,1,1,1,0,1,0.969458006928044
"24840",191,"Ec_N",414,60,60,"Ec",24,1,1,1,0,1,0.969458006928044
"24841",191,"Ec_N",415,1,1,"Ec",1,0,0,0,0,0,0
"24842",191,"Ec_N",415,2,2,"Ec",1,0,0,0,0,0,0
"24843",191,"Ec_N",415,3,3,"Ec",1,0,0,0,0,0,0
"24844",191,"Ec_N",415,4,4,"Ec",1,0,0,0,0,0,0
"24845",191,"Ec_N",415,5,5,"Ec",3,0,1,0,0,0,0.041311480051295
"24846",191,"Ec_N",415,6,6,"Ec",3,0,1,0,0,0,0.041311480051295
"24847",191,"Ec_N",415,7,7,"Ec",3,0,1,0,0,0,0.041311480051295
"24848",191,"Ec_N",415,8,8,"Ec",3,0,1,0,0,0,0.041311480051295
"24849",191,"Ec_N",415,9,9,"Ec",3,0,1,0,0,0,0.041311480051295
"24850",191,"Ec_N",415,10,10,"Ec",7,0,1,1,0,0,0.589282297794007
"24851",191,"Ec_N",415,11,11,"Ec",7,0,1,1,0,0,0.589282297794007
"24852",191,"Ec_N",415,12,12,"Ec",7,0,1,1,0,0,0.589282297794007
"24853",191,"Ec_N",415,13,13,"Ec",7,0,1,1,0,0,0.589282297794007
"24854",191,"Ec_N",415,14,14,"Ec",7,0,1,1,0,0,0.589282297794007
"24855",191,"Ec_N",415,15,15,"Ec",7,0,1,1,0,0,0.589282297794007
"24856",191,"Ec_N",415,16,16,"Ec",7,0,1,1,0,0,0.589282297794007
"24857",191,"Ec_N",415,17,17,"Ec",7,0,1,1,0,0,0.589282297794007
"24858",191,"Ec_N",415,18,18,"Ec",7,0,1,1,0,0,0.589282297794007
"24859",191,"Ec_N",415,19,19,"Ec",7,0,1,1,0,0,0.589282297794007
"24860",191,"Ec_N",415,20,20,"Ec",7,0,1,1,0,0,0.589282297794007
"24861",191,"Ec_N",415,21,21,"Ec",7,0,1,1,0,0,0.589282297794007
"24862",191,"Ec_N",415,22,22,"Ec",7,0,1,1,0,0,0.589282297794007
"24863",191,"Ec_N",415,23,23,"Ec",7,0,1,1,0,0,0.589282297794007
"24864",191,"Ec_N",415,24,24,"Ec",7,0,1,1,0,0,0.589282297794007
"24865",191,"Ec_N",415,25,25,"Ec",7,0,1,1,0,0,0.589282297794007
"24866",191,"Ec_N",415,26,26,"Ec",7,0,1,1,0,0,0.589282297794007
"24867",191,"Ec_N",415,27,27,"Ec",7,0,1,1,0,0,0.589282297794007
"24868",191,"Ec_N",415,28,28,"Ec",7,0,1,1,0,0,0.589282297794007
"24869",191,"Ec_N",415,29,29,"Ec",7,0,1,1,0,0,0.589282297794007
"24870",191,"Ec_N",415,30,30,"Ec",7,0,1,1,0,0,0.589282297794007
"24871",191,"Ec_N",415,31,31,"Ec",7,0,1,1,0,0,0.589282297794007
"24872",191,"Ec_N",415,32,32,"Ec",7,0,1,1,0,0,0.589282297794007
"24873",191,"Ec_N",415,33,33,"Ec",7,0,1,1,0,0,0.589282297794007
"24874",191,"Ec_N",415,34,34,"Ec",7,0,1,1,0,0,0.589282297794007
"24875",191,"Ec_N",415,35,35,"Ec",7,0,1,1,0,0,0.589282297794007
"24876",191,"Ec_N",415,36,36,"Ec",7,0,1,1,0,0,0.589282297794007
"24877",191,"Ec_N",415,37,37,"Ec",7,0,1,1,0,0,0.589282297794007
"24878",191,"Ec_N",415,38,38,"Ec",7,0,1,1,0,0,0.589282297794007
"24879",191,"Ec_N",415,39,39,"Ec",7,0,1,1,0,0,0.589282297794007
"24880",191,"Ec_N",415,40,40,"Ec",7,0,1,1,0,0,0.589282297794007
"24881",191,"Ec_N",415,41,41,"Ec",7,0,1,1,0,0,0.589282297794007
"24882",191,"Ec_N",415,42,42,"Ec",7,0,1,1,0,0,0.589282297794007
"24883",191,"Ec_N",415,43,43,"Ec",7,0,1,1,0,0,0.589282297794007
"24884",191,"Ec_N",415,44,44,"Ec",7,0,1,1,0,0,0.589282297794007
"24885",191,"Ec_N",415,45,45,"Ec",7,0,1,1,0,0,0.589282297794007
"24886",191,"Ec_N",415,46,46,"Ec",7,0,1,1,0,0,0.589282297794007
"24887",191,"Ec_N",415,47,47,"Ec",7,0,1,1,0,0,0.589282297794007
"24888",191,"Ec_N",415,48,48,"Ec",7,0,1,1,0,0,0.589282297794007
"24889",191,"Ec_N",415,49,49,"Ec",7,0,1,1,0,0,0.589282297794007
"24890",191,"Ec_N",415,50,50,"Ec",7,0,1,1,0,0,0.589282297794007
"24891",191,"Ec_N",415,51,51,"Ec",7,0,1,1,0,0,0.589282297794007
"24892",191,"Ec_N",415,52,52,"Ec",7,0,1,1,0,0,0.589282297794007
"24893",191,"Ec_N",415,53,53,"Ec",7,0,1,1,0,0,0.589282297794007
"24894",191,"Ec_N",415,54,54,"Ec",7,0,1,1,0,0,0.589282297794007
"24895",191,"Ec_N",415,55,55,"Ec",7,0,1,1,0,0,0.589282297794007
"24896",191,"Ec_N",415,56,56,"Ec",7,0,1,1,0,0,0.589282297794007
"24897",191,"Ec_N",415,57,57,"Ec",7,0,1,1,0,0,0.589282297794007
"24898",191,"Ec_N",415,58,58,"Ec",7,0,1,1,0,0,0.589282297794007
"24899",191,"Ec_N",415,59,59,"Ec",7,0,1,1,0,0,0.589282297794007
"24900",191,"Ec_N",415,60,60,"Ec",7,0,1,1,0,0,0.589282297794007
"24901",191,"Ec_N",416,1,1,"Ec",1,0,0,0,0,0,0
"24902",191,"Ec_N",416,2,2,"Ec",3,0,1,0,0,0,0.041311480051295
"24903",191,"Ec_N",416,3,3,"Ec",3,0,1,0,0,0,0.041311480051295
"24904",191,"Ec_N",416,4,4,"Ec",3,0,1,0,0,0,0.041311480051295
"24905",191,"Ec_N",416,5,5,"Ec",3,0,1,0,0,0,0.041311480051295
"24906",191,"Ec_N",416,6,6,"Ec",3,0,1,0,0,0,0.041311480051295
"24907",191,"Ec_N",416,7,7,"Ec",3,0,1,0,0,0,0.041311480051295
"24908",191,"Ec_N",416,8,8,"Ec",3,0,1,0,0,0,0.041311480051295
"24909",191,"Ec_N",416,9,9,"Ec",19,0,1,0,0,1,0.427300415500348
"24910",191,"Ec_N",416,10,10,"Ec",19,0,1,0,0,1,0.427300415500348
"24911",191,"Ec_N",416,11,11,"Ec",19,0,1,0,0,1,0.427300415500348
"24912",191,"Ec_N",416,12,12,"Ec",19,0,1,0,0,1,0.427300415500348
"24913",191,"Ec_N",416,13,13,"Ec",19,0,1,0,0,1,0.427300415500348
"24914",191,"Ec_N",416,14,14,"Ec",19,0,1,0,0,1,0.427300415500348
"24915",191,"Ec_N",416,15,15,"Ec",19,0,1,0,0,1,0.427300415500348
"24916",191,"Ec_N",416,16,16,"Ec",19,0,1,0,0,1,0.427300415500348
"24917",191,"Ec_N",416,17,17,"Ec",19,0,1,0,0,1,0.427300415500348
"24918",191,"Ec_N",416,18,18,"Ec",19,0,1,0,0,1,0.427300415500348
"24919",191,"Ec_N",416,19,19,"Ec",19,0,1,0,0,1,0.427300415500348
"24920",191,"Ec_N",416,20,20,"Ec",19,0,1,0,0,1,0.427300415500348
"24921",191,"Ec_N",416,21,21,"Ec",19,0,1,0,0,1,0.427300415500348
"24922",191,"Ec_N",416,22,22,"Ec",19,0,1,0,0,1,0.427300415500348
"24923",191,"Ec_N",416,23,23,"Ec",19,0,1,0,0,1,0.427300415500348
"24924",191,"Ec_N",416,24,24,"Ec",19,0,1,0,0,1,0.427300415500348
"24925",191,"Ec_N",416,25,25,"Ec",19,0,1,0,0,1,0.427300415500348
"24926",191,"Ec_N",416,26,26,"Ec",19,0,1,0,0,1,0.427300415500348
"24927",191,"Ec_N",416,27,27,"Ec",19,0,1,0,0,1,0.427300415500348
"24928",191,"Ec_N",416,28,28,"Ec",19,0,1,0,0,1,0.427300415500348
"24929",191,"Ec_N",416,29,29,"Ec",19,0,1,0,0,1,0.427300415500348
"24930",191,"Ec_N",416,30,30,"Ec",19,0,1,0,0,1,0.427300415500348
"24931",191,"Ec_N",416,31,31,"Ec",19,0,1,0,0,1,0.427300415500348
"24932",191,"Ec_N",416,32,32,"Ec",23,0,1,1,0,1,0.616809062130864
"24933",191,"Ec_N",416,33,33,"Ec",24,1,1,1,0,1,0.969458006928044
"24934",191,"Ec_N",416,34,34,"Ec",24,1,1,1,0,1,0.969458006928044
"24935",191,"Ec_N",416,35,35,"Ec",24,1,1,1,0,1,0.969458006928044
"24936",191,"Ec_N",416,36,36,"Ec",24,1,1,1,0,1,0.969458006928044
"24937",191,"Ec_N",416,37,37,"Ec",24,1,1,1,0,1,0.969458006928044
"24938",191,"Ec_N",416,38,38,"Ec",24,1,1,1,0,1,0.969458006928044
"24939",191,"Ec_N",416,39,39,"Ec",24,1,1,1,0,1,0.969458006928044
"24940",191,"Ec_N",416,40,40,"Ec",24,1,1,1,0,1,0.969458006928044
"24941",191,"Ec_N",416,41,41,"Ec",24,1,1,1,0,1,0.969458006928044
"24942",191,"Ec_N",416,42,42,"Ec",24,1,1,1,0,1,0.969458006928044
"24943",191,"Ec_N",416,43,43,"Ec",24,1,1,1,0,1,0.969458006928044
"24944",191,"Ec_N",416,44,44,"Ec",24,1,1,1,0,1,0.969458006928044
"24945",191,"Ec_N",416,45,45,"Ec",24,1,1,1,0,1,0.969458006928044
"24946",191,"Ec_N",416,46,46,"Ec",24,1,1,1,0,1,0.969458006928044
"24947",191,"Ec_N",416,47,47,"Ec",24,1,1,1,0,1,0.969458006928044
"24948",191,"Ec_N",416,48,48,"Ec",24,1,1,1,0,1,0.969458006928044
"24949",191,"Ec_N",416,49,49,"Ec",24,1,1,1,0,1,0.969458006928044
"24950",191,"Ec_N",416,50,50,"Ec",24,1,1,1,0,1,0.969458006928044
"24951",191,"Ec_N",416,51,51,"Ec",24,1,1,1,0,1,0.969458006928044
"24952",191,"Ec_N",416,52,52,"Ec",24,1,1,1,0,1,0.969458006928044
"24953",191,"Ec_N",416,53,53,"Ec",24,1,1,1,0,1,0.969458006928044
"24954",191,"Ec_N",416,54,54,"Ec",32,1,1,1,1,1,1
"24955",191,"Ec_N",416,55,55,"Ec",32,1,1,1,1,1,1
"24956",191,"Ec_N",416,56,56,"Ec",32,1,1,1,1,1,1
"24957",191,"Ec_N",416,57,57,"Ec",32,1,1,1,1,1,1
"24958",191,"Ec_N",416,58,58,"Ec",32,1,1,1,1,1,1
"24959",191,"Ec_N",416,59,59,"Ec",32,1,1,1,1,1,1
"24960",191,"Ec_N",416,60,60,"Ec",32,1,1,1,1,1,1
"24961",191,"Ec_N",417,1,1,"Ec",1,0,0,0,0,0,0
"24962",191,"Ec_N",417,2,2,"Ec",1,0,0,0,0,0,0
"24963",191,"Ec_N",417,3,3,"Ec",1,0,0,0,0,0,0
"24964",191,"Ec_N",417,4,4,"Ec",1,0,0,0,0,0,0
"24965",191,"Ec_N",417,5,5,"Ec",1,0,0,0,0,0,0
"24966",191,"Ec_N",417,6,6,"Ec",1,0,0,0,0,0,0
"24967",191,"Ec_N",417,7,7,"Ec",1,0,0,0,0,0,0
"24968",191,"Ec_N",417,8,8,"Ec",3,0,1,0,0,0,0.041311480051295
"24969",191,"Ec_N",417,9,9,"Ec",3,0,1,0,0,0,0.041311480051295
"24970",191,"Ec_N",417,10,10,"Ec",3,0,1,0,0,0,0.041311480051295
"24971",191,"Ec_N",417,11,11,"Ec",3,0,1,0,0,0,0.041311480051295
"24972",191,"Ec_N",417,12,12,"Ec",3,0,1,0,0,0,0.041311480051295
"24973",191,"Ec_N",417,13,13,"Ec",19,0,1,0,0,1,0.427300415500348
"24974",191,"Ec_N",417,14,14,"Ec",19,0,1,0,0,1,0.427300415500348
"24975",191,"Ec_N",417,15,15,"Ec",19,0,1,0,0,1,0.427300415500348
"24976",191,"Ec_N",417,16,16,"Ec",19,0,1,0,0,1,0.427300415500348
"24977",191,"Ec_N",417,17,17,"Ec",19,0,1,0,0,1,0.427300415500348
"24978",191,"Ec_N",417,18,18,"Ec",19,0,1,0,0,1,0.427300415500348
"24979",191,"Ec_N",417,19,19,"Ec",19,0,1,0,0,1,0.427300415500348
"24980",191,"Ec_N",417,20,20,"Ec",19,0,1,0,0,1,0.427300415500348
"24981",191,"Ec_N",417,21,21,"Ec",19,0,1,0,0,1,0.427300415500348
"24982",191,"Ec_N",417,22,22,"Ec",19,0,1,0,0,1,0.427300415500348
"24983",191,"Ec_N",417,23,23,"Ec",19,0,1,0,0,1,0.427300415500348
"24984",191,"Ec_N",417,24,24,"Ec",19,0,1,0,0,1,0.427300415500348
"24985",191,"Ec_N",417,25,25,"Ec",19,0,1,0,0,1,0.427300415500348
"24986",191,"Ec_N",417,26,26,"Ec",19,0,1,0,0,1,0.427300415500348
"24987",191,"Ec_N",417,27,27,"Ec",23,0,1,1,0,1,0.616809062130864
"24988",191,"Ec_N",417,28,28,"Ec",23,0,1,1,0,1,0.616809062130864
"24989",191,"Ec_N",417,29,29,"Ec",23,0,1,1,0,1,0.616809062130864
"24990",191,"Ec_N",417,30,30,"Ec",23,0,1,1,0,1,0.616809062130864
"24991",191,"Ec_N",417,31,31,"Ec",23,0,1,1,0,1,0.616809062130864
"24992",191,"Ec_N",417,32,32,"Ec",23,0,1,1,0,1,0.616809062130864
"24993",191,"Ec_N",417,33,33,"Ec",24,1,1,1,0,1,0.969458006928044
"24994",191,"Ec_N",417,34,34,"Ec",24,1,1,1,0,1,0.969458006928044
"24995",191,"Ec_N",417,35,35,"Ec",24,1,1,1,0,1,0.969458006928044
"24996",191,"Ec_N",417,36,36,"Ec",24,1,1,1,0,1,0.969458006928044
"24997",191,"Ec_N",417,37,37,"Ec",24,1,1,1,0,1,0.969458006928044
"24998",191,"Ec_N",417,38,38,"Ec",24,1,1,1,0,1,0.969458006928044
"24999",191,"Ec_N",417,39,39,"Ec",24,1,1,1,0,1,0.969458006928044
"25000",191,"Ec_N",417,40,40,"Ec",24,1,1,1,0,1,0.969458006928044
"25001",191,"Ec_N",417,41,41,"Ec",24,1,1,1,0,1,0.969458006928044
"25002",191,"Ec_N",417,42,42,"Ec",24,1,1,1,0,1,0.969458006928044
"25003",191,"Ec_N",417,43,43,"Ec",24,1,1,1,0,1,0.969458006928044
"25004",191,"Ec_N",417,44,44,"Ec",24,1,1,1,0,1,0.969458006928044
"25005",191,"Ec_N",417,45,45,"Ec",24,1,1,1,0,1,0.969458006928044
"25006",191,"Ec_N",417,46,46,"Ec",24,1,1,1,0,1,0.969458006928044
"25007",191,"Ec_N",417,47,47,"Ec",24,1,1,1,0,1,0.969458006928044
"25008",191,"Ec_N",417,48,48,"Ec",24,1,1,1,0,1,0.969458006928044
"25009",191,"Ec_N",417,49,49,"Ec",24,1,1,1,0,1,0.969458006928044
"25010",191,"Ec_N",417,50,50,"Ec",24,1,1,1,0,1,0.969458006928044
"25011",191,"Ec_N",417,51,51,"Ec",24,1,1,1,0,1,0.969458006928044
"25012",191,"Ec_N",417,52,52,"Ec",24,1,1,1,0,1,0.969458006928044
"25013",191,"Ec_N",417,53,53,"Ec",24,1,1,1,0,1,0.969458006928044
"25014",191,"Ec_N",417,54,54,"Ec",32,1,1,1,1,1,1
"25015",191,"Ec_N",417,55,55,"Ec",32,1,1,1,1,1,1
"25016",191,"Ec_N",417,56,56,"Ec",32,1,1,1,1,1,1
"25017",191,"Ec_N",417,57,57,"Ec",32,1,1,1,1,1,1
"25018",191,"Ec_N",417,58,58,"Ec",32,1,1,1,1,1,1
"25019",191,"Ec_N",417,59,59,"Ec",32,1,1,1,1,1,1
"25020",191,"Ec_N",417,60,60,"Ec",32,1,1,1,1,1,1
"25021",191,"Ec_N",418,1,1,"Ec",1,0,0,0,0,0,0
"25022",191,"Ec_N",418,2,2,"Ec",1,0,0,0,0,0,0
"25023",191,"Ec_N",418,3,3,"Ec",1,0,0,0,0,0,0
"25024",191,"Ec_N",418,4,4,"Ec",1,0,0,0,0,0,0
"25025",191,"Ec_N",418,5,5,"Ec",1,0,0,0,0,0,0
"25026",191,"Ec_N",418,6,6,"Ec",3,0,1,0,0,0,0.041311480051295
"25027",191,"Ec_N",418,7,7,"Ec",11,0,1,0,1,0,0.0857419302602629
"25028",191,"Ec_N",418,8,8,"Ec",11,0,1,0,1,0,0.0857419302602629
"25029",191,"Ec_N",418,9,9,"Ec",11,0,1,0,1,0,0.0857419302602629
"25030",191,"Ec_N",418,10,10,"Ec",11,0,1,0,1,0,0.0857419302602629
"25031",191,"Ec_N",418,11,11,"Ec",11,0,1,0,1,0,0.0857419302602629
"25032",191,"Ec_N",418,12,12,"Ec",11,0,1,0,1,0,0.0857419302602629
"25033",191,"Ec_N",418,13,13,"Ec",15,0,1,1,1,0,0.437080043527332
"25034",191,"Ec_N",418,14,14,"Ec",15,0,1,1,1,0,0.437080043527332
"25035",191,"Ec_N",418,15,15,"Ec",15,0,1,1,1,0,0.437080043527332
"25036",191,"Ec_N",418,16,16,"Ec",15,0,1,1,1,0,0.437080043527332
"25037",191,"Ec_N",418,17,17,"Ec",15,0,1,1,1,0,0.437080043527332
"25038",191,"Ec_N",418,18,18,"Ec",15,0,1,1,1,0,0.437080043527332
"25039",191,"Ec_N",418,19,19,"Ec",15,0,1,1,1,0,0.437080043527332
"25040",191,"Ec_N",418,20,20,"Ec",15,0,1,1,1,0,0.437080043527332
"25041",191,"Ec_N",418,21,21,"Ec",15,0,1,1,1,0,0.437080043527332
"25042",191,"Ec_N",418,22,22,"Ec",15,0,1,1,1,0,0.437080043527332
"25043",191,"Ec_N",418,23,23,"Ec",7,0,1,1,0,0,0.589282297794007
"25044",191,"Ec_N",418,24,24,"Ec",7,0,1,1,0,0,0.589282297794007
"25045",191,"Ec_N",418,25,25,"Ec",7,0,1,1,0,0,0.589282297794007
"25046",191,"Ec_N",418,26,26,"Ec",7,0,1,1,0,0,0.589282297794007
"25047",191,"Ec_N",418,27,27,"Ec",7,0,1,1,0,0,0.589282297794007
"25048",191,"Ec_N",418,28,28,"Ec",23,0,1,1,0,1,0.616809062130864
"25049",191,"Ec_N",418,29,29,"Ec",23,0,1,1,0,1,0.616809062130864
"25050",191,"Ec_N",418,30,30,"Ec",23,0,1,1,0,1,0.616809062130864
"25051",191,"Ec_N",418,31,31,"Ec",24,1,1,1,0,1,0.969458006928044
"25052",191,"Ec_N",418,32,32,"Ec",24,1,1,1,0,1,0.969458006928044
"25053",191,"Ec_N",418,33,33,"Ec",24,1,1,1,0,1,0.969458006928044
"25054",191,"Ec_N",418,34,34,"Ec",24,1,1,1,0,1,0.969458006928044
"25055",191,"Ec_N",418,35,35,"Ec",24,1,1,1,0,1,0.969458006928044
"25056",191,"Ec_N",418,36,36,"Ec",24,1,1,1,0,1,0.969458006928044
"25057",191,"Ec_N",418,37,37,"Ec",24,1,1,1,0,1,0.969458006928044
"25058",191,"Ec_N",418,38,38,"Ec",24,1,1,1,0,1,0.969458006928044
"25059",191,"Ec_N",418,39,39,"Ec",32,1,1,1,1,1,1
"25060",191,"Ec_N",418,40,40,"Ec",32,1,1,1,1,1,1
"25061",191,"Ec_N",418,41,41,"Ec",32,1,1,1,1,1,1
"25062",191,"Ec_N",418,42,42,"Ec",32,1,1,1,1,1,1
"25063",191,"Ec_N",418,43,43,"Ec",32,1,1,1,1,1,1
"25064",191,"Ec_N",418,44,44,"Ec",32,1,1,1,1,1,1
"25065",191,"Ec_N",418,45,45,"Ec",32,1,1,1,1,1,1
"25066",191,"Ec_N",418,46,46,"Ec",32,1,1,1,1,1,1
"25067",191,"Ec_N",418,47,47,"Ec",32,1,1,1,1,1,1
"25068",191,"Ec_N",418,48,48,"Ec",32,1,1,1,1,1,1
"25069",191,"Ec_N",418,49,49,"Ec",32,1,1,1,1,1,1
"25070",191,"Ec_N",418,50,50,"Ec",32,1,1,1,1,1,1
"25071",191,"Ec_N",418,51,51,"Ec",32,1,1,1,1,1,1
"25072",191,"Ec_N",418,52,52,"Ec",32,1,1,1,1,1,1
"25073",191,"Ec_N",418,53,53,"Ec",32,1,1,1,1,1,1
"25074",191,"Ec_N",418,54,54,"Ec",32,1,1,1,1,1,1
"25075",191,"Ec_N",418,55,55,"Ec",32,1,1,1,1,1,1
"25076",191,"Ec_N",418,56,56,"Ec",32,1,1,1,1,1,1
"25077",191,"Ec_N",418,57,57,"Ec",32,1,1,1,1,1,1
"25078",191,"Ec_N",418,58,58,"Ec",32,1,1,1,1,1,1
"25079",191,"Ec_N",418,59,59,"Ec",32,1,1,1,1,1,1
"25080",191,"Ec_N",418,60,60,"Ec",32,1,1,1,1,1,1
"25081",191,"Ec_N",419,1,1,"Ec",1,0,0,0,0,0,0
"25082",191,"Ec_N",419,2,2,"Ec",1,0,0,0,0,0,0
"25083",191,"Ec_N",419,3,3,"Ec",1,0,0,0,0,0,0
"25084",191,"Ec_N",419,4,4,"Ec",1,0,0,0,0,0,0
"25085",191,"Ec_N",419,5,5,"Ec",9,0,0,0,1,0,0.0305419930719563
"25086",191,"Ec_N",419,6,6,"Ec",9,0,0,0,1,0,0.0305419930719563
"25087",191,"Ec_N",419,7,7,"Ec",11,0,1,0,1,0,0.0857419302602629
"25088",191,"Ec_N",419,8,8,"Ec",11,0,1,0,1,0,0.0857419302602629
"25089",191,"Ec_N",419,9,9,"Ec",11,0,1,0,1,0,0.0857419302602629
"25090",191,"Ec_N",419,10,10,"Ec",11,0,1,0,1,0,0.0857419302602629
"25091",191,"Ec_N",419,11,11,"Ec",11,0,1,0,1,0,0.0857419302602629
"25092",191,"Ec_N",419,12,12,"Ec",11,0,1,0,1,0,0.0857419302602629
"25093",191,"Ec_N",419,13,13,"Ec",11,0,1,0,1,0,0.0857419302602629
"25094",191,"Ec_N",419,14,14,"Ec",11,0,1,0,1,0,0.0857419302602629
"25095",191,"Ec_N",419,15,15,"Ec",11,0,1,0,1,0,0.0857419302602629
"25096",191,"Ec_N",419,16,16,"Ec",11,0,1,0,1,0,0.0857419302602629
"25097",191,"Ec_N",419,17,17,"Ec",11,0,1,0,1,0,0.0857419302602629
"25098",191,"Ec_N",419,18,18,"Ec",11,0,1,0,1,0,0.0857419302602629
"25099",191,"Ec_N",419,19,19,"Ec",15,0,1,1,1,0,0.437080043527332
"25100",191,"Ec_N",419,20,20,"Ec",15,0,1,1,1,0,0.437080043527332
"25101",191,"Ec_N",419,21,21,"Ec",15,0,1,1,1,0,0.437080043527332
"25102",191,"Ec_N",419,22,22,"Ec",7,0,1,1,0,0,0.589282297794007
"25103",191,"Ec_N",419,23,23,"Ec",7,0,1,1,0,0,0.589282297794007
"25104",191,"Ec_N",419,24,24,"Ec",7,0,1,1,0,0,0.589282297794007
"25105",191,"Ec_N",419,25,25,"Ec",7,0,1,1,0,0,0.589282297794007
"25106",191,"Ec_N",419,26,26,"Ec",7,0,1,1,0,0,0.589282297794007
"25107",191,"Ec_N",419,27,27,"Ec",7,0,1,1,0,0,0.589282297794007
"25108",191,"Ec_N",419,28,28,"Ec",7,0,1,1,0,0,0.589282297794007
"25109",191,"Ec_N",419,29,29,"Ec",7,0,1,1,0,0,0.589282297794007
"25110",191,"Ec_N",419,30,30,"Ec",7,0,1,1,0,0,0.589282297794007
"25111",191,"Ec_N",419,31,31,"Ec",23,0,1,1,0,1,0.616809062130864
"25112",191,"Ec_N",419,32,32,"Ec",23,0,1,1,0,1,0.616809062130864
"25113",191,"Ec_N",419,33,33,"Ec",23,0,1,1,0,1,0.616809062130864
"25114",191,"Ec_N",419,34,34,"Ec",23,0,1,1,0,1,0.616809062130864
"25115",191,"Ec_N",419,35,35,"Ec",23,0,1,1,0,1,0.616809062130864
"25116",191,"Ec_N",419,36,36,"Ec",23,0,1,1,0,1,0.616809062130864
"25117",191,"Ec_N",419,37,37,"Ec",23,0,1,1,0,1,0.616809062130864
"25118",191,"Ec_N",419,38,38,"Ec",23,0,1,1,0,1,0.616809062130864
"25119",191,"Ec_N",419,39,39,"Ec",23,0,1,1,0,1,0.616809062130864
"25120",191,"Ec_N",419,40,40,"Ec",23,0,1,1,0,1,0.616809062130864
"25121",191,"Ec_N",419,41,41,"Ec",23,0,1,1,0,1,0.616809062130864
"25122",191,"Ec_N",419,42,42,"Ec",23,0,1,1,0,1,0.616809062130864
"25123",191,"Ec_N",419,43,43,"Ec",24,1,1,1,0,1,0.969458006928044
"25124",191,"Ec_N",419,44,44,"Ec",24,1,1,1,0,1,0.969458006928044
"25125",191,"Ec_N",419,45,45,"Ec",24,1,1,1,0,1,0.969458006928044
"25126",191,"Ec_N",419,46,46,"Ec",24,1,1,1,0,1,0.969458006928044
"25127",191,"Ec_N",419,47,47,"Ec",24,1,1,1,0,1,0.969458006928044
"25128",191,"Ec_N",419,48,48,"Ec",24,1,1,1,0,1,0.969458006928044
"25129",191,"Ec_N",419,49,49,"Ec",24,1,1,1,0,1,0.969458006928044
"25130",191,"Ec_N",419,50,50,"Ec",24,1,1,1,0,1,0.969458006928044
"25131",191,"Ec_N",419,51,51,"Ec",24,1,1,1,0,1,0.969458006928044
"25132",191,"Ec_N",419,52,52,"Ec",24,1,1,1,0,1,0.969458006928044
"25133",191,"Ec_N",419,53,53,"Ec",24,1,1,1,0,1,0.969458006928044
"25134",191,"Ec_N",419,54,54,"Ec",24,1,1,1,0,1,0.969458006928044
"25135",191,"Ec_N",419,55,55,"Ec",24,1,1,1,0,1,0.969458006928044
"25136",191,"Ec_N",419,56,56,"Ec",24,1,1,1,0,1,0.969458006928044
"25137",191,"Ec_N",419,57,57,"Ec",24,1,1,1,0,1,0.969458006928044
"25138",191,"Ec_N",419,58,58,"Ec",24,1,1,1,0,1,0.969458006928044
"25139",191,"Ec_N",419,59,59,"Ec",24,1,1,1,0,1,0.969458006928044
"25140",191,"Ec_N",419,60,60,"Ec",24,1,1,1,0,1,0.969458006928044
"25141",191,"Ec_N",420,1,1,"Ec",1,0,0,0,0,0,0
"25142",191,"Ec_N",420,2,2,"Ec",1,0,0,0,0,0,0
"25143",191,"Ec_N",420,3,3,"Ec",17,0,0,0,0,1,0.229834113103391
"25144",191,"Ec_N",420,4,4,"Ec",17,0,0,0,0,1,0.229834113103391
"25145",191,"Ec_N",420,5,5,"Ec",17,0,0,0,0,1,0.229834113103391
"25146",191,"Ec_N",420,6,6,"Ec",17,0,0,0,0,1,0.229834113103391
"25147",191,"Ec_N",420,7,7,"Ec",17,0,0,0,0,1,0.229834113103391
"25148",191,"Ec_N",420,8,8,"Ec",19,0,1,0,0,1,0.427300415500348
"25149",191,"Ec_N",420,9,9,"Ec",19,0,1,0,0,1,0.427300415500348
"25150",191,"Ec_N",420,10,10,"Ec",19,0,1,0,0,1,0.427300415500348
"25151",191,"Ec_N",420,11,11,"Ec",19,0,1,0,0,1,0.427300415500348
"25152",191,"Ec_N",420,12,12,"Ec",19,0,1,0,0,1,0.427300415500348
"25153",191,"Ec_N",420,13,13,"Ec",19,0,1,0,0,1,0.427300415500348
"25154",191,"Ec_N",420,14,14,"Ec",19,0,1,0,0,1,0.427300415500348
"25155",191,"Ec_N",420,15,15,"Ec",19,0,1,0,0,1,0.427300415500348
"25156",191,"Ec_N",420,16,16,"Ec",19,0,1,0,0,1,0.427300415500348
"25157",191,"Ec_N",420,17,17,"Ec",19,0,1,0,0,1,0.427300415500348
"25158",191,"Ec_N",420,18,18,"Ec",19,0,1,0,0,1,0.427300415500348
"25159",191,"Ec_N",420,19,19,"Ec",19,0,1,0,0,1,0.427300415500348
"25160",191,"Ec_N",420,20,20,"Ec",20,1,1,0,0,1,0.610298755308086
"25161",191,"Ec_N",420,21,21,"Ec",20,1,1,0,0,1,0.610298755308086
"25162",191,"Ec_N",420,22,22,"Ec",20,1,1,0,0,1,0.610298755308086
"25163",191,"Ec_N",420,23,23,"Ec",20,1,1,0,0,1,0.610298755308086
"25164",191,"Ec_N",420,24,24,"Ec",20,1,1,0,0,1,0.610298755308086
"25165",191,"Ec_N",420,25,25,"Ec",20,1,1,0,0,1,0.610298755308086
"25166",191,"Ec_N",420,26,26,"Ec",20,1,1,0,0,1,0.610298755308086
"25167",191,"Ec_N",420,27,27,"Ec",20,1,1,0,0,1,0.610298755308086
"25168",191,"Ec_N",420,28,28,"Ec",20,1,1,0,0,1,0.610298755308086
"25169",191,"Ec_N",420,29,29,"Ec",20,1,1,0,0,1,0.610298755308086
"25170",191,"Ec_N",420,30,30,"Ec",20,1,1,0,0,1,0.610298755308086
"25171",191,"Ec_N",420,31,31,"Ec",20,1,1,0,0,1,0.610298755308086
"25172",191,"Ec_N",420,32,32,"Ec",20,1,1,0,0,1,0.610298755308086
"25173",191,"Ec_N",420,33,33,"Ec",20,1,1,0,0,1,0.610298755308086
"25174",191,"Ec_N",420,34,34,"Ec",18,1,0,0,0,1,0.646504780524047
"25175",191,"Ec_N",420,35,35,"Ec",18,1,0,0,0,1,0.646504780524047
"25176",191,"Ec_N",420,36,36,"Ec",18,1,0,0,0,1,0.646504780524047
"25177",191,"Ec_N",420,37,37,"Ec",18,1,0,0,0,1,0.646504780524047
"25178",191,"Ec_N",420,38,38,"Ec",18,1,0,0,0,1,0.646504780524047
"25179",191,"Ec_N",420,39,39,"Ec",18,1,0,0,0,1,0.646504780524047
"25180",191,"Ec_N",420,40,40,"Ec",18,1,0,0,0,1,0.646504780524047
"25181",191,"Ec_N",420,41,41,"Ec",18,1,0,0,0,1,0.646504780524047
"25182",191,"Ec_N",420,42,42,"Ec",18,1,0,0,0,1,0.646504780524047
"25183",191,"Ec_N",420,43,43,"Ec",18,1,0,0,0,1,0.646504780524047
"25184",191,"Ec_N",420,44,44,"Ec",18,1,0,0,0,1,0.646504780524047
"25185",191,"Ec_N",420,45,45,"Ec",18,1,0,0,0,1,0.646504780524047
"25186",191,"Ec_N",420,46,46,"Ec",18,1,0,0,0,1,0.646504780524047
"25187",191,"Ec_N",420,47,47,"Ec",18,1,0,0,0,1,0.646504780524047
"25188",191,"Ec_N",420,48,48,"Ec",18,1,0,0,0,1,0.646504780524047
"25189",191,"Ec_N",420,49,49,"Ec",18,1,0,0,0,1,0.646504780524047
"25190",191,"Ec_N",420,50,50,"Ec",18,1,0,0,0,1,0.646504780524047
"25191",191,"Ec_N",420,51,51,"Ec",18,1,0,0,0,1,0.646504780524047
"25192",191,"Ec_N",420,52,52,"Ec",18,1,0,0,0,1,0.646504780524047
"25193",191,"Ec_N",420,53,53,"Ec",18,1,0,0,0,1,0.646504780524047
"25194",191,"Ec_N",420,54,54,"Ec",18,1,0,0,0,1,0.646504780524047
"25195",191,"Ec_N",420,55,55,"Ec",18,1,0,0,0,1,0.646504780524047
"25196",191,"Ec_N",420,56,56,"Ec",18,1,0,0,0,1,0.646504780524047
"25197",191,"Ec_N",420,57,57,"Ec",18,1,0,0,0,1,0.646504780524047
"25198",191,"Ec_N",420,58,58,"Ec",18,1,0,0,0,1,0.646504780524047
"25199",191,"Ec_N",420,59,59,"Ec",18,1,0,0,0,1,0.646504780524047
"25200",191,"Ec_N",420,60,60,"Ec",18,1,0,0,0,1,0.646504780524047
"25201",191,"Ec_N",421,1,1,"Ec",1,0,0,0,0,0,0
"25202",191,"Ec_N",421,2,2,"Ec",1,0,0,0,0,0,0
"25203",191,"Ec_N",421,3,3,"Ec",1,0,0,0,0,0,0
"25204",191,"Ec_N",421,4,4,"Ec",1,0,0,0,0,0,0
"25205",191,"Ec_N",421,5,5,"Ec",1,0,0,0,0,0,0
"25206",191,"Ec_N",421,6,6,"Ec",1,0,0,0,0,0,0
"25207",191,"Ec_N",421,7,7,"Ec",1,0,0,0,0,0,0
"25208",191,"Ec_N",421,8,8,"Ec",1,0,0,0,0,0,0
"25209",191,"Ec_N",421,9,9,"Ec",1,0,0,0,0,0,0
"25210",191,"Ec_N",421,10,10,"Ec",1,0,0,0,0,0,0
"25211",191,"Ec_N",421,11,11,"Ec",1,0,0,0,0,0,0
"25212",191,"Ec_N",421,12,12,"Ec",1,0,0,0,0,0,0
"25213",191,"Ec_N",421,13,13,"Ec",1,0,0,0,0,0,0
"25214",191,"Ec_N",421,14,14,"Ec",1,0,0,0,0,0,0
"25215",191,"Ec_N",421,15,15,"Ec",9,0,0,0,1,0,0.0305419930719563
"25216",191,"Ec_N",421,16,16,"Ec",9,0,0,0,1,0,0.0305419930719563
"25217",191,"Ec_N",421,17,17,"Ec",9,0,0,0,1,0,0.0305419930719563
"25218",191,"Ec_N",421,18,18,"Ec",9,0,0,0,1,0,0.0305419930719563
"25219",191,"Ec_N",421,19,19,"Ec",9,0,0,0,1,0,0.0305419930719563
"25220",191,"Ec_N",421,20,20,"Ec",9,0,0,0,1,0,0.0305419930719563
"25221",191,"Ec_N",421,21,21,"Ec",9,0,0,0,1,0,0.0305419930719563
"25222",191,"Ec_N",421,22,22,"Ec",11,0,1,0,1,0,0.0857419302602629
"25223",191,"Ec_N",421,23,23,"Ec",11,0,1,0,1,0,0.0857419302602629
"25224",191,"Ec_N",421,24,24,"Ec",15,0,1,1,1,0,0.437080043527332
"25225",191,"Ec_N",421,25,25,"Ec",15,0,1,1,1,0,0.437080043527332
"25226",191,"Ec_N",421,26,26,"Ec",15,0,1,1,1,0,0.437080043527332
"25227",191,"Ec_N",421,27,27,"Ec",15,0,1,1,1,0,0.437080043527332
"25228",191,"Ec_N",421,28,28,"Ec",15,0,1,1,1,0,0.437080043527332
"25229",191,"Ec_N",421,29,29,"Ec",15,0,1,1,1,0,0.437080043527332
"25230",191,"Ec_N",421,30,30,"Ec",31,0,1,1,1,1,0.801979629454064
"25231",191,"Ec_N",421,31,31,"Ec",31,0,1,1,1,1,0.801979629454064
"25232",191,"Ec_N",421,32,32,"Ec",32,1,1,1,1,1,1
"25233",191,"Ec_N",421,33,33,"Ec",32,1,1,1,1,1,1
"25234",191,"Ec_N",421,34,34,"Ec",32,1,1,1,1,1,1
"25235",191,"Ec_N",421,35,35,"Ec",32,1,1,1,1,1,1
"25236",191,"Ec_N",421,36,36,"Ec",32,1,1,1,1,1,1
"25237",191,"Ec_N",421,37,37,"Ec",32,1,1,1,1,1,1
"25238",191,"Ec_N",421,38,38,"Ec",32,1,1,1,1,1,1
"25239",191,"Ec_N",421,39,39,"Ec",32,1,1,1,1,1,1
"25240",191,"Ec_N",421,40,40,"Ec",32,1,1,1,1,1,1
"25241",191,"Ec_N",421,41,41,"Ec",32,1,1,1,1,1,1
"25242",191,"Ec_N",421,42,42,"Ec",32,1,1,1,1,1,1
"25243",191,"Ec_N",421,43,43,"Ec",32,1,1,1,1,1,1
"25244",191,"Ec_N",421,44,44,"Ec",32,1,1,1,1,1,1
"25245",191,"Ec_N",421,45,45,"Ec",32,1,1,1,1,1,1
"25246",191,"Ec_N",421,46,46,"Ec",32,1,1,1,1,1,1
"25247",191,"Ec_N",421,47,47,"Ec",32,1,1,1,1,1,1
"25248",191,"Ec_N",421,48,48,"Ec",32,1,1,1,1,1,1
"25249",191,"Ec_N",421,49,49,"Ec",32,1,1,1,1,1,1
"25250",191,"Ec_N",421,50,50,"Ec",32,1,1,1,1,1,1
"25251",191,"Ec_N",421,51,51,"Ec",32,1,1,1,1,1,1
"25252",191,"Ec_N",421,52,52,"Ec",32,1,1,1,1,1,1
"25253",191,"Ec_N",421,53,53,"Ec",32,1,1,1,1,1,1
"25254",191,"Ec_N",421,54,54,"Ec",32,1,1,1,1,1,1
"25255",191,"Ec_N",421,55,55,"Ec",32,1,1,1,1,1,1
"25256",191,"Ec_N",421,56,56,"Ec",32,1,1,1,1,1,1
"25257",191,"Ec_N",421,57,57,"Ec",32,1,1,1,1,1,1
"25258",191,"Ec_N",421,58,58,"Ec",32,1,1,1,1,1,1
"25259",191,"Ec_N",421,59,59,"Ec",32,1,1,1,1,1,1
"25260",191,"Ec_N",421,60,60,"Ec",32,1,1,1,1,1,1
"25261",191,"Ec_N",422,1,1,"Ec",1,0,0,0,0,0,0
"25262",191,"Ec_N",422,2,2,"Ec",1,0,0,0,0,0,0
"25263",191,"Ec_N",422,3,3,"Ec",1,0,0,0,0,0,0
"25264",191,"Ec_N",422,4,4,"Ec",17,0,0,0,0,1,0.229834113103391
"25265",191,"Ec_N",422,5,5,"Ec",17,0,0,0,0,1,0.229834113103391
"25266",191,"Ec_N",422,6,6,"Ec",17,0,0,0,0,1,0.229834113103391
"25267",191,"Ec_N",422,7,7,"Ec",17,0,0,0,0,1,0.229834113103391
"25268",191,"Ec_N",422,8,8,"Ec",17,0,0,0,0,1,0.229834113103391
"25269",191,"Ec_N",422,9,9,"Ec",17,0,0,0,0,1,0.229834113103391
"25270",191,"Ec_N",422,10,10,"Ec",17,0,0,0,0,1,0.229834113103391
"25271",191,"Ec_N",422,11,11,"Ec",17,0,0,0,0,1,0.229834113103391
"25272",191,"Ec_N",422,12,12,"Ec",17,0,0,0,0,1,0.229834113103391
"25273",191,"Ec_N",422,13,13,"Ec",17,0,0,0,0,1,0.229834113103391
"25274",191,"Ec_N",422,14,14,"Ec",17,0,0,0,0,1,0.229834113103391
"25275",191,"Ec_N",422,15,15,"Ec",17,0,0,0,0,1,0.229834113103391
"25276",191,"Ec_N",422,16,16,"Ec",17,0,0,0,0,1,0.229834113103391
"25277",191,"Ec_N",422,17,17,"Ec",17,0,0,0,0,1,0.229834113103391
"25278",191,"Ec_N",422,18,18,"Ec",17,0,0,0,0,1,0.229834113103391
"25279",191,"Ec_N",422,19,19,"Ec",17,0,0,0,0,1,0.229834113103391
"25280",191,"Ec_N",422,20,20,"Ec",17,0,0,0,0,1,0.229834113103391
"25281",191,"Ec_N",422,21,21,"Ec",17,0,0,0,0,1,0.229834113103391
"25282",191,"Ec_N",422,22,22,"Ec",17,0,0,0,0,1,0.229834113103391
"25283",191,"Ec_N",422,23,23,"Ec",17,0,0,0,0,1,0.229834113103391
"25284",191,"Ec_N",422,24,24,"Ec",17,0,0,0,0,1,0.229834113103391
"25285",191,"Ec_N",422,25,25,"Ec",18,1,0,0,0,1,0.646504780524047
"25286",191,"Ec_N",422,26,26,"Ec",18,1,0,0,0,1,0.646504780524047
"25287",191,"Ec_N",422,27,27,"Ec",18,1,0,0,0,1,0.646504780524047
"25288",191,"Ec_N",422,28,28,"Ec",18,1,0,0,0,1,0.646504780524047
"25289",191,"Ec_N",422,29,29,"Ec",18,1,0,0,0,1,0.646504780524047
"25290",191,"Ec_N",422,30,30,"Ec",18,1,0,0,0,1,0.646504780524047
"25291",191,"Ec_N",422,31,31,"Ec",18,1,0,0,0,1,0.646504780524047
"25292",191,"Ec_N",422,32,32,"Ec",18,1,0,0,0,1,0.646504780524047
"25293",191,"Ec_N",422,33,33,"Ec",18,1,0,0,0,1,0.646504780524047
"25294",191,"Ec_N",422,34,34,"Ec",18,1,0,0,0,1,0.646504780524047
"25295",191,"Ec_N",422,35,35,"Ec",18,1,0,0,0,1,0.646504780524047
"25296",191,"Ec_N",422,36,36,"Ec",18,1,0,0,0,1,0.646504780524047
"25297",191,"Ec_N",422,37,37,"Ec",18,1,0,0,0,1,0.646504780524047
"25298",191,"Ec_N",422,38,38,"Ec",18,1,0,0,0,1,0.646504780524047
"25299",191,"Ec_N",422,39,39,"Ec",18,1,0,0,0,1,0.646504780524047
"25300",191,"Ec_N",422,40,40,"Ec",18,1,0,0,0,1,0.646504780524047
"25301",191,"Ec_N",422,41,41,"Ec",18,1,0,0,0,1,0.646504780524047
"25302",191,"Ec_N",422,42,42,"Ec",18,1,0,0,0,1,0.646504780524047
"25303",191,"Ec_N",422,43,43,"Ec",18,1,0,0,0,1,0.646504780524047
"25304",191,"Ec_N",422,44,44,"Ec",18,1,0,0,0,1,0.646504780524047
"25305",191,"Ec_N",422,45,45,"Ec",18,1,0,0,0,1,0.646504780524047
"25306",191,"Ec_N",422,46,46,"Ec",18,1,0,0,0,1,0.646504780524047
"25307",191,"Ec_N",422,47,47,"Ec",18,1,0,0,0,1,0.646504780524047
"25308",191,"Ec_N",422,48,48,"Ec",18,1,0,0,0,1,0.646504780524047
"25309",191,"Ec_N",422,49,49,"Ec",18,1,0,0,0,1,0.646504780524047
"25310",191,"Ec_N",422,50,50,"Ec",22,1,0,1,0,1,0.92522428176681
"25311",191,"Ec_N",422,51,51,"Ec",22,1,0,1,0,1,0.92522428176681
"25312",191,"Ec_N",422,52,52,"Ec",22,1,0,1,0,1,0.92522428176681
"25313",191,"Ec_N",422,53,53,"Ec",22,1,0,1,0,1,0.92522428176681
"25314",191,"Ec_N",422,54,54,"Ec",22,1,0,1,0,1,0.92522428176681
"25315",191,"Ec_N",422,55,55,"Ec",22,1,0,1,0,1,0.92522428176681
"25316",191,"Ec_N",422,56,56,"Ec",22,1,0,1,0,1,0.92522428176681
"25317",191,"Ec_N",422,57,57,"Ec",22,1,0,1,0,1,0.92522428176681
"25318",191,"Ec_N",422,58,58,"Ec",22,1,0,1,0,1,0.92522428176681
"25319",191,"Ec_N",422,59,59,"Ec",22,1,0,1,0,1,0.92522428176681
"25320",191,"Ec_N",422,60,60,"Ec",24,1,1,1,0,1,0.969458006928044
"25321",191,"Ec_N",423,1,1,"Ec",1,0,0,0,0,0,0
"25322",191,"Ec_N",423,2,2,"Ec",3,0,1,0,0,0,0.041311480051295
"25323",191,"Ec_N",423,3,3,"Ec",3,0,1,0,0,0,0.041311480051295
"25324",191,"Ec_N",423,4,4,"Ec",3,0,1,0,0,0,0.041311480051295
"25325",191,"Ec_N",423,5,5,"Ec",3,0,1,0,0,0,0.041311480051295
"25326",191,"Ec_N",423,6,6,"Ec",3,0,1,0,0,0,0.041311480051295
"25327",191,"Ec_N",423,7,7,"Ec",3,0,1,0,0,0,0.041311480051295
"25328",191,"Ec_N",423,8,8,"Ec",3,0,1,0,0,0,0.041311480051295
"25329",191,"Ec_N",423,9,9,"Ec",3,0,1,0,0,0,0.041311480051295
"25330",191,"Ec_N",423,10,10,"Ec",3,0,1,0,0,0,0.041311480051295
"25331",191,"Ec_N",423,11,11,"Ec",3,0,1,0,0,0,0.041311480051295
"25332",191,"Ec_N",423,12,12,"Ec",19,0,1,0,0,1,0.427300415500348
"25333",191,"Ec_N",423,13,13,"Ec",19,0,1,0,0,1,0.427300415500348
"25334",191,"Ec_N",423,14,14,"Ec",19,0,1,0,0,1,0.427300415500348
"25335",191,"Ec_N",423,15,15,"Ec",20,1,1,0,0,1,0.610298755308086
"25336",191,"Ec_N",423,16,16,"Ec",20,1,1,0,0,1,0.610298755308086
"25337",191,"Ec_N",423,17,17,"Ec",20,1,1,0,0,1,0.610298755308086
"25338",191,"Ec_N",423,18,18,"Ec",24,1,1,1,0,1,0.969458006928044
"25339",191,"Ec_N",423,19,19,"Ec",24,1,1,1,0,1,0.969458006928044
"25340",191,"Ec_N",423,20,20,"Ec",24,1,1,1,0,1,0.969458006928044
"25341",191,"Ec_N",423,21,21,"Ec",24,1,1,1,0,1,0.969458006928044
"25342",191,"Ec_N",423,22,22,"Ec",24,1,1,1,0,1,0.969458006928044
"25343",191,"Ec_N",423,23,23,"Ec",24,1,1,1,0,1,0.969458006928044
"25344",191,"Ec_N",423,24,24,"Ec",24,1,1,1,0,1,0.969458006928044
"25345",191,"Ec_N",423,25,25,"Ec",24,1,1,1,0,1,0.969458006928044
"25346",191,"Ec_N",423,26,26,"Ec",24,1,1,1,0,1,0.969458006928044
"25347",191,"Ec_N",423,27,27,"Ec",24,1,1,1,0,1,0.969458006928044
"25348",191,"Ec_N",423,28,28,"Ec",24,1,1,1,0,1,0.969458006928044
"25349",191,"Ec_N",423,29,29,"Ec",24,1,1,1,0,1,0.969458006928044
"25350",191,"Ec_N",423,30,30,"Ec",24,1,1,1,0,1,0.969458006928044
"25351",191,"Ec_N",423,31,31,"Ec",24,1,1,1,0,1,0.969458006928044
"25352",191,"Ec_N",423,32,32,"Ec",24,1,1,1,0,1,0.969458006928044
"25353",191,"Ec_N",423,33,33,"Ec",24,1,1,1,0,1,0.969458006928044
"25354",191,"Ec_N",423,34,34,"Ec",24,1,1,1,0,1,0.969458006928044
"25355",191,"Ec_N",423,35,35,"Ec",24,1,1,1,0,1,0.969458006928044
"25356",191,"Ec_N",423,36,36,"Ec",32,1,1,1,1,1,1
"25357",191,"Ec_N",423,37,37,"Ec",32,1,1,1,1,1,1
"25358",191,"Ec_N",423,38,38,"Ec",32,1,1,1,1,1,1
"25359",191,"Ec_N",423,39,39,"Ec",32,1,1,1,1,1,1
"25360",191,"Ec_N",423,40,40,"Ec",32,1,1,1,1,1,1
"25361",191,"Ec_N",423,41,41,"Ec",32,1,1,1,1,1,1
"25362",191,"Ec_N",423,42,42,"Ec",32,1,1,1,1,1,1
"25363",191,"Ec_N",423,43,43,"Ec",32,1,1,1,1,1,1
"25364",191,"Ec_N",423,44,44,"Ec",32,1,1,1,1,1,1
"25365",191,"Ec_N",423,45,45,"Ec",32,1,1,1,1,1,1
"25366",191,"Ec_N",423,46,46,"Ec",32,1,1,1,1,1,1
"25367",191,"Ec_N",423,47,47,"Ec",32,1,1,1,1,1,1
"25368",191,"Ec_N",423,48,48,"Ec",32,1,1,1,1,1,1
"25369",191,"Ec_N",423,49,49,"Ec",32,1,1,1,1,1,1
"25370",191,"Ec_N",423,50,50,"Ec",32,1,1,1,1,1,1
"25371",191,"Ec_N",423,51,51,"Ec",32,1,1,1,1,1,1
"25372",191,"Ec_N",423,52,52,"Ec",32,1,1,1,1,1,1
"25373",191,"Ec_N",423,53,53,"Ec",32,1,1,1,1,1,1
"25374",191,"Ec_N",423,54,54,"Ec",32,1,1,1,1,1,1
"25375",191,"Ec_N",423,55,55,"Ec",32,1,1,1,1,1,1
"25376",191,"Ec_N",423,56,56,"Ec",32,1,1,1,1,1,1
"25377",191,"Ec_N",423,57,57,"Ec",32,1,1,1,1,1,1
"25378",191,"Ec_N",423,58,58,"Ec",32,1,1,1,1,1,1
"25379",191,"Ec_N",423,59,59,"Ec",32,1,1,1,1,1,1
"25380",191,"Ec_N",423,60,60,"Ec",32,1,1,1,1,1,1
"25381",191,"Ec_N",424,1,1,"Ec",1,0,0,0,0,0,0
"25382",191,"Ec_N",424,2,2,"Ec",3,0,1,0,0,0,0.041311480051295
"25383",191,"Ec_N",424,3,3,"Ec",3,0,1,0,0,0,0.041311480051295
"25384",191,"Ec_N",424,4,4,"Ec",3,0,1,0,0,0,0.041311480051295
"25385",191,"Ec_N",424,5,5,"Ec",3,0,1,0,0,0,0.041311480051295
"25386",191,"Ec_N",424,6,6,"Ec",3,0,1,0,0,0,0.041311480051295
"25387",191,"Ec_N",424,7,7,"Ec",3,0,1,0,0,0,0.041311480051295
"25388",191,"Ec_N",424,8,8,"Ec",3,0,1,0,0,0,0.041311480051295
"25389",191,"Ec_N",424,9,9,"Ec",3,0,1,0,0,0,0.041311480051295
"25390",191,"Ec_N",424,10,10,"Ec",19,0,1,0,0,1,0.427300415500348
"25391",191,"Ec_N",424,11,11,"Ec",19,0,1,0,0,1,0.427300415500348
"25392",191,"Ec_N",424,12,12,"Ec",19,0,1,0,0,1,0.427300415500348
"25393",191,"Ec_N",424,13,13,"Ec",19,0,1,0,0,1,0.427300415500348
"25394",191,"Ec_N",424,14,14,"Ec",19,0,1,0,0,1,0.427300415500348
"25395",191,"Ec_N",424,15,15,"Ec",19,0,1,0,0,1,0.427300415500348
"25396",191,"Ec_N",424,16,16,"Ec",19,0,1,0,0,1,0.427300415500348
"25397",191,"Ec_N",424,17,17,"Ec",19,0,1,0,0,1,0.427300415500348
"25398",191,"Ec_N",424,18,18,"Ec",19,0,1,0,0,1,0.427300415500348
"25399",191,"Ec_N",424,19,19,"Ec",19,0,1,0,0,1,0.427300415500348
"25400",191,"Ec_N",424,20,20,"Ec",19,0,1,0,0,1,0.427300415500348
"25401",191,"Ec_N",424,21,21,"Ec",19,0,1,0,0,1,0.427300415500348
"25402",191,"Ec_N",424,22,22,"Ec",19,0,1,0,0,1,0.427300415500348
"25403",191,"Ec_N",424,23,23,"Ec",19,0,1,0,0,1,0.427300415500348
"25404",191,"Ec_N",424,24,24,"Ec",20,1,1,0,0,1,0.610298755308086
"25405",191,"Ec_N",424,25,25,"Ec",20,1,1,0,0,1,0.610298755308086
"25406",191,"Ec_N",424,26,26,"Ec",20,1,1,0,0,1,0.610298755308086
"25407",191,"Ec_N",424,27,27,"Ec",20,1,1,0,0,1,0.610298755308086
"25408",191,"Ec_N",424,28,28,"Ec",20,1,1,0,0,1,0.610298755308086
"25409",191,"Ec_N",424,29,29,"Ec",20,1,1,0,0,1,0.610298755308086
"25410",191,"Ec_N",424,30,30,"Ec",18,1,0,0,0,1,0.646504780524047
"25411",191,"Ec_N",424,31,31,"Ec",18,1,0,0,0,1,0.646504780524047
"25412",191,"Ec_N",424,32,32,"Ec",18,1,0,0,0,1,0.646504780524047
"25413",191,"Ec_N",424,33,33,"Ec",18,1,0,0,0,1,0.646504780524047
"25414",191,"Ec_N",424,34,34,"Ec",18,1,0,0,0,1,0.646504780524047
"25415",191,"Ec_N",424,35,35,"Ec",18,1,0,0,0,1,0.646504780524047
"25416",191,"Ec_N",424,36,36,"Ec",18,1,0,0,0,1,0.646504780524047
"25417",191,"Ec_N",424,37,37,"Ec",18,1,0,0,0,1,0.646504780524047
"25418",191,"Ec_N",424,38,38,"Ec",18,1,0,0,0,1,0.646504780524047
"25419",191,"Ec_N",424,39,39,"Ec",18,1,0,0,0,1,0.646504780524047
"25420",191,"Ec_N",424,40,40,"Ec",18,1,0,0,0,1,0.646504780524047
"25421",191,"Ec_N",424,41,41,"Ec",18,1,0,0,0,1,0.646504780524047
"25422",191,"Ec_N",424,42,42,"Ec",18,1,0,0,0,1,0.646504780524047
"25423",191,"Ec_N",424,43,43,"Ec",18,1,0,0,0,1,0.646504780524047
"25424",191,"Ec_N",424,44,44,"Ec",18,1,0,0,0,1,0.646504780524047
"25425",191,"Ec_N",424,45,45,"Ec",18,1,0,0,0,1,0.646504780524047
"25426",191,"Ec_N",424,46,46,"Ec",18,1,0,0,0,1,0.646504780524047
"25427",191,"Ec_N",424,47,47,"Ec",18,1,0,0,0,1,0.646504780524047
"25428",191,"Ec_N",424,48,48,"Ec",18,1,0,0,0,1,0.646504780524047
"25429",191,"Ec_N",424,49,49,"Ec",18,1,0,0,0,1,0.646504780524047
"25430",191,"Ec_N",424,50,50,"Ec",18,1,0,0,0,1,0.646504780524047
"25431",191,"Ec_N",424,51,51,"Ec",18,1,0,0,0,1,0.646504780524047
"25432",191,"Ec_N",424,52,52,"Ec",18,1,0,0,0,1,0.646504780524047
"25433",191,"Ec_N",424,53,53,"Ec",18,1,0,0,0,1,0.646504780524047
"25434",191,"Ec_N",424,54,54,"Ec",22,1,0,1,0,1,0.92522428176681
"25435",191,"Ec_N",424,55,55,"Ec",22,1,0,1,0,1,0.92522428176681
"25436",191,"Ec_N",424,56,56,"Ec",22,1,0,1,0,1,0.92522428176681
"25437",191,"Ec_N",424,57,57,"Ec",22,1,0,1,0,1,0.92522428176681
"25438",191,"Ec_N",424,58,58,"Ec",22,1,0,1,0,1,0.92522428176681
"25439",191,"Ec_N",424,59,59,"Ec",22,1,0,1,0,1,0.92522428176681
"25440",191,"Ec_N",424,60,60,"Ec",22,1,0,1,0,1,0.92522428176681
"25441",191,"Ec_N",425,1,1,"Ec",1,0,0,0,0,0,0
"25442",191,"Ec_N",425,2,2,"Ec",1,0,0,0,0,0,0
"25443",191,"Ec_N",425,3,3,"Ec",1,0,0,0,0,0,0
"25444",191,"Ec_N",425,4,4,"Ec",1,0,0,0,0,0,0
"25445",191,"Ec_N",425,5,5,"Ec",1,0,0,0,0,0,0
"25446",191,"Ec_N",425,6,6,"Ec",1,0,0,0,0,0,0
"25447",191,"Ec_N",425,7,7,"Ec",1,0,0,0,0,0,0
"25448",191,"Ec_N",425,8,8,"Ec",1,0,0,0,0,0,0
"25449",191,"Ec_N",425,9,9,"Ec",1,0,0,0,0,0,0
"25450",191,"Ec_N",425,10,10,"Ec",1,0,0,0,0,0,0
"25451",191,"Ec_N",425,11,11,"Ec",9,0,0,0,1,0,0.0305419930719563
"25452",191,"Ec_N",425,12,12,"Ec",9,0,0,0,1,0,0.0305419930719563
"25453",191,"Ec_N",425,13,13,"Ec",10,1,0,0,1,0,0.228562363617893
"25454",191,"Ec_N",425,14,14,"Ec",10,1,0,0,1,0,0.228562363617893
"25455",191,"Ec_N",425,15,15,"Ec",10,1,0,0,1,0,0.228562363617893
"25456",191,"Ec_N",425,16,16,"Ec",10,1,0,0,1,0,0.228562363617893
"25457",191,"Ec_N",425,17,17,"Ec",10,1,0,0,1,0,0.228562363617893
"25458",191,"Ec_N",425,18,18,"Ec",10,1,0,0,1,0,0.228562363617893
"25459",191,"Ec_N",425,19,19,"Ec",12,1,1,0,1,0,0.259780205416137
"25460",191,"Ec_N",425,20,20,"Ec",12,1,1,0,1,0,0.259780205416137
"25461",191,"Ec_N",425,21,21,"Ec",12,1,1,0,1,0,0.259780205416137
"25462",191,"Ec_N",425,22,22,"Ec",12,1,1,0,1,0,0.259780205416137
"25463",191,"Ec_N",425,23,23,"Ec",12,1,1,0,1,0,0.259780205416137
"25464",191,"Ec_N",425,24,24,"Ec",12,1,1,0,1,0,0.259780205416137
"25465",191,"Ec_N",425,25,25,"Ec",12,1,1,0,1,0,0.259780205416137
"25466",191,"Ec_N",425,26,26,"Ec",12,1,1,0,1,0,0.259780205416137
"25467",191,"Ec_N",425,27,27,"Ec",12,1,1,0,1,0,0.259780205416137
"25468",191,"Ec_N",425,28,28,"Ec",12,1,1,0,1,0,0.259780205416137
"25469",191,"Ec_N",425,29,29,"Ec",12,1,1,0,1,0,0.259780205416137
"25470",191,"Ec_N",425,30,30,"Ec",12,1,1,0,1,0,0.259780205416137
"25471",191,"Ec_N",425,31,31,"Ec",12,1,1,0,1,0,0.259780205416137
"25472",191,"Ec_N",425,32,32,"Ec",12,1,1,0,1,0,0.259780205416137
"25473",191,"Ec_N",425,33,33,"Ec",12,1,1,0,1,0,0.259780205416137
"25474",191,"Ec_N",425,34,34,"Ec",12,1,1,0,1,0,0.259780205416137
"25475",191,"Ec_N",425,35,35,"Ec",12,1,1,0,1,0,0.259780205416137
"25476",191,"Ec_N",425,36,36,"Ec",12,1,1,0,1,0,0.259780205416137
"25477",191,"Ec_N",425,37,37,"Ec",12,1,1,0,1,0,0.259780205416137
"25478",191,"Ec_N",425,38,38,"Ec",12,1,1,0,1,0,0.259780205416137
"25479",191,"Ec_N",425,39,39,"Ec",12,1,1,0,1,0,0.259780205416137
"25480",191,"Ec_N",425,40,40,"Ec",12,1,1,0,1,0,0.259780205416137
"25481",191,"Ec_N",425,41,41,"Ec",12,1,1,0,1,0,0.259780205416137
"25482",191,"Ec_N",425,42,42,"Ec",12,1,1,0,1,0,0.259780205416137
"25483",191,"Ec_N",425,43,43,"Ec",12,1,1,0,1,0,0.259780205416137
"25484",191,"Ec_N",425,44,44,"Ec",12,1,1,0,1,0,0.259780205416137
"25485",191,"Ec_N",425,45,45,"Ec",12,1,1,0,1,0,0.259780205416137
"25486",191,"Ec_N",425,46,46,"Ec",12,1,1,0,1,0,0.259780205416137
"25487",191,"Ec_N",425,47,47,"Ec",28,1,1,0,1,1,0.681047421119041
"25488",191,"Ec_N",425,48,48,"Ec",28,1,1,0,1,1,0.681047421119041
"25489",191,"Ec_N",425,49,49,"Ec",28,1,1,0,1,1,0.681047421119041
"25490",191,"Ec_N",425,50,50,"Ec",28,1,1,0,1,1,0.681047421119041
"25491",191,"Ec_N",425,51,51,"Ec",28,1,1,0,1,1,0.681047421119041
"25492",191,"Ec_N",425,52,52,"Ec",28,1,1,0,1,1,0.681047421119041
"25493",191,"Ec_N",425,53,53,"Ec",28,1,1,0,1,1,0.681047421119041
"25494",191,"Ec_N",425,54,54,"Ec",28,1,1,0,1,1,0.681047421119041
"25495",191,"Ec_N",425,55,55,"Ec",28,1,1,0,1,1,0.681047421119041
"25496",191,"Ec_N",425,56,56,"Ec",28,1,1,0,1,1,0.681047421119041
"25497",191,"Ec_N",425,57,57,"Ec",28,1,1,0,1,1,0.681047421119041
"25498",191,"Ec_N",425,58,58,"Ec",28,1,1,0,1,1,0.681047421119041
"25499",191,"Ec_N",425,59,59,"Ec",28,1,1,0,1,1,0.681047421119041
"25500",191,"Ec_N",425,60,60,"Ec",28,1,1,0,1,1,0.681047421119041
"25501",191,"Ec_N",426,1,1,"Ec",1,0,0,0,0,0,0
"25502",191,"Ec_N",426,2,2,"Ec",1,0,0,0,0,0,0
"25503",191,"Ec_N",426,3,3,"Ec",1,0,0,0,0,0,0
"25504",191,"Ec_N",426,4,4,"Ec",5,0,0,1,0,0,0.49313446766664
"25505",191,"Ec_N",426,5,5,"Ec",5,0,0,1,0,0,0.49313446766664
"25506",191,"Ec_N",426,6,6,"Ec",5,0,0,1,0,0,0.49313446766664
"25507",191,"Ec_N",426,7,7,"Ec",5,0,0,1,0,0,0.49313446766664
"25508",191,"Ec_N",426,8,8,"Ec",5,0,0,1,0,0,0.49313446766664
"25509",191,"Ec_N",426,9,9,"Ec",5,0,0,1,0,0,0.49313446766664
"25510",191,"Ec_N",426,10,10,"Ec",5,0,0,1,0,0,0.49313446766664
"25511",191,"Ec_N",426,11,11,"Ec",5,0,0,1,0,0,0.49313446766664
"25512",191,"Ec_N",426,12,12,"Ec",5,0,0,1,0,0,0.49313446766664
"25513",191,"Ec_N",426,13,13,"Ec",5,0,0,1,0,0,0.49313446766664
"25514",191,"Ec_N",426,14,14,"Ec",5,0,0,1,0,0,0.49313446766664
"25515",191,"Ec_N",426,15,15,"Ec",5,0,0,1,0,0,0.49313446766664
"25516",191,"Ec_N",426,16,16,"Ec",5,0,0,1,0,0,0.49313446766664
"25517",191,"Ec_N",426,17,17,"Ec",5,0,0,1,0,0,0.49313446766664
"25518",191,"Ec_N",426,18,18,"Ec",5,0,0,1,0,0,0.49313446766664
"25519",191,"Ec_N",426,19,19,"Ec",5,0,0,1,0,0,0.49313446766664
"25520",191,"Ec_N",426,20,20,"Ec",5,0,0,1,0,0,0.49313446766664
"25521",191,"Ec_N",426,21,21,"Ec",5,0,0,1,0,0,0.49313446766664
"25522",191,"Ec_N",426,22,22,"Ec",5,0,0,1,0,0,0.49313446766664
"25523",191,"Ec_N",426,23,23,"Ec",5,0,0,1,0,0,0.49313446766664
"25524",191,"Ec_N",426,24,24,"Ec",21,0,0,1,0,1,0.726280938342543
"25525",191,"Ec_N",426,25,25,"Ec",21,0,0,1,0,1,0.726280938342543
"25526",191,"Ec_N",426,26,26,"Ec",21,0,0,1,0,1,0.726280938342543
"25527",191,"Ec_N",426,27,27,"Ec",21,0,0,1,0,1,0.726280938342543
"25528",191,"Ec_N",426,28,28,"Ec",22,1,0,1,0,1,0.92522428176681
"25529",191,"Ec_N",426,29,29,"Ec",24,1,1,1,0,1,0.969458006928044
"25530",191,"Ec_N",426,30,30,"Ec",24,1,1,1,0,1,0.969458006928044
"25531",191,"Ec_N",426,31,31,"Ec",24,1,1,1,0,1,0.969458006928044
"25532",191,"Ec_N",426,32,32,"Ec",24,1,1,1,0,1,0.969458006928044
"25533",191,"Ec_N",426,33,33,"Ec",24,1,1,1,0,1,0.969458006928044
"25534",191,"Ec_N",426,34,34,"Ec",24,1,1,1,0,1,0.969458006928044
"25535",191,"Ec_N",426,35,35,"Ec",24,1,1,1,0,1,0.969458006928044
"25536",191,"Ec_N",426,36,36,"Ec",24,1,1,1,0,1,0.969458006928044
"25537",191,"Ec_N",426,37,37,"Ec",24,1,1,1,0,1,0.969458006928044
"25538",191,"Ec_N",426,38,38,"Ec",24,1,1,1,0,1,0.969458006928044
"25539",191,"Ec_N",426,39,39,"Ec",24,1,1,1,0,1,0.969458006928044
"25540",191,"Ec_N",426,40,40,"Ec",24,1,1,1,0,1,0.969458006928044
"25541",191,"Ec_N",426,41,41,"Ec",24,1,1,1,0,1,0.969458006928044
"25542",191,"Ec_N",426,42,42,"Ec",32,1,1,1,1,1,1
"25543",191,"Ec_N",426,43,43,"Ec",32,1,1,1,1,1,1
"25544",191,"Ec_N",426,44,44,"Ec",32,1,1,1,1,1,1
"25545",191,"Ec_N",426,45,45,"Ec",32,1,1,1,1,1,1
"25546",191,"Ec_N",426,46,46,"Ec",32,1,1,1,1,1,1
"25547",191,"Ec_N",426,47,47,"Ec",32,1,1,1,1,1,1
"25548",191,"Ec_N",426,48,48,"Ec",32,1,1,1,1,1,1
"25549",191,"Ec_N",426,49,49,"Ec",32,1,1,1,1,1,1
"25550",191,"Ec_N",426,50,50,"Ec",32,1,1,1,1,1,1
"25551",191,"Ec_N",426,51,51,"Ec",32,1,1,1,1,1,1
"25552",191,"Ec_N",426,52,52,"Ec",32,1,1,1,1,1,1
"25553",191,"Ec_N",426,53,53,"Ec",32,1,1,1,1,1,1
"25554",191,"Ec_N",426,54,54,"Ec",32,1,1,1,1,1,1
"25555",191,"Ec_N",426,55,55,"Ec",32,1,1,1,1,1,1
"25556",191,"Ec_N",426,56,56,"Ec",32,1,1,1,1,1,1
"25557",191,"Ec_N",426,57,57,"Ec",32,1,1,1,1,1,1
"25558",191,"Ec_N",426,58,58,"Ec",32,1,1,1,1,1,1
"25559",191,"Ec_N",426,59,59,"Ec",32,1,1,1,1,1,1
"25560",191,"Ec_N",426,60,60,"Ec",32,1,1,1,1,1,1
"25561",191,"Ec_N",427,1,1,"Ec",1,0,0,0,0,0,0
"25562",191,"Ec_N",427,2,2,"Ec",1,0,0,0,0,0,0
"25563",191,"Ec_N",427,3,3,"Ec",1,0,0,0,0,0,0
"25564",191,"Ec_N",427,4,4,"Ec",1,0,0,0,0,0,0
"25565",191,"Ec_N",427,5,5,"Ec",1,0,0,0,0,0,0
"25566",191,"Ec_N",427,6,6,"Ec",1,0,0,0,0,0,0
"25567",191,"Ec_N",427,7,7,"Ec",1,0,0,0,0,0,0
"25568",191,"Ec_N",427,8,8,"Ec",3,0,1,0,0,0,0.041311480051295
"25569",191,"Ec_N",427,9,9,"Ec",3,0,1,0,0,0,0.041311480051295
"25570",191,"Ec_N",427,10,10,"Ec",7,0,1,1,0,0,0.589282297794007
"25571",191,"Ec_N",427,11,11,"Ec",7,0,1,1,0,0,0.589282297794007
"25572",191,"Ec_N",427,12,12,"Ec",7,0,1,1,0,0,0.589282297794007
"25573",191,"Ec_N",427,13,13,"Ec",7,0,1,1,0,0,0.589282297794007
"25574",191,"Ec_N",427,14,14,"Ec",7,0,1,1,0,0,0.589282297794007
"25575",191,"Ec_N",427,15,15,"Ec",7,0,1,1,0,0,0.589282297794007
"25576",191,"Ec_N",427,16,16,"Ec",7,0,1,1,0,0,0.589282297794007
"25577",191,"Ec_N",427,17,17,"Ec",23,0,1,1,0,1,0.616809062130864
"25578",191,"Ec_N",427,18,18,"Ec",23,0,1,1,0,1,0.616809062130864
"25579",191,"Ec_N",427,19,19,"Ec",23,0,1,1,0,1,0.616809062130864
"25580",191,"Ec_N",427,20,20,"Ec",23,0,1,1,0,1,0.616809062130864
"25581",191,"Ec_N",427,21,21,"Ec",23,0,1,1,0,1,0.616809062130864
"25582",191,"Ec_N",427,22,22,"Ec",23,0,1,1,0,1,0.616809062130864
"25583",191,"Ec_N",427,23,23,"Ec",23,0,1,1,0,1,0.616809062130864
"25584",191,"Ec_N",427,24,24,"Ec",23,0,1,1,0,1,0.616809062130864
"25585",191,"Ec_N",427,25,25,"Ec",23,0,1,1,0,1,0.616809062130864
"25586",191,"Ec_N",427,26,26,"Ec",23,0,1,1,0,1,0.616809062130864
"25587",191,"Ec_N",427,27,27,"Ec",23,0,1,1,0,1,0.616809062130864
"25588",191,"Ec_N",427,28,28,"Ec",23,0,1,1,0,1,0.616809062130864
"25589",191,"Ec_N",427,29,29,"Ec",23,0,1,1,0,1,0.616809062130864
"25590",191,"Ec_N",427,30,30,"Ec",23,0,1,1,0,1,0.616809062130864
"25591",191,"Ec_N",427,31,31,"Ec",23,0,1,1,0,1,0.616809062130864
"25592",191,"Ec_N",427,32,32,"Ec",31,0,1,1,1,1,0.801979629454064
"25593",191,"Ec_N",427,33,33,"Ec",31,0,1,1,1,1,0.801979629454064
"25594",191,"Ec_N",427,34,34,"Ec",31,0,1,1,1,1,0.801979629454064
"25595",191,"Ec_N",427,35,35,"Ec",31,0,1,1,1,1,0.801979629454064
"25596",191,"Ec_N",427,36,36,"Ec",31,0,1,1,1,1,0.801979629454064
"25597",191,"Ec_N",427,37,37,"Ec",31,0,1,1,1,1,0.801979629454064
"25598",191,"Ec_N",427,38,38,"Ec",31,0,1,1,1,1,0.801979629454064
"25599",191,"Ec_N",427,39,39,"Ec",31,0,1,1,1,1,0.801979629454064
"25600",191,"Ec_N",427,40,40,"Ec",31,0,1,1,1,1,0.801979629454064
"25601",191,"Ec_N",427,41,41,"Ec",31,0,1,1,1,1,0.801979629454064
"25602",191,"Ec_N",427,42,42,"Ec",31,0,1,1,1,1,0.801979629454064
"25603",191,"Ec_N",427,43,43,"Ec",31,0,1,1,1,1,0.801979629454064
"25604",191,"Ec_N",427,44,44,"Ec",31,0,1,1,1,1,0.801979629454064
"25605",191,"Ec_N",427,45,45,"Ec",32,1,1,1,1,1,1
"25606",191,"Ec_N",427,46,46,"Ec",32,1,1,1,1,1,1
"25607",191,"Ec_N",427,47,47,"Ec",32,1,1,1,1,1,1
"25608",191,"Ec_N",427,48,48,"Ec",32,1,1,1,1,1,1
"25609",191,"Ec_N",427,49,49,"Ec",32,1,1,1,1,1,1
"25610",191,"Ec_N",427,50,50,"Ec",32,1,1,1,1,1,1
"25611",191,"Ec_N",427,51,51,"Ec",32,1,1,1,1,1,1
"25612",191,"Ec_N",427,52,52,"Ec",32,1,1,1,1,1,1
"25613",191,"Ec_N",427,53,53,"Ec",32,1,1,1,1,1,1
"25614",191,"Ec_N",427,54,54,"Ec",32,1,1,1,1,1,1
"25615",191,"Ec_N",427,55,55,"Ec",32,1,1,1,1,1,1
"25616",191,"Ec_N",427,56,56,"Ec",32,1,1,1,1,1,1
"25617",191,"Ec_N",427,57,57,"Ec",32,1,1,1,1,1,1
"25618",191,"Ec_N",427,58,58,"Ec",32,1,1,1,1,1,1
"25619",191,"Ec_N",427,59,59,"Ec",32,1,1,1,1,1,1
"25620",191,"Ec_N",427,60,60,"Ec",32,1,1,1,1,1,1
"25621",191,"Ec_N",428,1,1,"Ec",1,0,0,0,0,0,0
"25622",191,"Ec_N",428,2,2,"Ec",5,0,0,1,0,0,0.49313446766664
"25623",191,"Ec_N",428,3,3,"Ec",5,0,0,1,0,0,0.49313446766664
"25624",191,"Ec_N",428,4,4,"Ec",5,0,0,1,0,0,0.49313446766664
"25625",191,"Ec_N",428,5,5,"Ec",5,0,0,1,0,0,0.49313446766664
"25626",191,"Ec_N",428,6,6,"Ec",5,0,0,1,0,0,0.49313446766664
"25627",191,"Ec_N",428,7,7,"Ec",5,0,0,1,0,0,0.49313446766664
"25628",191,"Ec_N",428,8,8,"Ec",5,0,0,1,0,0,0.49313446766664
"25629",191,"Ec_N",428,9,9,"Ec",21,0,0,1,0,1,0.726280938342543
"25630",191,"Ec_N",428,10,10,"Ec",21,0,0,1,0,1,0.726280938342543
"25631",191,"Ec_N",428,11,11,"Ec",29,0,0,1,1,1,0.760668149402769
"25632",191,"Ec_N",428,12,12,"Ec",29,0,0,1,1,1,0.760668149402769
"25633",191,"Ec_N",428,13,13,"Ec",29,0,0,1,1,1,0.760668149402769
"25634",191,"Ec_N",428,14,14,"Ec",29,0,0,1,1,1,0.760668149402769
"25635",191,"Ec_N",428,15,15,"Ec",29,0,0,1,1,1,0.760668149402769
"25636",191,"Ec_N",428,16,16,"Ec",30,1,0,1,1,1,0.958688519948705
"25637",191,"Ec_N",428,17,17,"Ec",30,1,0,1,1,1,0.958688519948705
"25638",191,"Ec_N",428,18,18,"Ec",30,1,0,1,1,1,0.958688519948705
"25639",191,"Ec_N",428,19,19,"Ec",30,1,0,1,1,1,0.958688519948705
"25640",191,"Ec_N",428,20,20,"Ec",30,1,0,1,1,1,0.958688519948705
"25641",191,"Ec_N",428,21,21,"Ec",30,1,0,1,1,1,0.958688519948705
"25642",191,"Ec_N",428,22,22,"Ec",30,1,0,1,1,1,0.958688519948705
"25643",191,"Ec_N",428,23,23,"Ec",30,1,0,1,1,1,0.958688519948705
"25644",191,"Ec_N",428,24,24,"Ec",30,1,0,1,1,1,0.958688519948705
"25645",191,"Ec_N",428,25,25,"Ec",30,1,0,1,1,1,0.958688519948705
"25646",191,"Ec_N",428,26,26,"Ec",30,1,0,1,1,1,0.958688519948705
"25647",191,"Ec_N",428,27,27,"Ec",30,1,0,1,1,1,0.958688519948705
"25648",191,"Ec_N",428,28,28,"Ec",30,1,0,1,1,1,0.958688519948705
"25649",191,"Ec_N",428,29,29,"Ec",32,1,1,1,1,1,1
"25650",191,"Ec_N",428,30,30,"Ec",32,1,1,1,1,1,1
"25651",191,"Ec_N",428,31,31,"Ec",32,1,1,1,1,1,1
"25652",191,"Ec_N",428,32,32,"Ec",32,1,1,1,1,1,1
"25653",191,"Ec_N",428,33,33,"Ec",32,1,1,1,1,1,1
"25654",191,"Ec_N",428,34,34,"Ec",32,1,1,1,1,1,1
"25655",191,"Ec_N",428,35,35,"Ec",32,1,1,1,1,1,1
"25656",191,"Ec_N",428,36,36,"Ec",32,1,1,1,1,1,1
"25657",191,"Ec_N",428,37,37,"Ec",32,1,1,1,1,1,1
"25658",191,"Ec_N",428,38,38,"Ec",32,1,1,1,1,1,1
"25659",191,"Ec_N",428,39,39,"Ec",32,1,1,1,1,1,1
"25660",191,"Ec_N",428,40,40,"Ec",32,1,1,1,1,1,1
"25661",191,"Ec_N",428,41,41,"Ec",32,1,1,1,1,1,1
"25662",191,"Ec_N",428,42,42,"Ec",32,1,1,1,1,1,1
"25663",191,"Ec_N",428,43,43,"Ec",32,1,1,1,1,1,1
"25664",191,"Ec_N",428,44,44,"Ec",32,1,1,1,1,1,1
"25665",191,"Ec_N",428,45,45,"Ec",32,1,1,1,1,1,1
"25666",191,"Ec_N",428,46,46,"Ec",32,1,1,1,1,1,1
"25667",191,"Ec_N",428,47,47,"Ec",32,1,1,1,1,1,1
"25668",191,"Ec_N",428,48,48,"Ec",32,1,1,1,1,1,1
"25669",191,"Ec_N",428,49,49,"Ec",32,1,1,1,1,1,1
"25670",191,"Ec_N",428,50,50,"Ec",32,1,1,1,1,1,1
"25671",191,"Ec_N",428,51,51,"Ec",32,1,1,1,1,1,1
"25672",191,"Ec_N",428,52,52,"Ec",32,1,1,1,1,1,1
"25673",191,"Ec_N",428,53,53,"Ec",32,1,1,1,1,1,1
"25674",191,"Ec_N",428,54,54,"Ec",32,1,1,1,1,1,1
"25675",191,"Ec_N",428,55,55,"Ec",32,1,1,1,1,1,1
"25676",191,"Ec_N",428,56,56,"Ec",32,1,1,1,1,1,1
"25677",191,"Ec_N",428,57,57,"Ec",32,1,1,1,1,1,1
"25678",191,"Ec_N",428,58,58,"Ec",32,1,1,1,1,1,1
"25679",191,"Ec_N",428,59,59,"Ec",32,1,1,1,1,1,1
"25680",191,"Ec_N",428,60,60,"Ec",32,1,1,1,1,1,1
"25681",191,"Ec_N",429,1,1,"Ec",1,0,0,0,0,0,0
"25682",191,"Ec_N",429,2,2,"Ec",1,0,0,0,0,0,0
"25683",191,"Ec_N",429,3,3,"Ec",1,0,0,0,0,0,0
"25684",191,"Ec_N",429,4,4,"Ec",1,0,0,0,0,0,0
"25685",191,"Ec_N",429,5,5,"Ec",1,0,0,0,0,0,0
"25686",191,"Ec_N",429,6,6,"Ec",1,0,0,0,0,0,0
"25687",191,"Ec_N",429,7,7,"Ec",1,0,0,0,0,0,0
"25688",191,"Ec_N",429,8,8,"Ec",3,0,1,0,0,0,0.041311480051295
"25689",191,"Ec_N",429,9,9,"Ec",3,0,1,0,0,0,0.041311480051295
"25690",191,"Ec_N",429,10,10,"Ec",3,0,1,0,0,0,0.041311480051295
"25691",191,"Ec_N",429,11,11,"Ec",3,0,1,0,0,0,0.041311480051295
"25692",191,"Ec_N",429,12,12,"Ec",3,0,1,0,0,0,0.041311480051295
"25693",191,"Ec_N",429,13,13,"Ec",3,0,1,0,0,0,0.041311480051295
"25694",191,"Ec_N",429,14,14,"Ec",3,0,1,0,0,0,0.041311480051295
"25695",191,"Ec_N",429,15,15,"Ec",3,0,1,0,0,0,0.041311480051295
"25696",191,"Ec_N",429,16,16,"Ec",19,0,1,0,0,1,0.427300415500348
"25697",191,"Ec_N",429,17,17,"Ec",19,0,1,0,0,1,0.427300415500348
"25698",191,"Ec_N",429,18,18,"Ec",19,0,1,0,0,1,0.427300415500348
"25699",191,"Ec_N",429,19,19,"Ec",19,0,1,0,0,1,0.427300415500348
"25700",191,"Ec_N",429,20,20,"Ec",19,0,1,0,0,1,0.427300415500348
"25701",191,"Ec_N",429,21,21,"Ec",19,0,1,0,0,1,0.427300415500348
"25702",191,"Ec_N",429,22,22,"Ec",19,0,1,0,0,1,0.427300415500348
"25703",191,"Ec_N",429,23,23,"Ec",19,0,1,0,0,1,0.427300415500348
"25704",191,"Ec_N",429,24,24,"Ec",19,0,1,0,0,1,0.427300415500348
"25705",191,"Ec_N",429,25,25,"Ec",19,0,1,0,0,1,0.427300415500348
"25706",191,"Ec_N",429,26,26,"Ec",19,0,1,0,0,1,0.427300415500348
"25707",191,"Ec_N",429,27,27,"Ec",19,0,1,0,0,1,0.427300415500348
"25708",191,"Ec_N",429,28,28,"Ec",19,0,1,0,0,1,0.427300415500348
"25709",191,"Ec_N",429,29,29,"Ec",19,0,1,0,0,1,0.427300415500348
"25710",191,"Ec_N",429,30,30,"Ec",19,0,1,0,0,1,0.427300415500348
"25711",191,"Ec_N",429,31,31,"Ec",19,0,1,0,0,1,0.427300415500348
"25712",191,"Ec_N",429,32,32,"Ec",19,0,1,0,0,1,0.427300415500348
"25713",191,"Ec_N",429,33,33,"Ec",20,1,1,0,0,1,0.610298755308086
"25714",191,"Ec_N",429,34,34,"Ec",20,1,1,0,0,1,0.610298755308086
"25715",191,"Ec_N",429,35,35,"Ec",20,1,1,0,0,1,0.610298755308086
"25716",191,"Ec_N",429,36,36,"Ec",20,1,1,0,0,1,0.610298755308086
"25717",191,"Ec_N",429,37,37,"Ec",20,1,1,0,0,1,0.610298755308086
"25718",191,"Ec_N",429,38,38,"Ec",20,1,1,0,0,1,0.610298755308086
"25719",191,"Ec_N",429,39,39,"Ec",20,1,1,0,0,1,0.610298755308086
"25720",191,"Ec_N",429,40,40,"Ec",24,1,1,1,0,1,0.969458006928044
"25721",191,"Ec_N",429,41,41,"Ec",24,1,1,1,0,1,0.969458006928044
"25722",191,"Ec_N",429,42,42,"Ec",24,1,1,1,0,1,0.969458006928044
"25723",191,"Ec_N",429,43,43,"Ec",24,1,1,1,0,1,0.969458006928044
"25724",191,"Ec_N",429,44,44,"Ec",24,1,1,1,0,1,0.969458006928044
"25725",191,"Ec_N",429,45,45,"Ec",24,1,1,1,0,1,0.969458006928044
"25726",191,"Ec_N",429,46,46,"Ec",24,1,1,1,0,1,0.969458006928044
"25727",191,"Ec_N",429,47,47,"Ec",24,1,1,1,0,1,0.969458006928044
"25728",191,"Ec_N",429,48,48,"Ec",24,1,1,1,0,1,0.969458006928044
"25729",191,"Ec_N",429,49,49,"Ec",24,1,1,1,0,1,0.969458006928044
"25730",191,"Ec_N",429,50,50,"Ec",24,1,1,1,0,1,0.969458006928044
"25731",191,"Ec_N",429,51,51,"Ec",24,1,1,1,0,1,0.969458006928044
"25732",191,"Ec_N",429,52,52,"Ec",24,1,1,1,0,1,0.969458006928044
"25733",191,"Ec_N",429,53,53,"Ec",24,1,1,1,0,1,0.969458006928044
"25734",191,"Ec_N",429,54,54,"Ec",24,1,1,1,0,1,0.969458006928044
"25735",191,"Ec_N",429,55,55,"Ec",24,1,1,1,0,1,0.969458006928044
"25736",191,"Ec_N",429,56,56,"Ec",24,1,1,1,0,1,0.969458006928044
"25737",191,"Ec_N",429,57,57,"Ec",24,1,1,1,0,1,0.969458006928044
"25738",191,"Ec_N",429,58,58,"Ec",24,1,1,1,0,1,0.969458006928044
"25739",191,"Ec_N",429,59,59,"Ec",24,1,1,1,0,1,0.969458006928044
"25740",191,"Ec_N",429,60,60,"Ec",24,1,1,1,0,1,0.969458006928044
"25741",191,"Ec_N",430,1,1,"Ec",1,0,0,0,0,0,0
"25742",191,"Ec_N",430,2,2,"Ec",1,0,0,0,0,0,0
"25743",191,"Ec_N",430,3,3,"Ec",1,0,0,0,0,0,0
"25744",191,"Ec_N",430,4,4,"Ec",3,0,1,0,0,0,0.041311480051295
"25745",191,"Ec_N",430,5,5,"Ec",3,0,1,0,0,0,0.041311480051295
"25746",191,"Ec_N",430,6,6,"Ec",3,0,1,0,0,0,0.041311480051295
"25747",191,"Ec_N",430,7,7,"Ec",3,0,1,0,0,0,0.041311480051295
"25748",191,"Ec_N",430,8,8,"Ec",3,0,1,0,0,0,0.041311480051295
"25749",191,"Ec_N",430,9,9,"Ec",3,0,1,0,0,0,0.041311480051295
"25750",191,"Ec_N",430,10,10,"Ec",3,0,1,0,0,0,0.041311480051295
"25751",191,"Ec_N",430,11,11,"Ec",3,0,1,0,0,0,0.041311480051295
"25752",191,"Ec_N",430,12,12,"Ec",7,0,1,1,0,0,0.589282297794007
"25753",191,"Ec_N",430,13,13,"Ec",7,0,1,1,0,0,0.589282297794007
"25754",191,"Ec_N",430,14,14,"Ec",7,0,1,1,0,0,0.589282297794007
"25755",191,"Ec_N",430,15,15,"Ec",7,0,1,1,0,0,0.589282297794007
"25756",191,"Ec_N",430,16,16,"Ec",7,0,1,1,0,0,0.589282297794007
"25757",191,"Ec_N",430,17,17,"Ec",23,0,1,1,0,1,0.616809062130864
"25758",191,"Ec_N",430,18,18,"Ec",23,0,1,1,0,1,0.616809062130864
"25759",191,"Ec_N",430,19,19,"Ec",23,0,1,1,0,1,0.616809062130864
"25760",191,"Ec_N",430,20,20,"Ec",23,0,1,1,0,1,0.616809062130864
"25761",191,"Ec_N",430,21,21,"Ec",23,0,1,1,0,1,0.616809062130864
"25762",191,"Ec_N",430,22,22,"Ec",23,0,1,1,0,1,0.616809062130864
"25763",191,"Ec_N",430,23,23,"Ec",23,0,1,1,0,1,0.616809062130864
"25764",191,"Ec_N",430,24,24,"Ec",23,0,1,1,0,1,0.616809062130864
"25765",191,"Ec_N",430,25,25,"Ec",24,1,1,1,0,1,0.969458006928044
"25766",191,"Ec_N",430,26,26,"Ec",32,1,1,1,1,1,1
"25767",191,"Ec_N",430,27,27,"Ec",32,1,1,1,1,1,1
"25768",191,"Ec_N",430,28,28,"Ec",32,1,1,1,1,1,1
"25769",191,"Ec_N",430,29,29,"Ec",32,1,1,1,1,1,1
"25770",191,"Ec_N",430,30,30,"Ec",32,1,1,1,1,1,1
"25771",191,"Ec_N",430,31,31,"Ec",32,1,1,1,1,1,1
"25772",191,"Ec_N",430,32,32,"Ec",32,1,1,1,1,1,1
"25773",191,"Ec_N",430,33,33,"Ec",32,1,1,1,1,1,1
"25774",191,"Ec_N",430,34,34,"Ec",32,1,1,1,1,1,1
"25775",191,"Ec_N",430,35,35,"Ec",32,1,1,1,1,1,1
"25776",191,"Ec_N",430,36,36,"Ec",32,1,1,1,1,1,1
"25777",191,"Ec_N",430,37,37,"Ec",32,1,1,1,1,1,1
"25778",191,"Ec_N",430,38,38,"Ec",32,1,1,1,1,1,1
"25779",191,"Ec_N",430,39,39,"Ec",32,1,1,1,1,1,1
"25780",191,"Ec_N",430,40,40,"Ec",32,1,1,1,1,1,1
"25781",191,"Ec_N",430,41,41,"Ec",32,1,1,1,1,1,1
"25782",191,"Ec_N",430,42,42,"Ec",32,1,1,1,1,1,1
"25783",191,"Ec_N",430,43,43,"Ec",32,1,1,1,1,1,1
"25784",191,"Ec_N",430,44,44,"Ec",32,1,1,1,1,1,1
"25785",191,"Ec_N",430,45,45,"Ec",32,1,1,1,1,1,1
"25786",191,"Ec_N",430,46,46,"Ec",32,1,1,1,1,1,1
"25787",191,"Ec_N",430,47,47,"Ec",32,1,1,1,1,1,1
"25788",191,"Ec_N",430,48,48,"Ec",32,1,1,1,1,1,1
"25789",191,"Ec_N",430,49,49,"Ec",32,1,1,1,1,1,1
"25790",191,"Ec_N",430,50,50,"Ec",32,1,1,1,1,1,1
"25791",191,"Ec_N",430,51,51,"Ec",32,1,1,1,1,1,1
"25792",191,"Ec_N",430,52,52,"Ec",32,1,1,1,1,1,1
"25793",191,"Ec_N",430,53,53,"Ec",32,1,1,1,1,1,1
"25794",191,"Ec_N",430,54,54,"Ec",32,1,1,1,1,1,1
"25795",191,"Ec_N",430,55,55,"Ec",32,1,1,1,1,1,1
"25796",191,"Ec_N",430,56,56,"Ec",32,1,1,1,1,1,1
"25797",191,"Ec_N",430,57,57,"Ec",32,1,1,1,1,1,1
"25798",191,"Ec_N",430,58,58,"Ec",32,1,1,1,1,1,1
"25799",191,"Ec_N",430,59,59,"Ec",32,1,1,1,1,1,1
"25800",191,"Ec_N",430,60,60,"Ec",32,1,1,1,1,1,1
"25801",191,"Ec_N",431,1,1,"Ec",1,0,0,0,0,0,0
"25802",191,"Ec_N",431,2,2,"Ec",1,0,0,0,0,0,0
"25803",191,"Ec_N",431,3,3,"Ec",1,0,0,0,0,0,0
"25804",191,"Ec_N",431,4,4,"Ec",1,0,0,0,0,0,0
"25805",191,"Ec_N",431,5,5,"Ec",1,0,0,0,0,0,0
"25806",191,"Ec_N",431,6,6,"Ec",1,0,0,0,0,0,0
"25807",191,"Ec_N",431,7,7,"Ec",1,0,0,0,0,0,0
"25808",191,"Ec_N",431,8,8,"Ec",1,0,0,0,0,0,0
"25809",191,"Ec_N",431,9,9,"Ec",3,0,1,0,0,0,0.041311480051295
"25810",191,"Ec_N",431,10,10,"Ec",3,0,1,0,0,0,0.041311480051295
"25811",191,"Ec_N",431,11,11,"Ec",3,0,1,0,0,0,0.041311480051295
"25812",191,"Ec_N",431,12,12,"Ec",3,0,1,0,0,0,0.041311480051295
"25813",191,"Ec_N",431,13,13,"Ec",3,0,1,0,0,0,0.041311480051295
"25814",191,"Ec_N",431,14,14,"Ec",3,0,1,0,0,0,0.041311480051295
"25815",191,"Ec_N",431,15,15,"Ec",3,0,1,0,0,0,0.041311480051295
"25816",191,"Ec_N",431,16,16,"Ec",3,0,1,0,0,0,0.041311480051295
"25817",191,"Ec_N",431,17,17,"Ec",3,0,1,0,0,0,0.041311480051295
"25818",191,"Ec_N",431,18,18,"Ec",3,0,1,0,0,0,0.041311480051295
"25819",191,"Ec_N",431,19,19,"Ec",3,0,1,0,0,0,0.041311480051295
"25820",191,"Ec_N",431,20,20,"Ec",3,0,1,0,0,0,0.041311480051295
"25821",191,"Ec_N",431,21,21,"Ec",3,0,1,0,0,0,0.041311480051295
"25822",191,"Ec_N",431,22,22,"Ec",7,0,1,1,0,0,0.589282297794007
"25823",191,"Ec_N",431,23,23,"Ec",7,0,1,1,0,0,0.589282297794007
"25824",191,"Ec_N",431,24,24,"Ec",7,0,1,1,0,0,0.589282297794007
"25825",191,"Ec_N",431,25,25,"Ec",7,0,1,1,0,0,0.589282297794007
"25826",191,"Ec_N",431,26,26,"Ec",7,0,1,1,0,0,0.589282297794007
"25827",191,"Ec_N",431,27,27,"Ec",7,0,1,1,0,0,0.589282297794007
"25828",191,"Ec_N",431,28,28,"Ec",7,0,1,1,0,0,0.589282297794007
"25829",191,"Ec_N",431,29,29,"Ec",7,0,1,1,0,0,0.589282297794007
"25830",191,"Ec_N",431,30,30,"Ec",7,0,1,1,0,0,0.589282297794007
"25831",191,"Ec_N",431,31,31,"Ec",7,0,1,1,0,0,0.589282297794007
"25832",191,"Ec_N",431,32,32,"Ec",7,0,1,1,0,0,0.589282297794007
"25833",191,"Ec_N",431,33,33,"Ec",7,0,1,1,0,0,0.589282297794007
"25834",191,"Ec_N",431,34,34,"Ec",23,0,1,1,0,1,0.616809062130864
"25835",191,"Ec_N",431,35,35,"Ec",23,0,1,1,0,1,0.616809062130864
"25836",191,"Ec_N",431,36,36,"Ec",23,0,1,1,0,1,0.616809062130864
"25837",191,"Ec_N",431,37,37,"Ec",23,0,1,1,0,1,0.616809062130864
"25838",191,"Ec_N",431,38,38,"Ec",24,1,1,1,0,1,0.969458006928044
"25839",191,"Ec_N",431,39,39,"Ec",24,1,1,1,0,1,0.969458006928044
"25840",191,"Ec_N",431,40,40,"Ec",24,1,1,1,0,1,0.969458006928044
"25841",191,"Ec_N",431,41,41,"Ec",24,1,1,1,0,1,0.969458006928044
"25842",191,"Ec_N",431,42,42,"Ec",24,1,1,1,0,1,0.969458006928044
"25843",191,"Ec_N",431,43,43,"Ec",24,1,1,1,0,1,0.969458006928044
"25844",191,"Ec_N",431,44,44,"Ec",24,1,1,1,0,1,0.969458006928044
"25845",191,"Ec_N",431,45,45,"Ec",24,1,1,1,0,1,0.969458006928044
"25846",191,"Ec_N",431,46,46,"Ec",24,1,1,1,0,1,0.969458006928044
"25847",191,"Ec_N",431,47,47,"Ec",24,1,1,1,0,1,0.969458006928044
"25848",191,"Ec_N",431,48,48,"Ec",24,1,1,1,0,1,0.969458006928044
"25849",191,"Ec_N",431,49,49,"Ec",24,1,1,1,0,1,0.969458006928044
"25850",191,"Ec_N",431,50,50,"Ec",24,1,1,1,0,1,0.969458006928044
"25851",191,"Ec_N",431,51,51,"Ec",24,1,1,1,0,1,0.969458006928044
"25852",191,"Ec_N",431,52,52,"Ec",24,1,1,1,0,1,0.969458006928044
"25853",191,"Ec_N",431,53,53,"Ec",24,1,1,1,0,1,0.969458006928044
"25854",191,"Ec_N",431,54,54,"Ec",24,1,1,1,0,1,0.969458006928044
"25855",191,"Ec_N",431,55,55,"Ec",24,1,1,1,0,1,0.969458006928044
"25856",191,"Ec_N",431,56,56,"Ec",24,1,1,1,0,1,0.969458006928044
"25857",191,"Ec_N",431,57,57,"Ec",24,1,1,1,0,1,0.969458006928044
"25858",191,"Ec_N",431,58,58,"Ec",24,1,1,1,0,1,0.969458006928044
"25859",191,"Ec_N",431,59,59,"Ec",24,1,1,1,0,1,0.969458006928044
"25860",191,"Ec_N",431,60,60,"Ec",24,1,1,1,0,1,0.969458006928044
"25861",191,"Ec_N",432,1,1,"Ec",1,0,0,0,0,0,0
"25862",191,"Ec_N",432,2,2,"Ec",17,0,0,0,0,1,0.229834113103391
"25863",191,"Ec_N",432,3,3,"Ec",17,0,0,0,0,1,0.229834113103391
"25864",191,"Ec_N",432,4,4,"Ec",17,0,0,0,0,1,0.229834113103391
"25865",191,"Ec_N",432,5,5,"Ec",17,0,0,0,0,1,0.229834113103391
"25866",191,"Ec_N",432,6,6,"Ec",19,0,1,0,0,1,0.427300415500348
"25867",191,"Ec_N",432,7,7,"Ec",19,0,1,0,0,1,0.427300415500348
"25868",191,"Ec_N",432,8,8,"Ec",19,0,1,0,0,1,0.427300415500348
"25869",191,"Ec_N",432,9,9,"Ec",19,0,1,0,0,1,0.427300415500348
"25870",191,"Ec_N",432,10,10,"Ec",19,0,1,0,0,1,0.427300415500348
"25871",191,"Ec_N",432,11,11,"Ec",19,0,1,0,0,1,0.427300415500348
"25872",191,"Ec_N",432,12,12,"Ec",19,0,1,0,0,1,0.427300415500348
"25873",191,"Ec_N",432,13,13,"Ec",19,0,1,0,0,1,0.427300415500348
"25874",191,"Ec_N",432,14,14,"Ec",19,0,1,0,0,1,0.427300415500348
"25875",191,"Ec_N",432,15,15,"Ec",19,0,1,0,0,1,0.427300415500348
"25876",191,"Ec_N",432,16,16,"Ec",19,0,1,0,0,1,0.427300415500348
"25877",191,"Ec_N",432,17,17,"Ec",19,0,1,0,0,1,0.427300415500348
"25878",191,"Ec_N",432,18,18,"Ec",20,1,1,0,0,1,0.610298755308086
"25879",191,"Ec_N",432,19,19,"Ec",24,1,1,1,0,1,0.969458006928044
"25880",191,"Ec_N",432,20,20,"Ec",24,1,1,1,0,1,0.969458006928044
"25881",191,"Ec_N",432,21,21,"Ec",24,1,1,1,0,1,0.969458006928044
"25882",191,"Ec_N",432,22,22,"Ec",24,1,1,1,0,1,0.969458006928044
"25883",191,"Ec_N",432,23,23,"Ec",24,1,1,1,0,1,0.969458006928044
"25884",191,"Ec_N",432,24,24,"Ec",24,1,1,1,0,1,0.969458006928044
"25885",191,"Ec_N",432,25,25,"Ec",24,1,1,1,0,1,0.969458006928044
"25886",191,"Ec_N",432,26,26,"Ec",24,1,1,1,0,1,0.969458006928044
"25887",191,"Ec_N",432,27,27,"Ec",24,1,1,1,0,1,0.969458006928044
"25888",191,"Ec_N",432,28,28,"Ec",24,1,1,1,0,1,0.969458006928044
"25889",191,"Ec_N",432,29,29,"Ec",24,1,1,1,0,1,0.969458006928044
"25890",191,"Ec_N",432,30,30,"Ec",24,1,1,1,0,1,0.969458006928044
"25891",191,"Ec_N",432,31,31,"Ec",24,1,1,1,0,1,0.969458006928044
"25892",191,"Ec_N",432,32,32,"Ec",24,1,1,1,0,1,0.969458006928044
"25893",191,"Ec_N",432,33,33,"Ec",24,1,1,1,0,1,0.969458006928044
"25894",191,"Ec_N",432,34,34,"Ec",24,1,1,1,0,1,0.969458006928044
"25895",191,"Ec_N",432,35,35,"Ec",24,1,1,1,0,1,0.969458006928044
"25896",191,"Ec_N",432,36,36,"Ec",24,1,1,1,0,1,0.969458006928044
"25897",191,"Ec_N",432,37,37,"Ec",24,1,1,1,0,1,0.969458006928044
"25898",191,"Ec_N",432,38,38,"Ec",24,1,1,1,0,1,0.969458006928044
"25899",191,"Ec_N",432,39,39,"Ec",24,1,1,1,0,1,0.969458006928044
"25900",191,"Ec_N",432,40,40,"Ec",24,1,1,1,0,1,0.969458006928044
"25901",191,"Ec_N",432,41,41,"Ec",24,1,1,1,0,1,0.969458006928044
"25902",191,"Ec_N",432,42,42,"Ec",24,1,1,1,0,1,0.969458006928044
"25903",191,"Ec_N",432,43,43,"Ec",32,1,1,1,1,1,1
"25904",191,"Ec_N",432,44,44,"Ec",32,1,1,1,1,1,1
"25905",191,"Ec_N",432,45,45,"Ec",32,1,1,1,1,1,1
"25906",191,"Ec_N",432,46,46,"Ec",32,1,1,1,1,1,1
"25907",191,"Ec_N",432,47,47,"Ec",32,1,1,1,1,1,1
"25908",191,"Ec_N",432,48,48,"Ec",32,1,1,1,1,1,1
"25909",191,"Ec_N",432,49,49,"Ec",32,1,1,1,1,1,1
"25910",191,"Ec_N",432,50,50,"Ec",32,1,1,1,1,1,1
"25911",191,"Ec_N",432,51,51,"Ec",32,1,1,1,1,1,1
"25912",191,"Ec_N",432,52,52,"Ec",32,1,1,1,1,1,1
"25913",191,"Ec_N",432,53,53,"Ec",32,1,1,1,1,1,1
"25914",191,"Ec_N",432,54,54,"Ec",32,1,1,1,1,1,1
"25915",191,"Ec_N",432,55,55,"Ec",32,1,1,1,1,1,1
"25916",191,"Ec_N",432,56,56,"Ec",32,1,1,1,1,1,1
"25917",191,"Ec_N",432,57,57,"Ec",32,1,1,1,1,1,1
"25918",191,"Ec_N",432,58,58,"Ec",32,1,1,1,1,1,1
"25919",191,"Ec_N",432,59,59,"Ec",32,1,1,1,1,1,1
"25920",191,"Ec_N",432,60,60,"Ec",32,1,1,1,1,1,1
"25921",191,"Ec_N",433,1,1,"Ec",1,0,0,0,0,0,0
"25922",191,"Ec_N",433,2,2,"Ec",1,0,0,0,0,0,0
"25923",191,"Ec_N",433,3,3,"Ec",5,0,0,1,0,0,0.49313446766664
"25924",191,"Ec_N",433,4,4,"Ec",5,0,0,1,0,0,0.49313446766664
"25925",191,"Ec_N",433,5,5,"Ec",5,0,0,1,0,0,0.49313446766664
"25926",191,"Ec_N",433,6,6,"Ec",5,0,0,1,0,0,0.49313446766664
"25927",191,"Ec_N",433,7,7,"Ec",5,0,0,1,0,0,0.49313446766664
"25928",191,"Ec_N",433,8,8,"Ec",5,0,0,1,0,0,0.49313446766664
"25929",191,"Ec_N",433,9,9,"Ec",6,1,0,1,0,0,0.542157591427696
"25930",191,"Ec_N",433,10,10,"Ec",6,1,0,1,0,0,0.542157591427696
"25931",191,"Ec_N",433,11,11,"Ec",8,1,1,1,0,0,0.583469071478991
"25932",191,"Ec_N",433,12,12,"Ec",8,1,1,1,0,0,0.583469071478991
"25933",191,"Ec_N",433,13,13,"Ec",8,1,1,1,0,0,0.583469071478991
"25934",191,"Ec_N",433,14,14,"Ec",8,1,1,1,0,0,0.583469071478991
"25935",191,"Ec_N",433,15,15,"Ec",8,1,1,1,0,0,0.583469071478991
"25936",191,"Ec_N",433,16,16,"Ec",8,1,1,1,0,0,0.583469071478991
"25937",191,"Ec_N",433,17,17,"Ec",8,1,1,1,0,0,0.583469071478991
"25938",191,"Ec_N",433,18,18,"Ec",8,1,1,1,0,0,0.583469071478991
"25939",191,"Ec_N",433,19,19,"Ec",8,1,1,1,0,0,0.583469071478991
"25940",191,"Ec_N",433,20,20,"Ec",8,1,1,1,0,0,0.583469071478991
"25941",191,"Ec_N",433,21,21,"Ec",8,1,1,1,0,0,0.583469071478991
"25942",191,"Ec_N",433,22,22,"Ec",8,1,1,1,0,0,0.583469071478991
"25943",191,"Ec_N",433,23,23,"Ec",8,1,1,1,0,0,0.583469071478991
"25944",191,"Ec_N",433,24,24,"Ec",8,1,1,1,0,0,0.583469071478991
"25945",191,"Ec_N",433,25,25,"Ec",8,1,1,1,0,0,0.583469071478991
"25946",191,"Ec_N",433,26,26,"Ec",8,1,1,1,0,0,0.583469071478991
"25947",191,"Ec_N",433,27,27,"Ec",8,1,1,1,0,0,0.583469071478991
"25948",191,"Ec_N",433,28,28,"Ec",8,1,1,1,0,0,0.583469071478991
"25949",191,"Ec_N",433,29,29,"Ec",8,1,1,1,0,0,0.583469071478991
"25950",191,"Ec_N",433,30,30,"Ec",8,1,1,1,0,0,0.583469071478991
"25951",191,"Ec_N",433,31,31,"Ec",24,1,1,1,0,1,0.969458006928044
"25952",191,"Ec_N",433,32,32,"Ec",24,1,1,1,0,1,0.969458006928044
"25953",191,"Ec_N",433,33,33,"Ec",24,1,1,1,0,1,0.969458006928044
"25954",191,"Ec_N",433,34,34,"Ec",24,1,1,1,0,1,0.969458006928044
"25955",191,"Ec_N",433,35,35,"Ec",24,1,1,1,0,1,0.969458006928044
"25956",191,"Ec_N",433,36,36,"Ec",24,1,1,1,0,1,0.969458006928044
"25957",191,"Ec_N",433,37,37,"Ec",24,1,1,1,0,1,0.969458006928044
"25958",191,"Ec_N",433,38,38,"Ec",24,1,1,1,0,1,0.969458006928044
"25959",191,"Ec_N",433,39,39,"Ec",24,1,1,1,0,1,0.969458006928044
"25960",191,"Ec_N",433,40,40,"Ec",24,1,1,1,0,1,0.969458006928044
"25961",191,"Ec_N",433,41,41,"Ec",24,1,1,1,0,1,0.969458006928044
"25962",191,"Ec_N",433,42,42,"Ec",24,1,1,1,0,1,0.969458006928044
"25963",191,"Ec_N",433,43,43,"Ec",24,1,1,1,0,1,0.969458006928044
"25964",191,"Ec_N",433,44,44,"Ec",24,1,1,1,0,1,0.969458006928044
"25965",191,"Ec_N",433,45,45,"Ec",24,1,1,1,0,1,0.969458006928044
"25966",191,"Ec_N",433,46,46,"Ec",24,1,1,1,0,1,0.969458006928044
"25967",191,"Ec_N",433,47,47,"Ec",24,1,1,1,0,1,0.969458006928044
"25968",191,"Ec_N",433,48,48,"Ec",24,1,1,1,0,1,0.969458006928044
"25969",191,"Ec_N",433,49,49,"Ec",24,1,1,1,0,1,0.969458006928044
"25970",191,"Ec_N",433,50,50,"Ec",24,1,1,1,0,1,0.969458006928044
"25971",191,"Ec_N",433,51,51,"Ec",24,1,1,1,0,1,0.969458006928044
"25972",191,"Ec_N",433,52,52,"Ec",24,1,1,1,0,1,0.969458006928044
"25973",191,"Ec_N",433,53,53,"Ec",24,1,1,1,0,1,0.969458006928044
"25974",191,"Ec_N",433,54,54,"Ec",24,1,1,1,0,1,0.969458006928044
"25975",191,"Ec_N",433,55,55,"Ec",24,1,1,1,0,1,0.969458006928044
"25976",191,"Ec_N",433,56,56,"Ec",32,1,1,1,1,1,1
"25977",191,"Ec_N",433,57,57,"Ec",32,1,1,1,1,1,1
"25978",191,"Ec_N",433,58,58,"Ec",32,1,1,1,1,1,1
"25979",191,"Ec_N",433,59,59,"Ec",32,1,1,1,1,1,1
"25980",191,"Ec_N",433,60,60,"Ec",32,1,1,1,1,1,1
"25981",191,"Ec_N",434,1,1,"Ec",1,0,0,0,0,0,0
"25982",191,"Ec_N",434,2,2,"Ec",3,0,1,0,0,0,0.041311480051295
"25983",191,"Ec_N",434,3,3,"Ec",3,0,1,0,0,0,0.041311480051295
"25984",191,"Ec_N",434,4,4,"Ec",3,0,1,0,0,0,0.041311480051295
"25985",191,"Ec_N",434,5,5,"Ec",3,0,1,0,0,0,0.041311480051295
"25986",191,"Ec_N",434,6,6,"Ec",3,0,1,0,0,0,0.041311480051295
"25987",191,"Ec_N",434,7,7,"Ec",3,0,1,0,0,0,0.041311480051295
"25988",191,"Ec_N",434,8,8,"Ec",3,0,1,0,0,0,0.041311480051295
"25989",191,"Ec_N",434,9,9,"Ec",3,0,1,0,0,0,0.041311480051295
"25990",191,"Ec_N",434,10,10,"Ec",3,0,1,0,0,0,0.041311480051295
"25991",191,"Ec_N",434,11,11,"Ec",7,0,1,1,0,0,0.589282297794007
"25992",191,"Ec_N",434,12,12,"Ec",7,0,1,1,0,0,0.589282297794007
"25993",191,"Ec_N",434,13,13,"Ec",7,0,1,1,0,0,0.589282297794007
"25994",191,"Ec_N",434,14,14,"Ec",7,0,1,1,0,0,0.589282297794007
"25995",191,"Ec_N",434,15,15,"Ec",7,0,1,1,0,0,0.589282297794007
"25996",191,"Ec_N",434,16,16,"Ec",7,0,1,1,0,0,0.589282297794007
"25997",191,"Ec_N",434,17,17,"Ec",7,0,1,1,0,0,0.589282297794007
"25998",191,"Ec_N",434,18,18,"Ec",7,0,1,1,0,0,0.589282297794007
"25999",191,"Ec_N",434,19,19,"Ec",7,0,1,1,0,0,0.589282297794007
"26000",191,"Ec_N",434,20,20,"Ec",7,0,1,1,0,0,0.589282297794007
"26001",191,"Ec_N",434,21,21,"Ec",7,0,1,1,0,0,0.589282297794007
"26002",191,"Ec_N",434,22,22,"Ec",7,0,1,1,0,0,0.589282297794007
"26003",191,"Ec_N",434,23,23,"Ec",7,0,1,1,0,0,0.589282297794007
"26004",191,"Ec_N",434,24,24,"Ec",7,0,1,1,0,0,0.589282297794007
"26005",191,"Ec_N",434,25,25,"Ec",7,0,1,1,0,0,0.589282297794007
"26006",191,"Ec_N",434,26,26,"Ec",7,0,1,1,0,0,0.589282297794007
"26007",191,"Ec_N",434,27,27,"Ec",7,0,1,1,0,0,0.589282297794007
"26008",191,"Ec_N",434,28,28,"Ec",7,0,1,1,0,0,0.589282297794007
"26009",191,"Ec_N",434,29,29,"Ec",7,0,1,1,0,0,0.589282297794007
"26010",191,"Ec_N",434,30,30,"Ec",7,0,1,1,0,0,0.589282297794007
"26011",191,"Ec_N",434,31,31,"Ec",7,0,1,1,0,0,0.589282297794007
"26012",191,"Ec_N",434,32,32,"Ec",7,0,1,1,0,0,0.589282297794007
"26013",191,"Ec_N",434,33,33,"Ec",7,0,1,1,0,0,0.589282297794007
"26014",191,"Ec_N",434,34,34,"Ec",7,0,1,1,0,0,0.589282297794007
"26015",191,"Ec_N",434,35,35,"Ec",7,0,1,1,0,0,0.589282297794007
"26016",191,"Ec_N",434,36,36,"Ec",7,0,1,1,0,0,0.589282297794007
"26017",191,"Ec_N",434,37,37,"Ec",7,0,1,1,0,0,0.589282297794007
"26018",191,"Ec_N",434,38,38,"Ec",7,0,1,1,0,0,0.589282297794007
"26019",191,"Ec_N",434,39,39,"Ec",7,0,1,1,0,0,0.589282297794007
"26020",191,"Ec_N",434,40,40,"Ec",7,0,1,1,0,0,0.589282297794007
"26021",191,"Ec_N",434,41,41,"Ec",7,0,1,1,0,0,0.589282297794007
"26022",191,"Ec_N",434,42,42,"Ec",7,0,1,1,0,0,0.589282297794007
"26023",191,"Ec_N",434,43,43,"Ec",7,0,1,1,0,0,0.589282297794007
"26024",191,"Ec_N",434,44,44,"Ec",7,0,1,1,0,0,0.589282297794007
"26025",191,"Ec_N",434,45,45,"Ec",7,0,1,1,0,0,0.589282297794007
"26026",191,"Ec_N",434,46,46,"Ec",7,0,1,1,0,0,0.589282297794007
"26027",191,"Ec_N",434,47,47,"Ec",7,0,1,1,0,0,0.589282297794007
"26028",191,"Ec_N",434,48,48,"Ec",7,0,1,1,0,0,0.589282297794007
"26029",191,"Ec_N",434,49,49,"Ec",7,0,1,1,0,0,0.589282297794007
"26030",191,"Ec_N",434,50,50,"Ec",7,0,1,1,0,0,0.589282297794007
"26031",191,"Ec_N",434,51,51,"Ec",7,0,1,1,0,0,0.589282297794007
"26032",191,"Ec_N",434,52,52,"Ec",7,0,1,1,0,0,0.589282297794007
"26033",191,"Ec_N",434,53,53,"Ec",7,0,1,1,0,0,0.589282297794007
"26034",191,"Ec_N",434,54,54,"Ec",7,0,1,1,0,0,0.589282297794007
"26035",191,"Ec_N",434,55,55,"Ec",7,0,1,1,0,0,0.589282297794007
"26036",191,"Ec_N",434,56,56,"Ec",7,0,1,1,0,0,0.589282297794007
"26037",191,"Ec_N",434,57,57,"Ec",7,0,1,1,0,0,0.589282297794007
"26038",191,"Ec_N",434,58,58,"Ec",7,0,1,1,0,0,0.589282297794007
"26039",191,"Ec_N",434,59,59,"Ec",7,0,1,1,0,0,0.589282297794007
"26040",191,"Ec_N",434,60,60,"Ec",7,0,1,1,0,0,0.589282297794007
"26041",191,"Ec_N",435,1,1,"Ec",1,0,0,0,0,0,0
"26042",191,"Ec_N",435,2,2,"Ec",5,0,0,1,0,0,0.49313446766664
"26043",191,"Ec_N",435,3,3,"Ec",5,0,0,1,0,0,0.49313446766664
"26044",191,"Ec_N",435,4,4,"Ec",7,0,1,1,0,0,0.589282297794007
"26045",191,"Ec_N",435,5,5,"Ec",7,0,1,1,0,0,0.589282297794007
"26046",191,"Ec_N",435,6,6,"Ec",7,0,1,1,0,0,0.589282297794007
"26047",191,"Ec_N",435,7,7,"Ec",7,0,1,1,0,0,0.589282297794007
"26048",191,"Ec_N",435,8,8,"Ec",7,0,1,1,0,0,0.589282297794007
"26049",191,"Ec_N",435,9,9,"Ec",7,0,1,1,0,0,0.589282297794007
"26050",191,"Ec_N",435,10,10,"Ec",7,0,1,1,0,0,0.589282297794007
"26051",191,"Ec_N",435,11,11,"Ec",7,0,1,1,0,0,0.589282297794007
"26052",191,"Ec_N",435,12,12,"Ec",7,0,1,1,0,0,0.589282297794007
"26053",191,"Ec_N",435,13,13,"Ec",7,0,1,1,0,0,0.589282297794007
"26054",191,"Ec_N",435,14,14,"Ec",7,0,1,1,0,0,0.589282297794007
"26055",191,"Ec_N",435,15,15,"Ec",7,0,1,1,0,0,0.589282297794007
"26056",191,"Ec_N",435,16,16,"Ec",7,0,1,1,0,0,0.589282297794007
"26057",191,"Ec_N",435,17,17,"Ec",7,0,1,1,0,0,0.589282297794007
"26058",191,"Ec_N",435,18,18,"Ec",7,0,1,1,0,0,0.589282297794007
"26059",191,"Ec_N",435,19,19,"Ec",7,0,1,1,0,0,0.589282297794007
"26060",191,"Ec_N",435,20,20,"Ec",7,0,1,1,0,0,0.589282297794007
"26061",191,"Ec_N",435,21,21,"Ec",7,0,1,1,0,0,0.589282297794007
"26062",191,"Ec_N",435,22,22,"Ec",7,0,1,1,0,0,0.589282297794007
"26063",191,"Ec_N",435,23,23,"Ec",7,0,1,1,0,0,0.589282297794007
"26064",191,"Ec_N",435,24,24,"Ec",7,0,1,1,0,0,0.589282297794007
"26065",191,"Ec_N",435,25,25,"Ec",7,0,1,1,0,0,0.589282297794007
"26066",191,"Ec_N",435,26,26,"Ec",7,0,1,1,0,0,0.589282297794007
"26067",191,"Ec_N",435,27,27,"Ec",7,0,1,1,0,0,0.589282297794007
"26068",191,"Ec_N",435,28,28,"Ec",7,0,1,1,0,0,0.589282297794007
"26069",191,"Ec_N",435,29,29,"Ec",7,0,1,1,0,0,0.589282297794007
"26070",191,"Ec_N",435,30,30,"Ec",7,0,1,1,0,0,0.589282297794007
"26071",191,"Ec_N",435,31,31,"Ec",7,0,1,1,0,0,0.589282297794007
"26072",191,"Ec_N",435,32,32,"Ec",7,0,1,1,0,0,0.589282297794007
"26073",191,"Ec_N",435,33,33,"Ec",7,0,1,1,0,0,0.589282297794007
"26074",191,"Ec_N",435,34,34,"Ec",7,0,1,1,0,0,0.589282297794007
"26075",191,"Ec_N",435,35,35,"Ec",7,0,1,1,0,0,0.589282297794007
"26076",191,"Ec_N",435,36,36,"Ec",7,0,1,1,0,0,0.589282297794007
"26077",191,"Ec_N",435,37,37,"Ec",7,0,1,1,0,0,0.589282297794007
"26078",191,"Ec_N",435,38,38,"Ec",7,0,1,1,0,0,0.589282297794007
"26079",191,"Ec_N",435,39,39,"Ec",7,0,1,1,0,0,0.589282297794007
"26080",191,"Ec_N",435,40,40,"Ec",7,0,1,1,0,0,0.589282297794007
"26081",191,"Ec_N",435,41,41,"Ec",7,0,1,1,0,0,0.589282297794007
"26082",191,"Ec_N",435,42,42,"Ec",7,0,1,1,0,0,0.589282297794007
"26083",191,"Ec_N",435,43,43,"Ec",7,0,1,1,0,0,0.589282297794007
"26084",191,"Ec_N",435,44,44,"Ec",7,0,1,1,0,0,0.589282297794007
"26085",191,"Ec_N",435,45,45,"Ec",7,0,1,1,0,0,0.589282297794007
"26086",191,"Ec_N",435,46,46,"Ec",7,0,1,1,0,0,0.589282297794007
"26087",191,"Ec_N",435,47,47,"Ec",7,0,1,1,0,0,0.589282297794007
"26088",191,"Ec_N",435,48,48,"Ec",7,0,1,1,0,0,0.589282297794007
"26089",191,"Ec_N",435,49,49,"Ec",7,0,1,1,0,0,0.589282297794007
"26090",191,"Ec_N",435,50,50,"Ec",7,0,1,1,0,0,0.589282297794007
"26091",191,"Ec_N",435,51,51,"Ec",7,0,1,1,0,0,0.589282297794007
"26092",191,"Ec_N",435,52,52,"Ec",7,0,1,1,0,0,0.589282297794007
"26093",191,"Ec_N",435,53,53,"Ec",7,0,1,1,0,0,0.589282297794007
"26094",191,"Ec_N",435,54,54,"Ec",7,0,1,1,0,0,0.589282297794007
"26095",191,"Ec_N",435,55,55,"Ec",7,0,1,1,0,0,0.589282297794007
"26096",191,"Ec_N",435,56,56,"Ec",7,0,1,1,0,0,0.589282297794007
"26097",191,"Ec_N",435,57,57,"Ec",7,0,1,1,0,0,0.589282297794007
"26098",191,"Ec_N",435,58,58,"Ec",7,0,1,1,0,0,0.589282297794007
"26099",191,"Ec_N",435,59,59,"Ec",7,0,1,1,0,0,0.589282297794007
"26100",191,"Ec_N",435,60,60,"Ec",7,0,1,1,0,0,0.589282297794007
"26101",191,"Ec_N",436,1,1,"Ec",1,0,0,0,0,0,0
"26102",191,"Ec_N",436,2,2,"Ec",1,0,0,0,0,0,0
"26103",191,"Ec_N",436,3,3,"Ec",3,0,1,0,0,0,0.041311480051295
"26104",191,"Ec_N",436,4,4,"Ec",3,0,1,0,0,0,0.041311480051295
"26105",191,"Ec_N",436,5,5,"Ec",3,0,1,0,0,0,0.041311480051295
"26106",191,"Ec_N",436,6,6,"Ec",3,0,1,0,0,0,0.041311480051295
"26107",191,"Ec_N",436,7,7,"Ec",3,0,1,0,0,0,0.041311480051295
"26108",191,"Ec_N",436,8,8,"Ec",3,0,1,0,0,0,0.041311480051295
"26109",191,"Ec_N",436,9,9,"Ec",3,0,1,0,0,0,0.041311480051295
"26110",191,"Ec_N",436,10,10,"Ec",11,0,1,0,1,0,0.0857419302602629
"26111",191,"Ec_N",436,11,11,"Ec",15,0,1,1,1,0,0.437080043527332
"26112",191,"Ec_N",436,12,12,"Ec",15,0,1,1,1,0,0.437080043527332
"26113",191,"Ec_N",436,13,13,"Ec",7,0,1,1,0,0,0.589282297794007
"26114",191,"Ec_N",436,14,14,"Ec",7,0,1,1,0,0,0.589282297794007
"26115",191,"Ec_N",436,15,15,"Ec",7,0,1,1,0,0,0.589282297794007
"26116",191,"Ec_N",436,16,16,"Ec",23,0,1,1,0,1,0.616809062130864
"26117",191,"Ec_N",436,17,17,"Ec",21,0,0,1,0,1,0.726280938342543
"26118",191,"Ec_N",436,18,18,"Ec",21,0,0,1,0,1,0.726280938342543
"26119",191,"Ec_N",436,19,19,"Ec",21,0,0,1,0,1,0.726280938342543
"26120",191,"Ec_N",436,20,20,"Ec",21,0,0,1,0,1,0.726280938342543
"26121",191,"Ec_N",436,21,21,"Ec",21,0,0,1,0,1,0.726280938342543
"26122",191,"Ec_N",436,22,22,"Ec",21,0,0,1,0,1,0.726280938342543
"26123",191,"Ec_N",436,23,23,"Ec",21,0,0,1,0,1,0.726280938342543
"26124",191,"Ec_N",436,24,24,"Ec",21,0,0,1,0,1,0.726280938342543
"26125",191,"Ec_N",436,25,25,"Ec",21,0,0,1,0,1,0.726280938342543
"26126",191,"Ec_N",436,26,26,"Ec",21,0,0,1,0,1,0.726280938342543
"26127",191,"Ec_N",436,27,27,"Ec",21,0,0,1,0,1,0.726280938342543
"26128",191,"Ec_N",436,28,28,"Ec",21,0,0,1,0,1,0.726280938342543
"26129",191,"Ec_N",436,29,29,"Ec",21,0,0,1,0,1,0.726280938342543
"26130",191,"Ec_N",436,30,30,"Ec",21,0,0,1,0,1,0.726280938342543
"26131",191,"Ec_N",436,31,31,"Ec",21,0,0,1,0,1,0.726280938342543
"26132",191,"Ec_N",436,32,32,"Ec",21,0,0,1,0,1,0.726280938342543
"26133",191,"Ec_N",436,33,33,"Ec",21,0,0,1,0,1,0.726280938342543
"26134",191,"Ec_N",436,34,34,"Ec",21,0,0,1,0,1,0.726280938342543
"26135",191,"Ec_N",436,35,35,"Ec",21,0,0,1,0,1,0.726280938342543
"26136",191,"Ec_N",436,36,36,"Ec",21,0,0,1,0,1,0.726280938342543
"26137",191,"Ec_N",436,37,37,"Ec",21,0,0,1,0,1,0.726280938342543
"26138",191,"Ec_N",436,38,38,"Ec",21,0,0,1,0,1,0.726280938342543
"26139",191,"Ec_N",436,39,39,"Ec",21,0,0,1,0,1,0.726280938342543
"26140",191,"Ec_N",436,40,40,"Ec",21,0,0,1,0,1,0.726280938342543
"26141",191,"Ec_N",436,41,41,"Ec",21,0,0,1,0,1,0.726280938342543
"26142",191,"Ec_N",436,42,42,"Ec",21,0,0,1,0,1,0.726280938342543
"26143",191,"Ec_N",436,43,43,"Ec",21,0,0,1,0,1,0.726280938342543
"26144",191,"Ec_N",436,44,44,"Ec",21,0,0,1,0,1,0.726280938342543
"26145",191,"Ec_N",436,45,45,"Ec",21,0,0,1,0,1,0.726280938342543
"26146",191,"Ec_N",436,46,46,"Ec",21,0,0,1,0,1,0.726280938342543
"26147",191,"Ec_N",436,47,47,"Ec",21,0,0,1,0,1,0.726280938342543
"26148",191,"Ec_N",436,48,48,"Ec",21,0,0,1,0,1,0.726280938342543
"26149",191,"Ec_N",436,49,49,"Ec",22,1,0,1,0,1,0.92522428176681
"26150",191,"Ec_N",436,50,50,"Ec",24,1,1,1,0,1,0.969458006928044
"26151",191,"Ec_N",436,51,51,"Ec",24,1,1,1,0,1,0.969458006928044
"26152",191,"Ec_N",436,52,52,"Ec",24,1,1,1,0,1,0.969458006928044
"26153",191,"Ec_N",436,53,53,"Ec",32,1,1,1,1,1,1
"26154",191,"Ec_N",436,54,54,"Ec",32,1,1,1,1,1,1
"26155",191,"Ec_N",436,55,55,"Ec",32,1,1,1,1,1,1
"26156",191,"Ec_N",436,56,56,"Ec",32,1,1,1,1,1,1
"26157",191,"Ec_N",436,57,57,"Ec",32,1,1,1,1,1,1
"26158",191,"Ec_N",436,58,58,"Ec",32,1,1,1,1,1,1
"26159",191,"Ec_N",436,59,59,"Ec",32,1,1,1,1,1,1
"26160",191,"Ec_N",436,60,60,"Ec",32,1,1,1,1,1,1
"26161",191,"Ec_N",437,1,1,"Ec",1,0,0,0,0,0,0
"26162",191,"Ec_N",437,2,2,"Ec",1,0,0,0,0,0,0
"26163",191,"Ec_N",437,3,3,"Ec",1,0,0,0,0,0,0
"26164",191,"Ec_N",437,4,4,"Ec",1,0,0,0,0,0,0
"26165",191,"Ec_N",437,5,5,"Ec",1,0,0,0,0,0,0
"26166",191,"Ec_N",437,6,6,"Ec",1,0,0,0,0,0,0
"26167",191,"Ec_N",437,7,7,"Ec",1,0,0,0,0,0,0
"26168",191,"Ec_N",437,8,8,"Ec",1,0,0,0,0,0,0
"26169",191,"Ec_N",437,9,9,"Ec",1,0,0,0,0,0,0
"26170",191,"Ec_N",437,10,10,"Ec",1,0,0,0,0,0,0
"26171",191,"Ec_N",437,11,11,"Ec",9,0,0,0,1,0,0.0305419930719563
"26172",191,"Ec_N",437,12,12,"Ec",9,0,0,0,1,0,0.0305419930719563
"26173",191,"Ec_N",437,13,13,"Ec",9,0,0,0,1,0,0.0305419930719563
"26174",191,"Ec_N",437,14,14,"Ec",9,0,0,0,1,0,0.0305419930719563
"26175",191,"Ec_N",437,15,15,"Ec",9,0,0,0,1,0,0.0305419930719563
"26176",191,"Ec_N",437,16,16,"Ec",13,0,0,1,1,0,0.374679213953716
"26177",191,"Ec_N",437,17,17,"Ec",13,0,0,1,1,0,0.374679213953716
"26178",191,"Ec_N",437,18,18,"Ec",13,0,0,1,1,0,0.374679213953716
"26179",191,"Ec_N",437,19,19,"Ec",13,0,0,1,1,0,0.374679213953716
"26180",191,"Ec_N",437,20,20,"Ec",13,0,0,1,1,0,0.374679213953716
"26181",191,"Ec_N",437,21,21,"Ec",13,0,0,1,1,0,0.374679213953716
"26182",191,"Ec_N",437,22,22,"Ec",14,1,0,1,1,0,0.746777083195453
"26183",191,"Ec_N",437,23,23,"Ec",30,1,0,1,1,1,0.958688519948705
"26184",191,"Ec_N",437,24,24,"Ec",30,1,0,1,1,1,0.958688519948705
"26185",191,"Ec_N",437,25,25,"Ec",30,1,0,1,1,1,0.958688519948705
"26186",191,"Ec_N",437,26,26,"Ec",30,1,0,1,1,1,0.958688519948705
"26187",191,"Ec_N",437,27,27,"Ec",30,1,0,1,1,1,0.958688519948705
"26188",191,"Ec_N",437,28,28,"Ec",30,1,0,1,1,1,0.958688519948705
"26189",191,"Ec_N",437,29,29,"Ec",30,1,0,1,1,1,0.958688519948705
"26190",191,"Ec_N",437,30,30,"Ec",30,1,0,1,1,1,0.958688519948705
"26191",191,"Ec_N",437,31,31,"Ec",30,1,0,1,1,1,0.958688519948705
"26192",191,"Ec_N",437,32,32,"Ec",30,1,0,1,1,1,0.958688519948705
"26193",191,"Ec_N",437,33,33,"Ec",30,1,0,1,1,1,0.958688519948705
"26194",191,"Ec_N",437,34,34,"Ec",30,1,0,1,1,1,0.958688519948705
"26195",191,"Ec_N",437,35,35,"Ec",30,1,0,1,1,1,0.958688519948705
"26196",191,"Ec_N",437,36,36,"Ec",30,1,0,1,1,1,0.958688519948705
"26197",191,"Ec_N",437,37,37,"Ec",30,1,0,1,1,1,0.958688519948705
"26198",191,"Ec_N",437,38,38,"Ec",30,1,0,1,1,1,0.958688519948705
"26199",191,"Ec_N",437,39,39,"Ec",30,1,0,1,1,1,0.958688519948705
"26200",191,"Ec_N",437,40,40,"Ec",30,1,0,1,1,1,0.958688519948705
"26201",191,"Ec_N",437,41,41,"Ec",30,1,0,1,1,1,0.958688519948705
"26202",191,"Ec_N",437,42,42,"Ec",30,1,0,1,1,1,0.958688519948705
"26203",191,"Ec_N",437,43,43,"Ec",30,1,0,1,1,1,0.958688519948705
"26204",191,"Ec_N",437,44,44,"Ec",32,1,1,1,1,1,1
"26205",191,"Ec_N",437,45,45,"Ec",32,1,1,1,1,1,1
"26206",191,"Ec_N",437,46,46,"Ec",32,1,1,1,1,1,1
"26207",191,"Ec_N",437,47,47,"Ec",32,1,1,1,1,1,1
"26208",191,"Ec_N",437,48,48,"Ec",32,1,1,1,1,1,1
"26209",191,"Ec_N",437,49,49,"Ec",32,1,1,1,1,1,1
"26210",191,"Ec_N",437,50,50,"Ec",32,1,1,1,1,1,1
"26211",191,"Ec_N",437,51,51,"Ec",32,1,1,1,1,1,1
"26212",191,"Ec_N",437,52,52,"Ec",32,1,1,1,1,1,1
"26213",191,"Ec_N",437,53,53,"Ec",32,1,1,1,1,1,1
"26214",191,"Ec_N",437,54,54,"Ec",32,1,1,1,1,1,1
"26215",191,"Ec_N",437,55,55,"Ec",32,1,1,1,1,1,1
"26216",191,"Ec_N",437,56,56,"Ec",32,1,1,1,1,1,1
"26217",191,"Ec_N",437,57,57,"Ec",32,1,1,1,1,1,1
"26218",191,"Ec_N",437,58,58,"Ec",32,1,1,1,1,1,1
"26219",191,"Ec_N",437,59,59,"Ec",32,1,1,1,1,1,1
"26220",191,"Ec_N",437,60,60,"Ec",32,1,1,1,1,1,1
"26221",191,"Ec_N",438,1,1,"Ec",1,0,0,0,0,0,0
"26222",191,"Ec_N",438,2,2,"Ec",1,0,0,0,0,0,0
"26223",191,"Ec_N",438,3,3,"Ec",5,0,0,1,0,0,0.49313446766664
"26224",191,"Ec_N",438,4,4,"Ec",5,0,0,1,0,0,0.49313446766664
"26225",191,"Ec_N",438,5,5,"Ec",5,0,0,1,0,0,0.49313446766664
"26226",191,"Ec_N",438,6,6,"Ec",5,0,0,1,0,0,0.49313446766664
"26227",191,"Ec_N",438,7,7,"Ec",5,0,0,1,0,0,0.49313446766664
"26228",191,"Ec_N",438,8,8,"Ec",5,0,0,1,0,0,0.49313446766664
"26229",191,"Ec_N",438,9,9,"Ec",5,0,0,1,0,0,0.49313446766664
"26230",191,"Ec_N",438,10,10,"Ec",5,0,0,1,0,0,0.49313446766664
"26231",191,"Ec_N",438,11,11,"Ec",5,0,0,1,0,0,0.49313446766664
"26232",191,"Ec_N",438,12,12,"Ec",5,0,0,1,0,0,0.49313446766664
"26233",191,"Ec_N",438,13,13,"Ec",5,0,0,1,0,0,0.49313446766664
"26234",191,"Ec_N",438,14,14,"Ec",5,0,0,1,0,0,0.49313446766664
"26235",191,"Ec_N",438,15,15,"Ec",5,0,0,1,0,0,0.49313446766664
"26236",191,"Ec_N",438,16,16,"Ec",7,0,1,1,0,0,0.589282297794007
"26237",191,"Ec_N",438,17,17,"Ec",7,0,1,1,0,0,0.589282297794007
"26238",191,"Ec_N",438,18,18,"Ec",7,0,1,1,0,0,0.589282297794007
"26239",191,"Ec_N",438,19,19,"Ec",23,0,1,1,0,1,0.616809062130864
"26240",191,"Ec_N",438,20,20,"Ec",23,0,1,1,0,1,0.616809062130864
"26241",191,"Ec_N",438,21,21,"Ec",23,0,1,1,0,1,0.616809062130864
"26242",191,"Ec_N",438,22,22,"Ec",21,0,0,1,0,1,0.726280938342543
"26243",191,"Ec_N",438,23,23,"Ec",21,0,0,1,0,1,0.726280938342543
"26244",191,"Ec_N",438,24,24,"Ec",21,0,0,1,0,1,0.726280938342543
"26245",191,"Ec_N",438,25,25,"Ec",21,0,0,1,0,1,0.726280938342543
"26246",191,"Ec_N",438,26,26,"Ec",21,0,0,1,0,1,0.726280938342543
"26247",191,"Ec_N",438,27,27,"Ec",21,0,0,1,0,1,0.726280938342543
"26248",191,"Ec_N",438,28,28,"Ec",22,1,0,1,0,1,0.92522428176681
"26249",191,"Ec_N",438,29,29,"Ec",30,1,0,1,1,1,0.958688519948705
"26250",191,"Ec_N",438,30,30,"Ec",30,1,0,1,1,1,0.958688519948705
"26251",191,"Ec_N",438,31,31,"Ec",30,1,0,1,1,1,0.958688519948705
"26252",191,"Ec_N",438,32,32,"Ec",30,1,0,1,1,1,0.958688519948705
"26253",191,"Ec_N",438,33,33,"Ec",30,1,0,1,1,1,0.958688519948705
"26254",191,"Ec_N",438,34,34,"Ec",30,1,0,1,1,1,0.958688519948705
"26255",191,"Ec_N",438,35,35,"Ec",30,1,0,1,1,1,0.958688519948705
"26256",191,"Ec_N",438,36,36,"Ec",30,1,0,1,1,1,0.958688519948705
"26257",191,"Ec_N",438,37,37,"Ec",32,1,1,1,1,1,1
"26258",191,"Ec_N",438,38,38,"Ec",32,1,1,1,1,1,1
"26259",191,"Ec_N",438,39,39,"Ec",32,1,1,1,1,1,1
"26260",191,"Ec_N",438,40,40,"Ec",32,1,1,1,1,1,1
"26261",191,"Ec_N",438,41,41,"Ec",32,1,1,1,1,1,1
"26262",191,"Ec_N",438,42,42,"Ec",32,1,1,1,1,1,1
"26263",191,"Ec_N",438,43,43,"Ec",32,1,1,1,1,1,1
"26264",191,"Ec_N",438,44,44,"Ec",32,1,1,1,1,1,1
"26265",191,"Ec_N",438,45,45,"Ec",32,1,1,1,1,1,1
"26266",191,"Ec_N",438,46,46,"Ec",32,1,1,1,1,1,1
"26267",191,"Ec_N",438,47,47,"Ec",32,1,1,1,1,1,1
"26268",191,"Ec_N",438,48,48,"Ec",32,1,1,1,1,1,1
"26269",191,"Ec_N",438,49,49,"Ec",32,1,1,1,1,1,1
"26270",191,"Ec_N",438,50,50,"Ec",32,1,1,1,1,1,1
"26271",191,"Ec_N",438,51,51,"Ec",32,1,1,1,1,1,1
"26272",191,"Ec_N",438,52,52,"Ec",32,1,1,1,1,1,1
"26273",191,"Ec_N",438,53,53,"Ec",32,1,1,1,1,1,1
"26274",191,"Ec_N",438,54,54,"Ec",32,1,1,1,1,1,1
"26275",191,"Ec_N",438,55,55,"Ec",32,1,1,1,1,1,1
"26276",191,"Ec_N",438,56,56,"Ec",32,1,1,1,1,1,1
"26277",191,"Ec_N",438,57,57,"Ec",32,1,1,1,1,1,1
"26278",191,"Ec_N",438,58,58,"Ec",32,1,1,1,1,1,1
"26279",191,"Ec_N",438,59,59,"Ec",32,1,1,1,1,1,1
"26280",191,"Ec_N",438,60,60,"Ec",32,1,1,1,1,1,1
"26281",191,"Ec_N",439,1,1,"Ec",1,0,0,0,0,0,0
"26282",191,"Ec_N",439,2,2,"Ec",1,0,0,0,0,0,0
"26283",191,"Ec_N",439,3,3,"Ec",1,0,0,0,0,0,0
"26284",191,"Ec_N",439,4,4,"Ec",1,0,0,0,0,0,0
"26285",191,"Ec_N",439,5,5,"Ec",9,0,0,0,1,0,0.0305419930719563
"26286",191,"Ec_N",439,6,6,"Ec",9,0,0,0,1,0,0.0305419930719563
"26287",191,"Ec_N",439,7,7,"Ec",9,0,0,0,1,0,0.0305419930719563
"26288",191,"Ec_N",439,8,8,"Ec",9,0,0,0,1,0,0.0305419930719563
"26289",191,"Ec_N",439,9,9,"Ec",9,0,0,0,1,0,0.0305419930719563
"26290",191,"Ec_N",439,10,10,"Ec",9,0,0,0,1,0,0.0305419930719563
"26291",191,"Ec_N",439,11,11,"Ec",9,0,0,0,1,0,0.0305419930719563
"26292",191,"Ec_N",439,12,12,"Ec",9,0,0,0,1,0,0.0305419930719563
"26293",191,"Ec_N",439,13,13,"Ec",9,0,0,0,1,0,0.0305419930719563
"26294",191,"Ec_N",439,14,14,"Ec",10,1,0,0,1,0,0.228562363617893
"26295",191,"Ec_N",439,15,15,"Ec",10,1,0,0,1,0,0.228562363617893
"26296",191,"Ec_N",439,16,16,"Ec",10,1,0,0,1,0,0.228562363617893
"26297",191,"Ec_N",439,17,17,"Ec",10,1,0,0,1,0,0.228562363617893
"26298",191,"Ec_N",439,18,18,"Ec",12,1,1,0,1,0,0.259780205416137
"26299",191,"Ec_N",439,19,19,"Ec",12,1,1,0,1,0,0.259780205416137
"26300",191,"Ec_N",439,20,20,"Ec",12,1,1,0,1,0,0.259780205416137
"26301",191,"Ec_N",439,21,21,"Ec",12,1,1,0,1,0,0.259780205416137
"26302",191,"Ec_N",439,22,22,"Ec",12,1,1,0,1,0,0.259780205416137
"26303",191,"Ec_N",439,23,23,"Ec",12,1,1,0,1,0,0.259780205416137
"26304",191,"Ec_N",439,24,24,"Ec",12,1,1,0,1,0,0.259780205416137
"26305",191,"Ec_N",439,25,25,"Ec",12,1,1,0,1,0,0.259780205416137
"26306",191,"Ec_N",439,26,26,"Ec",12,1,1,0,1,0,0.259780205416137
"26307",191,"Ec_N",439,27,27,"Ec",12,1,1,0,1,0,0.259780205416137
"26308",191,"Ec_N",439,28,28,"Ec",12,1,1,0,1,0,0.259780205416137
"26309",191,"Ec_N",439,29,29,"Ec",12,1,1,0,1,0,0.259780205416137
"26310",191,"Ec_N",439,30,30,"Ec",12,1,1,0,1,0,0.259780205416137
"26311",191,"Ec_N",439,31,31,"Ec",12,1,1,0,1,0,0.259780205416137
"26312",191,"Ec_N",439,32,32,"Ec",12,1,1,0,1,0,0.259780205416137
"26313",191,"Ec_N",439,33,33,"Ec",12,1,1,0,1,0,0.259780205416137
"26314",191,"Ec_N",439,34,34,"Ec",12,1,1,0,1,0,0.259780205416137
"26315",191,"Ec_N",439,35,35,"Ec",12,1,1,0,1,0,0.259780205416137
"26316",191,"Ec_N",439,36,36,"Ec",12,1,1,0,1,0,0.259780205416137
"26317",191,"Ec_N",439,37,37,"Ec",12,1,1,0,1,0,0.259780205416137
"26318",191,"Ec_N",439,38,38,"Ec",12,1,1,0,1,0,0.259780205416137
"26319",191,"Ec_N",439,39,39,"Ec",12,1,1,0,1,0,0.259780205416137
"26320",191,"Ec_N",439,40,40,"Ec",12,1,1,0,1,0,0.259780205416137
"26321",191,"Ec_N",439,41,41,"Ec",12,1,1,0,1,0,0.259780205416137
"26322",191,"Ec_N",439,42,42,"Ec",12,1,1,0,1,0,0.259780205416137
"26323",191,"Ec_N",439,43,43,"Ec",12,1,1,0,1,0,0.259780205416137
"26324",191,"Ec_N",439,44,44,"Ec",12,1,1,0,1,0,0.259780205416137
"26325",191,"Ec_N",439,45,45,"Ec",12,1,1,0,1,0,0.259780205416137
"26326",191,"Ec_N",439,46,46,"Ec",12,1,1,0,1,0,0.259780205416137
"26327",191,"Ec_N",439,47,47,"Ec",12,1,1,0,1,0,0.259780205416137
"26328",191,"Ec_N",439,48,48,"Ec",12,1,1,0,1,0,0.259780205416137
"26329",191,"Ec_N",439,49,49,"Ec",12,1,1,0,1,0,0.259780205416137
"26330",191,"Ec_N",439,50,50,"Ec",12,1,1,0,1,0,0.259780205416137
"26331",191,"Ec_N",439,51,51,"Ec",12,1,1,0,1,0,0.259780205416137
"26332",191,"Ec_N",439,52,52,"Ec",12,1,1,0,1,0,0.259780205416137
"26333",191,"Ec_N",439,53,53,"Ec",12,1,1,0,1,0,0.259780205416137
"26334",191,"Ec_N",439,54,54,"Ec",16,1,1,1,1,0,0.456015583082203
"26335",191,"Ec_N",439,55,55,"Ec",16,1,1,1,1,0,0.456015583082203
"26336",191,"Ec_N",439,56,56,"Ec",16,1,1,1,1,0,0.456015583082203
"26337",191,"Ec_N",439,57,57,"Ec",16,1,1,1,1,0,0.456015583082203
"26338",191,"Ec_N",439,58,58,"Ec",16,1,1,1,1,0,0.456015583082203
"26339",191,"Ec_N",439,59,59,"Ec",16,1,1,1,1,0,0.456015583082203
"26340",191,"Ec_N",439,60,60,"Ec",16,1,1,1,1,0,0.456015583082203
"26341",191,"Ec_N",440,1,1,"Ec",1,0,0,0,0,0,0
"26342",191,"Ec_N",440,2,2,"Ec",1,0,0,0,0,0,0
"26343",191,"Ec_N",440,3,3,"Ec",1,0,0,0,0,0,0
"26344",191,"Ec_N",440,4,4,"Ec",1,0,0,0,0,0,0
"26345",191,"Ec_N",440,5,5,"Ec",1,0,0,0,0,0,0
"26346",191,"Ec_N",440,6,6,"Ec",1,0,0,0,0,0,0
"26347",191,"Ec_N",440,7,7,"Ec",1,0,0,0,0,0,0
"26348",191,"Ec_N",440,8,8,"Ec",1,0,0,0,0,0,0
"26349",191,"Ec_N",440,9,9,"Ec",5,0,0,1,0,0,0.49313446766664
"26350",191,"Ec_N",440,10,10,"Ec",5,0,0,1,0,0,0.49313446766664
"26351",191,"Ec_N",440,11,11,"Ec",5,0,0,1,0,0,0.49313446766664
"26352",191,"Ec_N",440,12,12,"Ec",5,0,0,1,0,0,0.49313446766664
"26353",191,"Ec_N",440,13,13,"Ec",5,0,0,1,0,0,0.49313446766664
"26354",191,"Ec_N",440,14,14,"Ec",5,0,0,1,0,0,0.49313446766664
"26355",191,"Ec_N",440,15,15,"Ec",5,0,0,1,0,0,0.49313446766664
"26356",191,"Ec_N",440,16,16,"Ec",6,1,0,1,0,0,0.542157591427696
"26357",191,"Ec_N",440,17,17,"Ec",6,1,0,1,0,0,0.542157591427696
"26358",191,"Ec_N",440,18,18,"Ec",6,1,0,1,0,0,0.542157591427696
"26359",191,"Ec_N",440,19,19,"Ec",6,1,0,1,0,0,0.542157591427696
"26360",191,"Ec_N",440,20,20,"Ec",6,1,0,1,0,0,0.542157591427696
"26361",191,"Ec_N",440,21,21,"Ec",6,1,0,1,0,0,0.542157591427696
"26362",191,"Ec_N",440,22,22,"Ec",6,1,0,1,0,0,0.542157591427696
"26363",191,"Ec_N",440,23,23,"Ec",6,1,0,1,0,0,0.542157591427696
"26364",191,"Ec_N",440,24,24,"Ec",14,1,0,1,1,0,0.746777083195453
"26365",191,"Ec_N",440,25,25,"Ec",14,1,0,1,1,0,0.746777083195453
"26366",191,"Ec_N",440,26,26,"Ec",14,1,0,1,1,0,0.746777083195453
"26367",191,"Ec_N",440,27,27,"Ec",14,1,0,1,1,0,0.746777083195453
"26368",191,"Ec_N",440,28,28,"Ec",14,1,0,1,1,0,0.746777083195453
"26369",191,"Ec_N",440,29,29,"Ec",14,1,0,1,1,0,0.746777083195453
"26370",191,"Ec_N",440,30,30,"Ec",14,1,0,1,1,0,0.746777083195453
"26371",191,"Ec_N",440,31,31,"Ec",14,1,0,1,1,0,0.746777083195453
"26372",191,"Ec_N",440,32,32,"Ec",14,1,0,1,1,0,0.746777083195453
"26373",191,"Ec_N",440,33,33,"Ec",14,1,0,1,1,0,0.746777083195453
"26374",191,"Ec_N",440,34,34,"Ec",14,1,0,1,1,0,0.746777083195453
"26375",191,"Ec_N",440,35,35,"Ec",14,1,0,1,1,0,0.746777083195453
"26376",191,"Ec_N",440,36,36,"Ec",30,1,0,1,1,1,0.958688519948705
"26377",191,"Ec_N",440,37,37,"Ec",30,1,0,1,1,1,0.958688519948705
"26378",191,"Ec_N",440,38,38,"Ec",30,1,0,1,1,1,0.958688519948705
"26379",191,"Ec_N",440,39,39,"Ec",30,1,0,1,1,1,0.958688519948705
"26380",191,"Ec_N",440,40,40,"Ec",32,1,1,1,1,1,1
"26381",191,"Ec_N",440,41,41,"Ec",32,1,1,1,1,1,1
"26382",191,"Ec_N",440,42,42,"Ec",32,1,1,1,1,1,1
"26383",191,"Ec_N",440,43,43,"Ec",32,1,1,1,1,1,1
"26384",191,"Ec_N",440,44,44,"Ec",32,1,1,1,1,1,1
"26385",191,"Ec_N",440,45,45,"Ec",32,1,1,1,1,1,1
"26386",191,"Ec_N",440,46,46,"Ec",32,1,1,1,1,1,1
"26387",191,"Ec_N",440,47,47,"Ec",32,1,1,1,1,1,1
"26388",191,"Ec_N",440,48,48,"Ec",32,1,1,1,1,1,1
"26389",191,"Ec_N",440,49,49,"Ec",32,1,1,1,1,1,1
"26390",191,"Ec_N",440,50,50,"Ec",32,1,1,1,1,1,1
"26391",191,"Ec_N",440,51,51,"Ec",32,1,1,1,1,1,1
"26392",191,"Ec_N",440,52,52,"Ec",32,1,1,1,1,1,1
"26393",191,"Ec_N",440,53,53,"Ec",32,1,1,1,1,1,1
"26394",191,"Ec_N",440,54,54,"Ec",32,1,1,1,1,1,1
"26395",191,"Ec_N",440,55,55,"Ec",32,1,1,1,1,1,1
"26396",191,"Ec_N",440,56,56,"Ec",32,1,1,1,1,1,1
"26397",191,"Ec_N",440,57,57,"Ec",32,1,1,1,1,1,1
"26398",191,"Ec_N",440,58,58,"Ec",32,1,1,1,1,1,1
"26399",191,"Ec_N",440,59,59,"Ec",32,1,1,1,1,1,1
"26400",191,"Ec_N",440,60,60,"Ec",32,1,1,1,1,1,1
"26401",191,"Ec_N",441,1,1,"Ec",1,0,0,0,0,0,0
"26402",191,"Ec_N",441,2,2,"Ec",1,0,0,0,0,0,0
"26403",191,"Ec_N",441,3,3,"Ec",1,0,0,0,0,0,0
"26404",191,"Ec_N",441,4,4,"Ec",1,0,0,0,0,0,0
"26405",191,"Ec_N",441,5,5,"Ec",1,0,0,0,0,0,0
"26406",191,"Ec_N",441,6,6,"Ec",1,0,0,0,0,0,0
"26407",191,"Ec_N",441,7,7,"Ec",1,0,0,0,0,0,0
"26408",191,"Ec_N",441,8,8,"Ec",1,0,0,0,0,0,0
"26409",191,"Ec_N",441,9,9,"Ec",1,0,0,0,0,0,0
"26410",191,"Ec_N",441,10,10,"Ec",1,0,0,0,0,0,0
"26411",191,"Ec_N",441,11,11,"Ec",1,0,0,0,0,0,0
"26412",191,"Ec_N",441,12,12,"Ec",1,0,0,0,0,0,0
"26413",191,"Ec_N",441,13,13,"Ec",1,0,0,0,0,0,0
"26414",191,"Ec_N",441,14,14,"Ec",1,0,0,0,0,0,0
"26415",191,"Ec_N",441,15,15,"Ec",2,1,0,0,0,0,0.198020370545937
"26416",191,"Ec_N",441,16,16,"Ec",2,1,0,0,0,0,0.198020370545937
"26417",191,"Ec_N",441,17,17,"Ec",2,1,0,0,0,0,0.198020370545937
"26418",191,"Ec_N",441,18,18,"Ec",2,1,0,0,0,0,0.198020370545937
"26419",191,"Ec_N",441,19,19,"Ec",2,1,0,0,0,0,0.198020370545937
"26420",191,"Ec_N",441,20,20,"Ec",2,1,0,0,0,0,0.198020370545937
"26421",191,"Ec_N",441,21,21,"Ec",2,1,0,0,0,0,0.198020370545937
"26422",191,"Ec_N",441,22,22,"Ec",2,1,0,0,0,0,0.198020370545937
"26423",191,"Ec_N",441,23,23,"Ec",2,1,0,0,0,0,0.198020370545937
"26424",191,"Ec_N",441,24,24,"Ec",2,1,0,0,0,0,0.198020370545937
"26425",191,"Ec_N",441,25,25,"Ec",2,1,0,0,0,0,0.198020370545937
"26426",191,"Ec_N",441,26,26,"Ec",2,1,0,0,0,0,0.198020370545937
"26427",191,"Ec_N",441,27,27,"Ec",6,1,0,1,0,0,0.542157591427696
"26428",191,"Ec_N",441,28,28,"Ec",6,1,0,1,0,0,0.542157591427696
"26429",191,"Ec_N",441,29,29,"Ec",6,1,0,1,0,0,0.542157591427696
"26430",191,"Ec_N",441,30,30,"Ec",6,1,0,1,0,0,0.542157591427696
"26431",191,"Ec_N",441,31,31,"Ec",6,1,0,1,0,0,0.542157591427696
"26432",191,"Ec_N",441,32,32,"Ec",6,1,0,1,0,0,0.542157591427696
"26433",191,"Ec_N",441,33,33,"Ec",6,1,0,1,0,0,0.542157591427696
"26434",191,"Ec_N",441,34,34,"Ec",6,1,0,1,0,0,0.542157591427696
"26435",191,"Ec_N",441,35,35,"Ec",6,1,0,1,0,0,0.542157591427696
"26436",191,"Ec_N",441,36,36,"Ec",8,1,1,1,0,0,0.583469071478991
"26437",191,"Ec_N",441,37,37,"Ec",8,1,1,1,0,0,0.583469071478991
"26438",191,"Ec_N",441,38,38,"Ec",8,1,1,1,0,0,0.583469071478991
"26439",191,"Ec_N",441,39,39,"Ec",7,0,1,1,0,0,0.589282297794007
"26440",191,"Ec_N",441,40,40,"Ec",7,0,1,1,0,0,0.589282297794007
"26441",191,"Ec_N",441,41,41,"Ec",7,0,1,1,0,0,0.589282297794007
"26442",191,"Ec_N",441,42,42,"Ec",7,0,1,1,0,0,0.589282297794007
"26443",191,"Ec_N",441,43,43,"Ec",7,0,1,1,0,0,0.589282297794007
"26444",191,"Ec_N",441,44,44,"Ec",7,0,1,1,0,0,0.589282297794007
"26445",191,"Ec_N",441,45,45,"Ec",23,0,1,1,0,1,0.616809062130864
"26446",191,"Ec_N",441,46,46,"Ec",23,0,1,1,0,1,0.616809062130864
"26447",191,"Ec_N",441,47,47,"Ec",23,0,1,1,0,1,0.616809062130864
"26448",191,"Ec_N",441,48,48,"Ec",23,0,1,1,0,1,0.616809062130864
"26449",191,"Ec_N",441,49,49,"Ec",23,0,1,1,0,1,0.616809062130864
"26450",191,"Ec_N",441,50,50,"Ec",23,0,1,1,0,1,0.616809062130864
"26451",191,"Ec_N",441,51,51,"Ec",23,0,1,1,0,1,0.616809062130864
"26452",191,"Ec_N",441,52,52,"Ec",31,0,1,1,1,1,0.801979629454064
"26453",191,"Ec_N",441,53,53,"Ec",31,0,1,1,1,1,0.801979629454064
"26454",191,"Ec_N",441,54,54,"Ec",31,0,1,1,1,1,0.801979629454064
"26455",191,"Ec_N",441,55,55,"Ec",31,0,1,1,1,1,0.801979629454064
"26456",191,"Ec_N",441,56,56,"Ec",31,0,1,1,1,1,0.801979629454064
"26457",191,"Ec_N",441,57,57,"Ec",31,0,1,1,1,1,0.801979629454064
"26458",191,"Ec_N",441,58,58,"Ec",31,0,1,1,1,1,0.801979629454064
"26459",191,"Ec_N",441,59,59,"Ec",31,0,1,1,1,1,0.801979629454064
"26460",191,"Ec_N",441,60,60,"Ec",31,0,1,1,1,1,0.801979629454064
"26461",191,"Ec_N",442,1,1,"Ec",1,0,0,0,0,0,0
"26462",191,"Ec_N",442,2,2,"Ec",1,0,0,0,0,0,0
"26463",191,"Ec_N",442,3,3,"Ec",1,0,0,0,0,0,0
"26464",191,"Ec_N",442,4,4,"Ec",1,0,0,0,0,0,0
"26465",191,"Ec_N",442,5,5,"Ec",1,0,0,0,0,0,0
"26466",191,"Ec_N",442,6,6,"Ec",1,0,0,0,0,0,0
"26467",191,"Ec_N",442,7,7,"Ec",1,0,0,0,0,0,0
"26468",191,"Ec_N",442,8,8,"Ec",1,0,0,0,0,0,0
"26469",191,"Ec_N",442,9,9,"Ec",1,0,0,0,0,0,0
"26470",191,"Ec_N",442,10,10,"Ec",1,0,0,0,0,0,0
"26471",191,"Ec_N",442,11,11,"Ec",1,0,0,0,0,0,0
"26472",191,"Ec_N",442,12,12,"Ec",1,0,0,0,0,0,0
"26473",191,"Ec_N",442,13,13,"Ec",1,0,0,0,0,0,0
"26474",191,"Ec_N",442,14,14,"Ec",1,0,0,0,0,0,0
"26475",191,"Ec_N",442,15,15,"Ec",1,0,0,0,0,0,0
"26476",191,"Ec_N",442,16,16,"Ec",5,0,0,1,0,0,0.49313446766664
"26477",191,"Ec_N",442,17,17,"Ec",7,0,1,1,0,0,0.589282297794007
"26478",191,"Ec_N",442,18,18,"Ec",7,0,1,1,0,0,0.589282297794007
"26479",191,"Ec_N",442,19,19,"Ec",7,0,1,1,0,0,0.589282297794007
"26480",191,"Ec_N",442,20,20,"Ec",23,0,1,1,0,1,0.616809062130864
"26481",191,"Ec_N",442,21,21,"Ec",23,0,1,1,0,1,0.616809062130864
"26482",191,"Ec_N",442,22,22,"Ec",23,0,1,1,0,1,0.616809062130864
"26483",191,"Ec_N",442,23,23,"Ec",23,0,1,1,0,1,0.616809062130864
"26484",191,"Ec_N",442,24,24,"Ec",23,0,1,1,0,1,0.616809062130864
"26485",191,"Ec_N",442,25,25,"Ec",23,0,1,1,0,1,0.616809062130864
"26486",191,"Ec_N",442,26,26,"Ec",23,0,1,1,0,1,0.616809062130864
"26487",191,"Ec_N",442,27,27,"Ec",23,0,1,1,0,1,0.616809062130864
"26488",191,"Ec_N",442,28,28,"Ec",23,0,1,1,0,1,0.616809062130864
"26489",191,"Ec_N",442,29,29,"Ec",23,0,1,1,0,1,0.616809062130864
"26490",191,"Ec_N",442,30,30,"Ec",23,0,1,1,0,1,0.616809062130864
"26491",191,"Ec_N",442,31,31,"Ec",23,0,1,1,0,1,0.616809062130864
"26492",191,"Ec_N",442,32,32,"Ec",23,0,1,1,0,1,0.616809062130864
"26493",191,"Ec_N",442,33,33,"Ec",23,0,1,1,0,1,0.616809062130864
"26494",191,"Ec_N",442,34,34,"Ec",24,1,1,1,0,1,0.969458006928044
"26495",191,"Ec_N",442,35,35,"Ec",24,1,1,1,0,1,0.969458006928044
"26496",191,"Ec_N",442,36,36,"Ec",24,1,1,1,0,1,0.969458006928044
"26497",191,"Ec_N",442,37,37,"Ec",24,1,1,1,0,1,0.969458006928044
"26498",191,"Ec_N",442,38,38,"Ec",24,1,1,1,0,1,0.969458006928044
"26499",191,"Ec_N",442,39,39,"Ec",24,1,1,1,0,1,0.969458006928044
"26500",191,"Ec_N",442,40,40,"Ec",24,1,1,1,0,1,0.969458006928044
"26501",191,"Ec_N",442,41,41,"Ec",24,1,1,1,0,1,0.969458006928044
"26502",191,"Ec_N",442,42,42,"Ec",24,1,1,1,0,1,0.969458006928044
"26503",191,"Ec_N",442,43,43,"Ec",24,1,1,1,0,1,0.969458006928044
"26504",191,"Ec_N",442,44,44,"Ec",24,1,1,1,0,1,0.969458006928044
"26505",191,"Ec_N",442,45,45,"Ec",32,1,1,1,1,1,1
"26506",191,"Ec_N",442,46,46,"Ec",32,1,1,1,1,1,1
"26507",191,"Ec_N",442,47,47,"Ec",32,1,1,1,1,1,1
"26508",191,"Ec_N",442,48,48,"Ec",32,1,1,1,1,1,1
"26509",191,"Ec_N",442,49,49,"Ec",32,1,1,1,1,1,1
"26510",191,"Ec_N",442,50,50,"Ec",32,1,1,1,1,1,1
"26511",191,"Ec_N",442,51,51,"Ec",32,1,1,1,1,1,1
"26512",191,"Ec_N",442,52,52,"Ec",32,1,1,1,1,1,1
"26513",191,"Ec_N",442,53,53,"Ec",32,1,1,1,1,1,1
"26514",191,"Ec_N",442,54,54,"Ec",32,1,1,1,1,1,1
"26515",191,"Ec_N",442,55,55,"Ec",32,1,1,1,1,1,1
"26516",191,"Ec_N",442,56,56,"Ec",32,1,1,1,1,1,1
"26517",191,"Ec_N",442,57,57,"Ec",32,1,1,1,1,1,1
"26518",191,"Ec_N",442,58,58,"Ec",32,1,1,1,1,1,1
"26519",191,"Ec_N",442,59,59,"Ec",32,1,1,1,1,1,1
"26520",191,"Ec_N",442,60,60,"Ec",32,1,1,1,1,1,1
"26521",191,"Ec_N",443,1,1,"Ec",1,0,0,0,0,0,0
"26522",191,"Ec_N",443,2,2,"Ec",1,0,0,0,0,0,0
"26523",191,"Ec_N",443,3,3,"Ec",1,0,0,0,0,0,0
"26524",191,"Ec_N",443,4,4,"Ec",1,0,0,0,0,0,0
"26525",191,"Ec_N",443,5,5,"Ec",1,0,0,0,0,0,0
"26526",191,"Ec_N",443,6,6,"Ec",1,0,0,0,0,0,0
"26527",191,"Ec_N",443,7,7,"Ec",1,0,0,0,0,0,0
"26528",191,"Ec_N",443,8,8,"Ec",1,0,0,0,0,0,0
"26529",191,"Ec_N",443,9,9,"Ec",1,0,0,0,0,0,0
"26530",191,"Ec_N",443,10,10,"Ec",1,0,0,0,0,0,0
"26531",191,"Ec_N",443,11,11,"Ec",1,0,0,0,0,0,0
"26532",191,"Ec_N",443,12,12,"Ec",1,0,0,0,0,0,0
"26533",191,"Ec_N",443,13,13,"Ec",1,0,0,0,0,0,0
"26534",191,"Ec_N",443,14,14,"Ec",2,1,0,0,0,0,0.198020370545937
"26535",191,"Ec_N",443,15,15,"Ec",2,1,0,0,0,0,0.198020370545937
"26536",191,"Ec_N",443,16,16,"Ec",2,1,0,0,0,0,0.198020370545937
"26537",191,"Ec_N",443,17,17,"Ec",2,1,0,0,0,0,0.198020370545937
"26538",191,"Ec_N",443,18,18,"Ec",2,1,0,0,0,0,0.198020370545937
"26539",191,"Ec_N",443,19,19,"Ec",2,1,0,0,0,0,0.198020370545937
"26540",191,"Ec_N",443,20,20,"Ec",2,1,0,0,0,0,0.198020370545937
"26541",191,"Ec_N",443,21,21,"Ec",2,1,0,0,0,0,0.198020370545937
"26542",191,"Ec_N",443,22,22,"Ec",2,1,0,0,0,0,0.198020370545937
"26543",191,"Ec_N",443,23,23,"Ec",2,1,0,0,0,0,0.198020370545937
"26544",191,"Ec_N",443,24,24,"Ec",2,1,0,0,0,0,0.198020370545937
"26545",191,"Ec_N",443,25,25,"Ec",2,1,0,0,0,0,0.198020370545937
"26546",191,"Ec_N",443,26,26,"Ec",2,1,0,0,0,0,0.198020370545937
"26547",191,"Ec_N",443,27,27,"Ec",2,1,0,0,0,0,0.198020370545937
"26548",191,"Ec_N",443,28,28,"Ec",2,1,0,0,0,0,0.198020370545937
"26549",191,"Ec_N",443,29,29,"Ec",10,1,0,0,1,0,0.228562363617893
"26550",191,"Ec_N",443,30,30,"Ec",10,1,0,0,1,0,0.228562363617893
"26551",191,"Ec_N",443,31,31,"Ec",10,1,0,0,1,0,0.228562363617893
"26552",191,"Ec_N",443,32,32,"Ec",10,1,0,0,1,0,0.228562363617893
"26553",191,"Ec_N",443,33,33,"Ec",26,1,0,0,1,1,0.514384015075299
"26554",191,"Ec_N",443,34,34,"Ec",26,1,0,0,1,1,0.514384015075299
"26555",191,"Ec_N",443,35,35,"Ec",18,1,0,0,0,1,0.646504780524047
"26556",191,"Ec_N",443,36,36,"Ec",18,1,0,0,0,1,0.646504780524047
"26557",191,"Ec_N",443,37,37,"Ec",18,1,0,0,0,1,0.646504780524047
"26558",191,"Ec_N",443,38,38,"Ec",18,1,0,0,0,1,0.646504780524047
"26559",191,"Ec_N",443,39,39,"Ec",18,1,0,0,0,1,0.646504780524047
"26560",191,"Ec_N",443,40,40,"Ec",18,1,0,0,0,1,0.646504780524047
"26561",191,"Ec_N",443,41,41,"Ec",18,1,0,0,0,1,0.646504780524047
"26562",191,"Ec_N",443,42,42,"Ec",18,1,0,0,0,1,0.646504780524047
"26563",191,"Ec_N",443,43,43,"Ec",18,1,0,0,0,1,0.646504780524047
"26564",191,"Ec_N",443,44,44,"Ec",18,1,0,0,0,1,0.646504780524047
"26565",191,"Ec_N",443,45,45,"Ec",18,1,0,0,0,1,0.646504780524047
"26566",191,"Ec_N",443,46,46,"Ec",18,1,0,0,0,1,0.646504780524047
"26567",191,"Ec_N",443,47,47,"Ec",18,1,0,0,0,1,0.646504780524047
"26568",191,"Ec_N",443,48,48,"Ec",18,1,0,0,0,1,0.646504780524047
"26569",191,"Ec_N",443,49,49,"Ec",18,1,0,0,0,1,0.646504780524047
"26570",191,"Ec_N",443,50,50,"Ec",18,1,0,0,0,1,0.646504780524047
"26571",191,"Ec_N",443,51,51,"Ec",18,1,0,0,0,1,0.646504780524047
"26572",191,"Ec_N",443,52,52,"Ec",18,1,0,0,0,1,0.646504780524047
"26573",191,"Ec_N",443,53,53,"Ec",18,1,0,0,0,1,0.646504780524047
"26574",191,"Ec_N",443,54,54,"Ec",22,1,0,1,0,1,0.92522428176681
"26575",191,"Ec_N",443,55,55,"Ec",22,1,0,1,0,1,0.92522428176681
"26576",191,"Ec_N",443,56,56,"Ec",22,1,0,1,0,1,0.92522428176681
"26577",191,"Ec_N",443,57,57,"Ec",22,1,0,1,0,1,0.92522428176681
"26578",191,"Ec_N",443,58,58,"Ec",30,1,0,1,1,1,0.958688519948705
"26579",191,"Ec_N",443,59,59,"Ec",30,1,0,1,1,1,0.958688519948705
"26580",191,"Ec_N",443,60,60,"Ec",30,1,0,1,1,1,0.958688519948705
"26581",191,"Ec_N",444,1,1,"Ec",1,0,0,0,0,0,0
"26582",191,"Ec_N",444,2,2,"Ec",9,0,0,0,1,0,0.0305419930719563
"26583",191,"Ec_N",444,3,3,"Ec",9,0,0,0,1,0,0.0305419930719563
"26584",191,"Ec_N",444,4,4,"Ec",9,0,0,0,1,0,0.0305419930719563
"26585",191,"Ec_N",444,5,5,"Ec",13,0,0,1,1,0,0.374679213953716
"26586",191,"Ec_N",444,6,6,"Ec",13,0,0,1,1,0,0.374679213953716
"26587",191,"Ec_N",444,7,7,"Ec",5,0,0,1,0,0,0.49313446766664
"26588",191,"Ec_N",444,8,8,"Ec",5,0,0,1,0,0,0.49313446766664
"26589",191,"Ec_N",444,9,9,"Ec",7,0,1,1,0,0,0.589282297794007
"26590",191,"Ec_N",444,10,10,"Ec",7,0,1,1,0,0,0.589282297794007
"26591",191,"Ec_N",444,11,11,"Ec",7,0,1,1,0,0,0.589282297794007
"26592",191,"Ec_N",444,12,12,"Ec",7,0,1,1,0,0,0.589282297794007
"26593",191,"Ec_N",444,13,13,"Ec",7,0,1,1,0,0,0.589282297794007
"26594",191,"Ec_N",444,14,14,"Ec",7,0,1,1,0,0,0.589282297794007
"26595",191,"Ec_N",444,15,15,"Ec",7,0,1,1,0,0,0.589282297794007
"26596",191,"Ec_N",444,16,16,"Ec",7,0,1,1,0,0,0.589282297794007
"26597",191,"Ec_N",444,17,17,"Ec",7,0,1,1,0,0,0.589282297794007
"26598",191,"Ec_N",444,18,18,"Ec",7,0,1,1,0,0,0.589282297794007
"26599",191,"Ec_N",444,19,19,"Ec",23,0,1,1,0,1,0.616809062130864
"26600",191,"Ec_N",444,20,20,"Ec",23,0,1,1,0,1,0.616809062130864
"26601",191,"Ec_N",444,21,21,"Ec",24,1,1,1,0,1,0.969458006928044
"26602",191,"Ec_N",444,22,22,"Ec",24,1,1,1,0,1,0.969458006928044
"26603",191,"Ec_N",444,23,23,"Ec",24,1,1,1,0,1,0.969458006928044
"26604",191,"Ec_N",444,24,24,"Ec",24,1,1,1,0,1,0.969458006928044
"26605",191,"Ec_N",444,25,25,"Ec",24,1,1,1,0,1,0.969458006928044
"26606",191,"Ec_N",444,26,26,"Ec",24,1,1,1,0,1,0.969458006928044
"26607",191,"Ec_N",444,27,27,"Ec",32,1,1,1,1,1,1
"26608",191,"Ec_N",444,28,28,"Ec",32,1,1,1,1,1,1
"26609",191,"Ec_N",444,29,29,"Ec",32,1,1,1,1,1,1
"26610",191,"Ec_N",444,30,30,"Ec",32,1,1,1,1,1,1
"26611",191,"Ec_N",444,31,31,"Ec",32,1,1,1,1,1,1
"26612",191,"Ec_N",444,32,32,"Ec",32,1,1,1,1,1,1
"26613",191,"Ec_N",444,33,33,"Ec",32,1,1,1,1,1,1
"26614",191,"Ec_N",444,34,34,"Ec",32,1,1,1,1,1,1
"26615",191,"Ec_N",444,35,35,"Ec",32,1,1,1,1,1,1
"26616",191,"Ec_N",444,36,36,"Ec",32,1,1,1,1,1,1
"26617",191,"Ec_N",444,37,37,"Ec",32,1,1,1,1,1,1
"26618",191,"Ec_N",444,38,38,"Ec",32,1,1,1,1,1,1
"26619",191,"Ec_N",444,39,39,"Ec",32,1,1,1,1,1,1
"26620",191,"Ec_N",444,40,40,"Ec",32,1,1,1,1,1,1
"26621",191,"Ec_N",444,41,41,"Ec",32,1,1,1,1,1,1
"26622",191,"Ec_N",444,42,42,"Ec",32,1,1,1,1,1,1
"26623",191,"Ec_N",444,43,43,"Ec",32,1,1,1,1,1,1
"26624",191,"Ec_N",444,44,44,"Ec",32,1,1,1,1,1,1
"26625",191,"Ec_N",444,45,45,"Ec",32,1,1,1,1,1,1
"26626",191,"Ec_N",444,46,46,"Ec",32,1,1,1,1,1,1
"26627",191,"Ec_N",444,47,47,"Ec",32,1,1,1,1,1,1
"26628",191,"Ec_N",444,48,48,"Ec",32,1,1,1,1,1,1
"26629",191,"Ec_N",444,49,49,"Ec",32,1,1,1,1,1,1
"26630",191,"Ec_N",444,50,50,"Ec",32,1,1,1,1,1,1
"26631",191,"Ec_N",444,51,51,"Ec",32,1,1,1,1,1,1
"26632",191,"Ec_N",444,52,52,"Ec",32,1,1,1,1,1,1
"26633",191,"Ec_N",444,53,53,"Ec",32,1,1,1,1,1,1
"26634",191,"Ec_N",444,54,54,"Ec",32,1,1,1,1,1,1
"26635",191,"Ec_N",444,55,55,"Ec",32,1,1,1,1,1,1
"26636",191,"Ec_N",444,56,56,"Ec",32,1,1,1,1,1,1
"26637",191,"Ec_N",444,57,57,"Ec",32,1,1,1,1,1,1
"26638",191,"Ec_N",444,58,58,"Ec",32,1,1,1,1,1,1
"26639",191,"Ec_N",444,59,59,"Ec",32,1,1,1,1,1,1
"26640",191,"Ec_N",444,60,60,"Ec",32,1,1,1,1,1,1
"26641",191,"Ec_N",445,1,1,"Ec",1,0,0,0,0,0,0
"26642",191,"Ec_N",445,2,2,"Ec",1,0,0,0,0,0,0
"26643",191,"Ec_N",445,3,3,"Ec",1,0,0,0,0,0,0
"26644",191,"Ec_N",445,4,4,"Ec",1,0,0,0,0,0,0
"26645",191,"Ec_N",445,5,5,"Ec",1,0,0,0,0,0,0
"26646",191,"Ec_N",445,6,6,"Ec",1,0,0,0,0,0,0
"26647",191,"Ec_N",445,7,7,"Ec",5,0,0,1,0,0,0.49313446766664
"26648",191,"Ec_N",445,8,8,"Ec",5,0,0,1,0,0,0.49313446766664
"26649",191,"Ec_N",445,9,9,"Ec",5,0,0,1,0,0,0.49313446766664
"26650",191,"Ec_N",445,10,10,"Ec",5,0,0,1,0,0,0.49313446766664
"26651",191,"Ec_N",445,11,11,"Ec",5,0,0,1,0,0,0.49313446766664
"26652",191,"Ec_N",445,12,12,"Ec",5,0,0,1,0,0,0.49313446766664
"26653",191,"Ec_N",445,13,13,"Ec",5,0,0,1,0,0,0.49313446766664
"26654",191,"Ec_N",445,14,14,"Ec",5,0,0,1,0,0,0.49313446766664
"26655",191,"Ec_N",445,15,15,"Ec",5,0,0,1,0,0,0.49313446766664
"26656",191,"Ec_N",445,16,16,"Ec",5,0,0,1,0,0,0.49313446766664
"26657",191,"Ec_N",445,17,17,"Ec",21,0,0,1,0,1,0.726280938342543
"26658",191,"Ec_N",445,18,18,"Ec",21,0,0,1,0,1,0.726280938342543
"26659",191,"Ec_N",445,19,19,"Ec",21,0,0,1,0,1,0.726280938342543
"26660",191,"Ec_N",445,20,20,"Ec",21,0,0,1,0,1,0.726280938342543
"26661",191,"Ec_N",445,21,21,"Ec",21,0,0,1,0,1,0.726280938342543
"26662",191,"Ec_N",445,22,22,"Ec",21,0,0,1,0,1,0.726280938342543
"26663",191,"Ec_N",445,23,23,"Ec",21,0,0,1,0,1,0.726280938342543
"26664",191,"Ec_N",445,24,24,"Ec",21,0,0,1,0,1,0.726280938342543
"26665",191,"Ec_N",445,25,25,"Ec",21,0,0,1,0,1,0.726280938342543
"26666",191,"Ec_N",445,26,26,"Ec",21,0,0,1,0,1,0.726280938342543
"26667",191,"Ec_N",445,27,27,"Ec",21,0,0,1,0,1,0.726280938342543
"26668",191,"Ec_N",445,28,28,"Ec",21,0,0,1,0,1,0.726280938342543
"26669",191,"Ec_N",445,29,29,"Ec",21,0,0,1,0,1,0.726280938342543
"26670",191,"Ec_N",445,30,30,"Ec",21,0,0,1,0,1,0.726280938342543
"26671",191,"Ec_N",445,31,31,"Ec",21,0,0,1,0,1,0.726280938342543
"26672",191,"Ec_N",445,32,32,"Ec",21,0,0,1,0,1,0.726280938342543
"26673",191,"Ec_N",445,33,33,"Ec",21,0,0,1,0,1,0.726280938342543
"26674",191,"Ec_N",445,34,34,"Ec",29,0,0,1,1,1,0.760668149402769
"26675",191,"Ec_N",445,35,35,"Ec",29,0,0,1,1,1,0.760668149402769
"26676",191,"Ec_N",445,36,36,"Ec",31,0,1,1,1,1,0.801979629454064
"26677",191,"Ec_N",445,37,37,"Ec",31,0,1,1,1,1,0.801979629454064
"26678",191,"Ec_N",445,38,38,"Ec",31,0,1,1,1,1,0.801979629454064
"26679",191,"Ec_N",445,39,39,"Ec",31,0,1,1,1,1,0.801979629454064
"26680",191,"Ec_N",445,40,40,"Ec",31,0,1,1,1,1,0.801979629454064
"26681",191,"Ec_N",445,41,41,"Ec",31,0,1,1,1,1,0.801979629454064
"26682",191,"Ec_N",445,42,42,"Ec",31,0,1,1,1,1,0.801979629454064
"26683",191,"Ec_N",445,43,43,"Ec",31,0,1,1,1,1,0.801979629454064
"26684",191,"Ec_N",445,44,44,"Ec",31,0,1,1,1,1,0.801979629454064
"26685",191,"Ec_N",445,45,45,"Ec",31,0,1,1,1,1,0.801979629454064
"26686",191,"Ec_N",445,46,46,"Ec",31,0,1,1,1,1,0.801979629454064
"26687",191,"Ec_N",445,47,47,"Ec",31,0,1,1,1,1,0.801979629454064
"26688",191,"Ec_N",445,48,48,"Ec",31,0,1,1,1,1,0.801979629454064
"26689",191,"Ec_N",445,49,49,"Ec",31,0,1,1,1,1,0.801979629454064
"26690",191,"Ec_N",445,50,50,"Ec",31,0,1,1,1,1,0.801979629454064
"26691",191,"Ec_N",445,51,51,"Ec",31,0,1,1,1,1,0.801979629454064
"26692",191,"Ec_N",445,52,52,"Ec",31,0,1,1,1,1,0.801979629454064
"26693",191,"Ec_N",445,53,53,"Ec",31,0,1,1,1,1,0.801979629454064
"26694",191,"Ec_N",445,54,54,"Ec",31,0,1,1,1,1,0.801979629454064
"26695",191,"Ec_N",445,55,55,"Ec",31,0,1,1,1,1,0.801979629454064
"26696",191,"Ec_N",445,56,56,"Ec",31,0,1,1,1,1,0.801979629454064
"26697",191,"Ec_N",445,57,57,"Ec",31,0,1,1,1,1,0.801979629454064
"26698",191,"Ec_N",445,58,58,"Ec",31,0,1,1,1,1,0.801979629454064
"26699",191,"Ec_N",445,59,59,"Ec",31,0,1,1,1,1,0.801979629454064
"26700",191,"Ec_N",445,60,60,"Ec",31,0,1,1,1,1,0.801979629454064
"26701",191,"Ec_N",446,1,1,"Ec",1,0,0,0,0,0,0
"26702",191,"Ec_N",446,2,2,"Ec",1,0,0,0,0,0,0
"26703",191,"Ec_N",446,3,3,"Ec",1,0,0,0,0,0,0
"26704",191,"Ec_N",446,4,4,"Ec",1,0,0,0,0,0,0
"26705",191,"Ec_N",446,5,5,"Ec",1,0,0,0,0,0,0
"26706",191,"Ec_N",446,6,6,"Ec",1,0,0,0,0,0,0
"26707",191,"Ec_N",446,7,7,"Ec",9,0,0,0,1,0,0.0305419930719563
"26708",191,"Ec_N",446,8,8,"Ec",9,0,0,0,1,0,0.0305419930719563
"26709",191,"Ec_N",446,9,9,"Ec",9,0,0,0,1,0,0.0305419930719563
"26710",191,"Ec_N",446,10,10,"Ec",9,0,0,0,1,0,0.0305419930719563
"26711",191,"Ec_N",446,11,11,"Ec",9,0,0,0,1,0,0.0305419930719563
"26712",191,"Ec_N",446,12,12,"Ec",9,0,0,0,1,0,0.0305419930719563
"26713",191,"Ec_N",446,13,13,"Ec",13,0,0,1,1,0,0.374679213953716
"26714",191,"Ec_N",446,14,14,"Ec",14,1,0,1,1,0,0.746777083195453
"26715",191,"Ec_N",446,15,15,"Ec",14,1,0,1,1,0,0.746777083195453
"26716",191,"Ec_N",446,16,16,"Ec",14,1,0,1,1,0,0.746777083195453
"26717",191,"Ec_N",446,17,17,"Ec",14,1,0,1,1,0,0.746777083195453
"26718",191,"Ec_N",446,18,18,"Ec",14,1,0,1,1,0,0.746777083195453
"26719",191,"Ec_N",446,19,19,"Ec",14,1,0,1,1,0,0.746777083195453
"26720",191,"Ec_N",446,20,20,"Ec",14,1,0,1,1,0,0.746777083195453
"26721",191,"Ec_N",446,21,21,"Ec",14,1,0,1,1,0,0.746777083195453
"26722",191,"Ec_N",446,22,22,"Ec",14,1,0,1,1,0,0.746777083195453
"26723",191,"Ec_N",446,23,23,"Ec",14,1,0,1,1,0,0.746777083195453
"26724",191,"Ec_N",446,24,24,"Ec",14,1,0,1,1,0,0.746777083195453
"26725",191,"Ec_N",446,25,25,"Ec",14,1,0,1,1,0,0.746777083195453
"26726",191,"Ec_N",446,26,26,"Ec",14,1,0,1,1,0,0.746777083195453
"26727",191,"Ec_N",446,27,27,"Ec",14,1,0,1,1,0,0.746777083195453
"26728",191,"Ec_N",446,28,28,"Ec",14,1,0,1,1,0,0.746777083195453
"26729",191,"Ec_N",446,29,29,"Ec",14,1,0,1,1,0,0.746777083195453
"26730",191,"Ec_N",446,30,30,"Ec",14,1,0,1,1,0,0.746777083195453
"26731",191,"Ec_N",446,31,31,"Ec",14,1,0,1,1,0,0.746777083195453
"26732",191,"Ec_N",446,32,32,"Ec",14,1,0,1,1,0,0.746777083195453
"26733",191,"Ec_N",446,33,33,"Ec",14,1,0,1,1,0,0.746777083195453
"26734",191,"Ec_N",446,34,34,"Ec",14,1,0,1,1,0,0.746777083195453
"26735",191,"Ec_N",446,35,35,"Ec",14,1,0,1,1,0,0.746777083195453
"26736",191,"Ec_N",446,36,36,"Ec",14,1,0,1,1,0,0.746777083195453
"26737",191,"Ec_N",446,37,37,"Ec",14,1,0,1,1,0,0.746777083195453
"26738",191,"Ec_N",446,38,38,"Ec",14,1,0,1,1,0,0.746777083195453
"26739",191,"Ec_N",446,39,39,"Ec",14,1,0,1,1,0,0.746777083195453
"26740",191,"Ec_N",446,40,40,"Ec",14,1,0,1,1,0,0.746777083195453
"26741",191,"Ec_N",446,41,41,"Ec",14,1,0,1,1,0,0.746777083195453
"26742",191,"Ec_N",446,42,42,"Ec",14,1,0,1,1,0,0.746777083195453
"26743",191,"Ec_N",446,43,43,"Ec",14,1,0,1,1,0,0.746777083195453
"26744",191,"Ec_N",446,44,44,"Ec",30,1,0,1,1,1,0.958688519948705
"26745",191,"Ec_N",446,45,45,"Ec",30,1,0,1,1,1,0.958688519948705
"26746",191,"Ec_N",446,46,46,"Ec",30,1,0,1,1,1,0.958688519948705
"26747",191,"Ec_N",446,47,47,"Ec",30,1,0,1,1,1,0.958688519948705
"26748",191,"Ec_N",446,48,48,"Ec",30,1,0,1,1,1,0.958688519948705
"26749",191,"Ec_N",446,49,49,"Ec",30,1,0,1,1,1,0.958688519948705
"26750",191,"Ec_N",446,50,50,"Ec",30,1,0,1,1,1,0.958688519948705
"26751",191,"Ec_N",446,51,51,"Ec",30,1,0,1,1,1,0.958688519948705
"26752",191,"Ec_N",446,52,52,"Ec",30,1,0,1,1,1,0.958688519948705
"26753",191,"Ec_N",446,53,53,"Ec",30,1,0,1,1,1,0.958688519948705
"26754",191,"Ec_N",446,54,54,"Ec",30,1,0,1,1,1,0.958688519948705
"26755",191,"Ec_N",446,55,55,"Ec",30,1,0,1,1,1,0.958688519948705
"26756",191,"Ec_N",446,56,56,"Ec",30,1,0,1,1,1,0.958688519948705
"26757",191,"Ec_N",446,57,57,"Ec",30,1,0,1,1,1,0.958688519948705
"26758",191,"Ec_N",446,58,58,"Ec",30,1,0,1,1,1,0.958688519948705
"26759",191,"Ec_N",446,59,59,"Ec",30,1,0,1,1,1,0.958688519948705
"26760",191,"Ec_N",446,60,60,"Ec",30,1,0,1,1,1,0.958688519948705
"26761",191,"Ec_N",447,1,1,"Ec",1,0,0,0,0,0,0
"26762",191,"Ec_N",447,2,2,"Ec",17,0,0,0,0,1,0.229834113103391
"26763",191,"Ec_N",447,3,3,"Ec",21,0,0,1,0,1,0.726280938342543
"26764",191,"Ec_N",447,4,4,"Ec",21,0,0,1,0,1,0.726280938342543
"26765",191,"Ec_N",447,5,5,"Ec",21,0,0,1,0,1,0.726280938342543
"26766",191,"Ec_N",447,6,6,"Ec",21,0,0,1,0,1,0.726280938342543
"26767",191,"Ec_N",447,7,7,"Ec",21,0,0,1,0,1,0.726280938342543
"26768",191,"Ec_N",447,8,8,"Ec",21,0,0,1,0,1,0.726280938342543
"26769",191,"Ec_N",447,9,9,"Ec",21,0,0,1,0,1,0.726280938342543
"26770",191,"Ec_N",447,10,10,"Ec",21,0,0,1,0,1,0.726280938342543
"26771",191,"Ec_N",447,11,11,"Ec",29,0,0,1,1,1,0.760668149402769
"26772",191,"Ec_N",447,12,12,"Ec",29,0,0,1,1,1,0.760668149402769
"26773",191,"Ec_N",447,13,13,"Ec",29,0,0,1,1,1,0.760668149402769
"26774",191,"Ec_N",447,14,14,"Ec",29,0,0,1,1,1,0.760668149402769
"26775",191,"Ec_N",447,15,15,"Ec",30,1,0,1,1,1,0.958688519948705
"26776",191,"Ec_N",447,16,16,"Ec",30,1,0,1,1,1,0.958688519948705
"26777",191,"Ec_N",447,17,17,"Ec",30,1,0,1,1,1,0.958688519948705
"26778",191,"Ec_N",447,18,18,"Ec",30,1,0,1,1,1,0.958688519948705
"26779",191,"Ec_N",447,19,19,"Ec",30,1,0,1,1,1,0.958688519948705
"26780",191,"Ec_N",447,20,20,"Ec",30,1,0,1,1,1,0.958688519948705
"26781",191,"Ec_N",447,21,21,"Ec",30,1,0,1,1,1,0.958688519948705
"26782",191,"Ec_N",447,22,22,"Ec",30,1,0,1,1,1,0.958688519948705
"26783",191,"Ec_N",447,23,23,"Ec",30,1,0,1,1,1,0.958688519948705
"26784",191,"Ec_N",447,24,24,"Ec",30,1,0,1,1,1,0.958688519948705
"26785",191,"Ec_N",447,25,25,"Ec",30,1,0,1,1,1,0.958688519948705
"26786",191,"Ec_N",447,26,26,"Ec",30,1,0,1,1,1,0.958688519948705
"26787",191,"Ec_N",447,27,27,"Ec",30,1,0,1,1,1,0.958688519948705
"26788",191,"Ec_N",447,28,28,"Ec",30,1,0,1,1,1,0.958688519948705
"26789",191,"Ec_N",447,29,29,"Ec",30,1,0,1,1,1,0.958688519948705
"26790",191,"Ec_N",447,30,30,"Ec",30,1,0,1,1,1,0.958688519948705
"26791",191,"Ec_N",447,31,31,"Ec",30,1,0,1,1,1,0.958688519948705
"26792",191,"Ec_N",447,32,32,"Ec",30,1,0,1,1,1,0.958688519948705
"26793",191,"Ec_N",447,33,33,"Ec",30,1,0,1,1,1,0.958688519948705
"26794",191,"Ec_N",447,34,34,"Ec",30,1,0,1,1,1,0.958688519948705
"26795",191,"Ec_N",447,35,35,"Ec",30,1,0,1,1,1,0.958688519948705
"26796",191,"Ec_N",447,36,36,"Ec",30,1,0,1,1,1,0.958688519948705
"26797",191,"Ec_N",447,37,37,"Ec",30,1,0,1,1,1,0.958688519948705
"26798",191,"Ec_N",447,38,38,"Ec",30,1,0,1,1,1,0.958688519948705
"26799",191,"Ec_N",447,39,39,"Ec",30,1,0,1,1,1,0.958688519948705
"26800",191,"Ec_N",447,40,40,"Ec",30,1,0,1,1,1,0.958688519948705
"26801",191,"Ec_N",447,41,41,"Ec",30,1,0,1,1,1,0.958688519948705
"26802",191,"Ec_N",447,42,42,"Ec",30,1,0,1,1,1,0.958688519948705
"26803",191,"Ec_N",447,43,43,"Ec",32,1,1,1,1,1,1
"26804",191,"Ec_N",447,44,44,"Ec",32,1,1,1,1,1,1
"26805",191,"Ec_N",447,45,45,"Ec",32,1,1,1,1,1,1
"26806",191,"Ec_N",447,46,46,"Ec",32,1,1,1,1,1,1
"26807",191,"Ec_N",447,47,47,"Ec",32,1,1,1,1,1,1
"26808",191,"Ec_N",447,48,48,"Ec",32,1,1,1,1,1,1
"26809",191,"Ec_N",447,49,49,"Ec",32,1,1,1,1,1,1
"26810",191,"Ec_N",447,50,50,"Ec",32,1,1,1,1,1,1
"26811",191,"Ec_N",447,51,51,"Ec",32,1,1,1,1,1,1
"26812",191,"Ec_N",447,52,52,"Ec",32,1,1,1,1,1,1
"26813",191,"Ec_N",447,53,53,"Ec",32,1,1,1,1,1,1
"26814",191,"Ec_N",447,54,54,"Ec",32,1,1,1,1,1,1
"26815",191,"Ec_N",447,55,55,"Ec",32,1,1,1,1,1,1
"26816",191,"Ec_N",447,56,56,"Ec",32,1,1,1,1,1,1
"26817",191,"Ec_N",447,57,57,"Ec",32,1,1,1,1,1,1
"26818",191,"Ec_N",447,58,58,"Ec",32,1,1,1,1,1,1
"26819",191,"Ec_N",447,59,59,"Ec",32,1,1,1,1,1,1
"26820",191,"Ec_N",447,60,60,"Ec",32,1,1,1,1,1,1
"26821",191,"Ec_N",448,1,1,"Ec",1,0,0,0,0,0,0
"26822",191,"Ec_N",448,2,2,"Ec",9,0,0,0,1,0,0.0305419930719563
"26823",191,"Ec_N",448,3,3,"Ec",9,0,0,0,1,0,0.0305419930719563
"26824",191,"Ec_N",448,4,4,"Ec",9,0,0,0,1,0,0.0305419930719563
"26825",191,"Ec_N",448,5,5,"Ec",9,0,0,0,1,0,0.0305419930719563
"26826",191,"Ec_N",448,6,6,"Ec",9,0,0,0,1,0,0.0305419930719563
"26827",191,"Ec_N",448,7,7,"Ec",9,0,0,0,1,0,0.0305419930719563
"26828",191,"Ec_N",448,8,8,"Ec",9,0,0,0,1,0,0.0305419930719563
"26829",191,"Ec_N",448,9,9,"Ec",9,0,0,0,1,0,0.0305419930719563
"26830",191,"Ec_N",448,10,10,"Ec",9,0,0,0,1,0,0.0305419930719563
"26831",191,"Ec_N",448,11,11,"Ec",9,0,0,0,1,0,0.0305419930719563
"26832",191,"Ec_N",448,12,12,"Ec",9,0,0,0,1,0,0.0305419930719563
"26833",191,"Ec_N",448,13,13,"Ec",9,0,0,0,1,0,0.0305419930719563
"26834",191,"Ec_N",448,14,14,"Ec",9,0,0,0,1,0,0.0305419930719563
"26835",191,"Ec_N",448,15,15,"Ec",9,0,0,0,1,0,0.0305419930719563
"26836",191,"Ec_N",448,16,16,"Ec",9,0,0,0,1,0,0.0305419930719563
"26837",191,"Ec_N",448,17,17,"Ec",9,0,0,0,1,0,0.0305419930719563
"26838",191,"Ec_N",448,18,18,"Ec",10,1,0,0,1,0,0.228562363617893
"26839",191,"Ec_N",448,19,19,"Ec",14,1,0,1,1,0,0.746777083195453
"26840",191,"Ec_N",448,20,20,"Ec",30,1,0,1,1,1,0.958688519948705
"26841",191,"Ec_N",448,21,21,"Ec",30,1,0,1,1,1,0.958688519948705
"26842",191,"Ec_N",448,22,22,"Ec",30,1,0,1,1,1,0.958688519948705
"26843",191,"Ec_N",448,23,23,"Ec",30,1,0,1,1,1,0.958688519948705
"26844",191,"Ec_N",448,24,24,"Ec",30,1,0,1,1,1,0.958688519948705
"26845",191,"Ec_N",448,25,25,"Ec",30,1,0,1,1,1,0.958688519948705
"26846",191,"Ec_N",448,26,26,"Ec",30,1,0,1,1,1,0.958688519948705
"26847",191,"Ec_N",448,27,27,"Ec",30,1,0,1,1,1,0.958688519948705
"26848",191,"Ec_N",448,28,28,"Ec",30,1,0,1,1,1,0.958688519948705
"26849",191,"Ec_N",448,29,29,"Ec",30,1,0,1,1,1,0.958688519948705
"26850",191,"Ec_N",448,30,30,"Ec",30,1,0,1,1,1,0.958688519948705
"26851",191,"Ec_N",448,31,31,"Ec",30,1,0,1,1,1,0.958688519948705
"26852",191,"Ec_N",448,32,32,"Ec",30,1,0,1,1,1,0.958688519948705
"26853",191,"Ec_N",448,33,33,"Ec",30,1,0,1,1,1,0.958688519948705
"26854",191,"Ec_N",448,34,34,"Ec",30,1,0,1,1,1,0.958688519948705
"26855",191,"Ec_N",448,35,35,"Ec",30,1,0,1,1,1,0.958688519948705
"26856",191,"Ec_N",448,36,36,"Ec",30,1,0,1,1,1,0.958688519948705
"26857",191,"Ec_N",448,37,37,"Ec",30,1,0,1,1,1,0.958688519948705
"26858",191,"Ec_N",448,38,38,"Ec",30,1,0,1,1,1,0.958688519948705
"26859",191,"Ec_N",448,39,39,"Ec",30,1,0,1,1,1,0.958688519948705
"26860",191,"Ec_N",448,40,40,"Ec",30,1,0,1,1,1,0.958688519948705
"26861",191,"Ec_N",448,41,41,"Ec",30,1,0,1,1,1,0.958688519948705
"26862",191,"Ec_N",448,42,42,"Ec",30,1,0,1,1,1,0.958688519948705
"26863",191,"Ec_N",448,43,43,"Ec",32,1,1,1,1,1,1
"26864",191,"Ec_N",448,44,44,"Ec",32,1,1,1,1,1,1
"26865",191,"Ec_N",448,45,45,"Ec",32,1,1,1,1,1,1
"26866",191,"Ec_N",448,46,46,"Ec",32,1,1,1,1,1,1
"26867",191,"Ec_N",448,47,47,"Ec",32,1,1,1,1,1,1
"26868",191,"Ec_N",448,48,48,"Ec",32,1,1,1,1,1,1
"26869",191,"Ec_N",448,49,49,"Ec",32,1,1,1,1,1,1
"26870",191,"Ec_N",448,50,50,"Ec",32,1,1,1,1,1,1
"26871",191,"Ec_N",448,51,51,"Ec",32,1,1,1,1,1,1
"26872",191,"Ec_N",448,52,52,"Ec",32,1,1,1,1,1,1
"26873",191,"Ec_N",448,53,53,"Ec",32,1,1,1,1,1,1
"26874",191,"Ec_N",448,54,54,"Ec",32,1,1,1,1,1,1
"26875",191,"Ec_N",448,55,55,"Ec",32,1,1,1,1,1,1
"26876",191,"Ec_N",448,56,56,"Ec",32,1,1,1,1,1,1
"26877",191,"Ec_N",448,57,57,"Ec",32,1,1,1,1,1,1
"26878",191,"Ec_N",448,58,58,"Ec",32,1,1,1,1,1,1
"26879",191,"Ec_N",448,59,59,"Ec",32,1,1,1,1,1,1
"26880",191,"Ec_N",448,60,60,"Ec",32,1,1,1,1,1,1
"26881",191,"Ec_N",449,1,1,"Ec",1,0,0,0,0,0,0
"26882",191,"Ec_N",449,2,2,"Ec",1,0,0,0,0,0,0
"26883",191,"Ec_N",449,3,3,"Ec",2,1,0,0,0,0,0.198020370545937
"26884",191,"Ec_N",449,4,4,"Ec",2,1,0,0,0,0,0.198020370545937
"26885",191,"Ec_N",449,5,5,"Ec",4,1,1,0,0,0,0.239331850597232
"26886",191,"Ec_N",449,6,6,"Ec",4,1,1,0,0,0,0.239331850597232
"26887",191,"Ec_N",449,7,7,"Ec",4,1,1,0,0,0,0.239331850597232
"26888",191,"Ec_N",449,8,8,"Ec",4,1,1,0,0,0,0.239331850597232
"26889",191,"Ec_N",449,9,9,"Ec",4,1,1,0,0,0,0.239331850597232
"26890",191,"Ec_N",449,10,10,"Ec",4,1,1,0,0,0,0.239331850597232
"26891",191,"Ec_N",449,11,11,"Ec",4,1,1,0,0,0,0.239331850597232
"26892",191,"Ec_N",449,12,12,"Ec",4,1,1,0,0,0,0.239331850597232
"26893",191,"Ec_N",449,13,13,"Ec",4,1,1,0,0,0,0.239331850597232
"26894",191,"Ec_N",449,14,14,"Ec",4,1,1,0,0,0,0.239331850597232
"26895",191,"Ec_N",449,15,15,"Ec",4,1,1,0,0,0,0.239331850597232
"26896",191,"Ec_N",449,16,16,"Ec",4,1,1,0,0,0,0.239331850597232
"26897",191,"Ec_N",449,17,17,"Ec",4,1,1,0,0,0,0.239331850597232
"26898",191,"Ec_N",449,18,18,"Ec",4,1,1,0,0,0,0.239331850597232
"26899",191,"Ec_N",449,19,19,"Ec",4,1,1,0,0,0,0.239331850597232
"26900",191,"Ec_N",449,20,20,"Ec",4,1,1,0,0,0,0.239331850597232
"26901",191,"Ec_N",449,21,21,"Ec",4,1,1,0,0,0,0.239331850597232
"26902",191,"Ec_N",449,22,22,"Ec",4,1,1,0,0,0,0.239331850597232
"26903",191,"Ec_N",449,23,23,"Ec",4,1,1,0,0,0,0.239331850597232
"26904",191,"Ec_N",449,24,24,"Ec",4,1,1,0,0,0,0.239331850597232
"26905",191,"Ec_N",449,25,25,"Ec",4,1,1,0,0,0,0.239331850597232
"26906",191,"Ec_N",449,26,26,"Ec",20,1,1,0,0,1,0.610298755308086
"26907",191,"Ec_N",449,27,27,"Ec",20,1,1,0,0,1,0.610298755308086
"26908",191,"Ec_N",449,28,28,"Ec",20,1,1,0,0,1,0.610298755308086
"26909",191,"Ec_N",449,29,29,"Ec",20,1,1,0,0,1,0.610298755308086
"26910",191,"Ec_N",449,30,30,"Ec",20,1,1,0,0,1,0.610298755308086
"26911",191,"Ec_N",449,31,31,"Ec",20,1,1,0,0,1,0.610298755308086
"26912",191,"Ec_N",449,32,32,"Ec",20,1,1,0,0,1,0.610298755308086
"26913",191,"Ec_N",449,33,33,"Ec",20,1,1,0,0,1,0.610298755308086
"26914",191,"Ec_N",449,34,34,"Ec",20,1,1,0,0,1,0.610298755308086
"26915",191,"Ec_N",449,35,35,"Ec",20,1,1,0,0,1,0.610298755308086
"26916",191,"Ec_N",449,36,36,"Ec",20,1,1,0,0,1,0.610298755308086
"26917",191,"Ec_N",449,37,37,"Ec",20,1,1,0,0,1,0.610298755308086
"26918",191,"Ec_N",449,38,38,"Ec",20,1,1,0,0,1,0.610298755308086
"26919",191,"Ec_N",449,39,39,"Ec",20,1,1,0,0,1,0.610298755308086
"26920",191,"Ec_N",449,40,40,"Ec",20,1,1,0,0,1,0.610298755308086
"26921",191,"Ec_N",449,41,41,"Ec",20,1,1,0,0,1,0.610298755308086
"26922",191,"Ec_N",449,42,42,"Ec",20,1,1,0,0,1,0.610298755308086
"26923",191,"Ec_N",449,43,43,"Ec",20,1,1,0,0,1,0.610298755308086
"26924",191,"Ec_N",449,44,44,"Ec",20,1,1,0,0,1,0.610298755308086
"26925",191,"Ec_N",449,45,45,"Ec",20,1,1,0,0,1,0.610298755308086
"26926",191,"Ec_N",449,46,46,"Ec",20,1,1,0,0,1,0.610298755308086
"26927",191,"Ec_N",449,47,47,"Ec",20,1,1,0,0,1,0.610298755308086
"26928",191,"Ec_N",449,48,48,"Ec",20,1,1,0,0,1,0.610298755308086
"26929",191,"Ec_N",449,49,49,"Ec",20,1,1,0,0,1,0.610298755308086
"26930",191,"Ec_N",449,50,50,"Ec",20,1,1,0,0,1,0.610298755308086
"26931",191,"Ec_N",449,51,51,"Ec",20,1,1,0,0,1,0.610298755308086
"26932",191,"Ec_N",449,52,52,"Ec",20,1,1,0,0,1,0.610298755308086
"26933",191,"Ec_N",449,53,53,"Ec",20,1,1,0,0,1,0.610298755308086
"26934",191,"Ec_N",449,54,54,"Ec",20,1,1,0,0,1,0.610298755308086
"26935",191,"Ec_N",449,55,55,"Ec",20,1,1,0,0,1,0.610298755308086
"26936",191,"Ec_N",449,56,56,"Ec",20,1,1,0,0,1,0.610298755308086
"26937",191,"Ec_N",449,57,57,"Ec",20,1,1,0,0,1,0.610298755308086
"26938",191,"Ec_N",449,58,58,"Ec",24,1,1,1,0,1,0.969458006928044
"26939",191,"Ec_N",449,59,59,"Ec",24,1,1,1,0,1,0.969458006928044
"26940",191,"Ec_N",449,60,60,"Ec",24,1,1,1,0,1,0.969458006928044
"26941",191,"Ec_N",450,1,1,"Ec",1,0,0,0,0,0,0
"26942",191,"Ec_N",450,2,2,"Ec",1,0,0,0,0,0,0
"26943",191,"Ec_N",450,3,3,"Ec",1,0,0,0,0,0,0
"26944",191,"Ec_N",450,4,4,"Ec",1,0,0,0,0,0,0
"26945",191,"Ec_N",450,5,5,"Ec",1,0,0,0,0,0,0
"26946",191,"Ec_N",450,6,6,"Ec",1,0,0,0,0,0,0
"26947",191,"Ec_N",450,7,7,"Ec",1,0,0,0,0,0,0
"26948",191,"Ec_N",450,8,8,"Ec",17,0,0,0,0,1,0.229834113103391
"26949",191,"Ec_N",450,9,9,"Ec",17,0,0,0,0,1,0.229834113103391
"26950",191,"Ec_N",450,10,10,"Ec",25,0,0,0,1,1,0.403163568932085
"26951",191,"Ec_N",450,11,11,"Ec",25,0,0,0,1,1,0.403163568932085
"26952",191,"Ec_N",450,12,12,"Ec",25,0,0,0,1,1,0.403163568932085
"26953",191,"Ec_N",450,13,13,"Ec",25,0,0,0,1,1,0.403163568932085
"26954",191,"Ec_N",450,14,14,"Ec",29,0,0,1,1,1,0.760668149402769
"26955",191,"Ec_N",450,15,15,"Ec",31,0,1,1,1,1,0.801979629454064
"26956",191,"Ec_N",450,16,16,"Ec",31,0,1,1,1,1,0.801979629454064
"26957",191,"Ec_N",450,17,17,"Ec",31,0,1,1,1,1,0.801979629454064
"26958",191,"Ec_N",450,18,18,"Ec",31,0,1,1,1,1,0.801979629454064
"26959",191,"Ec_N",450,19,19,"Ec",31,0,1,1,1,1,0.801979629454064
"26960",191,"Ec_N",450,20,20,"Ec",31,0,1,1,1,1,0.801979629454064
"26961",191,"Ec_N",450,21,21,"Ec",31,0,1,1,1,1,0.801979629454064
"26962",191,"Ec_N",450,22,22,"Ec",31,0,1,1,1,1,0.801979629454064
"26963",191,"Ec_N",450,23,23,"Ec",31,0,1,1,1,1,0.801979629454064
"26964",191,"Ec_N",450,24,24,"Ec",31,0,1,1,1,1,0.801979629454064
"26965",191,"Ec_N",450,25,25,"Ec",31,0,1,1,1,1,0.801979629454064
"26966",191,"Ec_N",450,26,26,"Ec",31,0,1,1,1,1,0.801979629454064
"26967",191,"Ec_N",450,27,27,"Ec",31,0,1,1,1,1,0.801979629454064
"26968",191,"Ec_N",450,28,28,"Ec",32,1,1,1,1,1,1
"26969",191,"Ec_N",450,29,29,"Ec",32,1,1,1,1,1,1
"26970",191,"Ec_N",450,30,30,"Ec",32,1,1,1,1,1,1
"26971",191,"Ec_N",450,31,31,"Ec",32,1,1,1,1,1,1
"26972",191,"Ec_N",450,32,32,"Ec",32,1,1,1,1,1,1
"26973",191,"Ec_N",450,33,33,"Ec",32,1,1,1,1,1,1
"26974",191,"Ec_N",450,34,34,"Ec",32,1,1,1,1,1,1
"26975",191,"Ec_N",450,35,35,"Ec",32,1,1,1,1,1,1
"26976",191,"Ec_N",450,36,36,"Ec",32,1,1,1,1,1,1
"26977",191,"Ec_N",450,37,37,"Ec",32,1,1,1,1,1,1
"26978",191,"Ec_N",450,38,38,"Ec",32,1,1,1,1,1,1
"26979",191,"Ec_N",450,39,39,"Ec",32,1,1,1,1,1,1
"26980",191,"Ec_N",450,40,40,"Ec",32,1,1,1,1,1,1
"26981",191,"Ec_N",450,41,41,"Ec",32,1,1,1,1,1,1
"26982",191,"Ec_N",450,42,42,"Ec",32,1,1,1,1,1,1
"26983",191,"Ec_N",450,43,43,"Ec",32,1,1,1,1,1,1
"26984",191,"Ec_N",450,44,44,"Ec",32,1,1,1,1,1,1
"26985",191,"Ec_N",450,45,45,"Ec",32,1,1,1,1,1,1
"26986",191,"Ec_N",450,46,46,"Ec",32,1,1,1,1,1,1
"26987",191,"Ec_N",450,47,47,"Ec",32,1,1,1,1,1,1
"26988",191,"Ec_N",450,48,48,"Ec",32,1,1,1,1,1,1
"26989",191,"Ec_N",450,49,49,"Ec",32,1,1,1,1,1,1
"26990",191,"Ec_N",450,50,50,"Ec",32,1,1,1,1,1,1
"26991",191,"Ec_N",450,51,51,"Ec",32,1,1,1,1,1,1
"26992",191,"Ec_N",450,52,52,"Ec",32,1,1,1,1,1,1
"26993",191,"Ec_N",450,53,53,"Ec",32,1,1,1,1,1,1
"26994",191,"Ec_N",450,54,54,"Ec",32,1,1,1,1,1,1
"26995",191,"Ec_N",450,55,55,"Ec",32,1,1,1,1,1,1
"26996",191,"Ec_N",450,56,56,"Ec",32,1,1,1,1,1,1
"26997",191,"Ec_N",450,57,57,"Ec",32,1,1,1,1,1,1
"26998",191,"Ec_N",450,58,58,"Ec",32,1,1,1,1,1,1
"26999",191,"Ec_N",450,59,59,"Ec",32,1,1,1,1,1,1
"27000",191,"Ec_N",450,60,60,"Ec",32,1,1,1,1,1,1
"27001",191,"Ec_N",451,1,1,"Ec",1,0,0,0,0,0,0
"27002",191,"Ec_N",451,2,2,"Ec",17,0,0,0,0,1,0.229834113103391
"27003",191,"Ec_N",451,3,3,"Ec",25,0,0,0,1,1,0.403163568932085
"27004",191,"Ec_N",451,4,4,"Ec",25,0,0,0,1,1,0.403163568932085
"27005",191,"Ec_N",451,5,5,"Ec",25,0,0,0,1,1,0.403163568932085
"27006",191,"Ec_N",451,6,6,"Ec",25,0,0,0,1,1,0.403163568932085
"27007",191,"Ec_N",451,7,7,"Ec",25,0,0,0,1,1,0.403163568932085
"27008",191,"Ec_N",451,8,8,"Ec",25,0,0,0,1,1,0.403163568932085
"27009",191,"Ec_N",451,9,9,"Ec",29,0,0,1,1,1,0.760668149402769
"27010",191,"Ec_N",451,10,10,"Ec",29,0,0,1,1,1,0.760668149402769
"27011",191,"Ec_N",451,11,11,"Ec",29,0,0,1,1,1,0.760668149402769
"27012",191,"Ec_N",451,12,12,"Ec",29,0,0,1,1,1,0.760668149402769
"27013",191,"Ec_N",451,13,13,"Ec",29,0,0,1,1,1,0.760668149402769
"27014",191,"Ec_N",451,14,14,"Ec",29,0,0,1,1,1,0.760668149402769
"27015",191,"Ec_N",451,15,15,"Ec",29,0,0,1,1,1,0.760668149402769
"27016",191,"Ec_N",451,16,16,"Ec",31,0,1,1,1,1,0.801979629454064
"27017",191,"Ec_N",451,17,17,"Ec",31,0,1,1,1,1,0.801979629454064
"27018",191,"Ec_N",451,18,18,"Ec",31,0,1,1,1,1,0.801979629454064
"27019",191,"Ec_N",451,19,19,"Ec",31,0,1,1,1,1,0.801979629454064
"27020",191,"Ec_N",451,20,20,"Ec",31,0,1,1,1,1,0.801979629454064
"27021",191,"Ec_N",451,21,21,"Ec",31,0,1,1,1,1,0.801979629454064
"27022",191,"Ec_N",451,22,22,"Ec",31,0,1,1,1,1,0.801979629454064
"27023",191,"Ec_N",451,23,23,"Ec",31,0,1,1,1,1,0.801979629454064
"27024",191,"Ec_N",451,24,24,"Ec",31,0,1,1,1,1,0.801979629454064
"27025",191,"Ec_N",451,25,25,"Ec",31,0,1,1,1,1,0.801979629454064
"27026",191,"Ec_N",451,26,26,"Ec",31,0,1,1,1,1,0.801979629454064
"27027",191,"Ec_N",451,27,27,"Ec",31,0,1,1,1,1,0.801979629454064
"27028",191,"Ec_N",451,28,28,"Ec",31,0,1,1,1,1,0.801979629454064
"27029",191,"Ec_N",451,29,29,"Ec",31,0,1,1,1,1,0.801979629454064
"27030",191,"Ec_N",451,30,30,"Ec",31,0,1,1,1,1,0.801979629454064
"27031",191,"Ec_N",451,31,31,"Ec",31,0,1,1,1,1,0.801979629454064
"27032",191,"Ec_N",451,32,32,"Ec",32,1,1,1,1,1,1
"27033",191,"Ec_N",451,33,33,"Ec",32,1,1,1,1,1,1
"27034",191,"Ec_N",451,34,34,"Ec",32,1,1,1,1,1,1
"27035",191,"Ec_N",451,35,35,"Ec",32,1,1,1,1,1,1
"27036",191,"Ec_N",451,36,36,"Ec",32,1,1,1,1,1,1
"27037",191,"Ec_N",451,37,37,"Ec",32,1,1,1,1,1,1
"27038",191,"Ec_N",451,38,38,"Ec",32,1,1,1,1,1,1
"27039",191,"Ec_N",451,39,39,"Ec",32,1,1,1,1,1,1
"27040",191,"Ec_N",451,40,40,"Ec",32,1,1,1,1,1,1
"27041",191,"Ec_N",451,41,41,"Ec",32,1,1,1,1,1,1
"27042",191,"Ec_N",451,42,42,"Ec",32,1,1,1,1,1,1
"27043",191,"Ec_N",451,43,43,"Ec",32,1,1,1,1,1,1
"27044",191,"Ec_N",451,44,44,"Ec",32,1,1,1,1,1,1
"27045",191,"Ec_N",451,45,45,"Ec",32,1,1,1,1,1,1
"27046",191,"Ec_N",451,46,46,"Ec",32,1,1,1,1,1,1
"27047",191,"Ec_N",451,47,47,"Ec",32,1,1,1,1,1,1
"27048",191,"Ec_N",451,48,48,"Ec",32,1,1,1,1,1,1
"27049",191,"Ec_N",451,49,49,"Ec",32,1,1,1,1,1,1
"27050",191,"Ec_N",451,50,50,"Ec",32,1,1,1,1,1,1
"27051",191,"Ec_N",451,51,51,"Ec",32,1,1,1,1,1,1
"27052",191,"Ec_N",451,52,52,"Ec",32,1,1,1,1,1,1
"27053",191,"Ec_N",451,53,53,"Ec",32,1,1,1,1,1,1
"27054",191,"Ec_N",451,54,54,"Ec",32,1,1,1,1,1,1
"27055",191,"Ec_N",451,55,55,"Ec",32,1,1,1,1,1,1
"27056",191,"Ec_N",451,56,56,"Ec",32,1,1,1,1,1,1
"27057",191,"Ec_N",451,57,57,"Ec",32,1,1,1,1,1,1
"27058",191,"Ec_N",451,58,58,"Ec",32,1,1,1,1,1,1
"27059",191,"Ec_N",451,59,59,"Ec",32,1,1,1,1,1,1
"27060",191,"Ec_N",451,60,60,"Ec",32,1,1,1,1,1,1
"27061",191,"Ec_N",452,1,1,"Ec",1,0,0,0,0,0,0
"27062",191,"Ec_N",452,2,2,"Ec",1,0,0,0,0,0,0
"27063",191,"Ec_N",452,3,3,"Ec",3,0,1,0,0,0,0.041311480051295
"27064",191,"Ec_N",452,4,4,"Ec",11,0,1,0,1,0,0.0857419302602629
"27065",191,"Ec_N",452,5,5,"Ec",11,0,1,0,1,0,0.0857419302602629
"27066",191,"Ec_N",452,6,6,"Ec",11,0,1,0,1,0,0.0857419302602629
"27067",191,"Ec_N",452,7,7,"Ec",11,0,1,0,1,0,0.0857419302602629
"27068",191,"Ec_N",452,8,8,"Ec",11,0,1,0,1,0,0.0857419302602629
"27069",191,"Ec_N",452,9,9,"Ec",11,0,1,0,1,0,0.0857419302602629
"27070",191,"Ec_N",452,10,10,"Ec",11,0,1,0,1,0,0.0857419302602629
"27071",191,"Ec_N",452,11,11,"Ec",11,0,1,0,1,0,0.0857419302602629
"27072",191,"Ec_N",452,12,12,"Ec",11,0,1,0,1,0,0.0857419302602629
"27073",191,"Ec_N",452,13,13,"Ec",11,0,1,0,1,0,0.0857419302602629
"27074",191,"Ec_N",452,14,14,"Ec",11,0,1,0,1,0,0.0857419302602629
"27075",191,"Ec_N",452,15,15,"Ec",11,0,1,0,1,0,0.0857419302602629
"27076",191,"Ec_N",452,16,16,"Ec",11,0,1,0,1,0,0.0857419302602629
"27077",191,"Ec_N",452,17,17,"Ec",11,0,1,0,1,0,0.0857419302602629
"27078",191,"Ec_N",452,18,18,"Ec",11,0,1,0,1,0,0.0857419302602629
"27079",191,"Ec_N",452,19,19,"Ec",11,0,1,0,1,0,0.0857419302602629
"27080",191,"Ec_N",452,20,20,"Ec",11,0,1,0,1,0,0.0857419302602629
"27081",191,"Ec_N",452,21,21,"Ec",11,0,1,0,1,0,0.0857419302602629
"27082",191,"Ec_N",452,22,22,"Ec",11,0,1,0,1,0,0.0857419302602629
"27083",191,"Ec_N",452,23,23,"Ec",11,0,1,0,1,0,0.0857419302602629
"27084",191,"Ec_N",452,24,24,"Ec",11,0,1,0,1,0,0.0857419302602629
"27085",191,"Ec_N",452,25,25,"Ec",11,0,1,0,1,0,0.0857419302602629
"27086",191,"Ec_N",452,26,26,"Ec",11,0,1,0,1,0,0.0857419302602629
"27087",191,"Ec_N",452,27,27,"Ec",11,0,1,0,1,0,0.0857419302602629
"27088",191,"Ec_N",452,28,28,"Ec",11,0,1,0,1,0,0.0857419302602629
"27089",191,"Ec_N",452,29,29,"Ec",11,0,1,0,1,0,0.0857419302602629
"27090",191,"Ec_N",452,30,30,"Ec",12,1,1,0,1,0,0.259780205416137
"27091",191,"Ec_N",452,31,31,"Ec",12,1,1,0,1,0,0.259780205416137
"27092",191,"Ec_N",452,32,32,"Ec",12,1,1,0,1,0,0.259780205416137
"27093",191,"Ec_N",452,33,33,"Ec",12,1,1,0,1,0,0.259780205416137
"27094",191,"Ec_N",452,34,34,"Ec",12,1,1,0,1,0,0.259780205416137
"27095",191,"Ec_N",452,35,35,"Ec",12,1,1,0,1,0,0.259780205416137
"27096",191,"Ec_N",452,36,36,"Ec",12,1,1,0,1,0,0.259780205416137
"27097",191,"Ec_N",452,37,37,"Ec",12,1,1,0,1,0,0.259780205416137
"27098",191,"Ec_N",452,38,38,"Ec",12,1,1,0,1,0,0.259780205416137
"27099",191,"Ec_N",452,39,39,"Ec",12,1,1,0,1,0,0.259780205416137
"27100",191,"Ec_N",452,40,40,"Ec",12,1,1,0,1,0,0.259780205416137
"27101",191,"Ec_N",452,41,41,"Ec",12,1,1,0,1,0,0.259780205416137
"27102",191,"Ec_N",452,42,42,"Ec",12,1,1,0,1,0,0.259780205416137
"27103",191,"Ec_N",452,43,43,"Ec",12,1,1,0,1,0,0.259780205416137
"27104",191,"Ec_N",452,44,44,"Ec",12,1,1,0,1,0,0.259780205416137
"27105",191,"Ec_N",452,45,45,"Ec",12,1,1,0,1,0,0.259780205416137
"27106",191,"Ec_N",452,46,46,"Ec",12,1,1,0,1,0,0.259780205416137
"27107",191,"Ec_N",452,47,47,"Ec",12,1,1,0,1,0,0.259780205416137
"27108",191,"Ec_N",452,48,48,"Ec",16,1,1,1,1,0,0.456015583082203
"27109",191,"Ec_N",452,49,49,"Ec",16,1,1,1,1,0,0.456015583082203
"27110",191,"Ec_N",452,50,50,"Ec",16,1,1,1,1,0,0.456015583082203
"27111",191,"Ec_N",452,51,51,"Ec",16,1,1,1,1,0,0.456015583082203
"27112",191,"Ec_N",452,52,52,"Ec",14,1,0,1,1,0,0.746777083195453
"27113",191,"Ec_N",452,53,53,"Ec",14,1,0,1,1,0,0.746777083195453
"27114",191,"Ec_N",452,54,54,"Ec",14,1,0,1,1,0,0.746777083195453
"27115",191,"Ec_N",452,55,55,"Ec",14,1,0,1,1,0,0.746777083195453
"27116",191,"Ec_N",452,56,56,"Ec",14,1,0,1,1,0,0.746777083195453
"27117",191,"Ec_N",452,57,57,"Ec",14,1,0,1,1,0,0.746777083195453
"27118",191,"Ec_N",452,58,58,"Ec",30,1,0,1,1,1,0.958688519948705
"27119",191,"Ec_N",452,59,59,"Ec",30,1,0,1,1,1,0.958688519948705
"27120",191,"Ec_N",452,60,60,"Ec",32,1,1,1,1,1,1
"27121",191,"Ec_N",453,1,1,"Ec",1,0,0,0,0,0,0
"27122",191,"Ec_N",453,2,2,"Ec",1,0,0,0,0,0,0
"27123",191,"Ec_N",453,3,3,"Ec",1,0,0,0,0,0,0
"27124",191,"Ec_N",453,4,4,"Ec",1,0,0,0,0,0,0
"27125",191,"Ec_N",453,5,5,"Ec",1,0,0,0,0,0,0
"27126",191,"Ec_N",453,6,6,"Ec",1,0,0,0,0,0,0
"27127",191,"Ec_N",453,7,7,"Ec",1,0,0,0,0,0,0
"27128",191,"Ec_N",453,8,8,"Ec",17,0,0,0,0,1,0.229834113103391
"27129",191,"Ec_N",453,9,9,"Ec",21,0,0,1,0,1,0.726280938342543
"27130",191,"Ec_N",453,10,10,"Ec",21,0,0,1,0,1,0.726280938342543
"27131",191,"Ec_N",453,11,11,"Ec",21,0,0,1,0,1,0.726280938342543
"27132",191,"Ec_N",453,12,12,"Ec",21,0,0,1,0,1,0.726280938342543
"27133",191,"Ec_N",453,13,13,"Ec",21,0,0,1,0,1,0.726280938342543
"27134",191,"Ec_N",453,14,14,"Ec",21,0,0,1,0,1,0.726280938342543
"27135",191,"Ec_N",453,15,15,"Ec",21,0,0,1,0,1,0.726280938342543
"27136",191,"Ec_N",453,16,16,"Ec",21,0,0,1,0,1,0.726280938342543
"27137",191,"Ec_N",453,17,17,"Ec",21,0,0,1,0,1,0.726280938342543
"27138",191,"Ec_N",453,18,18,"Ec",21,0,0,1,0,1,0.726280938342543
"27139",191,"Ec_N",453,19,19,"Ec",21,0,0,1,0,1,0.726280938342543
"27140",191,"Ec_N",453,20,20,"Ec",21,0,0,1,0,1,0.726280938342543
"27141",191,"Ec_N",453,21,21,"Ec",21,0,0,1,0,1,0.726280938342543
"27142",191,"Ec_N",453,22,22,"Ec",21,0,0,1,0,1,0.726280938342543
"27143",191,"Ec_N",453,23,23,"Ec",21,0,0,1,0,1,0.726280938342543
"27144",191,"Ec_N",453,24,24,"Ec",21,0,0,1,0,1,0.726280938342543
"27145",191,"Ec_N",453,25,25,"Ec",21,0,0,1,0,1,0.726280938342543
"27146",191,"Ec_N",453,26,26,"Ec",21,0,0,1,0,1,0.726280938342543
"27147",191,"Ec_N",453,27,27,"Ec",21,0,0,1,0,1,0.726280938342543
"27148",191,"Ec_N",453,28,28,"Ec",21,0,0,1,0,1,0.726280938342543
"27149",191,"Ec_N",453,29,29,"Ec",21,0,0,1,0,1,0.726280938342543
"27150",191,"Ec_N",453,30,30,"Ec",29,0,0,1,1,1,0.760668149402769
"27151",191,"Ec_N",453,31,31,"Ec",29,0,0,1,1,1,0.760668149402769
"27152",191,"Ec_N",453,32,32,"Ec",29,0,0,1,1,1,0.760668149402769
"27153",191,"Ec_N",453,33,33,"Ec",29,0,0,1,1,1,0.760668149402769
"27154",191,"Ec_N",453,34,34,"Ec",31,0,1,1,1,1,0.801979629454064
"27155",191,"Ec_N",453,35,35,"Ec",31,0,1,1,1,1,0.801979629454064
"27156",191,"Ec_N",453,36,36,"Ec",31,0,1,1,1,1,0.801979629454064
"27157",191,"Ec_N",453,37,37,"Ec",31,0,1,1,1,1,0.801979629454064
"27158",191,"Ec_N",453,38,38,"Ec",31,0,1,1,1,1,0.801979629454064
"27159",191,"Ec_N",453,39,39,"Ec",31,0,1,1,1,1,0.801979629454064
"27160",191,"Ec_N",453,40,40,"Ec",31,0,1,1,1,1,0.801979629454064
"27161",191,"Ec_N",453,41,41,"Ec",32,1,1,1,1,1,1
"27162",191,"Ec_N",453,42,42,"Ec",32,1,1,1,1,1,1
"27163",191,"Ec_N",453,43,43,"Ec",32,1,1,1,1,1,1
"27164",191,"Ec_N",453,44,44,"Ec",32,1,1,1,1,1,1
"27165",191,"Ec_N",453,45,45,"Ec",32,1,1,1,1,1,1
"27166",191,"Ec_N",453,46,46,"Ec",32,1,1,1,1,1,1
"27167",191,"Ec_N",453,47,47,"Ec",32,1,1,1,1,1,1
"27168",191,"Ec_N",453,48,48,"Ec",32,1,1,1,1,1,1
"27169",191,"Ec_N",453,49,49,"Ec",32,1,1,1,1,1,1
"27170",191,"Ec_N",453,50,50,"Ec",32,1,1,1,1,1,1
"27171",191,"Ec_N",453,51,51,"Ec",32,1,1,1,1,1,1
"27172",191,"Ec_N",453,52,52,"Ec",32,1,1,1,1,1,1
"27173",191,"Ec_N",453,53,53,"Ec",32,1,1,1,1,1,1
"27174",191,"Ec_N",453,54,54,"Ec",32,1,1,1,1,1,1
"27175",191,"Ec_N",453,55,55,"Ec",32,1,1,1,1,1,1
"27176",191,"Ec_N",453,56,56,"Ec",32,1,1,1,1,1,1
"27177",191,"Ec_N",453,57,57,"Ec",32,1,1,1,1,1,1
"27178",191,"Ec_N",453,58,58,"Ec",32,1,1,1,1,1,1
"27179",191,"Ec_N",453,59,59,"Ec",32,1,1,1,1,1,1
"27180",191,"Ec_N",453,60,60,"Ec",32,1,1,1,1,1,1
"27181",191,"Ec_N",454,1,1,"Ec",1,0,0,0,0,0,0
"27182",191,"Ec_N",454,2,2,"Ec",1,0,0,0,0,0,0
"27183",191,"Ec_N",454,3,3,"Ec",5,0,0,1,0,0,0.49313446766664
"27184",191,"Ec_N",454,4,4,"Ec",7,0,1,1,0,0,0.589282297794007
"27185",191,"Ec_N",454,5,5,"Ec",7,0,1,1,0,0,0.589282297794007
"27186",191,"Ec_N",454,6,6,"Ec",7,0,1,1,0,0,0.589282297794007
"27187",191,"Ec_N",454,7,7,"Ec",7,0,1,1,0,0,0.589282297794007
"27188",191,"Ec_N",454,8,8,"Ec",7,0,1,1,0,0,0.589282297794007
"27189",191,"Ec_N",454,9,9,"Ec",7,0,1,1,0,0,0.589282297794007
"27190",191,"Ec_N",454,10,10,"Ec",7,0,1,1,0,0,0.589282297794007
"27191",191,"Ec_N",454,11,11,"Ec",7,0,1,1,0,0,0.589282297794007
"27192",191,"Ec_N",454,12,12,"Ec",7,0,1,1,0,0,0.589282297794007
"27193",191,"Ec_N",454,13,13,"Ec",7,0,1,1,0,0,0.589282297794007
"27194",191,"Ec_N",454,14,14,"Ec",7,0,1,1,0,0,0.589282297794007
"27195",191,"Ec_N",454,15,15,"Ec",7,0,1,1,0,0,0.589282297794007
"27196",191,"Ec_N",454,16,16,"Ec",7,0,1,1,0,0,0.589282297794007
"27197",191,"Ec_N",454,17,17,"Ec",7,0,1,1,0,0,0.589282297794007
"27198",191,"Ec_N",454,18,18,"Ec",7,0,1,1,0,0,0.589282297794007
"27199",191,"Ec_N",454,19,19,"Ec",7,0,1,1,0,0,0.589282297794007
"27200",191,"Ec_N",454,20,20,"Ec",7,0,1,1,0,0,0.589282297794007
"27201",191,"Ec_N",454,21,21,"Ec",7,0,1,1,0,0,0.589282297794007
"27202",191,"Ec_N",454,22,22,"Ec",7,0,1,1,0,0,0.589282297794007
"27203",191,"Ec_N",454,23,23,"Ec",7,0,1,1,0,0,0.589282297794007
"27204",191,"Ec_N",454,24,24,"Ec",7,0,1,1,0,0,0.589282297794007
"27205",191,"Ec_N",454,25,25,"Ec",7,0,1,1,0,0,0.589282297794007
"27206",191,"Ec_N",454,26,26,"Ec",7,0,1,1,0,0,0.589282297794007
"27207",191,"Ec_N",454,27,27,"Ec",7,0,1,1,0,0,0.589282297794007
"27208",191,"Ec_N",454,28,28,"Ec",7,0,1,1,0,0,0.589282297794007
"27209",191,"Ec_N",454,29,29,"Ec",7,0,1,1,0,0,0.589282297794007
"27210",191,"Ec_N",454,30,30,"Ec",7,0,1,1,0,0,0.589282297794007
"27211",191,"Ec_N",454,31,31,"Ec",7,0,1,1,0,0,0.589282297794007
"27212",191,"Ec_N",454,32,32,"Ec",7,0,1,1,0,0,0.589282297794007
"27213",191,"Ec_N",454,33,33,"Ec",7,0,1,1,0,0,0.589282297794007
"27214",191,"Ec_N",454,34,34,"Ec",7,0,1,1,0,0,0.589282297794007
"27215",191,"Ec_N",454,35,35,"Ec",7,0,1,1,0,0,0.589282297794007
"27216",191,"Ec_N",454,36,36,"Ec",7,0,1,1,0,0,0.589282297794007
"27217",191,"Ec_N",454,37,37,"Ec",7,0,1,1,0,0,0.589282297794007
"27218",191,"Ec_N",454,38,38,"Ec",7,0,1,1,0,0,0.589282297794007
"27219",191,"Ec_N",454,39,39,"Ec",7,0,1,1,0,0,0.589282297794007
"27220",191,"Ec_N",454,40,40,"Ec",7,0,1,1,0,0,0.589282297794007
"27221",191,"Ec_N",454,41,41,"Ec",7,0,1,1,0,0,0.589282297794007
"27222",191,"Ec_N",454,42,42,"Ec",7,0,1,1,0,0,0.589282297794007
"27223",191,"Ec_N",454,43,43,"Ec",7,0,1,1,0,0,0.589282297794007
"27224",191,"Ec_N",454,44,44,"Ec",7,0,1,1,0,0,0.589282297794007
"27225",191,"Ec_N",454,45,45,"Ec",7,0,1,1,0,0,0.589282297794007
"27226",191,"Ec_N",454,46,46,"Ec",7,0,1,1,0,0,0.589282297794007
"27227",191,"Ec_N",454,47,47,"Ec",7,0,1,1,0,0,0.589282297794007
"27228",191,"Ec_N",454,48,48,"Ec",7,0,1,1,0,0,0.589282297794007
"27229",191,"Ec_N",454,49,49,"Ec",7,0,1,1,0,0,0.589282297794007
"27230",191,"Ec_N",454,50,50,"Ec",7,0,1,1,0,0,0.589282297794007
"27231",191,"Ec_N",454,51,51,"Ec",7,0,1,1,0,0,0.589282297794007
"27232",191,"Ec_N",454,52,52,"Ec",7,0,1,1,0,0,0.589282297794007
"27233",191,"Ec_N",454,53,53,"Ec",7,0,1,1,0,0,0.589282297794007
"27234",191,"Ec_N",454,54,54,"Ec",7,0,1,1,0,0,0.589282297794007
"27235",191,"Ec_N",454,55,55,"Ec",7,0,1,1,0,0,0.589282297794007
"27236",191,"Ec_N",454,56,56,"Ec",7,0,1,1,0,0,0.589282297794007
"27237",191,"Ec_N",454,57,57,"Ec",7,0,1,1,0,0,0.589282297794007
"27238",191,"Ec_N",454,58,58,"Ec",7,0,1,1,0,0,0.589282297794007
"27239",191,"Ec_N",454,59,59,"Ec",23,0,1,1,0,1,0.616809062130864
"27240",191,"Ec_N",454,60,60,"Ec",23,0,1,1,0,1,0.616809062130864
"27241",191,"Ec_N",455,1,1,"Ec",1,0,0,0,0,0,0
"27242",191,"Ec_N",455,2,2,"Ec",1,0,0,0,0,0,0
"27243",191,"Ec_N",455,3,3,"Ec",1,0,0,0,0,0,0
"27244",191,"Ec_N",455,4,4,"Ec",1,0,0,0,0,0,0
"27245",191,"Ec_N",455,5,5,"Ec",9,0,0,0,1,0,0.0305419930719563
"27246",191,"Ec_N",455,6,6,"Ec",9,0,0,0,1,0,0.0305419930719563
"27247",191,"Ec_N",455,7,7,"Ec",9,0,0,0,1,0,0.0305419930719563
"27248",191,"Ec_N",455,8,8,"Ec",9,0,0,0,1,0,0.0305419930719563
"27249",191,"Ec_N",455,9,9,"Ec",9,0,0,0,1,0,0.0305419930719563
"27250",191,"Ec_N",455,10,10,"Ec",9,0,0,0,1,0,0.0305419930719563
"27251",191,"Ec_N",455,11,11,"Ec",9,0,0,0,1,0,0.0305419930719563
"27252",191,"Ec_N",455,12,12,"Ec",13,0,0,1,1,0,0.374679213953716
"27253",191,"Ec_N",455,13,13,"Ec",13,0,0,1,1,0,0.374679213953716
"27254",191,"Ec_N",455,14,14,"Ec",13,0,0,1,1,0,0.374679213953716
"27255",191,"Ec_N",455,15,15,"Ec",13,0,0,1,1,0,0.374679213953716
"27256",191,"Ec_N",455,16,16,"Ec",13,0,0,1,1,0,0.374679213953716
"27257",191,"Ec_N",455,17,17,"Ec",13,0,0,1,1,0,0.374679213953716
"27258",191,"Ec_N",455,18,18,"Ec",13,0,0,1,1,0,0.374679213953716
"27259",191,"Ec_N",455,19,19,"Ec",13,0,0,1,1,0,0.374679213953716
"27260",191,"Ec_N",455,20,20,"Ec",13,0,0,1,1,0,0.374679213953716
"27261",191,"Ec_N",455,21,21,"Ec",13,0,0,1,1,0,0.374679213953716
"27262",191,"Ec_N",455,22,22,"Ec",15,0,1,1,1,0,0.437080043527332
"27263",191,"Ec_N",455,23,23,"Ec",15,0,1,1,1,0,0.437080043527332
"27264",191,"Ec_N",455,24,24,"Ec",15,0,1,1,1,0,0.437080043527332
"27265",191,"Ec_N",455,25,25,"Ec",15,0,1,1,1,0,0.437080043527332
"27266",191,"Ec_N",455,26,26,"Ec",15,0,1,1,1,0,0.437080043527332
"27267",191,"Ec_N",455,27,27,"Ec",15,0,1,1,1,0,0.437080043527332
"27268",191,"Ec_N",455,28,28,"Ec",15,0,1,1,1,0,0.437080043527332
"27269",191,"Ec_N",455,29,29,"Ec",15,0,1,1,1,0,0.437080043527332
"27270",191,"Ec_N",455,30,30,"Ec",15,0,1,1,1,0,0.437080043527332
"27271",191,"Ec_N",455,31,31,"Ec",15,0,1,1,1,0,0.437080043527332
"27272",191,"Ec_N",455,32,32,"Ec",15,0,1,1,1,0,0.437080043527332
"27273",191,"Ec_N",455,33,33,"Ec",15,0,1,1,1,0,0.437080043527332
"27274",191,"Ec_N",455,34,34,"Ec",15,0,1,1,1,0,0.437080043527332
"27275",191,"Ec_N",455,35,35,"Ec",15,0,1,1,1,0,0.437080043527332
"27276",191,"Ec_N",455,36,36,"Ec",15,0,1,1,1,0,0.437080043527332
"27277",191,"Ec_N",455,37,37,"Ec",15,0,1,1,1,0,0.437080043527332
"27278",191,"Ec_N",455,38,38,"Ec",7,0,1,1,0,0,0.589282297794007
"27279",191,"Ec_N",455,39,39,"Ec",7,0,1,1,0,0,0.589282297794007
"27280",191,"Ec_N",455,40,40,"Ec",7,0,1,1,0,0,0.589282297794007
"27281",191,"Ec_N",455,41,41,"Ec",7,0,1,1,0,0,0.589282297794007
"27282",191,"Ec_N",455,42,42,"Ec",7,0,1,1,0,0,0.589282297794007
"27283",191,"Ec_N",455,43,43,"Ec",7,0,1,1,0,0,0.589282297794007
"27284",191,"Ec_N",455,44,44,"Ec",7,0,1,1,0,0,0.589282297794007
"27285",191,"Ec_N",455,45,45,"Ec",7,0,1,1,0,0,0.589282297794007
"27286",191,"Ec_N",455,46,46,"Ec",7,0,1,1,0,0,0.589282297794007
"27287",191,"Ec_N",455,47,47,"Ec",7,0,1,1,0,0,0.589282297794007
"27288",191,"Ec_N",455,48,48,"Ec",7,0,1,1,0,0,0.589282297794007
"27289",191,"Ec_N",455,49,49,"Ec",7,0,1,1,0,0,0.589282297794007
"27290",191,"Ec_N",455,50,50,"Ec",7,0,1,1,0,0,0.589282297794007
"27291",191,"Ec_N",455,51,51,"Ec",7,0,1,1,0,0,0.589282297794007
"27292",191,"Ec_N",455,52,52,"Ec",7,0,1,1,0,0,0.589282297794007
"27293",191,"Ec_N",455,53,53,"Ec",7,0,1,1,0,0,0.589282297794007
"27294",191,"Ec_N",455,54,54,"Ec",7,0,1,1,0,0,0.589282297794007
"27295",191,"Ec_N",455,55,55,"Ec",7,0,1,1,0,0,0.589282297794007
"27296",191,"Ec_N",455,56,56,"Ec",7,0,1,1,0,0,0.589282297794007
"27297",191,"Ec_N",455,57,57,"Ec",7,0,1,1,0,0,0.589282297794007
"27298",191,"Ec_N",455,58,58,"Ec",7,0,1,1,0,0,0.589282297794007
"27299",191,"Ec_N",455,59,59,"Ec",7,0,1,1,0,0,0.589282297794007
"27300",191,"Ec_N",455,60,60,"Ec",7,0,1,1,0,0,0.589282297794007
"27301",191,"Ec_N",456,1,1,"Ec",1,0,0,0,0,0,0
"27302",191,"Ec_N",456,2,2,"Ec",1,0,0,0,0,0,0
"27303",191,"Ec_N",456,3,3,"Ec",3,0,1,0,0,0,0.041311480051295
"27304",191,"Ec_N",456,4,4,"Ec",3,0,1,0,0,0,0.041311480051295
"27305",191,"Ec_N",456,5,5,"Ec",4,1,1,0,0,0,0.239331850597232
"27306",191,"Ec_N",456,6,6,"Ec",4,1,1,0,0,0,0.239331850597232
"27307",191,"Ec_N",456,7,7,"Ec",20,1,1,0,0,1,0.610298755308086
"27308",191,"Ec_N",456,8,8,"Ec",20,1,1,0,0,1,0.610298755308086
"27309",191,"Ec_N",456,9,9,"Ec",28,1,1,0,1,1,0.681047421119041
"27310",191,"Ec_N",456,10,10,"Ec",28,1,1,0,1,1,0.681047421119041
"27311",191,"Ec_N",456,11,11,"Ec",28,1,1,0,1,1,0.681047421119041
"27312",191,"Ec_N",456,12,12,"Ec",28,1,1,0,1,1,0.681047421119041
"27313",191,"Ec_N",456,13,13,"Ec",28,1,1,0,1,1,0.681047421119041
"27314",191,"Ec_N",456,14,14,"Ec",28,1,1,0,1,1,0.681047421119041
"27315",191,"Ec_N",456,15,15,"Ec",28,1,1,0,1,1,0.681047421119041
"27316",191,"Ec_N",456,16,16,"Ec",28,1,1,0,1,1,0.681047421119041
"27317",191,"Ec_N",456,17,17,"Ec",28,1,1,0,1,1,0.681047421119041
"27318",191,"Ec_N",456,18,18,"Ec",28,1,1,0,1,1,0.681047421119041
"27319",191,"Ec_N",456,19,19,"Ec",28,1,1,0,1,1,0.681047421119041
"27320",191,"Ec_N",456,20,20,"Ec",28,1,1,0,1,1,0.681047421119041
"27321",191,"Ec_N",456,21,21,"Ec",28,1,1,0,1,1,0.681047421119041
"27322",191,"Ec_N",456,22,22,"Ec",28,1,1,0,1,1,0.681047421119041
"27323",191,"Ec_N",456,23,23,"Ec",28,1,1,0,1,1,0.681047421119041
"27324",191,"Ec_N",456,24,24,"Ec",28,1,1,0,1,1,0.681047421119041
"27325",191,"Ec_N",456,25,25,"Ec",28,1,1,0,1,1,0.681047421119041
"27326",191,"Ec_N",456,26,26,"Ec",28,1,1,0,1,1,0.681047421119041
"27327",191,"Ec_N",456,27,27,"Ec",28,1,1,0,1,1,0.681047421119041
"27328",191,"Ec_N",456,28,28,"Ec",28,1,1,0,1,1,0.681047421119041
"27329",191,"Ec_N",456,29,29,"Ec",28,1,1,0,1,1,0.681047421119041
"27330",191,"Ec_N",456,30,30,"Ec",28,1,1,0,1,1,0.681047421119041
"27331",191,"Ec_N",456,31,31,"Ec",28,1,1,0,1,1,0.681047421119041
"27332",191,"Ec_N",456,32,32,"Ec",32,1,1,1,1,1,1
"27333",191,"Ec_N",456,33,33,"Ec",32,1,1,1,1,1,1
"27334",191,"Ec_N",456,34,34,"Ec",32,1,1,1,1,1,1
"27335",191,"Ec_N",456,35,35,"Ec",32,1,1,1,1,1,1
"27336",191,"Ec_N",456,36,36,"Ec",32,1,1,1,1,1,1
"27337",191,"Ec_N",456,37,37,"Ec",32,1,1,1,1,1,1
"27338",191,"Ec_N",456,38,38,"Ec",32,1,1,1,1,1,1
"27339",191,"Ec_N",456,39,39,"Ec",32,1,1,1,1,1,1
"27340",191,"Ec_N",456,40,40,"Ec",32,1,1,1,1,1,1
"27341",191,"Ec_N",456,41,41,"Ec",32,1,1,1,1,1,1
"27342",191,"Ec_N",456,42,42,"Ec",32,1,1,1,1,1,1
"27343",191,"Ec_N",456,43,43,"Ec",32,1,1,1,1,1,1
"27344",191,"Ec_N",456,44,44,"Ec",32,1,1,1,1,1,1
"27345",191,"Ec_N",456,45,45,"Ec",32,1,1,1,1,1,1
"27346",191,"Ec_N",456,46,46,"Ec",32,1,1,1,1,1,1
"27347",191,"Ec_N",456,47,47,"Ec",32,1,1,1,1,1,1
"27348",191,"Ec_N",456,48,48,"Ec",32,1,1,1,1,1,1
"27349",191,"Ec_N",456,49,49,"Ec",32,1,1,1,1,1,1
"27350",191,"Ec_N",456,50,50,"Ec",32,1,1,1,1,1,1
"27351",191,"Ec_N",456,51,51,"Ec",32,1,1,1,1,1,1
"27352",191,"Ec_N",456,52,52,"Ec",32,1,1,1,1,1,1
"27353",191,"Ec_N",456,53,53,"Ec",32,1,1,1,1,1,1
"27354",191,"Ec_N",456,54,54,"Ec",32,1,1,1,1,1,1
"27355",191,"Ec_N",456,55,55,"Ec",32,1,1,1,1,1,1
"27356",191,"Ec_N",456,56,56,"Ec",32,1,1,1,1,1,1
"27357",191,"Ec_N",456,57,57,"Ec",32,1,1,1,1,1,1
"27358",191,"Ec_N",456,58,58,"Ec",32,1,1,1,1,1,1
"27359",191,"Ec_N",456,59,59,"Ec",32,1,1,1,1,1,1
"27360",191,"Ec_N",456,60,60,"Ec",32,1,1,1,1,1,1
"27361",191,"Ec_N",457,1,1,"Ec",1,0,0,0,0,0,0
"27362",191,"Ec_N",457,2,2,"Ec",1,0,0,0,0,0,0
"27363",191,"Ec_N",457,3,3,"Ec",1,0,0,0,0,0,0
"27364",191,"Ec_N",457,4,4,"Ec",3,0,1,0,0,0,0.041311480051295
"27365",191,"Ec_N",457,5,5,"Ec",3,0,1,0,0,0,0.041311480051295
"27366",191,"Ec_N",457,6,6,"Ec",3,0,1,0,0,0,0.041311480051295
"27367",191,"Ec_N",457,7,7,"Ec",3,0,1,0,0,0,0.041311480051295
"27368",191,"Ec_N",457,8,8,"Ec",3,0,1,0,0,0,0.041311480051295
"27369",191,"Ec_N",457,9,9,"Ec",3,0,1,0,0,0,0.041311480051295
"27370",191,"Ec_N",457,10,10,"Ec",3,0,1,0,0,0,0.041311480051295
"27371",191,"Ec_N",457,11,11,"Ec",3,0,1,0,0,0,0.041311480051295
"27372",191,"Ec_N",457,12,12,"Ec",3,0,1,0,0,0,0.041311480051295
"27373",191,"Ec_N",457,13,13,"Ec",3,0,1,0,0,0,0.041311480051295
"27374",191,"Ec_N",457,14,14,"Ec",3,0,1,0,0,0,0.041311480051295
"27375",191,"Ec_N",457,15,15,"Ec",3,0,1,0,0,0,0.041311480051295
"27376",191,"Ec_N",457,16,16,"Ec",3,0,1,0,0,0,0.041311480051295
"27377",191,"Ec_N",457,17,17,"Ec",3,0,1,0,0,0,0.041311480051295
"27378",191,"Ec_N",457,18,18,"Ec",3,0,1,0,0,0,0.041311480051295
"27379",191,"Ec_N",457,19,19,"Ec",3,0,1,0,0,0,0.041311480051295
"27380",191,"Ec_N",457,20,20,"Ec",3,0,1,0,0,0,0.041311480051295
"27381",191,"Ec_N",457,21,21,"Ec",7,0,1,1,0,0,0.589282297794007
"27382",191,"Ec_N",457,22,22,"Ec",7,0,1,1,0,0,0.589282297794007
"27383",191,"Ec_N",457,23,23,"Ec",7,0,1,1,0,0,0.589282297794007
"27384",191,"Ec_N",457,24,24,"Ec",7,0,1,1,0,0,0.589282297794007
"27385",191,"Ec_N",457,25,25,"Ec",7,0,1,1,0,0,0.589282297794007
"27386",191,"Ec_N",457,26,26,"Ec",7,0,1,1,0,0,0.589282297794007
"27387",191,"Ec_N",457,27,27,"Ec",7,0,1,1,0,0,0.589282297794007
"27388",191,"Ec_N",457,28,28,"Ec",7,0,1,1,0,0,0.589282297794007
"27389",191,"Ec_N",457,29,29,"Ec",7,0,1,1,0,0,0.589282297794007
"27390",191,"Ec_N",457,30,30,"Ec",7,0,1,1,0,0,0.589282297794007
"27391",191,"Ec_N",457,31,31,"Ec",7,0,1,1,0,0,0.589282297794007
"27392",191,"Ec_N",457,32,32,"Ec",7,0,1,1,0,0,0.589282297794007
"27393",191,"Ec_N",457,33,33,"Ec",7,0,1,1,0,0,0.589282297794007
"27394",191,"Ec_N",457,34,34,"Ec",7,0,1,1,0,0,0.589282297794007
"27395",191,"Ec_N",457,35,35,"Ec",23,0,1,1,0,1,0.616809062130864
"27396",191,"Ec_N",457,36,36,"Ec",23,0,1,1,0,1,0.616809062130864
"27397",191,"Ec_N",457,37,37,"Ec",23,0,1,1,0,1,0.616809062130864
"27398",191,"Ec_N",457,38,38,"Ec",23,0,1,1,0,1,0.616809062130864
"27399",191,"Ec_N",457,39,39,"Ec",23,0,1,1,0,1,0.616809062130864
"27400",191,"Ec_N",457,40,40,"Ec",23,0,1,1,0,1,0.616809062130864
"27401",191,"Ec_N",457,41,41,"Ec",23,0,1,1,0,1,0.616809062130864
"27402",191,"Ec_N",457,42,42,"Ec",23,0,1,1,0,1,0.616809062130864
"27403",191,"Ec_N",457,43,43,"Ec",23,0,1,1,0,1,0.616809062130864
"27404",191,"Ec_N",457,44,44,"Ec",23,0,1,1,0,1,0.616809062130864
"27405",191,"Ec_N",457,45,45,"Ec",23,0,1,1,0,1,0.616809062130864
"27406",191,"Ec_N",457,46,46,"Ec",21,0,0,1,0,1,0.726280938342543
"27407",191,"Ec_N",457,47,47,"Ec",29,0,0,1,1,1,0.760668149402769
"27408",191,"Ec_N",457,48,48,"Ec",29,0,0,1,1,1,0.760668149402769
"27409",191,"Ec_N",457,49,49,"Ec",29,0,0,1,1,1,0.760668149402769
"27410",191,"Ec_N",457,50,50,"Ec",29,0,0,1,1,1,0.760668149402769
"27411",191,"Ec_N",457,51,51,"Ec",29,0,0,1,1,1,0.760668149402769
"27412",191,"Ec_N",457,52,52,"Ec",29,0,0,1,1,1,0.760668149402769
"27413",191,"Ec_N",457,53,53,"Ec",29,0,0,1,1,1,0.760668149402769
"27414",191,"Ec_N",457,54,54,"Ec",29,0,0,1,1,1,0.760668149402769
"27415",191,"Ec_N",457,55,55,"Ec",29,0,0,1,1,1,0.760668149402769
"27416",191,"Ec_N",457,56,56,"Ec",29,0,0,1,1,1,0.760668149402769
"27417",191,"Ec_N",457,57,57,"Ec",29,0,0,1,1,1,0.760668149402769
"27418",191,"Ec_N",457,58,58,"Ec",29,0,0,1,1,1,0.760668149402769
"27419",191,"Ec_N",457,59,59,"Ec",29,0,0,1,1,1,0.760668149402769
"27420",191,"Ec_N",457,60,60,"Ec",29,0,0,1,1,1,0.760668149402769
"27421",191,"Ec_N",458,1,1,"Ec",1,0,0,0,0,0,0
"27422",191,"Ec_N",458,2,2,"Ec",3,0,1,0,0,0,0.041311480051295
"27423",191,"Ec_N",458,3,3,"Ec",3,0,1,0,0,0,0.041311480051295
"27424",191,"Ec_N",458,4,4,"Ec",3,0,1,0,0,0,0.041311480051295
"27425",191,"Ec_N",458,5,5,"Ec",3,0,1,0,0,0,0.041311480051295
"27426",191,"Ec_N",458,6,6,"Ec",3,0,1,0,0,0,0.041311480051295
"27427",191,"Ec_N",458,7,7,"Ec",3,0,1,0,0,0,0.041311480051295
"27428",191,"Ec_N",458,8,8,"Ec",3,0,1,0,0,0,0.041311480051295
"27429",191,"Ec_N",458,9,9,"Ec",3,0,1,0,0,0,0.041311480051295
"27430",191,"Ec_N",458,10,10,"Ec",3,0,1,0,0,0,0.041311480051295
"27431",191,"Ec_N",458,11,11,"Ec",3,0,1,0,0,0,0.041311480051295
"27432",191,"Ec_N",458,12,12,"Ec",19,0,1,0,0,1,0.427300415500348
"27433",191,"Ec_N",458,13,13,"Ec",19,0,1,0,0,1,0.427300415500348
"27434",191,"Ec_N",458,14,14,"Ec",19,0,1,0,0,1,0.427300415500348
"27435",191,"Ec_N",458,15,15,"Ec",19,0,1,0,0,1,0.427300415500348
"27436",191,"Ec_N",458,16,16,"Ec",19,0,1,0,0,1,0.427300415500348
"27437",191,"Ec_N",458,17,17,"Ec",19,0,1,0,0,1,0.427300415500348
"27438",191,"Ec_N",458,18,18,"Ec",19,0,1,0,0,1,0.427300415500348
"27439",191,"Ec_N",458,19,19,"Ec",19,0,1,0,0,1,0.427300415500348
"27440",191,"Ec_N",458,20,20,"Ec",19,0,1,0,0,1,0.427300415500348
"27441",191,"Ec_N",458,21,21,"Ec",19,0,1,0,0,1,0.427300415500348
"27442",191,"Ec_N",458,22,22,"Ec",19,0,1,0,0,1,0.427300415500348
"27443",191,"Ec_N",458,23,23,"Ec",23,0,1,1,0,1,0.616809062130864
"27444",191,"Ec_N",458,24,24,"Ec",23,0,1,1,0,1,0.616809062130864
"27445",191,"Ec_N",458,25,25,"Ec",23,0,1,1,0,1,0.616809062130864
"27446",191,"Ec_N",458,26,26,"Ec",24,1,1,1,0,1,0.969458006928044
"27447",191,"Ec_N",458,27,27,"Ec",24,1,1,1,0,1,0.969458006928044
"27448",191,"Ec_N",458,28,28,"Ec",24,1,1,1,0,1,0.969458006928044
"27449",191,"Ec_N",458,29,29,"Ec",24,1,1,1,0,1,0.969458006928044
"27450",191,"Ec_N",458,30,30,"Ec",24,1,1,1,0,1,0.969458006928044
"27451",191,"Ec_N",458,31,31,"Ec",24,1,1,1,0,1,0.969458006928044
"27452",191,"Ec_N",458,32,32,"Ec",24,1,1,1,0,1,0.969458006928044
"27453",191,"Ec_N",458,33,33,"Ec",24,1,1,1,0,1,0.969458006928044
"27454",191,"Ec_N",458,34,34,"Ec",24,1,1,1,0,1,0.969458006928044
"27455",191,"Ec_N",458,35,35,"Ec",24,1,1,1,0,1,0.969458006928044
"27456",191,"Ec_N",458,36,36,"Ec",24,1,1,1,0,1,0.969458006928044
"27457",191,"Ec_N",458,37,37,"Ec",24,1,1,1,0,1,0.969458006928044
"27458",191,"Ec_N",458,38,38,"Ec",24,1,1,1,0,1,0.969458006928044
"27459",191,"Ec_N",458,39,39,"Ec",24,1,1,1,0,1,0.969458006928044
"27460",191,"Ec_N",458,40,40,"Ec",24,1,1,1,0,1,0.969458006928044
"27461",191,"Ec_N",458,41,41,"Ec",24,1,1,1,0,1,0.969458006928044
"27462",191,"Ec_N",458,42,42,"Ec",24,1,1,1,0,1,0.969458006928044
"27463",191,"Ec_N",458,43,43,"Ec",24,1,1,1,0,1,0.969458006928044
"27464",191,"Ec_N",458,44,44,"Ec",24,1,1,1,0,1,0.969458006928044
"27465",191,"Ec_N",458,45,45,"Ec",24,1,1,1,0,1,0.969458006928044
"27466",191,"Ec_N",458,46,46,"Ec",32,1,1,1,1,1,1
"27467",191,"Ec_N",458,47,47,"Ec",32,1,1,1,1,1,1
"27468",191,"Ec_N",458,48,48,"Ec",32,1,1,1,1,1,1
"27469",191,"Ec_N",458,49,49,"Ec",32,1,1,1,1,1,1
"27470",191,"Ec_N",458,50,50,"Ec",32,1,1,1,1,1,1
"27471",191,"Ec_N",458,51,51,"Ec",32,1,1,1,1,1,1
"27472",191,"Ec_N",458,52,52,"Ec",32,1,1,1,1,1,1
"27473",191,"Ec_N",458,53,53,"Ec",32,1,1,1,1,1,1
"27474",191,"Ec_N",458,54,54,"Ec",32,1,1,1,1,1,1
"27475",191,"Ec_N",458,55,55,"Ec",32,1,1,1,1,1,1
"27476",191,"Ec_N",458,56,56,"Ec",32,1,1,1,1,1,1
"27477",191,"Ec_N",458,57,57,"Ec",32,1,1,1,1,1,1
"27478",191,"Ec_N",458,58,58,"Ec",32,1,1,1,1,1,1
"27479",191,"Ec_N",458,59,59,"Ec",32,1,1,1,1,1,1
"27480",191,"Ec_N",458,60,60,"Ec",32,1,1,1,1,1,1
"27481",191,"Ec_N",459,1,1,"Ec",1,0,0,0,0,0,0
"27482",191,"Ec_N",459,2,2,"Ec",1,0,0,0,0,0,0
"27483",191,"Ec_N",459,3,3,"Ec",2,1,0,0,0,0,0.198020370545937
"27484",191,"Ec_N",459,4,4,"Ec",2,1,0,0,0,0,0.198020370545937
"27485",191,"Ec_N",459,5,5,"Ec",6,1,0,1,0,0,0.542157591427696
"27486",191,"Ec_N",459,6,6,"Ec",6,1,0,1,0,0,0.542157591427696
"27487",191,"Ec_N",459,7,7,"Ec",6,1,0,1,0,0,0.542157591427696
"27488",191,"Ec_N",459,8,8,"Ec",6,1,0,1,0,0,0.542157591427696
"27489",191,"Ec_N",459,9,9,"Ec",6,1,0,1,0,0,0.542157591427696
"27490",191,"Ec_N",459,10,10,"Ec",6,1,0,1,0,0,0.542157591427696
"27491",191,"Ec_N",459,11,11,"Ec",6,1,0,1,0,0,0.542157591427696
"27492",191,"Ec_N",459,12,12,"Ec",6,1,0,1,0,0,0.542157591427696
"27493",191,"Ec_N",459,13,13,"Ec",6,1,0,1,0,0,0.542157591427696
"27494",191,"Ec_N",459,14,14,"Ec",6,1,0,1,0,0,0.542157591427696
"27495",191,"Ec_N",459,15,15,"Ec",6,1,0,1,0,0,0.542157591427696
"27496",191,"Ec_N",459,16,16,"Ec",6,1,0,1,0,0,0.542157591427696
"27497",191,"Ec_N",459,17,17,"Ec",6,1,0,1,0,0,0.542157591427696
"27498",191,"Ec_N",459,18,18,"Ec",6,1,0,1,0,0,0.542157591427696
"27499",191,"Ec_N",459,19,19,"Ec",6,1,0,1,0,0,0.542157591427696
"27500",191,"Ec_N",459,20,20,"Ec",6,1,0,1,0,0,0.542157591427696
"27501",191,"Ec_N",459,21,21,"Ec",6,1,0,1,0,0,0.542157591427696
"27502",191,"Ec_N",459,22,22,"Ec",22,1,0,1,0,1,0.92522428176681
"27503",191,"Ec_N",459,23,23,"Ec",22,1,0,1,0,1,0.92522428176681
"27504",191,"Ec_N",459,24,24,"Ec",22,1,0,1,0,1,0.92522428176681
"27505",191,"Ec_N",459,25,25,"Ec",22,1,0,1,0,1,0.92522428176681
"27506",191,"Ec_N",459,26,26,"Ec",22,1,0,1,0,1,0.92522428176681
"27507",191,"Ec_N",459,27,27,"Ec",22,1,0,1,0,1,0.92522428176681
"27508",191,"Ec_N",459,28,28,"Ec",22,1,0,1,0,1,0.92522428176681
"27509",191,"Ec_N",459,29,29,"Ec",22,1,0,1,0,1,0.92522428176681
"27510",191,"Ec_N",459,30,30,"Ec",22,1,0,1,0,1,0.92522428176681
"27511",191,"Ec_N",459,31,31,"Ec",22,1,0,1,0,1,0.92522428176681
"27512",191,"Ec_N",459,32,32,"Ec",22,1,0,1,0,1,0.92522428176681
"27513",191,"Ec_N",459,33,33,"Ec",22,1,0,1,0,1,0.92522428176681
"27514",191,"Ec_N",459,34,34,"Ec",22,1,0,1,0,1,0.92522428176681
"27515",191,"Ec_N",459,35,35,"Ec",22,1,0,1,0,1,0.92522428176681
"27516",191,"Ec_N",459,36,36,"Ec",22,1,0,1,0,1,0.92522428176681
"27517",191,"Ec_N",459,37,37,"Ec",22,1,0,1,0,1,0.92522428176681
"27518",191,"Ec_N",459,38,38,"Ec",22,1,0,1,0,1,0.92522428176681
"27519",191,"Ec_N",459,39,39,"Ec",22,1,0,1,0,1,0.92522428176681
"27520",191,"Ec_N",459,40,40,"Ec",22,1,0,1,0,1,0.92522428176681
"27521",191,"Ec_N",459,41,41,"Ec",22,1,0,1,0,1,0.92522428176681
"27522",191,"Ec_N",459,42,42,"Ec",22,1,0,1,0,1,0.92522428176681
"27523",191,"Ec_N",459,43,43,"Ec",22,1,0,1,0,1,0.92522428176681
"27524",191,"Ec_N",459,44,44,"Ec",22,1,0,1,0,1,0.92522428176681
"27525",191,"Ec_N",459,45,45,"Ec",24,1,1,1,0,1,0.969458006928044
"27526",191,"Ec_N",459,46,46,"Ec",24,1,1,1,0,1,0.969458006928044
"27527",191,"Ec_N",459,47,47,"Ec",24,1,1,1,0,1,0.969458006928044
"27528",191,"Ec_N",459,48,48,"Ec",24,1,1,1,0,1,0.969458006928044
"27529",191,"Ec_N",459,49,49,"Ec",24,1,1,1,0,1,0.969458006928044
"27530",191,"Ec_N",459,50,50,"Ec",24,1,1,1,0,1,0.969458006928044
"27531",191,"Ec_N",459,51,51,"Ec",24,1,1,1,0,1,0.969458006928044
"27532",191,"Ec_N",459,52,52,"Ec",24,1,1,1,0,1,0.969458006928044
"27533",191,"Ec_N",459,53,53,"Ec",24,1,1,1,0,1,0.969458006928044
"27534",191,"Ec_N",459,54,54,"Ec",24,1,1,1,0,1,0.969458006928044
"27535",191,"Ec_N",459,55,55,"Ec",24,1,1,1,0,1,0.969458006928044
"27536",191,"Ec_N",459,56,56,"Ec",24,1,1,1,0,1,0.969458006928044
"27537",191,"Ec_N",459,57,57,"Ec",24,1,1,1,0,1,0.969458006928044
"27538",191,"Ec_N",459,58,58,"Ec",24,1,1,1,0,1,0.969458006928044
"27539",191,"Ec_N",459,59,59,"Ec",24,1,1,1,0,1,0.969458006928044
"27540",191,"Ec_N",459,60,60,"Ec",24,1,1,1,0,1,0.969458006928044
"27541",191,"Ec_N",460,1,1,"Ec",1,0,0,0,0,0,0
"27542",191,"Ec_N",460,2,2,"Ec",1,0,0,0,0,0,0
"27543",191,"Ec_N",460,3,3,"Ec",1,0,0,0,0,0,0
"27544",191,"Ec_N",460,4,4,"Ec",1,0,0,0,0,0,0
"27545",191,"Ec_N",460,5,5,"Ec",17,0,0,0,0,1,0.229834113103391
"27546",191,"Ec_N",460,6,6,"Ec",17,0,0,0,0,1,0.229834113103391
"27547",191,"Ec_N",460,7,7,"Ec",17,0,0,0,0,1,0.229834113103391
"27548",191,"Ec_N",460,8,8,"Ec",17,0,0,0,0,1,0.229834113103391
"27549",191,"Ec_N",460,9,9,"Ec",17,0,0,0,0,1,0.229834113103391
"27550",191,"Ec_N",460,10,10,"Ec",17,0,0,0,0,1,0.229834113103391
"27551",191,"Ec_N",460,11,11,"Ec",17,0,0,0,0,1,0.229834113103391
"27552",191,"Ec_N",460,12,12,"Ec",17,0,0,0,0,1,0.229834113103391
"27553",191,"Ec_N",460,13,13,"Ec",17,0,0,0,0,1,0.229834113103391
"27554",191,"Ec_N",460,14,14,"Ec",17,0,0,0,0,1,0.229834113103391
"27555",191,"Ec_N",460,15,15,"Ec",17,0,0,0,0,1,0.229834113103391
"27556",191,"Ec_N",460,16,16,"Ec",17,0,0,0,0,1,0.229834113103391
"27557",191,"Ec_N",460,17,17,"Ec",17,0,0,0,0,1,0.229834113103391
"27558",191,"Ec_N",460,18,18,"Ec",17,0,0,0,0,1,0.229834113103391
"27559",191,"Ec_N",460,19,19,"Ec",17,0,0,0,0,1,0.229834113103391
"27560",191,"Ec_N",460,20,20,"Ec",25,0,0,0,1,1,0.403163568932085
"27561",191,"Ec_N",460,21,21,"Ec",25,0,0,0,1,1,0.403163568932085
"27562",191,"Ec_N",460,22,22,"Ec",25,0,0,0,1,1,0.403163568932085
"27563",191,"Ec_N",460,23,23,"Ec",25,0,0,0,1,1,0.403163568932085
"27564",191,"Ec_N",460,24,24,"Ec",25,0,0,0,1,1,0.403163568932085
"27565",191,"Ec_N",460,25,25,"Ec",25,0,0,0,1,1,0.403163568932085
"27566",191,"Ec_N",460,26,26,"Ec",29,0,0,1,1,1,0.760668149402769
"27567",191,"Ec_N",460,27,27,"Ec",29,0,0,1,1,1,0.760668149402769
"27568",191,"Ec_N",460,28,28,"Ec",29,0,0,1,1,1,0.760668149402769
"27569",191,"Ec_N",460,29,29,"Ec",31,0,1,1,1,1,0.801979629454064
"27570",191,"Ec_N",460,30,30,"Ec",31,0,1,1,1,1,0.801979629454064
"27571",191,"Ec_N",460,31,31,"Ec",31,0,1,1,1,1,0.801979629454064
"27572",191,"Ec_N",460,32,32,"Ec",31,0,1,1,1,1,0.801979629454064
"27573",191,"Ec_N",460,33,33,"Ec",31,0,1,1,1,1,0.801979629454064
"27574",191,"Ec_N",460,34,34,"Ec",31,0,1,1,1,1,0.801979629454064
"27575",191,"Ec_N",460,35,35,"Ec",31,0,1,1,1,1,0.801979629454064
"27576",191,"Ec_N",460,36,36,"Ec",31,0,1,1,1,1,0.801979629454064
"27577",191,"Ec_N",460,37,37,"Ec",31,0,1,1,1,1,0.801979629454064
"27578",191,"Ec_N",460,38,38,"Ec",31,0,1,1,1,1,0.801979629454064
"27579",191,"Ec_N",460,39,39,"Ec",31,0,1,1,1,1,0.801979629454064
"27580",191,"Ec_N",460,40,40,"Ec",31,0,1,1,1,1,0.801979629454064
"27581",191,"Ec_N",460,41,41,"Ec",31,0,1,1,1,1,0.801979629454064
"27582",191,"Ec_N",460,42,42,"Ec",31,0,1,1,1,1,0.801979629454064
"27583",191,"Ec_N",460,43,43,"Ec",31,0,1,1,1,1,0.801979629454064
"27584",191,"Ec_N",460,44,44,"Ec",31,0,1,1,1,1,0.801979629454064
"27585",191,"Ec_N",460,45,45,"Ec",31,0,1,1,1,1,0.801979629454064
"27586",191,"Ec_N",460,46,46,"Ec",31,0,1,1,1,1,0.801979629454064
"27587",191,"Ec_N",460,47,47,"Ec",31,0,1,1,1,1,0.801979629454064
"27588",191,"Ec_N",460,48,48,"Ec",31,0,1,1,1,1,0.801979629454064
"27589",191,"Ec_N",460,49,49,"Ec",31,0,1,1,1,1,0.801979629454064
"27590",191,"Ec_N",460,50,50,"Ec",31,0,1,1,1,1,0.801979629454064
"27591",191,"Ec_N",460,51,51,"Ec",31,0,1,1,1,1,0.801979629454064
"27592",191,"Ec_N",460,52,52,"Ec",31,0,1,1,1,1,0.801979629454064
"27593",191,"Ec_N",460,53,53,"Ec",31,0,1,1,1,1,0.801979629454064
"27594",191,"Ec_N",460,54,54,"Ec",31,0,1,1,1,1,0.801979629454064
"27595",191,"Ec_N",460,55,55,"Ec",31,0,1,1,1,1,0.801979629454064
"27596",191,"Ec_N",460,56,56,"Ec",31,0,1,1,1,1,0.801979629454064
"27597",191,"Ec_N",460,57,57,"Ec",31,0,1,1,1,1,0.801979629454064
"27598",191,"Ec_N",460,58,58,"Ec",31,0,1,1,1,1,0.801979629454064
"27599",191,"Ec_N",460,59,59,"Ec",31,0,1,1,1,1,0.801979629454064
"27600",191,"Ec_N",460,60,60,"Ec",31,0,1,1,1,1,0.801979629454064
"27601",191,"Ec_N",461,1,1,"Ec",1,0,0,0,0,0,0
"27602",191,"Ec_N",461,2,2,"Ec",1,0,0,0,0,0,0
"27603",191,"Ec_N",461,3,3,"Ec",1,0,0,0,0,0,0
"27604",191,"Ec_N",461,4,4,"Ec",1,0,0,0,0,0,0
"27605",191,"Ec_N",461,5,5,"Ec",1,0,0,0,0,0,0
"27606",191,"Ec_N",461,6,6,"Ec",1,0,0,0,0,0,0
"27607",191,"Ec_N",461,7,7,"Ec",1,0,0,0,0,0,0
"27608",191,"Ec_N",461,8,8,"Ec",5,0,0,1,0,0,0.49313446766664
"27609",191,"Ec_N",461,9,9,"Ec",5,0,0,1,0,0,0.49313446766664
"27610",191,"Ec_N",461,10,10,"Ec",7,0,1,1,0,0,0.589282297794007
"27611",191,"Ec_N",461,11,11,"Ec",7,0,1,1,0,0,0.589282297794007
"27612",191,"Ec_N",461,12,12,"Ec",7,0,1,1,0,0,0.589282297794007
"27613",191,"Ec_N",461,13,13,"Ec",7,0,1,1,0,0,0.589282297794007
"27614",191,"Ec_N",461,14,14,"Ec",23,0,1,1,0,1,0.616809062130864
"27615",191,"Ec_N",461,15,15,"Ec",23,0,1,1,0,1,0.616809062130864
"27616",191,"Ec_N",461,16,16,"Ec",23,0,1,1,0,1,0.616809062130864
"27617",191,"Ec_N",461,17,17,"Ec",23,0,1,1,0,1,0.616809062130864
"27618",191,"Ec_N",461,18,18,"Ec",23,0,1,1,0,1,0.616809062130864
"27619",191,"Ec_N",461,19,19,"Ec",23,0,1,1,0,1,0.616809062130864
"27620",191,"Ec_N",461,20,20,"Ec",23,0,1,1,0,1,0.616809062130864
"27621",191,"Ec_N",461,21,21,"Ec",24,1,1,1,0,1,0.969458006928044
"27622",191,"Ec_N",461,22,22,"Ec",24,1,1,1,0,1,0.969458006928044
"27623",191,"Ec_N",461,23,23,"Ec",24,1,1,1,0,1,0.969458006928044
"27624",191,"Ec_N",461,24,24,"Ec",24,1,1,1,0,1,0.969458006928044
"27625",191,"Ec_N",461,25,25,"Ec",24,1,1,1,0,1,0.969458006928044
"27626",191,"Ec_N",461,26,26,"Ec",24,1,1,1,0,1,0.969458006928044
"27627",191,"Ec_N",461,27,27,"Ec",24,1,1,1,0,1,0.969458006928044
"27628",191,"Ec_N",461,28,28,"Ec",24,1,1,1,0,1,0.969458006928044
"27629",191,"Ec_N",461,29,29,"Ec",24,1,1,1,0,1,0.969458006928044
"27630",191,"Ec_N",461,30,30,"Ec",24,1,1,1,0,1,0.969458006928044
"27631",191,"Ec_N",461,31,31,"Ec",24,1,1,1,0,1,0.969458006928044
"27632",191,"Ec_N",461,32,32,"Ec",24,1,1,1,0,1,0.969458006928044
"27633",191,"Ec_N",461,33,33,"Ec",24,1,1,1,0,1,0.969458006928044
"27634",191,"Ec_N",461,34,34,"Ec",24,1,1,1,0,1,0.969458006928044
"27635",191,"Ec_N",461,35,35,"Ec",24,1,1,1,0,1,0.969458006928044
"27636",191,"Ec_N",461,36,36,"Ec",24,1,1,1,0,1,0.969458006928044
"27637",191,"Ec_N",461,37,37,"Ec",24,1,1,1,0,1,0.969458006928044
"27638",191,"Ec_N",461,38,38,"Ec",24,1,1,1,0,1,0.969458006928044
"27639",191,"Ec_N",461,39,39,"Ec",24,1,1,1,0,1,0.969458006928044
"27640",191,"Ec_N",461,40,40,"Ec",24,1,1,1,0,1,0.969458006928044
"27641",191,"Ec_N",461,41,41,"Ec",24,1,1,1,0,1,0.969458006928044
"27642",191,"Ec_N",461,42,42,"Ec",24,1,1,1,0,1,0.969458006928044
"27643",191,"Ec_N",461,43,43,"Ec",24,1,1,1,0,1,0.969458006928044
"27644",191,"Ec_N",461,44,44,"Ec",24,1,1,1,0,1,0.969458006928044
"27645",191,"Ec_N",461,45,45,"Ec",24,1,1,1,0,1,0.969458006928044
"27646",191,"Ec_N",461,46,46,"Ec",24,1,1,1,0,1,0.969458006928044
"27647",191,"Ec_N",461,47,47,"Ec",24,1,1,1,0,1,0.969458006928044
"27648",191,"Ec_N",461,48,48,"Ec",24,1,1,1,0,1,0.969458006928044
"27649",191,"Ec_N",461,49,49,"Ec",24,1,1,1,0,1,0.969458006928044
"27650",191,"Ec_N",461,50,50,"Ec",24,1,1,1,0,1,0.969458006928044
"27651",191,"Ec_N",461,51,51,"Ec",24,1,1,1,0,1,0.969458006928044
"27652",191,"Ec_N",461,52,52,"Ec",24,1,1,1,0,1,0.969458006928044
"27653",191,"Ec_N",461,53,53,"Ec",24,1,1,1,0,1,0.969458006928044
"27654",191,"Ec_N",461,54,54,"Ec",24,1,1,1,0,1,0.969458006928044
"27655",191,"Ec_N",461,55,55,"Ec",24,1,1,1,0,1,0.969458006928044
"27656",191,"Ec_N",461,56,56,"Ec",24,1,1,1,0,1,0.969458006928044
"27657",191,"Ec_N",461,57,57,"Ec",24,1,1,1,0,1,0.969458006928044
"27658",191,"Ec_N",461,58,58,"Ec",24,1,1,1,0,1,0.969458006928044
"27659",191,"Ec_N",461,59,59,"Ec",24,1,1,1,0,1,0.969458006928044
"27660",191,"Ec_N",461,60,60,"Ec",24,1,1,1,0,1,0.969458006928044
"27661",191,"Ec_N",462,1,1,"Ec",1,0,0,0,0,0,0
"27662",191,"Ec_N",462,2,2,"Ec",1,0,0,0,0,0,0
"27663",191,"Ec_N",462,3,3,"Ec",5,0,0,1,0,0,0.49313446766664
"27664",191,"Ec_N",462,4,4,"Ec",5,0,0,1,0,0,0.49313446766664
"27665",191,"Ec_N",462,5,5,"Ec",5,0,0,1,0,0,0.49313446766664
"27666",191,"Ec_N",462,6,6,"Ec",5,0,0,1,0,0,0.49313446766664
"27667",191,"Ec_N",462,7,7,"Ec",5,0,0,1,0,0,0.49313446766664
"27668",191,"Ec_N",462,8,8,"Ec",5,0,0,1,0,0,0.49313446766664
"27669",191,"Ec_N",462,9,9,"Ec",5,0,0,1,0,0,0.49313446766664
"27670",191,"Ec_N",462,10,10,"Ec",5,0,0,1,0,0,0.49313446766664
"27671",191,"Ec_N",462,11,11,"Ec",5,0,0,1,0,0,0.49313446766664
"27672",191,"Ec_N",462,12,12,"Ec",5,0,0,1,0,0,0.49313446766664
"27673",191,"Ec_N",462,13,13,"Ec",5,0,0,1,0,0,0.49313446766664
"27674",191,"Ec_N",462,14,14,"Ec",5,0,0,1,0,0,0.49313446766664
"27675",191,"Ec_N",462,15,15,"Ec",5,0,0,1,0,0,0.49313446766664
"27676",191,"Ec_N",462,16,16,"Ec",5,0,0,1,0,0,0.49313446766664
"27677",191,"Ec_N",462,17,17,"Ec",5,0,0,1,0,0,0.49313446766664
"27678",191,"Ec_N",462,18,18,"Ec",5,0,0,1,0,0,0.49313446766664
"27679",191,"Ec_N",462,19,19,"Ec",5,0,0,1,0,0,0.49313446766664
"27680",191,"Ec_N",462,20,20,"Ec",5,0,0,1,0,0,0.49313446766664
"27681",191,"Ec_N",462,21,21,"Ec",5,0,0,1,0,0,0.49313446766664
"27682",191,"Ec_N",462,22,22,"Ec",5,0,0,1,0,0,0.49313446766664
"27683",191,"Ec_N",462,23,23,"Ec",5,0,0,1,0,0,0.49313446766664
"27684",191,"Ec_N",462,24,24,"Ec",5,0,0,1,0,0,0.49313446766664
"27685",191,"Ec_N",462,25,25,"Ec",5,0,0,1,0,0,0.49313446766664
"27686",191,"Ec_N",462,26,26,"Ec",5,0,0,1,0,0,0.49313446766664
"27687",191,"Ec_N",462,27,27,"Ec",5,0,0,1,0,0,0.49313446766664
"27688",191,"Ec_N",462,28,28,"Ec",5,0,0,1,0,0,0.49313446766664
"27689",191,"Ec_N",462,29,29,"Ec",5,0,0,1,0,0,0.49313446766664
"27690",191,"Ec_N",462,30,30,"Ec",5,0,0,1,0,0,0.49313446766664
"27691",191,"Ec_N",462,31,31,"Ec",5,0,0,1,0,0,0.49313446766664
"27692",191,"Ec_N",462,32,32,"Ec",5,0,0,1,0,0,0.49313446766664
"27693",191,"Ec_N",462,33,33,"Ec",5,0,0,1,0,0,0.49313446766664
"27694",191,"Ec_N",462,34,34,"Ec",5,0,0,1,0,0,0.49313446766664
"27695",191,"Ec_N",462,35,35,"Ec",5,0,0,1,0,0,0.49313446766664
"27696",191,"Ec_N",462,36,36,"Ec",5,0,0,1,0,0,0.49313446766664
"27697",191,"Ec_N",462,37,37,"Ec",5,0,0,1,0,0,0.49313446766664
"27698",191,"Ec_N",462,38,38,"Ec",5,0,0,1,0,0,0.49313446766664
"27699",191,"Ec_N",462,39,39,"Ec",5,0,0,1,0,0,0.49313446766664
"27700",191,"Ec_N",462,40,40,"Ec",5,0,0,1,0,0,0.49313446766664
"27701",191,"Ec_N",462,41,41,"Ec",5,0,0,1,0,0,0.49313446766664
"27702",191,"Ec_N",462,42,42,"Ec",5,0,0,1,0,0,0.49313446766664
"27703",191,"Ec_N",462,43,43,"Ec",5,0,0,1,0,0,0.49313446766664
"27704",191,"Ec_N",462,44,44,"Ec",5,0,0,1,0,0,0.49313446766664
"27705",191,"Ec_N",462,45,45,"Ec",5,0,0,1,0,0,0.49313446766664
"27706",191,"Ec_N",462,46,46,"Ec",7,0,1,1,0,0,0.589282297794007
"27707",191,"Ec_N",462,47,47,"Ec",7,0,1,1,0,0,0.589282297794007
"27708",191,"Ec_N",462,48,48,"Ec",7,0,1,1,0,0,0.589282297794007
"27709",191,"Ec_N",462,49,49,"Ec",7,0,1,1,0,0,0.589282297794007
"27710",191,"Ec_N",462,50,50,"Ec",7,0,1,1,0,0,0.589282297794007
"27711",191,"Ec_N",462,51,51,"Ec",23,0,1,1,0,1,0.616809062130864
"27712",191,"Ec_N",462,52,52,"Ec",21,0,0,1,0,1,0.726280938342543
"27713",191,"Ec_N",462,53,53,"Ec",21,0,0,1,0,1,0.726280938342543
"27714",191,"Ec_N",462,54,54,"Ec",21,0,0,1,0,1,0.726280938342543
"27715",191,"Ec_N",462,55,55,"Ec",21,0,0,1,0,1,0.726280938342543
"27716",191,"Ec_N",462,56,56,"Ec",21,0,0,1,0,1,0.726280938342543
"27717",191,"Ec_N",462,57,57,"Ec",21,0,0,1,0,1,0.726280938342543
"27718",191,"Ec_N",462,58,58,"Ec",21,0,0,1,0,1,0.726280938342543
"27719",191,"Ec_N",462,59,59,"Ec",21,0,0,1,0,1,0.726280938342543
"27720",191,"Ec_N",462,60,60,"Ec",21,0,0,1,0,1,0.726280938342543
"27721",191,"Ec_N",463,1,1,"Ec",1,0,0,0,0,0,0
"27722",191,"Ec_N",463,2,2,"Ec",2,1,0,0,0,0,0.198020370545937
"27723",191,"Ec_N",463,3,3,"Ec",2,1,0,0,0,0,0.198020370545937
"27724",191,"Ec_N",463,4,4,"Ec",2,1,0,0,0,0,0.198020370545937
"27725",191,"Ec_N",463,5,5,"Ec",2,1,0,0,0,0,0.198020370545937
"27726",191,"Ec_N",463,6,6,"Ec",2,1,0,0,0,0,0.198020370545937
"27727",191,"Ec_N",463,7,7,"Ec",2,1,0,0,0,0,0.198020370545937
"27728",191,"Ec_N",463,8,8,"Ec",2,1,0,0,0,0,0.198020370545937
"27729",191,"Ec_N",463,9,9,"Ec",2,1,0,0,0,0,0.198020370545937
"27730",191,"Ec_N",463,10,10,"Ec",4,1,1,0,0,0,0.239331850597232
"27731",191,"Ec_N",463,11,11,"Ec",4,1,1,0,0,0,0.239331850597232
"27732",191,"Ec_N",463,12,12,"Ec",20,1,1,0,0,1,0.610298755308086
"27733",191,"Ec_N",463,13,13,"Ec",20,1,1,0,0,1,0.610298755308086
"27734",191,"Ec_N",463,14,14,"Ec",20,1,1,0,0,1,0.610298755308086
"27735",191,"Ec_N",463,15,15,"Ec",20,1,1,0,0,1,0.610298755308086
"27736",191,"Ec_N",463,16,16,"Ec",20,1,1,0,0,1,0.610298755308086
"27737",191,"Ec_N",463,17,17,"Ec",20,1,1,0,0,1,0.610298755308086
"27738",191,"Ec_N",463,18,18,"Ec",20,1,1,0,0,1,0.610298755308086
"27739",191,"Ec_N",463,19,19,"Ec",20,1,1,0,0,1,0.610298755308086
"27740",191,"Ec_N",463,20,20,"Ec",20,1,1,0,0,1,0.610298755308086
"27741",191,"Ec_N",463,21,21,"Ec",20,1,1,0,0,1,0.610298755308086
"27742",191,"Ec_N",463,22,22,"Ec",20,1,1,0,0,1,0.610298755308086
"27743",191,"Ec_N",463,23,23,"Ec",24,1,1,1,0,1,0.969458006928044
"27744",191,"Ec_N",463,24,24,"Ec",24,1,1,1,0,1,0.969458006928044
"27745",191,"Ec_N",463,25,25,"Ec",24,1,1,1,0,1,0.969458006928044
"27746",191,"Ec_N",463,26,26,"Ec",24,1,1,1,0,1,0.969458006928044
"27747",191,"Ec_N",463,27,27,"Ec",24,1,1,1,0,1,0.969458006928044
"27748",191,"Ec_N",463,28,28,"Ec",24,1,1,1,0,1,0.969458006928044
"27749",191,"Ec_N",463,29,29,"Ec",24,1,1,1,0,1,0.969458006928044
"27750",191,"Ec_N",463,30,30,"Ec",24,1,1,1,0,1,0.969458006928044
"27751",191,"Ec_N",463,31,31,"Ec",24,1,1,1,0,1,0.969458006928044
"27752",191,"Ec_N",463,32,32,"Ec",24,1,1,1,0,1,0.969458006928044
"27753",191,"Ec_N",463,33,33,"Ec",24,1,1,1,0,1,0.969458006928044
"27754",191,"Ec_N",463,34,34,"Ec",24,1,1,1,0,1,0.969458006928044
"27755",191,"Ec_N",463,35,35,"Ec",24,1,1,1,0,1,0.969458006928044
"27756",191,"Ec_N",463,36,36,"Ec",24,1,1,1,0,1,0.969458006928044
"27757",191,"Ec_N",463,37,37,"Ec",24,1,1,1,0,1,0.969458006928044
"27758",191,"Ec_N",463,38,38,"Ec",24,1,1,1,0,1,0.969458006928044
"27759",191,"Ec_N",463,39,39,"Ec",24,1,1,1,0,1,0.969458006928044
"27760",191,"Ec_N",463,40,40,"Ec",24,1,1,1,0,1,0.969458006928044
"27761",191,"Ec_N",463,41,41,"Ec",24,1,1,1,0,1,0.969458006928044
"27762",191,"Ec_N",463,42,42,"Ec",24,1,1,1,0,1,0.969458006928044
"27763",191,"Ec_N",463,43,43,"Ec",24,1,1,1,0,1,0.969458006928044
"27764",191,"Ec_N",463,44,44,"Ec",24,1,1,1,0,1,0.969458006928044
"27765",191,"Ec_N",463,45,45,"Ec",24,1,1,1,0,1,0.969458006928044
"27766",191,"Ec_N",463,46,46,"Ec",24,1,1,1,0,1,0.969458006928044
"27767",191,"Ec_N",463,47,47,"Ec",24,1,1,1,0,1,0.969458006928044
"27768",191,"Ec_N",463,48,48,"Ec",24,1,1,1,0,1,0.969458006928044
"27769",191,"Ec_N",463,49,49,"Ec",24,1,1,1,0,1,0.969458006928044
"27770",191,"Ec_N",463,50,50,"Ec",24,1,1,1,0,1,0.969458006928044
"27771",191,"Ec_N",463,51,51,"Ec",24,1,1,1,0,1,0.969458006928044
"27772",191,"Ec_N",463,52,52,"Ec",24,1,1,1,0,1,0.969458006928044
"27773",191,"Ec_N",463,53,53,"Ec",24,1,1,1,0,1,0.969458006928044
"27774",191,"Ec_N",463,54,54,"Ec",24,1,1,1,0,1,0.969458006928044
"27775",191,"Ec_N",463,55,55,"Ec",24,1,1,1,0,1,0.969458006928044
"27776",191,"Ec_N",463,56,56,"Ec",24,1,1,1,0,1,0.969458006928044
"27777",191,"Ec_N",463,57,57,"Ec",24,1,1,1,0,1,0.969458006928044
"27778",191,"Ec_N",463,58,58,"Ec",24,1,1,1,0,1,0.969458006928044
"27779",191,"Ec_N",463,59,59,"Ec",24,1,1,1,0,1,0.969458006928044
"27780",191,"Ec_N",463,60,60,"Ec",24,1,1,1,0,1,0.969458006928044
"27781",191,"Ec_N",464,1,1,"Ec",1,0,0,0,0,0,0
"27782",191,"Ec_N",464,2,2,"Ec",9,0,0,0,1,0,0.0305419930719563
"27783",191,"Ec_N",464,3,3,"Ec",9,0,0,0,1,0,0.0305419930719563
"27784",191,"Ec_N",464,4,4,"Ec",9,0,0,0,1,0,0.0305419930719563
"27785",191,"Ec_N",464,5,5,"Ec",9,0,0,0,1,0,0.0305419930719563
"27786",191,"Ec_N",464,6,6,"Ec",9,0,0,0,1,0,0.0305419930719563
"27787",191,"Ec_N",464,7,7,"Ec",9,0,0,0,1,0,0.0305419930719563
"27788",191,"Ec_N",464,8,8,"Ec",9,0,0,0,1,0,0.0305419930719563
"27789",191,"Ec_N",464,9,9,"Ec",9,0,0,0,1,0,0.0305419930719563
"27790",191,"Ec_N",464,10,10,"Ec",10,1,0,0,1,0,0.228562363617893
"27791",191,"Ec_N",464,11,11,"Ec",10,1,0,0,1,0,0.228562363617893
"27792",191,"Ec_N",464,12,12,"Ec",26,1,0,0,1,1,0.514384015075299
"27793",191,"Ec_N",464,13,13,"Ec",26,1,0,0,1,1,0.514384015075299
"27794",191,"Ec_N",464,14,14,"Ec",28,1,1,0,1,1,0.681047421119041
"27795",191,"Ec_N",464,15,15,"Ec",28,1,1,0,1,1,0.681047421119041
"27796",191,"Ec_N",464,16,16,"Ec",28,1,1,0,1,1,0.681047421119041
"27797",191,"Ec_N",464,17,17,"Ec",28,1,1,0,1,1,0.681047421119041
"27798",191,"Ec_N",464,18,18,"Ec",28,1,1,0,1,1,0.681047421119041
"27799",191,"Ec_N",464,19,19,"Ec",28,1,1,0,1,1,0.681047421119041
"27800",191,"Ec_N",464,20,20,"Ec",28,1,1,0,1,1,0.681047421119041
"27801",191,"Ec_N",464,21,21,"Ec",28,1,1,0,1,1,0.681047421119041
"27802",191,"Ec_N",464,22,22,"Ec",32,1,1,1,1,1,1
"27803",191,"Ec_N",464,23,23,"Ec",32,1,1,1,1,1,1
"27804",191,"Ec_N",464,24,24,"Ec",32,1,1,1,1,1,1
"27805",191,"Ec_N",464,25,25,"Ec",32,1,1,1,1,1,1
"27806",191,"Ec_N",464,26,26,"Ec",32,1,1,1,1,1,1
"27807",191,"Ec_N",464,27,27,"Ec",32,1,1,1,1,1,1
"27808",191,"Ec_N",464,28,28,"Ec",32,1,1,1,1,1,1
"27809",191,"Ec_N",464,29,29,"Ec",32,1,1,1,1,1,1
"27810",191,"Ec_N",464,30,30,"Ec",32,1,1,1,1,1,1
"27811",191,"Ec_N",464,31,31,"Ec",32,1,1,1,1,1,1
"27812",191,"Ec_N",464,32,32,"Ec",32,1,1,1,1,1,1
"27813",191,"Ec_N",464,33,33,"Ec",32,1,1,1,1,1,1
"27814",191,"Ec_N",464,34,34,"Ec",32,1,1,1,1,1,1
"27815",191,"Ec_N",464,35,35,"Ec",32,1,1,1,1,1,1
"27816",191,"Ec_N",464,36,36,"Ec",32,1,1,1,1,1,1
"27817",191,"Ec_N",464,37,37,"Ec",32,1,1,1,1,1,1
"27818",191,"Ec_N",464,38,38,"Ec",32,1,1,1,1,1,1
"27819",191,"Ec_N",464,39,39,"Ec",32,1,1,1,1,1,1
"27820",191,"Ec_N",464,40,40,"Ec",32,1,1,1,1,1,1
"27821",191,"Ec_N",464,41,41,"Ec",32,1,1,1,1,1,1
"27822",191,"Ec_N",464,42,42,"Ec",32,1,1,1,1,1,1
"27823",191,"Ec_N",464,43,43,"Ec",32,1,1,1,1,1,1
"27824",191,"Ec_N",464,44,44,"Ec",32,1,1,1,1,1,1
"27825",191,"Ec_N",464,45,45,"Ec",32,1,1,1,1,1,1
"27826",191,"Ec_N",464,46,46,"Ec",32,1,1,1,1,1,1
"27827",191,"Ec_N",464,47,47,"Ec",32,1,1,1,1,1,1
"27828",191,"Ec_N",464,48,48,"Ec",32,1,1,1,1,1,1
"27829",191,"Ec_N",464,49,49,"Ec",32,1,1,1,1,1,1
"27830",191,"Ec_N",464,50,50,"Ec",32,1,1,1,1,1,1
"27831",191,"Ec_N",464,51,51,"Ec",32,1,1,1,1,1,1
"27832",191,"Ec_N",464,52,52,"Ec",32,1,1,1,1,1,1
"27833",191,"Ec_N",464,53,53,"Ec",32,1,1,1,1,1,1
"27834",191,"Ec_N",464,54,54,"Ec",32,1,1,1,1,1,1
"27835",191,"Ec_N",464,55,55,"Ec",32,1,1,1,1,1,1
"27836",191,"Ec_N",464,56,56,"Ec",32,1,1,1,1,1,1
"27837",191,"Ec_N",464,57,57,"Ec",32,1,1,1,1,1,1
"27838",191,"Ec_N",464,58,58,"Ec",32,1,1,1,1,1,1
"27839",191,"Ec_N",464,59,59,"Ec",32,1,1,1,1,1,1
"27840",191,"Ec_N",464,60,60,"Ec",32,1,1,1,1,1,1
"27841",191,"Ec_N",465,1,1,"Ec",1,0,0,0,0,0,0
"27842",191,"Ec_N",465,2,2,"Ec",1,0,0,0,0,0,0
"27843",191,"Ec_N",465,3,3,"Ec",1,0,0,0,0,0,0
"27844",191,"Ec_N",465,4,4,"Ec",1,0,0,0,0,0,0
"27845",191,"Ec_N",465,5,5,"Ec",1,0,0,0,0,0,0
"27846",191,"Ec_N",465,6,6,"Ec",1,0,0,0,0,0,0
"27847",191,"Ec_N",465,7,7,"Ec",1,0,0,0,0,0,0
"27848",191,"Ec_N",465,8,8,"Ec",1,0,0,0,0,0,0
"27849",191,"Ec_N",465,9,9,"Ec",1,0,0,0,0,0,0
"27850",191,"Ec_N",465,10,10,"Ec",1,0,0,0,0,0,0
"27851",191,"Ec_N",465,11,11,"Ec",1,0,0,0,0,0,0
"27852",191,"Ec_N",465,12,12,"Ec",1,0,0,0,0,0,0
"27853",191,"Ec_N",465,13,13,"Ec",1,0,0,0,0,0,0
"27854",191,"Ec_N",465,14,14,"Ec",1,0,0,0,0,0,0
"27855",191,"Ec_N",465,15,15,"Ec",2,1,0,0,0,0,0.198020370545937
"27856",191,"Ec_N",465,16,16,"Ec",2,1,0,0,0,0,0.198020370545937
"27857",191,"Ec_N",465,17,17,"Ec",2,1,0,0,0,0,0.198020370545937
"27858",191,"Ec_N",465,18,18,"Ec",2,1,0,0,0,0,0.198020370545937
"27859",191,"Ec_N",465,19,19,"Ec",2,1,0,0,0,0,0.198020370545937
"27860",191,"Ec_N",465,20,20,"Ec",2,1,0,0,0,0,0.198020370545937
"27861",191,"Ec_N",465,21,21,"Ec",6,1,0,1,0,0,0.542157591427696
"27862",191,"Ec_N",465,22,22,"Ec",6,1,0,1,0,0,0.542157591427696
"27863",191,"Ec_N",465,23,23,"Ec",6,1,0,1,0,0,0.542157591427696
"27864",191,"Ec_N",465,24,24,"Ec",6,1,0,1,0,0,0.542157591427696
"27865",191,"Ec_N",465,25,25,"Ec",6,1,0,1,0,0,0.542157591427696
"27866",191,"Ec_N",465,26,26,"Ec",6,1,0,1,0,0,0.542157591427696
"27867",191,"Ec_N",465,27,27,"Ec",6,1,0,1,0,0,0.542157591427696
"27868",191,"Ec_N",465,28,28,"Ec",6,1,0,1,0,0,0.542157591427696
"27869",191,"Ec_N",465,29,29,"Ec",6,1,0,1,0,0,0.542157591427696
"27870",191,"Ec_N",465,30,30,"Ec",6,1,0,1,0,0,0.542157591427696
"27871",191,"Ec_N",465,31,31,"Ec",6,1,0,1,0,0,0.542157591427696
"27872",191,"Ec_N",465,32,32,"Ec",6,1,0,1,0,0,0.542157591427696
"27873",191,"Ec_N",465,33,33,"Ec",6,1,0,1,0,0,0.542157591427696
"27874",191,"Ec_N",465,34,34,"Ec",6,1,0,1,0,0,0.542157591427696
"27875",191,"Ec_N",465,35,35,"Ec",6,1,0,1,0,0,0.542157591427696
"27876",191,"Ec_N",465,36,36,"Ec",6,1,0,1,0,0,0.542157591427696
"27877",191,"Ec_N",465,37,37,"Ec",6,1,0,1,0,0,0.542157591427696
"27878",191,"Ec_N",465,38,38,"Ec",6,1,0,1,0,0,0.542157591427696
"27879",191,"Ec_N",465,39,39,"Ec",6,1,0,1,0,0,0.542157591427696
"27880",191,"Ec_N",465,40,40,"Ec",6,1,0,1,0,0,0.542157591427696
"27881",191,"Ec_N",465,41,41,"Ec",6,1,0,1,0,0,0.542157591427696
"27882",191,"Ec_N",465,42,42,"Ec",6,1,0,1,0,0,0.542157591427696
"27883",191,"Ec_N",465,43,43,"Ec",6,1,0,1,0,0,0.542157591427696
"27884",191,"Ec_N",465,44,44,"Ec",6,1,0,1,0,0,0.542157591427696
"27885",191,"Ec_N",465,45,45,"Ec",22,1,0,1,0,1,0.92522428176681
"27886",191,"Ec_N",465,46,46,"Ec",22,1,0,1,0,1,0.92522428176681
"27887",191,"Ec_N",465,47,47,"Ec",24,1,1,1,0,1,0.969458006928044
"27888",191,"Ec_N",465,48,48,"Ec",24,1,1,1,0,1,0.969458006928044
"27889",191,"Ec_N",465,49,49,"Ec",32,1,1,1,1,1,1
"27890",191,"Ec_N",465,50,50,"Ec",32,1,1,1,1,1,1
"27891",191,"Ec_N",465,51,51,"Ec",32,1,1,1,1,1,1
"27892",191,"Ec_N",465,52,52,"Ec",32,1,1,1,1,1,1
"27893",191,"Ec_N",465,53,53,"Ec",32,1,1,1,1,1,1
"27894",191,"Ec_N",465,54,54,"Ec",32,1,1,1,1,1,1
"27895",191,"Ec_N",465,55,55,"Ec",32,1,1,1,1,1,1
"27896",191,"Ec_N",465,56,56,"Ec",32,1,1,1,1,1,1
"27897",191,"Ec_N",465,57,57,"Ec",32,1,1,1,1,1,1
"27898",191,"Ec_N",465,58,58,"Ec",32,1,1,1,1,1,1
"27899",191,"Ec_N",465,59,59,"Ec",32,1,1,1,1,1,1
"27900",191,"Ec_N",465,60,60,"Ec",32,1,1,1,1,1,1
"27901",191,"Ec_N",466,1,1,"Ec",1,0,0,0,0,0,0
"27902",191,"Ec_N",466,2,2,"Ec",1,0,0,0,0,0,0
"27903",191,"Ec_N",466,3,3,"Ec",1,0,0,0,0,0,0
"27904",191,"Ec_N",466,4,4,"Ec",2,1,0,0,0,0,0.198020370545937
"27905",191,"Ec_N",466,5,5,"Ec",2,1,0,0,0,0,0.198020370545937
"27906",191,"Ec_N",466,6,6,"Ec",2,1,0,0,0,0,0.198020370545937
"27907",191,"Ec_N",466,7,7,"Ec",10,1,0,0,1,0,0.228562363617893
"27908",191,"Ec_N",466,8,8,"Ec",10,1,0,0,1,0,0.228562363617893
"27909",191,"Ec_N",466,9,9,"Ec",10,1,0,0,1,0,0.228562363617893
"27910",191,"Ec_N",466,10,10,"Ec",10,1,0,0,1,0,0.228562363617893
"27911",191,"Ec_N",466,11,11,"Ec",10,1,0,0,1,0,0.228562363617893
"27912",191,"Ec_N",466,12,12,"Ec",10,1,0,0,1,0,0.228562363617893
"27913",191,"Ec_N",466,13,13,"Ec",14,1,0,1,1,0,0.746777083195453
"27914",191,"Ec_N",466,14,14,"Ec",14,1,0,1,1,0,0.746777083195453
"27915",191,"Ec_N",466,15,15,"Ec",14,1,0,1,1,0,0.746777083195453
"27916",191,"Ec_N",466,16,16,"Ec",14,1,0,1,1,0,0.746777083195453
"27917",191,"Ec_N",466,17,17,"Ec",14,1,0,1,1,0,0.746777083195453
"27918",191,"Ec_N",466,18,18,"Ec",14,1,0,1,1,0,0.746777083195453
"27919",191,"Ec_N",466,19,19,"Ec",14,1,0,1,1,0,0.746777083195453
"27920",191,"Ec_N",466,20,20,"Ec",14,1,0,1,1,0,0.746777083195453
"27921",191,"Ec_N",466,21,21,"Ec",14,1,0,1,1,0,0.746777083195453
"27922",191,"Ec_N",466,22,22,"Ec",14,1,0,1,1,0,0.746777083195453
"27923",191,"Ec_N",466,23,23,"Ec",14,1,0,1,1,0,0.746777083195453
"27924",191,"Ec_N",466,24,24,"Ec",14,1,0,1,1,0,0.746777083195453
"27925",191,"Ec_N",466,25,25,"Ec",14,1,0,1,1,0,0.746777083195453
"27926",191,"Ec_N",466,26,26,"Ec",14,1,0,1,1,0,0.746777083195453
"27927",191,"Ec_N",466,27,27,"Ec",14,1,0,1,1,0,0.746777083195453
"27928",191,"Ec_N",466,28,28,"Ec",14,1,0,1,1,0,0.746777083195453
"27929",191,"Ec_N",466,29,29,"Ec",14,1,0,1,1,0,0.746777083195453
"27930",191,"Ec_N",466,30,30,"Ec",14,1,0,1,1,0,0.746777083195453
"27931",191,"Ec_N",466,31,31,"Ec",14,1,0,1,1,0,0.746777083195453
"27932",191,"Ec_N",466,32,32,"Ec",14,1,0,1,1,0,0.746777083195453
"27933",191,"Ec_N",466,33,33,"Ec",14,1,0,1,1,0,0.746777083195453
"27934",191,"Ec_N",466,34,34,"Ec",14,1,0,1,1,0,0.746777083195453
"27935",191,"Ec_N",466,35,35,"Ec",14,1,0,1,1,0,0.746777083195453
"27936",191,"Ec_N",466,36,36,"Ec",14,1,0,1,1,0,0.746777083195453
"27937",191,"Ec_N",466,37,37,"Ec",14,1,0,1,1,0,0.746777083195453
"27938",191,"Ec_N",466,38,38,"Ec",30,1,0,1,1,1,0.958688519948705
"27939",191,"Ec_N",466,39,39,"Ec",30,1,0,1,1,1,0.958688519948705
"27940",191,"Ec_N",466,40,40,"Ec",30,1,0,1,1,1,0.958688519948705
"27941",191,"Ec_N",466,41,41,"Ec",30,1,0,1,1,1,0.958688519948705
"27942",191,"Ec_N",466,42,42,"Ec",30,1,0,1,1,1,0.958688519948705
"27943",191,"Ec_N",466,43,43,"Ec",30,1,0,1,1,1,0.958688519948705
"27944",191,"Ec_N",466,44,44,"Ec",30,1,0,1,1,1,0.958688519948705
"27945",191,"Ec_N",466,45,45,"Ec",30,1,0,1,1,1,0.958688519948705
"27946",191,"Ec_N",466,46,46,"Ec",30,1,0,1,1,1,0.958688519948705
"27947",191,"Ec_N",466,47,47,"Ec",30,1,0,1,1,1,0.958688519948705
"27948",191,"Ec_N",466,48,48,"Ec",30,1,0,1,1,1,0.958688519948705
"27949",191,"Ec_N",466,49,49,"Ec",30,1,0,1,1,1,0.958688519948705
"27950",191,"Ec_N",466,50,50,"Ec",30,1,0,1,1,1,0.958688519948705
"27951",191,"Ec_N",466,51,51,"Ec",30,1,0,1,1,1,0.958688519948705
"27952",191,"Ec_N",466,52,52,"Ec",30,1,0,1,1,1,0.958688519948705
"27953",191,"Ec_N",466,53,53,"Ec",30,1,0,1,1,1,0.958688519948705
"27954",191,"Ec_N",466,54,54,"Ec",30,1,0,1,1,1,0.958688519948705
"27955",191,"Ec_N",466,55,55,"Ec",30,1,0,1,1,1,0.958688519948705
"27956",191,"Ec_N",466,56,56,"Ec",30,1,0,1,1,1,0.958688519948705
"27957",191,"Ec_N",466,57,57,"Ec",30,1,0,1,1,1,0.958688519948705
"27958",191,"Ec_N",466,58,58,"Ec",30,1,0,1,1,1,0.958688519948705
"27959",191,"Ec_N",466,59,59,"Ec",30,1,0,1,1,1,0.958688519948705
"27960",191,"Ec_N",466,60,60,"Ec",30,1,0,1,1,1,0.958688519948705
"27961",191,"Ec_N",467,1,1,"Ec",1,0,0,0,0,0,0
"27962",191,"Ec_N",467,2,2,"Ec",1,0,0,0,0,0,0
"27963",191,"Ec_N",467,3,3,"Ec",1,0,0,0,0,0,0
"27964",191,"Ec_N",467,4,4,"Ec",1,0,0,0,0,0,0
"27965",191,"Ec_N",467,5,5,"Ec",1,0,0,0,0,0,0
"27966",191,"Ec_N",467,6,6,"Ec",1,0,0,0,0,0,0
"27967",191,"Ec_N",467,7,7,"Ec",1,0,0,0,0,0,0
"27968",191,"Ec_N",467,8,8,"Ec",1,0,0,0,0,0,0
"27969",191,"Ec_N",467,9,9,"Ec",5,0,0,1,0,0,0.49313446766664
"27970",191,"Ec_N",467,10,10,"Ec",5,0,0,1,0,0,0.49313446766664
"27971",191,"Ec_N",467,11,11,"Ec",5,0,0,1,0,0,0.49313446766664
"27972",191,"Ec_N",467,12,12,"Ec",5,0,0,1,0,0,0.49313446766664
"27973",191,"Ec_N",467,13,13,"Ec",5,0,0,1,0,0,0.49313446766664
"27974",191,"Ec_N",467,14,14,"Ec",5,0,0,1,0,0,0.49313446766664
"27975",191,"Ec_N",467,15,15,"Ec",5,0,0,1,0,0,0.49313446766664
"27976",191,"Ec_N",467,16,16,"Ec",5,0,0,1,0,0,0.49313446766664
"27977",191,"Ec_N",467,17,17,"Ec",5,0,0,1,0,0,0.49313446766664
"27978",191,"Ec_N",467,18,18,"Ec",5,0,0,1,0,0,0.49313446766664
"27979",191,"Ec_N",467,19,19,"Ec",5,0,0,1,0,0,0.49313446766664
"27980",191,"Ec_N",467,20,20,"Ec",5,0,0,1,0,0,0.49313446766664
"27981",191,"Ec_N",467,21,21,"Ec",5,0,0,1,0,0,0.49313446766664
"27982",191,"Ec_N",467,22,22,"Ec",5,0,0,1,0,0,0.49313446766664
"27983",191,"Ec_N",467,23,23,"Ec",5,0,0,1,0,0,0.49313446766664
"27984",191,"Ec_N",467,24,24,"Ec",5,0,0,1,0,0,0.49313446766664
"27985",191,"Ec_N",467,25,25,"Ec",5,0,0,1,0,0,0.49313446766664
"27986",191,"Ec_N",467,26,26,"Ec",5,0,0,1,0,0,0.49313446766664
"27987",191,"Ec_N",467,27,27,"Ec",5,0,0,1,0,0,0.49313446766664
"27988",191,"Ec_N",467,28,28,"Ec",5,0,0,1,0,0,0.49313446766664
"27989",191,"Ec_N",467,29,29,"Ec",5,0,0,1,0,0,0.49313446766664
"27990",191,"Ec_N",467,30,30,"Ec",5,0,0,1,0,0,0.49313446766664
"27991",191,"Ec_N",467,31,31,"Ec",5,0,0,1,0,0,0.49313446766664
"27992",191,"Ec_N",467,32,32,"Ec",5,0,0,1,0,0,0.49313446766664
"27993",191,"Ec_N",467,33,33,"Ec",5,0,0,1,0,0,0.49313446766664
"27994",191,"Ec_N",467,34,34,"Ec",5,0,0,1,0,0,0.49313446766664
"27995",191,"Ec_N",467,35,35,"Ec",5,0,0,1,0,0,0.49313446766664
"27996",191,"Ec_N",467,36,36,"Ec",5,0,0,1,0,0,0.49313446766664
"27997",191,"Ec_N",467,37,37,"Ec",7,0,1,1,0,0,0.589282297794007
"27998",191,"Ec_N",467,38,38,"Ec",7,0,1,1,0,0,0.589282297794007
"27999",191,"Ec_N",467,39,39,"Ec",7,0,1,1,0,0,0.589282297794007
"28000",191,"Ec_N",467,40,40,"Ec",7,0,1,1,0,0,0.589282297794007
"28001",191,"Ec_N",467,41,41,"Ec",7,0,1,1,0,0,0.589282297794007
"28002",191,"Ec_N",467,42,42,"Ec",7,0,1,1,0,0,0.589282297794007
"28003",191,"Ec_N",467,43,43,"Ec",7,0,1,1,0,0,0.589282297794007
"28004",191,"Ec_N",467,44,44,"Ec",7,0,1,1,0,0,0.589282297794007
"28005",191,"Ec_N",467,45,45,"Ec",7,0,1,1,0,0,0.589282297794007
"28006",191,"Ec_N",467,46,46,"Ec",7,0,1,1,0,0,0.589282297794007
"28007",191,"Ec_N",467,47,47,"Ec",7,0,1,1,0,0,0.589282297794007
"28008",191,"Ec_N",467,48,48,"Ec",7,0,1,1,0,0,0.589282297794007
"28009",191,"Ec_N",467,49,49,"Ec",7,0,1,1,0,0,0.589282297794007
"28010",191,"Ec_N",467,50,50,"Ec",7,0,1,1,0,0,0.589282297794007
"28011",191,"Ec_N",467,51,51,"Ec",7,0,1,1,0,0,0.589282297794007
"28012",191,"Ec_N",467,52,52,"Ec",7,0,1,1,0,0,0.589282297794007
"28013",191,"Ec_N",467,53,53,"Ec",7,0,1,1,0,0,0.589282297794007
"28014",191,"Ec_N",467,54,54,"Ec",7,0,1,1,0,0,0.589282297794007
"28015",191,"Ec_N",467,55,55,"Ec",7,0,1,1,0,0,0.589282297794007
"28016",191,"Ec_N",467,56,56,"Ec",7,0,1,1,0,0,0.589282297794007
"28017",191,"Ec_N",467,57,57,"Ec",7,0,1,1,0,0,0.589282297794007
"28018",191,"Ec_N",467,58,58,"Ec",7,0,1,1,0,0,0.589282297794007
"28019",191,"Ec_N",467,59,59,"Ec",7,0,1,1,0,0,0.589282297794007
"28020",191,"Ec_N",467,60,60,"Ec",7,0,1,1,0,0,0.589282297794007
"28021",191,"Ec_N",468,1,1,"Ec",1,0,0,0,0,0,0
"28022",191,"Ec_N",468,2,2,"Ec",1,0,0,0,0,0,0
"28023",191,"Ec_N",468,3,3,"Ec",1,0,0,0,0,0,0
"28024",191,"Ec_N",468,4,4,"Ec",1,0,0,0,0,0,0
"28025",191,"Ec_N",468,5,5,"Ec",1,0,0,0,0,0,0
"28026",191,"Ec_N",468,6,6,"Ec",1,0,0,0,0,0,0
"28027",191,"Ec_N",468,7,7,"Ec",9,0,0,0,1,0,0.0305419930719563
"28028",191,"Ec_N",468,8,8,"Ec",9,0,0,0,1,0,0.0305419930719563
"28029",191,"Ec_N",468,9,9,"Ec",9,0,0,0,1,0,0.0305419930719563
"28030",191,"Ec_N",468,10,10,"Ec",9,0,0,0,1,0,0.0305419930719563
"28031",191,"Ec_N",468,11,11,"Ec",9,0,0,0,1,0,0.0305419930719563
"28032",191,"Ec_N",468,12,12,"Ec",9,0,0,0,1,0,0.0305419930719563
"28033",191,"Ec_N",468,13,13,"Ec",9,0,0,0,1,0,0.0305419930719563
"28034",191,"Ec_N",468,14,14,"Ec",10,1,0,0,1,0,0.228562363617893
"28035",191,"Ec_N",468,15,15,"Ec",10,1,0,0,1,0,0.228562363617893
"28036",191,"Ec_N",468,16,16,"Ec",10,1,0,0,1,0,0.228562363617893
"28037",191,"Ec_N",468,17,17,"Ec",10,1,0,0,1,0,0.228562363617893
"28038",191,"Ec_N",468,18,18,"Ec",10,1,0,0,1,0,0.228562363617893
"28039",191,"Ec_N",468,19,19,"Ec",14,1,0,1,1,0,0.746777083195453
"28040",191,"Ec_N",468,20,20,"Ec",14,1,0,1,1,0,0.746777083195453
"28041",191,"Ec_N",468,21,21,"Ec",14,1,0,1,1,0,0.746777083195453
"28042",191,"Ec_N",468,22,22,"Ec",14,1,0,1,1,0,0.746777083195453
"28043",191,"Ec_N",468,23,23,"Ec",14,1,0,1,1,0,0.746777083195453
"28044",191,"Ec_N",468,24,24,"Ec",14,1,0,1,1,0,0.746777083195453
"28045",191,"Ec_N",468,25,25,"Ec",14,1,0,1,1,0,0.746777083195453
"28046",191,"Ec_N",468,26,26,"Ec",14,1,0,1,1,0,0.746777083195453
"28047",191,"Ec_N",468,27,27,"Ec",14,1,0,1,1,0,0.746777083195453
"28048",191,"Ec_N",468,28,28,"Ec",14,1,0,1,1,0,0.746777083195453
"28049",191,"Ec_N",468,29,29,"Ec",14,1,0,1,1,0,0.746777083195453
"28050",191,"Ec_N",468,30,30,"Ec",14,1,0,1,1,0,0.746777083195453
"28051",191,"Ec_N",468,31,31,"Ec",14,1,0,1,1,0,0.746777083195453
"28052",191,"Ec_N",468,32,32,"Ec",14,1,0,1,1,0,0.746777083195453
"28053",191,"Ec_N",468,33,33,"Ec",14,1,0,1,1,0,0.746777083195453
"28054",191,"Ec_N",468,34,34,"Ec",14,1,0,1,1,0,0.746777083195453
"28055",191,"Ec_N",468,35,35,"Ec",14,1,0,1,1,0,0.746777083195453
"28056",191,"Ec_N",468,36,36,"Ec",14,1,0,1,1,0,0.746777083195453
"28057",191,"Ec_N",468,37,37,"Ec",14,1,0,1,1,0,0.746777083195453
"28058",191,"Ec_N",468,38,38,"Ec",14,1,0,1,1,0,0.746777083195453
"28059",191,"Ec_N",468,39,39,"Ec",14,1,0,1,1,0,0.746777083195453
"28060",191,"Ec_N",468,40,40,"Ec",14,1,0,1,1,0,0.746777083195453
"28061",191,"Ec_N",468,41,41,"Ec",14,1,0,1,1,0,0.746777083195453
"28062",191,"Ec_N",468,42,42,"Ec",14,1,0,1,1,0,0.746777083195453
"28063",191,"Ec_N",468,43,43,"Ec",14,1,0,1,1,0,0.746777083195453
"28064",191,"Ec_N",468,44,44,"Ec",14,1,0,1,1,0,0.746777083195453
"28065",191,"Ec_N",468,45,45,"Ec",14,1,0,1,1,0,0.746777083195453
"28066",191,"Ec_N",468,46,46,"Ec",14,1,0,1,1,0,0.746777083195453
"28067",191,"Ec_N",468,47,47,"Ec",14,1,0,1,1,0,0.746777083195453
"28068",191,"Ec_N",468,48,48,"Ec",14,1,0,1,1,0,0.746777083195453
"28069",191,"Ec_N",468,49,49,"Ec",14,1,0,1,1,0,0.746777083195453
"28070",191,"Ec_N",468,50,50,"Ec",14,1,0,1,1,0,0.746777083195453
"28071",191,"Ec_N",468,51,51,"Ec",14,1,0,1,1,0,0.746777083195453
"28072",191,"Ec_N",468,52,52,"Ec",14,1,0,1,1,0,0.746777083195453
"28073",191,"Ec_N",468,53,53,"Ec",14,1,0,1,1,0,0.746777083195453
"28074",191,"Ec_N",468,54,54,"Ec",14,1,0,1,1,0,0.746777083195453
"28075",191,"Ec_N",468,55,55,"Ec",14,1,0,1,1,0,0.746777083195453
"28076",191,"Ec_N",468,56,56,"Ec",30,1,0,1,1,1,0.958688519948705
"28077",191,"Ec_N",468,57,57,"Ec",30,1,0,1,1,1,0.958688519948705
"28078",191,"Ec_N",468,58,58,"Ec",30,1,0,1,1,1,0.958688519948705
"28079",191,"Ec_N",468,59,59,"Ec",30,1,0,1,1,1,0.958688519948705
"28080",191,"Ec_N",468,60,60,"Ec",30,1,0,1,1,1,0.958688519948705
"28081",191,"Ec_N",469,1,1,"Ec",1,0,0,0,0,0,0
"28082",191,"Ec_N",469,2,2,"Ec",1,0,0,0,0,0,0
"28083",191,"Ec_N",469,3,3,"Ec",1,0,0,0,0,0,0
"28084",191,"Ec_N",469,4,4,"Ec",1,0,0,0,0,0,0
"28085",191,"Ec_N",469,5,5,"Ec",1,0,0,0,0,0,0
"28086",191,"Ec_N",469,6,6,"Ec",1,0,0,0,0,0,0
"28087",191,"Ec_N",469,7,7,"Ec",1,0,0,0,0,0,0
"28088",191,"Ec_N",469,8,8,"Ec",1,0,0,0,0,0,0
"28089",191,"Ec_N",469,9,9,"Ec",1,0,0,0,0,0,0
"28090",191,"Ec_N",469,10,10,"Ec",5,0,0,1,0,0,0.49313446766664
"28091",191,"Ec_N",469,11,11,"Ec",5,0,0,1,0,0,0.49313446766664
"28092",191,"Ec_N",469,12,12,"Ec",5,0,0,1,0,0,0.49313446766664
"28093",191,"Ec_N",469,13,13,"Ec",7,0,1,1,0,0,0.589282297794007
"28094",191,"Ec_N",469,14,14,"Ec",7,0,1,1,0,0,0.589282297794007
"28095",191,"Ec_N",469,15,15,"Ec",23,0,1,1,0,1,0.616809062130864
"28096",191,"Ec_N",469,16,16,"Ec",23,0,1,1,0,1,0.616809062130864
"28097",191,"Ec_N",469,17,17,"Ec",23,0,1,1,0,1,0.616809062130864
"28098",191,"Ec_N",469,18,18,"Ec",23,0,1,1,0,1,0.616809062130864
"28099",191,"Ec_N",469,19,19,"Ec",23,0,1,1,0,1,0.616809062130864
"28100",191,"Ec_N",469,20,20,"Ec",23,0,1,1,0,1,0.616809062130864
"28101",191,"Ec_N",469,21,21,"Ec",23,0,1,1,0,1,0.616809062130864
"28102",191,"Ec_N",469,22,22,"Ec",23,0,1,1,0,1,0.616809062130864
"28103",191,"Ec_N",469,23,23,"Ec",23,0,1,1,0,1,0.616809062130864
"28104",191,"Ec_N",469,24,24,"Ec",23,0,1,1,0,1,0.616809062130864
"28105",191,"Ec_N",469,25,25,"Ec",31,0,1,1,1,1,0.801979629454064
"28106",191,"Ec_N",469,26,26,"Ec",31,0,1,1,1,1,0.801979629454064
"28107",191,"Ec_N",469,27,27,"Ec",31,0,1,1,1,1,0.801979629454064
"28108",191,"Ec_N",469,28,28,"Ec",31,0,1,1,1,1,0.801979629454064
"28109",191,"Ec_N",469,29,29,"Ec",31,0,1,1,1,1,0.801979629454064
"28110",191,"Ec_N",469,30,30,"Ec",31,0,1,1,1,1,0.801979629454064
"28111",191,"Ec_N",469,31,31,"Ec",31,0,1,1,1,1,0.801979629454064
"28112",191,"Ec_N",469,32,32,"Ec",31,0,1,1,1,1,0.801979629454064
"28113",191,"Ec_N",469,33,33,"Ec",31,0,1,1,1,1,0.801979629454064
"28114",191,"Ec_N",469,34,34,"Ec",31,0,1,1,1,1,0.801979629454064
"28115",191,"Ec_N",469,35,35,"Ec",31,0,1,1,1,1,0.801979629454064
"28116",191,"Ec_N",469,36,36,"Ec",31,0,1,1,1,1,0.801979629454064
"28117",191,"Ec_N",469,37,37,"Ec",31,0,1,1,1,1,0.801979629454064
"28118",191,"Ec_N",469,38,38,"Ec",31,0,1,1,1,1,0.801979629454064
"28119",191,"Ec_N",469,39,39,"Ec",31,0,1,1,1,1,0.801979629454064
"28120",191,"Ec_N",469,40,40,"Ec",31,0,1,1,1,1,0.801979629454064
"28121",191,"Ec_N",469,41,41,"Ec",31,0,1,1,1,1,0.801979629454064
"28122",191,"Ec_N",469,42,42,"Ec",31,0,1,1,1,1,0.801979629454064
"28123",191,"Ec_N",469,43,43,"Ec",32,1,1,1,1,1,1
"28124",191,"Ec_N",469,44,44,"Ec",32,1,1,1,1,1,1
"28125",191,"Ec_N",469,45,45,"Ec",32,1,1,1,1,1,1
"28126",191,"Ec_N",469,46,46,"Ec",32,1,1,1,1,1,1
"28127",191,"Ec_N",469,47,47,"Ec",32,1,1,1,1,1,1
"28128",191,"Ec_N",469,48,48,"Ec",32,1,1,1,1,1,1
"28129",191,"Ec_N",469,49,49,"Ec",32,1,1,1,1,1,1
"28130",191,"Ec_N",469,50,50,"Ec",32,1,1,1,1,1,1
"28131",191,"Ec_N",469,51,51,"Ec",32,1,1,1,1,1,1
"28132",191,"Ec_N",469,52,52,"Ec",32,1,1,1,1,1,1
"28133",191,"Ec_N",469,53,53,"Ec",32,1,1,1,1,1,1
"28134",191,"Ec_N",469,54,54,"Ec",32,1,1,1,1,1,1
"28135",191,"Ec_N",469,55,55,"Ec",32,1,1,1,1,1,1
"28136",191,"Ec_N",469,56,56,"Ec",32,1,1,1,1,1,1
"28137",191,"Ec_N",469,57,57,"Ec",32,1,1,1,1,1,1
"28138",191,"Ec_N",469,58,58,"Ec",32,1,1,1,1,1,1
"28139",191,"Ec_N",469,59,59,"Ec",32,1,1,1,1,1,1
"28140",191,"Ec_N",469,60,60,"Ec",32,1,1,1,1,1,1
"28141",191,"Ec_N",470,1,1,"Ec",1,0,0,0,0,0,0
"28142",191,"Ec_N",470,2,2,"Ec",1,0,0,0,0,0,0
"28143",191,"Ec_N",470,3,3,"Ec",17,0,0,0,0,1,0.229834113103391
"28144",191,"Ec_N",470,4,4,"Ec",17,0,0,0,0,1,0.229834113103391
"28145",191,"Ec_N",470,5,5,"Ec",17,0,0,0,0,1,0.229834113103391
"28146",191,"Ec_N",470,6,6,"Ec",25,0,0,0,1,1,0.403163568932085
"28147",191,"Ec_N",470,7,7,"Ec",25,0,0,0,1,1,0.403163568932085
"28148",191,"Ec_N",470,8,8,"Ec",25,0,0,0,1,1,0.403163568932085
"28149",191,"Ec_N",470,9,9,"Ec",25,0,0,0,1,1,0.403163568932085
"28150",191,"Ec_N",470,10,10,"Ec",25,0,0,0,1,1,0.403163568932085
"28151",191,"Ec_N",470,11,11,"Ec",25,0,0,0,1,1,0.403163568932085
"28152",191,"Ec_N",470,12,12,"Ec",25,0,0,0,1,1,0.403163568932085
"28153",191,"Ec_N",470,13,13,"Ec",25,0,0,0,1,1,0.403163568932085
"28154",191,"Ec_N",470,14,14,"Ec",25,0,0,0,1,1,0.403163568932085
"28155",191,"Ec_N",470,15,15,"Ec",25,0,0,0,1,1,0.403163568932085
"28156",191,"Ec_N",470,16,16,"Ec",25,0,0,0,1,1,0.403163568932085
"28157",191,"Ec_N",470,17,17,"Ec",25,0,0,0,1,1,0.403163568932085
"28158",191,"Ec_N",470,18,18,"Ec",25,0,0,0,1,1,0.403163568932085
"28159",191,"Ec_N",470,19,19,"Ec",25,0,0,0,1,1,0.403163568932085
"28160",191,"Ec_N",470,20,20,"Ec",25,0,0,0,1,1,0.403163568932085
"28161",191,"Ec_N",470,21,21,"Ec",26,1,0,0,1,1,0.514384015075299
"28162",191,"Ec_N",470,22,22,"Ec",26,1,0,0,1,1,0.514384015075299
"28163",191,"Ec_N",470,23,23,"Ec",26,1,0,0,1,1,0.514384015075299
"28164",191,"Ec_N",470,24,24,"Ec",26,1,0,0,1,1,0.514384015075299
"28165",191,"Ec_N",470,25,25,"Ec",26,1,0,0,1,1,0.514384015075299
"28166",191,"Ec_N",470,26,26,"Ec",26,1,0,0,1,1,0.514384015075299
"28167",191,"Ec_N",470,27,27,"Ec",26,1,0,0,1,1,0.514384015075299
"28168",191,"Ec_N",470,28,28,"Ec",26,1,0,0,1,1,0.514384015075299
"28169",191,"Ec_N",470,29,29,"Ec",26,1,0,0,1,1,0.514384015075299
"28170",191,"Ec_N",470,30,30,"Ec",26,1,0,0,1,1,0.514384015075299
"28171",191,"Ec_N",470,31,31,"Ec",26,1,0,0,1,1,0.514384015075299
"28172",191,"Ec_N",470,32,32,"Ec",26,1,0,0,1,1,0.514384015075299
"28173",191,"Ec_N",470,33,33,"Ec",26,1,0,0,1,1,0.514384015075299
"28174",191,"Ec_N",470,34,34,"Ec",26,1,0,0,1,1,0.514384015075299
"28175",191,"Ec_N",470,35,35,"Ec",26,1,0,0,1,1,0.514384015075299
"28176",191,"Ec_N",470,36,36,"Ec",26,1,0,0,1,1,0.514384015075299
"28177",191,"Ec_N",470,37,37,"Ec",26,1,0,0,1,1,0.514384015075299
"28178",191,"Ec_N",470,38,38,"Ec",26,1,0,0,1,1,0.514384015075299
"28179",191,"Ec_N",470,39,39,"Ec",26,1,0,0,1,1,0.514384015075299
"28180",191,"Ec_N",470,40,40,"Ec",26,1,0,0,1,1,0.514384015075299
"28181",191,"Ec_N",470,41,41,"Ec",26,1,0,0,1,1,0.514384015075299
"28182",191,"Ec_N",470,42,42,"Ec",26,1,0,0,1,1,0.514384015075299
"28183",191,"Ec_N",470,43,43,"Ec",26,1,0,0,1,1,0.514384015075299
"28184",191,"Ec_N",470,44,44,"Ec",26,1,0,0,1,1,0.514384015075299
"28185",191,"Ec_N",470,45,45,"Ec",18,1,0,0,0,1,0.646504780524047
"28186",191,"Ec_N",470,46,46,"Ec",18,1,0,0,0,1,0.646504780524047
"28187",191,"Ec_N",470,47,47,"Ec",18,1,0,0,0,1,0.646504780524047
"28188",191,"Ec_N",470,48,48,"Ec",18,1,0,0,0,1,0.646504780524047
"28189",191,"Ec_N",470,49,49,"Ec",18,1,0,0,0,1,0.646504780524047
"28190",191,"Ec_N",470,50,50,"Ec",18,1,0,0,0,1,0.646504780524047
"28191",191,"Ec_N",470,51,51,"Ec",18,1,0,0,0,1,0.646504780524047
"28192",191,"Ec_N",470,52,52,"Ec",18,1,0,0,0,1,0.646504780524047
"28193",191,"Ec_N",470,53,53,"Ec",18,1,0,0,0,1,0.646504780524047
"28194",191,"Ec_N",470,54,54,"Ec",18,1,0,0,0,1,0.646504780524047
"28195",191,"Ec_N",470,55,55,"Ec",18,1,0,0,0,1,0.646504780524047
"28196",191,"Ec_N",470,56,56,"Ec",18,1,0,0,0,1,0.646504780524047
"28197",191,"Ec_N",470,57,57,"Ec",18,1,0,0,0,1,0.646504780524047
"28198",191,"Ec_N",470,58,58,"Ec",18,1,0,0,0,1,0.646504780524047
"28199",191,"Ec_N",470,59,59,"Ec",18,1,0,0,0,1,0.646504780524047
"28200",191,"Ec_N",470,60,60,"Ec",18,1,0,0,0,1,0.646504780524047
"28201",191,"Ec_N",471,1,1,"Ec",1,0,0,0,0,0,0
"28202",191,"Ec_N",471,2,2,"Ec",17,0,0,0,0,1,0.229834113103391
"28203",191,"Ec_N",471,3,3,"Ec",17,0,0,0,0,1,0.229834113103391
"28204",191,"Ec_N",471,4,4,"Ec",17,0,0,0,0,1,0.229834113103391
"28205",191,"Ec_N",471,5,5,"Ec",17,0,0,0,0,1,0.229834113103391
"28206",191,"Ec_N",471,6,6,"Ec",17,0,0,0,0,1,0.229834113103391
"28207",191,"Ec_N",471,7,7,"Ec",17,0,0,0,0,1,0.229834113103391
"28208",191,"Ec_N",471,8,8,"Ec",19,0,1,0,0,1,0.427300415500348
"28209",191,"Ec_N",471,9,9,"Ec",19,0,1,0,0,1,0.427300415500348
"28210",191,"Ec_N",471,10,10,"Ec",19,0,1,0,0,1,0.427300415500348
"28211",191,"Ec_N",471,11,11,"Ec",19,0,1,0,0,1,0.427300415500348
"28212",191,"Ec_N",471,12,12,"Ec",19,0,1,0,0,1,0.427300415500348
"28213",191,"Ec_N",471,13,13,"Ec",19,0,1,0,0,1,0.427300415500348
"28214",191,"Ec_N",471,14,14,"Ec",19,0,1,0,0,1,0.427300415500348
"28215",191,"Ec_N",471,15,15,"Ec",19,0,1,0,0,1,0.427300415500348
"28216",191,"Ec_N",471,16,16,"Ec",20,1,1,0,0,1,0.610298755308086
"28217",191,"Ec_N",471,17,17,"Ec",20,1,1,0,0,1,0.610298755308086
"28218",191,"Ec_N",471,18,18,"Ec",20,1,1,0,0,1,0.610298755308086
"28219",191,"Ec_N",471,19,19,"Ec",20,1,1,0,0,1,0.610298755308086
"28220",191,"Ec_N",471,20,20,"Ec",20,1,1,0,0,1,0.610298755308086
"28221",191,"Ec_N",471,21,21,"Ec",20,1,1,0,0,1,0.610298755308086
"28222",191,"Ec_N",471,22,22,"Ec",20,1,1,0,0,1,0.610298755308086
"28223",191,"Ec_N",471,23,23,"Ec",20,1,1,0,0,1,0.610298755308086
"28224",191,"Ec_N",471,24,24,"Ec",20,1,1,0,0,1,0.610298755308086
"28225",191,"Ec_N",471,25,25,"Ec",28,1,1,0,1,1,0.681047421119041
"28226",191,"Ec_N",471,26,26,"Ec",28,1,1,0,1,1,0.681047421119041
"28227",191,"Ec_N",471,27,27,"Ec",28,1,1,0,1,1,0.681047421119041
"28228",191,"Ec_N",471,28,28,"Ec",28,1,1,0,1,1,0.681047421119041
"28229",191,"Ec_N",471,29,29,"Ec",28,1,1,0,1,1,0.681047421119041
"28230",191,"Ec_N",471,30,30,"Ec",28,1,1,0,1,1,0.681047421119041
"28231",191,"Ec_N",471,31,31,"Ec",28,1,1,0,1,1,0.681047421119041
"28232",191,"Ec_N",471,32,32,"Ec",28,1,1,0,1,1,0.681047421119041
"28233",191,"Ec_N",471,33,33,"Ec",32,1,1,1,1,1,1
"28234",191,"Ec_N",471,34,34,"Ec",32,1,1,1,1,1,1
"28235",191,"Ec_N",471,35,35,"Ec",32,1,1,1,1,1,1
"28236",191,"Ec_N",471,36,36,"Ec",32,1,1,1,1,1,1
"28237",191,"Ec_N",471,37,37,"Ec",32,1,1,1,1,1,1
"28238",191,"Ec_N",471,38,38,"Ec",32,1,1,1,1,1,1
"28239",191,"Ec_N",471,39,39,"Ec",32,1,1,1,1,1,1
"28240",191,"Ec_N",471,40,40,"Ec",32,1,1,1,1,1,1
"28241",191,"Ec_N",471,41,41,"Ec",32,1,1,1,1,1,1
"28242",191,"Ec_N",471,42,42,"Ec",32,1,1,1,1,1,1
"28243",191,"Ec_N",471,43,43,"Ec",32,1,1,1,1,1,1
"28244",191,"Ec_N",471,44,44,"Ec",32,1,1,1,1,1,1
"28245",191,"Ec_N",471,45,45,"Ec",32,1,1,1,1,1,1
"28246",191,"Ec_N",471,46,46,"Ec",32,1,1,1,1,1,1
"28247",191,"Ec_N",471,47,47,"Ec",32,1,1,1,1,1,1
"28248",191,"Ec_N",471,48,48,"Ec",32,1,1,1,1,1,1
"28249",191,"Ec_N",471,49,49,"Ec",32,1,1,1,1,1,1
"28250",191,"Ec_N",471,50,50,"Ec",32,1,1,1,1,1,1
"28251",191,"Ec_N",471,51,51,"Ec",32,1,1,1,1,1,1
"28252",191,"Ec_N",471,52,52,"Ec",32,1,1,1,1,1,1
"28253",191,"Ec_N",471,53,53,"Ec",32,1,1,1,1,1,1
"28254",191,"Ec_N",471,54,54,"Ec",32,1,1,1,1,1,1
"28255",191,"Ec_N",471,55,55,"Ec",32,1,1,1,1,1,1
"28256",191,"Ec_N",471,56,56,"Ec",32,1,1,1,1,1,1
"28257",191,"Ec_N",471,57,57,"Ec",32,1,1,1,1,1,1
"28258",191,"Ec_N",471,58,58,"Ec",32,1,1,1,1,1,1
"28259",191,"Ec_N",471,59,59,"Ec",32,1,1,1,1,1,1
"28260",191,"Ec_N",471,60,60,"Ec",32,1,1,1,1,1,1
"28261",191,"Ec_N",472,1,1,"Ec",1,0,0,0,0,0,0
"28262",191,"Ec_N",472,2,2,"Ec",1,0,0,0,0,0,0
"28263",191,"Ec_N",472,3,3,"Ec",3,0,1,0,0,0,0.041311480051295
"28264",191,"Ec_N",472,4,4,"Ec",3,0,1,0,0,0,0.041311480051295
"28265",191,"Ec_N",472,5,5,"Ec",3,0,1,0,0,0,0.041311480051295
"28266",191,"Ec_N",472,6,6,"Ec",3,0,1,0,0,0,0.041311480051295
"28267",191,"Ec_N",472,7,7,"Ec",3,0,1,0,0,0,0.041311480051295
"28268",191,"Ec_N",472,8,8,"Ec",3,0,1,0,0,0,0.041311480051295
"28269",191,"Ec_N",472,9,9,"Ec",3,0,1,0,0,0,0.041311480051295
"28270",191,"Ec_N",472,10,10,"Ec",3,0,1,0,0,0,0.041311480051295
"28271",191,"Ec_N",472,11,11,"Ec",3,0,1,0,0,0,0.041311480051295
"28272",191,"Ec_N",472,12,12,"Ec",3,0,1,0,0,0,0.041311480051295
"28273",191,"Ec_N",472,13,13,"Ec",3,0,1,0,0,0,0.041311480051295
"28274",191,"Ec_N",472,14,14,"Ec",19,0,1,0,0,1,0.427300415500348
"28275",191,"Ec_N",472,15,15,"Ec",19,0,1,0,0,1,0.427300415500348
"28276",191,"Ec_N",472,16,16,"Ec",19,0,1,0,0,1,0.427300415500348
"28277",191,"Ec_N",472,17,17,"Ec",19,0,1,0,0,1,0.427300415500348
"28278",191,"Ec_N",472,18,18,"Ec",19,0,1,0,0,1,0.427300415500348
"28279",191,"Ec_N",472,19,19,"Ec",23,0,1,1,0,1,0.616809062130864
"28280",191,"Ec_N",472,20,20,"Ec",23,0,1,1,0,1,0.616809062130864
"28281",191,"Ec_N",472,21,21,"Ec",23,0,1,1,0,1,0.616809062130864
"28282",191,"Ec_N",472,22,22,"Ec",23,0,1,1,0,1,0.616809062130864
"28283",191,"Ec_N",472,23,23,"Ec",23,0,1,1,0,1,0.616809062130864
"28284",191,"Ec_N",472,24,24,"Ec",23,0,1,1,0,1,0.616809062130864
"28285",191,"Ec_N",472,25,25,"Ec",23,0,1,1,0,1,0.616809062130864
"28286",191,"Ec_N",472,26,26,"Ec",21,0,0,1,0,1,0.726280938342543
"28287",191,"Ec_N",472,27,27,"Ec",21,0,0,1,0,1,0.726280938342543
"28288",191,"Ec_N",472,28,28,"Ec",21,0,0,1,0,1,0.726280938342543
"28289",191,"Ec_N",472,29,29,"Ec",21,0,0,1,0,1,0.726280938342543
"28290",191,"Ec_N",472,30,30,"Ec",21,0,0,1,0,1,0.726280938342543
"28291",191,"Ec_N",472,31,31,"Ec",21,0,0,1,0,1,0.726280938342543
"28292",191,"Ec_N",472,32,32,"Ec",21,0,0,1,0,1,0.726280938342543
"28293",191,"Ec_N",472,33,33,"Ec",21,0,0,1,0,1,0.726280938342543
"28294",191,"Ec_N",472,34,34,"Ec",21,0,0,1,0,1,0.726280938342543
"28295",191,"Ec_N",472,35,35,"Ec",21,0,0,1,0,1,0.726280938342543
"28296",191,"Ec_N",472,36,36,"Ec",21,0,0,1,0,1,0.726280938342543
"28297",191,"Ec_N",472,37,37,"Ec",21,0,0,1,0,1,0.726280938342543
"28298",191,"Ec_N",472,38,38,"Ec",21,0,0,1,0,1,0.726280938342543
"28299",191,"Ec_N",472,39,39,"Ec",21,0,0,1,0,1,0.726280938342543
"28300",191,"Ec_N",472,40,40,"Ec",29,0,0,1,1,1,0.760668149402769
"28301",191,"Ec_N",472,41,41,"Ec",29,0,0,1,1,1,0.760668149402769
"28302",191,"Ec_N",472,42,42,"Ec",29,0,0,1,1,1,0.760668149402769
"28303",191,"Ec_N",472,43,43,"Ec",29,0,0,1,1,1,0.760668149402769
"28304",191,"Ec_N",472,44,44,"Ec",29,0,0,1,1,1,0.760668149402769
"28305",191,"Ec_N",472,45,45,"Ec",29,0,0,1,1,1,0.760668149402769
"28306",191,"Ec_N",472,46,46,"Ec",29,0,0,1,1,1,0.760668149402769
"28307",191,"Ec_N",472,47,47,"Ec",29,0,0,1,1,1,0.760668149402769
"28308",191,"Ec_N",472,48,48,"Ec",31,0,1,1,1,1,0.801979629454064
"28309",191,"Ec_N",472,49,49,"Ec",31,0,1,1,1,1,0.801979629454064
"28310",191,"Ec_N",472,50,50,"Ec",31,0,1,1,1,1,0.801979629454064
"28311",191,"Ec_N",472,51,51,"Ec",31,0,1,1,1,1,0.801979629454064
"28312",191,"Ec_N",472,52,52,"Ec",32,1,1,1,1,1,1
"28313",191,"Ec_N",472,53,53,"Ec",32,1,1,1,1,1,1
"28314",191,"Ec_N",472,54,54,"Ec",32,1,1,1,1,1,1
"28315",191,"Ec_N",472,55,55,"Ec",32,1,1,1,1,1,1
"28316",191,"Ec_N",472,56,56,"Ec",32,1,1,1,1,1,1
"28317",191,"Ec_N",472,57,57,"Ec",32,1,1,1,1,1,1
"28318",191,"Ec_N",472,58,58,"Ec",32,1,1,1,1,1,1
"28319",191,"Ec_N",472,59,59,"Ec",32,1,1,1,1,1,1
"28320",191,"Ec_N",472,60,60,"Ec",32,1,1,1,1,1,1
"28321",191,"Ec_N",473,1,1,"Ec",1,0,0,0,0,0,0
"28322",191,"Ec_N",473,2,2,"Ec",1,0,0,0,0,0,0
"28323",191,"Ec_N",473,3,3,"Ec",1,0,0,0,0,0,0
"28324",191,"Ec_N",473,4,4,"Ec",17,0,0,0,0,1,0.229834113103391
"28325",191,"Ec_N",473,5,5,"Ec",17,0,0,0,0,1,0.229834113103391
"28326",191,"Ec_N",473,6,6,"Ec",17,0,0,0,0,1,0.229834113103391
"28327",191,"Ec_N",473,7,7,"Ec",17,0,0,0,0,1,0.229834113103391
"28328",191,"Ec_N",473,8,8,"Ec",21,0,0,1,0,1,0.726280938342543
"28329",191,"Ec_N",473,9,9,"Ec",21,0,0,1,0,1,0.726280938342543
"28330",191,"Ec_N",473,10,10,"Ec",21,0,0,1,0,1,0.726280938342543
"28331",191,"Ec_N",473,11,11,"Ec",21,0,0,1,0,1,0.726280938342543
"28332",191,"Ec_N",473,12,12,"Ec",21,0,0,1,0,1,0.726280938342543
"28333",191,"Ec_N",473,13,13,"Ec",21,0,0,1,0,1,0.726280938342543
"28334",191,"Ec_N",473,14,14,"Ec",21,0,0,1,0,1,0.726280938342543
"28335",191,"Ec_N",473,15,15,"Ec",21,0,0,1,0,1,0.726280938342543
"28336",191,"Ec_N",473,16,16,"Ec",21,0,0,1,0,1,0.726280938342543
"28337",191,"Ec_N",473,17,17,"Ec",21,0,0,1,0,1,0.726280938342543
"28338",191,"Ec_N",473,18,18,"Ec",21,0,0,1,0,1,0.726280938342543
"28339",191,"Ec_N",473,19,19,"Ec",21,0,0,1,0,1,0.726280938342543
"28340",191,"Ec_N",473,20,20,"Ec",21,0,0,1,0,1,0.726280938342543
"28341",191,"Ec_N",473,21,21,"Ec",21,0,0,1,0,1,0.726280938342543
"28342",191,"Ec_N",473,22,22,"Ec",21,0,0,1,0,1,0.726280938342543
"28343",191,"Ec_N",473,23,23,"Ec",21,0,0,1,0,1,0.726280938342543
"28344",191,"Ec_N",473,24,24,"Ec",21,0,0,1,0,1,0.726280938342543
"28345",191,"Ec_N",473,25,25,"Ec",21,0,0,1,0,1,0.726280938342543
"28346",191,"Ec_N",473,26,26,"Ec",21,0,0,1,0,1,0.726280938342543
"28347",191,"Ec_N",473,27,27,"Ec",21,0,0,1,0,1,0.726280938342543
"28348",191,"Ec_N",473,28,28,"Ec",21,0,0,1,0,1,0.726280938342543
"28349",191,"Ec_N",473,29,29,"Ec",21,0,0,1,0,1,0.726280938342543
"28350",191,"Ec_N",473,30,30,"Ec",21,0,0,1,0,1,0.726280938342543
"28351",191,"Ec_N",473,31,31,"Ec",21,0,0,1,0,1,0.726280938342543
"28352",191,"Ec_N",473,32,32,"Ec",21,0,0,1,0,1,0.726280938342543
"28353",191,"Ec_N",473,33,33,"Ec",21,0,0,1,0,1,0.726280938342543
"28354",191,"Ec_N",473,34,34,"Ec",29,0,0,1,1,1,0.760668149402769
"28355",191,"Ec_N",473,35,35,"Ec",29,0,0,1,1,1,0.760668149402769
"28356",191,"Ec_N",473,36,36,"Ec",29,0,0,1,1,1,0.760668149402769
"28357",191,"Ec_N",473,37,37,"Ec",29,0,0,1,1,1,0.760668149402769
"28358",191,"Ec_N",473,38,38,"Ec",29,0,0,1,1,1,0.760668149402769
"28359",191,"Ec_N",473,39,39,"Ec",29,0,0,1,1,1,0.760668149402769
"28360",191,"Ec_N",473,40,40,"Ec",29,0,0,1,1,1,0.760668149402769
"28361",191,"Ec_N",473,41,41,"Ec",29,0,0,1,1,1,0.760668149402769
"28362",191,"Ec_N",473,42,42,"Ec",29,0,0,1,1,1,0.760668149402769
"28363",191,"Ec_N",473,43,43,"Ec",29,0,0,1,1,1,0.760668149402769
"28364",191,"Ec_N",473,44,44,"Ec",29,0,0,1,1,1,0.760668149402769
"28365",191,"Ec_N",473,45,45,"Ec",29,0,0,1,1,1,0.760668149402769
"28366",191,"Ec_N",473,46,46,"Ec",29,0,0,1,1,1,0.760668149402769
"28367",191,"Ec_N",473,47,47,"Ec",29,0,0,1,1,1,0.760668149402769
"28368",191,"Ec_N",473,48,48,"Ec",29,0,0,1,1,1,0.760668149402769
"28369",191,"Ec_N",473,49,49,"Ec",29,0,0,1,1,1,0.760668149402769
"28370",191,"Ec_N",473,50,50,"Ec",29,0,0,1,1,1,0.760668149402769
"28371",191,"Ec_N",473,51,51,"Ec",29,0,0,1,1,1,0.760668149402769
"28372",191,"Ec_N",473,52,52,"Ec",31,0,1,1,1,1,0.801979629454064
"28373",191,"Ec_N",473,53,53,"Ec",32,1,1,1,1,1,1
"28374",191,"Ec_N",473,54,54,"Ec",32,1,1,1,1,1,1
"28375",191,"Ec_N",473,55,55,"Ec",32,1,1,1,1,1,1
"28376",191,"Ec_N",473,56,56,"Ec",32,1,1,1,1,1,1
"28377",191,"Ec_N",473,57,57,"Ec",32,1,1,1,1,1,1
"28378",191,"Ec_N",473,58,58,"Ec",32,1,1,1,1,1,1
"28379",191,"Ec_N",473,59,59,"Ec",32,1,1,1,1,1,1
"28380",191,"Ec_N",473,60,60,"Ec",32,1,1,1,1,1,1
"28381",191,"Ec_N",474,1,1,"Ec",1,0,0,0,0,0,0
"28382",191,"Ec_N",474,2,2,"Ec",1,0,0,0,0,0,0
"28383",191,"Ec_N",474,3,3,"Ec",1,0,0,0,0,0,0
"28384",191,"Ec_N",474,4,4,"Ec",2,1,0,0,0,0,0.198020370545937
"28385",191,"Ec_N",474,5,5,"Ec",2,1,0,0,0,0,0.198020370545937
"28386",191,"Ec_N",474,6,6,"Ec",2,1,0,0,0,0,0.198020370545937
"28387",191,"Ec_N",474,7,7,"Ec",2,1,0,0,0,0,0.198020370545937
"28388",191,"Ec_N",474,8,8,"Ec",2,1,0,0,0,0,0.198020370545937
"28389",191,"Ec_N",474,9,9,"Ec",2,1,0,0,0,0,0.198020370545937
"28390",191,"Ec_N",474,10,10,"Ec",2,1,0,0,0,0,0.198020370545937
"28391",191,"Ec_N",474,11,11,"Ec",2,1,0,0,0,0,0.198020370545937
"28392",191,"Ec_N",474,12,12,"Ec",2,1,0,0,0,0,0.198020370545937
"28393",191,"Ec_N",474,13,13,"Ec",2,1,0,0,0,0,0.198020370545937
"28394",191,"Ec_N",474,14,14,"Ec",2,1,0,0,0,0,0.198020370545937
"28395",191,"Ec_N",474,15,15,"Ec",2,1,0,0,0,0,0.198020370545937
"28396",191,"Ec_N",474,16,16,"Ec",2,1,0,0,0,0,0.198020370545937
"28397",191,"Ec_N",474,17,17,"Ec",2,1,0,0,0,0,0.198020370545937
"28398",191,"Ec_N",474,18,18,"Ec",2,1,0,0,0,0,0.198020370545937
"28399",191,"Ec_N",474,19,19,"Ec",2,1,0,0,0,0,0.198020370545937
"28400",191,"Ec_N",474,20,20,"Ec",2,1,0,0,0,0,0.198020370545937
"28401",191,"Ec_N",474,21,21,"Ec",2,1,0,0,0,0,0.198020370545937
"28402",191,"Ec_N",474,22,22,"Ec",2,1,0,0,0,0,0.198020370545937
"28403",191,"Ec_N",474,23,23,"Ec",10,1,0,0,1,0,0.228562363617893
"28404",191,"Ec_N",474,24,24,"Ec",10,1,0,0,1,0,0.228562363617893
"28405",191,"Ec_N",474,25,25,"Ec",14,1,0,1,1,0,0.746777083195453
"28406",191,"Ec_N",474,26,26,"Ec",14,1,0,1,1,0,0.746777083195453
"28407",191,"Ec_N",474,27,27,"Ec",14,1,0,1,1,0,0.746777083195453
"28408",191,"Ec_N",474,28,28,"Ec",14,1,0,1,1,0,0.746777083195453
"28409",191,"Ec_N",474,29,29,"Ec",30,1,0,1,1,1,0.958688519948705
"28410",191,"Ec_N",474,30,30,"Ec",30,1,0,1,1,1,0.958688519948705
"28411",191,"Ec_N",474,31,31,"Ec",30,1,0,1,1,1,0.958688519948705
"28412",191,"Ec_N",474,32,32,"Ec",30,1,0,1,1,1,0.958688519948705
"28413",191,"Ec_N",474,33,33,"Ec",30,1,0,1,1,1,0.958688519948705
"28414",191,"Ec_N",474,34,34,"Ec",30,1,0,1,1,1,0.958688519948705
"28415",191,"Ec_N",474,35,35,"Ec",30,1,0,1,1,1,0.958688519948705
"28416",191,"Ec_N",474,36,36,"Ec",30,1,0,1,1,1,0.958688519948705
"28417",191,"Ec_N",474,37,37,"Ec",30,1,0,1,1,1,0.958688519948705
"28418",191,"Ec_N",474,38,38,"Ec",30,1,0,1,1,1,0.958688519948705
"28419",191,"Ec_N",474,39,39,"Ec",30,1,0,1,1,1,0.958688519948705
"28420",191,"Ec_N",474,40,40,"Ec",30,1,0,1,1,1,0.958688519948705
"28421",191,"Ec_N",474,41,41,"Ec",30,1,0,1,1,1,0.958688519948705
"28422",191,"Ec_N",474,42,42,"Ec",30,1,0,1,1,1,0.958688519948705
"28423",191,"Ec_N",474,43,43,"Ec",30,1,0,1,1,1,0.958688519948705
"28424",191,"Ec_N",474,44,44,"Ec",30,1,0,1,1,1,0.958688519948705
"28425",191,"Ec_N",474,45,45,"Ec",30,1,0,1,1,1,0.958688519948705
"28426",191,"Ec_N",474,46,46,"Ec",30,1,0,1,1,1,0.958688519948705
"28427",191,"Ec_N",474,47,47,"Ec",30,1,0,1,1,1,0.958688519948705
"28428",191,"Ec_N",474,48,48,"Ec",30,1,0,1,1,1,0.958688519948705
"28429",191,"Ec_N",474,49,49,"Ec",30,1,0,1,1,1,0.958688519948705
"28430",191,"Ec_N",474,50,50,"Ec",30,1,0,1,1,1,0.958688519948705
"28431",191,"Ec_N",474,51,51,"Ec",30,1,0,1,1,1,0.958688519948705
"28432",191,"Ec_N",474,52,52,"Ec",30,1,0,1,1,1,0.958688519948705
"28433",191,"Ec_N",474,53,53,"Ec",30,1,0,1,1,1,0.958688519948705
"28434",191,"Ec_N",474,54,54,"Ec",30,1,0,1,1,1,0.958688519948705
"28435",191,"Ec_N",474,55,55,"Ec",30,1,0,1,1,1,0.958688519948705
"28436",191,"Ec_N",474,56,56,"Ec",30,1,0,1,1,1,0.958688519948705
"28437",191,"Ec_N",474,57,57,"Ec",30,1,0,1,1,1,0.958688519948705
"28438",191,"Ec_N",474,58,58,"Ec",30,1,0,1,1,1,0.958688519948705
"28439",191,"Ec_N",474,59,59,"Ec",30,1,0,1,1,1,0.958688519948705
"28440",191,"Ec_N",474,60,60,"Ec",30,1,0,1,1,1,0.958688519948705
"28441",191,"Ec_N",475,1,1,"Ec",1,0,0,0,0,0,0
"28442",191,"Ec_N",475,2,2,"Ec",1,0,0,0,0,0,0
"28443",191,"Ec_N",475,3,3,"Ec",1,0,0,0,0,0,0
"28444",191,"Ec_N",475,4,4,"Ec",9,0,0,0,1,0,0.0305419930719563
"28445",191,"Ec_N",475,5,5,"Ec",9,0,0,0,1,0,0.0305419930719563
"28446",191,"Ec_N",475,6,6,"Ec",9,0,0,0,1,0,0.0305419930719563
"28447",191,"Ec_N",475,7,7,"Ec",9,0,0,0,1,0,0.0305419930719563
"28448",191,"Ec_N",475,8,8,"Ec",13,0,0,1,1,0,0.374679213953716
"28449",191,"Ec_N",475,9,9,"Ec",13,0,0,1,1,0,0.374679213953716
"28450",191,"Ec_N",475,10,10,"Ec",5,0,0,1,0,0,0.49313446766664
"28451",191,"Ec_N",475,11,11,"Ec",5,0,0,1,0,0,0.49313446766664
"28452",191,"Ec_N",475,12,12,"Ec",5,0,0,1,0,0,0.49313446766664
"28453",191,"Ec_N",475,13,13,"Ec",5,0,0,1,0,0,0.49313446766664
"28454",191,"Ec_N",475,14,14,"Ec",7,0,1,1,0,0,0.589282297794007
"28455",191,"Ec_N",475,15,15,"Ec",7,0,1,1,0,0,0.589282297794007
"28456",191,"Ec_N",475,16,16,"Ec",7,0,1,1,0,0,0.589282297794007
"28457",191,"Ec_N",475,17,17,"Ec",7,0,1,1,0,0,0.589282297794007
"28458",191,"Ec_N",475,18,18,"Ec",7,0,1,1,0,0,0.589282297794007
"28459",191,"Ec_N",475,19,19,"Ec",7,0,1,1,0,0,0.589282297794007
"28460",191,"Ec_N",475,20,20,"Ec",23,0,1,1,0,1,0.616809062130864
"28461",191,"Ec_N",475,21,21,"Ec",23,0,1,1,0,1,0.616809062130864
"28462",191,"Ec_N",475,22,22,"Ec",23,0,1,1,0,1,0.616809062130864
"28463",191,"Ec_N",475,23,23,"Ec",23,0,1,1,0,1,0.616809062130864
"28464",191,"Ec_N",475,24,24,"Ec",23,0,1,1,0,1,0.616809062130864
"28465",191,"Ec_N",475,25,25,"Ec",23,0,1,1,0,1,0.616809062130864
"28466",191,"Ec_N",475,26,26,"Ec",31,0,1,1,1,1,0.801979629454064
"28467",191,"Ec_N",475,27,27,"Ec",31,0,1,1,1,1,0.801979629454064
"28468",191,"Ec_N",475,28,28,"Ec",31,0,1,1,1,1,0.801979629454064
"28469",191,"Ec_N",475,29,29,"Ec",31,0,1,1,1,1,0.801979629454064
"28470",191,"Ec_N",475,30,30,"Ec",31,0,1,1,1,1,0.801979629454064
"28471",191,"Ec_N",475,31,31,"Ec",31,0,1,1,1,1,0.801979629454064
"28472",191,"Ec_N",475,32,32,"Ec",31,0,1,1,1,1,0.801979629454064
"28473",191,"Ec_N",475,33,33,"Ec",31,0,1,1,1,1,0.801979629454064
"28474",191,"Ec_N",475,34,34,"Ec",31,0,1,1,1,1,0.801979629454064
"28475",191,"Ec_N",475,35,35,"Ec",31,0,1,1,1,1,0.801979629454064
"28476",191,"Ec_N",475,36,36,"Ec",31,0,1,1,1,1,0.801979629454064
"28477",191,"Ec_N",475,37,37,"Ec",31,0,1,1,1,1,0.801979629454064
"28478",191,"Ec_N",475,38,38,"Ec",31,0,1,1,1,1,0.801979629454064
"28479",191,"Ec_N",475,39,39,"Ec",31,0,1,1,1,1,0.801979629454064
"28480",191,"Ec_N",475,40,40,"Ec",31,0,1,1,1,1,0.801979629454064
"28481",191,"Ec_N",475,41,41,"Ec",31,0,1,1,1,1,0.801979629454064
"28482",191,"Ec_N",475,42,42,"Ec",31,0,1,1,1,1,0.801979629454064
"28483",191,"Ec_N",475,43,43,"Ec",31,0,1,1,1,1,0.801979629454064
"28484",191,"Ec_N",475,44,44,"Ec",31,0,1,1,1,1,0.801979629454064
"28485",191,"Ec_N",475,45,45,"Ec",31,0,1,1,1,1,0.801979629454064
"28486",191,"Ec_N",475,46,46,"Ec",31,0,1,1,1,1,0.801979629454064
"28487",191,"Ec_N",475,47,47,"Ec",31,0,1,1,1,1,0.801979629454064
"28488",191,"Ec_N",475,48,48,"Ec",31,0,1,1,1,1,0.801979629454064
"28489",191,"Ec_N",475,49,49,"Ec",31,0,1,1,1,1,0.801979629454064
"28490",191,"Ec_N",475,50,50,"Ec",31,0,1,1,1,1,0.801979629454064
"28491",191,"Ec_N",475,51,51,"Ec",31,0,1,1,1,1,0.801979629454064
"28492",191,"Ec_N",475,52,52,"Ec",31,0,1,1,1,1,0.801979629454064
"28493",191,"Ec_N",475,53,53,"Ec",31,0,1,1,1,1,0.801979629454064
"28494",191,"Ec_N",475,54,54,"Ec",31,0,1,1,1,1,0.801979629454064
"28495",191,"Ec_N",475,55,55,"Ec",31,0,1,1,1,1,0.801979629454064
"28496",191,"Ec_N",475,56,56,"Ec",31,0,1,1,1,1,0.801979629454064
"28497",191,"Ec_N",475,57,57,"Ec",31,0,1,1,1,1,0.801979629454064
"28498",191,"Ec_N",475,58,58,"Ec",32,1,1,1,1,1,1
"28499",191,"Ec_N",475,59,59,"Ec",32,1,1,1,1,1,1
"28500",191,"Ec_N",475,60,60,"Ec",32,1,1,1,1,1,1
"28501",191,"Ec_N",476,1,1,"Ec",1,0,0,0,0,0,0
"28502",191,"Ec_N",476,2,2,"Ec",9,0,0,0,1,0,0.0305419930719563
"28503",191,"Ec_N",476,3,3,"Ec",9,0,0,0,1,0,0.0305419930719563
"28504",191,"Ec_N",476,4,4,"Ec",9,0,0,0,1,0,0.0305419930719563
"28505",191,"Ec_N",476,5,5,"Ec",9,0,0,0,1,0,0.0305419930719563
"28506",191,"Ec_N",476,6,6,"Ec",9,0,0,0,1,0,0.0305419930719563
"28507",191,"Ec_N",476,7,7,"Ec",9,0,0,0,1,0,0.0305419930719563
"28508",191,"Ec_N",476,8,8,"Ec",9,0,0,0,1,0,0.0305419930719563
"28509",191,"Ec_N",476,9,9,"Ec",9,0,0,0,1,0,0.0305419930719563
"28510",191,"Ec_N",476,10,10,"Ec",9,0,0,0,1,0,0.0305419930719563
"28511",191,"Ec_N",476,11,11,"Ec",9,0,0,0,1,0,0.0305419930719563
"28512",191,"Ec_N",476,12,12,"Ec",25,0,0,0,1,1,0.403163568932085
"28513",191,"Ec_N",476,13,13,"Ec",25,0,0,0,1,1,0.403163568932085
"28514",191,"Ec_N",476,14,14,"Ec",26,1,0,0,1,1,0.514384015075299
"28515",191,"Ec_N",476,15,15,"Ec",26,1,0,0,1,1,0.514384015075299
"28516",191,"Ec_N",476,16,16,"Ec",26,1,0,0,1,1,0.514384015075299
"28517",191,"Ec_N",476,17,17,"Ec",26,1,0,0,1,1,0.514384015075299
"28518",191,"Ec_N",476,18,18,"Ec",26,1,0,0,1,1,0.514384015075299
"28519",191,"Ec_N",476,19,19,"Ec",26,1,0,0,1,1,0.514384015075299
"28520",191,"Ec_N",476,20,20,"Ec",26,1,0,0,1,1,0.514384015075299
"28521",191,"Ec_N",476,21,21,"Ec",26,1,0,0,1,1,0.514384015075299
"28522",191,"Ec_N",476,22,22,"Ec",26,1,0,0,1,1,0.514384015075299
"28523",191,"Ec_N",476,23,23,"Ec",26,1,0,0,1,1,0.514384015075299
"28524",191,"Ec_N",476,24,24,"Ec",26,1,0,0,1,1,0.514384015075299
"28525",191,"Ec_N",476,25,25,"Ec",26,1,0,0,1,1,0.514384015075299
"28526",191,"Ec_N",476,26,26,"Ec",26,1,0,0,1,1,0.514384015075299
"28527",191,"Ec_N",476,27,27,"Ec",26,1,0,0,1,1,0.514384015075299
"28528",191,"Ec_N",476,28,28,"Ec",18,1,0,0,0,1,0.646504780524047
"28529",191,"Ec_N",476,29,29,"Ec",18,1,0,0,0,1,0.646504780524047
"28530",191,"Ec_N",476,30,30,"Ec",18,1,0,0,0,1,0.646504780524047
"28531",191,"Ec_N",476,31,31,"Ec",18,1,0,0,0,1,0.646504780524047
"28532",191,"Ec_N",476,32,32,"Ec",18,1,0,0,0,1,0.646504780524047
"28533",191,"Ec_N",476,33,33,"Ec",18,1,0,0,0,1,0.646504780524047
"28534",191,"Ec_N",476,34,34,"Ec",18,1,0,0,0,1,0.646504780524047
"28535",191,"Ec_N",476,35,35,"Ec",18,1,0,0,0,1,0.646504780524047
"28536",191,"Ec_N",476,36,36,"Ec",18,1,0,0,0,1,0.646504780524047
"28537",191,"Ec_N",476,37,37,"Ec",18,1,0,0,0,1,0.646504780524047
"28538",191,"Ec_N",476,38,38,"Ec",18,1,0,0,0,1,0.646504780524047
"28539",191,"Ec_N",476,39,39,"Ec",18,1,0,0,0,1,0.646504780524047
"28540",191,"Ec_N",476,40,40,"Ec",18,1,0,0,0,1,0.646504780524047
"28541",191,"Ec_N",476,41,41,"Ec",18,1,0,0,0,1,0.646504780524047
"28542",191,"Ec_N",476,42,42,"Ec",18,1,0,0,0,1,0.646504780524047
"28543",191,"Ec_N",476,43,43,"Ec",18,1,0,0,0,1,0.646504780524047
"28544",191,"Ec_N",476,44,44,"Ec",18,1,0,0,0,1,0.646504780524047
"28545",191,"Ec_N",476,45,45,"Ec",18,1,0,0,0,1,0.646504780524047
"28546",191,"Ec_N",476,46,46,"Ec",18,1,0,0,0,1,0.646504780524047
"28547",191,"Ec_N",476,47,47,"Ec",18,1,0,0,0,1,0.646504780524047
"28548",191,"Ec_N",476,48,48,"Ec",18,1,0,0,0,1,0.646504780524047
"28549",191,"Ec_N",476,49,49,"Ec",18,1,0,0,0,1,0.646504780524047
"28550",191,"Ec_N",476,50,50,"Ec",18,1,0,0,0,1,0.646504780524047
"28551",191,"Ec_N",476,51,51,"Ec",18,1,0,0,0,1,0.646504780524047
"28552",191,"Ec_N",476,52,52,"Ec",18,1,0,0,0,1,0.646504780524047
"28553",191,"Ec_N",476,53,53,"Ec",18,1,0,0,0,1,0.646504780524047
"28554",191,"Ec_N",476,54,54,"Ec",18,1,0,0,0,1,0.646504780524047
"28555",191,"Ec_N",476,55,55,"Ec",18,1,0,0,0,1,0.646504780524047
"28556",191,"Ec_N",476,56,56,"Ec",18,1,0,0,0,1,0.646504780524047
"28557",191,"Ec_N",476,57,57,"Ec",18,1,0,0,0,1,0.646504780524047
"28558",191,"Ec_N",476,58,58,"Ec",18,1,0,0,0,1,0.646504780524047
"28559",191,"Ec_N",476,59,59,"Ec",18,1,0,0,0,1,0.646504780524047
"28560",191,"Ec_N",476,60,60,"Ec",18,1,0,0,0,1,0.646504780524047
"28561",191,"Ec_N",477,1,1,"Ec",1,0,0,0,0,0,0
"28562",191,"Ec_N",477,2,2,"Ec",2,1,0,0,0,0,0.198020370545937
"28563",191,"Ec_N",477,3,3,"Ec",2,1,0,0,0,0,0.198020370545937
"28564",191,"Ec_N",477,4,4,"Ec",2,1,0,0,0,0,0.198020370545937
"28565",191,"Ec_N",477,5,5,"Ec",2,1,0,0,0,0,0.198020370545937
"28566",191,"Ec_N",477,6,6,"Ec",2,1,0,0,0,0,0.198020370545937
"28567",191,"Ec_N",477,7,7,"Ec",2,1,0,0,0,0,0.198020370545937
"28568",191,"Ec_N",477,8,8,"Ec",2,1,0,0,0,0,0.198020370545937
"28569",191,"Ec_N",477,9,9,"Ec",4,1,1,0,0,0,0.239331850597232
"28570",191,"Ec_N",477,10,10,"Ec",20,1,1,0,0,1,0.610298755308086
"28571",191,"Ec_N",477,11,11,"Ec",20,1,1,0,0,1,0.610298755308086
"28572",191,"Ec_N",477,12,12,"Ec",20,1,1,0,0,1,0.610298755308086
"28573",191,"Ec_N",477,13,13,"Ec",20,1,1,0,0,1,0.610298755308086
"28574",191,"Ec_N",477,14,14,"Ec",20,1,1,0,0,1,0.610298755308086
"28575",191,"Ec_N",477,15,15,"Ec",20,1,1,0,0,1,0.610298755308086
"28576",191,"Ec_N",477,16,16,"Ec",20,1,1,0,0,1,0.610298755308086
"28577",191,"Ec_N",477,17,17,"Ec",20,1,1,0,0,1,0.610298755308086
"28578",191,"Ec_N",477,18,18,"Ec",20,1,1,0,0,1,0.610298755308086
"28579",191,"Ec_N",477,19,19,"Ec",20,1,1,0,0,1,0.610298755308086
"28580",191,"Ec_N",477,20,20,"Ec",20,1,1,0,0,1,0.610298755308086
"28581",191,"Ec_N",477,21,21,"Ec",20,1,1,0,0,1,0.610298755308086
"28582",191,"Ec_N",477,22,22,"Ec",20,1,1,0,0,1,0.610298755308086
"28583",191,"Ec_N",477,23,23,"Ec",18,1,0,0,0,1,0.646504780524047
"28584",191,"Ec_N",477,24,24,"Ec",18,1,0,0,0,1,0.646504780524047
"28585",191,"Ec_N",477,25,25,"Ec",18,1,0,0,0,1,0.646504780524047
"28586",191,"Ec_N",477,26,26,"Ec",18,1,0,0,0,1,0.646504780524047
"28587",191,"Ec_N",477,27,27,"Ec",18,1,0,0,0,1,0.646504780524047
"28588",191,"Ec_N",477,28,28,"Ec",18,1,0,0,0,1,0.646504780524047
"28589",191,"Ec_N",477,29,29,"Ec",18,1,0,0,0,1,0.646504780524047
"28590",191,"Ec_N",477,30,30,"Ec",18,1,0,0,0,1,0.646504780524047
"28591",191,"Ec_N",477,31,31,"Ec",18,1,0,0,0,1,0.646504780524047
"28592",191,"Ec_N",477,32,32,"Ec",18,1,0,0,0,1,0.646504780524047
"28593",191,"Ec_N",477,33,33,"Ec",18,1,0,0,0,1,0.646504780524047
"28594",191,"Ec_N",477,34,34,"Ec",18,1,0,0,0,1,0.646504780524047
"28595",191,"Ec_N",477,35,35,"Ec",18,1,0,0,0,1,0.646504780524047
"28596",191,"Ec_N",477,36,36,"Ec",18,1,0,0,0,1,0.646504780524047
"28597",191,"Ec_N",477,37,37,"Ec",18,1,0,0,0,1,0.646504780524047
"28598",191,"Ec_N",477,38,38,"Ec",18,1,0,0,0,1,0.646504780524047
"28599",191,"Ec_N",477,39,39,"Ec",18,1,0,0,0,1,0.646504780524047
"28600",191,"Ec_N",477,40,40,"Ec",18,1,0,0,0,1,0.646504780524047
"28601",191,"Ec_N",477,41,41,"Ec",18,1,0,0,0,1,0.646504780524047
"28602",191,"Ec_N",477,42,42,"Ec",18,1,0,0,0,1,0.646504780524047
"28603",191,"Ec_N",477,43,43,"Ec",18,1,0,0,0,1,0.646504780524047
"28604",191,"Ec_N",477,44,44,"Ec",18,1,0,0,0,1,0.646504780524047
"28605",191,"Ec_N",477,45,45,"Ec",18,1,0,0,0,1,0.646504780524047
"28606",191,"Ec_N",477,46,46,"Ec",18,1,0,0,0,1,0.646504780524047
"28607",191,"Ec_N",477,47,47,"Ec",18,1,0,0,0,1,0.646504780524047
"28608",191,"Ec_N",477,48,48,"Ec",18,1,0,0,0,1,0.646504780524047
"28609",191,"Ec_N",477,49,49,"Ec",18,1,0,0,0,1,0.646504780524047
"28610",191,"Ec_N",477,50,50,"Ec",18,1,0,0,0,1,0.646504780524047
"28611",191,"Ec_N",477,51,51,"Ec",18,1,0,0,0,1,0.646504780524047
"28612",191,"Ec_N",477,52,52,"Ec",18,1,0,0,0,1,0.646504780524047
"28613",191,"Ec_N",477,53,53,"Ec",18,1,0,0,0,1,0.646504780524047
"28614",191,"Ec_N",477,54,54,"Ec",18,1,0,0,0,1,0.646504780524047
"28615",191,"Ec_N",477,55,55,"Ec",18,1,0,0,0,1,0.646504780524047
"28616",191,"Ec_N",477,56,56,"Ec",18,1,0,0,0,1,0.646504780524047
"28617",191,"Ec_N",477,57,57,"Ec",18,1,0,0,0,1,0.646504780524047
"28618",191,"Ec_N",477,58,58,"Ec",18,1,0,0,0,1,0.646504780524047
"28619",191,"Ec_N",477,59,59,"Ec",18,1,0,0,0,1,0.646504780524047
"28620",191,"Ec_N",477,60,60,"Ec",18,1,0,0,0,1,0.646504780524047
"28621",191,"Ec_N",478,1,1,"Ec",1,0,0,0,0,0,0
"28622",191,"Ec_N",478,2,2,"Ec",1,0,0,0,0,0,0
"28623",191,"Ec_N",478,3,3,"Ec",1,0,0,0,0,0,0
"28624",191,"Ec_N",478,4,4,"Ec",3,0,1,0,0,0,0.041311480051295
"28625",191,"Ec_N",478,5,5,"Ec",3,0,1,0,0,0,0.041311480051295
"28626",191,"Ec_N",478,6,6,"Ec",3,0,1,0,0,0,0.041311480051295
"28627",191,"Ec_N",478,7,7,"Ec",3,0,1,0,0,0,0.041311480051295
"28628",191,"Ec_N",478,8,8,"Ec",3,0,1,0,0,0,0.041311480051295
"28629",191,"Ec_N",478,9,9,"Ec",3,0,1,0,0,0,0.041311480051295
"28630",191,"Ec_N",478,10,10,"Ec",3,0,1,0,0,0,0.041311480051295
"28631",191,"Ec_N",478,11,11,"Ec",3,0,1,0,0,0,0.041311480051295
"28632",191,"Ec_N",478,12,12,"Ec",11,0,1,0,1,0,0.0857419302602629
"28633",191,"Ec_N",478,13,13,"Ec",11,0,1,0,1,0,0.0857419302602629
"28634",191,"Ec_N",478,14,14,"Ec",11,0,1,0,1,0,0.0857419302602629
"28635",191,"Ec_N",478,15,15,"Ec",11,0,1,0,1,0,0.0857419302602629
"28636",191,"Ec_N",478,16,16,"Ec",11,0,1,0,1,0,0.0857419302602629
"28637",191,"Ec_N",478,17,17,"Ec",11,0,1,0,1,0,0.0857419302602629
"28638",191,"Ec_N",478,18,18,"Ec",11,0,1,0,1,0,0.0857419302602629
"28639",191,"Ec_N",478,19,19,"Ec",11,0,1,0,1,0,0.0857419302602629
"28640",191,"Ec_N",478,20,20,"Ec",11,0,1,0,1,0,0.0857419302602629
"28641",191,"Ec_N",478,21,21,"Ec",11,0,1,0,1,0,0.0857419302602629
"28642",191,"Ec_N",478,22,22,"Ec",11,0,1,0,1,0,0.0857419302602629
"28643",191,"Ec_N",478,23,23,"Ec",11,0,1,0,1,0,0.0857419302602629
"28644",191,"Ec_N",478,24,24,"Ec",11,0,1,0,1,0,0.0857419302602629
"28645",191,"Ec_N",478,25,25,"Ec",11,0,1,0,1,0,0.0857419302602629
"28646",191,"Ec_N",478,26,26,"Ec",12,1,1,0,1,0,0.259780205416137
"28647",191,"Ec_N",478,27,27,"Ec",12,1,1,0,1,0,0.259780205416137
"28648",191,"Ec_N",478,28,28,"Ec",12,1,1,0,1,0,0.259780205416137
"28649",191,"Ec_N",478,29,29,"Ec",12,1,1,0,1,0,0.259780205416137
"28650",191,"Ec_N",478,30,30,"Ec",28,1,1,0,1,1,0.681047421119041
"28651",191,"Ec_N",478,31,31,"Ec",28,1,1,0,1,1,0.681047421119041
"28652",191,"Ec_N",478,32,32,"Ec",28,1,1,0,1,1,0.681047421119041
"28653",191,"Ec_N",478,33,33,"Ec",28,1,1,0,1,1,0.681047421119041
"28654",191,"Ec_N",478,34,34,"Ec",28,1,1,0,1,1,0.681047421119041
"28655",191,"Ec_N",478,35,35,"Ec",28,1,1,0,1,1,0.681047421119041
"28656",191,"Ec_N",478,36,36,"Ec",28,1,1,0,1,1,0.681047421119041
"28657",191,"Ec_N",478,37,37,"Ec",28,1,1,0,1,1,0.681047421119041
"28658",191,"Ec_N",478,38,38,"Ec",28,1,1,0,1,1,0.681047421119041
"28659",191,"Ec_N",478,39,39,"Ec",28,1,1,0,1,1,0.681047421119041
"28660",191,"Ec_N",478,40,40,"Ec",28,1,1,0,1,1,0.681047421119041
"28661",191,"Ec_N",478,41,41,"Ec",28,1,1,0,1,1,0.681047421119041
"28662",191,"Ec_N",478,42,42,"Ec",28,1,1,0,1,1,0.681047421119041
"28663",191,"Ec_N",478,43,43,"Ec",28,1,1,0,1,1,0.681047421119041
"28664",191,"Ec_N",478,44,44,"Ec",28,1,1,0,1,1,0.681047421119041
"28665",191,"Ec_N",478,45,45,"Ec",28,1,1,0,1,1,0.681047421119041
"28666",191,"Ec_N",478,46,46,"Ec",28,1,1,0,1,1,0.681047421119041
"28667",191,"Ec_N",478,47,47,"Ec",28,1,1,0,1,1,0.681047421119041
"28668",191,"Ec_N",478,48,48,"Ec",28,1,1,0,1,1,0.681047421119041
"28669",191,"Ec_N",478,49,49,"Ec",28,1,1,0,1,1,0.681047421119041
"28670",191,"Ec_N",478,50,50,"Ec",28,1,1,0,1,1,0.681047421119041
"28671",191,"Ec_N",478,51,51,"Ec",28,1,1,0,1,1,0.681047421119041
"28672",191,"Ec_N",478,52,52,"Ec",28,1,1,0,1,1,0.681047421119041
"28673",191,"Ec_N",478,53,53,"Ec",28,1,1,0,1,1,0.681047421119041
"28674",191,"Ec_N",478,54,54,"Ec",28,1,1,0,1,1,0.681047421119041
"28675",191,"Ec_N",478,55,55,"Ec",28,1,1,0,1,1,0.681047421119041
"28676",191,"Ec_N",478,56,56,"Ec",28,1,1,0,1,1,0.681047421119041
"28677",191,"Ec_N",478,57,57,"Ec",28,1,1,0,1,1,0.681047421119041
"28678",191,"Ec_N",478,58,58,"Ec",28,1,1,0,1,1,0.681047421119041
"28679",191,"Ec_N",478,59,59,"Ec",28,1,1,0,1,1,0.681047421119041
"28680",191,"Ec_N",478,60,60,"Ec",28,1,1,0,1,1,0.681047421119041
"28681",191,"Ec_N",479,1,1,"Ec",1,0,0,0,0,0,0
"28682",191,"Ec_N",479,2,2,"Ec",17,0,0,0,0,1,0.229834113103391
"28683",191,"Ec_N",479,3,3,"Ec",17,0,0,0,0,1,0.229834113103391
"28684",191,"Ec_N",479,4,4,"Ec",17,0,0,0,0,1,0.229834113103391
"28685",191,"Ec_N",479,5,5,"Ec",17,0,0,0,0,1,0.229834113103391
"28686",191,"Ec_N",479,6,6,"Ec",17,0,0,0,0,1,0.229834113103391
"28687",191,"Ec_N",479,7,7,"Ec",25,0,0,0,1,1,0.403163568932085
"28688",191,"Ec_N",479,8,8,"Ec",25,0,0,0,1,1,0.403163568932085
"28689",191,"Ec_N",479,9,9,"Ec",25,0,0,0,1,1,0.403163568932085
"28690",191,"Ec_N",479,10,10,"Ec",25,0,0,0,1,1,0.403163568932085
"28691",191,"Ec_N",479,11,11,"Ec",25,0,0,0,1,1,0.403163568932085
"28692",191,"Ec_N",479,12,12,"Ec",25,0,0,0,1,1,0.403163568932085
"28693",191,"Ec_N",479,13,13,"Ec",25,0,0,0,1,1,0.403163568932085
"28694",191,"Ec_N",479,14,14,"Ec",25,0,0,0,1,1,0.403163568932085
"28695",191,"Ec_N",479,15,15,"Ec",25,0,0,0,1,1,0.403163568932085
"28696",191,"Ec_N",479,16,16,"Ec",25,0,0,0,1,1,0.403163568932085
"28697",191,"Ec_N",479,17,17,"Ec",25,0,0,0,1,1,0.403163568932085
"28698",191,"Ec_N",479,18,18,"Ec",25,0,0,0,1,1,0.403163568932085
"28699",191,"Ec_N",479,19,19,"Ec",25,0,0,0,1,1,0.403163568932085
"28700",191,"Ec_N",479,20,20,"Ec",25,0,0,0,1,1,0.403163568932085
"28701",191,"Ec_N",479,21,21,"Ec",25,0,0,0,1,1,0.403163568932085
"28702",191,"Ec_N",479,22,22,"Ec",25,0,0,0,1,1,0.403163568932085
"28703",191,"Ec_N",479,23,23,"Ec",25,0,0,0,1,1,0.403163568932085
"28704",191,"Ec_N",479,24,24,"Ec",25,0,0,0,1,1,0.403163568932085
"28705",191,"Ec_N",479,25,25,"Ec",25,0,0,0,1,1,0.403163568932085
"28706",191,"Ec_N",479,26,26,"Ec",25,0,0,0,1,1,0.403163568932085
"28707",191,"Ec_N",479,27,27,"Ec",26,1,0,0,1,1,0.514384015075299
"28708",191,"Ec_N",479,28,28,"Ec",26,1,0,0,1,1,0.514384015075299
"28709",191,"Ec_N",479,29,29,"Ec",26,1,0,0,1,1,0.514384015075299
"28710",191,"Ec_N",479,30,30,"Ec",26,1,0,0,1,1,0.514384015075299
"28711",191,"Ec_N",479,31,31,"Ec",26,1,0,0,1,1,0.514384015075299
"28712",191,"Ec_N",479,32,32,"Ec",26,1,0,0,1,1,0.514384015075299
"28713",191,"Ec_N",479,33,33,"Ec",26,1,0,0,1,1,0.514384015075299
"28714",191,"Ec_N",479,34,34,"Ec",18,1,0,0,0,1,0.646504780524047
"28715",191,"Ec_N",479,35,35,"Ec",22,1,0,1,0,1,0.92522428176681
"28716",191,"Ec_N",479,36,36,"Ec",22,1,0,1,0,1,0.92522428176681
"28717",191,"Ec_N",479,37,37,"Ec",22,1,0,1,0,1,0.92522428176681
"28718",191,"Ec_N",479,38,38,"Ec",22,1,0,1,0,1,0.92522428176681
"28719",191,"Ec_N",479,39,39,"Ec",22,1,0,1,0,1,0.92522428176681
"28720",191,"Ec_N",479,40,40,"Ec",24,1,1,1,0,1,0.969458006928044
"28721",191,"Ec_N",479,41,41,"Ec",24,1,1,1,0,1,0.969458006928044
"28722",191,"Ec_N",479,42,42,"Ec",24,1,1,1,0,1,0.969458006928044
"28723",191,"Ec_N",479,43,43,"Ec",24,1,1,1,0,1,0.969458006928044
"28724",191,"Ec_N",479,44,44,"Ec",24,1,1,1,0,1,0.969458006928044
"28725",191,"Ec_N",479,45,45,"Ec",24,1,1,1,0,1,0.969458006928044
"28726",191,"Ec_N",479,46,46,"Ec",24,1,1,1,0,1,0.969458006928044
"28727",191,"Ec_N",479,47,47,"Ec",24,1,1,1,0,1,0.969458006928044
"28728",191,"Ec_N",479,48,48,"Ec",24,1,1,1,0,1,0.969458006928044
"28729",191,"Ec_N",479,49,49,"Ec",24,1,1,1,0,1,0.969458006928044
"28730",191,"Ec_N",479,50,50,"Ec",24,1,1,1,0,1,0.969458006928044
"28731",191,"Ec_N",479,51,51,"Ec",24,1,1,1,0,1,0.969458006928044
"28732",191,"Ec_N",479,52,52,"Ec",24,1,1,1,0,1,0.969458006928044
"28733",191,"Ec_N",479,53,53,"Ec",24,1,1,1,0,1,0.969458006928044
"28734",191,"Ec_N",479,54,54,"Ec",24,1,1,1,0,1,0.969458006928044
"28735",191,"Ec_N",479,55,55,"Ec",24,1,1,1,0,1,0.969458006928044
"28736",191,"Ec_N",479,56,56,"Ec",24,1,1,1,0,1,0.969458006928044
"28737",191,"Ec_N",479,57,57,"Ec",24,1,1,1,0,1,0.969458006928044
"28738",191,"Ec_N",479,58,58,"Ec",32,1,1,1,1,1,1
"28739",191,"Ec_N",479,59,59,"Ec",32,1,1,1,1,1,1
"28740",191,"Ec_N",479,60,60,"Ec",32,1,1,1,1,1,1
"28741",191,"Ec_N",480,1,1,"Ec",1,0,0,0,0,0,0
"28742",191,"Ec_N",480,2,2,"Ec",1,0,0,0,0,0,0
"28743",191,"Ec_N",480,3,3,"Ec",1,0,0,0,0,0,0
"28744",191,"Ec_N",480,4,4,"Ec",1,0,0,0,0,0,0
"28745",191,"Ec_N",480,5,5,"Ec",1,0,0,0,0,0,0
"28746",191,"Ec_N",480,6,6,"Ec",1,0,0,0,0,0,0
"28747",191,"Ec_N",480,7,7,"Ec",1,0,0,0,0,0,0
"28748",191,"Ec_N",480,8,8,"Ec",1,0,0,0,0,0,0
"28749",191,"Ec_N",480,9,9,"Ec",1,0,0,0,0,0,0
"28750",191,"Ec_N",480,10,10,"Ec",1,0,0,0,0,0,0
"28751",191,"Ec_N",480,11,11,"Ec",1,0,0,0,0,0,0
"28752",191,"Ec_N",480,12,12,"Ec",1,0,0,0,0,0,0
"28753",191,"Ec_N",480,13,13,"Ec",1,0,0,0,0,0,0
"28754",191,"Ec_N",480,14,14,"Ec",1,0,0,0,0,0,0
"28755",191,"Ec_N",480,15,15,"Ec",1,0,0,0,0,0,0
"28756",191,"Ec_N",480,16,16,"Ec",1,0,0,0,0,0,0
"28757",191,"Ec_N",480,17,17,"Ec",1,0,0,0,0,0,0
"28758",191,"Ec_N",480,18,18,"Ec",1,0,0,0,0,0,0
"28759",191,"Ec_N",480,19,19,"Ec",1,0,0,0,0,0,0
"28760",191,"Ec_N",480,20,20,"Ec",1,0,0,0,0,0,0
"28761",191,"Ec_N",480,21,21,"Ec",1,0,0,0,0,0,0
"28762",191,"Ec_N",480,22,22,"Ec",2,1,0,0,0,0,0.198020370545937
"28763",191,"Ec_N",480,23,23,"Ec",2,1,0,0,0,0,0.198020370545937
"28764",191,"Ec_N",480,24,24,"Ec",18,1,0,0,0,1,0.646504780524047
"28765",191,"Ec_N",480,25,25,"Ec",18,1,0,0,0,1,0.646504780524047
"28766",191,"Ec_N",480,26,26,"Ec",18,1,0,0,0,1,0.646504780524047
"28767",191,"Ec_N",480,27,27,"Ec",18,1,0,0,0,1,0.646504780524047
"28768",191,"Ec_N",480,28,28,"Ec",18,1,0,0,0,1,0.646504780524047
"28769",191,"Ec_N",480,29,29,"Ec",18,1,0,0,0,1,0.646504780524047
"28770",191,"Ec_N",480,30,30,"Ec",22,1,0,1,0,1,0.92522428176681
"28771",191,"Ec_N",480,31,31,"Ec",22,1,0,1,0,1,0.92522428176681
"28772",191,"Ec_N",480,32,32,"Ec",22,1,0,1,0,1,0.92522428176681
"28773",191,"Ec_N",480,33,33,"Ec",22,1,0,1,0,1,0.92522428176681
"28774",191,"Ec_N",480,34,34,"Ec",22,1,0,1,0,1,0.92522428176681
"28775",191,"Ec_N",480,35,35,"Ec",22,1,0,1,0,1,0.92522428176681
"28776",191,"Ec_N",480,36,36,"Ec",22,1,0,1,0,1,0.92522428176681
"28777",191,"Ec_N",480,37,37,"Ec",22,1,0,1,0,1,0.92522428176681
"28778",191,"Ec_N",480,38,38,"Ec",22,1,0,1,0,1,0.92522428176681
"28779",191,"Ec_N",480,39,39,"Ec",22,1,0,1,0,1,0.92522428176681
"28780",191,"Ec_N",480,40,40,"Ec",22,1,0,1,0,1,0.92522428176681
"28781",191,"Ec_N",480,41,41,"Ec",22,1,0,1,0,1,0.92522428176681
"28782",191,"Ec_N",480,42,42,"Ec",22,1,0,1,0,1,0.92522428176681
"28783",191,"Ec_N",480,43,43,"Ec",22,1,0,1,0,1,0.92522428176681
"28784",191,"Ec_N",480,44,44,"Ec",22,1,0,1,0,1,0.92522428176681
"28785",191,"Ec_N",480,45,45,"Ec",22,1,0,1,0,1,0.92522428176681
"28786",191,"Ec_N",480,46,46,"Ec",24,1,1,1,0,1,0.969458006928044
"28787",191,"Ec_N",480,47,47,"Ec",24,1,1,1,0,1,0.969458006928044
"28788",191,"Ec_N",480,48,48,"Ec",24,1,1,1,0,1,0.969458006928044
"28789",191,"Ec_N",480,49,49,"Ec",24,1,1,1,0,1,0.969458006928044
"28790",191,"Ec_N",480,50,50,"Ec",24,1,1,1,0,1,0.969458006928044
"28791",191,"Ec_N",480,51,51,"Ec",24,1,1,1,0,1,0.969458006928044
"28792",191,"Ec_N",480,52,52,"Ec",24,1,1,1,0,1,0.969458006928044
"28793",191,"Ec_N",480,53,53,"Ec",24,1,1,1,0,1,0.969458006928044
"28794",191,"Ec_N",480,54,54,"Ec",24,1,1,1,0,1,0.969458006928044
"28795",191,"Ec_N",480,55,55,"Ec",24,1,1,1,0,1,0.969458006928044
"28796",191,"Ec_N",480,56,56,"Ec",24,1,1,1,0,1,0.969458006928044
"28797",191,"Ec_N",480,57,57,"Ec",24,1,1,1,0,1,0.969458006928044
"28798",191,"Ec_N",480,58,58,"Ec",24,1,1,1,0,1,0.969458006928044
"28799",191,"Ec_N",480,59,59,"Ec",24,1,1,1,0,1,0.969458006928044
"28800",191,"Ec_N",480,60,60,"Ec",24,1,1,1,0,1,0.969458006928044
"28801",191,"Ec_N",481,1,1,"Ec",1,0,0,0,0,0,0
"28802",191,"Ec_N",481,2,2,"Ec",1,0,0,0,0,0,0
"28803",191,"Ec_N",481,3,3,"Ec",1,0,0,0,0,0,0
"28804",191,"Ec_N",481,4,4,"Ec",1,0,0,0,0,0,0
"28805",191,"Ec_N",481,5,5,"Ec",1,0,0,0,0,0,0
"28806",191,"Ec_N",481,6,6,"Ec",17,0,0,0,0,1,0.229834113103391
"28807",191,"Ec_N",481,7,7,"Ec",18,1,0,0,0,1,0.646504780524047
"28808",191,"Ec_N",481,8,8,"Ec",18,1,0,0,0,1,0.646504780524047
"28809",191,"Ec_N",481,9,9,"Ec",18,1,0,0,0,1,0.646504780524047
"28810",191,"Ec_N",481,10,10,"Ec",18,1,0,0,0,1,0.646504780524047
"28811",191,"Ec_N",481,11,11,"Ec",18,1,0,0,0,1,0.646504780524047
"28812",191,"Ec_N",481,12,12,"Ec",18,1,0,0,0,1,0.646504780524047
"28813",191,"Ec_N",481,13,13,"Ec",18,1,0,0,0,1,0.646504780524047
"28814",191,"Ec_N",481,14,14,"Ec",18,1,0,0,0,1,0.646504780524047
"28815",191,"Ec_N",481,15,15,"Ec",18,1,0,0,0,1,0.646504780524047
"28816",191,"Ec_N",481,16,16,"Ec",18,1,0,0,0,1,0.646504780524047
"28817",191,"Ec_N",481,17,17,"Ec",18,1,0,0,0,1,0.646504780524047
"28818",191,"Ec_N",481,18,18,"Ec",18,1,0,0,0,1,0.646504780524047
"28819",191,"Ec_N",481,19,19,"Ec",18,1,0,0,0,1,0.646504780524047
"28820",191,"Ec_N",481,20,20,"Ec",18,1,0,0,0,1,0.646504780524047
"28821",191,"Ec_N",481,21,21,"Ec",18,1,0,0,0,1,0.646504780524047
"28822",191,"Ec_N",481,22,22,"Ec",18,1,0,0,0,1,0.646504780524047
"28823",191,"Ec_N",481,23,23,"Ec",18,1,0,0,0,1,0.646504780524047
"28824",191,"Ec_N",481,24,24,"Ec",18,1,0,0,0,1,0.646504780524047
"28825",191,"Ec_N",481,25,25,"Ec",18,1,0,0,0,1,0.646504780524047
"28826",191,"Ec_N",481,26,26,"Ec",18,1,0,0,0,1,0.646504780524047
"28827",191,"Ec_N",481,27,27,"Ec",18,1,0,0,0,1,0.646504780524047
"28828",191,"Ec_N",481,28,28,"Ec",18,1,0,0,0,1,0.646504780524047
"28829",191,"Ec_N",481,29,29,"Ec",18,1,0,0,0,1,0.646504780524047
"28830",191,"Ec_N",481,30,30,"Ec",18,1,0,0,0,1,0.646504780524047
"28831",191,"Ec_N",481,31,31,"Ec",18,1,0,0,0,1,0.646504780524047
"28832",191,"Ec_N",481,32,32,"Ec",18,1,0,0,0,1,0.646504780524047
"28833",191,"Ec_N",481,33,33,"Ec",18,1,0,0,0,1,0.646504780524047
"28834",191,"Ec_N",481,34,34,"Ec",18,1,0,0,0,1,0.646504780524047
"28835",191,"Ec_N",481,35,35,"Ec",18,1,0,0,0,1,0.646504780524047
"28836",191,"Ec_N",481,36,36,"Ec",18,1,0,0,0,1,0.646504780524047
"28837",191,"Ec_N",481,37,37,"Ec",18,1,0,0,0,1,0.646504780524047
"28838",191,"Ec_N",481,38,38,"Ec",18,1,0,0,0,1,0.646504780524047
"28839",191,"Ec_N",481,39,39,"Ec",18,1,0,0,0,1,0.646504780524047
"28840",191,"Ec_N",481,40,40,"Ec",22,1,0,1,0,1,0.92522428176681
"28841",191,"Ec_N",481,41,41,"Ec",22,1,0,1,0,1,0.92522428176681
"28842",191,"Ec_N",481,42,42,"Ec",22,1,0,1,0,1,0.92522428176681
"28843",191,"Ec_N",481,43,43,"Ec",30,1,0,1,1,1,0.958688519948705
"28844",191,"Ec_N",481,44,44,"Ec",30,1,0,1,1,1,0.958688519948705
"28845",191,"Ec_N",481,45,45,"Ec",30,1,0,1,1,1,0.958688519948705
"28846",191,"Ec_N",481,46,46,"Ec",30,1,0,1,1,1,0.958688519948705
"28847",191,"Ec_N",481,47,47,"Ec",30,1,0,1,1,1,0.958688519948705
"28848",191,"Ec_N",481,48,48,"Ec",30,1,0,1,1,1,0.958688519948705
"28849",191,"Ec_N",481,49,49,"Ec",30,1,0,1,1,1,0.958688519948705
"28850",191,"Ec_N",481,50,50,"Ec",30,1,0,1,1,1,0.958688519948705
"28851",191,"Ec_N",481,51,51,"Ec",32,1,1,1,1,1,1
"28852",191,"Ec_N",481,52,52,"Ec",32,1,1,1,1,1,1
"28853",191,"Ec_N",481,53,53,"Ec",32,1,1,1,1,1,1
"28854",191,"Ec_N",481,54,54,"Ec",32,1,1,1,1,1,1
"28855",191,"Ec_N",481,55,55,"Ec",32,1,1,1,1,1,1
"28856",191,"Ec_N",481,56,56,"Ec",32,1,1,1,1,1,1
"28857",191,"Ec_N",481,57,57,"Ec",32,1,1,1,1,1,1
"28858",191,"Ec_N",481,58,58,"Ec",32,1,1,1,1,1,1
"28859",191,"Ec_N",481,59,59,"Ec",32,1,1,1,1,1,1
"28860",191,"Ec_N",481,60,60,"Ec",32,1,1,1,1,1,1
"28861",191,"Ec_N",482,1,1,"Ec",1,0,0,0,0,0,0
"28862",191,"Ec_N",482,2,2,"Ec",1,0,0,0,0,0,0
"28863",191,"Ec_N",482,3,3,"Ec",1,0,0,0,0,0,0
"28864",191,"Ec_N",482,4,4,"Ec",17,0,0,0,0,1,0.229834113103391
"28865",191,"Ec_N",482,5,5,"Ec",17,0,0,0,0,1,0.229834113103391
"28866",191,"Ec_N",482,6,6,"Ec",17,0,0,0,0,1,0.229834113103391
"28867",191,"Ec_N",482,7,7,"Ec",17,0,0,0,0,1,0.229834113103391
"28868",191,"Ec_N",482,8,8,"Ec",17,0,0,0,0,1,0.229834113103391
"28869",191,"Ec_N",482,9,9,"Ec",17,0,0,0,0,1,0.229834113103391
"28870",191,"Ec_N",482,10,10,"Ec",17,0,0,0,0,1,0.229834113103391
"28871",191,"Ec_N",482,11,11,"Ec",18,1,0,0,0,1,0.646504780524047
"28872",191,"Ec_N",482,12,12,"Ec",18,1,0,0,0,1,0.646504780524047
"28873",191,"Ec_N",482,13,13,"Ec",18,1,0,0,0,1,0.646504780524047
"28874",191,"Ec_N",482,14,14,"Ec",18,1,0,0,0,1,0.646504780524047
"28875",191,"Ec_N",482,15,15,"Ec",18,1,0,0,0,1,0.646504780524047
"28876",191,"Ec_N",482,16,16,"Ec",18,1,0,0,0,1,0.646504780524047
"28877",191,"Ec_N",482,17,17,"Ec",18,1,0,0,0,1,0.646504780524047
"28878",191,"Ec_N",482,18,18,"Ec",18,1,0,0,0,1,0.646504780524047
"28879",191,"Ec_N",482,19,19,"Ec",18,1,0,0,0,1,0.646504780524047
"28880",191,"Ec_N",482,20,20,"Ec",18,1,0,0,0,1,0.646504780524047
"28881",191,"Ec_N",482,21,21,"Ec",18,1,0,0,0,1,0.646504780524047
"28882",191,"Ec_N",482,22,22,"Ec",18,1,0,0,0,1,0.646504780524047
"28883",191,"Ec_N",482,23,23,"Ec",18,1,0,0,0,1,0.646504780524047
"28884",191,"Ec_N",482,24,24,"Ec",18,1,0,0,0,1,0.646504780524047
"28885",191,"Ec_N",482,25,25,"Ec",22,1,0,1,0,1,0.92522428176681
"28886",191,"Ec_N",482,26,26,"Ec",22,1,0,1,0,1,0.92522428176681
"28887",191,"Ec_N",482,27,27,"Ec",22,1,0,1,0,1,0.92522428176681
"28888",191,"Ec_N",482,28,28,"Ec",22,1,0,1,0,1,0.92522428176681
"28889",191,"Ec_N",482,29,29,"Ec",22,1,0,1,0,1,0.92522428176681
"28890",191,"Ec_N",482,30,30,"Ec",22,1,0,1,0,1,0.92522428176681
"28891",191,"Ec_N",482,31,31,"Ec",22,1,0,1,0,1,0.92522428176681
"28892",191,"Ec_N",482,32,32,"Ec",22,1,0,1,0,1,0.92522428176681
"28893",191,"Ec_N",482,33,33,"Ec",22,1,0,1,0,1,0.92522428176681
"28894",191,"Ec_N",482,34,34,"Ec",22,1,0,1,0,1,0.92522428176681
"28895",191,"Ec_N",482,35,35,"Ec",22,1,0,1,0,1,0.92522428176681
"28896",191,"Ec_N",482,36,36,"Ec",22,1,0,1,0,1,0.92522428176681
"28897",191,"Ec_N",482,37,37,"Ec",24,1,1,1,0,1,0.969458006928044
"28898",191,"Ec_N",482,38,38,"Ec",24,1,1,1,0,1,0.969458006928044
"28899",191,"Ec_N",482,39,39,"Ec",24,1,1,1,0,1,0.969458006928044
"28900",191,"Ec_N",482,40,40,"Ec",24,1,1,1,0,1,0.969458006928044
"28901",191,"Ec_N",482,41,41,"Ec",24,1,1,1,0,1,0.969458006928044
"28902",191,"Ec_N",482,42,42,"Ec",24,1,1,1,0,1,0.969458006928044
"28903",191,"Ec_N",482,43,43,"Ec",24,1,1,1,0,1,0.969458006928044
"28904",191,"Ec_N",482,44,44,"Ec",24,1,1,1,0,1,0.969458006928044
"28905",191,"Ec_N",482,45,45,"Ec",24,1,1,1,0,1,0.969458006928044
"28906",191,"Ec_N",482,46,46,"Ec",24,1,1,1,0,1,0.969458006928044
"28907",191,"Ec_N",482,47,47,"Ec",32,1,1,1,1,1,1
"28908",191,"Ec_N",482,48,48,"Ec",32,1,1,1,1,1,1
"28909",191,"Ec_N",482,49,49,"Ec",32,1,1,1,1,1,1
"28910",191,"Ec_N",482,50,50,"Ec",32,1,1,1,1,1,1
"28911",191,"Ec_N",482,51,51,"Ec",32,1,1,1,1,1,1
"28912",191,"Ec_N",482,52,52,"Ec",32,1,1,1,1,1,1
"28913",191,"Ec_N",482,53,53,"Ec",32,1,1,1,1,1,1
"28914",191,"Ec_N",482,54,54,"Ec",32,1,1,1,1,1,1
"28915",191,"Ec_N",482,55,55,"Ec",32,1,1,1,1,1,1
"28916",191,"Ec_N",482,56,56,"Ec",32,1,1,1,1,1,1
"28917",191,"Ec_N",482,57,57,"Ec",32,1,1,1,1,1,1
"28918",191,"Ec_N",482,58,58,"Ec",32,1,1,1,1,1,1
"28919",191,"Ec_N",482,59,59,"Ec",32,1,1,1,1,1,1
"28920",191,"Ec_N",482,60,60,"Ec",32,1,1,1,1,1,1
"28921",191,"Ec_N",483,1,1,"Ec",1,0,0,0,0,0,0
"28922",191,"Ec_N",483,2,2,"Ec",1,0,0,0,0,0,0
"28923",191,"Ec_N",483,3,3,"Ec",1,0,0,0,0,0,0
"28924",191,"Ec_N",483,4,4,"Ec",1,0,0,0,0,0,0
"28925",191,"Ec_N",483,5,5,"Ec",1,0,0,0,0,0,0
"28926",191,"Ec_N",483,6,6,"Ec",9,0,0,0,1,0,0.0305419930719563
"28927",191,"Ec_N",483,7,7,"Ec",9,0,0,0,1,0,0.0305419930719563
"28928",191,"Ec_N",483,8,8,"Ec",9,0,0,0,1,0,0.0305419930719563
"28929",191,"Ec_N",483,9,9,"Ec",9,0,0,0,1,0,0.0305419930719563
"28930",191,"Ec_N",483,10,10,"Ec",9,0,0,0,1,0,0.0305419930719563
"28931",191,"Ec_N",483,11,11,"Ec",9,0,0,0,1,0,0.0305419930719563
"28932",191,"Ec_N",483,12,12,"Ec",9,0,0,0,1,0,0.0305419930719563
"28933",191,"Ec_N",483,13,13,"Ec",9,0,0,0,1,0,0.0305419930719563
"28934",191,"Ec_N",483,14,14,"Ec",10,1,0,0,1,0,0.228562363617893
"28935",191,"Ec_N",483,15,15,"Ec",10,1,0,0,1,0,0.228562363617893
"28936",191,"Ec_N",483,16,16,"Ec",10,1,0,0,1,0,0.228562363617893
"28937",191,"Ec_N",483,17,17,"Ec",10,1,0,0,1,0,0.228562363617893
"28938",191,"Ec_N",483,18,18,"Ec",10,1,0,0,1,0,0.228562363617893
"28939",191,"Ec_N",483,19,19,"Ec",10,1,0,0,1,0,0.228562363617893
"28940",191,"Ec_N",483,20,20,"Ec",10,1,0,0,1,0,0.228562363617893
"28941",191,"Ec_N",483,21,21,"Ec",10,1,0,0,1,0,0.228562363617893
"28942",191,"Ec_N",483,22,22,"Ec",10,1,0,0,1,0,0.228562363617893
"28943",191,"Ec_N",483,23,23,"Ec",10,1,0,0,1,0,0.228562363617893
"28944",191,"Ec_N",483,24,24,"Ec",10,1,0,0,1,0,0.228562363617893
"28945",191,"Ec_N",483,25,25,"Ec",26,1,0,0,1,1,0.514384015075299
"28946",191,"Ec_N",483,26,26,"Ec",26,1,0,0,1,1,0.514384015075299
"28947",191,"Ec_N",483,27,27,"Ec",26,1,0,0,1,1,0.514384015075299
"28948",191,"Ec_N",483,28,28,"Ec",26,1,0,0,1,1,0.514384015075299
"28949",191,"Ec_N",483,29,29,"Ec",26,1,0,0,1,1,0.514384015075299
"28950",191,"Ec_N",483,30,30,"Ec",26,1,0,0,1,1,0.514384015075299
"28951",191,"Ec_N",483,31,31,"Ec",26,1,0,0,1,1,0.514384015075299
"28952",191,"Ec_N",483,32,32,"Ec",28,1,1,0,1,1,0.681047421119041
"28953",191,"Ec_N",483,33,33,"Ec",28,1,1,0,1,1,0.681047421119041
"28954",191,"Ec_N",483,34,34,"Ec",28,1,1,0,1,1,0.681047421119041
"28955",191,"Ec_N",483,35,35,"Ec",28,1,1,0,1,1,0.681047421119041
"28956",191,"Ec_N",483,36,36,"Ec",28,1,1,0,1,1,0.681047421119041
"28957",191,"Ec_N",483,37,37,"Ec",28,1,1,0,1,1,0.681047421119041
"28958",191,"Ec_N",483,38,38,"Ec",28,1,1,0,1,1,0.681047421119041
"28959",191,"Ec_N",483,39,39,"Ec",28,1,1,0,1,1,0.681047421119041
"28960",191,"Ec_N",483,40,40,"Ec",28,1,1,0,1,1,0.681047421119041
"28961",191,"Ec_N",483,41,41,"Ec",28,1,1,0,1,1,0.681047421119041
"28962",191,"Ec_N",483,42,42,"Ec",28,1,1,0,1,1,0.681047421119041
"28963",191,"Ec_N",483,43,43,"Ec",28,1,1,0,1,1,0.681047421119041
"28964",191,"Ec_N",483,44,44,"Ec",28,1,1,0,1,1,0.681047421119041
"28965",191,"Ec_N",483,45,45,"Ec",28,1,1,0,1,1,0.681047421119041
"28966",191,"Ec_N",483,46,46,"Ec",28,1,1,0,1,1,0.681047421119041
"28967",191,"Ec_N",483,47,47,"Ec",32,1,1,1,1,1,1
"28968",191,"Ec_N",483,48,48,"Ec",32,1,1,1,1,1,1
"28969",191,"Ec_N",483,49,49,"Ec",32,1,1,1,1,1,1
"28970",191,"Ec_N",483,50,50,"Ec",32,1,1,1,1,1,1
"28971",191,"Ec_N",483,51,51,"Ec",32,1,1,1,1,1,1
"28972",191,"Ec_N",483,52,52,"Ec",32,1,1,1,1,1,1
"28973",191,"Ec_N",483,53,53,"Ec",32,1,1,1,1,1,1
"28974",191,"Ec_N",483,54,54,"Ec",32,1,1,1,1,1,1
"28975",191,"Ec_N",483,55,55,"Ec",32,1,1,1,1,1,1
"28976",191,"Ec_N",483,56,56,"Ec",32,1,1,1,1,1,1
"28977",191,"Ec_N",483,57,57,"Ec",32,1,1,1,1,1,1
"28978",191,"Ec_N",483,58,58,"Ec",32,1,1,1,1,1,1
"28979",191,"Ec_N",483,59,59,"Ec",32,1,1,1,1,1,1
"28980",191,"Ec_N",483,60,60,"Ec",32,1,1,1,1,1,1
"28981",191,"Ec_N",484,1,1,"Ec",1,0,0,0,0,0,0
"28982",191,"Ec_N",484,2,2,"Ec",1,0,0,0,0,0,0
"28983",191,"Ec_N",484,3,3,"Ec",1,0,0,0,0,0,0
"28984",191,"Ec_N",484,4,4,"Ec",3,0,1,0,0,0,0.041311480051295
"28985",191,"Ec_N",484,5,5,"Ec",3,0,1,0,0,0,0.041311480051295
"28986",191,"Ec_N",484,6,6,"Ec",11,0,1,0,1,0,0.0857419302602629
"28987",191,"Ec_N",484,7,7,"Ec",11,0,1,0,1,0,0.0857419302602629
"28988",191,"Ec_N",484,8,8,"Ec",11,0,1,0,1,0,0.0857419302602629
"28989",191,"Ec_N",484,9,9,"Ec",11,0,1,0,1,0,0.0857419302602629
"28990",191,"Ec_N",484,10,10,"Ec",15,0,1,1,1,0,0.437080043527332
"28991",191,"Ec_N",484,11,11,"Ec",15,0,1,1,1,0,0.437080043527332
"28992",191,"Ec_N",484,12,12,"Ec",31,0,1,1,1,1,0.801979629454064
"28993",191,"Ec_N",484,13,13,"Ec",31,0,1,1,1,1,0.801979629454064
"28994",191,"Ec_N",484,14,14,"Ec",31,0,1,1,1,1,0.801979629454064
"28995",191,"Ec_N",484,15,15,"Ec",31,0,1,1,1,1,0.801979629454064
"28996",191,"Ec_N",484,16,16,"Ec",31,0,1,1,1,1,0.801979629454064
"28997",191,"Ec_N",484,17,17,"Ec",31,0,1,1,1,1,0.801979629454064
"28998",191,"Ec_N",484,18,18,"Ec",31,0,1,1,1,1,0.801979629454064
"28999",191,"Ec_N",484,19,19,"Ec",31,0,1,1,1,1,0.801979629454064
"29000",191,"Ec_N",484,20,20,"Ec",32,1,1,1,1,1,1
"29001",191,"Ec_N",484,21,21,"Ec",32,1,1,1,1,1,1
"29002",191,"Ec_N",484,22,22,"Ec",32,1,1,1,1,1,1
"29003",191,"Ec_N",484,23,23,"Ec",32,1,1,1,1,1,1
"29004",191,"Ec_N",484,24,24,"Ec",32,1,1,1,1,1,1
"29005",191,"Ec_N",484,25,25,"Ec",32,1,1,1,1,1,1
"29006",191,"Ec_N",484,26,26,"Ec",32,1,1,1,1,1,1
"29007",191,"Ec_N",484,27,27,"Ec",32,1,1,1,1,1,1
"29008",191,"Ec_N",484,28,28,"Ec",32,1,1,1,1,1,1
"29009",191,"Ec_N",484,29,29,"Ec",32,1,1,1,1,1,1
"29010",191,"Ec_N",484,30,30,"Ec",32,1,1,1,1,1,1
"29011",191,"Ec_N",484,31,31,"Ec",32,1,1,1,1,1,1
"29012",191,"Ec_N",484,32,32,"Ec",32,1,1,1,1,1,1
"29013",191,"Ec_N",484,33,33,"Ec",32,1,1,1,1,1,1
"29014",191,"Ec_N",484,34,34,"Ec",32,1,1,1,1,1,1
"29015",191,"Ec_N",484,35,35,"Ec",32,1,1,1,1,1,1
"29016",191,"Ec_N",484,36,36,"Ec",32,1,1,1,1,1,1
"29017",191,"Ec_N",484,37,37,"Ec",32,1,1,1,1,1,1
"29018",191,"Ec_N",484,38,38,"Ec",32,1,1,1,1,1,1
"29019",191,"Ec_N",484,39,39,"Ec",32,1,1,1,1,1,1
"29020",191,"Ec_N",484,40,40,"Ec",32,1,1,1,1,1,1
"29021",191,"Ec_N",484,41,41,"Ec",32,1,1,1,1,1,1
"29022",191,"Ec_N",484,42,42,"Ec",32,1,1,1,1,1,1
"29023",191,"Ec_N",484,43,43,"Ec",32,1,1,1,1,1,1
"29024",191,"Ec_N",484,44,44,"Ec",32,1,1,1,1,1,1
"29025",191,"Ec_N",484,45,45,"Ec",32,1,1,1,1,1,1
"29026",191,"Ec_N",484,46,46,"Ec",32,1,1,1,1,1,1
"29027",191,"Ec_N",484,47,47,"Ec",32,1,1,1,1,1,1
"29028",191,"Ec_N",484,48,48,"Ec",32,1,1,1,1,1,1
"29029",191,"Ec_N",484,49,49,"Ec",32,1,1,1,1,1,1
"29030",191,"Ec_N",484,50,50,"Ec",32,1,1,1,1,1,1
"29031",191,"Ec_N",484,51,51,"Ec",32,1,1,1,1,1,1
"29032",191,"Ec_N",484,52,52,"Ec",32,1,1,1,1,1,1
"29033",191,"Ec_N",484,53,53,"Ec",32,1,1,1,1,1,1
"29034",191,"Ec_N",484,54,54,"Ec",32,1,1,1,1,1,1
"29035",191,"Ec_N",484,55,55,"Ec",32,1,1,1,1,1,1
"29036",191,"Ec_N",484,56,56,"Ec",32,1,1,1,1,1,1
"29037",191,"Ec_N",484,57,57,"Ec",32,1,1,1,1,1,1
"29038",191,"Ec_N",484,58,58,"Ec",32,1,1,1,1,1,1
"29039",191,"Ec_N",484,59,59,"Ec",32,1,1,1,1,1,1
"29040",191,"Ec_N",484,60,60,"Ec",32,1,1,1,1,1,1
"29041",191,"Ec_N",485,1,1,"Ec",1,0,0,0,0,0,0
"29042",191,"Ec_N",485,2,2,"Ec",1,0,0,0,0,0,0
"29043",191,"Ec_N",485,3,3,"Ec",5,0,0,1,0,0,0.49313446766664
"29044",191,"Ec_N",485,4,4,"Ec",5,0,0,1,0,0,0.49313446766664
"29045",191,"Ec_N",485,5,5,"Ec",5,0,0,1,0,0,0.49313446766664
"29046",191,"Ec_N",485,6,6,"Ec",6,1,0,1,0,0,0.542157591427696
"29047",191,"Ec_N",485,7,7,"Ec",6,1,0,1,0,0,0.542157591427696
"29048",191,"Ec_N",485,8,8,"Ec",22,1,0,1,0,1,0.92522428176681
"29049",191,"Ec_N",485,9,9,"Ec",22,1,0,1,0,1,0.92522428176681
"29050",191,"Ec_N",485,10,10,"Ec",22,1,0,1,0,1,0.92522428176681
"29051",191,"Ec_N",485,11,11,"Ec",22,1,0,1,0,1,0.92522428176681
"29052",191,"Ec_N",485,12,12,"Ec",22,1,0,1,0,1,0.92522428176681
"29053",191,"Ec_N",485,13,13,"Ec",22,1,0,1,0,1,0.92522428176681
"29054",191,"Ec_N",485,14,14,"Ec",22,1,0,1,0,1,0.92522428176681
"29055",191,"Ec_N",485,15,15,"Ec",22,1,0,1,0,1,0.92522428176681
"29056",191,"Ec_N",485,16,16,"Ec",22,1,0,1,0,1,0.92522428176681
"29057",191,"Ec_N",485,17,17,"Ec",24,1,1,1,0,1,0.969458006928044
"29058",191,"Ec_N",485,18,18,"Ec",24,1,1,1,0,1,0.969458006928044
"29059",191,"Ec_N",485,19,19,"Ec",24,1,1,1,0,1,0.969458006928044
"29060",191,"Ec_N",485,20,20,"Ec",24,1,1,1,0,1,0.969458006928044
"29061",191,"Ec_N",485,21,21,"Ec",24,1,1,1,0,1,0.969458006928044
"29062",191,"Ec_N",485,22,22,"Ec",24,1,1,1,0,1,0.969458006928044
"29063",191,"Ec_N",485,23,23,"Ec",24,1,1,1,0,1,0.969458006928044
"29064",191,"Ec_N",485,24,24,"Ec",24,1,1,1,0,1,0.969458006928044
"29065",191,"Ec_N",485,25,25,"Ec",32,1,1,1,1,1,1
"29066",191,"Ec_N",485,26,26,"Ec",32,1,1,1,1,1,1
"29067",191,"Ec_N",485,27,27,"Ec",32,1,1,1,1,1,1
"29068",191,"Ec_N",485,28,28,"Ec",32,1,1,1,1,1,1
"29069",191,"Ec_N",485,29,29,"Ec",32,1,1,1,1,1,1
"29070",191,"Ec_N",485,30,30,"Ec",32,1,1,1,1,1,1
"29071",191,"Ec_N",485,31,31,"Ec",32,1,1,1,1,1,1
"29072",191,"Ec_N",485,32,32,"Ec",32,1,1,1,1,1,1
"29073",191,"Ec_N",485,33,33,"Ec",32,1,1,1,1,1,1
"29074",191,"Ec_N",485,34,34,"Ec",32,1,1,1,1,1,1
"29075",191,"Ec_N",485,35,35,"Ec",32,1,1,1,1,1,1
"29076",191,"Ec_N",485,36,36,"Ec",32,1,1,1,1,1,1
"29077",191,"Ec_N",485,37,37,"Ec",32,1,1,1,1,1,1
"29078",191,"Ec_N",485,38,38,"Ec",32,1,1,1,1,1,1
"29079",191,"Ec_N",485,39,39,"Ec",32,1,1,1,1,1,1
"29080",191,"Ec_N",485,40,40,"Ec",32,1,1,1,1,1,1
"29081",191,"Ec_N",485,41,41,"Ec",32,1,1,1,1,1,1
"29082",191,"Ec_N",485,42,42,"Ec",32,1,1,1,1,1,1
"29083",191,"Ec_N",485,43,43,"Ec",32,1,1,1,1,1,1
"29084",191,"Ec_N",485,44,44,"Ec",32,1,1,1,1,1,1
"29085",191,"Ec_N",485,45,45,"Ec",32,1,1,1,1,1,1
"29086",191,"Ec_N",485,46,46,"Ec",32,1,1,1,1,1,1
"29087",191,"Ec_N",485,47,47,"Ec",32,1,1,1,1,1,1
"29088",191,"Ec_N",485,48,48,"Ec",32,1,1,1,1,1,1
"29089",191,"Ec_N",485,49,49,"Ec",32,1,1,1,1,1,1
"29090",191,"Ec_N",485,50,50,"Ec",32,1,1,1,1,1,1
"29091",191,"Ec_N",485,51,51,"Ec",32,1,1,1,1,1,1
"29092",191,"Ec_N",485,52,52,"Ec",32,1,1,1,1,1,1
"29093",191,"Ec_N",485,53,53,"Ec",32,1,1,1,1,1,1
"29094",191,"Ec_N",485,54,54,"Ec",32,1,1,1,1,1,1
"29095",191,"Ec_N",485,55,55,"Ec",32,1,1,1,1,1,1
"29096",191,"Ec_N",485,56,56,"Ec",32,1,1,1,1,1,1
"29097",191,"Ec_N",485,57,57,"Ec",32,1,1,1,1,1,1
"29098",191,"Ec_N",485,58,58,"Ec",32,1,1,1,1,1,1
"29099",191,"Ec_N",485,59,59,"Ec",32,1,1,1,1,1,1
"29100",191,"Ec_N",485,60,60,"Ec",32,1,1,1,1,1,1
"29101",191,"Ec_N",486,1,1,"Ec",1,0,0,0,0,0,0
"29102",191,"Ec_N",486,2,2,"Ec",1,0,0,0,0,0,0
"29103",191,"Ec_N",486,3,3,"Ec",9,0,0,0,1,0,0.0305419930719563
"29104",191,"Ec_N",486,4,4,"Ec",9,0,0,0,1,0,0.0305419930719563
"29105",191,"Ec_N",486,5,5,"Ec",9,0,0,0,1,0,0.0305419930719563
"29106",191,"Ec_N",486,6,6,"Ec",9,0,0,0,1,0,0.0305419930719563
"29107",191,"Ec_N",486,7,7,"Ec",9,0,0,0,1,0,0.0305419930719563
"29108",191,"Ec_N",486,8,8,"Ec",9,0,0,0,1,0,0.0305419930719563
"29109",191,"Ec_N",486,9,9,"Ec",11,0,1,0,1,0,0.0857419302602629
"29110",191,"Ec_N",486,10,10,"Ec",11,0,1,0,1,0,0.0857419302602629
"29111",191,"Ec_N",486,11,11,"Ec",11,0,1,0,1,0,0.0857419302602629
"29112",191,"Ec_N",486,12,12,"Ec",11,0,1,0,1,0,0.0857419302602629
"29113",191,"Ec_N",486,13,13,"Ec",11,0,1,0,1,0,0.0857419302602629
"29114",191,"Ec_N",486,14,14,"Ec",11,0,1,0,1,0,0.0857419302602629
"29115",191,"Ec_N",486,15,15,"Ec",11,0,1,0,1,0,0.0857419302602629
"29116",191,"Ec_N",486,16,16,"Ec",11,0,1,0,1,0,0.0857419302602629
"29117",191,"Ec_N",486,17,17,"Ec",12,1,1,0,1,0,0.259780205416137
"29118",191,"Ec_N",486,18,18,"Ec",16,1,1,1,1,0,0.456015583082203
"29119",191,"Ec_N",486,19,19,"Ec",16,1,1,1,1,0,0.456015583082203
"29120",191,"Ec_N",486,20,20,"Ec",16,1,1,1,1,0,0.456015583082203
"29121",191,"Ec_N",486,21,21,"Ec",16,1,1,1,1,0,0.456015583082203
"29122",191,"Ec_N",486,22,22,"Ec",16,1,1,1,1,0,0.456015583082203
"29123",191,"Ec_N",486,23,23,"Ec",16,1,1,1,1,0,0.456015583082203
"29124",191,"Ec_N",486,24,24,"Ec",16,1,1,1,1,0,0.456015583082203
"29125",191,"Ec_N",486,25,25,"Ec",16,1,1,1,1,0,0.456015583082203
"29126",191,"Ec_N",486,26,26,"Ec",16,1,1,1,1,0,0.456015583082203
"29127",191,"Ec_N",486,27,27,"Ec",16,1,1,1,1,0,0.456015583082203
"29128",191,"Ec_N",486,28,28,"Ec",16,1,1,1,1,0,0.456015583082203
"29129",191,"Ec_N",486,29,29,"Ec",16,1,1,1,1,0,0.456015583082203
"29130",191,"Ec_N",486,30,30,"Ec",16,1,1,1,1,0,0.456015583082203
"29131",191,"Ec_N",486,31,31,"Ec",16,1,1,1,1,0,0.456015583082203
"29132",191,"Ec_N",486,32,32,"Ec",16,1,1,1,1,0,0.456015583082203
"29133",191,"Ec_N",486,33,33,"Ec",16,1,1,1,1,0,0.456015583082203
"29134",191,"Ec_N",486,34,34,"Ec",16,1,1,1,1,0,0.456015583082203
"29135",191,"Ec_N",486,35,35,"Ec",16,1,1,1,1,0,0.456015583082203
"29136",191,"Ec_N",486,36,36,"Ec",14,1,0,1,1,0,0.746777083195453
"29137",191,"Ec_N",486,37,37,"Ec",14,1,0,1,1,0,0.746777083195453
"29138",191,"Ec_N",486,38,38,"Ec",14,1,0,1,1,0,0.746777083195453
"29139",191,"Ec_N",486,39,39,"Ec",14,1,0,1,1,0,0.746777083195453
"29140",191,"Ec_N",486,40,40,"Ec",14,1,0,1,1,0,0.746777083195453
"29141",191,"Ec_N",486,41,41,"Ec",14,1,0,1,1,0,0.746777083195453
"29142",191,"Ec_N",486,42,42,"Ec",14,1,0,1,1,0,0.746777083195453
"29143",191,"Ec_N",486,43,43,"Ec",14,1,0,1,1,0,0.746777083195453
"29144",191,"Ec_N",486,44,44,"Ec",14,1,0,1,1,0,0.746777083195453
"29145",191,"Ec_N",486,45,45,"Ec",14,1,0,1,1,0,0.746777083195453
"29146",191,"Ec_N",486,46,46,"Ec",14,1,0,1,1,0,0.746777083195453
"29147",191,"Ec_N",486,47,47,"Ec",14,1,0,1,1,0,0.746777083195453
"29148",191,"Ec_N",486,48,48,"Ec",14,1,0,1,1,0,0.746777083195453
"29149",191,"Ec_N",486,49,49,"Ec",14,1,0,1,1,0,0.746777083195453
"29150",191,"Ec_N",486,50,50,"Ec",14,1,0,1,1,0,0.746777083195453
"29151",191,"Ec_N",486,51,51,"Ec",30,1,0,1,1,1,0.958688519948705
"29152",191,"Ec_N",486,52,52,"Ec",30,1,0,1,1,1,0.958688519948705
"29153",191,"Ec_N",486,53,53,"Ec",30,1,0,1,1,1,0.958688519948705
"29154",191,"Ec_N",486,54,54,"Ec",30,1,0,1,1,1,0.958688519948705
"29155",191,"Ec_N",486,55,55,"Ec",30,1,0,1,1,1,0.958688519948705
"29156",191,"Ec_N",486,56,56,"Ec",30,1,0,1,1,1,0.958688519948705
"29157",191,"Ec_N",486,57,57,"Ec",30,1,0,1,1,1,0.958688519948705
"29158",191,"Ec_N",486,58,58,"Ec",30,1,0,1,1,1,0.958688519948705
"29159",191,"Ec_N",486,59,59,"Ec",30,1,0,1,1,1,0.958688519948705
"29160",191,"Ec_N",486,60,60,"Ec",30,1,0,1,1,1,0.958688519948705
"29161",191,"Ec_N",487,1,1,"Ec",1,0,0,0,0,0,0
"29162",191,"Ec_N",487,2,2,"Ec",1,0,0,0,0,0,0
"29163",191,"Ec_N",487,3,3,"Ec",1,0,0,0,0,0,0
"29164",191,"Ec_N",487,4,4,"Ec",1,0,0,0,0,0,0
"29165",191,"Ec_N",487,5,5,"Ec",1,0,0,0,0,0,0
"29166",191,"Ec_N",487,6,6,"Ec",3,0,1,0,0,0,0.041311480051295
"29167",191,"Ec_N",487,7,7,"Ec",3,0,1,0,0,0,0.041311480051295
"29168",191,"Ec_N",487,8,8,"Ec",3,0,1,0,0,0,0.041311480051295
"29169",191,"Ec_N",487,9,9,"Ec",3,0,1,0,0,0,0.041311480051295
"29170",191,"Ec_N",487,10,10,"Ec",3,0,1,0,0,0,0.041311480051295
"29171",191,"Ec_N",487,11,11,"Ec",3,0,1,0,0,0,0.041311480051295
"29172",191,"Ec_N",487,12,12,"Ec",3,0,1,0,0,0,0.041311480051295
"29173",191,"Ec_N",487,13,13,"Ec",3,0,1,0,0,0,0.041311480051295
"29174",191,"Ec_N",487,14,14,"Ec",3,0,1,0,0,0,0.041311480051295
"29175",191,"Ec_N",487,15,15,"Ec",3,0,1,0,0,0,0.041311480051295
"29176",191,"Ec_N",487,16,16,"Ec",11,0,1,0,1,0,0.0857419302602629
"29177",191,"Ec_N",487,17,17,"Ec",11,0,1,0,1,0,0.0857419302602629
"29178",191,"Ec_N",487,18,18,"Ec",11,0,1,0,1,0,0.0857419302602629
"29179",191,"Ec_N",487,19,19,"Ec",12,1,1,0,1,0,0.259780205416137
"29180",191,"Ec_N",487,20,20,"Ec",12,1,1,0,1,0,0.259780205416137
"29181",191,"Ec_N",487,21,21,"Ec",12,1,1,0,1,0,0.259780205416137
"29182",191,"Ec_N",487,22,22,"Ec",12,1,1,0,1,0,0.259780205416137
"29183",191,"Ec_N",487,23,23,"Ec",12,1,1,0,1,0,0.259780205416137
"29184",191,"Ec_N",487,24,24,"Ec",28,1,1,0,1,1,0.681047421119041
"29185",191,"Ec_N",487,25,25,"Ec",28,1,1,0,1,1,0.681047421119041
"29186",191,"Ec_N",487,26,26,"Ec",28,1,1,0,1,1,0.681047421119041
"29187",191,"Ec_N",487,27,27,"Ec",28,1,1,0,1,1,0.681047421119041
"29188",191,"Ec_N",487,28,28,"Ec",28,1,1,0,1,1,0.681047421119041
"29189",191,"Ec_N",487,29,29,"Ec",28,1,1,0,1,1,0.681047421119041
"29190",191,"Ec_N",487,30,30,"Ec",28,1,1,0,1,1,0.681047421119041
"29191",191,"Ec_N",487,31,31,"Ec",28,1,1,0,1,1,0.681047421119041
"29192",191,"Ec_N",487,32,32,"Ec",28,1,1,0,1,1,0.681047421119041
"29193",191,"Ec_N",487,33,33,"Ec",28,1,1,0,1,1,0.681047421119041
"29194",191,"Ec_N",487,34,34,"Ec",28,1,1,0,1,1,0.681047421119041
"29195",191,"Ec_N",487,35,35,"Ec",28,1,1,0,1,1,0.681047421119041
"29196",191,"Ec_N",487,36,36,"Ec",28,1,1,0,1,1,0.681047421119041
"29197",191,"Ec_N",487,37,37,"Ec",28,1,1,0,1,1,0.681047421119041
"29198",191,"Ec_N",487,38,38,"Ec",28,1,1,0,1,1,0.681047421119041
"29199",191,"Ec_N",487,39,39,"Ec",28,1,1,0,1,1,0.681047421119041
"29200",191,"Ec_N",487,40,40,"Ec",28,1,1,0,1,1,0.681047421119041
"29201",191,"Ec_N",487,41,41,"Ec",28,1,1,0,1,1,0.681047421119041
"29202",191,"Ec_N",487,42,42,"Ec",28,1,1,0,1,1,0.681047421119041
"29203",191,"Ec_N",487,43,43,"Ec",28,1,1,0,1,1,0.681047421119041
"29204",191,"Ec_N",487,44,44,"Ec",28,1,1,0,1,1,0.681047421119041
"29205",191,"Ec_N",487,45,45,"Ec",28,1,1,0,1,1,0.681047421119041
"29206",191,"Ec_N",487,46,46,"Ec",28,1,1,0,1,1,0.681047421119041
"29207",191,"Ec_N",487,47,47,"Ec",28,1,1,0,1,1,0.681047421119041
"29208",191,"Ec_N",487,48,48,"Ec",28,1,1,0,1,1,0.681047421119041
"29209",191,"Ec_N",487,49,49,"Ec",28,1,1,0,1,1,0.681047421119041
"29210",191,"Ec_N",487,50,50,"Ec",28,1,1,0,1,1,0.681047421119041
"29211",191,"Ec_N",487,51,51,"Ec",28,1,1,0,1,1,0.681047421119041
"29212",191,"Ec_N",487,52,52,"Ec",28,1,1,0,1,1,0.681047421119041
"29213",191,"Ec_N",487,53,53,"Ec",28,1,1,0,1,1,0.681047421119041
"29214",191,"Ec_N",487,54,54,"Ec",28,1,1,0,1,1,0.681047421119041
"29215",191,"Ec_N",487,55,55,"Ec",28,1,1,0,1,1,0.681047421119041
"29216",191,"Ec_N",487,56,56,"Ec",28,1,1,0,1,1,0.681047421119041
"29217",191,"Ec_N",487,57,57,"Ec",28,1,1,0,1,1,0.681047421119041
"29218",191,"Ec_N",487,58,58,"Ec",28,1,1,0,1,1,0.681047421119041
"29219",191,"Ec_N",487,59,59,"Ec",28,1,1,0,1,1,0.681047421119041
"29220",191,"Ec_N",487,60,60,"Ec",28,1,1,0,1,1,0.681047421119041
"29221",191,"Ec_N",488,1,1,"Ec",1,0,0,0,0,0,0
"29222",191,"Ec_N",488,2,2,"Ec",1,0,0,0,0,0,0
"29223",191,"Ec_N",488,3,3,"Ec",5,0,0,1,0,0,0.49313446766664
"29224",191,"Ec_N",488,4,4,"Ec",7,0,1,1,0,0,0.589282297794007
"29225",191,"Ec_N",488,5,5,"Ec",7,0,1,1,0,0,0.589282297794007
"29226",191,"Ec_N",488,6,6,"Ec",7,0,1,1,0,0,0.589282297794007
"29227",191,"Ec_N",488,7,7,"Ec",7,0,1,1,0,0,0.589282297794007
"29228",191,"Ec_N",488,8,8,"Ec",23,0,1,1,0,1,0.616809062130864
"29229",191,"Ec_N",488,9,9,"Ec",23,0,1,1,0,1,0.616809062130864
"29230",191,"Ec_N",488,10,10,"Ec",23,0,1,1,0,1,0.616809062130864
"29231",191,"Ec_N",488,11,11,"Ec",23,0,1,1,0,1,0.616809062130864
"29232",191,"Ec_N",488,12,12,"Ec",23,0,1,1,0,1,0.616809062130864
"29233",191,"Ec_N",488,13,13,"Ec",23,0,1,1,0,1,0.616809062130864
"29234",191,"Ec_N",488,14,14,"Ec",23,0,1,1,0,1,0.616809062130864
"29235",191,"Ec_N",488,15,15,"Ec",23,0,1,1,0,1,0.616809062130864
"29236",191,"Ec_N",488,16,16,"Ec",23,0,1,1,0,1,0.616809062130864
"29237",191,"Ec_N",488,17,17,"Ec",23,0,1,1,0,1,0.616809062130864
"29238",191,"Ec_N",488,18,18,"Ec",23,0,1,1,0,1,0.616809062130864
"29239",191,"Ec_N",488,19,19,"Ec",23,0,1,1,0,1,0.616809062130864
"29240",191,"Ec_N",488,20,20,"Ec",23,0,1,1,0,1,0.616809062130864
"29241",191,"Ec_N",488,21,21,"Ec",23,0,1,1,0,1,0.616809062130864
"29242",191,"Ec_N",488,22,22,"Ec",23,0,1,1,0,1,0.616809062130864
"29243",191,"Ec_N",488,23,23,"Ec",23,0,1,1,0,1,0.616809062130864
"29244",191,"Ec_N",488,24,24,"Ec",24,1,1,1,0,1,0.969458006928044
"29245",191,"Ec_N",488,25,25,"Ec",24,1,1,1,0,1,0.969458006928044
"29246",191,"Ec_N",488,26,26,"Ec",24,1,1,1,0,1,0.969458006928044
"29247",191,"Ec_N",488,27,27,"Ec",24,1,1,1,0,1,0.969458006928044
"29248",191,"Ec_N",488,28,28,"Ec",32,1,1,1,1,1,1
"29249",191,"Ec_N",488,29,29,"Ec",32,1,1,1,1,1,1
"29250",191,"Ec_N",488,30,30,"Ec",32,1,1,1,1,1,1
"29251",191,"Ec_N",488,31,31,"Ec",32,1,1,1,1,1,1
"29252",191,"Ec_N",488,32,32,"Ec",32,1,1,1,1,1,1
"29253",191,"Ec_N",488,33,33,"Ec",32,1,1,1,1,1,1
"29254",191,"Ec_N",488,34,34,"Ec",32,1,1,1,1,1,1
"29255",191,"Ec_N",488,35,35,"Ec",32,1,1,1,1,1,1
"29256",191,"Ec_N",488,36,36,"Ec",32,1,1,1,1,1,1
"29257",191,"Ec_N",488,37,37,"Ec",32,1,1,1,1,1,1
"29258",191,"Ec_N",488,38,38,"Ec",32,1,1,1,1,1,1
"29259",191,"Ec_N",488,39,39,"Ec",32,1,1,1,1,1,1
"29260",191,"Ec_N",488,40,40,"Ec",32,1,1,1,1,1,1
"29261",191,"Ec_N",488,41,41,"Ec",32,1,1,1,1,1,1
"29262",191,"Ec_N",488,42,42,"Ec",32,1,1,1,1,1,1
"29263",191,"Ec_N",488,43,43,"Ec",32,1,1,1,1,1,1
"29264",191,"Ec_N",488,44,44,"Ec",32,1,1,1,1,1,1
"29265",191,"Ec_N",488,45,45,"Ec",32,1,1,1,1,1,1
"29266",191,"Ec_N",488,46,46,"Ec",32,1,1,1,1,1,1
"29267",191,"Ec_N",488,47,47,"Ec",32,1,1,1,1,1,1
"29268",191,"Ec_N",488,48,48,"Ec",32,1,1,1,1,1,1
"29269",191,"Ec_N",488,49,49,"Ec",32,1,1,1,1,1,1
"29270",191,"Ec_N",488,50,50,"Ec",32,1,1,1,1,1,1
"29271",191,"Ec_N",488,51,51,"Ec",32,1,1,1,1,1,1
"29272",191,"Ec_N",488,52,52,"Ec",32,1,1,1,1,1,1
"29273",191,"Ec_N",488,53,53,"Ec",32,1,1,1,1,1,1
"29274",191,"Ec_N",488,54,54,"Ec",32,1,1,1,1,1,1
"29275",191,"Ec_N",488,55,55,"Ec",32,1,1,1,1,1,1
"29276",191,"Ec_N",488,56,56,"Ec",32,1,1,1,1,1,1
"29277",191,"Ec_N",488,57,57,"Ec",32,1,1,1,1,1,1
"29278",191,"Ec_N",488,58,58,"Ec",32,1,1,1,1,1,1
"29279",191,"Ec_N",488,59,59,"Ec",32,1,1,1,1,1,1
"29280",191,"Ec_N",488,60,60,"Ec",32,1,1,1,1,1,1
"29281",191,"Ec_N",489,1,1,"Ec",1,0,0,0,0,0,0
"29282",191,"Ec_N",489,2,2,"Ec",1,0,0,0,0,0,0
"29283",191,"Ec_N",489,3,3,"Ec",1,0,0,0,0,0,0
"29284",191,"Ec_N",489,4,4,"Ec",1,0,0,0,0,0,0
"29285",191,"Ec_N",489,5,5,"Ec",1,0,0,0,0,0,0
"29286",191,"Ec_N",489,6,6,"Ec",1,0,0,0,0,0,0
"29287",191,"Ec_N",489,7,7,"Ec",1,0,0,0,0,0,0
"29288",191,"Ec_N",489,8,8,"Ec",1,0,0,0,0,0,0
"29289",191,"Ec_N",489,9,9,"Ec",1,0,0,0,0,0,0
"29290",191,"Ec_N",489,10,10,"Ec",1,0,0,0,0,0,0
"29291",191,"Ec_N",489,11,11,"Ec",9,0,0,0,1,0,0.0305419930719563
"29292",191,"Ec_N",489,12,12,"Ec",9,0,0,0,1,0,0.0305419930719563
"29293",191,"Ec_N",489,13,13,"Ec",9,0,0,0,1,0,0.0305419930719563
"29294",191,"Ec_N",489,14,14,"Ec",9,0,0,0,1,0,0.0305419930719563
"29295",191,"Ec_N",489,15,15,"Ec",9,0,0,0,1,0,0.0305419930719563
"29296",191,"Ec_N",489,16,16,"Ec",25,0,0,0,1,1,0.403163568932085
"29297",191,"Ec_N",489,17,17,"Ec",25,0,0,0,1,1,0.403163568932085
"29298",191,"Ec_N",489,18,18,"Ec",25,0,0,0,1,1,0.403163568932085
"29299",191,"Ec_N",489,19,19,"Ec",25,0,0,0,1,1,0.403163568932085
"29300",191,"Ec_N",489,20,20,"Ec",25,0,0,0,1,1,0.403163568932085
"29301",191,"Ec_N",489,21,21,"Ec",25,0,0,0,1,1,0.403163568932085
"29302",191,"Ec_N",489,22,22,"Ec",25,0,0,0,1,1,0.403163568932085
"29303",191,"Ec_N",489,23,23,"Ec",25,0,0,0,1,1,0.403163568932085
"29304",191,"Ec_N",489,24,24,"Ec",25,0,0,0,1,1,0.403163568932085
"29305",191,"Ec_N",489,25,25,"Ec",25,0,0,0,1,1,0.403163568932085
"29306",191,"Ec_N",489,26,26,"Ec",25,0,0,0,1,1,0.403163568932085
"29307",191,"Ec_N",489,27,27,"Ec",25,0,0,0,1,1,0.403163568932085
"29308",191,"Ec_N",489,28,28,"Ec",25,0,0,0,1,1,0.403163568932085
"29309",191,"Ec_N",489,29,29,"Ec",29,0,0,1,1,1,0.760668149402769
"29310",191,"Ec_N",489,30,30,"Ec",29,0,0,1,1,1,0.760668149402769
"29311",191,"Ec_N",489,31,31,"Ec",29,0,0,1,1,1,0.760668149402769
"29312",191,"Ec_N",489,32,32,"Ec",29,0,0,1,1,1,0.760668149402769
"29313",191,"Ec_N",489,33,33,"Ec",31,0,1,1,1,1,0.801979629454064
"29314",191,"Ec_N",489,34,34,"Ec",31,0,1,1,1,1,0.801979629454064
"29315",191,"Ec_N",489,35,35,"Ec",31,0,1,1,1,1,0.801979629454064
"29316",191,"Ec_N",489,36,36,"Ec",31,0,1,1,1,1,0.801979629454064
"29317",191,"Ec_N",489,37,37,"Ec",31,0,1,1,1,1,0.801979629454064
"29318",191,"Ec_N",489,38,38,"Ec",31,0,1,1,1,1,0.801979629454064
"29319",191,"Ec_N",489,39,39,"Ec",31,0,1,1,1,1,0.801979629454064
"29320",191,"Ec_N",489,40,40,"Ec",31,0,1,1,1,1,0.801979629454064
"29321",191,"Ec_N",489,41,41,"Ec",31,0,1,1,1,1,0.801979629454064
"29322",191,"Ec_N",489,42,42,"Ec",31,0,1,1,1,1,0.801979629454064
"29323",191,"Ec_N",489,43,43,"Ec",31,0,1,1,1,1,0.801979629454064
"29324",191,"Ec_N",489,44,44,"Ec",31,0,1,1,1,1,0.801979629454064
"29325",191,"Ec_N",489,45,45,"Ec",31,0,1,1,1,1,0.801979629454064
"29326",191,"Ec_N",489,46,46,"Ec",31,0,1,1,1,1,0.801979629454064
"29327",191,"Ec_N",489,47,47,"Ec",31,0,1,1,1,1,0.801979629454064
"29328",191,"Ec_N",489,48,48,"Ec",31,0,1,1,1,1,0.801979629454064
"29329",191,"Ec_N",489,49,49,"Ec",31,0,1,1,1,1,0.801979629454064
"29330",191,"Ec_N",489,50,50,"Ec",31,0,1,1,1,1,0.801979629454064
"29331",191,"Ec_N",489,51,51,"Ec",31,0,1,1,1,1,0.801979629454064
"29332",191,"Ec_N",489,52,52,"Ec",32,1,1,1,1,1,1
"29333",191,"Ec_N",489,53,53,"Ec",32,1,1,1,1,1,1
"29334",191,"Ec_N",489,54,54,"Ec",32,1,1,1,1,1,1
"29335",191,"Ec_N",489,55,55,"Ec",32,1,1,1,1,1,1
"29336",191,"Ec_N",489,56,56,"Ec",32,1,1,1,1,1,1
"29337",191,"Ec_N",489,57,57,"Ec",32,1,1,1,1,1,1
"29338",191,"Ec_N",489,58,58,"Ec",32,1,1,1,1,1,1
"29339",191,"Ec_N",489,59,59,"Ec",32,1,1,1,1,1,1
"29340",191,"Ec_N",489,60,60,"Ec",32,1,1,1,1,1,1
"29341",191,"Ec_N",490,1,1,"Ec",1,0,0,0,0,0,0
"29342",191,"Ec_N",490,2,2,"Ec",1,0,0,0,0,0,0
"29343",191,"Ec_N",490,3,3,"Ec",3,0,1,0,0,0,0.041311480051295
"29344",191,"Ec_N",490,4,4,"Ec",4,1,1,0,0,0,0.239331850597232
"29345",191,"Ec_N",490,5,5,"Ec",20,1,1,0,0,1,0.610298755308086
"29346",191,"Ec_N",490,6,6,"Ec",20,1,1,0,0,1,0.610298755308086
"29347",191,"Ec_N",490,7,7,"Ec",20,1,1,0,0,1,0.610298755308086
"29348",191,"Ec_N",490,8,8,"Ec",20,1,1,0,0,1,0.610298755308086
"29349",191,"Ec_N",490,9,9,"Ec",20,1,1,0,0,1,0.610298755308086
"29350",191,"Ec_N",490,10,10,"Ec",20,1,1,0,0,1,0.610298755308086
"29351",191,"Ec_N",490,11,11,"Ec",20,1,1,0,0,1,0.610298755308086
"29352",191,"Ec_N",490,12,12,"Ec",20,1,1,0,0,1,0.610298755308086
"29353",191,"Ec_N",490,13,13,"Ec",20,1,1,0,0,1,0.610298755308086
"29354",191,"Ec_N",490,14,14,"Ec",20,1,1,0,0,1,0.610298755308086
"29355",191,"Ec_N",490,15,15,"Ec",20,1,1,0,0,1,0.610298755308086
"29356",191,"Ec_N",490,16,16,"Ec",20,1,1,0,0,1,0.610298755308086
"29357",191,"Ec_N",490,17,17,"Ec",20,1,1,0,0,1,0.610298755308086
"29358",191,"Ec_N",490,18,18,"Ec",20,1,1,0,0,1,0.610298755308086
"29359",191,"Ec_N",490,19,19,"Ec",20,1,1,0,0,1,0.610298755308086
"29360",191,"Ec_N",490,20,20,"Ec",28,1,1,0,1,1,0.681047421119041
"29361",191,"Ec_N",490,21,21,"Ec",28,1,1,0,1,1,0.681047421119041
"29362",191,"Ec_N",490,22,22,"Ec",28,1,1,0,1,1,0.681047421119041
"29363",191,"Ec_N",490,23,23,"Ec",28,1,1,0,1,1,0.681047421119041
"29364",191,"Ec_N",490,24,24,"Ec",28,1,1,0,1,1,0.681047421119041
"29365",191,"Ec_N",490,25,25,"Ec",28,1,1,0,1,1,0.681047421119041
"29366",191,"Ec_N",490,26,26,"Ec",28,1,1,0,1,1,0.681047421119041
"29367",191,"Ec_N",490,27,27,"Ec",28,1,1,0,1,1,0.681047421119041
"29368",191,"Ec_N",490,28,28,"Ec",28,1,1,0,1,1,0.681047421119041
"29369",191,"Ec_N",490,29,29,"Ec",28,1,1,0,1,1,0.681047421119041
"29370",191,"Ec_N",490,30,30,"Ec",28,1,1,0,1,1,0.681047421119041
"29371",191,"Ec_N",490,31,31,"Ec",28,1,1,0,1,1,0.681047421119041
"29372",191,"Ec_N",490,32,32,"Ec",28,1,1,0,1,1,0.681047421119041
"29373",191,"Ec_N",490,33,33,"Ec",28,1,1,0,1,1,0.681047421119041
"29374",191,"Ec_N",490,34,34,"Ec",28,1,1,0,1,1,0.681047421119041
"29375",191,"Ec_N",490,35,35,"Ec",28,1,1,0,1,1,0.681047421119041
"29376",191,"Ec_N",490,36,36,"Ec",28,1,1,0,1,1,0.681047421119041
"29377",191,"Ec_N",490,37,37,"Ec",28,1,1,0,1,1,0.681047421119041
"29378",191,"Ec_N",490,38,38,"Ec",28,1,1,0,1,1,0.681047421119041
"29379",191,"Ec_N",490,39,39,"Ec",28,1,1,0,1,1,0.681047421119041
"29380",191,"Ec_N",490,40,40,"Ec",28,1,1,0,1,1,0.681047421119041
"29381",191,"Ec_N",490,41,41,"Ec",28,1,1,0,1,1,0.681047421119041
"29382",191,"Ec_N",490,42,42,"Ec",28,1,1,0,1,1,0.681047421119041
"29383",191,"Ec_N",490,43,43,"Ec",28,1,1,0,1,1,0.681047421119041
"29384",191,"Ec_N",490,44,44,"Ec",28,1,1,0,1,1,0.681047421119041
"29385",191,"Ec_N",490,45,45,"Ec",28,1,1,0,1,1,0.681047421119041
"29386",191,"Ec_N",490,46,46,"Ec",28,1,1,0,1,1,0.681047421119041
"29387",191,"Ec_N",490,47,47,"Ec",28,1,1,0,1,1,0.681047421119041
"29388",191,"Ec_N",490,48,48,"Ec",28,1,1,0,1,1,0.681047421119041
"29389",191,"Ec_N",490,49,49,"Ec",28,1,1,0,1,1,0.681047421119041
"29390",191,"Ec_N",490,50,50,"Ec",28,1,1,0,1,1,0.681047421119041
"29391",191,"Ec_N",490,51,51,"Ec",28,1,1,0,1,1,0.681047421119041
"29392",191,"Ec_N",490,52,52,"Ec",28,1,1,0,1,1,0.681047421119041
"29393",191,"Ec_N",490,53,53,"Ec",28,1,1,0,1,1,0.681047421119041
"29394",191,"Ec_N",490,54,54,"Ec",28,1,1,0,1,1,0.681047421119041
"29395",191,"Ec_N",490,55,55,"Ec",28,1,1,0,1,1,0.681047421119041
"29396",191,"Ec_N",490,56,56,"Ec",28,1,1,0,1,1,0.681047421119041
"29397",191,"Ec_N",490,57,57,"Ec",28,1,1,0,1,1,0.681047421119041
"29398",191,"Ec_N",490,58,58,"Ec",32,1,1,1,1,1,1
"29399",191,"Ec_N",490,59,59,"Ec",32,1,1,1,1,1,1
"29400",191,"Ec_N",490,60,60,"Ec",32,1,1,1,1,1,1
"29401",191,"Ec_N",491,1,1,"Ec",1,0,0,0,0,0,0
"29402",191,"Ec_N",491,2,2,"Ec",1,0,0,0,0,0,0
"29403",191,"Ec_N",491,3,3,"Ec",5,0,0,1,0,0,0.49313446766664
"29404",191,"Ec_N",491,4,4,"Ec",5,0,0,1,0,0,0.49313446766664
"29405",191,"Ec_N",491,5,5,"Ec",5,0,0,1,0,0,0.49313446766664
"29406",191,"Ec_N",491,6,6,"Ec",5,0,0,1,0,0,0.49313446766664
"29407",191,"Ec_N",491,7,7,"Ec",5,0,0,1,0,0,0.49313446766664
"29408",191,"Ec_N",491,8,8,"Ec",5,0,0,1,0,0,0.49313446766664
"29409",191,"Ec_N",491,9,9,"Ec",5,0,0,1,0,0,0.49313446766664
"29410",191,"Ec_N",491,10,10,"Ec",21,0,0,1,0,1,0.726280938342543
"29411",191,"Ec_N",491,11,11,"Ec",21,0,0,1,0,1,0.726280938342543
"29412",191,"Ec_N",491,12,12,"Ec",21,0,0,1,0,1,0.726280938342543
"29413",191,"Ec_N",491,13,13,"Ec",21,0,0,1,0,1,0.726280938342543
"29414",191,"Ec_N",491,14,14,"Ec",29,0,0,1,1,1,0.760668149402769
"29415",191,"Ec_N",491,15,15,"Ec",29,0,0,1,1,1,0.760668149402769
"29416",191,"Ec_N",491,16,16,"Ec",29,0,0,1,1,1,0.760668149402769
"29417",191,"Ec_N",491,17,17,"Ec",29,0,0,1,1,1,0.760668149402769
"29418",191,"Ec_N",491,18,18,"Ec",30,1,0,1,1,1,0.958688519948705
"29419",191,"Ec_N",491,19,19,"Ec",30,1,0,1,1,1,0.958688519948705
"29420",191,"Ec_N",491,20,20,"Ec",30,1,0,1,1,1,0.958688519948705
"29421",191,"Ec_N",491,21,21,"Ec",30,1,0,1,1,1,0.958688519948705
"29422",191,"Ec_N",491,22,22,"Ec",32,1,1,1,1,1,1
"29423",191,"Ec_N",491,23,23,"Ec",32,1,1,1,1,1,1
"29424",191,"Ec_N",491,24,24,"Ec",32,1,1,1,1,1,1
"29425",191,"Ec_N",491,25,25,"Ec",32,1,1,1,1,1,1
"29426",191,"Ec_N",491,26,26,"Ec",32,1,1,1,1,1,1
"29427",191,"Ec_N",491,27,27,"Ec",32,1,1,1,1,1,1
"29428",191,"Ec_N",491,28,28,"Ec",32,1,1,1,1,1,1
"29429",191,"Ec_N",491,29,29,"Ec",32,1,1,1,1,1,1
"29430",191,"Ec_N",491,30,30,"Ec",32,1,1,1,1,1,1
"29431",191,"Ec_N",491,31,31,"Ec",32,1,1,1,1,1,1
"29432",191,"Ec_N",491,32,32,"Ec",32,1,1,1,1,1,1
"29433",191,"Ec_N",491,33,33,"Ec",32,1,1,1,1,1,1
"29434",191,"Ec_N",491,34,34,"Ec",32,1,1,1,1,1,1
"29435",191,"Ec_N",491,35,35,"Ec",32,1,1,1,1,1,1
"29436",191,"Ec_N",491,36,36,"Ec",32,1,1,1,1,1,1
"29437",191,"Ec_N",491,37,37,"Ec",32,1,1,1,1,1,1
"29438",191,"Ec_N",491,38,38,"Ec",32,1,1,1,1,1,1
"29439",191,"Ec_N",491,39,39,"Ec",32,1,1,1,1,1,1
"29440",191,"Ec_N",491,40,40,"Ec",32,1,1,1,1,1,1
"29441",191,"Ec_N",491,41,41,"Ec",32,1,1,1,1,1,1
"29442",191,"Ec_N",491,42,42,"Ec",32,1,1,1,1,1,1
"29443",191,"Ec_N",491,43,43,"Ec",32,1,1,1,1,1,1
"29444",191,"Ec_N",491,44,44,"Ec",32,1,1,1,1,1,1
"29445",191,"Ec_N",491,45,45,"Ec",32,1,1,1,1,1,1
"29446",191,"Ec_N",491,46,46,"Ec",32,1,1,1,1,1,1
"29447",191,"Ec_N",491,47,47,"Ec",32,1,1,1,1,1,1
"29448",191,"Ec_N",491,48,48,"Ec",32,1,1,1,1,1,1
"29449",191,"Ec_N",491,49,49,"Ec",32,1,1,1,1,1,1
"29450",191,"Ec_N",491,50,50,"Ec",32,1,1,1,1,1,1
"29451",191,"Ec_N",491,51,51,"Ec",32,1,1,1,1,1,1
"29452",191,"Ec_N",491,52,52,"Ec",32,1,1,1,1,1,1
"29453",191,"Ec_N",491,53,53,"Ec",32,1,1,1,1,1,1
"29454",191,"Ec_N",491,54,54,"Ec",32,1,1,1,1,1,1
"29455",191,"Ec_N",491,55,55,"Ec",32,1,1,1,1,1,1
"29456",191,"Ec_N",491,56,56,"Ec",32,1,1,1,1,1,1
"29457",191,"Ec_N",491,57,57,"Ec",32,1,1,1,1,1,1
"29458",191,"Ec_N",491,58,58,"Ec",32,1,1,1,1,1,1
"29459",191,"Ec_N",491,59,59,"Ec",32,1,1,1,1,1,1
"29460",191,"Ec_N",491,60,60,"Ec",32,1,1,1,1,1,1
"29461",191,"Ec_N",492,1,1,"Ec",1,0,0,0,0,0,0
"29462",191,"Ec_N",492,2,2,"Ec",1,0,0,0,0,0,0
"29463",191,"Ec_N",492,3,3,"Ec",1,0,0,0,0,0,0
"29464",191,"Ec_N",492,4,4,"Ec",1,0,0,0,0,0,0
"29465",191,"Ec_N",492,5,5,"Ec",17,0,0,0,0,1,0.229834113103391
"29466",191,"Ec_N",492,6,6,"Ec",17,0,0,0,0,1,0.229834113103391
"29467",191,"Ec_N",492,7,7,"Ec",21,0,0,1,0,1,0.726280938342543
"29468",191,"Ec_N",492,8,8,"Ec",21,0,0,1,0,1,0.726280938342543
"29469",191,"Ec_N",492,9,9,"Ec",21,0,0,1,0,1,0.726280938342543
"29470",191,"Ec_N",492,10,10,"Ec",21,0,0,1,0,1,0.726280938342543
"29471",191,"Ec_N",492,11,11,"Ec",21,0,0,1,0,1,0.726280938342543
"29472",191,"Ec_N",492,12,12,"Ec",21,0,0,1,0,1,0.726280938342543
"29473",191,"Ec_N",492,13,13,"Ec",21,0,0,1,0,1,0.726280938342543
"29474",191,"Ec_N",492,14,14,"Ec",21,0,0,1,0,1,0.726280938342543
"29475",191,"Ec_N",492,15,15,"Ec",21,0,0,1,0,1,0.726280938342543
"29476",191,"Ec_N",492,16,16,"Ec",21,0,0,1,0,1,0.726280938342543
"29477",191,"Ec_N",492,17,17,"Ec",21,0,0,1,0,1,0.726280938342543
"29478",191,"Ec_N",492,18,18,"Ec",21,0,0,1,0,1,0.726280938342543
"29479",191,"Ec_N",492,19,19,"Ec",21,0,0,1,0,1,0.726280938342543
"29480",191,"Ec_N",492,20,20,"Ec",21,0,0,1,0,1,0.726280938342543
"29481",191,"Ec_N",492,21,21,"Ec",21,0,0,1,0,1,0.726280938342543
"29482",191,"Ec_N",492,22,22,"Ec",21,0,0,1,0,1,0.726280938342543
"29483",191,"Ec_N",492,23,23,"Ec",21,0,0,1,0,1,0.726280938342543
"29484",191,"Ec_N",492,24,24,"Ec",21,0,0,1,0,1,0.726280938342543
"29485",191,"Ec_N",492,25,25,"Ec",29,0,0,1,1,1,0.760668149402769
"29486",191,"Ec_N",492,26,26,"Ec",29,0,0,1,1,1,0.760668149402769
"29487",191,"Ec_N",492,27,27,"Ec",29,0,0,1,1,1,0.760668149402769
"29488",191,"Ec_N",492,28,28,"Ec",29,0,0,1,1,1,0.760668149402769
"29489",191,"Ec_N",492,29,29,"Ec",29,0,0,1,1,1,0.760668149402769
"29490",191,"Ec_N",492,30,30,"Ec",29,0,0,1,1,1,0.760668149402769
"29491",191,"Ec_N",492,31,31,"Ec",29,0,0,1,1,1,0.760668149402769
"29492",191,"Ec_N",492,32,32,"Ec",29,0,0,1,1,1,0.760668149402769
"29493",191,"Ec_N",492,33,33,"Ec",30,1,0,1,1,1,0.958688519948705
"29494",191,"Ec_N",492,34,34,"Ec",30,1,0,1,1,1,0.958688519948705
"29495",191,"Ec_N",492,35,35,"Ec",30,1,0,1,1,1,0.958688519948705
"29496",191,"Ec_N",492,36,36,"Ec",30,1,0,1,1,1,0.958688519948705
"29497",191,"Ec_N",492,37,37,"Ec",30,1,0,1,1,1,0.958688519948705
"29498",191,"Ec_N",492,38,38,"Ec",30,1,0,1,1,1,0.958688519948705
"29499",191,"Ec_N",492,39,39,"Ec",32,1,1,1,1,1,1
"29500",191,"Ec_N",492,40,40,"Ec",32,1,1,1,1,1,1
"29501",191,"Ec_N",492,41,41,"Ec",32,1,1,1,1,1,1
"29502",191,"Ec_N",492,42,42,"Ec",32,1,1,1,1,1,1
"29503",191,"Ec_N",492,43,43,"Ec",32,1,1,1,1,1,1
"29504",191,"Ec_N",492,44,44,"Ec",32,1,1,1,1,1,1
"29505",191,"Ec_N",492,45,45,"Ec",32,1,1,1,1,1,1
"29506",191,"Ec_N",492,46,46,"Ec",32,1,1,1,1,1,1
"29507",191,"Ec_N",492,47,47,"Ec",32,1,1,1,1,1,1
"29508",191,"Ec_N",492,48,48,"Ec",32,1,1,1,1,1,1
"29509",191,"Ec_N",492,49,49,"Ec",32,1,1,1,1,1,1
"29510",191,"Ec_N",492,50,50,"Ec",32,1,1,1,1,1,1
"29511",191,"Ec_N",492,51,51,"Ec",32,1,1,1,1,1,1
"29512",191,"Ec_N",492,52,52,"Ec",32,1,1,1,1,1,1
"29513",191,"Ec_N",492,53,53,"Ec",32,1,1,1,1,1,1
"29514",191,"Ec_N",492,54,54,"Ec",32,1,1,1,1,1,1
"29515",191,"Ec_N",492,55,55,"Ec",32,1,1,1,1,1,1
"29516",191,"Ec_N",492,56,56,"Ec",32,1,1,1,1,1,1
"29517",191,"Ec_N",492,57,57,"Ec",32,1,1,1,1,1,1
"29518",191,"Ec_N",492,58,58,"Ec",32,1,1,1,1,1,1
"29519",191,"Ec_N",492,59,59,"Ec",32,1,1,1,1,1,1
"29520",191,"Ec_N",492,60,60,"Ec",32,1,1,1,1,1,1
"29521",191,"Ec_N",493,1,1,"Ec",1,0,0,0,0,0,0
"29522",191,"Ec_N",493,2,2,"Ec",1,0,0,0,0,0,0
"29523",191,"Ec_N",493,3,3,"Ec",1,0,0,0,0,0,0
"29524",191,"Ec_N",493,4,4,"Ec",1,0,0,0,0,0,0
"29525",191,"Ec_N",493,5,5,"Ec",1,0,0,0,0,0,0
"29526",191,"Ec_N",493,6,6,"Ec",1,0,0,0,0,0,0
"29527",191,"Ec_N",493,7,7,"Ec",1,0,0,0,0,0,0
"29528",191,"Ec_N",493,8,8,"Ec",1,0,0,0,0,0,0
"29529",191,"Ec_N",493,9,9,"Ec",1,0,0,0,0,0,0
"29530",191,"Ec_N",493,10,10,"Ec",17,0,0,0,0,1,0.229834113103391
"29531",191,"Ec_N",493,11,11,"Ec",17,0,0,0,0,1,0.229834113103391
"29532",191,"Ec_N",493,12,12,"Ec",17,0,0,0,0,1,0.229834113103391
"29533",191,"Ec_N",493,13,13,"Ec",17,0,0,0,0,1,0.229834113103391
"29534",191,"Ec_N",493,14,14,"Ec",17,0,0,0,0,1,0.229834113103391
"29535",191,"Ec_N",493,15,15,"Ec",21,0,0,1,0,1,0.726280938342543
"29536",191,"Ec_N",493,16,16,"Ec",21,0,0,1,0,1,0.726280938342543
"29537",191,"Ec_N",493,17,17,"Ec",21,0,0,1,0,1,0.726280938342543
"29538",191,"Ec_N",493,18,18,"Ec",21,0,0,1,0,1,0.726280938342543
"29539",191,"Ec_N",493,19,19,"Ec",21,0,0,1,0,1,0.726280938342543
"29540",191,"Ec_N",493,20,20,"Ec",21,0,0,1,0,1,0.726280938342543
"29541",191,"Ec_N",493,21,21,"Ec",29,0,0,1,1,1,0.760668149402769
"29542",191,"Ec_N",493,22,22,"Ec",29,0,0,1,1,1,0.760668149402769
"29543",191,"Ec_N",493,23,23,"Ec",29,0,0,1,1,1,0.760668149402769
"29544",191,"Ec_N",493,24,24,"Ec",29,0,0,1,1,1,0.760668149402769
"29545",191,"Ec_N",493,25,25,"Ec",29,0,0,1,1,1,0.760668149402769
"29546",191,"Ec_N",493,26,26,"Ec",29,0,0,1,1,1,0.760668149402769
"29547",191,"Ec_N",493,27,27,"Ec",29,0,0,1,1,1,0.760668149402769
"29548",191,"Ec_N",493,28,28,"Ec",29,0,0,1,1,1,0.760668149402769
"29549",191,"Ec_N",493,29,29,"Ec",29,0,0,1,1,1,0.760668149402769
"29550",191,"Ec_N",493,30,30,"Ec",29,0,0,1,1,1,0.760668149402769
"29551",191,"Ec_N",493,31,31,"Ec",29,0,0,1,1,1,0.760668149402769
"29552",191,"Ec_N",493,32,32,"Ec",29,0,0,1,1,1,0.760668149402769
"29553",191,"Ec_N",493,33,33,"Ec",29,0,0,1,1,1,0.760668149402769
"29554",191,"Ec_N",493,34,34,"Ec",29,0,0,1,1,1,0.760668149402769
"29555",191,"Ec_N",493,35,35,"Ec",29,0,0,1,1,1,0.760668149402769
"29556",191,"Ec_N",493,36,36,"Ec",29,0,0,1,1,1,0.760668149402769
"29557",191,"Ec_N",493,37,37,"Ec",30,1,0,1,1,1,0.958688519948705
"29558",191,"Ec_N",493,38,38,"Ec",30,1,0,1,1,1,0.958688519948705
"29559",191,"Ec_N",493,39,39,"Ec",30,1,0,1,1,1,0.958688519948705
"29560",191,"Ec_N",493,40,40,"Ec",30,1,0,1,1,1,0.958688519948705
"29561",191,"Ec_N",493,41,41,"Ec",30,1,0,1,1,1,0.958688519948705
"29562",191,"Ec_N",493,42,42,"Ec",30,1,0,1,1,1,0.958688519948705
"29563",191,"Ec_N",493,43,43,"Ec",30,1,0,1,1,1,0.958688519948705
"29564",191,"Ec_N",493,44,44,"Ec",30,1,0,1,1,1,0.958688519948705
"29565",191,"Ec_N",493,45,45,"Ec",30,1,0,1,1,1,0.958688519948705
"29566",191,"Ec_N",493,46,46,"Ec",30,1,0,1,1,1,0.958688519948705
"29567",191,"Ec_N",493,47,47,"Ec",30,1,0,1,1,1,0.958688519948705
"29568",191,"Ec_N",493,48,48,"Ec",32,1,1,1,1,1,1
"29569",191,"Ec_N",493,49,49,"Ec",32,1,1,1,1,1,1
"29570",191,"Ec_N",493,50,50,"Ec",32,1,1,1,1,1,1
"29571",191,"Ec_N",493,51,51,"Ec",32,1,1,1,1,1,1
"29572",191,"Ec_N",493,52,52,"Ec",32,1,1,1,1,1,1
"29573",191,"Ec_N",493,53,53,"Ec",32,1,1,1,1,1,1
"29574",191,"Ec_N",493,54,54,"Ec",32,1,1,1,1,1,1
"29575",191,"Ec_N",493,55,55,"Ec",32,1,1,1,1,1,1
"29576",191,"Ec_N",493,56,56,"Ec",32,1,1,1,1,1,1
"29577",191,"Ec_N",493,57,57,"Ec",32,1,1,1,1,1,1
"29578",191,"Ec_N",493,58,58,"Ec",32,1,1,1,1,1,1
"29579",191,"Ec_N",493,59,59,"Ec",32,1,1,1,1,1,1
"29580",191,"Ec_N",493,60,60,"Ec",32,1,1,1,1,1,1
"29581",191,"Ec_N",494,1,1,"Ec",1,0,0,0,0,0,0
"29582",191,"Ec_N",494,2,2,"Ec",1,0,0,0,0,0,0
"29583",191,"Ec_N",494,3,3,"Ec",1,0,0,0,0,0,0
"29584",191,"Ec_N",494,4,4,"Ec",1,0,0,0,0,0,0
"29585",191,"Ec_N",494,5,5,"Ec",1,0,0,0,0,0,0
"29586",191,"Ec_N",494,6,6,"Ec",9,0,0,0,1,0,0.0305419930719563
"29587",191,"Ec_N",494,7,7,"Ec",9,0,0,0,1,0,0.0305419930719563
"29588",191,"Ec_N",494,8,8,"Ec",9,0,0,0,1,0,0.0305419930719563
"29589",191,"Ec_N",494,9,9,"Ec",9,0,0,0,1,0,0.0305419930719563
"29590",191,"Ec_N",494,10,10,"Ec",9,0,0,0,1,0,0.0305419930719563
"29591",191,"Ec_N",494,11,11,"Ec",9,0,0,0,1,0,0.0305419930719563
"29592",191,"Ec_N",494,12,12,"Ec",9,0,0,0,1,0,0.0305419930719563
"29593",191,"Ec_N",494,13,13,"Ec",9,0,0,0,1,0,0.0305419930719563
"29594",191,"Ec_N",494,14,14,"Ec",9,0,0,0,1,0,0.0305419930719563
"29595",191,"Ec_N",494,15,15,"Ec",9,0,0,0,1,0,0.0305419930719563
"29596",191,"Ec_N",494,16,16,"Ec",9,0,0,0,1,0,0.0305419930719563
"29597",191,"Ec_N",494,17,17,"Ec",9,0,0,0,1,0,0.0305419930719563
"29598",191,"Ec_N",494,18,18,"Ec",9,0,0,0,1,0,0.0305419930719563
"29599",191,"Ec_N",494,19,19,"Ec",9,0,0,0,1,0,0.0305419930719563
"29600",191,"Ec_N",494,20,20,"Ec",9,0,0,0,1,0,0.0305419930719563
"29601",191,"Ec_N",494,21,21,"Ec",10,1,0,0,1,0,0.228562363617893
"29602",191,"Ec_N",494,22,22,"Ec",10,1,0,0,1,0,0.228562363617893
"29603",191,"Ec_N",494,23,23,"Ec",14,1,0,1,1,0,0.746777083195453
"29604",191,"Ec_N",494,24,24,"Ec",14,1,0,1,1,0,0.746777083195453
"29605",191,"Ec_N",494,25,25,"Ec",14,1,0,1,1,0,0.746777083195453
"29606",191,"Ec_N",494,26,26,"Ec",14,1,0,1,1,0,0.746777083195453
"29607",191,"Ec_N",494,27,27,"Ec",14,1,0,1,1,0,0.746777083195453
"29608",191,"Ec_N",494,28,28,"Ec",14,1,0,1,1,0,0.746777083195453
"29609",191,"Ec_N",494,29,29,"Ec",30,1,0,1,1,1,0.958688519948705
"29610",191,"Ec_N",494,30,30,"Ec",30,1,0,1,1,1,0.958688519948705
"29611",191,"Ec_N",494,31,31,"Ec",30,1,0,1,1,1,0.958688519948705
"29612",191,"Ec_N",494,32,32,"Ec",30,1,0,1,1,1,0.958688519948705
"29613",191,"Ec_N",494,33,33,"Ec",30,1,0,1,1,1,0.958688519948705
"29614",191,"Ec_N",494,34,34,"Ec",30,1,0,1,1,1,0.958688519948705
"29615",191,"Ec_N",494,35,35,"Ec",30,1,0,1,1,1,0.958688519948705
"29616",191,"Ec_N",494,36,36,"Ec",30,1,0,1,1,1,0.958688519948705
"29617",191,"Ec_N",494,37,37,"Ec",30,1,0,1,1,1,0.958688519948705
"29618",191,"Ec_N",494,38,38,"Ec",30,1,0,1,1,1,0.958688519948705
"29619",191,"Ec_N",494,39,39,"Ec",30,1,0,1,1,1,0.958688519948705
"29620",191,"Ec_N",494,40,40,"Ec",30,1,0,1,1,1,0.958688519948705
"29621",191,"Ec_N",494,41,41,"Ec",30,1,0,1,1,1,0.958688519948705
"29622",191,"Ec_N",494,42,42,"Ec",30,1,0,1,1,1,0.958688519948705
"29623",191,"Ec_N",494,43,43,"Ec",30,1,0,1,1,1,0.958688519948705
"29624",191,"Ec_N",494,44,44,"Ec",30,1,0,1,1,1,0.958688519948705
"29625",191,"Ec_N",494,45,45,"Ec",30,1,0,1,1,1,0.958688519948705
"29626",191,"Ec_N",494,46,46,"Ec",30,1,0,1,1,1,0.958688519948705
"29627",191,"Ec_N",494,47,47,"Ec",30,1,0,1,1,1,0.958688519948705
"29628",191,"Ec_N",494,48,48,"Ec",30,1,0,1,1,1,0.958688519948705
"29629",191,"Ec_N",494,49,49,"Ec",30,1,0,1,1,1,0.958688519948705
"29630",191,"Ec_N",494,50,50,"Ec",30,1,0,1,1,1,0.958688519948705
"29631",191,"Ec_N",494,51,51,"Ec",30,1,0,1,1,1,0.958688519948705
"29632",191,"Ec_N",494,52,52,"Ec",30,1,0,1,1,1,0.958688519948705
"29633",191,"Ec_N",494,53,53,"Ec",30,1,0,1,1,1,0.958688519948705
"29634",191,"Ec_N",494,54,54,"Ec",30,1,0,1,1,1,0.958688519948705
"29635",191,"Ec_N",494,55,55,"Ec",30,1,0,1,1,1,0.958688519948705
"29636",191,"Ec_N",494,56,56,"Ec",30,1,0,1,1,1,0.958688519948705
"29637",191,"Ec_N",494,57,57,"Ec",30,1,0,1,1,1,0.958688519948705
"29638",191,"Ec_N",494,58,58,"Ec",30,1,0,1,1,1,0.958688519948705
"29639",191,"Ec_N",494,59,59,"Ec",32,1,1,1,1,1,1
"29640",191,"Ec_N",494,60,60,"Ec",32,1,1,1,1,1,1
"29641",191,"Ec_N",495,1,1,"Ec",1,0,0,0,0,0,0
"29642",191,"Ec_N",495,2,2,"Ec",5,0,0,1,0,0,0.49313446766664
"29643",191,"Ec_N",495,3,3,"Ec",5,0,0,1,0,0,0.49313446766664
"29644",191,"Ec_N",495,4,4,"Ec",5,0,0,1,0,0,0.49313446766664
"29645",191,"Ec_N",495,5,5,"Ec",7,0,1,1,0,0,0.589282297794007
"29646",191,"Ec_N",495,6,6,"Ec",7,0,1,1,0,0,0.589282297794007
"29647",191,"Ec_N",495,7,7,"Ec",7,0,1,1,0,0,0.589282297794007
"29648",191,"Ec_N",495,8,8,"Ec",7,0,1,1,0,0,0.589282297794007
"29649",191,"Ec_N",495,9,9,"Ec",7,0,1,1,0,0,0.589282297794007
"29650",191,"Ec_N",495,10,10,"Ec",7,0,1,1,0,0,0.589282297794007
"29651",191,"Ec_N",495,11,11,"Ec",7,0,1,1,0,0,0.589282297794007
"29652",191,"Ec_N",495,12,12,"Ec",7,0,1,1,0,0,0.589282297794007
"29653",191,"Ec_N",495,13,13,"Ec",7,0,1,1,0,0,0.589282297794007
"29654",191,"Ec_N",495,14,14,"Ec",7,0,1,1,0,0,0.589282297794007
"29655",191,"Ec_N",495,15,15,"Ec",7,0,1,1,0,0,0.589282297794007
"29656",191,"Ec_N",495,16,16,"Ec",7,0,1,1,0,0,0.589282297794007
"29657",191,"Ec_N",495,17,17,"Ec",7,0,1,1,0,0,0.589282297794007
"29658",191,"Ec_N",495,18,18,"Ec",23,0,1,1,0,1,0.616809062130864
"29659",191,"Ec_N",495,19,19,"Ec",24,1,1,1,0,1,0.969458006928044
"29660",191,"Ec_N",495,20,20,"Ec",24,1,1,1,0,1,0.969458006928044
"29661",191,"Ec_N",495,21,21,"Ec",24,1,1,1,0,1,0.969458006928044
"29662",191,"Ec_N",495,22,22,"Ec",24,1,1,1,0,1,0.969458006928044
"29663",191,"Ec_N",495,23,23,"Ec",24,1,1,1,0,1,0.969458006928044
"29664",191,"Ec_N",495,24,24,"Ec",24,1,1,1,0,1,0.969458006928044
"29665",191,"Ec_N",495,25,25,"Ec",24,1,1,1,0,1,0.969458006928044
"29666",191,"Ec_N",495,26,26,"Ec",24,1,1,1,0,1,0.969458006928044
"29667",191,"Ec_N",495,27,27,"Ec",24,1,1,1,0,1,0.969458006928044
"29668",191,"Ec_N",495,28,28,"Ec",24,1,1,1,0,1,0.969458006928044
"29669",191,"Ec_N",495,29,29,"Ec",32,1,1,1,1,1,1
"29670",191,"Ec_N",495,30,30,"Ec",32,1,1,1,1,1,1
"29671",191,"Ec_N",495,31,31,"Ec",32,1,1,1,1,1,1
"29672",191,"Ec_N",495,32,32,"Ec",32,1,1,1,1,1,1
"29673",191,"Ec_N",495,33,33,"Ec",32,1,1,1,1,1,1
"29674",191,"Ec_N",495,34,34,"Ec",32,1,1,1,1,1,1
"29675",191,"Ec_N",495,35,35,"Ec",32,1,1,1,1,1,1
"29676",191,"Ec_N",495,36,36,"Ec",32,1,1,1,1,1,1
"29677",191,"Ec_N",495,37,37,"Ec",32,1,1,1,1,1,1
"29678",191,"Ec_N",495,38,38,"Ec",32,1,1,1,1,1,1
"29679",191,"Ec_N",495,39,39,"Ec",32,1,1,1,1,1,1
"29680",191,"Ec_N",495,40,40,"Ec",32,1,1,1,1,1,1
"29681",191,"Ec_N",495,41,41,"Ec",32,1,1,1,1,1,1
"29682",191,"Ec_N",495,42,42,"Ec",32,1,1,1,1,1,1
"29683",191,"Ec_N",495,43,43,"Ec",32,1,1,1,1,1,1
"29684",191,"Ec_N",495,44,44,"Ec",32,1,1,1,1,1,1
"29685",191,"Ec_N",495,45,45,"Ec",32,1,1,1,1,1,1
"29686",191,"Ec_N",495,46,46,"Ec",32,1,1,1,1,1,1
"29687",191,"Ec_N",495,47,47,"Ec",32,1,1,1,1,1,1
"29688",191,"Ec_N",495,48,48,"Ec",32,1,1,1,1,1,1
"29689",191,"Ec_N",495,49,49,"Ec",32,1,1,1,1,1,1
"29690",191,"Ec_N",495,50,50,"Ec",32,1,1,1,1,1,1
"29691",191,"Ec_N",495,51,51,"Ec",32,1,1,1,1,1,1
"29692",191,"Ec_N",495,52,52,"Ec",32,1,1,1,1,1,1
"29693",191,"Ec_N",495,53,53,"Ec",32,1,1,1,1,1,1
"29694",191,"Ec_N",495,54,54,"Ec",32,1,1,1,1,1,1
"29695",191,"Ec_N",495,55,55,"Ec",32,1,1,1,1,1,1
"29696",191,"Ec_N",495,56,56,"Ec",32,1,1,1,1,1,1
"29697",191,"Ec_N",495,57,57,"Ec",32,1,1,1,1,1,1
"29698",191,"Ec_N",495,58,58,"Ec",32,1,1,1,1,1,1
"29699",191,"Ec_N",495,59,59,"Ec",32,1,1,1,1,1,1
"29700",191,"Ec_N",495,60,60,"Ec",32,1,1,1,1,1,1
"29701",191,"Ec_N",496,1,1,"Ec",1,0,0,0,0,0,0
"29702",191,"Ec_N",496,2,2,"Ec",1,0,0,0,0,0,0
"29703",191,"Ec_N",496,3,3,"Ec",1,0,0,0,0,0,0
"29704",191,"Ec_N",496,4,4,"Ec",1,0,0,0,0,0,0
"29705",191,"Ec_N",496,5,5,"Ec",9,0,0,0,1,0,0.0305419930719563
"29706",191,"Ec_N",496,6,6,"Ec",9,0,0,0,1,0,0.0305419930719563
"29707",191,"Ec_N",496,7,7,"Ec",9,0,0,0,1,0,0.0305419930719563
"29708",191,"Ec_N",496,8,8,"Ec",10,1,0,0,1,0,0.228562363617893
"29709",191,"Ec_N",496,9,9,"Ec",10,1,0,0,1,0,0.228562363617893
"29710",191,"Ec_N",496,10,10,"Ec",10,1,0,0,1,0,0.228562363617893
"29711",191,"Ec_N",496,11,11,"Ec",10,1,0,0,1,0,0.228562363617893
"29712",191,"Ec_N",496,12,12,"Ec",10,1,0,0,1,0,0.228562363617893
"29713",191,"Ec_N",496,13,13,"Ec",10,1,0,0,1,0,0.228562363617893
"29714",191,"Ec_N",496,14,14,"Ec",10,1,0,0,1,0,0.228562363617893
"29715",191,"Ec_N",496,15,15,"Ec",10,1,0,0,1,0,0.228562363617893
"29716",191,"Ec_N",496,16,16,"Ec",10,1,0,0,1,0,0.228562363617893
"29717",191,"Ec_N",496,17,17,"Ec",10,1,0,0,1,0,0.228562363617893
"29718",191,"Ec_N",496,18,18,"Ec",10,1,0,0,1,0,0.228562363617893
"29719",191,"Ec_N",496,19,19,"Ec",10,1,0,0,1,0,0.228562363617893
"29720",191,"Ec_N",496,20,20,"Ec",10,1,0,0,1,0,0.228562363617893
"29721",191,"Ec_N",496,21,21,"Ec",10,1,0,0,1,0,0.228562363617893
"29722",191,"Ec_N",496,22,22,"Ec",10,1,0,0,1,0,0.228562363617893
"29723",191,"Ec_N",496,23,23,"Ec",10,1,0,0,1,0,0.228562363617893
"29724",191,"Ec_N",496,24,24,"Ec",10,1,0,0,1,0,0.228562363617893
"29725",191,"Ec_N",496,25,25,"Ec",10,1,0,0,1,0,0.228562363617893
"29726",191,"Ec_N",496,26,26,"Ec",10,1,0,0,1,0,0.228562363617893
"29727",191,"Ec_N",496,27,27,"Ec",10,1,0,0,1,0,0.228562363617893
"29728",191,"Ec_N",496,28,28,"Ec",10,1,0,0,1,0,0.228562363617893
"29729",191,"Ec_N",496,29,29,"Ec",10,1,0,0,1,0,0.228562363617893
"29730",191,"Ec_N",496,30,30,"Ec",10,1,0,0,1,0,0.228562363617893
"29731",191,"Ec_N",496,31,31,"Ec",10,1,0,0,1,0,0.228562363617893
"29732",191,"Ec_N",496,32,32,"Ec",10,1,0,0,1,0,0.228562363617893
"29733",191,"Ec_N",496,33,33,"Ec",10,1,0,0,1,0,0.228562363617893
"29734",191,"Ec_N",496,34,34,"Ec",10,1,0,0,1,0,0.228562363617893
"29735",191,"Ec_N",496,35,35,"Ec",10,1,0,0,1,0,0.228562363617893
"29736",191,"Ec_N",496,36,36,"Ec",10,1,0,0,1,0,0.228562363617893
"29737",191,"Ec_N",496,37,37,"Ec",10,1,0,0,1,0,0.228562363617893
"29738",191,"Ec_N",496,38,38,"Ec",10,1,0,0,1,0,0.228562363617893
"29739",191,"Ec_N",496,39,39,"Ec",26,1,0,0,1,1,0.514384015075299
"29740",191,"Ec_N",496,40,40,"Ec",26,1,0,0,1,1,0.514384015075299
"29741",191,"Ec_N",496,41,41,"Ec",30,1,0,1,1,1,0.958688519948705
"29742",191,"Ec_N",496,42,42,"Ec",30,1,0,1,1,1,0.958688519948705
"29743",191,"Ec_N",496,43,43,"Ec",30,1,0,1,1,1,0.958688519948705
"29744",191,"Ec_N",496,44,44,"Ec",30,1,0,1,1,1,0.958688519948705
"29745",191,"Ec_N",496,45,45,"Ec",30,1,0,1,1,1,0.958688519948705
"29746",191,"Ec_N",496,46,46,"Ec",30,1,0,1,1,1,0.958688519948705
"29747",191,"Ec_N",496,47,47,"Ec",30,1,0,1,1,1,0.958688519948705
"29748",191,"Ec_N",496,48,48,"Ec",30,1,0,1,1,1,0.958688519948705
"29749",191,"Ec_N",496,49,49,"Ec",30,1,0,1,1,1,0.958688519948705
"29750",191,"Ec_N",496,50,50,"Ec",30,1,0,1,1,1,0.958688519948705
"29751",191,"Ec_N",496,51,51,"Ec",30,1,0,1,1,1,0.958688519948705
"29752",191,"Ec_N",496,52,52,"Ec",30,1,0,1,1,1,0.958688519948705
"29753",191,"Ec_N",496,53,53,"Ec",30,1,0,1,1,1,0.958688519948705
"29754",191,"Ec_N",496,54,54,"Ec",30,1,0,1,1,1,0.958688519948705
"29755",191,"Ec_N",496,55,55,"Ec",30,1,0,1,1,1,0.958688519948705
"29756",191,"Ec_N",496,56,56,"Ec",30,1,0,1,1,1,0.958688519948705
"29757",191,"Ec_N",496,57,57,"Ec",30,1,0,1,1,1,0.958688519948705
"29758",191,"Ec_N",496,58,58,"Ec",30,1,0,1,1,1,0.958688519948705
"29759",191,"Ec_N",496,59,59,"Ec",30,1,0,1,1,1,0.958688519948705
"29760",191,"Ec_N",496,60,60,"Ec",30,1,0,1,1,1,0.958688519948705
"29761",191,"Ec_N",497,1,1,"Ec",1,0,0,0,0,0,0
"29762",191,"Ec_N",497,2,2,"Ec",1,0,0,0,0,0,0
"29763",191,"Ec_N",497,3,3,"Ec",1,0,0,0,0,0,0
"29764",191,"Ec_N",497,4,4,"Ec",1,0,0,0,0,0,0
"29765",191,"Ec_N",497,5,5,"Ec",1,0,0,0,0,0,0
"29766",191,"Ec_N",497,6,6,"Ec",17,0,0,0,0,1,0.229834113103391
"29767",191,"Ec_N",497,7,7,"Ec",17,0,0,0,0,1,0.229834113103391
"29768",191,"Ec_N",497,8,8,"Ec",17,0,0,0,0,1,0.229834113103391
"29769",191,"Ec_N",497,9,9,"Ec",17,0,0,0,0,1,0.229834113103391
"29770",191,"Ec_N",497,10,10,"Ec",17,0,0,0,0,1,0.229834113103391
"29771",191,"Ec_N",497,11,11,"Ec",17,0,0,0,0,1,0.229834113103391
"29772",191,"Ec_N",497,12,12,"Ec",17,0,0,0,0,1,0.229834113103391
"29773",191,"Ec_N",497,13,13,"Ec",19,0,1,0,0,1,0.427300415500348
"29774",191,"Ec_N",497,14,14,"Ec",19,0,1,0,0,1,0.427300415500348
"29775",191,"Ec_N",497,15,15,"Ec",19,0,1,0,0,1,0.427300415500348
"29776",191,"Ec_N",497,16,16,"Ec",19,0,1,0,0,1,0.427300415500348
"29777",191,"Ec_N",497,17,17,"Ec",19,0,1,0,0,1,0.427300415500348
"29778",191,"Ec_N",497,18,18,"Ec",19,0,1,0,0,1,0.427300415500348
"29779",191,"Ec_N",497,19,19,"Ec",19,0,1,0,0,1,0.427300415500348
"29780",191,"Ec_N",497,20,20,"Ec",19,0,1,0,0,1,0.427300415500348
"29781",191,"Ec_N",497,21,21,"Ec",19,0,1,0,0,1,0.427300415500348
"29782",191,"Ec_N",497,22,22,"Ec",19,0,1,0,0,1,0.427300415500348
"29783",191,"Ec_N",497,23,23,"Ec",19,0,1,0,0,1,0.427300415500348
"29784",191,"Ec_N",497,24,24,"Ec",19,0,1,0,0,1,0.427300415500348
"29785",191,"Ec_N",497,25,25,"Ec",19,0,1,0,0,1,0.427300415500348
"29786",191,"Ec_N",497,26,26,"Ec",19,0,1,0,0,1,0.427300415500348
"29787",191,"Ec_N",497,27,27,"Ec",19,0,1,0,0,1,0.427300415500348
"29788",191,"Ec_N",497,28,28,"Ec",19,0,1,0,0,1,0.427300415500348
"29789",191,"Ec_N",497,29,29,"Ec",19,0,1,0,0,1,0.427300415500348
"29790",191,"Ec_N",497,30,30,"Ec",19,0,1,0,0,1,0.427300415500348
"29791",191,"Ec_N",497,31,31,"Ec",19,0,1,0,0,1,0.427300415500348
"29792",191,"Ec_N",497,32,32,"Ec",19,0,1,0,0,1,0.427300415500348
"29793",191,"Ec_N",497,33,33,"Ec",19,0,1,0,0,1,0.427300415500348
"29794",191,"Ec_N",497,34,34,"Ec",19,0,1,0,0,1,0.427300415500348
"29795",191,"Ec_N",497,35,35,"Ec",19,0,1,0,0,1,0.427300415500348
"29796",191,"Ec_N",497,36,36,"Ec",20,1,1,0,0,1,0.610298755308086
"29797",191,"Ec_N",497,37,37,"Ec",20,1,1,0,0,1,0.610298755308086
"29798",191,"Ec_N",497,38,38,"Ec",18,1,0,0,0,1,0.646504780524047
"29799",191,"Ec_N",497,39,39,"Ec",18,1,0,0,0,1,0.646504780524047
"29800",191,"Ec_N",497,40,40,"Ec",18,1,0,0,0,1,0.646504780524047
"29801",191,"Ec_N",497,41,41,"Ec",18,1,0,0,0,1,0.646504780524047
"29802",191,"Ec_N",497,42,42,"Ec",18,1,0,0,0,1,0.646504780524047
"29803",191,"Ec_N",497,43,43,"Ec",18,1,0,0,0,1,0.646504780524047
"29804",191,"Ec_N",497,44,44,"Ec",18,1,0,0,0,1,0.646504780524047
"29805",191,"Ec_N",497,45,45,"Ec",18,1,0,0,0,1,0.646504780524047
"29806",191,"Ec_N",497,46,46,"Ec",18,1,0,0,0,1,0.646504780524047
"29807",191,"Ec_N",497,47,47,"Ec",18,1,0,0,0,1,0.646504780524047
"29808",191,"Ec_N",497,48,48,"Ec",18,1,0,0,0,1,0.646504780524047
"29809",191,"Ec_N",497,49,49,"Ec",18,1,0,0,0,1,0.646504780524047
"29810",191,"Ec_N",497,50,50,"Ec",18,1,0,0,0,1,0.646504780524047
"29811",191,"Ec_N",497,51,51,"Ec",18,1,0,0,0,1,0.646504780524047
"29812",191,"Ec_N",497,52,52,"Ec",18,1,0,0,0,1,0.646504780524047
"29813",191,"Ec_N",497,53,53,"Ec",18,1,0,0,0,1,0.646504780524047
"29814",191,"Ec_N",497,54,54,"Ec",18,1,0,0,0,1,0.646504780524047
"29815",191,"Ec_N",497,55,55,"Ec",18,1,0,0,0,1,0.646504780524047
"29816",191,"Ec_N",497,56,56,"Ec",18,1,0,0,0,1,0.646504780524047
"29817",191,"Ec_N",497,57,57,"Ec",18,1,0,0,0,1,0.646504780524047
"29818",191,"Ec_N",497,58,58,"Ec",18,1,0,0,0,1,0.646504780524047
"29819",191,"Ec_N",497,59,59,"Ec",18,1,0,0,0,1,0.646504780524047
"29820",191,"Ec_N",497,60,60,"Ec",18,1,0,0,0,1,0.646504780524047
"29821",191,"Ec_N",498,1,1,"Ec",1,0,0,0,0,0,0
"29822",191,"Ec_N",498,2,2,"Ec",1,0,0,0,0,0,0
"29823",191,"Ec_N",498,3,3,"Ec",1,0,0,0,0,0,0
"29824",191,"Ec_N",498,4,4,"Ec",1,0,0,0,0,0,0
"29825",191,"Ec_N",498,5,5,"Ec",2,1,0,0,0,0,0.198020370545937
"29826",191,"Ec_N",498,6,6,"Ec",2,1,0,0,0,0,0.198020370545937
"29827",191,"Ec_N",498,7,7,"Ec",2,1,0,0,0,0,0.198020370545937
"29828",191,"Ec_N",498,8,8,"Ec",2,1,0,0,0,0,0.198020370545937
"29829",191,"Ec_N",498,9,9,"Ec",2,1,0,0,0,0,0.198020370545937
"29830",191,"Ec_N",498,10,10,"Ec",6,1,0,1,0,0,0.542157591427696
"29831",191,"Ec_N",498,11,11,"Ec",6,1,0,1,0,0,0.542157591427696
"29832",191,"Ec_N",498,12,12,"Ec",6,1,0,1,0,0,0.542157591427696
"29833",191,"Ec_N",498,13,13,"Ec",6,1,0,1,0,0,0.542157591427696
"29834",191,"Ec_N",498,14,14,"Ec",6,1,0,1,0,0,0.542157591427696
"29835",191,"Ec_N",498,15,15,"Ec",6,1,0,1,0,0,0.542157591427696
"29836",191,"Ec_N",498,16,16,"Ec",6,1,0,1,0,0,0.542157591427696
"29837",191,"Ec_N",498,17,17,"Ec",6,1,0,1,0,0,0.542157591427696
"29838",191,"Ec_N",498,18,18,"Ec",6,1,0,1,0,0,0.542157591427696
"29839",191,"Ec_N",498,19,19,"Ec",6,1,0,1,0,0,0.542157591427696
"29840",191,"Ec_N",498,20,20,"Ec",6,1,0,1,0,0,0.542157591427696
"29841",191,"Ec_N",498,21,21,"Ec",6,1,0,1,0,0,0.542157591427696
"29842",191,"Ec_N",498,22,22,"Ec",6,1,0,1,0,0,0.542157591427696
"29843",191,"Ec_N",498,23,23,"Ec",6,1,0,1,0,0,0.542157591427696
"29844",191,"Ec_N",498,24,24,"Ec",8,1,1,1,0,0,0.583469071478991
"29845",191,"Ec_N",498,25,25,"Ec",8,1,1,1,0,0,0.583469071478991
"29846",191,"Ec_N",498,26,26,"Ec",8,1,1,1,0,0,0.583469071478991
"29847",191,"Ec_N",498,27,27,"Ec",8,1,1,1,0,0,0.583469071478991
"29848",191,"Ec_N",498,28,28,"Ec",8,1,1,1,0,0,0.583469071478991
"29849",191,"Ec_N",498,29,29,"Ec",8,1,1,1,0,0,0.583469071478991
"29850",191,"Ec_N",498,30,30,"Ec",8,1,1,1,0,0,0.583469071478991
"29851",191,"Ec_N",498,31,31,"Ec",8,1,1,1,0,0,0.583469071478991
"29852",191,"Ec_N",498,32,32,"Ec",8,1,1,1,0,0,0.583469071478991
"29853",191,"Ec_N",498,33,33,"Ec",8,1,1,1,0,0,0.583469071478991
"29854",191,"Ec_N",498,34,34,"Ec",24,1,1,1,0,1,0.969458006928044
"29855",191,"Ec_N",498,35,35,"Ec",24,1,1,1,0,1,0.969458006928044
"29856",191,"Ec_N",498,36,36,"Ec",32,1,1,1,1,1,1
"29857",191,"Ec_N",498,37,37,"Ec",32,1,1,1,1,1,1
"29858",191,"Ec_N",498,38,38,"Ec",32,1,1,1,1,1,1
"29859",191,"Ec_N",498,39,39,"Ec",32,1,1,1,1,1,1
"29860",191,"Ec_N",498,40,40,"Ec",32,1,1,1,1,1,1
"29861",191,"Ec_N",498,41,41,"Ec",32,1,1,1,1,1,1
"29862",191,"Ec_N",498,42,42,"Ec",32,1,1,1,1,1,1
"29863",191,"Ec_N",498,43,43,"Ec",32,1,1,1,1,1,1
"29864",191,"Ec_N",498,44,44,"Ec",32,1,1,1,1,1,1
"29865",191,"Ec_N",498,45,45,"Ec",32,1,1,1,1,1,1
"29866",191,"Ec_N",498,46,46,"Ec",32,1,1,1,1,1,1
"29867",191,"Ec_N",498,47,47,"Ec",32,1,1,1,1,1,1
"29868",191,"Ec_N",498,48,48,"Ec",32,1,1,1,1,1,1
"29869",191,"Ec_N",498,49,49,"Ec",32,1,1,1,1,1,1
"29870",191,"Ec_N",498,50,50,"Ec",32,1,1,1,1,1,1
"29871",191,"Ec_N",498,51,51,"Ec",32,1,1,1,1,1,1
"29872",191,"Ec_N",498,52,52,"Ec",32,1,1,1,1,1,1
"29873",191,"Ec_N",498,53,53,"Ec",32,1,1,1,1,1,1
"29874",191,"Ec_N",498,54,54,"Ec",32,1,1,1,1,1,1
"29875",191,"Ec_N",498,55,55,"Ec",32,1,1,1,1,1,1
"29876",191,"Ec_N",498,56,56,"Ec",32,1,1,1,1,1,1
"29877",191,"Ec_N",498,57,57,"Ec",32,1,1,1,1,1,1
"29878",191,"Ec_N",498,58,58,"Ec",32,1,1,1,1,1,1
"29879",191,"Ec_N",498,59,59,"Ec",32,1,1,1,1,1,1
"29880",191,"Ec_N",498,60,60,"Ec",32,1,1,1,1,1,1
"29881",191,"Ec_N",499,1,1,"Ec",1,0,0,0,0,0,0
"29882",191,"Ec_N",499,2,2,"Ec",1,0,0,0,0,0,0
"29883",191,"Ec_N",499,3,3,"Ec",1,0,0,0,0,0,0
"29884",191,"Ec_N",499,4,4,"Ec",1,0,0,0,0,0,0
"29885",191,"Ec_N",499,5,5,"Ec",1,0,0,0,0,0,0
"29886",191,"Ec_N",499,6,6,"Ec",1,0,0,0,0,0,0
"29887",191,"Ec_N",499,7,7,"Ec",1,0,0,0,0,0,0
"29888",191,"Ec_N",499,8,8,"Ec",1,0,0,0,0,0,0
"29889",191,"Ec_N",499,9,9,"Ec",1,0,0,0,0,0,0
"29890",191,"Ec_N",499,10,10,"Ec",3,0,1,0,0,0,0.041311480051295
"29891",191,"Ec_N",499,11,11,"Ec",3,0,1,0,0,0,0.041311480051295
"29892",191,"Ec_N",499,12,12,"Ec",3,0,1,0,0,0,0.041311480051295
"29893",191,"Ec_N",499,13,13,"Ec",4,1,1,0,0,0,0.239331850597232
"29894",191,"Ec_N",499,14,14,"Ec",4,1,1,0,0,0,0.239331850597232
"29895",191,"Ec_N",499,15,15,"Ec",4,1,1,0,0,0,0.239331850597232
"29896",191,"Ec_N",499,16,16,"Ec",4,1,1,0,0,0,0.239331850597232
"29897",191,"Ec_N",499,17,17,"Ec",4,1,1,0,0,0,0.239331850597232
"29898",191,"Ec_N",499,18,18,"Ec",4,1,1,0,0,0,0.239331850597232
"29899",191,"Ec_N",499,19,19,"Ec",20,1,1,0,0,1,0.610298755308086
"29900",191,"Ec_N",499,20,20,"Ec",20,1,1,0,0,1,0.610298755308086
"29901",191,"Ec_N",499,21,21,"Ec",20,1,1,0,0,1,0.610298755308086
"29902",191,"Ec_N",499,22,22,"Ec",20,1,1,0,0,1,0.610298755308086
"29903",191,"Ec_N",499,23,23,"Ec",20,1,1,0,0,1,0.610298755308086
"29904",191,"Ec_N",499,24,24,"Ec",20,1,1,0,0,1,0.610298755308086
"29905",191,"Ec_N",499,25,25,"Ec",24,1,1,1,0,1,0.969458006928044
"29906",191,"Ec_N",499,26,26,"Ec",24,1,1,1,0,1,0.969458006928044
"29907",191,"Ec_N",499,27,27,"Ec",24,1,1,1,0,1,0.969458006928044
"29908",191,"Ec_N",499,28,28,"Ec",24,1,1,1,0,1,0.969458006928044
"29909",191,"Ec_N",499,29,29,"Ec",24,1,1,1,0,1,0.969458006928044
"29910",191,"Ec_N",499,30,30,"Ec",24,1,1,1,0,1,0.969458006928044
"29911",191,"Ec_N",499,31,31,"Ec",32,1,1,1,1,1,1
"29912",191,"Ec_N",499,32,32,"Ec",32,1,1,1,1,1,1
"29913",191,"Ec_N",499,33,33,"Ec",32,1,1,1,1,1,1
"29914",191,"Ec_N",499,34,34,"Ec",32,1,1,1,1,1,1
"29915",191,"Ec_N",499,35,35,"Ec",32,1,1,1,1,1,1
"29916",191,"Ec_N",499,36,36,"Ec",32,1,1,1,1,1,1
"29917",191,"Ec_N",499,37,37,"Ec",32,1,1,1,1,1,1
"29918",191,"Ec_N",499,38,38,"Ec",32,1,1,1,1,1,1
"29919",191,"Ec_N",499,39,39,"Ec",32,1,1,1,1,1,1
"29920",191,"Ec_N",499,40,40,"Ec",32,1,1,1,1,1,1
"29921",191,"Ec_N",499,41,41,"Ec",32,1,1,1,1,1,1
"29922",191,"Ec_N",499,42,42,"Ec",32,1,1,1,1,1,1
"29923",191,"Ec_N",499,43,43,"Ec",32,1,1,1,1,1,1
"29924",191,"Ec_N",499,44,44,"Ec",32,1,1,1,1,1,1
"29925",191,"Ec_N",499,45,45,"Ec",32,1,1,1,1,1,1
"29926",191,"Ec_N",499,46,46,"Ec",32,1,1,1,1,1,1
"29927",191,"Ec_N",499,47,47,"Ec",32,1,1,1,1,1,1
"29928",191,"Ec_N",499,48,48,"Ec",32,1,1,1,1,1,1
"29929",191,"Ec_N",499,49,49,"Ec",32,1,1,1,1,1,1
"29930",191,"Ec_N",499,50,50,"Ec",32,1,1,1,1,1,1
"29931",191,"Ec_N",499,51,51,"Ec",32,1,1,1,1,1,1
"29932",191,"Ec_N",499,52,52,"Ec",32,1,1,1,1,1,1
"29933",191,"Ec_N",499,53,53,"Ec",32,1,1,1,1,1,1
"29934",191,"Ec_N",499,54,54,"Ec",32,1,1,1,1,1,1
"29935",191,"Ec_N",499,55,55,"Ec",32,1,1,1,1,1,1
"29936",191,"Ec_N",499,56,56,"Ec",32,1,1,1,1,1,1
"29937",191,"Ec_N",499,57,57,"Ec",32,1,1,1,1,1,1
"29938",191,"Ec_N",499,58,58,"Ec",32,1,1,1,1,1,1
"29939",191,"Ec_N",499,59,59,"Ec",32,1,1,1,1,1,1
"29940",191,"Ec_N",499,60,60,"Ec",32,1,1,1,1,1,1
"29941",191,"Ec_N",500,1,1,"Ec",1,0,0,0,0,0,0
"29942",191,"Ec_N",500,2,2,"Ec",2,1,0,0,0,0,0.198020370545937
"29943",191,"Ec_N",500,3,3,"Ec",2,1,0,0,0,0,0.198020370545937
"29944",191,"Ec_N",500,4,4,"Ec",2,1,0,0,0,0,0.198020370545937
"29945",191,"Ec_N",500,5,5,"Ec",4,1,1,0,0,0,0.239331850597232
"29946",191,"Ec_N",500,6,6,"Ec",8,1,1,1,0,0,0.583469071478991
"29947",191,"Ec_N",500,7,7,"Ec",8,1,1,1,0,0,0.583469071478991
"29948",191,"Ec_N",500,8,8,"Ec",8,1,1,1,0,0,0.583469071478991
"29949",191,"Ec_N",500,9,9,"Ec",8,1,1,1,0,0,0.583469071478991
"29950",191,"Ec_N",500,10,10,"Ec",8,1,1,1,0,0,0.583469071478991
"29951",191,"Ec_N",500,11,11,"Ec",8,1,1,1,0,0,0.583469071478991
"29952",191,"Ec_N",500,12,12,"Ec",8,1,1,1,0,0,0.583469071478991
"29953",191,"Ec_N",500,13,13,"Ec",8,1,1,1,0,0,0.583469071478991
"29954",191,"Ec_N",500,14,14,"Ec",8,1,1,1,0,0,0.583469071478991
"29955",191,"Ec_N",500,15,15,"Ec",8,1,1,1,0,0,0.583469071478991
"29956",191,"Ec_N",500,16,16,"Ec",7,0,1,1,0,0,0.589282297794007
"29957",191,"Ec_N",500,17,17,"Ec",7,0,1,1,0,0,0.589282297794007
"29958",191,"Ec_N",500,18,18,"Ec",7,0,1,1,0,0,0.589282297794007
"29959",191,"Ec_N",500,19,19,"Ec",7,0,1,1,0,0,0.589282297794007
"29960",191,"Ec_N",500,20,20,"Ec",7,0,1,1,0,0,0.589282297794007
"29961",191,"Ec_N",500,21,21,"Ec",7,0,1,1,0,0,0.589282297794007
"29962",191,"Ec_N",500,22,22,"Ec",7,0,1,1,0,0,0.589282297794007
"29963",191,"Ec_N",500,23,23,"Ec",7,0,1,1,0,0,0.589282297794007
"29964",191,"Ec_N",500,24,24,"Ec",7,0,1,1,0,0,0.589282297794007
"29965",191,"Ec_N",500,25,25,"Ec",7,0,1,1,0,0,0.589282297794007
"29966",191,"Ec_N",500,26,26,"Ec",7,0,1,1,0,0,0.589282297794007
"29967",191,"Ec_N",500,27,27,"Ec",7,0,1,1,0,0,0.589282297794007
"29968",191,"Ec_N",500,28,28,"Ec",7,0,1,1,0,0,0.589282297794007
"29969",191,"Ec_N",500,29,29,"Ec",7,0,1,1,0,0,0.589282297794007
"29970",191,"Ec_N",500,30,30,"Ec",7,0,1,1,0,0,0.589282297794007
"29971",191,"Ec_N",500,31,31,"Ec",7,0,1,1,0,0,0.589282297794007
"29972",191,"Ec_N",500,32,32,"Ec",7,0,1,1,0,0,0.589282297794007
"29973",191,"Ec_N",500,33,33,"Ec",7,0,1,1,0,0,0.589282297794007
"29974",191,"Ec_N",500,34,34,"Ec",7,0,1,1,0,0,0.589282297794007
"29975",191,"Ec_N",500,35,35,"Ec",7,0,1,1,0,0,0.589282297794007
"29976",191,"Ec_N",500,36,36,"Ec",7,0,1,1,0,0,0.589282297794007
"29977",191,"Ec_N",500,37,37,"Ec",7,0,1,1,0,0,0.589282297794007
"29978",191,"Ec_N",500,38,38,"Ec",7,0,1,1,0,0,0.589282297794007
"29979",191,"Ec_N",500,39,39,"Ec",7,0,1,1,0,0,0.589282297794007
"29980",191,"Ec_N",500,40,40,"Ec",7,0,1,1,0,0,0.589282297794007
"29981",191,"Ec_N",500,41,41,"Ec",7,0,1,1,0,0,0.589282297794007
"29982",191,"Ec_N",500,42,42,"Ec",7,0,1,1,0,0,0.589282297794007
"29983",191,"Ec_N",500,43,43,"Ec",7,0,1,1,0,0,0.589282297794007
"29984",191,"Ec_N",500,44,44,"Ec",7,0,1,1,0,0,0.589282297794007
"29985",191,"Ec_N",500,45,45,"Ec",7,0,1,1,0,0,0.589282297794007
"29986",191,"Ec_N",500,46,46,"Ec",7,0,1,1,0,0,0.589282297794007
"29987",191,"Ec_N",500,47,47,"Ec",7,0,1,1,0,0,0.589282297794007
"29988",191,"Ec_N",500,48,48,"Ec",23,0,1,1,0,1,0.616809062130864
"29989",191,"Ec_N",500,49,49,"Ec",23,0,1,1,0,1,0.616809062130864
"29990",191,"Ec_N",500,50,50,"Ec",23,0,1,1,0,1,0.616809062130864
"29991",191,"Ec_N",500,51,51,"Ec",23,0,1,1,0,1,0.616809062130864
"29992",191,"Ec_N",500,52,52,"Ec",23,0,1,1,0,1,0.616809062130864
"29993",191,"Ec_N",500,53,53,"Ec",23,0,1,1,0,1,0.616809062130864
"29994",191,"Ec_N",500,54,54,"Ec",23,0,1,1,0,1,0.616809062130864
"29995",191,"Ec_N",500,55,55,"Ec",23,0,1,1,0,1,0.616809062130864
"29996",191,"Ec_N",500,56,56,"Ec",23,0,1,1,0,1,0.616809062130864
"29997",191,"Ec_N",500,57,57,"Ec",23,0,1,1,0,1,0.616809062130864
"29998",191,"Ec_N",500,58,58,"Ec",24,1,1,1,0,1,0.969458006928044
"29999",191,"Ec_N",500,59,59,"Ec",24,1,1,1,0,1,0.969458006928044
"30000",191,"Ec_N",500,60,60,"Ec",24,1,1,1,0,1,0.969458006928044
